#module 0 size: 13 bs: 0.0112317
72 165 211 322 372 473 512 574 616 762 843 1008 1202 
#module 1 size: 8 bs: 1.8167e-08
126 197 220 367 384 439 474 562 
#module 2 size: 8 bs: 0.0104593
67 107 224 261 350 583 866 975 
#module 3 size: 26 bs: 0.000119952
90 102 228 234 236 254 329 330 331 338 357 374 473 526 601 653 671 730 790 798 799 823 855 888 909 929 
#module 4 size: 35 bs: 3.33067e-16
30 109 115 163 176 190 195 221 222 224 232 258 287 288 289 357 359 466 467 497 578 580 667 687 730 740 764 805 833 874 903 949 985 1028 1273 
#module 5 size: 13 bs: 0.0282491
96 119 210 250 463 471 552 603 620 689 784 877 1022 
#module 6 size: 10 bs: 9.54355e-09
261 273 309 564 607 699 736 1018 1021 1053 
#module 7 size: 11 bs: 3.54407e-08
148 227 385 567 632 928 984 1112 1223 1302 1372 
#module 8 size: 11 bs: 0.0174209
55 127 290 359 394 483 490 530 608 615 1349 
#module 9 size: 28 bs: 1.13316e-07
5 25 58 134 140 184 237 260 263 275 373 483 490 575 587 608 618 662 666 714 734 745 800 801 819 820 829 1000 
#module 10 size: 16 bs: 2.61924e-06
58 252 290 359 368 373 409 615 755 809 888 912 969 1334 1338 1362 
#module 11 size: 15 bs: 5.74342e-08
177 408 446 450 462 587 631 655 683 688 702 722 800 867 881 
#module 12 size: 28 bs: 0.16877
150 157 241 312 353 447 497 535 564 585 592 654 687 771 789 811 903 921 1015 1016 1018 1021 1033 1142 1177 1277 1284 1321 
#module 13 size: 16 bs: 0.924085
33 233 428 438 554 574 621 673 834 888 911 1142 1202 1217 1228 1362 
#module 14 size: 7 bs: 0.164708
81 763 836 1009 1029 1043 1368 
#module 15 size: 26 bs: 1.00163
65 69 90 121 145 254 272 287 401 410 416 433 440 647 674 733 792 797 957 980 1007 1025 1275 1282 1296 1349 
#module 16 size: 29 bs: 0.152637
6 12 22 23 24 162 337 371 383 556 572 654 663 664 709 795 800 806 822 842 895 896 976 1006 1017 1132 1136 1240 1246 
#module 17 size: 67 bs: 0.23091
27 52 56 78 86 90 122 139 141 170 187 196 199 234 235 256 296 306 307 315 316 329 333 339 342 346 349 351 376 381 411 427 451 454 465 545 559 581 598 602 645 651 657 684 694 698 718 720 726 733 761 802 804 810 821 869 871 891 918 919 998 1031 1078 1170 1216 1282 1333 
#module 18 size: 37 bs: 0.540877
27 51 54 136 168 218 223 238 312 314 345 347 361 378 391 428 433 452 468 475 491 520 538 540 559 635 672 673 678 812 814 849 861 910 966 1127 1276 
#module 19 size: 39 bs: 0.395093
26 31 95 101 153 166 189 201 276 278 295 355 358 410 424 440 442 476 558 560 629 680 711 744 832 833 850 854 855 892 904 932 948 952 1099 1141 1219 1339 1354 
#module 20 size: 82 bs: 0.3606
35 76 91 100 106 108 124 131 192 214 225 244 245 257 262 270 277 290 298 299 304 310 332 334 336 363 364 366 372 396 402 406 407 408 456 457 460 521 525 532 537 544 549 565 569 576 591 595 600 615 627 628 633 640 664 676 704 717 732 737 753 769 786 867 868 869 875 882 896 901 908 917 931 960 974 997 999 1140 1149 1267 1294 1373 
#module 21 size: 16 bs: 0.462881
70 106 120 147 166 233 397 597 655 834 963 1115 1142 1202 1362 1376 
#module 22 size: 57 bs: 1.01138
53 57 59 79 82 109 120 123 133 144 152 156 164 167 224 261 272 283 313 341 355 356 417 449 458 476 497 524 533 555 571 574 578 583 597 648 656 679 711 712 735 756 764 770 773 805 833 857 860 885 933 939 952 1028 1040 1272 1273 
#module 23 size: 18 bs: 0.937549
62 63 158 198 216 264 292 308 324 327 809 844 889 1071 1093 1150 1253 1352 
#module 24 size: 50 bs: 0.441447
68 80 87 88 92 129 186 229 230 251 279 280 303 354 379 387 392 422 461 511 529 543 550 553 593 604 695 723 727 747 752 774 825 852 858 884 919 954 956 983 989 1001 1013 1058 1064 1086 1190 1285 1308 1342 
#module 25 size: 28 bs: 0.836127
2 23 75 135 147 151 193 218 383 388 538 568 636 663 664 796 830 831 849 893 895 896 970 996 1121 1141 1240 1246 
#module 26 size: 34 bs: 0.316106
34 128 131 249 321 363 382 398 443 451 459 541 559 596 660 667 675 713 758 776 786 799 843 872 886 901 906 914 920 930 958 1271 1342 1356 
#module 27 size: 15 bs: 0.318181
49 117 146 198 206 370 377 539 674 682 748 937 998 1218 1325 
