#module 0 size: 28 bs: 0.0040781
4 63 102 105 285 293 325 355 369 376 453 454 458 463 468 472 528 545 679 689 705 807 822 842 870 877 913 919 
#module 1 size: 9 bs: 0.0427092
51 191 390 415 425 734 762 816 900 
#module 2 size: 10 bs: 4.57972e-06
387 433 535 589 668 671 764 848 875 986 
#module 3 size: 16 bs: 4.04908e-08
18 33 64 134 322 414 488 643 709 716 727 731 813 849 874 895 
#module 4 size: 17 bs: 2.53413e-07
11 86 128 142 166 371 488 560 716 732 774 849 850 890 904 943 987 
#module 5 size: 20 bs: 1.34247e-10
64 119 199 215 330 339 384 391 416 429 514 522 699 744 778 797 867 903 945 951 
#module 6 size: 19 bs: 5.42115e-101
87 119 215 384 391 416 608 627 635 641 656 721 729 786 797 819 887 951 962 
#module 7 size: 28 bs: 5.32608e-07
89 146 149 159 172 181 202 224 281 301 304 336 457 510 543 589 611 651 657 660 669 800 809 824 855 865 920 963 
#module 8 size: 22 bs: 9.80545e-101
33 38 64 104 111 282 295 344 358 391 487 610 646 668 721 731 744 825 868 923 926 946 
#module 9 size: 27 bs: 0.0304058
10 55 83 96 101 142 197 206 208 210 379 398 442 601 650 683 745 770 830 834 840 850 902 943 948 955 983 
#module 10 size: 17 bs: 0.000240859
7 57 65 104 193 204 255 269 323 344 465 531 546 645 708 875 967 
#module 11 size: 10 bs: 0.000615841
368 370 382 412 540 612 692 693 814 942 
#module 12 size: 30 bs: 3.6254e-11
11 30 36 37 42 87 135 166 245 298 308 351 371 375 385 387 396 478 493 544 649 692 753 778 797 819 917 935 936 951 
#module 13 size: 17 bs: 9.0897e-08
80 133 140 232 245 246 322 395 416 421 440 457 527 544 647 764 957 
#module 14 size: 18 bs: 1.48186e-06
85 298 422 445 476 485 553 582 584 593 651 703 725 781 782 814 858 883 
#module 15 size: 24 bs: 1.28791e-08
36 60 78 219 227 278 372 413 419 474 495 516 527 580 634 637 638 658 659 665 802 867 934 938 
#module 16 size: 11 bs: 0.00013441
116 349 368 404 444 530 804 841 916 934 987 
#module 17 size: 21 bs: 1.54539e-09
87 138 328 412 457 465 490 499 501 527 536 586 604 624 637 668 712 721 773 939 962 
#module 18 size: 11 bs: 0.00054283
8 19 42 49 288 327 378 409 718 796 977 
#module 19 size: 10 bs: 1.57478e-07
48 161 163 185 271 343 559 624 676 711 
#module 20 size: 8 bs: 0.000249529
64 143 496 565 644 655 969 981 
#module 21 size: 11 bs: 0.00151872
162 315 422 502 526 547 689 705 774 788 791 
#module 22 size: 8 bs: 0.00073627
299 444 483 517 571 574 812 863 
#module 23 size: 13 bs: 0.0295284
50 82 149 203 220 331 333 345 362 585 640 801 975 
#module 24 size: 38 bs: 0.672543
13 75 85 100 111 139 168 173 194 236 282 287 289 292 295 329 330 344 353 357 421 474 525 538 555 587 593 628 663 677 681 694 781 784 802 881 884 907 
#module 25 size: 53 bs: 0.47814
18 67 90 97 123 127 134 143 169 188 209 216 236 241 250 253 308 352 366 402 414 436 448 462 463 464 499 506 512 514 570 591 593 626 640 642 698 699 702 710 735 748 757 767 768 883 903 906 935 936 969 979 981 
#module 26 size: 15 bs: 0.191761
76 169 212 235 310 312 350 375 486 513 619 702 735 940 961 
#module 27 size: 23 bs: 0.516866
26 125 179 193 213 238 243 287 308 354 371 397 497 517 526 569 579 610 616 845 885 895 916 
#module 28 size: 29 bs: 0.82945
19 55 156 164 197 200 205 210 230 261 341 383 396 450 530 533 576 650 670 745 751 755 760 834 850 871 943 966 983 
#module 29 size: 20 bs: 0.789177
39 52 89 103 108 157 240 334 379 411 459 481 484 524 543 576 599 858 971 972 
#module 30 size: 22 bs: 0.310358
79 120 234 268 442 494 543 614 620 730 752 763 809 851 855 861 882 888 892 899 914 959 
#module 31 size: 27 bs: 0.451931
14 128 141 142 149 207 345 363 386 388 426 488 542 715 722 728 790 812 849 856 931 947 948 951 958 971 972 
#module 32 size: 54 bs: 0.823833
12 29 39 76 103 141 145 148 159 165 183 206 231 240 242 244 251 272 276 283 293 317 342 348 356 364 399 411 417 418 424 427 431 451 508 512 553 557 607 612 619 622 678 716 769 780 803 804 818 834 855 905 941 956 
#module 33 size: 22 bs: 0.380327
2 12 58 93 128 165 166 168 270 278 321 547 549 550 605 632 726 765 886 912 917 938 
#module 34 size: 20 bs: 0.481624
19 48 70 117 211 237 257 300 324 378 467 518 639 777 805 837 839 879 940 973 
#module 35 size: 29 bs: 0.222713
4 34 71 110 115 118 124 157 159 211 240 251 279 318 346 348 381 406 502 504 507 592 595 717 738 742 757 758 811 
#module 36 size: 33 bs: 1.0421
5 22 46 56 117 130 249 263 290 311 337 340 346 375 474 504 512 554 653 662 667 719 730 737 752 761 766 772 826 844 909 921 944 
#module 37 size: 55 bs: 0.974976
15 51 59 80 84 88 98 99 107 124 144 170 214 221 232 266 303 319 349 394 410 428 440 456 476 524 537 555 575 581 584 588 596 599 609 613 621 625 628 695 746 747 762 776 799 803 817 841 893 900 915 925 930 949 980 
#module 38 size: 24 bs: 0.555097
3 27 62 89 112 118 347 439 470 485 492 498 553 590 602 638 652 700 713 730 750 843 898 919 
#module 39 size: 16 bs: 0.861917
82 138 171 184 235 256 274 488 629 683 723 785 815 849 897 912 
