#module 0 size: 21 bs: 0.0291615
4 94 131 177 228 266 400 409 456 465 611 620 642 665 768 1293 1299 1305 1316 1323 1331 
#module 1 size: 16 bs: 0.0488742
113 209 218 225 231 324 335 425 446 462 536 745 784 801 919 955 
#module 2 size: 7 bs: 0.0416692
255 408 722 787 859 968 1351 
#module 3 size: 170 bs: 1.04645
53 56 57 59 65 70 79 95 101 109 112 113 120 121 123 127 133 139 143 144 147 149 152 156 158 159 163 164 166 167 168 185 186 187 189 194 195 199 201 223 224 237 261 272 274 276 278 281 282 283 287 289 295 306 309 313 314 322 325 333 341 342 344 355 356 357 358 360 386 391 403 405 417 421 424 434 442 449 458 467 476 490 497 512 520 524 531 533 534 544 552 553 554 555 571 572 574 578 583 590 597 599 602 603 605 610 625 629 634 647 648 655 656 659 661 668 670 678 679 687 699 711 712 725 735 736 743 745 754 756 759 764 770 773 795 796 805 822 833 839 850 857 860 865 866 874 885 889 910 933 948 955 973 975 985 1010 1012 1014 1019 1026 1028 1040 1127 1272 1273 1326 1339 1354 1357 1366 
#module 4 size: 117 bs: 0.481919
4 10 11 12 14 16 17 18 19 20 21 23 25 26 27 30 31 32 33 34 36 38 50 72 76 82 97 99 137 170 180 204 226 236 240 241 242 265 267 273 275 280 316 334 336 351 404 420 451 483 491 523 568 586 614 626 638 671 701 705 708 716 721 727 738 774 776 793 815 844 855 881 883 893 897 909 921 937 939 959 963 987 995 1007 1023 1033 1043 1048 1053 1064 1093 1099 1115 1132 1136 1170 1177 1183 1196 1202 1221 1224 1228 1234 1240 1246 1253 1274 1277 1285 1318 1342 1350 1355 1356 1370 1372 
#module 5 size: 120 bs: 0.656809
7 11 13 15 19 20 22 23 24 28 29 35 37 42 46 64 181 253 290 323 340 382 415 441 444 483 505 532 593 621 632 644 720 790 811 832 835 887 964 971 977 981 989 1001 1015 1027 1032 1039 1041 1042 1048 1053 1058 1064 1071 1086 1105 1112 1120 1121 1132 1136 1150 1157 1164 1177 1190 1222 1224 1228 1234 1246 1258 1265 1266 1268 1269 1270 1285 1293 1294 1298 1299 1300 1301 1303 1304 1306 1307 1308 1315 1316 1317 1319 1320 1322 1324 1327 1328 1329 1330 1332 1335 1336 1337 1338 1340 1341 1358 1359 1360 1361 1364 1365 1369 1371 1373 1374 1375 1378 
#module 6 size: 63 bs: 0.362652
54 55 190 206 207 208 215 227 238 239 249 299 307 365 374 377 379 384 390 428 439 468 469 519 540 547 557 558 565 566 581 585 619 623 627 672 703 704 706 710 748 749 760 769 783 813 818 829 840 868 869 883 916 917 920 934 972 982 1008 1078 1092 1276 1297 
#module 7 size: 59 bs: 0.201243
60 62 63 81 88 91 116 117 200 214 229 243 254 263 294 298 300 315 327 346 352 353 359 380 385 387 414 419 429 443 527 537 551 594 595 596 600 603 682 685 695 707 744 751 753 761 800 812 819 820 831 838 849 894 900 908 915 970 979 
#module 8 size: 66 bs: 0.925812
5 52 55 66 96 111 178 183 203 212 215 233 244 253 257 271 299 303 337 345 350 354 363 396 412 437 459 519 540 644 651 669 680 705 719 734 742 762 763 775 806 835 862 883 887 913 918 920 950 951 971 980 1020 1030 1042 1141 1142 1209 1221 1271 1282 1321 1334 1367 1376 1377 
#module 9 size: 61 bs: 0.466015
3 67 75 77 88 92 93 98 102 124 138 191 192 220 234 246 254 260 263 296 300 329 330 394 399 422 423 436 464 473 511 542 561 570 575 587 606 652 681 686 692 750 751 757 765 772 814 816 823 854 867 894 905 914 961 962 970 1011 1140 1149 1216 
#module 10 size: 42 bs: 1.02934
58 105 130 197 222 277 348 368 370 389 433 448 455 470 530 546 548 576 612 633 643 645 660 683 729 730 792 825 853 870 873 879 882 886 919 929 930 958 976 1022 1218 1325 
#module 11 size: 72 bs: 0.540267
114 122 154 157 160 182 183 196 213 253 270 284 288 291 308 321 326 369 401 447 454 535 545 558 559 562 580 644 650 651 667 674 675 680 705 719 724 742 763 797 802 809 817 824 835 843 858 864 871 878 880 887 891 906 911 936 949 950 957 965 971 977 988 995 1006 1008 1016 1275 1282 1362 1368 1369 
#module 12 size: 61 bs: 0.130911
48 68 86 87 104 134 141 153 169 190 221 230 252 279 302 361 364 366 372 377 378 393 406 430 440 463 474 545 593 609 631 653 657 663 664 689 694 703 704 706 709 717 718 723 724 752 758 791 794 803 807 852 895 896 932 947 983 1013 1017 1031 1362 
#module 13 size: 94 bs: 0.583622
1 68 71 74 90 104 110 115 125 129 132 135 136 142 151 162 198 214 252 256 264 288 301 302 304 320 338 361 364 367 372 373 378 392 393 397 398 416 430 440 450 457 466 538 539 550 579 582 616 617 639 640 657 658 663 666 684 694 696 713 718 740 747 752 791 807 821 827 837 841 851 856 858 863 875 876 878 896 898 904 932 947 954 967 969 1000 1013 1025 1092 1209 1267 1296 1302 1362 
#module 14 size: 52 bs: 0.585909
2 80 106 107 150 188 193 211 251 297 347 371 383 398 416 547 564 584 592 604 607 628 654 691 697 698 702 728 741 771 834 842 899 903 934 935 952 967 996 1015 1017 1018 1021 1025 1142 1217 1219 1223 1284 1321 1349 1352 
#module 15 size: 46 bs: 0.119783
51 124 146 148 155 165 176 202 210 245 248 259 293 310 317 330 332 375 418 427 435 461 543 560 608 613 622 630 662 676 688 715 726 737 746 755 799 810 814 836 877 902 984 997 1029 1140 
#module 16 size: 87 bs: 0.658072
51 88 89 105 124 126 127 130 140 176 205 216 232 235 250 286 317 318 328 329 330 331 332 335 362 380 388 395 410 429 431 438 452 455 464 471 472 525 528 556 563 569 573 576 577 588 591 618 624 630 637 645 646 673 677 690 693 700 715 730 731 732 733 739 750 765 789 804 814 826 884 888 901 909 912 956 974 986 994 999 1024 1140 1252 1283 1295 1304 1333 
#module 17 size: 34 bs: 1.09794
49 78 108 161 269 311 319 343 349 381 407 411 413 445 453 460 521 522 542 549 589 598 615 635 636 649 693 786 861 892 953 978 1011 1220 
#module 18 size: 76 bs: 0.216403
3 6 61 69 73 77 100 102 103 108 118 119 128 145 161 179 184 214 217 219 220 247 258 262 268 269 285 292 294 305 312 339 376 399 402 426 432 445 460 475 526 529 537 541 551 567 579 595 599 601 635 641 714 766 767 788 798 800 808 828 830 872 890 907 928 931 938 960 961 966 978 998 1009 1264 1353 1363 
