#module 0 size: 8 bs: 0.00163699
2721 2811 4527 6752 7002 8414 9053 12516 
#module 1 size: 4 bs: 0.00384167
4642 7047 7283 8803 
#module 2 size: 4 bs: 8.80222e-09
525 2333 5380 9523 
#module 3 size: 3 bs: 0.00551981
1392 3514 5452 
#module 4 size: 4 bs: 0.450677
4721 6785 7464 9906 
#module 5 size: 11 bs: 0.669125
1016 3701 4871 5015 6364 6608 6861 7190 9182 9184 11337 
#module 6 size: 69 bs: 0.621421
194 595 763 833 964 1027 1382 1455 1513 1731 1749 1786 1919 2071 2121 2320 2360 2479 2609 2704 2755 2764 2898 3037 3108 3181 3349 3645 3831 3996 4019 4035 4371 4401 4573 4631 5056 5060 5263 5467 5801 6334 6491 6568 6630 6748 6949 7099 7321 7332 7398 7661 7846 8245 8659 8765 8774 9074 9159 9173 9340 9390 9491 9825 10082 10306 11157 11165 11451 
#module 7 size: 6 bs: 0.795723
267 2797 4689 5344 11255 11643 
#module 8 size: 4 bs: 0.839815
1345 1847 4650 6055 
#module 9 size: 11 bs: 0.351149
918 1823 4415 4725 6525 6560 7616 8595 9385 10195 10422 
#module 10 size: 5 bs: 0.536241
90 2785 3792 7825 9751 
#module 11 size: 4 bs: 0.107177
3044 4325 4556 6721 
#module 12 size: 4 bs: 0.584381
2677 5576 7493 8732 
#module 13 size: 9 bs: 0.906478
1187 1299 3950 4677 6021 8043 9115 9857 10928 
#module 14 size: 8 bs: 0.371224
2062 5041 5770 5956 6690 6981 11532 12762 
#module 15 size: 7 bs: 0.117292
1898 2466 4460 5011 6258 10807 11216 
#module 16 size: 23 bs: 0.613238
331 475 2400 2569 2711 2743 3142 4714 5482 5911 5975 6307 6332 6352 6596 6799 7098 8070 8087 8329 8929 9188 10172 
#module 17 size: 26 bs: 0.505435
645 805 1075 1703 1892 2247 2331 2365 2379 2418 2506 2991 3896 4286 4647 4824 4847 5213 5653 6228 6270 7461 8351 11208 12514 12654 
#module 18 size: 25 bs: 0.171178
59 384 1935 2180 2357 2453 2776 2813 2875 4330 4687 4888 4916 4996 5828 6890 6945 7298 8209 8248 9394 9989 10909 11111 12653 
#module 19 size: 8 bs: 0.173563
79 1297 6106 6654 8815 9625 10116 11990 
#module 20 size: 36 bs: 0.985382
57 388 601 816 867 1197 1318 2268 2619 3118 3130 3205 3486 3730 4141 4194 4864 5368 5402 5673 5835 5900 5986 6549 6556 6834 7171 7840 8124 8599 9595 10151 10873 10906 11551 12594 
#module 21 size: 5 bs: 0.696461
3035 3067 7799 7849 8723 
#module 22 size: 24 bs: 1.05596
709 1245 1528 1805 2356 2508 2588 3105 4006 4156 4292 4445 5242 5458 5732 6600 7048 7308 8059 8107 9410 10199 11413 12545 
#module 23 size: 40 bs: 0.13351
75 1091 1191 2055 2177 2250 2297 2380 2515 2635 3310 3410 3473 3482 3587 4039 4090 4413 4729 4878 4972 5066 5348 5484 5544 5813 6463 6649 6957 7069 7472 7759 7963 8135 8245 9315 9905 10024 10511 10992 
#module 24 size: 49 bs: 0.83902
613 834 974 1014 1350 1422 1606 1789 1858 2070 2189 2361 2615 2767 2801 2913 3122 3199 3331 3516 3602 3790 4002 4085 4112 4530 4580 4723 5132 5172 5659 5670 6035 6333 6786 6914 8075 8224 8956 8983 9629 9745 10096 10111 10133 10299 10382 10384 10810 
#module 25 size: 16 bs: 0.941188
905 1224 2304 2548 2687 3572 3767 4068 4330 6746 7636 8600 9704 10295 10909 12571 
#module 26 size: 18 bs: 0.342814
922 2366 2460 2878 2914 3620 3697 3734 3761 3896 4831 5595 7062 8731 8824 9254 9989 10406 
#module 27 size: 50 bs: 0.948924
819 920 949 1024 1093 1455 1921 2609 2762 3101 3581 3671 3785 3988 4003 4207 4215 4448 4487 4716 4950 4951 5054 5387 5998 6045 6147 6944 7071 7285 7662 7791 7879 7930 8111 8329 8364 8493 8734 9128 9239 9296 9515 9550 10048 10405 10858 10899 10931 11106 
#module 28 size: 61 bs: 0.114423
62 469 1152 1352 1358 1487 1545 1644 1664 2014 2069 2117 2158 2591 2852 2988 3103 3560 3742 4105 4607 4847 4858 4902 5252 5285 5437 5885 6554 6562 6594 6639 6704 6906 7268 7471 7776 7778 7870 7899 7987 8038 8057 8551 8602 8778 9176 9336 9378 9401 9753 9765 9889 10367 10815 10907 11144 11212 11232 11588 12158 
#module 29 size: 68 bs: 0.452858
202 375 479 540 766 1061 1167 1490 1625 1662 1701 1801 1894 1929 1953 2090 2281 2922 3049 3164 3285 3639 3733 3904 3961 3975 4211 4239 4388 4438 4448 4474 4586 4638 4966 5170 5261 5446 5481 5609 6075 6582 6722 6918 7237 7824 7857 7977 8370 8501 8945 8965 8999 9021 9212 9414 9440 9487 9646 9743 10281 10723 10787 10825 10917 11130 11213 11733 
#module 30 size: 9 bs: 0.925734
1406 2406 2433 2725 3056 4941 6950 7049 7541 
#module 31 size: 26 bs: 0.349124
222 665 717 1738 1926 2168 3398 3567 4537 4670 5266 5363 5904 6123 6458 6784 6791 7011 7139 7196 7462 7628 8672 9967 10058 10963 
#module 32 size: 14 bs: 0.921095
293 778 1930 4558 5916 6936 7474 8588 8704 9154 9795 9812 10840 10995 
#module 33 size: 56 bs: 0.739283
218 612 802 885 1386 1744 1960 2402 2454 2658 2750 2807 2812 2907 2953 3041 3289 3379 3484 3513 3638 3825 3893 4062 4408 4520 4867 4889 5276 5423 5451 5526 5992 6278 6296 6509 6523 7035 7688 8072 8095 8402 8441 8498 9131 9145 9247 9945 10167 10226 10244 10534 10779 10862 11209 11235 
#module 34 size: 6 bs: 0.485582
1457 3266 5297 5374 6691 10832 
#module 35 size: 41 bs: 0.559351
65 580 593 594 707 867 976 1206 1510 2166 2376 2420 2610 2667 3426 3939 4203 4366 4861 4887 5289 5736 5994 6628 7154 7308 7400 7409 7751 7955 8098 8302 8571 9075 9116 9277 10496 10581 10834 10927 11782 
#module 36 size: 37 bs: 0.838331
729 781 969 1253 1395 1937 2769 3051 3191 3605 3713 3833 4032 4443 4532 4559 5160 5761 5780 6175 6393 6744 7321 7544 8307 8372 8609 8830 8976 9239 9359 9437 9944 10465 10650 10951 10981 
#module 37 size: 45 bs: 0.963885
521 1191 1401 1559 1944 2344 3407 3673 3687 4058 4099 4242 4738 4878 4972 5108 5206 5556 5635 5813 5885 5983 6110 6437 6463 7183 7472 7581 7941 8256 8266 8298 8406 8545 8753 8805 9232 9468 9495 9588 9637 10054 10923 10926 11012 
#module 38 size: 17 bs: 0.138647
865 1244 1912 2523 3575 4223 5489 5632 6145 6162 6297 6300 7565 7760 7889 9453 10663 
#module 39 size: 55 bs: 0.396423
685 798 837 904 950 1001 1199 1277 1623 1857 2024 2125 2343 2351 2387 2769 3189 3466 3806 3859 3898 4285 4308 4467 4525 5158 5185 5242 5429 5587 5598 5850 5854 5855 5943 5954 6646 7086 7253 7328 7508 7610 7728 7858 8039 8150 8412 8702 8972 8993 9726 10827 10985 11251 11711 
#module 40 size: 26 bs: 0.811633
895 1132 1441 1565 1724 2173 2193 2332 2412 2437 2815 2851 2947 3033 3973 3997 4475 4485 4652 5326 5496 6929 8643 8717 8821 10617 
#module 41 size: 10 bs: 0.736623
704 1046 1598 4655 4757 4958 5056 6968 7525 11188 
#module 42 size: 96 bs: 0.393517
147 183 476 620 685 823 919 1084 1124 1175 1185 1189 1279 1523 1647 1994 2056 2175 2192 2235 2315 2674 2678 2794 2805 2828 2924 2964 3032 3062 3144 3158 3201 3268 3390 3483 3488 3511 3565 3661 3684 4040 4064 4075 4106 4311 4378 4397 4515 4572 4584 4587 4664 4912 4986 5017 5214 5254 5294 5548 5748 5989 6070 6108 6538 6631 6716 6717 7030 7172 7212 7230 7262 7274 7469 7542 7626 7632 7851 7868 7901 8060 8323 9345 9732 9742 9821 10128 10277 10583 10608 10695 11393 11593 12249 12495 
#module 43 size: 35 bs: 0.769234
563 866 1494 1592 1735 1973 2419 2875 2927 2974 3546 3677 4198 4423 4724 5525 5595 6078 6448 6890 7778 8248 8422 9045 9120 9394 9583 9661 9664 9989 10011 10068 10253 10583 11018 
#module 44 size: 37 bs: 1.01234
353 1034 2115 2131 2293 2456 2510 2625 2668 2983 3055 3172 3499 3972 4278 4567 5087 5405 5939 6121 6146 6240 7182 7352 7408 7568 7683 7722 7746 7916 8343 9080 9449 9546 9956 10203 11525 
#module 45 size: 81 bs: 0.544839
378 843 875 900 979 1086 1362 1463 1564 1773 2029 2116 2134 2343 2375 2407 2421 2476 2560 2688 2923 3043 3260 3279 3440 3475 3497 3618 3722 3897 4011 4159 4252 4279 4353 4535 4637 4760 4894 4923 4989 5336 5483 5529 5568 5630 5633 5817 5822 5906 6131 6261 6426 6508 6898 6964 7202 7571 7591 7769 7982 8141 8204 8206 8511 8601 8610 8646 8759 9226 9293 9363 9380 9416 9502 9992 10071 10246 10478 10785 10868 
#module 46 size: 9 bs: 0.489483
1324 2255 2803 3286 4093 5779 6573 11273 12881 
#module 47 size: 76 bs: 0.279048
62 461 649 715 720 1263 1881 1986 2023 2117 2163 2215 2295 2455 2591 2988 3103 3165 3221 3314 3356 3699 3960 4105 4197 4313 4321 4431 4693 4853 5285 5437 5776 5961 5965 5987 6118 6330 6551 6554 6567 6594 6714 6762 7206 7776 7870 7964 7987 8038 8057 8283 8551 8635 8778 9009 9176 9210 9214 9378 9594 9701 9869 9927 10273 10352 10367 10406 10495 10815 11010 11144 11175 11588 12039 12527 
#module 48 size: 68 bs: 0.391065
487 488 710 762 827 1275 1397 1616 1815 1957 1968 2027 2133 3112 3120 3326 3493 3654 3801 3852 4303 4323 4472 4588 4878 5058 5284 5339 5345 5684 5838 5924 6100 6149 6243 6260 6652 6673 6718 6741 7252 7406 7589 7607 7633 7780 7861 8102 8170 8253 8536 8762 8806 8850 8964 9007 9109 9269 9290 9946 9957 10318 10476 10493 10687 10823 10835 10957 
#module 49 size: 148 bs: 1.06383
5 19 228 237 353 581 634 676 803 871 884 893 986 1144 1153 1217 1327 1457 1467 1502 1689 1702 2131 2196 2236 2285 2375 2488 2528 2542 2595 2605 2625 2632 2668 2793 2921 2969 2988 3016 3233 3354 3400 3536 3556 3633 3662 3763 3768 3840 3853 3905 3936 3946 4051 4089 4158 4219 4362 4418 4468 4477 4528 4607 4629 4672 4816 4876 4964 4985 5018 5088 5106 5128 5328 5361 5397 5405 5511 5871 5878 5881 5882 6082 6121 6137 6234 6285 6311 6469 6747 6773 6810 6823 7182 7207 7345 7353 7408 7415 7455 7458 7459 7463 7477 7486 7568 7596 7624 7657 7831 7885 7904 8055 8162 8367 8438 8471 8500 8661 8788 9015 9080 9112 9178 9206 9222 9224 9300 9449 9494 9546 9579 9682 10121 10425 10427 10480 10613 10677 10808 10882 11088 11191 11259 11714 12700 12756 
#module 50 size: 8 bs: 0.628453
4192 4396 5209 6095 6190 8121 9150 9539 
#module 51 size: 51 bs: 0.77887
49 583 1141 1173 1758 1961 2099 2134 2442 2836 3227 3409 3459 3532 3675 3882 3956 3989 4079 4270 4844 4911 5171 5390 5714 5925 6159 6291 6331 6449 6844 6943 7043 7131 7287 7960 7970 8040 8270 8441 8901 9006 9322 9429 9434 9881 9991 10186 10230 10616 11383 
#module 52 size: 21 bs: 0.792333
12 213 887 1283 1429 1597 1599 1637 1849 2152 2565 3530 3669 4018 4110 5472 5784 6028 7146 8658 9179 
#module 53 size: 209 bs: 0.167619
8 22 98 278 333 507 561 596 606 869 888 983 1027 1045 1127 1161 1165 1240 1298 1308 1354 1377 1425 1499 1523 1544 1603 1638 1640 1695 1699 1710 1713 1795 1893 2001 2037 2065 2071 2143 2192 2195 2277 2400 2426 2470 2500 2521 2639 2788 2855 2862 2959 2982 3030 3078 3102 3244 3258 3308 3309 3417 3444 3479 3511 3521 3529 3595 3674 3677 3753 3758 3781 3791 3826 4014 4019 4025 4076 4091 4200 4228 4249 4282 4385 4412 4464 4483 4521 4528 4579 4631 4683 4685 4784 4927 4944 4970 5052 5123 5156 5279 5308 5460 5495 5499 5695 5853 6016 6025 6039 6044 6144 6236 6264 6306 6311 6325 6382 6562 6609 6610 6614 6919 6956 6965 6982 6985 7009 7127 7166 7212 7300 7318 7321 7325 7377 7395 7413 7480 7483 7535 7550 7559 7568 7675 7773 7900 7920 7950 8114 8196 8242 8265 8280 8541 8596 8737 8785 8788 8819 8835 8950 8974 8985 9080 9152 9251 9256 9382 9639 9711 9720 9757 9838 9852 9948 9963 9994 10002 10003 10014 10135 10156 10222 10226 10348 10393 10447 10473 10556 10576 10635 10645 10647 10659 10668 10771 10808 10866 10947 11011 11015 11024 11032 11146 11169 11366 11482 
#module 54 size: 7 bs: 0.11658
6116 7148 7422 8895 9064 9886 10991 
#module 55 size: 13 bs: 0.982669
29 3766 3971 4430 4504 4656 5764 6065 6086 6282 7138 8287 10118 
#module 56 size: 8 bs: 0.483997
2119 3594 4790 5340 5566 5672 6524 6853 
#module 57 size: 17 bs: 0.526915
232 929 1003 1154 1613 1816 2135 3696 4049 4383 5226 5749 6479 6696 6995 8420 9405 
#module 58 size: 18 bs: 0.525337
546 1329 1436 1807 2384 3222 3875 3918 4734 5173 5389 6807 7213 7598 8864 10210 10623 10830 
#module 59 size: 36 bs: 0.502845
15 682 924 984 1287 1394 1643 1772 2008 2176 2553 3255 3774 3864 4007 4025 4230 4233 5021 5516 6154 6446 6629 6876 7288 7519 7880 8538 8887 9183 9482 9604 9831 10174 10279 11139 
#module 60 size: 18 bs: 0.545825
1481 1877 2842 3386 3612 3723 4129 4613 4639 5295 5412 6491 7263 8131 8197 8239 9877 10080 
#module 61 size: 21 bs: 0.228137
64 524 964 1348 1369 1417 1480 1580 3161 3195 3645 3653 4034 4244 4468 6257 8910 10062 10437 11091 11509 
#module 62 size: 17 bs: 0.809625
48 169 236 463 608 1107 1158 3999 5450 5502 6342 6675 6676 7246 9775 10519 10546 
#module 63 size: 5 bs: 1.0276
1400 2448 8289 10549 11182 
#module 64 size: 21 bs: 0.597628
276 2853 2885 2934 2939 3145 4349 5311 5607 5678 6399 7077 7113 7506 8385 8589 9551 9942 10234 10242 11124 
#module 65 size: 42 bs: 0.302211
448 509 687 913 1340 1430 1706 1900 2483 2894 3159 3173 3450 3640 4133 4195 4492 4632 5019 5494 5823 6682 6804 6992 7432 7655 7711 7852 8276 8342 8669 8878 8922 8969 9124 9714 10571 10583 10693 10724 11450 13055 
#module 66 size: 19 bs: 0.188691
1101 1412 1859 2537 3369 3711 4939 5149 5265 5662 5808 7717 7816 8436 8890 9086 11497 12582 12586 
#module 67 size: 27 bs: 0.74429
1180 1870 2390 2452 2482 2545 4962 5375 5841 6014 6309 6782 6895 7025 7125 7135 7437 7687 8100 8639 9036 9165 9897 10433 10625 11025 12966 
#module 68 size: 40 bs: 0.871232
257 258 1020 1349 1432 1557 1687 2151 2586 2753 2871 2883 3518 3571 3589 3652 4082 5071 5411 5712 5746 5755 5903 6160 6511 7097 7625 7823 8429 8480 8528 9330 9480 10018 11008 11254 11380 11429 11540 11703 
#module 69 size: 155 bs: 0.249061
658 836 868 907 914 954 963 1033 1205 1286 1467 1525 1532 1627 1639 1655 1682 1700 1738 1754 1790 1851 1918 2002 2011 2030 2485 2496 2507 2574 2639 2655 2709 2720 2733 3036 3047 3148 3226 3246 3304 3522 3563 3633 3716 3777 3868 4204 4246 4269 4347 4380 4469 4478 4593 4609 4643 4755 4768 5008 5038 5066 5074 5122 5141 5234 5287 5373 5599 5675 5710 5718 5820 5867 5921 5970 6037 6165 6168 6369 6388 6390 6552 6669 6688 6727 6821 6889 7107 7126 7260 7321 7407 7442 7468 7470 7499 7588 7814 7820 7875 7892 7922 8014 8208 8246 8261 8495 8590 8653 8685 8757 8792 8801 8804 8865 8892 8932 9172 9225 9404 9456 9483 9535 9554 9572 9620 9766 9860 9896 10021 10023 10049 10140 10165 10239 10300 10329 10363 10392 10586 10609 10704 10769 10842 10875 10980 11015 11031 11127 11162 11175 12494 12609 12878 
#module 70 size: 66 bs: 0.300731
304 491 519 898 1018 1099 1110 1505 1552 1714 2136 2154 2746 3008 3247 3311 3348 3401 3586 3621 3625 3964 3966 4139 4157 4367 4384 4848 4858 4927 5120 5137 5377 5812 5967 6041 6251 6464 6481 6528 6577 6585 6951 7076 7433 7471 7578 7736 7803 7885 7961 8203 8464 8502 8555 8853 8891 9573 9963 9964 10032 10444 11070 11400 11535 12639 
#module 71 size: 45 bs: 0.872724
16 777 1077 1322 1451 1549 1628 1863 1943 2053 2089 2097 2145 2270 2758 2973 3126 3171 3469 3495 3812 3815 3982 3995 4626 5024 5139 5438 5451 6404 6667 6692 6786 6938 6981 7109 7482 7622 8063 8309 8441 8457 9868 10737 10795 
#module 72 size: 32 bs: 0.466373
242 811 1132 1398 1649 1832 1886 2077 2164 2473 2543 2664 2851 2947 3280 3392 3854 4462 4485 5193 5637 5936 6186 8029 8361 8447 8663 10259 10525 10945 11153 11678 
#module 73 size: 27 bs: 0.555003
1210 1296 1394 1648 1985 2777 3085 3325 3816 4166 5178 5187 6492 6593 7215 7917 7938 8920 9216 9814 10161 10168 10626 10675 10851 10956 11566 
#module 74 size: 36 bs: 0.276804
296 1179 1381 1951 2010 2093 3060 3780 4248 4533 4669 4747 5300 5304 5422 5985 6008 6859 6897 8041 8279 8632 9114 9273 9326 9549 10087 10162 10183 10220 10547 10584 10736 10743 10831 12553 
#module 75 size: 18 bs: 0.195812
1501 3000 3646 3789 3836 3949 4038 4636 6023 6436 7404 7838 8371 9040 9580 9644 10125 10632 
#module 76 size: 34 bs: 0.365362
33 413 615 768 1310 1618 1931 2018 2105 2264 3757 4629 5016 5121 5204 5569 6316 6366 6771 6862 6942 7169 7236 7315 7344 7733 7968 8159 9011 9569 10020 10265 10292 11490 
#module 77 size: 26 bs: 0.263403
405 794 1072 1174 1757 1864 4324 6868 6928 7060 7515 7580 8408 8442 8467 8607 8794 9003 9486 9513 9912 10322 10379 10639 10728 11217 
#module 78 size: 18 bs: 0.627253
199 547 944 1313 2779 3332 3333 3385 5303 5353 5392 6534 7149 7243 7779 8252 10114 10727 
#module 79 size: 42 bs: 0.711902
659 965 1176 1274 1534 1893 2436 2676 2827 3023 3109 3178 3230 3343 3485 3751 3781 3949 4434 4999 5449 5842 5857 6706 6808 7583 7606 7727 7988 8311 8434 8522 8813 9341 9386 9726 9884 10003 10232 10434 10894 11160 
#module 80 size: 46 bs: 0.918303
759 829 896 967 1344 1357 1428 1902 2042 2109 2162 2303 2322 2362 2472 2490 2597 2730 3050 3124 3169 3334 3727 3896 4080 4590 4952 4964 5249 5546 6244 6815 7459 7593 7613 7852 7853 8215 9202 9326 9334 9372 10233 10718 11120 11189 
#module 81 size: 41 bs: 0.379373
625 686 687 824 966 999 1291 1308 1354 1508 1591 2795 2959 3516 3578 3932 3968 4200 4228 4961 5723 6030 6138 6512 6638 6719 6765 7075 7797 8142 8168 8182 8276 9288 9369 9397 9648 10377 10797 11117 11272 
#module 82 size: 22 bs: 0.329145
400 653 1037 1276 2585 2968 4136 4928 4947 5190 5306 5346 5680 6318 6664 7973 8888 9103 9304 9353 9490 9972 
#module 83 size: 43 bs: 0.119296
723 968 1097 1302 1570 1649 1784 2072 2210 2223 2316 2789 2818 3238 3630 3854 3862 3926 4596 4612 4933 5196 5403 5498 5955 6003 6218 6229 6398 6506 6975 7211 7698 7843 7942 8387 9029 9694 9855 9871 9926 10191 11001 
#module 84 size: 37 bs: 0.99711
834 997 1137 1352 1554 1732 1909 2167 2197 2371 2407 2771 3162 3312 3353 3993 4745 5288 5595 5756 5976 6134 6226 6737 7054 7067 7914 8242 8322 8775 8857 9083 9175 9559 10517 10734 10922 
#module 85 size: 114 bs: 1.06523
73 304 491 720 721 765 826 852 856 1045 1099 1127 1298 1303 1396 1552 1569 1777 1813 1991 2136 2158 2195 2443 2450 2644 2659 2819 2862 2977 3008 3038 3088 3151 3348 3479 3586 3758 3796 3798 3964 3970 4249 4255 4296 4385 4507 4508 4698 4766 4833 4877 4927 5122 5168 5321 5377 5629 6041 6234 6251 6417 6522 6565 6644 6733 6746 6899 6934 6951 7076 7471 7578 7590 7718 7736 7798 7881 7882 7885 8116 8199 8203 8260 8264 8312 8315 8425 8502 8507 8557 8779 8934 8974 9069 9609 9813 9963 9964 10032 10107 10341 10444 10445 10508 10566 10637 10660 10716 10854 11024 11442 11584 11601 
#module 86 size: 113 bs: 0.188042
36 543 951 1325 1332 1522 1553 1668 1719 1730 1756 1856 1975 2038 2189 2288 2411 2477 2494 2514 2729 2814 2847 2908 3006 3107 3186 3224 3347 3360 3491 3496 3544 3580 3618 3866 3902 3916 3929 4097 4335 4402 4522 4536 4552 4622 4662 4756 4828 4910 5194 5560 5616 5901 5913 6006 6038 6046 6133 6288 6289 6341 6489 6505 6809 6841 7058 7188 7235 7403 7448 7502 7635 7735 7783 7910 7928 7935 7966 8017 8026 8050 8066 8104 8163 8187 8338 8421 8482 8573 8581 8849 8951 8953 9093 9133 9167 9371 9507 9649 9801 10130 10134 10143 10554 10654 10900 10970 11019 11134 11265 11340 12725 
#module 87 size: 36 bs: 0.471504
472 793 1193 1257 2519 2960 3057 3147 3253 3489 3614 4259 4599 5064 5430 5619 5860 6200 6657 7128 7374 7926 8272 8518 8640 8688 8961 8989 9142 9399 9424 9733 10153 10592 10613 12945 
#module 88 size: 46 bs: 0.697867
768 931 1000 1269 1463 1693 1979 2034 2244 2716 2822 3356 3525 3622 3787 3824 3914 4332 4538 4851 4931 5067 5130 5253 5470 5485 5558 5709 5891 6051 6405 6409 7152 7768 7887 7997 8160 8882 8947 9286 9740 9915 10203 10357 10845 11029 
#module 89 size: 65 bs: 0.834444
44 449 1011 1049 1113 1157 1231 1373 1394 1483 1492 1618 1626 1716 1854 2031 2213 2224 2338 2445 2559 3054 3179 3359 3384 3428 3559 3704 3851 4234 4373 4389 4692 4789 4885 4982 5563 5789 5879 5893 5964 6029 6154 6238 6320 6338 6386 6878 7130 7188 7423 7523 8036 8465 8496 9121 9161 9344 9501 9692 9758 10354 10679 10778 12549 
#module 90 size: 66 bs: 0.230983
364 528 598 655 769 1343 1374 2015 2073 2228 2252 2427 2510 2589 2666 2713 2772 3083 3261 3470 3585 3812 3978 4044 4180 4360 4780 4797 4835 5092 5142 5157 5174 5419 5714 5763 5899 6030 6260 6328 6376 6408 6478 6618 6647 6672 6731 7031 7084 7716 8238 8336 8350 8468 9156 9264 9687 10051 10146 10248 10375 10394 10709 10972 11252 11973 
#module 91 size: 22 bs: 0.855099
980 1153 1498 1542 2287 2820 3879 5310 5463 5656 5665 6887 7468 7659 8127 8477 8748 9144 10321 10791 10859 11581 
#module 92 size: 19 bs: 0.223288
1159 1594 1752 2033 2511 4102 4318 5833 5949 6083 7532 7686 9994 10393 10414 10447 10822 11503 12790 
#module 93 size: 31 bs: 0.279217
77 493 851 1219 2039 2044 2269 2775 3210 3508 3954 4713 5296 5617 5719 6513 7802 7976 8025 8328 8380 8585 9107 9679 10673 11121 11151 11161 11168 11270 11501 
#module 94 size: 62 bs: 0.526313
37 642 702 880 927 1196 1259 1438 1656 1743 1891 2092 2124 2209 2296 2557 2636 2793 2909 2961 3016 3039 3094 3137 3271 3294 3327 3352 3629 4219 4668 4800 4998 5106 5246 6207 6965 7170 7271 7355 7357 7372 7485 7654 7703 7995 8593 8860 8876 8966 9030 9146 9164 9804 9920 10177 10383 10861 10882 11139 12125 12944 
#module 95 size: 71 bs: 0.860199
27 681 718 1005 1212 1284 1361 1621 1766 1970 2063 2291 2340 2441 2530 2681 2726 2852 2882 3058 3174 3395 3796 4088 4310 4426 4471 5046 5079 5182 5307 5404 5474 5522 5531 5581 5605 5655 5792 5807 5832 6013 6441 6736 6795 7267 7337 7819 8391 8435 8459 8486 8527 8550 8692 8697 9020 9305 9374 9467 9500 9587 9773 9984 10190 10455 10878 10933 10987 11073 11085 
#module 96 size: 79 bs: 0.626298
60 98 496 720 721 765 809 826 1127 1135 1380 1425 1578 1603 1813 2158 2521 2644 2659 2790 2926 3031 3038 3068 3088 3102 3554 3677 3908 3924 3990 4115 4142 4144 4296 4449 4514 4778 4843 4927 5104 5177 5493 5504 5554 5695 5786 6234 6275 6311 6417 6469 6522 6753 6881 7166 7318 7516 7882 8116 8199 8264 8312 8507 8737 8742 8778 8779 8934 9069 9080 10341 10393 10414 10447 10808 10816 11487 11584 
#module 97 size: 38 bs: 1.0849
56 59 244 714 1103 1241 1321 1696 2180 2554 2590 2707 2805 2813 3139 3213 3702 4172 4330 4583 4746 5254 5791 6419 6443 6677 7781 7902 8530 8987 9555 9821 10209 10378 10403 10450 10909 11152 
#module 98 size: 37 bs: 0.324133
558 924 1241 1479 1860 2121 2177 2313 2348 2434 2538 2971 3047 3441 3590 3606 3632 4401 5105 5140 5189 5890 6347 6504 6757 6847 8172 8684 8826 8924 9072 9339 9708 10419 10806 11143 11222 
#module 99 size: 44 bs: 0.286141
52 243 389 474 1057 1462 2019 2498 2744 2904 3125 3200 3305 3363 3639 3665 3795 3888 3957 4212 4550 4772 5020 6157 6477 6886 6918 7007 7298 7554 7656 7668 7771 7918 8433 8675 9096 9108 9675 10037 10185 10532 10541 11027 
#module 100 size: 52 bs: 0.109556
685 1062 1272 1477 1595 1616 1694 1707 1830 2232 2288 2301 2352 2408 2569 2600 2673 2698 2727 2956 3061 3301 3501 3686 3693 3706 4905 4970 4991 5497 5514 5658 6050 6308 6678 6756 6783 6865 6900 7275 7289 7634 7971 8741 9042 9200 9360 9660 9758 10075 10401 10936 
#module 101 size: 44 bs: 0.178404
51 303 494 616 818 1433 1539 2123 2148 2321 2346 2609 3051 3338 3574 4934 5247 5545 5567 5892 5932 6032 6158 6587 7042 7596 7936 8245 8305 8372 8470 8537 8682 8811 8909 9149 9671 9845 9862 10115 10204 10298 11186 11481 
#module 102 size: 58 bs: 1.0858
1255 1271 1537 1667 1711 2184 2325 2368 2566 2812 2861 3001 3064 3095 3366 3379 3380 3891 3986 4122 4408 4446 4500 4520 4740 5179 5302 5849 5997 6033 6509 6523 6723 6940 7322 7600 7642 7667 7828 7936 8399 8441 8601 8822 8838 9145 9312 9367 9683 10083 10131 10197 10272 10382 10590 10661 11415 13043 
#module 103 size: 39 bs: 0.396427
92 468 1048 1482 2211 2638 2780 3010 3404 3531 3708 4179 4479 5278 5358 5487 5728 5859 5870 6149 6572 7050 7088 7277 7509 8190 8478 8532 8852 9193 9816 9878 9934 10037 10149 10413 10657 11004 11006 
#module 104 size: 41 bs: 1.09343
1036 1677 1721 1884 2144 2234 2262 2742 3021 3097 3250 3292 3320 3364 3610 3809 3934 4183 4592 4930 5023 5613 5814 6197 6338 6625 6725 6942 6977 7059 7323 7429 8152 8212 8617 8724 9187 10371 10587 10820 11241 
#module 105 size: 31 bs: 0.918059
207 210 842 939 1249 1646 1734 1911 2917 3315 3807 3920 4458 4540 4726 4956 5727 5745 5890 6252 6627 7685 7719 7859 8016 8250 8720 9693 9969 10593 11119 
#module 106 size: 52 bs: 1.06481
878 1445 1946 1996 2086 2271 2388 2838 3022 3073 3262 3719 3941 4037 4138 4268 4301 4312 4342 4555 4616 4634 4825 5341 5462 5521 5737 5973 6384 7248 7526 7810 7826 8042 8183 8228 8368 8474 8539 8605 9301 9458 9750 9788 9918 10039 10454 10735 11108 11109 12019 12854 
#module 107 size: 9 bs: 0.626563
567 2229 2478 2669 6304 6651 8269 9919 10939 
#module 108 size: 74 bs: 0.865765
41 619 982 1007 1014 1104 1105 1316 1350 1399 1435 1446 1450 1596 1789 1798 1850 1874 2088 2189 2208 2396 2480 2564 2580 2581 2736 2872 2897 3132 3328 3397 3606 3631 4177 4216 4323 4345 4470 4529 4565 4704 5132 5146 5152 5180 5342 5400 5887 5898 6362 7037 7051 7052 7293 7414 7656 8458 8703 8712 9208 9221 9745 9916 10124 10316 10382 10386 10492 10514 10528 11141 11215 11372 
#module 109 size: 58 bs: 0.369894
74 321 698 835 863 915 1260 1579 1850 1990 2111 2410 2422 2497 2581 2606 2831 2833 3065 3104 3152 3562 3634 3690 3752 3799 3915 4087 4350 4741 4786 4804 5372 5381 5565 5829 6570 7134 7254 7394 7744 7991 8012 8048 8091 8645 9094 9355 9365 10325 10455 10492 10558 10560 10872 11251 12506 12995 
#module 110 size: 38 bs: 0.932505
459 775 917 1323 1514 1618 1677 2394 2451 2928 3052 3212 4659 4817 4849 4855 5186 5356 5586 5637 6835 7044 7439 7720 7742 7770 7886 7990 8054 8071 8125 8845 9465 10470 10591 10618 10653 10712 
#module 111 size: 33 bs: 1.07165
225 1426 1624 1774 2877 3111 3239 3647 3951 4489 4750 4921 5124 5477 5644 5927 6080 6185 6317 6363 6616 6777 7218 8052 8167 8649 9017 9028 9138 10601 10674 12518 12690 
#module 112 size: 107 bs: 0.24923
73 291 573 644 833 962 1499 1633 1644 1725 1762 1777 1818 1873 1991 2183 2457 2486 2623 2848 2852 2892 2995 3115 3275 3479 3597 3716 3758 3778 3779 3796 4095 4104 4153 4187 4217 4245 4412 4486 4711 4712 4774 4852 4858 4877 4971 5031 5057 5175 5578 5618 5811 5821 5868 6147 6210 6565 6659 6877 6899 6906 6954 7072 7185 7273 7284 7300 7385 7444 7507 7835 8009 8118 8260 8264 8280 8284 8369 8378 8409 8425 8495 8628 8812 9174 9231 9418 9447 9506 9728 9753 9960 10157 10469 10508 10537 10555 10572 10691 10854 11232 11266 11369 11483 12505 12950 
#module 113 size: 100 bs: 0.70126
51 227 329 333 629 630 631 1322 1545 1603 1795 1991 2001 2106 2117 2149 2398 2790 2892 3025 3078 3103 3129 3165 3207 3408 3515 3627 3635 3976 4167 4197 4245 4321 4602 4607 4695 4719 4808 4847 4858 4901 4994 5085 5099 5285 5352 5371 5584 5589 5594 6032 6088 6105 6365 6507 6554 6780 6819 6837 6906 7268 7290 7300 7362 7392 7596 7778 7899 7967 8073 8165 8349 8369 8431 8551 8586 8686 8689 9051 9080 9176 9341 9378 9401 9701 9765 9863 9885 9889 10367 10406 10495 10572 10635 10636 10715 10827 11007 11526 
#module 114 size: 27 bs: 1.02735
200 398 1098 1356 1393 1660 2060 2382 3119 3236 3552 3909 4686 4760 5068 5091 6253 6454 6751 7163 8090 8544 9902 11020 11158 12613 12645 
#module 115 size: 55 bs: 0.854923
1 31 541 618 1230 1619 1729 2432 2652 2760 2814 2823 2854 2870 2902 2921 3119 3234 3545 3558 3636 3724 3768 4175 4297 4517 4619 4792 5181 5757 5773 5844 6125 6273 6277 6310 6351 6442 6475 6764 7382 7866 8401 8678 8788 9120 9460 9531 10240 10793 10813 10816 10943 12507 12660 
#module 116 size: 193 bs: 0.396762
18 543 828 951 956 1013 1040 1041 1056 1168 1214 1265 1317 1375 1413 1419 1437 1475 1601 1614 1615 1621 1629 1730 1756 1821 1836 1837 1848 1856 1972 1975 1984 2006 2046 2080 2113 2132 2189 2200 2273 2275 2355 2449 2459 2461 2494 2512 2513 2527 2594 2613 2618 2643 2740 2814 2919 2948 3186 3237 3347 3360 3424 3467 3496 3510 3580 3663 3670 3686 3712 3775 3834 3841 3866 3878 3919 4053 4125 4165 4188 4241 4273 4541 4675 4756 4774 4857 4879 4886 4909 4925 4977 5060 5100 5194 5221 5229 5307 5317 5365 5393 5413 5616 5781 5787 5803 5991 6024 6038 6069 6112 6126 6241 6284 6341 6359 6536 6749 6806 6809 6927 7118 7122 7203 7330 7403 7424 7448 7503 7567 7617 7660 7664 7731 7784 7856 7910 7928 7943 7946 8026 8050 8076 8159 8163 8187 8338 8377 8381 8421 8546 8656 8729 8831 8839 8953 8995 9034 9133 9181 9326 9507 9586 9632 9649 9655 9668 9798 9891 9921 9941 10208 10360 10516 10527 10559 10688 10764 10970 11019 11151 11265 11269 11340 11441 12170 12559 12577 12588 12613 12666 13039 
#module 117 size: 70 bs: 0.659125
72 338 839 1248 1371 1661 1775 1829 1865 1913 1976 2204 2302 2367 2415 2535 2784 3020 3193 3243 3269 3291 3603 3770 3811 3872 4126 4157 4205 4263 4390 4417 4503 4612 4622 4682 4728 4823 5097 5242 5349 5418 5444 5687 6081 6305 6396 6402 6543 6639 6643 7173 7241 7601 7989 8024 8272 8523 8541 8693 8784 9250 9253 10007 10518 10522 10613 11098 11155 12679 
#module 118 size: 54 bs: 0.746755
294 1331 1479 1486 1513 1651 1737 2121 2249 2434 2893 3037 3350 3463 3996 4001 4019 4051 4401 4880 5305 5778 5890 6368 6391 6630 6748 6754 6850 6966 6974 7110 7115 7350 7661 7721 8142 8172 8254 8320 8565 8579 8986 9021 9151 9197 9363 9509 9708 10358 10699 10978 11143 11228 
#module 119 size: 43 bs: 0.109633
1129 1248 1867 2076 2378 2858 3316 3368 3394 3623 3800 4108 4118 4356 4925 5110 5188 5359 5952 6002 6012 6018 6034 6060 6250 6283 6329 6575 7380 7427 7744 7788 8085 8441 8525 8556 8771 10241 10254 10581 10689 10983 10997 
#module 120 size: 35 bs: 0.50348
699 941 1548 2850 2874 3024 3081 3154 3664 4150 4151 4213 4906 4914 5324 5415 5819 5830 7020 7177 8089 8132 8506 8945 9402 9672 9682 9807 10215 10250 10582 10697 10755 10891 11420 
#module 121 size: 25 bs: 0.696551
63 272 864 1882 2107 2424 2856 2857 2886 2946 3084 3168 3393 3894 4132 4314 4333 4846 6366 6689 7399 9853 10110 10201 11338 
#module 122 size: 42 bs: 1.04603
255 758 1247 1315 1491 1688 1753 1915 2057 2074 2110 2359 2630 2763 3150 3371 3432 3507 3568 3650 3894 3935 4299 4680 4764 5251 6287 6663 7226 7481 7491 8908 8986 9234 9579 9593 9931 10462 10658 11263 11457 12624 
#module 123 size: 24 bs: 1.05012
783 1415 2067 2106 2607 2700 3786 4965 5995 6602 6916 7552 7649 7949 8297 8375 8554 8780 9607 9640 9907 10759 10887 11595 
#module 124 size: 37 bs: 0.109322
616 818 854 1079 1539 1566 1705 2006 2012 2082 2123 2257 2347 2990 3088 3399 3553 4277 4702 4795 5508 6098 6521 6641 6865 7354 7369 7540 7821 7936 8245 8305 8352 8811 9671 9929 11481 
#module 125 size: 35 bs: 0.19229
76 876 1052 1054 1409 2345 3135 3465 3784 4098 4328 4457 5441 5793 6163 6215 6984 7039 7040 7466 7504 8006 8013 8440 8519 8893 9052 9892 10314 10333 10415 10871 10965 11171 11703 
#module 126 size: 57 bs: 0.86737
208 791 1319 1513 1561 1626 1786 1835 1910 1916 1969 2085 2183 2290 2320 2360 2445 2609 2621 2704 2821 2864 2898 3740 3748 3925 3943 4276 4982 5053 5263 5817 5979 6101 6102 6215 6532 6555 6873 6949 7102 7130 7242 7749 7846 8186 8318 9161 9340 9491 10126 10276 10317 10327 10707 11183 12626 
#module 127 size: 41 bs: 0.921147
260 803 1414 1457 1717 2013 2041 2131 2246 2285 2309 2488 2696 3601 3768 3802 3900 4054 4074 4600 4816 5128 5343 5622 6139 6438 6680 6823 7045 7641 8056 8094 8216 8524 8755 8912 9143 9206 10644 10752 10860 
#module 128 size: 36 bs: 0.827338
1029 1427 1827 2251 2592 2645 2832 3555 3617 3728 3901 4073 4232 4409 4591 4635 4653 4907 4914 5223 6212 6686 7042 7227 7307 7356 7864 7919 8272 8848 8975 9009 9316 10512 10921 11428 
#module 129 size: 41 bs: 0.721513
226 554 769 960 1209 1497 1797 2157 2258 2584 2764 2999 3251 3424 3506 4154 4365 5089 5133 5315 5573 5636 6248 6693 7151 7673 7713 7876 7992 8733 8938 9489 9508 9624 9867 10388 10751 10886 11473 11635 11694 
#module 130 size: 120 bs: 0.263934
1 125 188 379 614 932 943 983 1183 1452 1540 1636 1715 1729 1878 1895 2022 2392 2522 2531 2568 2652 2765 2792 2823 2832 2870 2921 3045 3119 3158 3169 3204 3211 3337 3378 3403 3494 3535 3651 3655 3657 3715 3768 3775 3884 3996 4161 4297 4379 4769 4814 4900 4901 5153 5219 5243 5290 5308 5610 5640 5700 5733 5826 5844 5866 5907 5914 6310 6319 6623 6833 7103 7255 7416 7467 7489 7584 7701 7710 7832 8049 8114 8184 8194 8242 8512 8529 8629 8708 8713 8788 8854 9023 9026 9069 9190 9529 10035 10036 10196 10235 10390 10408 10543 10619 10622 10659 10703 10747 10876 10879 10970 10988 11126 11223 11260 11411 11705 11840 
#module 131 size: 33 bs: 0.410229
271 535 672 806 923 1314 1556 1572 1800 1965 1989 2155 2869 2980 3180 3509 3996 4135 4466 4473 4993 5928 6266 6637 7198 8959 8962 9013 9475 9630 10629 10801 11435 
#module 132 size: 157 bs: 0.68342
17 40 43 403 517 677 683 726 789 854 933 945 955 1010 1025 1028 1065 1106 1139 1147 1160 1220 1222 1223 1238 1243 1254 1342 1416 1484 1530 1563 1567 1609 1708 1722 1778 1802 1936 1998 2068 2216 2245 2292 2389 2428 2524 2533 2621 2691 2783 2863 2876 2901 2918 3110 3196 3336 3379 3445 3454 3464 3731 3843 3874 3877 3899 4033 4046 4072 4214 4381 4442 4603 4653 4781 4859 4903 4937 4942 4959 5003 5135 5202 5220 5327 5334 5541 5542 5552 5591 5688 5760 5768 5818 5856 5868 5919 5984 6007 6022 6067 6209 6215 6290 6315 6357 6358 6471 6730 6743 6816 6832 7006 7021 7195 7383 7435 7557 7837 7936 8080 8186 8365 8630 8782 8791 8875 8877 8889 9019 9063 9272 9277 9316 9332 9370 9478 9601 9674 9677 9691 9872 9975 9977 10100 10137 10280 10337 10466 10751 10792 10925 11009 11083 12629 13081 
#module 133 size: 47 bs: 0.791999
637 822 1038 1151 1301 1402 1459 1616 1825 1893 1969 2017 2675 2843 3007 3276 3444 3478 3709 3726 3921 4351 4372 4424 4621 4761 5036 5626 5676 6072 6128 6370 6707 6827 7229 7311 7811 8140 8716 9091 9099 9171 9186 9924 10068 10733 11480 
#module 134 size: 62 bs: 0.577557
492 526 649 650 651 725 873 995 1092 1309 1546 1841 2025 2187 2238 2685 2694 3273 3856 4056 4354 4534 4649 5012 5032 5726 6004 6090 6141 6181 6242 6354 6421 6588 6599 6743 6788 6857 6915 6970 7026 7143 7297 7303 8021 8033 8233 8235 8537 8790 8856 9177 9211 9436 9534 9966 9983 10056 10218 10544 10916 11118 
#module 135 size: 173 bs: 0.103253
2 11 259 313 372 385 413 529 537 580 647 724 805 921 936 970 981 1047 1102 1116 1221 1251 1293 1294 1338 1575 1622 1692 1876 1888 1988 2043 2122 2147 2337 2404 2487 2501 2540 2572 2581 2633 2688 2708 2808 2830 2859 2888 2889 2952 3091 3157 3216 3288 3448 3492 3615 3688 3741 3803 3849 3972 4017 4047 4078 4092 4178 4190 4224 4393 4495 4505 4524 4585 4598 4629 4657 4730 4763 4815 4820 4917 4957 5028 5126 5201 5212 5277 5530 5564 5630 5666 5816 6057 6058 6063 6107 6155 6280 6281 6293 6367 6400 6476 6490 6574 6622 6712 6862 6976 7016 7176 7191 7194 7199 7217 7349 7608 7762 7787 7815 7972 8101 8159 8257 8275 8277 8321 8337 8339 8416 8481 8531 8621 8918 9024 9047 9085 9095 9257 9457 9459 9537 9680 9694 9718 9789 9811 9976 10026 10110 10331 10472 10501 10557 10611 10646 10683 10707 10711 10752 10773 10784 10824 10864 10989 11183 11499 11572 12515 12666 12689 13004 
#module 136 size: 78 bs: 0.475617
35 505 575 600 691 768 791 858 877 1051 1058 1543 1645 1786 2034 2096 2306 2449 2525 3019 3414 3525 3604 3740 3842 3994 4052 4267 4451 4581 4744 4751 4875 4883 4988 5043 5067 5250 5400 5517 5817 5836 6455 6923 6949 6962 6967 6978 7242 7378 7424 7425 7445 7749 7750 7834 8318 8373 8376 8419 8985 9060 9331 9340 9374 9565 9740 9936 9961 9982 10276 10304 10317 10374 10707 10783 11096 11183 
#module 137 size: 35 bs: 0.551387
486 593 782 1215 1672 2120 2391 2409 2488 2671 4070 4074 4357 4600 5335 5343 5490 5771 5815 6042 6381 6425 6493 6613 7209 7575 7800 8058 8216 8301 9342 9821 10193 10403 10948 
#module 138 size: 43 bs: 0.737302
34 830 909 1042 1136 1207 1306 1485 1615 2484 2734 3391 3413 3533 3747 3927 4121 4302 4742 4805 4822 5179 5231 5281 5459 5518 5646 5664 6188 6711 7029 7309 7907 8234 8873 9499 9893 10855 10935 10944 11128 11425 11575 
#module 139 size: 39 bs: 0.153449
862 1029 1096 1739 1806 1924 2846 3042 3098 3341 3743 3952 4635 4684 4785 5553 5637 5721 5862 5873 5935 6212 6321 6375 6563 7699 7723 8053 8103 8552 8770 8828 9954 10169 10308 10381 10432 10767 11203 
#module 140 size: 48 bs: 1.01935
808 983 1287 1458 2021 2050 2137 2661 2860 2950 3074 3356 3521 3660 3682 3776 3837 3890 4230 4577 4620 4760 5004 5134 5208 5694 5758 5895 5912 6091 6113 6665 6904 7003 7599 8001 8200 8488 9716 10040 10147 10303 10628 10683 11140 11183 11962 12741 
#module 141 size: 47 bs: 0.97597
263 264 466 527 688 1044 1088 1339 1709 2160 2297 3109 3202 3394 3415 3637 3729 4117 4811 5114 5457 5509 5600 6152 6720 6766 6908 7538 7556 7666 7693 8151 8225 8266 8522 8667 8980 8981 9141 9581 9734 9890 10010 10765 11335 11475 12715 
#module 142 size: 29 bs: 0.373574
971 1217 1454 1887 1997 2191 2267 2280 2528 2752 3345 3412 3561 4163 4518 4731 5606 5671 7467 7652 7921 8130 8156 9228 9324 9914 10174 11031 12618 
#module 143 size: 30 bs: 0.313572
84 562 593 713 1009 1524 1690 1804 1820 1890 1966 2256 2884 4862 4935 5211 5431 5436 5624 6314 6416 6456 6797 6869 7895 8604 8740 8915 9001 9071 
#module 144 size: 124 bs: 0.520382
189 208 265 532 845 991 998 1025 1074 1128 1156 1487 1488 1518 1641 1659 1787 1969 2141 2194 2373 2492 2676 2719 2849 2881 2929 2930 2943 3092 3131 3206 3232 3254 3306 3322 3373 3609 3666 3745 3756 3883 3940 3963 4173 4227 4257 4281 4291 4542 4676 4761 5216 5386 5676 5713 5769 5902 6047 6072 6102 6181 6206 6233 6237 6262 6460 6466 6526 6529 6599 6698 6788 6852 6979 7026 7079 7107 7112 7319 7551 7614 7650 7679 7696 7911 8119 8145 8462 8622 8673 8716 8871 8905 8907 8917 8923 8978 9057 9101 9209 9267 9357 9358 9417 9602 9685 9920 9980 10103 10123 10198 10266 10275 10337 10376 10591 10772 10839 10884 11211 11447 12642 12902 
#module 145 size: 36 bs: 1.0045
21 166 460 810 892 1134 1747 1748 1888 2317 3992 4370 4606 4615 5325 5428 5447 5782 5909 6256 6286 6831 6983 7038 7155 7287 7563 7629 7960 8148 8508 8743 9268 9933 10112 11696 
#module 146 size: 46 bs: 0.339997
592 1843 2101 2221 2516 2541 2570 2800 3028 3138 3263 3446 3718 4050 4057 4339 4562 4821 4873 4973 5025 5086 5691 5896 6377 6620 6758 7144 7278 7452 7688 7756 7764 7909 8476 8982 9354 9521 9819 10287 10814 10919 10999 11135 12990 13010 
#module 147 size: 42 bs: 0.312469
262 886 901 917 1073 1956 2806 2912 2916 2963 3257 3264 3462 3646 3754 4597 5030 5102 5139 6203 6952 7168 7372 7441 8608 9058 9062 9089 9376 9381 9444 9516 9656 9986 10099 10211 10219 10404 10407 10783 10796 11695 
#module 148 size: 124 bs: 0.435938
229 298 467 518 598 844 885 1042 1066 1081 1114 1119 1155 1226 1365 1391 1471 1528 1547 1593 1634 1635 1652 1666 1681 1704 1869 2082 2083 2103 2286 2370 2374 2440 2495 2611 2629 2713 2835 3139 3185 3188 3298 3399 3470 3509 3569 3582 3585 3717 3764 3829 3838 3995 4000 4123 4333 4531 4582 4762 5082 5086 5139 5179 5195 5571 5593 5628 5657 5674 5714 5844 5852 6153 6184 6374 6647 6798 6805 6822 6846 6994 6996 7001 7056 7221 7365 7411 7615 7878 7891 7940 7958 8086 8138 8299 8350 8520 8564 8598 8738 8793 8829 8883 8946 9002 9079 9263 9265 9320 9623 10050 10461 10596 10700 10706 10841 11017 11082 11256 11456 11878 12492 12881 
#module 149 size: 96 bs: 0.249894
25 684 764 972 1005 1063 1087 1262 1278 1448 1517 1545 1573 1818 1847 1862 1873 1992 2220 2264 2266 2457 2530 2616 2649 2824 2841 2967 2970 2976 3566 3616 3716 3778 3819 3869 4104 4143 4305 4353 4380 4384 4429 4486 4519 4563 4735 4971 5001 5031 5045 5061 5175 5292 5319 5330 5539 5618 5647 5689 5820 5827 5868 5884 5996 6121 6131 6433 6599 6925 6986 7220 7299 7306 7444 7577 7597 8280 8332 8526 8812 9418 9442 9547 9653 9895 9901 9973 10119 10203 10267 10684 10705 10768 11491 12950 
#module 150 size: 33 bs: 1.00057
1359 1448 1571 1696 2481 2550 2839 3346 3400 3871 4385 4564 4736 5065 5154 5225 5575 5752 6336 6344 6380 6440 6530 6901 7555 8003 8227 8948 9135 10356 10515 10885 12510 
#module 151 size: 58 bs: 0.495336
771 813 993 1030 1150 1333 1407 1493 1531 1650 1958 2186 2212 2573 2577 2640 2994 3063 3192 3222 3361 3375 3463 3524 3679 4170 4231 4688 4707 4945 5043 5208 5455 5765 5824 5918 5951 6089 6114 6335 6848 7014 7070 7661 7740 7952 8671 8766 8836 9162 9215 9792 10206 10238 10362 10431 10672 10699 
#module 152 size: 32 bs: 0.458376
1678 1974 2578 2998 3106 3570 3577 4291 4671 4722 5116 5271 5283 5722 5893 6301 6742 7340 7373 7519 7790 7985 8346 8949 9292 9294 9528 10055 10399 10620 11133 11405 
#module 153 size: 46 bs: 0.951784
191 508 640 678 940 1055 1162 1977 2009 2555 2753 3075 3219 3435 3500 3641 3765 3788 3797 4189 4191 5473 5538 5574 5660 6268 6274 6283 6607 6660 6845 6870 7156 7179 7238 7310 7522 7817 7860 8259 8625 9366 10045 10662 11021 11079 
#module 154 size: 395 bs: 0.653005
2 47 54 254 273 291 381 471 484 487 488 489 503 537 542 584 599 602 603 605 616 772 800 814 840 879 885 935 958 959 961 990 1004 1067 1082 1122 1155 1200 1234 1235 1258 1266 1294 1305 1312 1317 1320 1351 1355 1372 1420 1453 1482 1520 1568 1576 1605 1610 1631 1658 1698 1767 1770 1783 1788 1791 1812 1875 1879 1903 1999 2048 2079 2111 2127 2174 2181 2188 2203 2219 2239 2289 2330 2339 2342 2353 2446 2467 2471 2486 2558 2562 2660 2706 2739 2756 2768 2845 2848 2906 2933 2936 2952 2965 2992 3004 3070 3096 3107 3127 3141 3149 3184 3203 3216 3220 3240 3259 3329 3351 3370 3372 3401 3402 3456 3468 3539 3549 3551 3569 3588 3676 3680 3735 3737 3803 3863 3913 3955 3966 4017 4022 4029 4030 4048 4067 4078 4094 4125 4127 4168 4178 4184 4201 4209 4253 4290 4368 4386 4388 4400 4416 4421 4481 4511 4554 4571 4628 4654 4660 4667 4737 4801 4804 4812 4938 4978 5013 5037 5039 5042 5063 5127 5138 5169 5272 5323 5395 5414 5501 5505 5523 5527 5528 5561 5570 5590 5596 5597 5620 5648 5649 5650 5666 5679 5681 5741 5754 5767 5796 5816 5844 5851 5858 5908 5934 5962 5972 5999 6019 6061 6064 6076 6077 6202 6231 6239 6323 6403 6461 6476 6502 6518 6559 6580 6635 6648 6662 6670 6708 6839 6840 6854 6882 6910 6928 6980 7004 7142 7165 7187 7193 7199 7223 7240 7249 7254 7256 7257 7291 7305 7359 7361 7389 7419 7447 7497 7498 7505 7553 7570 7587 7619 7635 7658 7669 7700 7735 7743 7795 7835 7847 7913 7950 7980 7993 8010 8019 8047 8069 8117 8123 8129 8158 8166 8175 8191 8229 8263 8289 8293 8303 8316 8362 8386 8392 8502 8510 8521 8580 8619 8624 8670 8709 8783 8814 8818 8837 8886 8916 9016 9037 9038 9055 9076 9097 9199 9245 9257 9275 9303 9313 9329 9373 9446 9510 9526 9544 9548 9589 9596 9610 9669 9670 9680 9747 9801 9817 9840 9841 9858 9870 9883 9888 9891 9949 9976 10028 10057 10072 10138 10158 10164 10173 10181 10205 10221 10224 10228 10255 10257 10264 10324 10345 10492 10501 10510 10531 10721 10738 10744 10754 10869 10938 10952 11070 11125 11147 11180 11264 11436 11446 11565 11885 12949 
#module 155 size: 79 bs: 0.102317
38 274 327 779 787 938 1015 1177 1213 1216 1237 1307 1330 1468 1504 2202 2383 2464 2469 2517 2656 2915 3017 3215 3382 3405 3421 3692 3857 3865 3985 4069 4071 4404 4411 4733 4845 4891 5029 5115 5299 5442 5612 5686 5708 5848 6093 6142 6349 6517 6813 7167 7324 7457 7688 7959 8034 8164 8355 8439 8503 8609 8714 8727 8777 8788 9027 9048 9189 9255 9289 9317 9438 9524 9968 10064 10349 10629 11498 
#module 156 size: 194 bs: 1.01718
13 14 20 66 172 611 977 996 1006 1115 1145 1169 1254 1280 1295 1311 1353 1360 1378 1389 1403 1405 1411 1439 1444 1469 1516 1760 1769 1824 1833 1842 1846 1897 2000 2004 2138 2242 2298 2299 2349 2366 2369 2493 2505 2689 2703 2732 2778 2951 2987 3143 3187 3390 3461 3591 3624 3640 3828 3844 3860 3865 3876 4031 4061 4149 4169 4206 4218 4221 4228 4240 4358 4382 4407 4459 4496 4532 4549 4575 4610 4664 4665 4745 4809 5035 5051 5059 5084 5113 5117 5161 5184 5228 5255 5337 5385 5398 5420 5479 5631 5677 5707 5744 5865 5923 5992 6043 6052 6109 6143 6219 6324 6465 6519 6533 6569 6578 6740 7024 7124 7145 7157 7265 7313 7329 7431 7446 7453 7456 7478 7501 7527 7549 7893 7931 8008 8023 8178 8306 8357 8382 8443 8615 8674 8676 8758 8776 8847 8988 9018 9041 9061 9098 9102 9139 9223 9389 9512 9536 9540 9545 9621 9651 9654 9688 9702 9765 10000 10091 10108 10132 10166 10182 10223 10226 10293 10311 10351 10488 10563 10565 10612 10615 10725 10857 10908 11114 11239 11419 11699 11788 12523 12958 
#module 157 size: 185 bs: 0.182052
16 206 378 447 604 647 925 934 960 1035 1039 1100 1335 1368 1387 1443 1464 1503 1521 1529 1587 1657 1697 1720 1726 1733 1799 1826 1837 1866 1901 2028 2036 2040 2078 2139 2178 2198 2341 2385 2438 2444 2461 2465 2491 2547 2567 2938 2958 2972 3147 3160 3278 3403 3416 3423 3453 3528 3566 3698 3732 3822 3895 3962 3969 3977 4107 4112 4208 4209 4283 4387 4410 4450 4461 4503 4679 4708 4807 4837 4865 4893 4919 4978 4979 4983 4984 5073 5077 5098 5151 5159 5316 5408 5464 5532 5547 5625 5669 5742 5800 5847 5915 5924 6092 6164 6272 6385 6447 6451 6457 6472 6474 6541 6604 6606 6697 6874 6880 6964 6988 7119 7187 7270 7316 7393 7434 7449 7510 7513 7548 7587 7712 7837 7839 7869 7889 7945 8032 8077 8161 8179 8243 8335 8407 8426 8453 8475 8533 8548 8587 8749 8820 9346 9473 9488 9508 9541 9543 9561 9710 9784 9898 9981 10053 10076 10192 10247 10346 10441 10461 10469 10509 10567 10568 10641 10690 10746 10753 10762 10883 11069 12162 12568 12980 
#module 158 size: 53 bs: 0.261484
39 847 1031 1149 1150 1163 1506 1535 1612 1742 1785 1838 1959 2243 2663 3071 3218 3817 4013 4447 4594 4617 4782 4908 4948 5417 6015 6598 6772 6997 7083 7326 7368 7670 7727 8078 8427 8827 8859 8869 8935 9185 9270 9338 9375 9545 10067 10202 10212 10450 10474 10950 11388 
#module 159 size: 57 bs: 0.440782
870 1125 1202 1347 1477 1560 1630 1776 2766 3166 3433 3548 3850 4340 4422 4630 4661 4697 4796 5434 5461 5624 5728 5886 6149 6350 6616 6646 6955 7050 7086 7087 7447 7546 7547 7680 8110 8523 8584 8672 8728 8750 8761 8802 9287 9689 9726 9816 9955 10149 10179 10344 10413 10708 10904 11006 11556 
#module 160 size: 138 bs: 0.70591
54 480 544 580 762 767 994 1095 1194 1204 1208 1383 1408 1654 1782 1808 1839 1871 1872 2104 2130 2133 2172 2279 2284 2380 2381 2393 2425 2576 2651 2653 2665 2712 2714 2723 2728 2767 2817 2942 3087 3100 3153 3170 3223 3271 3381 3480 3550 3600 3681 4004 4033 4162 4222 4236 4498 4588 4666 4674 4719 4754 4840 5040 5101 5217 5232 5273 5440 5601 5603 5621 5704 5705 5802 6036 6066 6084 6194 6205 6346 6391 6420 6468 6499 6540 6548 6769 6801 6829 6920 6948 7005 7078 7269 7334 7410 7681 7692 7709 7898 8247 8345 8452 8542 8563 8566 8650 8668 8680 8772 8861 8937 8970 9025 9039 9073 9127 9155 9407 9420 9533 9578 9998 10045 10068 10077 10315 10443 10574 10627 10678 11009 11412 11437 11599 11701 12077 
#module 161 size: 88 bs: 0.702021
716 975 1027 1233 1292 1377 1519 1586 1676 1712 1831 2146 2227 2265 2300 2639 2823 3113 3128 3283 3308 3438 3512 3826 4020 4282 4315 4327 4334 4523 4662 4732 4788 4990 5005 5088 5210 5233 5495 5602 5806 5959 6174 6175 6217 6254 6467 6515 6531 6591 6597 6694 6702 6826 6855 7051 7175 7402 7500 7623 7672 7792 7801 7900 7905 7950 8676 9518 9552 9832 9852 9899 9928 9939 10069 10073 10151 10359 10473 10551 10769 10774 10942 10975 11011 11108 11552 12678 
#module 162 size: 36 bs: 0.448723
28 443 622 632 924 984 1287 1383 1431 2218 2576 2751 3287 3303 3317 3498 4233 5162 5275 5704 6154 6255 6755 7412 7543 7808 8217 8271 8538 9723 9763 9887 10332 10799 10955 11613 
#module 163 size: 59 bs: 0.217313
311 689 1489 1928 1932 2169 2489 2816 2844 2879 3009 3093 3235 3583 3686 4100 4377 4512 4663 4752 4860 4920 5443 5570 5661 5785 5797 5944 6031 6119 6230 6361 6459 6494 6514 6674 6842 7258 7635 7658 7785 8035 8489 8750 8768 8858 9004 9213 9667 9771 10355 10789 10869 11463 12264 12511 12573 12683 12903 
#module 164 size: 54 bs: 0.146532
196 197 589 948 1182 1225 1526 1620 1745 1750 1771 1780 2773 2937 3029 3042 3190 3355 3642 3720 3820 4145 4262 4436 4546 5078 5081 5163 5699 5701 6627 6759 6774 6995 7207 7312 7391 7620 7627 8021 8100 8627 8787 9230 9297 9399 9415 9700 9754 10424 10471 10729 10763 10812 
#module 165 size: 37 bs: 0.327137
520 1270 1565 1584 1947 2066 2539 2602 2693 2799 2802 2851 2911 3003 3133 3156 3290 3362 3611 4124 4271 5224 5491 5551 5643 5652 5905 6903 7657 8326 8483 8591 8642 9577 9761 10013 11418 
#module 166 size: 20 bs: 0.851353
804 1126 1138 1472 1683 2614 2791 3146 4045 4678 4691 4753 6135 6745 6779 7386 8394 8867 9252 10603 
#module 167 size: 105 bs: 0.796159
335 564 621 673 705 729 1166 1418 1434 1466 1496 1759 1845 1889 1923 1964 2328 2430 2481 2504 2781 2910 3015 3191 3214 3299 3442 3472 3519 3683 3719 3750 3870 3886 3906 3907 3938 4026 4032 4036 4235 4443 4456 4544 4547 4553 4570 4611 4694 4758 4827 4869 5022 5109 5160 5309 5462 5506 5562 5735 5780 5809 6085 6175 6247 6279 6340 6393 6485 6636 6655 6715 6800 6843 7160 7225 7266 7836 7854 8221 8379 8592 8692 8830 9140 9359 9403 9501 9658 9791 9950 10012 10089 10319 10577 10748 10811 10818 10951 10966 11093 11095 11712 12382 12605 
#module 168 size: 87 bs: 0.802767
3 173 178 224 849 874 986 1026 1053 1059 1078 1133 1440 1465 1581 1674 1675 1680 1751 1904 2254 2458 2536 2556 2682 2724 2969 3059 3171 3182 3557 3644 3755 3763 3814 3930 4005 4051 4316 4361 4539 5112 5166 5341 5510 5667 5861 5917 5947 5980 6183 6208 6313 6445 6601 6770 6789 6851 6884 6990 7302 7417 7512 7568 7772 7813 7829 7978 8051 8055 8061 8241 8410 8500 8699 8701 9364 9422 10310 10631 10667 10705 10756 10777 10780 11262 12595 
#module 169 size: 163 bs: 0.338059
53 58 67 464 498 670 679 807 817 853 882 889 890 894 988 1112 1151 1261 1267 1273 1364 1558 1582 1632 1673 1686 1817 1840 1907 1920 1927 1933 1939 2075 2126 2142 2182 2222 2319 2334 2340 2372 2565 2583 2957 3040 3046 3179 3217 3342 3365 3430 3444 3455 3496 3505 3573 3649 3658 3805 3809 3832 4119 4280 4287 4465 4618 4627 4630 4671 4779 4794 4806 4829 4895 4929 4995 5183 5241 5396 5465 5469 5478 5537 5559 5619 5698 5702 5877 5888 6079 6151 6214 6295 6298 6345 6526 6566 6625 6642 6872 6924 6942 6987 7000 7044 7059 7090 7116 7364 7484 7490 7524 7536 7682 7702 7706 7766 7794 7986 8028 8192 8237 8258 8288 8294 8319 8405 8445 8484 8756 8862 8940 8943 8957 8977 9040 9147 9180 9285 9343 9441 9466 9570 9662 9799 10102 10236 10579 10712 10826 10844 10852 10889 10920 11142 11172 11445 11453 12216 12228 12663 12681 
#module 170 size: 61 bs: 0.567266
17 482 917 924 1008 1143 1384 1663 1896 1955 2259 2520 2695 2761 2774 2837 2978 3005 3063 3114 3293 3782 3922 4010 4274 4490 4659 4842 4870 4915 5027 5044 5614 5734 6177 6312 6428 6621 7044 7602 7605 7742 7990 8115 8189 8231 8626 8683 8744 8767 8971 9074 9412 9423 9463 9627 10597 10761 10881 11100 11441 
#module 171 size: 17 bs: 0.793159
257 1385 1987 2891 3547 3793 5367 6232 6339 6817 7827 7932 8395 9246 9663 10047 10070 
#module 172 size: 55 bs: 0.900526
233 784 1123 1148 1388 2240 2272 2274 2534 2544 2582 2826 3429 3718 3738 3937 4269 4399 4645 4881 5010 5237 5366 5876 6166 6171 6195 6501 6539 6546 6590 7081 7092 7189 7244 7496 7842 8030 8088 8499 8570 8576 8666 8936 9068 9219 9233 9379 9767 10000 10046 10334 10387 11113 12591 
#module 173 size: 1 bs: 1
8866 
#module 174 size: 1 bs: 1
6709 
#module 175 size: 1 bs: 1
8106 
#module 176 size: 1 bs: 1
4420 
#module 177 size: 1 bs: 1
9850 
#module 178 size: 1 bs: 1
5942 
#module 179 size: 1 bs: 1
6750 
#module 180 size: 1 bs: 1
5840 
#module 181 size: 1 bs: 1
2468 
#module 182 size: 1 bs: 1
3744 
#module 183 size: 1 bs: 1
3297 
#module 184 size: 1 bs: 1
8679 
#module 185 size: 1 bs: 1
7133 
#module 186 size: 1 bs: 1
6699 
#module 187 size: 1 bs: 1
6820 
#module 188 size: 1 bs: 1
5454 
#module 189 size: 1 bs: 1
2868 
#module 190 size: 1 bs: 1
6612 
#module 191 size: 1 bs: 1
10044 
#module 192 size: 1 bs: 1
8942 
#module 193 size: 1 bs: 1
446 
#module 194 size: 1 bs: 1
6094 
#module 195 size: 1 bs: 1
9368 
#module 196 size: 1 bs: 1
3436 
#module 197 size: 1 bs: 1
1941 
#module 198 size: 1 bs: 1
1589 
#module 199 size: 1 bs: 1
4015 
#module 200 size: 1 bs: 1
7874 
#module 201 size: 1 bs: 1
10163 
#module 202 size: 1 bs: 1
3700 
#module 203 size: 1 bs: 1
10372 
#module 204 size: 1 bs: 1
5804 
#module 205 size: 1 bs: 1
6640 
#module 206 size: 1 bs: 1
4395 
#module 207 size: 1 bs: 1
182 
#module 208 size: 1 bs: 1
3608 
#module 209 size: 1 bs: 1
4640 
#module 210 size: 1 bs: 1
10171 
#module 211 size: 1 bs: 1
8082 
#module 212 size: 1 bs: 1
2718 
#module 213 size: 1 bs: 1
7511 
#module 214 size: 1 bs: 1
3948 
#module 215 size: 1 bs: 1
8618 
#module 216 size: 1 bs: 1
6960 
#module 217 size: 1 bs: 1
5692 
#module 218 size: 1 bs: 1
2323 
#module 219 size: 1 bs: 1
8896 
#module 220 size: 1 bs: 1
11740 
#module 221 size: 1 bs: 1
2941 
#module 222 size: 1 bs: 1
7454 
#module 223 size: 1 bs: 1
8490 
#module 224 size: 1 bs: 1
3177 
#module 225 size: 1 bs: 1
5608 
#module 226 size: 1 bs: 1
5274 
#module 227 size: 1 bs: 1
582 
#module 228 size: 1 bs: 1
301 
#module 229 size: 1 bs: 1
5075 
#module 230 size: 1 bs: 1
9194 
#module 231 size: 1 bs: 1
3626 
#module 232 size: 1 bs: 1
5076 
#module 233 size: 1 bs: 1
7488 
#module 234 size: 1 bs: 1
4568 
#module 235 size: 1 bs: 1
10258 
#module 236 size: 1 bs: 1
7204 
#module 237 size: 1 bs: 1
6939 
#module 238 size: 1 bs: 1
9249 
#module 239 size: 1 bs: 1
8128 
#module 240 size: 1 bs: 1
7923 
#module 241 size: 1 bs: 1
6294 
#module 242 size: 1 bs: 1
8363 
#module 243 size: 1 bs: 1
3672 
#module 244 size: 1 bs: 1
832 
#module 245 size: 1 bs: 1
4967 
#module 246 size: 1 bs: 1
4717 
#module 247 size: 1 bs: 1
3520 
#module 248 size: 1 bs: 1
4261 
#module 249 size: 1 bs: 1
2098 
#module 250 size: 1 bs: 1
6930 
#module 251 size: 1 bs: 1
4932 
#module 252 size: 1 bs: 1
3431 
#module 253 size: 1 bs: 1
5131 
#module 254 size: 1 bs: 1
5207 
#module 255 size: 1 bs: 1
846 
#module 256 size: 1 bs: 1
6571 
#module 257 size: 1 bs: 1
5641 
#module 258 size: 1 bs: 1
1256 
#module 259 size: 1 bs: 1
1538 
#module 260 size: 1 bs: 1
8031 
#module 261 size: 1 bs: 1
4186 
#module 262 size: 1 bs: 1
8244 
#module 263 size: 1 bs: 1
1971 
#module 264 size: 1 bs: 1
4949 
#module 265 size: 1 bs: 1
10400 
#module 266 size: 1 bs: 1
8700 
#module 267 size: 1 bs: 1
978 
#module 268 size: 1 bs: 1
9477 
#module 269 size: 1 bs: 1
3933 
#module 270 size: 1 bs: 1
4968 
#module 271 size: 1 bs: 1
6487 
#module 272 size: 1 bs: 1
12652 
#module 273 size: 1 bs: 1
6866 
#module 274 size: 1 bs: 1
8356 
#module 275 size: 1 bs: 1
6124 
#module 276 size: 1 bs: 1
11261 
#module 277 size: 1 bs: 1
9302 
#module 278 size: 1 bs: 1
6542 
#module 279 size: 1 bs: 1
4975 
#module 280 size: 1 bs: 1
9846 
#module 281 size: 1 bs: 1
10526 
#module 282 size: 1 bs: 1
10569 
