#module 0 size: 4 bs: 0.305651
619 1542 2271 5051 
#module 1 size: 10 bs: 0.510028
1531 1757 1935 3274 4571 4580 5393 5549 6141 6237 
#module 2 size: 7 bs: 0.598175
678 1159 3626 4732 5248 6076 6866 
#module 3 size: 4 bs: 1.03437
1464 3219 6774 6838 
#module 4 size: 15 bs: 0.561128
617 1638 1722 1945 2514 2779 3263 3398 3607 3781 3807 4273 4599 4816 6145 
#module 5 size: 4 bs: 0.441897
1143 3243 5951 6902 
#module 6 size: 5 bs: 0.654814
1653 1999 3319 4192 5722 
#module 7 size: 28 bs: 0.929593
907 1084 1291 1468 1648 2138 2387 2452 3309 3441 3565 3831 3838 4067 4108 4232 4247 4430 4489 4619 4790 5154 5420 5732 5854 6225 6656 6711 
#module 8 size: 24 bs: 0.220594
202 438 629 772 1052 1056 1060 1132 1770 2038 2209 2217 2734 2947 3616 3792 3923 4315 4785 4875 5233 5452 6052 6134 
#module 9 size: 6 bs: 0.882233
962 3016 3501 3617 4129 6824 
#module 10 size: 41 bs: 0.200323
8 43 124 209 378 487 799 1026 1173 1371 1899 2230 2278 2898 2917 3180 3481 3640 3669 3676 4083 4178 4429 4530 4577 4594 4743 4818 4949 5045 5053 5182 5351 5681 5702 5795 6311 6333 6480 6615 6667 
#module 11 size: 42 bs: 0.206973
273 665 693 785 876 890 982 1102 1226 1633 1714 2111 2252 2464 2615 2621 2638 2751 2969 3165 3316 3539 3727 4053 4280 4862 4887 4963 5222 5599 5610 5631 5645 5754 5884 5902 6019 6047 6074 6588 6612 6849 
#module 12 size: 5 bs: 0.640439
965 1545 1602 1706 5984 
#module 13 size: 35 bs: 0.994324
208 493 702 870 941 1120 1207 1352 1704 1881 1929 2289 2385 2515 2544 2604 2669 2766 2815 3235 3624 4059 4131 4320 4365 4771 4913 4917 4946 5340 5686 5785 6397 6432 6826 
#module 14 size: 37 bs: 0.773293
105 260 287 320 418 587 671 1415 1600 1616 1726 1766 2150 2157 2284 2556 2701 2749 2954 2990 3954 4016 4362 4531 4591 4730 4873 5188 5258 5516 5838 5891 6474 6507 6561 6664 6677 
#module 15 size: 8 bs: 0.426837
236 2086 3004 3898 4141 4242 4456 5738 
#module 16 size: 28 bs: 0.748306
495 791 889 1185 1247 1506 1520 1625 1896 2160 2269 2424 2425 2772 2825 3534 4345 4595 4863 5395 5579 6046 6225 6265 6330 6481 6650 6719 
#module 17 size: 32 bs: 0.402748
240 472 535 622 710 776 932 1020 1317 1431 1519 1955 1992 2006 2744 3040 3329 3499 3586 3753 4398 4739 5259 5511 5829 5924 6216 6710 6787 6800 6825 6844 
#module 18 size: 50 bs: 0.421845
374 412 578 1478 1500 1525 1662 2052 2075 2390 2579 2640 2909 2937 3017 3220 3291 3347 3380 3442 3609 3666 3799 3896 3927 3964 3991 4001 4004 4119 4195 4231 4744 4757 4838 5006 5294 5564 5690 5980 6034 6186 6382 6591 6636 6809 6862 6900 6911 6921 
#module 19 size: 8 bs: 0.670302
2094 2951 3443 4799 4857 5687 6872 6873 
#module 20 size: 9 bs: 0.117143
621 630 1728 2317 3600 4780 4954 6013 6408 
#module 21 size: 46 bs: 0.900206
54 147 151 201 478 858 996 1023 1123 1136 1164 1165 1175 1241 1256 1324 1594 1634 1684 1719 1835 2107 2163 2377 2548 2717 2757 3364 3436 3811 3827 3864 4631 4633 4721 4882 4883 4988 5123 5832 5859 6325 6552 6597 6757 6840 
#module 22 size: 47 bs: 1.03883
182 229 235 562 875 1178 1235 1272 1273 1612 1754 1862 1882 1894 2212 2220 2369 2431 2599 2618 2887 2919 3069 3187 3406 3556 3823 3885 4006 4212 4375 4436 4679 4780 4952 5214 5301 5378 5453 5461 5622 5801 5900 6194 6227 6626 6812 
#module 23 size: 44 bs: 0.349244
253 341 437 523 660 804 1075 1376 1606 1699 1887 1928 1940 2092 2127 2190 2414 2597 2722 2739 2777 3012 3285 3533 3633 3679 3736 4058 4139 4222 4413 4533 4647 5032 5072 5173 5434 5459 5689 5694 6050 6166 6168 6238 
#module 24 size: 30 bs: 0.908757
230 375 601 624 713 768 1287 1384 1974 1977 2205 2789 2899 2949 3300 3375 3860 4073 4283 4623 4813 5374 5677 5799 5804 6300 6379 6654 6673 6827 
#module 25 size: 93 bs: 0.670613
81 238 399 401 408 421 454 471 669 692 694 798 831 867 1122 1157 1167 1181 1201 1260 1283 1444 1454 1533 1737 1902 1964 2018 2142 2171 2214 2226 2247 2408 2432 2502 2516 2517 2552 2590 2656 2740 2765 2782 2863 3050 3057 3100 3119 3120 3153 3224 3284 3396 3459 3517 3608 3705 3706 3725 3842 3853 3922 3926 4026 4097 4390 4442 4666 4733 4888 5009 5055 5079 5106 5163 5250 5264 5314 5328 5404 5438 5445 5498 5780 5783 6212 6456 6709 6734 6773 6847 6870 
#module 26 size: 25 bs: 0.632608
529 540 968 1047 1058 1619 1788 1908 2147 2225 2808 4193 4234 4391 4579 4709 4823 5150 5950 6126 6226 6270 6396 6505 6605 
#module 27 size: 97 bs: 0.583211
155 207 213 227 305 390 449 473 529 537 646 653 777 783 821 827 829 837 981 997 1120 1163 1198 1302 1312 1313 1443 1466 1492 1495 1547 1644 1683 1702 1739 1830 1833 1858 1875 1954 1993 2039 2128 2158 2167 2380 2445 2557 2676 2699 2709 2736 2795 2934 3082 3096 3115 3170 3261 3378 3440 3448 3582 3670 3873 4073 4166 4354 4365 4366 4496 4521 4745 4756 4975 5014 5030 5129 5371 5604 5853 6075 6160 6264 6350 6353 6361 6394 6425 6446 6454 6523 6602 6636 6656 6760 6785 
#module 28 size: 7 bs: 1.08469
1624 1646 3546 4847 4880 5047 5458 
#module 29 size: 9 bs: 0.125304
312 552 1665 1772 2321 3745 4761 5464 5946 
#module 30 size: 7 bs: 0.112792
1063 1246 1372 2892 3852 4101 6162 
#module 31 size: 14 bs: 0.758555
52 877 1743 2497 3001 4245 4921 5362 5447 5695 5945 6553 6620 6703 
#module 32 size: 11 bs: 0.387102
631 767 1527 2929 3032 3359 4285 4621 5291 5888 6536 
#module 33 size: 17 bs: 0.293867
165 548 711 1450 1785 1789 2057 2558 2763 2834 4970 5270 5669 5672 5769 6364 6560 
#module 34 size: 23 bs: 0.896585
184 349 577 928 1296 1903 1946 2043 2145 2156 2165 2279 3211 3342 3346 3826 4399 4532 4890 5083 5925 6518 6879 
#module 35 size: 34 bs: 0.644397
161 446 465 856 1070 1250 1723 2412 2649 3215 3254 3326 3527 3847 4112 4125 4148 4207 4324 4610 4882 5091 5101 5166 5207 5583 5705 5712 6392 6406 6482 6537 6916 6922 
#module 36 size: 62 bs: 0.199433
50 109 112 355 741 775 815 951 1080 1171 1448 1750 1826 1834 1979 2106 2119 2179 2266 2286 2327 2371 2603 2801 2889 2930 3072 3185 3295 3500 3528 3612 3713 3820 3944 4003 4138 4238 4284 4482 4729 4735 4800 4849 4962 4998 5196 5230 5296 5319 5326 5385 5912 5972 6043 6202 6337 6419 6506 6799 6819 6841 
#module 37 size: 49 bs: 0.927851
89 220 268 340 461 514 547 609 824 894 919 1038 1053 1073 1353 1534 1563 1596 1911 1918 1959 2011 2068 2078 2148 2441 2478 2786 2955 3018 3299 3537 3613 3710 3780 3875 4072 4235 4378 4760 4812 4948 5419 5484 5757 5852 6418 6717 6857 
#module 38 size: 55 bs: 0.908215
49 276 383 521 554 699 726 930 1076 1197 1255 1284 1441 1791 2248 2254 2372 2562 2723 2784 2858 2932 3186 3206 3218 3240 3413 3502 4013 4071 4075 4124 4220 4424 4708 4848 4869 5124 5181 5565 5575 5673 5751 5857 5886 6116 6142 6294 6431 6512 6539 6564 6628 6699 6856 
#module 39 size: 55 bs: 0.98095
42 56 198 274 388 572 774 851 969 979 1048 1332 1423 1447 1620 1657 1711 1738 2047 2051 2346 2489 2510 2574 2648 2704 2800 2833 3275 3303 3407 3874 4076 4164 4281 4623 4808 4949 5017 5026 5165 5478 5680 5698 5699 5731 5820 5987 6245 6356 6420 6513 6586 6736 6806 
#module 40 size: 15 bs: 0.48016
263 313 1746 1840 2661 2684 2880 3019 3552 3915 4449 5105 5819 6232 6886 
#module 41 size: 7 bs: 0.154236
245 1232 2323 3769 4669 5968 6592 
#module 42 size: 46 bs: 0.954278
417 516 634 645 807 854 914 1066 1108 1158 1326 1390 1411 1572 1605 1636 1641 1692 1872 1947 2075 2080 2089 2509 2972 2988 3341 3611 3682 3855 4122 4172 4191 4269 4517 4697 4958 4973 5542 5846 5850 5858 6029 6272 6403 6600 
#module 43 size: 60 bs: 0.605503
116 299 582 642 730 745 788 1034 1162 1228 1233 1449 1480 1521 1524 1548 1554 1586 1963 1973 2029 2083 2112 2135 2456 2785 2809 2876 2918 2991 3321 3325 3349 3755 3849 3958 4262 4372 4525 4701 4831 5119 5462 5463 5523 5544 5562 5661 5784 5872 6030 6032 6205 6213 6307 6332 6482 6519 6635 6687 
#module 44 size: 29 bs: 0.843338
39 124 372 451 1337 1679 1689 1745 1936 2455 2871 2901 3236 3262 3292 3450 3584 3635 4030 4036 4054 4197 4225 4337 4440 5062 5370 5996 6878 
#module 45 size: 123 bs: 0.973175
11 29 31 104 198 226 371 571 573 596 751 774 805 851 871 969 1003 1032 1045 1129 1134 1158 1199 1212 1286 1295 1414 1433 1440 1499 1535 1626 1632 1657 1671 1709 1761 1865 1906 1957 2007 2024 2047 2091 2104 2311 2317 2325 2333 2410 2596 2746 2747 2752 2860 2897 2978 3005 3031 3184 3472 3520 3956 3989 4092 4120 4167 4170 4173 4223 4237 4301 4314 4353 4356 4408 4421 4524 4549 4589 4760 4802 4877 4901 5017 5066 5074 5113 5132 5144 5184 5348 5356 5405 5492 5529 5625 5634 5678 5680 5723 5739 5869 5883 5898 5932 5942 6058 6245 6266 6356 6383 6385 6467 6483 6533 6555 6637 6643 6694 6764 6766 6806 
#module 46 size: 47 bs: 0.641244
6 200 222 415 432 442 477 592 729 1239 1462 1574 1851 1864 1954 1997 2132 2166 2259 2299 2331 2458 2461 2477 2780 3075 3078 3122 3470 3475 3665 4002 4044 4089 4177 4381 4828 4832 4845 5074 5292 5786 5800 5874 6021 6557 6596 
#module 47 size: 10 bs: 0.774568
14 848 1437 2095 2118 3283 5401 5830 5837 6258 
#module 48 size: 32 bs: 0.461517
66 223 618 667 715 883 988 1092 1276 1434 1721 1923 1941 2178 2185 2267 2308 2742 3161 3289 3709 3865 4130 4193 4405 5022 5187 5210 5360 5734 6131 6595 
#module 49 size: 69 bs: 0.867354
175 232 271 502 575 626 732 812 818 835 942 1054 1059 1189 1225 1299 1327 1604 1727 1781 1803 1848 2087 2206 2228 2301 2356 2576 2827 2856 2985 3002 3034 3073 3092 3142 3217 3261 3323 3368 3376 3571 3664 3693 3748 3819 4203 4252 4385 4454 4603 4678 4776 4869 5007 5195 5227 5253 5279 5365 5763 5841 5875 5879 6526 6527 6581 6708 6807 
#module 50 size: 30 bs: 0.123858
246 397 702 1352 1676 1687 1818 1929 2333 2515 2537 2708 2996 3052 3327 3763 3924 3972 4664 4913 5149 5494 5499 5624 5720 5834 5949 6306 6491 6712 
#module 51 size: 23 bs: 0.634172
25 130 381 441 541 917 1238 1786 2079 2159 2273 2362 2671 3109 3290 3674 3739 4088 4645 5639 5823 6104 6778 
#module 52 size: 135 bs: 1.05996
10 67 86 94 106 143 167 337 339 343 354 406 434 459 476 512 518 563 566 756 773 803 852 899 1012 1118 1147 1156 1166 1257 1263 1271 1319 1378 1393 1460 1567 1592 1677 1697 1733 1869 1916 2008 2032 2169 2187 2215 2220 2343 2423 2470 2472 2485 2563 2651 2706 2755 2768 2823 2851 2855 2958 3024 3030 3084 3102 3118 3144 3163 3247 3259 3276 3343 3452 3487 3544 3619 3655 3677 3683 3723 3738 3743 3867 3970 4038 4300 4388 4422 4490 4546 4562 4611 4622 4680 4804 4909 5098 5185 5223 5255 5272 5424 5477 5534 5593 5606 5627 5642 5659 5671 5679 5693 5709 5792 5836 5862 5944 5963 5966 6025 6082 6209 6239 6250 6259 6320 6358 6493 6495 6655 6667 6843 6895 
#module 53 size: 144 bs: 0.487437
58 73 107 300 475 652 681 695 845 912 1011 1021 1115 1427 1458 1507 1593 1607 1650 1667 1688 1715 1760 1843 1860 1877 1878 1929 1952 1953 2003 2040 2120 2260 2292 2297 2358 2535 2541 2584 2585 2589 2729 2790 2807 2819 2820 2830 2837 2847 2896 2908 2925 2942 2945 3025 3059 3160 3178 3288 3388 3399 3492 3575 3622 3667 3675 3702 3758 3832 3871 3899 3902 3928 3969 3998 4034 4043 4061 4097 4136 4227 4268 4272 4379 4382 4506 4527 4541 4567 4620 4630 4641 4810 4830 4831 4850 4898 4905 4912 4972 4994 5008 5125 5155 5256 5261 5300 5336 5349 5418 5432 5435 5455 5637 5655 5664 5685 5747 5838 5864 5876 6037 6046 6055 6082 6128 6132 6144 6169 6189 6190 6191 6207 6220 6241 6388 6477 6606 6710 6761 6767 6792 6831 
#module 54 size: 100 bs: 0.319253
3 20 128 132 183 216 265 267 285 328 402 425 444 561 701 705 744 808 860 948 1083 1214 1249 1289 1407 1451 1497 1577 1581 1614 1720 1729 1966 1981 2046 2129 2136 2265 2349 2465 2538 2566 2603 2624 2657 2660 2840 2962 2966 3216 3249 3287 3332 3337 3446 3498 3594 3615 3630 3783 3786 3816 3859 4183 4238 4317 4323 4377 4615 4735 4801 4889 4962 5015 5021 5141 5337 5377 5411 5443 5456 5624 5647 5726 6043 6161 6175 6184 6324 6357 6393 6502 6509 6517 6544 6582 6663 6723 6741 6816 
#module 55 size: 30 bs: 0.145199
71 331 522 707 737 920 966 967 1142 1331 1392 1550 1623 2758 3205 3401 3641 4064 4289 4795 4945 5339 5495 5521 6003 6296 6490 6571 6649 6833 
#module 56 size: 22 bs: 0.536817
192 628 746 790 872 1221 1364 1485 1502 1658 1778 2877 3202 3558 3568 3803 3908 4157 4718 5050 5342 6256 
#module 57 size: 97 bs: 0.125446
138 185 189 203 361 391 661 752 779 859 1071 1095 1120 1227 1253 1298 1420 1487 1501 1504 1628 1701 1741 2044 2101 2110 2172 2212 2261 2420 2588 2628 2685 2764 2770 2866 3000 3026 3103 3150 3308 3397 3467 3469 3485 3536 3570 3701 3866 3995 4082 4174 4185 4209 4467 4534 4565 4584 4657 4777 4844 4855 4996 5095 5135 5146 5183 5224 5357 5392 5402 5456 5501 5517 5648 5691 5742 5766 5808 5863 5885 6078 6133 6140 6146 6218 6398 6418 6446 6453 6461 6471 6484 6574 6680 6746 6802 
#module 58 size: 42 bs: 0.558191
62 468 784 970 1062 1208 1267 1320 1340 1362 1370 1446 1985 2462 2587 2879 3054 3088 3111 3497 3583 3909 3931 4117 4156 4265 4309 4350 4740 4798 5039 5212 5284 5688 5788 5947 6049 6279 6391 6433 6546 6691 
#module 59 size: 31 bs: 0.789358
93 115 286 613 923 1085 1386 1876 2182 2511 2737 2760 2793 3064 3156 3314 3715 4010 4045 4092 4162 5144 5156 5184 5213 5515 5613 6038 6170 6289 6813 
#module 60 size: 93 bs: 1.02943
205 259 293 295 325 367 464 508 603 623 738 884 957 1040 1117 1349 1367 1512 1672 1819 1873 1884 1925 1932 2004 2031 2064 2109 2363 2403 2487 2813 2814 2821 2909 2933 2974 3065 3130 3223 3227 3416 3419 3529 3575 3652 3724 3815 3838 3840 3949 3968 4049 4099 4149 4267 4307 4577 4606 4642 4684 4711 4753 4764 4815 4840 4928 4942 5036 5069 5152 5159 5247 5313 5316 5330 5415 5474 5489 5537 5620 5621 5767 5821 5916 6152 6297 6665 6666 6696 6705 6713 6899 
#module 61 size: 43 bs: 0.354045
205 211 342 384 551 584 615 847 918 931 1040 1090 1107 1280 1481 1984 2233 2253 2437 2814 3197 3417 3444 3449 3477 4636 4637 4753 4758 4815 4928 5063 5289 5470 5716 5765 5810 5826 6297 6366 6695 6724 6830 
#module 62 size: 53 bs: 0.731322
46 53 448 502 580 683 685 753 868 971 1110 1344 1439 1854 1901 1989 2244 2378 2440 2526 2839 2911 3121 3159 3542 3982 3990 4019 4060 4111 4182 4339 4408 4473 4481 4516 4651 4682 4826 5373 5553 5574 5581 5625 5758 5986 5994 6105 6172 6319 6503 6524 6808 
#module 63 size: 159 bs: 1.01592
11 27 47 74 85 225 228 231 244 247 266 276 306 338 344 348 386 388 396 406 452 461 467 502 512 599 606 657 684 735 786 804 816 1112 1183 1482 1516 1522 1608 1621 1654 1655 1673 1703 1733 1817 1836 1847 1852 1858 1919 1991 2125 2153 2198 2228 2231 2330 2345 2354 2374 2454 2466 2582 2725 2754 2759 2842 2850 2897 2926 3028 3067 3128 3139 3193 3210 3213 3330 3361 3362 3369 3394 3460 3478 3490 3494 3499 3557 3595 3629 3649 3661 3694 3718 3790 3813 3861 3876 3893 3975 4155 4203 4215 4306 4312 4319 4333 4375 4396 4414 4458 4545 4552 4613 4653 4662 4696 4872 5032 5059 5102 5219 5220 5276 5329 5399 5421 5496 5504 5552 5553 5556 5581 5594 5616 5643 5724 5725 5753 5793 5795 5822 5831 5868 5922 6039 6041 6042 6254 6344 6375 6429 6468 6567 6646 6711 6745 6750 
#module 64 size: 67 bs: 0.453869
179 196 278 407 484 574 765 1039 1095 1301 1417 1501 1568 1579 1731 1759 2005 2069 2232 2261 2262 2468 2513 2520 2561 2764 2862 3096 3106 3485 3658 3701 3856 3866 3966 3984 4031 4143 4331 4582 4734 4737 4787 5107 5389 5402 5446 5476 5512 5517 5519 5660 5691 5764 6092 6113 6133 6138 6140 6292 6334 6446 6453 6461 6680 6802 6889 
#module 65 size: 40 bs: 0.719466
146 469 505 809 846 973 1042 1215 1242 1368 1565 1799 1871 1983 2065 2209 2318 2319 2630 2735 3125 3270 3328 3427 3685 3880 3981 4503 4992 5216 5274 5413 6271 6366 6381 6457 6458 6497 6661 6676 
#module 66 size: 33 bs: 0.542221
105 221 475 536 620 742 764 1027 1045 1170 1195 1445 1712 1846 2315 2816 2823 3006 3085 3179 3627 3796 4090 4098 4375 4924 5142 5193 5422 5706 5733 5845 6455 
#module 67 size: 17 bs: 0.860941
218 1465 1505 2130 2469 2691 3046 3547 3784 3996 4012 4609 4773 5541 5848 6286 6814 
#module 68 size: 35 bs: 0.642721
32 102 356 616 833 897 989 1496 2234 2287 2288 2886 2931 3344 3386 3598 3752 3959 4298 4359 4415 4953 4957 5010 5057 5161 5221 5634 5825 5894 6139 6206 6323 6496 6784 
#module 69 size: 32 bs: 0.321819
134 166 173 504 532 750 840 940 1008 1051 1220 1506 1543 1617 1810 1829 2037 2424 3147 3271 3534 3632 4345 4384 4445 4649 4754 5367 5957 6046 6395 6481 
#module 70 size: 44 bs: 1.04944
154 420 501 533 664 766 866 1523 1674 1771 2048 2285 2645 2647 2826 2938 2943 2957 3048 3076 3123 3194 3312 3402 3428 3509 3599 3771 3862 4073 4186 4387 4960 5090 5359 5404 5561 5641 5711 6196 6488 6868 6898 6924 
#module 71 size: 143 bs: 0.504754
1 21 25 177 186 187 214 394 549 556 675 731 740 891 935 960 1101 1155 1211 1275 1282 1304 1346 1359 1374 1458 1476 1484 1493 1495 1508 1538 1630 1680 1699 1708 1719 1744 1751 1857 1870 1880 1966 1972 1978 1982 2001 2053 2054 2097 2105 2140 2145 2146 2157 2236 2310 2316 2348 2370 2435 2524 2619 2632 2666 2752 2867 2924 3116 3138 3181 3196 3225 3316 3334 3404 3424 3468 3480 3493 3503 3538 3562 3588 3592 3653 3830 3857 3863 3876 3950 3953 4078 4107 4361 4433 4451 4497 4506 4578 4636 4713 4726 4793 4868 4895 5103 5110 5142 5243 5306 5315 5330 5341 5502 5543 5551 5650 5675 5813 5955 6090 6151 6194 6310 6400 6432 6467 6498 6500 6542 6564 6593 6604 6607 6641 6642 6690 6742 6765 6795 6845 6890 
#module 72 size: 42 bs: 0.768179
99 130 323 377 794 1152 1155 1355 1518 1920 2183 2268 2381 2389 2479 2545 3080 3901 3937 4011 4068 4105 4164 4214 4355 4808 4902 4986 5165 5189 5310 5478 5564 5592 5675 5698 5820 6147 6359 6376 6586 6765 
#module 73 size: 20 bs: 0.321265
23 61 559 944 1074 1747 1960 2547 2683 2822 2891 3037 3577 3929 3932 3962 4427 6072 6159 6384 
#module 74 size: 58 bs: 0.877399
35 270 417 558 570 716 933 1081 1305 1354 1425 1539 1572 1685 1692 1816 2059 2080 2155 2627 2637 2692 2802 3317 3439 3457 3750 3756 3854 3980 4050 4062 4147 4202 4259 4269 4280 4334 4525 4691 4756 4766 4926 5038 5197 5263 5423 5587 5697 5865 5892 6042 6303 6410 6465 6687 6722 6844 
#module 75 size: 140 bs: 0.694381
193 255 256 269 353 382 411 450 520 526 539 650 658 659 662 668 819 825 925 976 1028 1031 1077 1097 1161 1175 1196 1202 1258 1269 1270 1279 1322 1333 1336 1354 1411 1421 1476 1488 1503 1585 1732 1769 1897 1921 1942 2005 2062 2075 2131 2146 2196 2221 2407 2451 2686 2713 2745 2776 2832 2844 2873 2895 2910 2916 2978 3060 3095 3134 3145 3195 3200 3233 3255 3392 3510 3673 3695 3734 3798 3802 3808 3841 3879 3894 4022 4168 4182 4211 4243 4287 4465 4476 4487 4547 4590 4624 4661 4702 4837 4920 4943 5065 5086 5088 5104 5204 5331 5391 5408 5655 5708 5737 5743 5748 5940 5991 6011 6015 6022 6035 6067 6146 6163 6177 6322 6386 6459 6473 6534 6575 6594 6718 6747 6777 6780 6859 6882 6892 
#module 76 size: 73 bs: 0.320597
97 126 289 357 366 373 398 423 435 600 987 1041 1044 1379 1470 1587 1622 1642 1698 1708 1734 1869 1914 1933 1938 1950 2339 2350 2365 2394 2474 2484 2493 2580 2594 2664 2703 2715 2728 2824 2984 3135 3162 3173 3183 3191 3366 3662 3722 3907 4145 4349 4412 4441 4471 4483 4502 4638 4687 4742 4774 4881 4896 5020 5842 5908 6073 6107 6267 6342 6482 6601 6861 
#module 77 size: 15 bs: 0.240504
76 455 510 1566 1576 2016 2305 2775 3171 3399 3400 4788 4932 5649 6478 
#module 78 size: 104 bs: 0.807641
36 40 64 114 136 140 141 145 244 307 311 413 530 700 709 814 841 863 878 881 972 1000 1005 1133 1148 1303 1573 1631 1664 1727 1780 1793 1850 1942 1994 2108 2149 2170 2174 2191 2404 2450 2517 2633 2689 2743 2773 2848 2864 3117 3306 3313 3357 3390 3507 3576 3642 3730 3789 3882 4014 4080 4093 4249 4255 4297 4321 4358 4360 4370 4401 4568 4683 4971 5001 5070 5076 5131 5134 5246 5273 5280 5387 5533 5601 5605 5619 5726 5735 5736 5840 5980 6031 6200 6260 6479 6549 6562 6613 6622 6633 6662 6804 6896 
#module 79 size: 61 bs: 0.143689
369 409 575 637 797 806 828 892 1016 1067 1088 1285 1515 1575 1615 1639 1699 1808 1853 2026 2066 2175 2275 2411 2481 2499 2694 2718 2944 3512 3515 3559 3704 3777 3903 4094 4230 4370 4413 4540 4556 4574 4608 4836 4865 5080 5121 5163 5309 5607 5740 5741 6056 6080 6081 6390 6608 6682 6769 6883 6914 
#module 80 size: 119 bs: 0.733555
48 125 157 162 243 249 282 428 439 602 607 688 722 754 778 929 977 1079 1096 1252 1259 1264 1350 1361 1398 1404 1413 1625 1632 1700 1777 1809 1815 1924 1958 1986 2384 2402 2491 2504 2505 2555 2581 2635 2639 2719 2731 2831 3014 3036 3042 3074 3087 3198 3234 3239 3473 3535 3563 3643 3672 3759 3760 3817 3916 3917 4032 4128 4153 4218 4261 4404 4491 4500 4539 4593 4637 4640 4656 4658 4695 4716 4859 4908 4929 5058 5118 5145 5350 5364 5406 5431 5480 5505 5509 5590 5730 5761 5909 5926 5959 5981 6007 6150 6275 6293 6354 6372 6401 6491 6543 6577 6619 6621 6695 6701 6715 6724 6907 
#module 81 size: 43 bs: 0.975321
297 703 904 905 1053 1310 1563 1569 1596 1598 1669 1736 1783 1996 2022 2060 2219 2521 2797 2906 3070 3177 3201 3248 3850 4126 4516 4552 4573 4676 4851 4927 5419 5781 5803 5805 5954 6112 6233 6336 6343 6499 6759 
#module 82 size: 193 bs: 0.52257
13 15 17 34 41 60 144 170 178 190 293 300 332 336 342 414 456 458 538 545 585 588 633 652 677 712 717 718 721 724 770 782 801 830 906 921 922 964 1011 1024 1069 1119 1191 1203 1251 1274 1293 1316 1357 1401 1483 1509 1549 1553 1650 1666 1688 1775 1841 1843 1860 1877 1886 1890 2003 2012 2030 2098 2208 2223 2229 2256 2264 2276 2281 2303 2383 2417 2541 2581 2584 2585 2622 2644 2729 2774 2807 2830 2852 2885 2896 2907 2942 2961 2972 2983 2999 3035 3098 3143 3208 3229 3251 3265 3371 3373 3384 3388 3464 3490 3573 3656 3675 3749 3804 3858 3881 3974 4166 4169 4184 4210 4448 4467 4471 4472 4477 4518 4526 4527 4538 4587 4631 4635 4665 4673 4693 4703 4758 4778 4810 4846 4867 4905 4912 4916 4981 4991 5028 5130 5231 5268 5281 5299 5317 5328 5360 5435 5438 5466 5509 5538 5602 5663 5685 5866 5906 5920 5967 5986 5991 6046 6128 6150 6185 6188 6190 6191 6207 6211 6220 6253 6285 6314 6409 6416 6423 6438 6501 6525 6647 6732 6815 
#module 83 size: 83 bs: 1.03416
22 57 197 206 292 350 422 579 625 672 830 836 915 984 1010 1036 1089 1231 1335 1580 1582 1597 1756 1798 1900 2181 2235 2393 2433 2644 2667 2677 2818 2835 2857 2859 2973 2986 3009 3020 3112 3410 3421 3431 3461 3463 3505 3692 3737 4133 4318 4358 4394 4423 4563 4617 4723 4752 4789 5108 5138 5177 5200 5322 5467 5618 5665 5717 5798 5903 5956 5980 5999 6024 6061 6095 6197 6234 6338 6531 6624 6639 6915 
#module 84 size: 63 bs: 0.917949
302 310 450 491 519 952 1039 1097 1120 1290 1301 1313 1440 1663 1693 1767 1768 1769 1897 2005 2050 2196 2570 2764 3038 3053 3094 3106 3485 3701 3734 3866 4392 4439 4624 4763 4943 4959 5041 5088 5146 5254 5266 5446 5517 5595 5628 5632 6029 6035 6092 6143 6146 6317 6334 6446 6453 6461 6629 6680 6802 6874 6882 
#module 85 size: 154 bs: 0.218053
34 57 69 82 121 202 352 386 445 503 525 542 583 644 849 874 886 946 1018 1093 1118 1135 1141 1153 1154 1210 1262 1299 1350 1444 1452 1477 1484 1497 1544 1610 1635 1647 1735 1814 1837 1907 1956 2063 2072 2096 2100 2126 2224 2238 2277 2280 2344 2354 2617 2626 2682 2695 2697 2733 2875 2915 2948 2960 3166 3177 3192 3231 3301 3338 3363 3411 3495 3525 3578 3648 3660 3708 3732 3751 3764 3878 3887 3920 3976 3986 4056 4103 4134 4144 4203 4326 4358 4411 4459 4480 4504 4524 4562 4572 4628 4634 4689 4715 4767 4771 4853 4864 4871 4884 4913 4997 5042 5056 5128 5158 5223 5229 5324 5366 5375 5378 5417 5437 5485 5526 5550 5578 5701 5713 5773 5849 5877 5899 5911 5937 6028 6051 6124 6179 6193 6339 6428 6443 6514 6579 6603 6679 6685 6739 6793 6843 6864 6880 
#module 86 size: 86 bs: 1.09036
96 199 253 261 283 296 341 443 679 691 853 901 938 1043 1377 1383 1455 1526 1555 1563 1796 1855 2022 2197 2211 2294 2336 2439 2559 2575 2680 2687 2836 2893 2950 3010 3107 3374 3379 3451 3585 3680 3698 3711 3742 3767 3805 3809 3822 3941 3965 3971 4017 4063 4139 4241 4278 4332 4528 4542 4893 5011 5018 5136 5252 5324 5421 5454 5503 5540 5584 5718 5752 5790 5887 5979 6048 6263 6352 6369 6375 6483 6516 6651 6668 6910 
#module 87 size: 101 bs: 0.722773
18 225 380 426 480 549 662 723 759 762 810 844 902 963 994 1111 1125 1148 1182 1205 1219 1223 1281 1381 1410 1507 1510 1511 1644 1690 1718 1724 2071 2151 2164 2218 2249 2295 2359 2382 2418 2486 2533 2536 2609 2636 2690 2888 3021 3127 3140 3195 3264 3273 3305 3310 3354 3377 3387 3437 3438 3514 3524 3574 3747 3836 3900 3952 4095 4200 4301 4505 4736 4803 4856 4956 4974 5190 5200 5235 5265 5304 5318 5335 5437 5441 5525 5563 5644 5814 5861 5915 6017 6117 6313 6425 6698 6727 6730 6754 6779 
#module 88 size: 87 bs: 0.616109
19 37 60 176 214 321 410 429 496 502 509 555 581 663 813 845 913 927 934 954 975 1186 1229 1264 1309 1369 1399 1436 1562 1815 1822 1847 1944 1957 2056 2121 2161 2193 2322 2368 2480 2589 2738 2807 2835 2995 3131 3302 3471 3491 3504 3580 3591 3621 3634 3748 3765 3817 3877 4041 4084 4113 4188 4228 4270 4330 4559 4597 4688 4725 4802 4983 4984 5114 5162 5293 5325 5528 5614 5658 6001 6181 6222 6238 6280 6335 6584 
#module 89 size: 186 bs: 0.582176
63 90 101 133 169 217 224 234 262 303 324 329 345 389 395 474 490 506 507 527 534 627 638 656 670 676 720 732 749 820 838 911 937 953 1017 1022 1030 1121 1140 1237 1240 1248 1365 1395 1405 1472 1474 1498 1513 1537 1559 1593 1603 1670 1787 1831 1909 1915 1980 1988 2035 2113 2115 2270 2312 2332 2367 2376 2388 2400 2453 2459 2495 2506 2571 2607 2663 2675 2849 2964 2994 3013 3015 3033 3068 3203 3204 3237 3393 3445 3454 3495 3589 3604 3644 3686 3689 3707 3717 3818 3893 3975 3988 4007 4018 4087 4150 4171 4181 4239 4256 4288 4305 4310 4329 4435 4457 4498 4499 4509 4586 4601 4629 4663 4667 4694 4755 4769 4809 4822 4827 4861 4870 4936 4977 4989 5025 5040 5048 5061 5089 5139 5167 5174 5191 5192 5251 5259 5300 5386 5418 5493 5559 5572 5633 5666 5668 5788 5828 5953 5958 5992 5997 6097 6154 6229 6236 6255 6274 6287 6301 6321 6326 6334 6368 6525 6548 6556 6585 6611 6648 6653 6706 6746 6805 6918 
#module 90 size: 36 bs: 0.684333
387 750 1150 1297 1323 1350 1461 1557 1611 1794 2033 2116 2471 2567 2771 3063 3155 3541 3566 3785 4508 4979 5209 5242 5490 5518 5544 5611 5651 5801 5982 6098 6298 6644 6858 6913 
#module 91 size: 77 bs: 0.391098
37 298 370 496 687 750 796 813 834 879 1008 1029 1035 1078 1100 1104 1116 1176 1186 1206 1218 1245 1309 1360 1443 1445 1479 1532 1740 1761 1820 1930 1976 2070 2467 2565 2716 2807 3136 3412 3471 3671 3737 3883 3918 3973 3994 4025 4029 4102 4118 4159 4204 4494 4543 4646 5143 5347 5416 5426 5545 5546 5714 5719 5872 5881 5957 5985 6012 6225 6238 6249 6360 6504 6711 6796 6848 
#module 92 size: 89 bs: 0.696301
111 257 277 316 392 416 499 565 604 643 673 674 696 697 706 725 817 992 1106 1169 1187 1288 1400 1601 1643 1813 1876 1917 1990 2000 2002 2017 2099 2137 2154 2188 2316 2320 2406 2527 2548 2654 2678 3008 3086 3114 3381 3668 3770 3907 4098 4114 4201 4208 4219 4233 4251 4294 4327 4425 4478 4569 4596 4900 4941 4951 4955 5071 5212 5278 5288 5311 5372 5600 5617 5789 5824 5855 5904 6009 6027 6204 6228 6427 6485 6638 6775 6851 6909 
#module 93 size: 21 bs: 0.395285
257 330 489 1870 2124 2257 2872 3146 3430 3773 3776 4024 4348 4918 5674 6148 6625 6672 6675 6798 6829 
#module 94 size: 67 bs: 0.412781
386 827 896 1037 1138 1168 1177 1363 1430 1471 1475 1514 1541 1627 1683 1805 1858 1859 1934 1951 2042 2157 2241 2243 2341 2342 2380 2405 2490 2602 2668 2903 3190 3280 3297 3350 3383 3521 3639 3787 3834 3846 4020 4190 4296 4418 4748 4765 4866 5027 5170 5232 5286 5430 5529 5707 5778 6235 6246 6356 6394 6463 6630 6685 6758 6768 6797 
#module 95 size: 26 bs: 0.342807
493 991 1694 2186 2199 2314 2551 2563 2573 2732 2922 2975 3129 3910 4216 4224 4511 4659 4919 4967 5303 5323 5468 5554 6060 6362 
#module 96 size: 131 bs: 0.325079
2 83 84 110 123 162 180 204 210 212 319 347 433 438 590 604 714 789 839 848 950 1004 1105 1146 1254 1265 1306 1313 1347 1385 1397 1480 1491 1529 1530 1568 1668 1707 1716 1755 1844 1923 1939 2027 2028 2076 2204 2302 2324 2332 2355 2360 2376 2386 2446 2475 2522 2650 2658 2672 2721 2761 2838 2870 2934 2963 3007 3077 3133 3172 3418 3434 3479 3531 3687 3691 3740 3835 3844 3925 3979 4052 4077 4243 4258 4277 4316 4341 4362 4438 4444 4461 4475 4565 4860 4923 4999 5019 5086 5153 5165 5203 5205 5228 5321 5692 5715 5787 5807 5910 5960 6036 6044 6052 6062 6091 6103 6198 6341 6371 6449 6492 6530 6545 6568 6580 6602 6631 6700 6867 6892 
#module 97 size: 218 bs: 0.78943
100 131 171 195 251 254 301 382 419 449 462 486 513 543 560 589 598 605 639 654 689 719 734 738 743 811 843 857 893 900 949 974 993 1013 1033 1046 1109 1149 1179 1194 1216 1222 1234 1236 1315 1408 1440 1442 1560 1578 1584 1675 1681 1710 1752 1774 1797 1821 1828 1845 1889 1962 2013 2084 2168 2207 2245 2293 2300 2304 2357 2395 2398 2448 2528 2543 2623 2629 2670 2716 2798 2909 2921 2936 2952 2979 2980 2981 2982 3029 3041 3045 3058 3101 3110 3199 3268 3355 3365 3403 3415 3432 3447 3457 3486 3503 3519 3545 3551 3593 3597 3712 3716 3744 3757 3800 3810 3821 3886 3897 3914 3957 3963 3978 4047 4065 4066 4163 4204 4250 4254 4302 4308 4363 4371 4410 4426 4453 4507 4537 4585 4592 4612 4625 4668 4670 4692 4715 4717 4731 4794 4872 4874 4878 4891 4897 4907 4976 5004 5049 5087 5099 5104 5202 5257 5271 5273 5277 5287 5302 5333 5361 5471 5481 5510 5520 5530 5535 5609 5635 5640 5791 5802 5843 5878 5919 5928 5930 5931 5941 5964 5965 5976 6026 6231 6242 6282 6308 6328 6359 6363 6380 6422 6431 6435 6447 6452 6475 6476 6510 6535 6569 6573 6610 6616 6645 6683 6762 
#module 98 size: 45 bs: 0.429118
12 24 322 733 757 910 998 1277 1459 1546 1599 1849 1998 2192 2347 2353 2354 2778 2788 2829 2940 3083 3506 3638 3657 3782 3829 3839 4035 4066 4152 4165 4176 4187 4469 4886 5060 5238 5409 5535 5548 5811 5941 5962 6551 
#module 99 size: 95 bs: 0.239362
129 150 191 291 333 453 481 576 826 869 936 1001 1009 1151 1172 1195 1203 1244 1300 1385 1551 1629 1763 1798 1807 1905 1926 1943 2103 2246 2328 2361 2513 2532 2540 2588 2673 2681 2714 2750 2817 2986 3051 3108 3126 3132 3212 3252 3318 3352 3404 3420 3532 3587 3596 3872 3999 4308 4335 4464 4495 4581 4686 4705 4719 4724 4760 4768 4805 4825 5073 5116 5269 5305 5363 5379 5403 5557 5569 5615 5638 5804 5938 5995 6160 6240 6268 6304 6327 6437 6609 6697 6788 6823 6885 
#module 100 size: 28 bs: 0.509002
28 163 494 498 690 1101 1131 1457 2177 2427 2702 2868 2968 3086 3238 3244 3353 3555 3703 3801 4039 5002 5179 5226 5239 5777 6472 6877 
#module 101 size: 46 bs: 0.582052
38 70 304 682 727 895 1068 1094 1184 1314 1321 1334 1424 1470 1489 1695 1753 2620 2711 3322 3513 3569 3590 3888 3939 4121 4364 4455 4834 4914 4925 5031 5176 5320 5626 5782 5839 5973 6110 6295 6405 6424 6627 6671 6678 6789 
#module 102 size: 1 bs: 1
6550 
#module 103 size: 1 bs: 1
611 
#module 104 size: 1 bs: 1
5547 
#module 105 size: 1 bs: 1
4140 
#module 106 size: 1 bs: 1
2606 
#module 107 size: 1 bs: 1
6897 
#module 108 size: 1 bs: 1
1812 
#module 109 size: 1 bs: 1
4416 
#module 110 size: 1 bs: 1
4135 
#module 111 size: 1 bs: 1
4217 
#module 112 size: 1 bs: 1
6153 
#module 113 size: 1 bs: 1
4070 
#module 114 size: 1 bs: 1
6224 
#module 115 size: 1 bs: 1
5597 
#module 116 size: 1 bs: 1
5856 
#module 117 size: 1 bs: 1
3157 
#module 118 size: 1 bs: 1
1904 
#module 119 size: 1 bs: 1
882 
#module 120 size: 1 bs: 1
640 
#module 121 size: 1 bs: 1
1802 
#module 122 size: 1 bs: 1
6291 
#module 123 size: 1 bs: 1
2085 
#module 124 size: 1 bs: 1
4091 
#module 125 size: 1 bs: 1
2593 
#module 126 size: 1 bs: 1
6811 
#module 127 size: 1 bs: 1
6010 
#module 128 size: 1 bs: 1
5033 
#module 129 size: 1 bs: 1
1403 
#module 130 size: 1 bs: 1
2283 
#module 131 size: 1 bs: 1
3462 
#module 132 size: 1 bs: 1
1137 
#module 133 size: 1 bs: 1
5566 
#module 134 size: 1 bs: 1
1561 
#module 135 size: 1 bs: 1
4627 
#module 136 size: 1 bs: 1
3554 
#module 137 size: 1 bs: 1
4639 
#module 138 size: 1 bs: 1
92 
#module 139 size: 1 bs: 1
5577 
#module 140 size: 1 bs: 1
4246 
#module 141 size: 1 bs: 1
850 
#module 142 size: 1 bs: 1
5728 
#module 143 size: 1 bs: 1
3043 
#module 144 size: 1 bs: 1
5744 
#module 145 size: 1 bs: 1
2034 
#module 146 size: 1 bs: 1
3044 
#module 147 size: 1 bs: 1
4650 
#module 148 size: 1 bs: 1
2700 
#module 149 size: 1 bs: 1
250 
#module 150 size: 1 bs: 1
2512 
#module 151 size: 1 bs: 1
4295 
#module 152 size: 1 bs: 1
5779 
#module 153 size: 1 bs: 1
5064 
#module 154 size: 1 bs: 1
4930 
#module 155 size: 1 bs: 1
3845 
#module 156 size: 1 bs: 1
103 
#module 157 size: 1 bs: 1
2970 
#module 158 size: 1 bs: 1
2805 
#module 159 size: 1 bs: 1
3728 
#module 160 size: 1 bs: 1
5755 
#module 161 size: 1 bs: 1
4290 
#module 162 size: 1 bs: 1
6415 
#module 163 size: 1 bs: 1
4046 
#module 164 size: 1 bs: 1
6054 
#module 165 size: 1 bs: 1
3961 
#module 166 size: 1 bs: 1
3425 
#module 167 size: 1 bs: 1
3912 
#module 168 size: 1 bs: 1
612 
#module 169 size: 1 bs: 1
5003 
#module 170 size: 1 bs: 1
758 
#module 171 size: 1 bs: 1
2959 
#module 172 size: 1 bs: 1
6402 
#module 173 size: 1 bs: 1
5444 
#module 174 size: 1 bs: 1
5921 
#module 175 size: 1 bs: 1
2274 
#module 176 size: 1 bs: 1
2971 
#module 177 size: 1 bs: 1
4244 
#module 178 size: 1 bs: 1
2976 
#module 179 size: 1 bs: 1
6120 
#module 180 size: 1 bs: 1
6085 
#module 181 size: 1 bs: 1
346 
