#module 0 size: 5 bs: 2.67689e-101
1157 3355 3608 5264 5770 
#module 1 size: 2 bs: 4.13039e-101
4305 5396 
#module 2 size: 2 bs: 7.95405e-101
3887 6619 
#module 3 size: 20 bs: 4.77823e-101
117 200 316 746 996 1241 1758 2127 2516 2544 2594 4360 4450 4913 5005 5351 5655 5693 6112 6733 
#module 4 size: 3 bs: 9.06359e-101
296 4537 5919 
#module 5 size: 32 bs: 6.30844e-10
75 352 414 731 1035 1060 1069 1130 1489 1533 1771 2145 2214 2655 2675 3158 3289 3295 3320 3473 3637 3791 4176 4719 4925 5715 5873 5929 6139 6401 6600 6690 
#module 6 size: 5 bs: 8.76097e-101
1740 2021 3308 3430 5167 
#module 7 size: 2 bs: 3.45833e-101
2470 6902 
#module 8 size: 3 bs: 9.02923e-101
2088 3179 5961 
#module 9 size: 19 bs: 2.3284e-11
42 260 951 1234 1836 2320 2556 2560 3195 3402 3554 3890 3963 4008 4424 5024 5456 5559 5707 
#module 10 size: 4 bs: 6.99526e-101
712 3285 3651 5018 
#module 11 size: 10 bs: 3.57341e-101
781 1640 1777 2087 3151 3660 3662 5179 6069 6521 
#module 12 size: 17 bs: 2.06295e-11
222 424 603 1134 1622 1777 2176 2260 3135 3268 4069 4689 5179 5258 5680 6599 6901 
#module 13 size: 2 bs: 8.53483e-101
2278 4594 
#module 14 size: 2 bs: 6.46265e-101
96 2681 
#module 15 size: 3 bs: 4.38227e-101
1128 1271 2269 
#module 16 size: 8 bs: 2.69221e-101
181 513 1119 1273 2540 3758 4528 4860 
#module 17 size: 8 bs: 9.33698e-101
1275 1626 1902 1994 2402 6067 6394 6526 
#module 18 size: 3 bs: 1.14916e-101
9 1614 2841 
#module 19 size: 3 bs: 2.20825e-101
2511 2997 5167 
#module 20 size: 3 bs: 8.9058e-101
544 2471 4493 
#module 21 size: 2 bs: 7.56526e-101
807 5187 
#module 22 size: 2 bs: 4.26863e-101
1099 3384 
#module 23 size: 2 bs: 1.00439e-101
4667 5632 
#module 24 size: 7 bs: 7.08672e-101
128 1221 1557 3242 4318 4773 5852 
#module 25 size: 5 bs: 6.52203e-101
9 1450 2471 5591 6693 
#module 26 size: 2 bs: 5.95848e-101
4715 6723 
#module 27 size: 5 bs: 8.85597e-101
2561 2850 3270 6622 6763 
#module 28 size: 2 bs: 4.06891e-101
604 1789 
#module 29 size: 4 bs: 3.37402e-101
9 2659 3944 4102 
#module 30 size: 5 bs: 2.59458e-102
3897 5336 5807 6137 6211 
#module 31 size: 2 bs: 3.07414e-101
518 4243 
#module 32 size: 3 bs: 6.52688e-101
1018 3469 5937 
#module 33 size: 3 bs: 5.98254e-101
3187 3489 4718 
#module 34 size: 15 bs: 6.74512e-08
43 270 745 2543 2578 2624 2779 3503 4147 4186 4497 5745 6229 6452 6456 
#module 35 size: 2 bs: 6.40062e-102
4882 6694 
#module 36 size: 3 bs: 3.14494e-101
9 3571 6770 
#module 37 size: 2 bs: 6.56189e-101
2914 5662 
#module 38 size: 3 bs: 4.03919e-101
3437 5392 6069 
#module 39 size: 7 bs: 1.01764e-101
1728 2387 3388 4907 6235 6736 6913 
#module 40 size: 2 bs: 5.58819e-101
3083 4094 
#module 41 size: 4 bs: 2.91327e-101
1979 2752 3051 4634 
#module 42 size: 4 bs: 2.65655e-101
3217 5502 6717 6888 
#module 43 size: 3 bs: 2.03536e-101
1242 1759 4418 
#module 44 size: 9 bs: 7.44431e-101
402 1508 1635 2225 3662 4731 5143 6235 6332 
#module 45 size: 21 bs: 1.79094e-06
124 267 287 613 823 827 1331 1425 2473 3059 3303 3554 4263 4424 5405 5439 5695 5761 5994 6309 6810 
#module 46 size: 58 bs: 1.17804e-10
26 237 270 350 499 893 969 1047 1097 1142 1164 1237 1332 1368 1475 1558 1785 1967 1989 2072 2229 2323 2328 2332 2407 2534 2607 3091 3097 3392 3458 4122 4319 4444 4479 4489 4547 4657 4699 4713 4790 4867 5036 5084 5315 5588 5615 5791 5814 6029 6138 6285 6294 6399 6481 6492 6605 6923 
#module 47 size: 8 bs: 1.106e-10
1902 2028 2765 3355 3632 6071 6215 6900 
#module 48 size: 12 bs: 3.56826e-13
2153 2482 2565 2863 2875 3431 3644 3757 3930 4098 4126 5454 
#module 49 size: 3 bs: 5.57583e-101
2651 3938 6086 
#module 50 size: 9 bs: 2.94851e-102
1259 1916 2373 3540 4080 5039 5496 5806 6119 
#module 51 size: 4 bs: 8.42159e-101
214 2951 4238 5221 
#module 52 size: 2 bs: 8.78778e-101
2441 4797 
#module 53 size: 8 bs: 3.4478e-101
622 1413 2093 3324 3893 4015 5368 6074 
#module 54 size: 5 bs: 7.80274e-101
269 1935 3737 4318 5001 
#module 55 size: 2 bs: 2.83158e-101
2038 5556 
#module 56 size: 63 bs: 1.52866e-08
113 142 168 209 538 822 868 951 967 1220 1266 1427 1435 1731 1742 1915 1936 2012 2296 2417 2596 2733 2878 2933 3079 3087 3168 3335 3402 3587 3707 3763 3917 3959 3984 4081 4208 4209 4330 4377 4378 4443 4603 4836 4874 5109 5127 5175 5197 5227 5459 5490 5524 5620 5622 5954 6028 6225 6368 6433 6602 6710 6753 
#module 57 size: 3 bs: 7.88109e-102
544 1376 4768 
#module 58 size: 3 bs: 5.67754e-101
216 1118 5370 
#module 59 size: 3 bs: 9.49586e-101
854 2340 2408 
#module 60 size: 4 bs: 7.25679e-101
3397 3724 4005 4105 
#module 61 size: 22 bs: 1.22696e-09
18 66 385 439 915 1393 1433 1571 2324 2486 2674 2676 2859 2875 3017 4056 4460 4888 5164 5504 5540 6105 
#module 62 size: 8 bs: 1.09991
508 1188 2200 3247 4109 5316 6059 6732 
#module 63 size: 13 bs: 1.00639
55 160 1927 2162 2281 2722 3028 3294 4688 5227 5683 6331 6686 
#module 64 size: 27 bs: 0.716926
153 543 734 793 805 890 1020 1297 1326 1865 1897 1980 2425 2654 2702 3252 3562 4388 4495 4919 5350 5461 5892 6093 6378 6633 6674 
#module 65 size: 12 bs: 0.275462
369 1089 2432 2601 2958 3027 3403 3723 3781 4780 5032 6237 
#module 66 size: 24 bs: 0.808257
468 475 1176 1378 1918 1971 2044 2059 2421 2468 2800 2978 3125 3419 3947 4050 4058 4770 5016 5017 6148 6163 6479 6869 
#module 67 size: 4 bs: 0.27525
1995 4027 5193 6129 
#module 68 size: 6 bs: 0.616085
3765 4838 5167 5597 6560 6735 
#module 69 size: 6 bs: 0.818377
1662 2310 3979 4680 5176 6621 
#module 70 size: 16 bs: 0.221501
421 542 671 1058 1148 1890 3073 3596 3779 4230 4723 5238 5822 5962 5963 6022 
#module 71 size: 30 bs: 0.74595
353 836 1117 1460 1799 1844 2008 2273 2459 2553 3031 3226 3335 3376 4151 4211 4250 4394 4400 4995 5021 5075 5082 5220 5455 5563 6292 6734 6801 6847 
#module 72 size: 9 bs: 0.767196
2343 2433 3132 3262 3312 4066 5356 5504 6112 
#module 73 size: 11 bs: 0.849318
35 118 690 1091 1603 1680 2630 2703 3879 4651 5948 
#module 74 size: 6 bs: 1.08921
291 416 532 5280 5687 6282 
#module 75 size: 10 bs: 0.114679
1102 1225 1305 1826 2953 3144 3346 4716 4872 5478 
#module 76 size: 4 bs: 0.895009
398 537 1834 5479 
#module 77 size: 4 bs: 0.741117
241 457 5140 6562 
#module 78 size: 13 bs: 0.363649
374 530 752 758 2503 3025 3774 3995 4197 4306 4346 5201 6301 
#module 79 size: 5 bs: 0.969809
1352 4539 4827 6419 6544 
#module 80 size: 14 bs: 0.555956
746 1440 1863 2136 2694 2755 3234 3913 4190 4560 5169 5281 5424 5643 
#module 81 size: 17 bs: 0.815032
297 913 1195 1422 1650 3537 3722 4050 4160 4266 4671 5334 5748 5795 6003 6366 6737 
#module 82 size: 6 bs: 0.871161
1527 1634 2610 4119 5901 6682 
#module 83 size: 21 bs: 0.934516
41 418 450 471 557 1355 1772 2146 3129 3178 3513 3809 4292 4364 4999 5603 5617 6123 6264 6727 6759 
#module 84 size: 29 bs: 0.281777
142 283 387 481 555 674 733 937 1556 2120 2127 2386 2903 3020 3071 3490 3535 3536 3636 3712 4470 5450 5503 5543 6000 6099 6121 6262 6643 
#module 85 size: 9 bs: 0.327522
132 846 1248 3459 3796 4181 4500 5447 6376 
#module 86 size: 12 bs: 0.443462
130 681 703 806 1744 2019 2095 3833 4172 5471 5808 6639 
#module 87 size: 46 bs: 0.998438
163 394 659 891 1023 1202 1472 1501 1700 1891 1947 1978 2166 2366 2464 2929 2959 3043 3137 3251 3414 3455 3689 3749 4156 4215 4228 4442 4514 4590 4617 4639 4783 4879 5009 5055 5121 5788 5843 5857 6177 6248 6290 6336 6449 6475 
#module 88 size: 7 bs: 0.448385
57 1672 1792 3061 4242 4681 4949 
#module 89 size: 17 bs: 0.330401
193 334 824 1727 1748 1749 2003 2045 2347 3056 3508 3950 4219 4792 5303 5686 5878 
#module 90 size: 7 bs: 0.10714
919 1665 2047 2064 4710 5162 6144 
#module 91 size: 5 bs: 0.634473
247 2269 4623 6560 6851 
#module 92 size: 11 bs: 0.95261
520 1602 2672 2715 2860 3298 3965 4309 4543 5206 5253 
#module 93 size: 5 bs: 0.140455
532 2026 2917 2973 5194 
#module 94 size: 3 bs: 0.694849
2193 3310 5590 
#module 95 size: 3 bs: 0.946051
4422 5749 6542 
#module 96 size: 6 bs: 0.767379
1156 3627 4864 5423 6053 6583 
#module 97 size: 18 bs: 0.827028
287 521 1092 1353 2073 2453 3012 3055 3070 3107 3532 3949 4532 4610 4848 5841 6056 6702 
#module 98 size: 8 bs: 1.04607
1278 1713 1808 2734 4456 5221 5317 5839 
#module 99 size: 11 bs: 0.308164
165 606 2481 2621 3105 3123 3612 3815 5557 6473 6608 
#module 100 size: 12 bs: 0.381991
586 816 1649 1734 2039 2284 3122 3824 4786 5515 6034 6356 
#module 101 size: 6 bs: 0.216917
677 1209 2101 2582 3884 4205 
#module 102 size: 6 bs: 0.135114
565 935 4453 4925 5552 6800 
#module 103 size: 10 bs: 1.05967
737 804 1225 2105 2526 3036 3385 3524 6581 6910 
#module 104 size: 11 bs: 0.265628
411 713 748 1895 2489 3269 3313 4165 4820 4956 5826 
#module 105 size: 3 bs: 0.469753
4001 4887 6160 
#module 106 size: 11 bs: 1.04178
856 1024 1532 1618 2568 3822 5689 5809 6055 6711 6908 
#module 107 size: 7 bs: 0.454223
1126 1778 2046 2850 5960 6321 6655 
#module 108 size: 11 bs: 1.00764
390 1674 1982 2288 3445 3533 3835 4157 4802 5309 6327 
#module 109 size: 9 bs: 0.645978
52 608 1229 2866 3060 3534 5177 5255 5798 
#module 110 size: 6 bs: 1.00438
119 1048 3160 3985 4014 4562 
#module 111 size: 22 bs: 0.954655
83 524 1109 1226 1722 1779 1827 1838 2124 2139 2196 2462 2927 3494 3539 4049 4391 4629 5218 5513 5737 5914 
#module 112 size: 12 bs: 0.520536
1804 2714 3409 3601 3690 4589 5416 5675 6103 6527 6796 6856 
#module 113 size: 22 bs: 0.398723
24 472 879 1216 1318 1615 1919 2000 2316 2882 3124 3245 3404 3826 3897 4146 4201 4216 4994 5758 6035 6533 
#module 114 size: 7 bs: 1.09642
1121 2029 3538 4078 5246 5565 5957 
#module 115 size: 4 bs: 0.417037
1592 1632 1654 4901 
#module 116 size: 8 bs: 0.795527
157 2448 3082 3675 4060 4543 4970 6529 
#module 117 size: 5 bs: 0.41125
842 1728 1729 2562 2835 
#module 118 size: 6 bs: 1.09073
997 1072 3517 3903 5076 6075 
#module 119 size: 8 bs: 0.747274
2704 3421 4107 4777 5291 5701 5908 6825 
#module 120 size: 6 bs: 0.958758
2163 2499 4437 5731 5926 6104 
#module 121 size: 9 bs: 0.44935
1171 1851 2531 3292 3923 4269 4637 4645 6648 
#module 122 size: 11 bs: 0.679372
536 917 1470 1664 1671 2576 4298 4504 5130 6058 6787 
#module 123 size: 16 bs: 0.52421
1315 1373 1411 2437 2857 3120 3126 3957 3997 4886 5137 5312 5653 5659 6474 6714 
#module 124 size: 8 bs: 0.135009
666 1877 3760 4021 5576 5827 6520 6669 
#module 125 size: 4 bs: 0.621968
250 479 2477 6557 
#module 126 size: 12 bs: 0.188294
23 1026 1250 2301 2312 2613 2788 3613 4321 4928 5067 6088 
#module 127 size: 6 bs: 0.565076
772 2377 3730 4103 5100 5298 
#module 128 size: 13 bs: 0.418187
142 642 2811 3117 4884 4904 5555 5618 5861 5922 6266 6381 6641 
#module 129 size: 17 bs: 0.904377
307 1180 1414 1639 1925 1929 2055 2884 3086 3098 3912 4037 4098 4287 5051 5403 6308 
#module 130 size: 15 bs: 0.311862
403 1038 1219 1402 1786 1963 2077 3284 3362 4326 4566 4659 4975 5484 6617 
#module 131 size: 14 bs: 0.245358
444 813 828 994 1162 1510 1737 2209 2641 2785 3633 4535 4920 5608 
#module 132 size: 9 bs: 0.990722
442 506 1104 2267 2780 4668 4977 5244 6483 
#module 133 size: 6 bs: 0.976848
76 742 1053 4992 5753 5802 
#module 134 size: 9 bs: 0.509741
362 941 1158 2361 4782 5357 5408 5544 5664 
#module 135 size: 4 bs: 0.510904
1787 4021 4398 5516 
#module 136 size: 7 bs: 0.573979
304 2023 2716 3495 4238 4372 5252 
#module 137 size: 5 bs: 0.226749
3021 3068 3213 3971 3981 
#module 138 size: 16 bs: 0.649585
101 110 750 1033 1805 2975 3192 3716 4057 4647 5681 6085 6286 6292 6445 6610 
#module 139 size: 6 bs: 0.282856
90 1361 4166 6212 6352 6639 
#module 140 size: 9 bs: 0.270604
4 71 131 1894 2096 2565 2998 3188 4868 
#module 141 size: 6 bs: 0.895537
173 2054 3775 4788 6679 6765 
#module 142 size: 11 bs: 0.534782
628 1307 1420 3484 3715 4525 5397 5772 6410 6758 6764 
#module 143 size: 9 bs: 1.06724
195 367 429 593 2103 3759 4662 6017 6397 
#module 144 size: 5 bs: 0.790675
955 2150 2165 4403 4449 
#module 145 size: 16 bs: 0.998469
641 874 1733 1833 1892 2861 3467 3623 3751 4649 5212 5671 5950 6383 6585 6680 
#module 146 size: 4 bs: 0.171438
9 102 1407 4467 
#module 147 size: 5 bs: 0.417243
125 2228 2398 5494 6698 
#module 148 size: 13 bs: 0.811075
81 689 1215 1703 1786 2689 3329 4284 4312 5457 5616 5637 6141 
#module 149 size: 14 bs: 0.38471
32 638 763 1837 1903 1914 2493 2559 3276 3529 3574 4343 4345 4841 
#module 150 size: 5 bs: 0.11083
724 756 2354 4437 5889 
#module 151 size: 4 bs: 0.604682
461 1288 3013 3290 
#module 152 size: 12 bs: 0.887945
819 928 1537 1820 2497 2549 3062 4006 4015 4424 4815 5939 
#module 153 size: 10 bs: 0.243286
2137 2801 2995 4041 4520 5348 5399 6181 6478 6885 
#module 154 size: 11 bs: 0.611608
17 70 513 701 1498 1557 1606 3157 3317 5852 5884 
#module 155 size: 15 bs: 0.16016
1096 2053 2319 2618 2765 3259 3632 3883 4753 4881 5561 6215 6312 6526 6671 
#module 156 size: 4 bs: 0.561064
720 2336 2551 3993 
#module 157 size: 6 bs: 0.839708
405 1263 2653 3625 4240 4507 
#module 158 size: 4 bs: 0.721171
135 3394 4295 6182 
#module 159 size: 6 bs: 0.201273
57 1612 4686 5551 5797 6691 
#module 160 size: 20 bs: 0.750415
68 397 494 802 984 1388 1644 1684 1695 2013 3130 3243 4912 5146 5152 5505 5742 5744 5959 6623 
#module 161 size: 10 bs: 0.905301
410 569 1485 2222 2858 5369 6135 6476 6505 6549 
#module 162 size: 10 bs: 0.620352
172 372 409 509 1415 1841 2154 5930 6049 6221 
#module 163 size: 7 bs: 0.948135
939 1972 3595 4505 5188 5718 6442 
#module 164 size: 11 bs: 0.828765
447 547 1356 1807 3185 3237 4137 4976 5501 6102 6323 
#module 165 size: 14 bs: 1.05281
112 311 503 938 940 1025 1509 1856 2987 4544 5383 5853 6038 6447 
#module 166 size: 7 bs: 0.158633
610 1653 1796 2219 2527 2945 5998 
#module 167 size: 8 bs: 0.983562
253 2886 3626 3991 4046 4217 5598 6409 
#module 168 size: 24 bs: 1.04576
285 328 541 986 1080 1131 1552 1830 1860 1928 2338 2375 3367 4084 4351 4484 4986 5178 5248 5644 6364 6436 6536 6811 
#module 169 size: 18 bs: 0.128463
47 106 189 301 625 736 1591 2673 3209 3936 4173 4967 4988 5124 5344 5373 5823 6919 
#module 170 size: 7 bs: 0.623258
417 1029 2609 3598 4395 6052 6802 
#module 171 size: 10 bs: 0.416048
45 611 633 784 930 1335 1719 3165 4499 6858 
#module 172 size: 8 bs: 0.449104
1051 2364 2902 3339 3434 3630 3683 6325 
#module 173 size: 7 bs: 0.744654
373 2079 2202 2484 3210 4199 4233 
#module 174 size: 26 bs: 0.318957
149 344 738 1066 1067 1798 1905 2159 2232 2293 2735 2797 3024 3092 3155 4004 4063 4073 4592 4800 4942 5325 6001 6016 6072 6382 
#module 175 size: 7 bs: 0.179163
1254 1729 2216 2251 3614 4251 6374 
#module 176 size: 3 bs: 0.751567
161 1668 6146 
#module 177 size: 7 bs: 0.416035
1008 1880 4319 5287 5323 5780 6238 
#module 178 size: 16 bs: 0.115482
105 208 981 1291 1835 2452 3052 3228 3659 3787 4116 4359 4613 6042 6044 6531 
#module 179 size: 10 bs: 0.342285
826 1302 2100 2210 3499 3634 3682 4024 4763 5525 
#module 180 size: 9 bs: 0.245915
614 2598 3045 3224 3374 3730 3812 6134 6391 
#module 181 size: 8 bs: 0.338924
170 1753 1948 2175 3433 3922 5194 5866 
#module 182 size: 36 bs: 0.436745
27 568 692 744 830 1037 1101 1127 1309 1616 1743 1824 1845 2108 2155 2733 3049 3088 3466 3635 3668 4598 4737 4866 4922 4998 5163 5362 5538 6043 6216 6385 6615 6636 6677 6872 
#module 183 size: 5 bs: 0.910808
1068 1481 3773 3776 6722 
#module 184 size: 5 bs: 0.209378
1640 2855 3062 3641 5821 
#module 185 size: 4 bs: 0.785683
2021 2745 5829 6022 
#module 186 size: 7 bs: 0.326921
139 410 1582 2414 4660 5018 6772 
#module 187 size: 7 bs: 0.837194
64 708 3249 3280 4638 6500 6736 
#module 188 size: 11 bs: 0.995522
664 1655 2376 2411 3166 3440 3764 3992 4817 5094 6045 
#module 189 size: 3 bs: 0.294035
426 562 2750 
#module 190 size: 15 bs: 0.759254
38 360 683 1337 1505 1723 1965 2892 2992 3693 3695 5262 5270 5435 6355 
#module 191 size: 15 bs: 0.842939
46 812 1084 1350 1712 2614 3140 3171 3447 4136 4365 5508 5537 5856 6715 
#module 192 size: 15 bs: 0.127793
571 1338 1682 2169 2355 3784 4167 4413 4627 5324 5424 5933 5958 5980 6569 
#module 193 size: 11 bs: 0.102207
719 1221 2022 2580 2636 2763 4245 4283 4933 5339 6574 
#module 194 size: 5 bs: 1.01064
313 3663 4023 5927 5944 
#module 195 size: 8 bs: 0.817454
9 15 803 818 839 4192 4265 6435 
#module 196 size: 6 bs: 0.938374
1471 1977 4989 5059 5392 6426 
#module 197 size: 13 bs: 0.610107
274 1170 1554 2454 2575 3183 4097 4756 5161 5385 6187 6260 6362 
#module 198 size: 5 bs: 0.142944
308 505 4370 6522 6756 
#module 199 size: 8 bs: 1.00467
519 1519 1741 3300 5117 5144 5329 6480 
#module 200 size: 14 bs: 0.368972
58 286 308 1370 1473 1932 2131 2926 3370 4608 5219 5278 5473 6261 
#module 201 size: 18 bs: 0.224333
119 156 467 777 1214 1316 1675 2401 2652 2856 2971 3948 4149 4616 5210 5623 5847 6484 
#module 202 size: 20 bs: 0.899428
319 582 640 696 774 789 867 947 1676 1793 2274 2619 3131 3888 4526 4735 4760 4793 6582 6725 
#module 203 size: 8 bs: 0.583178
512 2406 3411 3688 4454 5264 5409 5798 
#module 204 size: 5 bs: 0.785117
3267 4509 5944 6231 6299 
#module 205 size: 7 bs: 0.100359
615 1537 1759 2185 3278 4509 5910 
#module 206 size: 34 bs: 0.819465
37 238 636 949 1016 1153 1398 2197 2227 2324 2374 2389 2596 2605 2642 3306 3718 3797 3850 3870 4022 4187 4483 5672 5988 6020 6030 6090 6143 6181 6302 6514 6613 6657 
#module 207 size: 15 bs: 0.77242
20 1848 2845 3136 3373 3827 3917 4419 4481 4936 5389 5509 5800 6459 6580 
#module 208 size: 130 bs: 0.129264
82 144 147 257 366 412 428 449 553 639 645 776 779 797 840 848 862 876 900 901 902 904 927 975 1049 1083 1085 1165 1314 1320 1367 1461 1479 1559 1567 1572 1601 1699 1720 1858 1896 1926 2018 2091 2212 2379 2419 2442 2483 2587 2644 2667 2825 2840 2891 2975 2999 3260 3383 3415 3429 3432 3481 3545 3555 3643 3686 3733 3768 3864 3877 4065 4074 4145 4148 4257 4350 4353 4381 4461 4506 4604 4631 4642 4678 4679 4717 4791 4850 4854 5029 5030 5070 5165 5277 5279 5287 5305 5349 5631 5645 5661 5681 5815 5828 5842 5947 5967 5976 6039 6062 6083 6185 6198 6241 6334 6395 6427 6428 6456 6485 6545 6589 6610 6618 6625 6676 6730 6826 6844 
#module 209 size: 25 bs: 0.11203
50 127 245 1474 2007 2099 2412 2444 2631 2682 2986 3043 3103 3507 3578 3610 4121 4225 4377 4615 5019 5544 5952 6425 6839 
#module 210 size: 5 bs: 0.60819
381 3010 3970 4914 6095 
#module 211 size: 25 bs: 0.112544
460 463 1670 1864 2032 2142 2461 3119 3143 3461 3487 3560 3819 3896 4515 4529 5294 5638 5658 6077 6202 6528 6753 6797 6880 
#module 212 size: 10 bs: 0.814754
320 709 780 1197 3200 3314 3324 3790 5555 6178 
#module 213 size: 5 bs: 0.384237
116 1252 3825 3860 6451 
#module 214 size: 11 bs: 1.06187
259 1306 1308 2944 2974 3836 4343 5046 5331 6080 6706 
#module 215 size: 5 bs: 0.445931
1397 1846 4038 6232 6586 
#module 216 size: 11 bs: 0.393956
1495 1553 3288 3996 4218 4498 4686 4752 5001 5119 6828 
#module 217 size: 10 bs: 0.895497
1158 1622 1698 1777 2161 3001 3132 4416 4921 6263 
#module 218 size: 5 bs: 0.624847
9 875 1057 4293 5184 
#module 219 size: 5 bs: 0.782011
2356 2627 2912 4010 4403 
#module 220 size: 50 bs: 0.865277
525 623 980 1203 1319 1430 1872 1968 1988 2056 2106 2218 2295 2391 2566 2572 2622 2680 2685 2709 2768 2887 2939 2995 3081 3110 3218 3248 3364 3390 3557 3656 3869 4059 4096 4174 4430 4530 4663 5430 5574 5581 5717 5759 5846 6089 6153 6369 6444 6895 
#module 221 size: 40 bs: 0.108837
121 1000 1234 1277 1289 1423 1486 1607 1776 1853 1863 1990 2136 2260 2286 2304 2462 2593 2692 2956 3059 3108 3577 3661 4017 4091 4208 4268 4270 4285 4938 5328 5395 5569 5627 5664 5735 6184 6404 6891 
#module 222 size: 31 bs: 0.674187
268 495 669 769 799 881 1007 1400 1629 1641 1790 1909 1921 2324 2486 2505 2573 2617 3094 3143 3173 4006 4055 4209 4796 5044 6207 6326 6654 6741 6771 
#module 223 size: 19 bs: 1.05063
599 791 1243 1262 1694 1887 2522 2700 2782 3143 3449 4163 4335 4397 4462 4874 5261 5716 6471 
#module 224 size: 9 bs: 0.658541
1376 1663 1813 2020 2472 3561 4128 6689 6719 
#module 225 size: 24 bs: 0.214602
322 558 647 1143 1230 1268 1968 2290 2315 2532 2536 2848 3621 3807 3906 4171 4280 4926 4992 5159 5800 6304 6523 6678 
#module 226 size: 15 bs: 0.226317
254 466 1360 1692 1749 1969 2416 2725 2872 3707 4905 5232 5789 5794 6807 
#module 227 size: 15 bs: 0.949723
87 545 601 820 1467 1646 1911 2043 2187 3599 3709 3762 3889 4431 6319 
#module 228 size: 6 bs: 0.983671
618 1724 3165 4253 5174 5533 
#module 229 size: 17 bs: 0.887102
268 1133 1189 1874 2025 2109 2221 2790 3026 3273 3410 3510 4083 4367 4438 5984 6667 
#module 230 size: 22 bs: 0.260207
216 549 653 656 716 1643 1923 2093 2118 2324 2368 2688 3233 3378 3878 3924 4054 4571 5147 5307 6114 6604 
#module 231 size: 18 bs: 0.771715
177 196 624 1340 1997 3336 3742 3940 3961 4071 4347 4748 4915 5243 5542 5786 6537 6688 
#module 232 size: 7 bs: 0.427761
1767 2283 3463 3919 3937 5341 6242 
#module 233 size: 9 bs: 0.730618
676 988 1055 1154 2230 3330 3748 5421 6713 
#module 234 size: 10 bs: 0.207406
125 811 1812 3899 3907 4392 4524 5941 6390 6685 
#module 235 size: 8 bs: 0.92136
19 282 321 1688 5709 6076 6234 6705 
#module 236 size: 16 bs: 0.251816
213 1081 1745 1788 3217 3479 3786 4390 5098 5274 5614 5975 6493 6673 6783 6784 
#module 237 size: 8 bs: 0.369588
184 678 700 773 3201 4908 5007 5942 
#module 238 size: 9 bs: 0.527387
115 2245 2257 3018 3149 3924 4826 5038 5796 
#module 239 size: 7 bs: 0.70588
300 302 2213 2720 3934 4300 5936 
#module 240 size: 8 bs: 1.08539
1019 1840 1855 2383 2724 3426 4133 4246 
#module 241 size: 10 bs: 0.765007
342 1628 2504 3631 3901 4107 4492 4693 4751 5790 
#module 242 size: 6 bs: 0.157335
2017 2382 3064 4531 4711 4758 
#module 243 size: 9 bs: 0.287066
2240 2393 2509 3212 4342 5378 5767 6172 6254 
#module 244 size: 11 bs: 0.789541
152 332 2552 3010 3114 3372 3891 4119 4440 6120 6813 
#module 245 size: 4 bs: 0.97718
770 2426 2815 6365 
#module 246 size: 8 bs: 0.519688
99 313 556 1999 6432 6631 6685 6770 
#module 247 size: 40 bs: 0.709144
150 182 533 814 985 1110 1112 1782 1886 2111 2277 2351 2396 2424 2664 2901 3041 3162 3232 3240 3802 3902 3943 4030 4139 4255 4542 4585 4625 4876 4910 4941 5157 5199 5805 5891 6176 6318 6371 6861 
#module 248 size: 10 bs: 0.289499
396 1208 1312 2579 2934 3112 3691 5269 5858 6411 
#module 249 size: 36 bs: 0.854377
97 234 711 900 1120 1301 1475 1512 1940 2016 2119 2306 2534 2779 2964 3118 3379 3457 3604 3727 3839 4281 4729 4732 4790 4932 5107 5285 5732 5739 5760 5850 5985 6661 6822 6883 
#module 250 size: 14 bs: 0.275236
86 108 658 1293 2488 2853 3894 3954 4042 4340 5015 5579 5916 6626 
#module 251 size: 7 bs: 0.653182
2890 2906 3058 3580 4009 5881 6313 
#module 252 size: 9 bs: 0.475677
4006 4475 4634 4917 5044 5778 5875 6208 6442 
#module 253 size: 14 bs: 0.357853
120 323 1917 2172 2628 2778 3174 3512 3845 4226 4597 4934 5054 5313 
#module 254 size: 3 bs: 0.988357
2050 3491 5877 
#module 255 size: 4 bs: 0.596082
271 1178 3615 5573 
#module 256 size: 11 bs: 0.999557
942 943 1873 2070 2888 3648 4288 5264 5434 5510 5610 
#module 257 size: 5 bs: 1.07264
1128 1840 4767 5768 6848 
#module 258 size: 18 bs: 0.717258
67 1149 1272 1973 2002 2303 2474 2679 3060 4214 4989 5012 5247 5255 5322 6494 6538 6614 
#module 259 size: 10 bs: 0.524916
158 1322 2024 3725 4964 5037 5184 5288 6246 6695 
#module 260 size: 3 bs: 0.678712
324 4384 6117 
#module 261 size: 24 bs: 0.949992
77 113 538 898 1107 1637 1822 1823 2466 2847 3202 3454 3808 3904 4221 4401 4540 5224 5227 5241 5712 5860 6550 6602 
#module 262 size: 19 bs: 0.365648
133 792 1005 1135 1678 1732 2285 2410 2624 2756 2881 3227 4130 4628 5026 5224 5712 6508 6578 
#module 263 size: 12 bs: 0.778213
827 1455 1949 2034 2440 3576 4423 5136 5267 5651 5851 6637 
#module 264 size: 24 bs: 1.08933
183 594 954 1071 1150 1711 1784 1941 2298 2549 2817 3203 3255 3391 3490 3741 3935 4011 4847 4983 5158 5247 5541 6849 
#module 265 size: 12 bs: 1.09703
56 413 896 1436 2127 2266 3172 3569 3964 5806 6340 6501 
#module 266 size: 14 bs: 0.530162
249 587 1159 1712 1736 1816 3047 3133 3416 3671 4088 4943 5931 6761 
#module 267 size: 13 bs: 0.792345
78 365 470 597 1046 1746 1901 3982 4703 4872 5211 5982 6416 
#module 268 size: 40 bs: 0.478036
39 183 303 326 348 800 821 1115 1939 1954 2088 2447 2508 2638 2711 2844 2984 3153 3262 3731 3754 3910 4045 4081 4209 4584 5052 5156 5190 5363 5379 5535 5830 5862 5928 5968 6130 6668 6769 6816 
#module 269 size: 6 bs: 0.475745
631 1660 2125 3223 3318 4132 
#module 270 size: 9 bs: 0.231409
863 953 2897 3806 5382 5725 6041 6179 6197 
#module 271 size: 4 bs: 0.59641
636 2557 2815 3506 
#module 272 size: 12 bs: 1.01934
1269 2110 2234 2471 3297 3609 4093 4314 4925 5885 6206 6213 
#module 273 size: 35 bs: 0.764149
209 293 363 379 424 668 740 886 967 1021 1133 1607 1742 2031 2171 2268 2642 2927 2977 3441 3492 4308 4337 4360 4508 4789 4843 4935 5087 6082 6121 6367 6467 6652 6909 
#module 274 size: 7 bs: 0.10827
1575 2454 2482 2678 2996 4555 6913 
#module 275 size: 9 bs: 0.954029
389 1058 1624 1728 2808 3250 3939 4019 4366 
#module 276 size: 9 bs: 0.624579
636 979 1580 2189 4019 5575 5944 6647 6776 
#module 277 size: 39 bs: 0.349162
33 48 117 267 298 630 669 979 1279 1386 1730 1931 2339 2446 2538 2581 2612 2839 3128 3194 3557 3584 3619 3676 4158 4367 4391 4776 4794 4852 4954 4959 5171 5331 5408 5923 5954 6509 6650 
#module 278 size: 33 bs: 0.466759
287 365 452 495 603 670 882 949 1294 1643 1811 1868 1913 1946 2061 2106 2195 2318 2595 2751 2925 4416 4435 5007 5034 5044 5078 5247 5431 5518 6089 6348 6501 
#module 279 size: 23 bs: 0.284553
617 743 760 822 1270 1704 1750 1884 2255 3044 3377 3830 3989 4095 4104 4762 4812 4842 5411 5711 6277 6346 6645 
#module 280 size: 6 bs: 0.393461
1817 2114 3396 3770 4090 5733 
#module 281 size: 8 bs: 0.983652
281 554 2896 2985 4469 5769 6050 6328 
#module 282 size: 4 bs: 1.01579
477 657 1357 6870 
#module 283 size: 9 bs: 0.358355
706 860 960 1062 1809 2728 3363 3500 4636 
#module 284 size: 5 bs: 0.350061
109 171 1265 3611 4258 
#module 285 size: 6 bs: 0.158686
206 1983 3767 5600 5726 5874 
#module 286 size: 3 bs: 0.842654
2069 4235 6559 
#module 287 size: 3 bs: 0.121294
540 4213 4564 
#module 288 size: 6 bs: 0.902338
1114 1416 2405 2718 3451 4012 
#module 289 size: 7 bs: 1.05242
336 1274 4239 4267 4652 5035 5807 
#module 290 size: 13 bs: 0.995764
522 637 968 1898 1920 2431 3215 3222 3279 5135 5272 6157 6398 
#module 291 size: 10 bs: 0.922142
235 869 1687 1981 2027 2215 2625 4700 4765 6827 
#module 292 size: 23 bs: 0.113811
686 1012 1082 1166 1678 1942 2349 2733 2758 2766 2976 3063 3565 3669 4127 4208 4533 4574 5023 5642 6145 6191 6716 
#module 293 size: 5 bs: 1.03253
798 1183 1469 1774 2960 
#module 294 size: 15 bs: 0.377541
916 950 1017 1032 1610 1861 3881 3930 4858 5548 5668 5832 6192 6576 6745 
#module 295 size: 12 bs: 1.01981
459 600 1565 2006 2365 3127 3216 4386 4407 6116 6515 6659 
#module 296 size: 7 bs: 0.71863
148 1988 2577 3984 5611 6271 6518 
#module 297 size: 11 bs: 0.767879
1881 2670 2946 3769 4895 5053 5301 5872 6439 6649 6739 
#module 298 size: 3 bs: 0.810347
3296 6060 6341 
#module 299 size: 17 bs: 0.172834
392 1264 1433 1669 1961 2324 2341 2859 3515 3672 3999 4958 4974 5347 5504 5514 5876 
#module 300 size: 25 bs: 0.479902
379 622 655 661 973 1015 1138 1174 1432 1946 2066 2508 3239 3263 3386 3681 4297 4402 4532 4556 4972 5011 5185 6488 6873 
#module 301 size: 7 bs: 0.618361
615 880 989 1042 4648 4981 5775 
#module 302 size: 21 bs: 0.369941
74 464 465 728 1658 2439 2554 2910 3111 3311 3706 3858 3874 4085 4289 4578 4871 5520 5640 6161 6375 
#module 303 size: 5 bs: 0.827781
755 1924 2490 5519 6192 
#module 304 size: 10 bs: 0.937357
136 1735 3269 3358 4825 5377 5602 6267 6392 6766 
#module 305 size: 6 bs: 0.215899
1052 2220 3422 5840 6159 6517 
#module 306 size: 5 bs: 0.559926
216 1937 4393 4971 6922 
#module 307 size: 18 bs: 0.906042
117 539 732 746 996 1536 1758 2516 2544 3175 3531 3605 3916 4174 4338 4439 4916 6467 
#module 308 size: 4 bs: 0.842715
1296 2474 4869 5216 
#module 309 size: 58 bs: 0.836579
36 60 237 242 420 550 591 616 672 787 834 864 948 990 1031 1434 1442 1491 1506 1578 1805 1882 2128 2160 2795 3057 3069 3186 3401 3525 3705 4123 4130 4186 4191 4204 4210 4256 4444 4457 4494 4720 4759 4823 4834 5027 5131 5228 5321 5367 5372 5527 5764 5825 5921 6118 6270 6295 
#module 310 size: 23 bs: 0.29728
1095 1147 1187 1569 2207 2443 2602 3145 3652 3692 4354 4362 4458 4550 4661 4696 5236 5500 5762 6300 6400 6546 6760 
#module 311 size: 13 bs: 0.842347
21 243 312 381 588 590 699 3450 3697 4254 4344 5493 6125 
#module 312 size: 17 bs: 0.467385
1213 1329 1760 2380 2430 2727 3014 3100 3496 3498 4596 5582 6051 6361 6547 6791 6845 
#module 313 size: 8 bs: 0.856381
232 532 1298 2723 3944 4339 5209 6023 
#module 314 size: 12 bs: 0.947746
576 667 1412 1571 2224 3004 3238 3559 4821 4853 5223 5754 
#module 315 size: 10 bs: 0.329588
1548 1590 1842 2803 3264 3859 4013 4795 5639 6013 
#module 316 size: 23 bs: 0.961654
94 729 831 1167 1186 1285 1349 1534 1535 2184 2337 2420 2969 3408 3685 3736 4358 4714 5114 5532 5752 5987 6255 
#module 317 size: 10 bs: 0.632531
17 339 700 747 2438 3758 4053 5296 5368 5884 
#module 318 size: 12 bs: 1.035
229 338 373 1158 1354 3099 3375 4311 4981 5110 5441 5903 
#module 319 size: 12 bs: 0.634307
695 1849 2173 2653 3472 4299 4519 4701 5056 5364 5654 6462 
#module 320 size: 17 bs: 0.404861
718 1310 1718 1751 3033 3121 3366 3620 3642 3764 4325 4477 5284 5537 5887 6440 6832 
#module 321 size: 41 bs: 0.171084
10 218 290 393 585 740 775 974 1088 1384 1410 1543 1570 1598 1693 1922 2074 2081 2147 2558 2563 2608 3221 3299 3400 3866 3925 4202 4280 4425 4490 4588 4924 5217 5593 5688 6193 6634 6701 6774 6886 
#module 322 size: 10 bs: 0.131523
227 1690 3427 4222 5145 5371 6098 6614 6799 6876 
#module 323 size: 10 bs: 0.532521
548 977 1581 3572 4183 4290 4334 5562 5723 5724 
#module 324 size: 6 bs: 0.463694
6 612 1231 4183 5703 6040 
#module 325 size: 6 bs: 0.852253
1236 4891 5118 5467 5712 5801 
#module 326 size: 7 bs: 1.02746
832 1382 4630 4634 5663 5896 5972 
#module 327 size: 46 bs: 0.612614
5 329 361 492 566 626 835 844 931 1022 1050 1122 1395 1516 1651 1708 1815 1912 2144 2338 2352 2360 2455 2919 2962 3000 3511 3852 3969 3980 4170 4496 4656 4672 4963 4979 4980 5008 5048 5402 5465 5481 5831 6031 6149 6360 
#module 328 size: 15 bs: 0.245805
207 264 2143 2217 3527 3908 4029 4221 4684 4764 5499 6108 6532 6577 6860 
#module 329 size: 33 bs: 0.212218
155 490 782 992 1391 1530 1584 1677 1768 1862 1944 2188 2247 2418 2550 2732 3350 3371 3563 3670 3687 3876 4051 4640 4801 4803 5074 5358 5420 5462 5635 6162 6675 
#module 330 size: 7 bs: 0.874551
3096 3198 3526 3972 4043 4900 5901 
#module 331 size: 4 bs: 1.04224
169 1238 2305 6843 
#module 332 size: 14 bs: 0.391196
583 584 609 700 2852 3377 3679 4788 5282 5446 5464 5696 5909 6170 
#module 333 size: 6 bs: 0.35829
573 3011 3345 3882 6070 6584 
#module 334 size: 5 bs: 0.115394
563 2754 3425 4602 6293 
#module 335 size: 104 bs: 0.39015
22 25 34 53 62 80 151 210 230 233 347 356 425 434 446 454 478 526 531 561 785 814 914 1090 1227 1260 1276 1502 1504 1541 1564 1573 1620 1652 1956 2068 2203 2208 2359 2385 2604 2648 2657 2731 2749 2769 2849 2867 2879 2885 2904 3029 3034 3139 3254 3331 3356 3420 3710 3746 3793 3798 3886 4162 4179 4198 4376 4379 4429 4582 4619 4675 4694 4740 4809 4873 5089 5207 5251 5257 5266 5314 5342 5444 5572 5698 5740 5943 5970 5973 6133 6142 6183 6200 6251 6335 6525 6565 6568 6597 6616 6726 6775 6780 
#module 336 size: 17 bs: 0.578893
31 316 580 1706 3439 3557 3647 3732 4343 5057 5246 5660 5748 5804 6151 6425 6642 
#module 337 size: 8 bs: 0.280343
317 892 2261 2691 4346 4583 5699 6025 
#module 338 size: 10 bs: 0.894756
176 523 577 735 1957 1959 3523 6189 6275 6386 
#module 339 size: 4 bs: 0.766945
991 1952 5549 6486 
#module 340 size: 4 bs: 1.02203
1483 2865 5605 6712 
#module 341 size: 12 bs: 0.321462
602 1621 2342 3030 3361 3900 4959 5254 5978 5986 6209 6709 
#module 342 size: 4 bs: 0.224482
688 2122 2777 5702 
#module 343 size: 9 bs: 0.400868
1002 1261 1303 1786 1870 2793 3258 3622 5796 
#module 344 size: 4 bs: 0.86263
1716 1756 2635 4279 
#module 345 size: 9 bs: 0.631276
741 2117 2521 2669 2783 3629 4441 4653 5058 
#module 346 size: 25 bs: 0.592996
12 48 445 730 1010 1140 1194 1282 1930 2833 3303 3424 3554 4391 4491 4643 4880 4909 5677 5890 5914 6033 6434 6579 6891 
#module 347 size: 10 bs: 0.8315
384 716 1033 1754 1781 2041 2480 3658 3820 6777 
#module 348 size: 19 bs: 0.495439
61 108 134 1118 1217 1949 1968 1974 2182 2342 2488 2620 2739 3611 3975 4369 5205 5995 6626 
#module 349 size: 12 bs: 0.662849
380 1608 1726 2067 2409 3181 3704 4140 4482 4857 5202 6280 
#module 350 size: 19 bs: 0.491254
178 768 778 865 1043 1974 2686 3662 3804 3867 3914 4416 4695 4843 5554 5956 6347 6379 6859 
#module 351 size: 4 bs: 0.771516
2198 4570 4774 4948 
#module 352 size: 12 bs: 0.260124
712 970 1003 1375 2183 2226 3413 3519 4589 4996 5720 6534 
#module 353 size: 11 bs: 0.726752
599 607 2019 3062 3674 3824 4355 5105 5553 6166 6840 
#module 354 size: 41 bs: 0.535686
408 482 598 761 1184 1594 1609 1765 1828 1991 2061 2071 2276 2475 2656 2660 2698 2757 2854 2873 3059 3074 3080 3147 3246 3266 3326 3485 3590 4150 4237 4601 5307 5452 5803 5992 6047 6186 6570 6692 6761 
#module 355 size: 11 bs: 0.336151
276 1888 2125 2291 2876 4010 4907 5095 5422 5703 5785 
#module 356 size: 3 bs: 1.02717
240 474 3219 
#module 357 size: 11 bs: 0.958353
146 1339 1404 1587 1610 2525 3729 3739 4383 5700 6794 
#module 358 size: 3 bs: 0.88506
1555 2662 6421 
#module 359 size: 54 bs: 0.654814
141 167 255 448 628 691 801 888 1137 1211 1366 1403 1661 1841 1893 1985 2121 2149 2173 2248 2571 2630 2870 3037 3452 3662 3713 3842 3932 4331 4436 4518 4534 4545 4775 4806 4832 4851 4870 5214 5261 5458 5568 5620 5694 5746 6175 6223 6296 6431 6503 6697 6835 6877 
#module 360 size: 15 bs: 0.471809
171 817 1544 2167 2435 2822 2963 3365 3868 4641 5141 5550 5782 6011 6567 
#module 361 size: 44 bs: 0.52288
42 443 476 822 1531 1617 1619 1793 2120 2369 2427 2479 2671 2878 2983 3072 3079 3115 3168 3208 3507 3647 3649 3657 3777 3955 4161 4576 4691 4772 5069 5109 5354 5534 5536 5581 5728 5912 6018 6339 6425 6516 6548 6812 
#module 362 size: 3 bs: 0.448103
1281 4332 4455 
#module 363 size: 9 bs: 0.69965
2830 2915 2950 4451 4930 5489 5722 5951 6660 
#module 364 size: 28 bs: 1.00173
129 260 570 654 956 1545 1607 1642 2836 2878 3035 3170 3502 3589 3647 3867 3977 4092 4185 4277 4410 4573 5419 5423 6158 6180 6388 6548 
#module 365 size: 30 bs: 0.949509
294 306 391 436 1144 1443 1624 1750 2243 2345 2449 2517 2520 2586 2787 2836 2900 3794 4044 4193 5401 5512 5609 5779 6096 6165 6362 6510 6804 6855 
#module 366 size: 3 bs: 0.276507
1001 3274 4739 
#module 367 size: 14 bs: 1.05158
76 112 289 493 870 2294 2708 2911 2991 3607 3832 5443 6188 6607 
#module 368 size: 4 bs: 1.02816
910 1685 3792 4767 
#module 369 size: 5 bs: 0.596348
552 1250 5517 6389 6555 
#module 370 size: 39 bs: 0.797501
48 186 388 1196 1259 1342 1593 2130 2265 2322 2423 2458 2796 2842 2990 3046 3173 3585 3624 3732 3745 4067 4138 4207 4360 4541 4557 4874 5003 5458 5480 5759 6065 6122 6357 6507 6575 6627 6895 
#module 371 size: 17 bs: 0.747827
1078 1190 1396 1437 1943 2279 2485 2677 2880 3017 3952 4466 4554 4906 5013 5150 6743 
#module 372 size: 10 bs: 1.0526
632 1459 2350 3281 3301 3327 3564 5393 6124 6561 
#module 373 size: 14 bs: 0.714195
145 300 1426 1899 2545 3349 3894 3942 4098 4282 5125 5515 6521 6744 
#module 374 size: 10 bs: 0.269154
89 721 1381 1653 2967 3169 3206 3586 4509 6497 
#module 375 size: 4 bs: 1.07989
386 660 1244 2629 
#module 376 size: 4 bs: 0.419993
1773 1859 1904 3352 
#module 377 size: 11 bs: 0.392406
663 710 906 1647 2478 3962 5073 5624 6250 6721 6792 
#module 378 size: 12 bs: 0.642929
679 716 1365 1428 1867 3635 3660 3694 4512 5491 6115 6524 
#module 379 size: 6 bs: 1.02419
489 1794 2537 5033 5750 6489 
#module 380 size: 16 bs: 0.300775
528 572 837 847 1179 1780 2094 3553 4002 4408 4593 4865 5047 5230 5636 5911 
#module 381 size: 23 bs: 0.276575
95 122 256 809 1336 1673 1997 2206 2614 2996 3483 3649 3667 4369 4426 4733 4987 5015 5265 5412 5782 5810 6778 
#module 382 size: 39 bs: 0.26737
248 263 284 424 552 575 673 783 817 1133 1241 1546 1547 1588 1874 2012 2048 2120 2169 2223 2392 3271 3369 3456 3618 3743 4200 4273 4302 4360 4405 5087 5127 5218 6121 6292 6491 6738 6779 
#module 383 size: 20 bs: 0.697344
375 843 899 1392 1732 1814 1976 2300 2620 3239 3265 3826 4414 4415 5045 5099 5949 6406 6455 6635 
#module 384 size: 5 bs: 0.452979
51 1207 2384 3828 4591 
#module 385 size: 21 bs: 1.02688
131 572 697 926 1116 1409 1717 1792 2235 2634 3322 3417 3600 4821 5148 5672 5946 6390 6454 6573 6922 
#module 386 size: 9 bs: 0.50534
675 3104 3573 4878 5606 5989 6279 6601 6603 
#module 387 size: 13 bs: 0.527808
101 1549 1867 2333 3470 3805 4015 5198 5607 5834 6082 6207 6815 
#module 388 size: 8 bs: 0.922711
126 1334 1783 2174 2310 2603 3512 6654 
#module 389 size: 8 bs: 0.152508
244 1280 1299 1365 2474 4044 5255 6620 
#module 390 size: 29 bs: 0.233695
613 1408 1583 1800 1868 1974 2079 2153 2256 2297 2317 2344 2360 2679 3333 3577 4048 4141 4355 4515 4781 5104 5247 5676 5773 5798 5901 6080 6405 
#module 391 size: 13 bs: 0.347435
1437 2041 2480 3017 3090 3594 3820 4086 4183 4336 4468 5355 6164 
#module 392 size: 44 bs: 0.640416
106 817 996 1266 1435 1545 1742 1763 1866 2080 2129 2321 2496 2805 3353 3418 3516 3603 3655 3804 3831 3853 3854 4016 4076 4092 4168 4501 4620 4626 4885 4911 4978 5175 5773 5800 5897 6032 6063 6379 6548 6552 6724 6816 
#module 393 size: 16 bs: 0.656018
103 1076 1146 1705 1945 1955 2383 2658 2746 2883 3012 3532 3546 4368 5224 5410 
#module 394 size: 32 bs: 0.123399
439 459 799 989 1079 1547 1694 1738 1961 1986 2517 2612 3143 3156 3369 3619 3640 3711 3892 4026 4391 4428 4530 4787 4874 4898 5530 5629 5677 6010 6269 6738 
#module 395 size: 4 bs: 0.207798
934 1786 2165 2819 
#module 396 size: 5 bs: 0.886295
2083 2350 3766 5868 6472 
#module 397 size: 14 bs: 0.592786
1304 1324 1369 2405 2865 3681 4177 4635 4677 4839 5432 5730 6085 6393 
#module 398 size: 12 bs: 0.119016
91 260 357 1070 1755 2060 2491 3354 4064 4951 5886 6272 
#module 399 size: 10 bs: 0.555407
1876 3357 3699 3847 4110 4520 5650 5865 5996 6026 
#module 400 size: 48 bs: 0.452259
188 202 574 605 825 897 952 1198 1383 1405 1424 1576 1934 2042 2120 2164 2663 2736 2744 2759 2773 2823 2862 2932 2972 2980 3078 3380 3955 3993 4157 4212 4896 5088 5359 5625 5938 5991 5996 6094 6110 6195 6227 6408 6499 6595 6785 6878 
#module 401 size: 11 bs: 1.02693
1151 2084 2814 4317 5360 5526 5751 5869 6245 6591 6704 
#module 402 size: 14 bs: 0.311881
1160 1181 1599 1949 2141 2875 2889 3542 4813 5574 6268 6434 6443 6651 
#module 403 size: 113 bs: 0.114099
114 159 325 359 382 388 451 621 643 790 823 850 894 932 958 980 1106 1253 1283 1319 1399 1515 1551 1599 1630 1747 1769 1779 1878 1950 1975 1984 1985 2012 2089 2211 2244 2254 2334 2502 2572 2611 2680 2687 2730 2760 2799 2833 2938 3005 3146 3176 3256 3326 3337 3389 3441 3474 3700 3953 3998 4112 4131 4155 4249 4272 4294 4307 4341 4381 4399 4404 4430 4530 4556 4568 4899 4950 4966 5042 5066 5071 5079 5173 5213 5335 5466 5511 5587 5589 5679 5717 5763 5836 5888 5945 6089 6168 6190 6217 6240 6252 6307 6338 6353 6425 6463 6563 6624 6665 6895 6903 6906 
#module 404 size: 22 bs: 0.704932
226 946 1073 1258 1561 1766 2186 2650 3210 3231 3364 3476 3541 4195 4622 5086 5158 5164 5849 6388 6450 6806 
#module 405 size: 15 bs: 0.340298
921 1077 1385 1398 1574 1689 1818 2864 3134 3800 4220 4502 4518 5781 6514 
#module 406 size: 78 bs: 0.840553
31 255 302 371 402 502 551 871 1129 1176 1267 1321 1428 1836 1841 1996 2034 2140 2308 2345 2445 2670 2800 2813 2818 2829 2844 2889 2900 3142 3167 3199 3241 3291 3412 3423 3539 3557 3986 4039 4108 4111 4333 4491 4516 4527 4609 4705 4708 4736 4738 4811 4861 4969 4997 5068 5186 5245 5293 5400 5488 5619 5719 5817 5851 6005 6046 6074 6136 6210 6343 6363 6430 6532 6588 6627 6668 6866 
#module 407 size: 17 bs: 0.597215
85 189 198 201 788 1282 1413 1556 2241 2791 3275 3978 4120 4863 5823 6317 6566 
#module 408 size: 23 bs: 0.110621
559 715 791 886 922 1257 1588 1634 1738 1757 1810 2062 3143 3471 3711 4291 4369 4824 4874 5106 5677 6366 6773 
#module 409 size: 8 bs: 0.9288
966 1173 2583 2632 3597 4180 6075 6740 
#module 410 size: 10 bs: 1.00569
246 485 644 751 2585 3190 3342 3406 3567 4893 
#module 411 size: 17 bs: 0.968569
192 753 1141 1251 1542 2179 2395 2523 2816 3184 3646 3849 4962 5182 5487 6662 6708 
#module 412 size: 95 bs: 0.300237
204 251 309 395 430 432 575 766 937 967 1113 1133 1241 1256 1286 1400 1638 1790 1806 1909 1915 1966 2012 2076 2120 2158 2263 2280 2296 2371 2428 2492 2596 2637 2742 2776 2792 2869 2874 2877 2905 3046 3095 3167 3173 3175 3211 3273 3338 3368 3477 3505 3527 3544 3665 3703 3941 3973 3984 4209 4360 4363 4389 4410 4439 4450 4546 4573 4603 4665 4743 4816 4874 4892 5040 5111 5128 5218 5437 5577 5966 5979 6002 6015 6064 6081 6121 6191 6283 6364 6467 6612 6666 6733 6753 
#module 413 size: 21 bs: 0.36289
727 1679 2495 2729 3017 3438 3834 4015 4178 4935 4962 5050 5340 5375 5886 5920 6332 6491 6551 6627 6731 
#module 414 size: 12 bs: 0.852459
179 872 898 2057 2362 2633 3848 3856 5456 5528 6320 6465 
#module 415 size: 21 bs: 0.97202
1625 2040 2157 2514 2993 3393 3446 3497 3520 3521 3593 3734 3820 3909 4047 4252 4276 4890 5366 6461 6703 
#module 416 size: 20 bs: 0.11843
219 225 391 402 415 983 1624 1646 1750 2747 2893 3032 3377 4081 4532 5153 5486 5909 6170 6670 
#module 417 size: 11 bs: 0.669947
16 278 1223 1482 2370 4082 4113 4779 5893 5993 6513 
#module 418 size: 21 bs: 0.54195
1273 1839 2034 2123 2141 2415 2474 2600 2677 2831 3012 3040 3113 3349 3818 3825 4072 4117 4478 6308 6506 
#module 419 size: 35 bs: 0.222531
73 340 419 592 976 1351 1451 1525 2180 2282 2325 2528 2668 3161 3180 3639 3920 4118 4152 4232 4447 4586 4755 5006 5286 5352 5427 5649 5674 5738 5783 6259 6422 6496 6556 
#module 420 size: 69 bs: 1.02863
3 175 212 231 320 462 595 619 636 830 971 995 1282 1363 1417 1497 1775 1944 1970 2004 2015 2078 2231 2262 2264 2348 2465 2515 2539 2555 2581 2649 2832 3303 3344 3359 3444 3552 3557 3679 3782 3875 3876 3915 3920 3921 4089 4106 4175 4406 4569 4664 4849 4889 5010 5380 5418 5626 5634 5953 5955 6007 6199 6249 6330 6337 6469 6482 6790 
#module 421 size: 6 bs: 0.23704
648 2132 2697 3538 4075 6806 
#module 422 size: 21 bs: 0.674828
72 579 909 1199 1562 1583 2035 2106 2191 2195 2535 2706 3141 3319 3328 3677 4730 4798 4846 5546 6601 
#module 423 size: 5 bs: 0.781517
473 529 1413 4575 5848 
#module 424 size: 47 bs: 0.361412
1 18 310 620 788 971 1295 1721 1910 2011 2098 2236 2309 2507 3042 3089 3231 3253 3265 3323 3387 3514 3823 3918 3994 4200 4337 4361 4385 4476 4503 4577 4581 5154 5172 5231 5440 5531 5621 5669 5711 6015 6150 6310 6455 6598 6747 
#module 425 size: 92 bs: 0.758474
179 279 298 299 305 432 463 482 483 495 684 685 754 777 799 808 915 920 989 1433 1579 1659 1691 1707 1811 1827 1910 1966 1990 1993 2127 2280 2302 2311 2584 2606 2642 2898 3023 3116 3177 3210 3418 3441 3522 3560 3575 3664 3708 3817 3838 3958 4017 4092 4101 4135 4164 4223 4247 4268 4389 4459 4517 4558 4712 4880 5024 5078 5085 5116 5134 5571 5584 5628 5638 5737 5898 5914 5934 6073 6244 6342 6347 6388 6423 6504 6528 6541 6590 6664 6753 6817 
#module 426 size: 9 bs: 1.0324
849 1514 1960 3865 4301 4778 4804 5704 6592 
#module 427 size: 6 bs: 1.02495
221 884 1697 5063 5428 5580 
#module 428 size: 24 bs: 0.750379
162 370 762 889 1027 1206 1456 1589 1770 2005 2190 2524 2988 3257 3282 3928 3968 4154 4692 4990 5414 6629 6793 6838 
#module 429 size: 10 bs: 0.488271
810 1377 2135 2238 2533 2949 4579 4676 5132 5233 
#module 430 size: 23 bs: 0.341784
49 211 567 589 596 722 1709 1951 2786 3085 3436 3443 3478 3816 3857 4229 4356 4565 6012 6079 6126 6226 6358 
#module 431 size: 9 bs: 1.03058
510 1362 3261 4472 4833 5451 5558 6554 6862 
#module 432 size: 15 bs: 1.00715
185 725 1390 1752 2358 2966 3235 3680 3931 4203 4352 4600 5522 6429 6687 
#module 433 size: 5 bs: 0.587367
9 1869 2574 3885 5647 
#module 434 size: 10 bs: 0.398521
228 1563 1683 1761 2982 3684 3970 4184 4320 6297 
#module 435 size: 23 bs: 0.931553
501 972 1465 1477 1801 2194 2249 2951 3002 3075 3148 3332 3829 4271 4387 4563 4955 5276 5337 5453 6107 6113 6498 
#module 436 size: 27 bs: 0.322212
487 777 945 1054 1212 1317 1631 1933 1998 2460 2496 3099 3152 3197 3287 3696 3701 4757 4799 4822 4939 5060 5772 6027 6203 6380 6889 
#module 437 size: 14 bs: 0.25522
40 407 1850 1908 2170 2331 2913 4343 4624 5072 5200 5594 6224 6879 
#module 438 size: 12 bs: 1.09488
635 1160 2181 2404 3589 3850 3856 3905 4375 5981 6092 6601 
#module 439 size: 34 bs: 0.110218
358 534 717 1193 1431 1588 1819 1910 1964 1992 2009 2299 2828 3050 3195 3418 3967 3970 3976 4134 4144 4164 4173 4247 4274 4304 4323 4561 5096 5122 5628 6048 6354 6646 
