#module 0 size: 24 bs: 0.00133112
101 226 255 283 314 322 341 403 552 553 554 583 679 759 866 889 910 933 973 1010 1127 1326 1339 1366 
#module 1 size: 7 bs: 0.0314544
116 408 722 787 859 968 1351 
#module 2 size: 27 bs: 0.0457696
1 90 125 132 135 142 162 214 292 373 457 538 539 579 619 639 658 684 713 714 747 827 876 898 900 1012 1354 
#module 3 size: 13 bs: 0.0121044
209 218 231 324 335 390 425 446 462 623 759 784 919 
#module 4 size: 134 bs: 0.682214
7 11 13 15 19 20 22 23 24 26 28 29 35 37 42 46 64 181 253 273 290 323 340 369 382 415 441 444 454 483 491 505 532 593 621 626 632 644 720 790 811 817 832 835 871 964 971 977 980 981 987 989 1001 1015 1027 1032 1039 1041 1042 1048 1053 1058 1064 1071 1086 1105 1112 1115 1120 1121 1132 1136 1150 1157 1164 1177 1190 1222 1224 1228 1234 1246 1258 1265 1266 1268 1269 1270 1285 1293 1294 1298 1299 1300 1301 1303 1304 1305 1306 1307 1308 1315 1316 1317 1319 1320 1322 1324 1327 1328 1329 1330 1331 1332 1335 1336 1337 1338 1340 1341 1358 1359 1360 1361 1364 1365 1368 1369 1370 1371 1373 1374 1375 1378 
#module 5 size: 81 bs: 0.514287
3 6 60 61 67 69 73 75 77 81 88 91 92 93 98 102 138 191 192 215 217 220 246 260 263 294 296 300 329 394 399 411 419 422 423 426 429 432 436 473 511 537 542 551 561 567 570 575 587 600 606 652 681 686 692 695 707 750 751 757 765 772 783 800 808 823 830 854 872 894 905 907 914 961 962 970 979 1011 1149 1216 1220 
#module 6 size: 113 bs: 0.310672
4 10 11 12 14 16 17 18 20 21 25 26 27 30 31 32 33 34 36 38 50 66 72 76 82 94 97 99 137 170 180 204 226 236 240 241 242 265 266 267 275 280 316 334 336 351 404 420 451 455 483 523 568 586 614 638 642 671 673 701 708 716 721 727 738 768 774 776 793 815 844 855 881 884 893 897 909 912 921 937 939 956 959 963 1007 1023 1033 1043 1048 1093 1099 1115 1132 1136 1170 1177 1183 1196 1202 1224 1228 1234 1240 1253 1274 1277 1283 1318 1342 1350 1355 1356 1372 
#module 7 size: 25 bs: 0.336732
49 78 108 269 311 319 343 349 381 407 453 460 521 522 549 589 598 615 635 636 649 786 892 953 978 
#module 8 size: 34 bs: 0.602244
52 96 111 182 183 212 233 253 354 412 437 545 559 669 680 705 719 742 763 806 835 862 887 913 920 950 951 995 1042 1221 1282 1334 1367 1369 
#module 9 size: 68 bs: 0.817465
68 74 104 110 115 129 134 136 141 151 153 219 221 230 252 258 264 279 301 302 304 305 320 338 361 364 367 372 378 393 397 430 440 443 450 550 582 617 640 657 663 666 689 694 696 703 706 717 723 740 752 807 837 851 856 858 863 875 896 932 947 954 969 983 1000 1013 1031 1302 
#module 10 size: 12 bs: 0.921588
131 266 400 409 465 611 620 642 665 1305 1323 1331 
#module 11 size: 21 bs: 0.271951
165 177 210 248 433 452 549 589 608 613 622 662 693 810 836 861 892 906 974 1030 1295 
#module 12 size: 19 bs: 0.171315
86 87 366 377 406 463 469 474 580 664 704 709 710 769 803 824 880 895 1008 
#module 13 size: 28 bs: 0.177101
5 178 227 244 271 303 337 345 350 363 379 396 459 540 559 565 651 762 775 883 918 1020 1030 1078 1141 1271 1297 1376 
#module 14 size: 153 bs: 0.639531
53 56 57 59 65 70 79 95 101 109 112 113 120 121 123 133 139 143 144 147 149 152 156 158 159 163 164 166 167 168 185 186 187 189 194 195 199 201 223 224 225 237 261 272 274 276 278 282 283 287 289 295 306 309 313 314 322 333 341 342 343 344 355 356 357 358 360 386 391 403 405 417 421 424 434 442 449 458 467 476 497 512 520 524 531 533 534 544 552 555 571 572 574 578 583 590 597 602 603 605 610 625 629 634 648 655 656 659 661 668 670 678 679 687 699 711 712 725 735 736 743 745 754 756 764 770 773 795 796 805 822 833 839 850 857 860 865 874 885 889 933 948 955 975 985 1014 1019 1026 1028 1040 1272 1273 1357 
#module 15 size: 50 bs: 1.0712
48 62 63 71 118 169 200 214 229 243 258 292 298 305 327 346 352 353 385 387 414 443 527 579 594 595 600 609 616 653 682 685 695 707 744 753 758 761 766 791 812 819 820 831 838 849 852 908 915 979 
#module 16 size: 108 bs: 1.05073
2 80 104 106 107 114 122 150 154 157 160 188 193 196 198 203 211 213 251 270 288 291 297 308 321 326 347 371 383 392 398 416 447 457 466 535 539 562 564 582 592 604 607 631 650 654 667 674 675 691 697 698 702 718 724 728 741 771 797 802 809 821 834 841 842 843 851 858 863 864 878 891 899 903 904 911 932 934 935 936 949 952 957 965 967 969 988 996 1000 1006 1015 1016 1017 1018 1021 1025 1142 1209 1217 1219 1223 1275 1284 1296 1321 1349 1352 1362 
#module 17 size: 49 bs: 0.531506
54 55 190 206 207 208 215 238 239 249 256 257 281 299 307 365 374 384 401 428 439 468 519 540 547 558 566 581 585 627 672 718 748 749 813 818 829 840 868 869 916 917 920 934 954 972 982 1092 1276 
#module 18 size: 86 bs: 0.46663
3 6 61 67 69 73 77 100 102 103 108 117 118 119 128 145 161 179 184 214 217 219 220 247 258 262 268 269 284 285 292 294 305 339 349 376 399 402 426 432 445 460 475 521 526 529 537 541 551 567 579 595 599 601 603 635 636 641 647 714 753 766 767 788 798 800 808 823 827 828 830 872 890 907 928 931 938 960 961 966 978 998 1009 1264 1353 1363 
#module 19 size: 65 bs: 0.512296
48 58 105 126 130 197 222 232 277 335 348 351 368 370 389 413 433 448 455 470 490 525 530 536 546 548 556 568 573 576 584 612 624 633 643 645 646 660 671 677 683 729 730 734 760 789 792 804 825 853 870 873 879 882 886 919 929 930 958 974 976 999 1022 1218 1325 
#module 20 size: 106 bs: 0.755303
51 81 88 89 92 98 105 124 126 127 130 140 155 176 205 216 232 235 236 246 250 254 286 293 296 315 317 318 328 329 330 331 332 335 359 362 380 388 389 395 410 419 422 429 431 438 455 464 471 472 473 525 528 556 563 569 573 576 577 588 591 618 630 637 645 646 673 677 690 693 700 715 730 731 732 733 739 750 765 789 792 804 814 826 855 884 888 894 901 905 909 912 956 970 986 994 999 1024 1029 1140 1252 1283 1295 1304 1333 1356 
#module 21 size: 51 bs: 0.60447
90 115 146 148 155 202 228 234 245 259 293 302 310 312 325 332 375 378 418 426 427 435 456 461 462 543 557 560 596 628 639 676 688 715 726 737 746 755 794 799 801 816 867 875 877 902 984 997 1029 1267 1377 
