571	928	
27	122	
103	343	365	
462	1217	36	
319	
457	537	
295	358	186	288	976	360	1048	822	384	5	
914	137	
649	1053	63	152	894	429	497	106	449	282	935	854	79	636	274	144	532	
787	627	
966	
733	
549	
142	177	378	672	612	1121	270	1	708	61	219	18	25	352	809	233	389	232	910	1013	701	458	271	
1142	254	997	1030	825	1015	921	896	1031	406	317	858	1224	443	77	828	1006	221	558	643	231	198	1321	1127	
651	810	
755	800	491	89	786	557	237	
207	315	325	405	55	119	
1190	1078	511	1071	776	
185	400	
393	275	
337	102	
574	147	728	572	133	59	149	885	283	656	544	712	796	355	309	679	629	725	634	314	112	313	648	736	1258	860	
890	473	146	100	1164	
646	716	
531	980	109	339	806	861	654	1267	188	869	197	170	829	436	1136	359	814	843	1370	460	213	939	1362	292	930	115	322	376	630	316	593	1150	67	474	836	746	1246	530	
842	248	362	140	
69	176	432	522	1029	
608	536	
880	
459	
196	698	
117	
1140	
665	
597	
563	
286	
902	
407	559	
867	445	454	410	78	907	452	380	374	51	141	284	1064	1308	1086	296	974	1011	54	700	461	791	72	246	134	1014	127	472	349	165	900	994	989	1058	761	300	697	351	377	988	409	972	87	264	430	931	1010	451	105	336	220	
576	
262	
723	
667	
206	320	95	756	678	256	17	533	164	598	354	1342	345	714	278	446	611	1349	125	193	1283	586	1000	617	120	1028	241	156	204	591	
706	
740	
49	
425	
408	
913	
444	
1277	21	
1302	
687	308	290	383	839	
224	670	996	107	592	279	158	287	610	1240	1253	160	807	200	949	97	76	554	301	1018	347	1021	251	1352	1016	150	604	607	702	447	564	535	771	62	1326	1025	326	999	545	
792	37	306	
958	
469	
126	
465	
744	872	
1282	
652	
132	
658	
191	
331	
565	
203	
98	118	
212	
823	
225	
901	
114	
1093	
226	
64	
1177	
546	
421	
375	244	
168	
81	
427	
285	
984	
368	
539	
588	
906	
805	166	167	590	442	659	272	773	143	159	948	189	616	534	903	391	208	833	123	770	424	764	975	850	1043	386	230	417	602	92	475	955	195	711	68	387	90	187	1274	341	261	289	294	99	763	
332	
721	
960	
334	
1209	
1196	
874	
121	
695	385	
