#module 0 size: 8 bs: 0.000658177
86 206 249 375 376 479 500 559 
#module 1 size: 8 bs: 6.05858e-08
72 103 323 414 485 494 509 516 
#module 2 size: 9 bs: 6.04942e-101
38 41 139 259 317 351 440 504 558 
#module 3 size: 3 bs: 8.86338e-101
74 235 592 
#module 4 size: 5 bs: 4.9688e-05
208 220 402 443 512 
#module 5 size: 3 bs: 2.56473e-12
23 39 569 
#module 6 size: 5 bs: 3.20296e-104
244 352 482 485 489 
#module 7 size: 6 bs: 0.0120193
58 228 247 308 361 543 
#module 8 size: 6 bs: 0.000247232
149 168 194 280 523 539 
#module 9 size: 5 bs: 7.36519e-102
127 142 186 218 242 
#module 10 size: 4 bs: 1.87406e-13
52 451 483 589 
#module 11 size: 2 bs: 0.00411076
51 272 
#module 12 size: 4 bs: 2.05058e-13
143 177 354 476 
#module 13 size: 3 bs: 3.32949e-101
348 380 588 
#module 14 size: 4 bs: 1.28969e-09
213 281 424 556 
#module 15 size: 4 bs: 9.9765e-101
187 407 410 477 
#module 16 size: 3 bs: 1.49892e-10
305 412 469 
#module 17 size: 3 bs: 9.4776e-101
300 359 533 
#module 18 size: 3 bs: 6.99441e-15
67 233 384 
#module 19 size: 5 bs: 4.62629e-10
129 201 241 254 433 
#module 20 size: 8 bs: 1.0265e-102
35 43 160 177 298 305 521 532 
#module 21 size: 11 bs: 0.736889
115 189 222 252 291 306 322 457 470 542 566 
#module 22 size: 10 bs: 0.640968
46 127 182 185 273 346 372 388 499 585 
#module 23 size: 7 bs: 0.889906
92 160 305 358 440 496 498 
#module 24 size: 15 bs: 0.441098
8 49 54 85 117 163 421 445 447 472 491 513 578 579 603 
#module 25 size: 11 bs: 0.478005
89 177 221 287 334 389 415 416 435 436 455 
#module 26 size: 13 bs: 0.583308
79 108 110 164 179 203 232 309 367 400 456 468 538 
#module 27 size: 4 bs: 0.354592
236 267 326 568 
#module 28 size: 9 bs: 0.399382
81 88 152 270 313 316 333 344 530 
#module 29 size: 6 bs: 0.515905
144 155 239 268 471 528 
#module 30 size: 14 bs: 0.688824
27 41 62 131 147 153 275 401 454 502 520 531 541 571 
#module 31 size: 5 bs: 0.45963
157 263 329 371 600 
#module 32 size: 9 bs: 0.88183
17 19 170 279 320 341 484 546 605 
#module 33 size: 5 bs: 0.175195
198 243 319 343 370 
#module 34 size: 8 bs: 0.837914
10 22 53 253 302 394 466 604 
#module 35 size: 3 bs: 0.478736
381 478 488 
#module 36 size: 5 bs: 0.958224
128 138 461 474 607 
#module 37 size: 11 bs: 0.556031
2 35 36 63 134 158 238 508 514 521 526 
#module 38 size: 13 bs: 0.4957
148 181 269 311 312 325 337 363 405 434 518 580 599 
#module 39 size: 8 bs: 0.625114
1 30 65 78 196 296 430 519 
#module 40 size: 7 bs: 0.243393
212 285 356 392 427 511 572 
#module 41 size: 9 bs: 0.469497
182 226 231 295 396 404 454 543 561 
#module 42 size: 29 bs: 0.5929
4 15 33 37 44 47 77 99 121 125 173 180 191 210 255 256 257 258 321 327 330 349 368 387 393 426 453 547 602 
#module 43 size: 5 bs: 0.778759
6 17 24 487 544 
#module 44 size: 7 bs: 0.991742
66 73 150 199 380 403 510 
#module 45 size: 9 bs: 0.91568
100 113 145 169 184 248 506 550 601 
#module 46 size: 14 bs: 0.792492
3 124 187 215 234 259 263 318 358 369 382 458 460 554 
#module 47 size: 6 bs: 0.962879
207 296 357 364 517 567 
#module 48 size: 9 bs: 0.296034
5 13 50 69 225 266 452 553 573 
#module 49 size: 8 bs: 0.875578
109 205 271 286 301 398 466 503 
#module 50 size: 7 bs: 0.561683
102 240 293 374 448 562 590 
#module 51 size: 6 bs: 0.808478
95 146 169 217 274 524 
#module 52 size: 13 bs: 1.03454
60 80 104 105 200 245 328 340 397 438 440 446 597 
#module 53 size: 11 bs: 0.153119
7 26 45 141 183 190 304 432 465 544 565 
#module 54 size: 11 bs: 0.1465
45 71 89 112 126 133 172 270 355 490 505 
#module 55 size: 7 bs: 0.696125
156 250 292 333 419 429 441 
#module 56 size: 5 bs: 0.283794
93 169 213 219 338 
#module 57 size: 10 bs: 0.958292
21 56 169 192 204 260 262 336 493 555 
#module 58 size: 8 bs: 0.405211
11 101 167 283 294 366 486 561 
#module 59 size: 6 bs: 0.379091
59 278 373 408 422 548 
#module 60 size: 8 bs: 0.943876
114 140 159 162 279 337 442 604 
#module 61 size: 20 bs: 0.992555
14 60 76 97 104 122 130 224 228 261 297 308 328 339 340 345 375 391 552 593 
#module 62 size: 13 bs: 1.02073
90 114 174 175 197 227 423 425 463 525 527 549 564 
#module 63 size: 10 bs: 0.106016
91 122 136 202 241 315 345 347 515 524 
#module 64 size: 13 bs: 0.737456
61 119 171 223 229 282 290 378 383 395 409 411 532 
#module 65 size: 7 bs: 1.07222
96 98 127 211 214 296 332 
#module 66 size: 22 bs: 0.935061
3 18 20 55 64 82 87 107 164 277 299 358 362 377 386 404 418 437 485 536 540 551 
#module 67 size: 11 bs: 0.205271
20 21 31 81 94 120 135 284 467 529 592 
#module 68 size: 10 bs: 0.294842
32 40 41 165 251 351 360 417 545 594 
#module 69 size: 15 bs: 0.749325
16 28 31 84 100 151 213 232 246 365 459 462 557 563 586 
#module 70 size: 21 bs: 0.996081
25 29 42 68 118 161 193 209 230 237 307 342 353 385 428 431 439 444 492 584 598 
#module 71 size: 11 bs: 1.09513
57 83 166 176 265 303 350 450 507 522 534 
#module 72 size: 9 bs: 0.365099
9 53 75 116 123 314 390 535 558 
