#module 0 size: 6 bs: 2.14742e-11
3029 5165 6279 8033 8836 9882 
#module 1 size: 3 bs: 3.60087e-07
2602 3728 7040 
#module 2 size: 4 bs: 0.0499574
4769 6103 6999 13010 
#module 3 size: 3 bs: 0.00013543
2642 6096 7639 
#module 4 size: 3 bs: 0.0366714
1263 7237 7705 
#module 5 size: 5 bs: 0.0216402
1931 2824 4534 6855 10631 
#module 6 size: 3 bs: 0.0635472
6583 8568 8979 
#module 7 size: 3 bs: 9.21614e-102
2803 3213 10566 
#module 8 size: 3 bs: 2.07931e-10
2416 3011 11535 
#module 9 size: 6 bs: 0.672529
62 2225 11334 11678 12641 12685 
#module 10 size: 6 bs: 0.413281
1685 1867 3533 8062 10056 11095 
#module 11 size: 5 bs: 0.639539
3624 4035 6380 8877 9006 
#module 12 size: 14 bs: 1.07486
2344 2768 4055 4938 5433 5942 6469 6701 7122 8872 10063 10151 10219 10932 
#module 13 size: 6 bs: 0.880921
903 2160 3502 6278 7313 10118 
#module 14 size: 5 bs: 1.01907
2324 4121 4494 7975 9958 
#module 15 size: 11 bs: 0.730123
4410 4473 5034 5624 7065 8437 9722 10301 10659 10766 11362 
#module 16 size: 9 bs: 1.05923
1102 4646 4798 5767 5849 7512 7643 8286 11660 
#module 17 size: 22 bs: 0.413283
28 1003 1235 2341 3128 3244 3802 4360 4400 4621 4963 5199 5883 6498 6534 6835 7511 7840 8420 9026 10121 11233 
#module 18 size: 29 bs: 0.972272
1576 1758 2439 2864 2999 3255 4029 5166 5189 5270 6194 6884 7077 7078 7944 8056 8234 8448 8556 8613 8848 9134 9298 9370 9929 10785 10833 11009 12635 
#module 19 size: 17 bs: 1.06982
1798 1886 1974 2906 3758 4244 6133 6139 6679 7145 9300 9320 9348 9366 9894 10316 10336 
#module 20 size: 37 bs: 0.354422
1802 2074 2369 2583 3155 3585 3871 3953 4030 4757 4804 4916 5072 5391 5499 5683 5832 6455 6465 6805 6893 7592 7732 7916 7991 8135 8333 8871 8982 9272 9417 9614 10146 10164 10264 10734 10948 
#module 21 size: 6 bs: 0.46425
766 2554 3739 5260 7165 11342 
#module 22 size: 39 bs: 0.814583
28 1010 1949 2341 2435 2798 3141 3299 3450 4338 4605 4675 4700 5199 5243 5317 5418 5437 5553 5753 6669 7093 7143 7511 7677 7709 7721 7755 7840 7855 8217 8371 8558 8636 8732 10934 11267 11447 12555 
#module 23 size: 5 bs: 0.243257
6300 6627 6934 7053 9359 
#module 24 size: 6 bs: 0.453427
7190 7305 7838 8361 8948 11361 
#module 25 size: 5 bs: 0.478863
8747 9551 9635 9669 12228 
#module 26 size: 4 bs: 0.410371
3658 6021 8977 9276 
#module 27 size: 15 bs: 0.237436
1077 1484 1502 5045 5278 5284 5416 5833 6562 6754 6937 7259 7737 9331 10073 
#module 28 size: 10 bs: 0.917481
1154 1411 1942 1978 3232 3481 5877 6297 7100 9157 
#module 29 size: 11 bs: 0.419003
922 3529 3636 3817 4770 6037 6903 7347 10910 11201 12683 
#module 30 size: 4 bs: 0.526596
5557 6538 7464 8281 
#module 31 size: 9 bs: 0.230336
957 3846 3963 5787 7123 7458 7463 8832 9368 
#module 32 size: 4 bs: 0.159929
1089 6812 7866 9224 
#module 33 size: 5 bs: 0.113176
6144 6863 8635 9852 10717 
#module 34 size: 9 bs: 0.29508
1642 1694 2589 2978 4091 6262 9375 9650 9818 
#module 35 size: 43 bs: 0.741696
70 854 1055 1126 1198 1199 1220 1268 1330 1373 2207 2281 2298 2312 2736 3161 3695 3764 3871 3970 4013 4101 4230 4537 5183 5689 5856 6564 6869 7004 7265 7298 7334 7771 7847 8173 8933 9093 9678 10311 10860 11260 13027 
#module 36 size: 21 bs: 0.679388
816 2452 2785 2893 3080 3086 4576 4859 4918 4975 5133 5398 5829 6227 6339 7619 8232 9099 10357 10973 11002 
#module 37 size: 17 bs: 0.864711
29 75 1069 2984 3219 4335 4905 5326 5403 5408 5953 6040 6906 7664 7883 8761 9588 
#module 38 size: 20 bs: 0.928422
1010 2093 2349 2503 2896 3591 3659 4295 4381 4459 4815 5619 5752 5868 7056 7299 9450 10065 10857 10889 
#module 39 size: 17 bs: 0.104599
1455 3639 3732 4149 4383 5340 5747 6876 6943 7221 7892 8003 8121 8221 9144 9774 10858 
#module 40 size: 40 bs: 0.211848
1039 1054 1067 1127 1250 1291 1850 2070 2453 2662 3014 3132 3328 4087 4203 4222 4257 4571 4587 5064 5092 5193 5273 5506 5509 5640 5803 6396 7298 8048 8178 8358 8638 8762 9247 9280 9832 10572 10772 11001 
#module 41 size: 29 bs: 1.01293
1353 1421 1679 1902 2213 2396 2560 2685 3405 3518 3792 3886 4107 4217 4246 6199 6308 7367 7581 7976 8586 8707 9250 9294 9851 10023 10247 10470 10920 
#module 42 size: 8 bs: 0.918323
764 2338 2571 3503 5750 8268 9027 11003 
#module 43 size: 23 bs: 0.165368
980 1087 1662 2461 2797 3860 4372 4600 5037 5178 5255 5319 5666 6118 6198 6200 6567 7575 8475 8749 9870 9938 10602 
#module 44 size: 15 bs: 0.237004
1217 1435 1750 2509 2819 3604 4044 4945 5715 5973 7280 7907 8155 8348 9356 
#module 45 size: 19 bs: 1.04429
866 1014 3001 3006 4959 5246 5878 6958 6966 7073 7147 7282 7589 7661 8679 9361 10444 10771 10847 
#module 46 size: 58 bs: 1.09927
54 867 1234 1277 1379 1422 1552 1704 1908 1929 2012 2204 2221 2287 2409 2427 2471 2721 2874 2944 3153 3319 3910 4338 4541 4660 4679 5249 5443 5451 5475 5612 5925 5980 6051 6088 6254 7043 7361 7912 8050 8158 8435 8489 8511 9273 9394 9586 9694 9888 10441 10518 10581 11146 11239 11442 11571 12429 
#module 47 size: 23 bs: 1.07678
909 1271 1293 1503 1661 1715 1976 2172 2463 2587 2589 2818 4062 4413 7547 8267 8453 8802 9055 9333 9649 10978 11152 
#module 48 size: 29 bs: 0.76586
1109 1128 1147 1588 1607 1994 2420 3221 3725 4710 4741 4778 4809 5207 6259 7621 7627 7786 7954 8325 8389 8483 8974 9283 9291 9629 10066 10379 12006 
#module 49 size: 33 bs: 0.648854
1057 1320 1568 1615 2357 2523 2739 2791 2836 2953 3111 3859 3908 4501 4608 4780 4973 5589 6160 6198 6239 6729 7110 7613 8540 9173 9345 9354 9365 9369 9989 10596 10799 
#module 50 size: 15 bs: 0.923677
1014 1877 2175 3058 3452 3542 4071 4569 4923 8132 8169 8748 9408 9625 10258 
#module 51 size: 49 bs: 0.555485
38 54 936 1350 1839 1956 2302 2335 2355 2361 2460 2643 2721 3442 3676 3759 3765 3794 3806 3834 3872 3919 4002 4222 4622 4774 4996 5003 5277 5380 5434 5489 5587 5658 5741 5803 6110 6350 6419 6711 6739 7050 8709 8817 9103 9681 9745 10753 12495 
#module 52 size: 7 bs: 0.523866
3656 3679 6922 7129 7206 8057 8606 
#module 53 size: 20 bs: 0.531007
797 931 1782 2459 2475 3920 4276 5448 7826 8634 8890 8932 9350 9810 9873 9993 10186 10401 10648 11169 
#module 54 size: 13 bs: 0.555258
1558 1602 2969 5728 6007 6046 6113 7682 7770 9854 10618 10628 10632 
#module 55 size: 12 bs: 0.165161
2750 3018 3251 3568 3962 4694 4713 4998 7876 8170 8722 10894 
#module 56 size: 122 bs: 0.41628
806 1072 1208 1240 1311 1468 1541 1590 1641 1751 1843 1891 1971 1973 2186 2283 2336 2351 2432 2480 2516 2579 2761 2987 3150 3206 3302 3455 3550 3646 3684 3734 3800 3822 4050 4102 4134 4218 4302 4322 4425 4457 4566 4639 4746 4901 4930 4984 4995 5025 5160 5186 5188 5266 5308 5342 5346 5490 5552 5566 5712 5824 5993 6152 6172 6209 6213 6256 6312 6348 6453 6468 6477 6610 6656 6724 6784 6841 7071 7111 7126 7167 7193 7207 7216 7270 7338 7549 7615 7706 7727 7765 7858 7917 8100 8400 8528 8579 8756 8820 9041 9066 9162 9318 9338 9508 9609 9671 9809 9821 10029 10123 10166 10187 10211 10366 10380 10527 10712 10904 11364 11475 
#module 57 size: 26 bs: 0.205601
51 1298 2026 2057 2532 2631 2957 3339 3464 3465 3586 3677 4642 4919 5047 5778 6165 6187 6763 8182 8707 8951 9101 9238 10420 10457 
#module 58 size: 23 bs: 0.569539
994 1292 1966 2187 2843 2929 3059 3554 3590 5497 5542 5889 6090 6914 7184 8021 8186 8723 8937 10104 10610 11145 11214 
#module 59 size: 27 bs: 0.469486
41 1100 1262 2485 2508 2551 3798 3924 4586 5316 5477 6414 6804 6918 7086 7087 7809 7852 7982 8235 8592 8611 8881 9919 10001 10855 10992 
#module 60 size: 26 bs: 0.530425
782 1014 1019 1057 1545 1647 1889 2300 2575 2636 3412 4661 4728 4731 4970 4978 6160 6749 6979 8399 8538 9683 10620 10776 10843 13062 
#module 61 size: 7 bs: 0.864294
1000 1743 1857 3057 5755 6480 6987 
#module 62 size: 6 bs: 0.228183
968 1280 1910 5597 8085 10450 
#module 63 size: 17 bs: 0.815051
2465 2867 4061 4573 4982 5150 5484 5737 7482 8145 8388 9288 9702 10621 10745 10979 12813 
#module 64 size: 37 bs: 0.540605
1300 1635 2115 2423 2450 2734 3234 3277 3375 3564 3584 3848 3851 4391 4627 4957 5947 5961 5969 6661 6909 7572 7937 8060 8284 8953 9149 9549 9601 9688 9744 9978 10050 10122 10427 11079 11194 
#module 65 size: 55 bs: 0.253744
33 827 1107 1272 1968 2013 2130 2223 2232 2275 2661 2737 2879 3164 3212 3235 3327 3493 3698 3852 4011 4111 5218 5285 5675 6231 6238 6243 6260 6345 6459 6640 6652 6801 6803 7255 7589 7652 7660 8521 8680 8838 8893 9004 9025 9155 9269 9315 9578 10493 10957 11463 11499 12264 12447 
#module 66 size: 70 bs: 0.741911
74 793 864 921 1368 1837 1930 1951 2116 2469 2677 3043 3292 3388 3431 3475 3793 3819 3832 3871 4008 4127 4147 4511 4535 4811 4902 5029 5119 5987 6575 6637 6638 6705 6970 7115 7541 7670 7716 7828 7889 7950 8172 8292 8523 8768 8959 8982 8984 9011 9061 9210 9219 9336 9489 9533 9568 10011 10128 10275 10325 10372 10486 10488 10576 10707 10865 11656 12492 13004 
#module 67 size: 44 bs: 0.728726
807 1297 1336 1381 1509 1583 1670 1904 2031 2227 2284 2647 3008 3050 3296 3342 3602 4057 4465 5310 5462 5466 5526 5686 5734 6079 6236 6313 6521 6787 6954 6985 7156 7168 7718 7836 8130 8227 9757 10319 10746 11136 12523 12977 
#module 68 size: 51 bs: 0.82135
960 1195 1237 1444 1498 1905 2338 2346 2491 2760 2915 3067 3473 3592 3883 4142 4156 4384 4579 4764 4805 4904 5201 5479 5522 5535 5745 5903 5968 6206 7888 8024 8091 8575 8711 8738 8782 8793 8845 9020 9030 9092 9192 9241 9802 9828 9944 10282 10858 10886 10988 
#module 69 size: 7 bs: 0.214484
2444 4004 6033 7271 7295 7996 10651 
#module 70 size: 10 bs: 0.78711
3744 4697 5801 5954 6528 6686 6751 7141 7696 8343 
#module 71 size: 6 bs: 0.135207
1018 4350 5872 8963 10360 10961 
#module 72 size: 42 bs: 0.671029
1178 1209 2033 2468 2566 2686 2890 3355 3977 4029 4336 4456 4555 4825 5233 5270 5341 5363 5528 5580 5600 6028 6458 6932 6963 7008 7417 7671 7685 7724 7837 8296 8602 8807 8841 9057 9484 9754 9980 10208 10374 10897 
#module 73 size: 21 bs: 1.00719
53 1065 1257 1851 2845 2902 3036 4039 4308 4310 5529 5779 6331 7429 7714 8550 8725 8983 9472 9560 10907 
#module 74 size: 32 bs: 0.661291
930 951 1015 1180 1225 1270 2425 2722 3300 3780 3823 4338 4631 4836 4992 5086 5096 5553 5590 5724 6349 6994 7119 8081 8105 9677 10193 10256 10627 10654 11031 11419 
#module 75 size: 60 bs: 0.806743
1167 1480 1569 2123 2433 2439 2477 2578 2795 2907 2928 3075 3115 3255 3426 3477 3478 3811 4170 4209 4363 4433 4772 4910 5319 5336 5608 5622 5691 5818 5881 6445 6481 6750 6793 6827 6828 6861 6878 6879 7211 7264 7721 7830 7944 7998 8056 8305 8613 8724 8856 9134 9179 9242 10398 10430 10730 11109 11550 12534 
#module 76 size: 55 bs: 0.808465
810 1003 1496 1578 2161 2492 2910 3015 3069 3149 3190 3262 3314 3464 3465 3524 3894 4077 4206 4312 4407 4838 5022 5089 5123 5984 6416 6569 6626 6663 7054 7085 7102 7703 7708 7935 7963 8319 8331 8471 8614 9297 9396 9397 9457 9639 9750 10042 10196 10335 10608 10624 11032 11457 12609 
#module 77 size: 51 bs: 0.504348
5 10 851 1038 1439 1492 1599 1737 1904 1905 2165 2554 2707 3845 3935 4307 4532 4677 4751 4843 5278 5466 5738 5907 6236 6271 6515 6521 6924 7128 7377 7439 7474 7500 7683 7857 8042 8285 8379 8618 9231 9459 9633 9714 9753 9920 9923 10160 10579 10966 12523 
#module 78 size: 48 bs: 0.488893
1172 1760 2058 2175 2360 3024 3087 3144 3161 3203 3452 3542 3830 4013 4028 4070 4380 4812 4920 4991 5093 5104 5480 6138 6303 6418 6524 6736 6741 7012 7027 7699 7974 8498 8570 8755 8782 9090 9171 9327 9720 9734 10290 10636 10682 11712 12782 12933 
#module 79 size: 7 bs: 0.60293
2762 3505 5520 6532 8097 9151 9165 
#module 80 size: 11 bs: 0.264444
6685 7392 8562 8577 9050 9137 9434 10314 10777 11693 11815 
#module 81 size: 12 bs: 0.728419
1111 1537 2668 4808 5936 9176 9402 9445 9469 10062 10560 11148 
#module 82 size: 24 bs: 1.02423
1095 1542 1975 1984 2044 3889 4780 4909 5397 5616 5660 5685 6385 6489 6952 7203 8322 8338 8380 8681 9419 9679 9689 12666 
#module 83 size: 88 bs: 0.832774
906 966 1005 1466 1684 1759 1810 1995 2955 3389 3520 3594 3928 3936 3938 4267 4316 4636 4771 4940 5285 5357 5519 5613 5642 5773 5862 5884 6401 6707 7222 7339 7456 7530 7565 7647 7657 7753 7805 8138 8161 8201 8285 8395 8409 8456 8493 8683 8721 8773 8797 8799 8905 8940 9000 9245 9536 9610 9612 9624 9724 9755 9773 9970 10041 10251 10382 10460 10599 10671 10705 10756 10775 10783 10801 10804 10863 11097 11164 11168 11224 11465 11470 11962 12700 12891 12905 12982 
#module 84 size: 17 bs: 0.132383
2811 4067 4192 4503 4562 4622 4682 6323 7173 7606 7980 8011 8670 8784 9660 11400 11883 
#module 85 size: 38 bs: 0.191824
79 1536 1756 1775 1824 1939 2531 2558 2746 2747 3135 3484 3486 4022 4166 4220 4389 4840 4944 5399 5483 5754 5783 5850 5967 6795 6889 6917 7198 8405 8703 9864 10293 10455 10844 10928 11099 11395 
#module 86 size: 48 bs: 0.622706
1104 1519 1544 1580 1612 1963 2110 2184 2385 2778 3035 3414 3517 3689 4001 4020 4783 5439 5559 5764 5861 5926 5942 6047 6176 6201 6304 6581 6601 6857 6873 7186 7366 7396 7446 7475 8104 8156 8665 8720 8874 8976 9142 9659 9709 10105 10755 11109 
#module 87 size: 31 bs: 0.437296
1050 1063 2503 2519 2710 2725 2735 2919 3131 3189 3286 3304 3435 3927 4324 4815 5316 5465 5619 5763 5868 6014 6266 6898 7789 8256 9759 9808 10889 11639 12293 
#module 88 size: 26 bs: 0.290364
16 920 1778 1917 3494 3663 4191 4205 4296 4623 5427 6068 6700 6962 7001 8354 9106 10088 10245 10496 10642 10689 10699 10853 11271 11700 
#module 89 size: 42 bs: 0.843969
55 898 1201 1229 1543 1652 1767 1948 2145 3249 3649 4025 4159 4277 4329 4442 4742 5082 5101 5275 5839 5912 6049 6375 6545 6946 7371 7524 7580 7622 7833 8151 8341 8348 8354 8492 8994 9499 10214 11210 12297 12860 
#module 90 size: 41 bs: 0.534191
1465 1569 1645 1769 2047 2135 2617 3151 3745 3976 4236 4351 4362 4696 4913 4965 6061 6153 6436 6624 6746 6808 6864 6921 6985 7036 7332 7760 7836 7988 8404 8622 8924 8962 9370 9463 9766 10012 10439 10536 11649 
#module 91 size: 54 bs: 0.132692
33 826 948 961 970 1289 1505 1571 1730 2140 2703 2979 3172 3253 3592 3625 3710 3766 3847 3934 4014 4283 4298 4499 4547 4844 5222 5438 5524 5811 5873 6258 6417 6582 6760 6897 7010 7697 7722 7766 7946 8270 8763 8828 8889 9524 9753 9918 10003 10348 10592 10919 10929 10952 
#module 92 size: 37 bs: 0.41503
1915 1927 3031 3100 3130 3332 3376 3491 3517 3845 4008 4156 4167 5643 5875 5890 5904 6005 6176 6475 6576 7443 7475 7684 9132 9142 9425 10176 10313 10349 10560 10577 10697 10838 11173 12690 12861 
#module 93 size: 47 bs: 0.996191
771 842 1004 1441 1496 1675 1885 2146 2675 2714 2846 3194 3210 3390 3570 3609 3892 4047 4128 4253 4262 4361 5022 5205 5324 5436 5459 5743 5778 6371 6467 6744 6935 7046 7329 7455 7826 8109 8557 9180 9259 9640 9790 9873 10971 11272 12792 
#module 94 size: 50 bs: 0.2347
835 1222 1394 1557 1613 1616 1805 1894 1994 2072 2099 2228 2257 2517 2660 2759 2927 3488 4006 4284 4781 4886 4889 5429 5581 5762 5794 5813 5992 6540 6920 6931 7223 7227 7375 7719 7747 8436 8490 8639 8856 9203 9283 9966 10125 10375 10517 10808 10980 11259 
#module 95 size: 69 bs: 1.04346
796 955 1116 1156 1310 1409 1809 2126 2181 2255 2301 2308 2437 2653 2685 3051 3119 3160 3338 3377 3779 3791 3792 3873 3904 4052 4100 4285 4563 4643 4826 4968 5143 5381 5476 5554 5672 6054 6109 6163 6648 6683 6702 7103 7292 7357 7551 7568 7633 7638 8184 8306 8506 8752 8780 8862 8928 8942 9023 9289 9339 9851 9886 10023 10148 10420 10982 11232 11575 
#module 96 size: 69 bs: 0.754871
22 35 802 942 1110 1254 1281 1301 1321 1382 1490 1566 1708 2142 2391 2515 2810 3297 3312 3358 3521 3941 4000 4234 4436 4552 4599 4677 4784 4937 5007 5298 5311 5364 5377 5469 5681 5906 6039 6083 6186 6654 7025 7130 7323 7374 7377 7483 7812 8603 8767 8786 8889 9040 9407 9772 9873 10003 10149 10225 10367 10376 10546 10780 10815 10859 11788 11932 12327 
#module 97 size: 34 bs: 1.06268
1776 2136 2318 2706 2916 3199 3257 3409 3446 3822 3915 5239 5423 5746 5780 5865 5928 6026 6122 6530 7029 7219 7415 7576 7964 8508 8576 9647 9948 10120 10668 11159 12077 12899 
#module 98 size: 67 bs: 0.595683
811 869 1040 1088 1098 1359 1526 1592 1622 1653 1693 1749 1753 1821 1836 2034 2568 2720 2914 3118 3157 3595 3648 3716 3769 3854 3914 4053 4054 4224 4270 4828 5046 5185 5435 5551 5669 5671 5756 5807 5871 6029 6430 6441 6516 7017 7152 7212 7451 7715 7870 7931 7983 8006 8067 8915 9324 10045 10273 10282 10477 10662 10871 10891 11004 11245 11338 
#module 99 size: 17 bs: 0.333208
1345 1723 2930 3709 3937 4806 5840 5841 6936 6978 8363 8692 9170 9256 9382 9899 11868 
#module 100 size: 23 bs: 0.416419
1717 1733 2270 2958 3239 3687 3986 4084 4109 4408 4654 4668 4837 5110 5142 5609 6036 6217 8584 8597 9145 11372 11708 
#module 101 size: 45 bs: 0.310585
773 812 1131 1181 1247 1362 1541 1575 1663 2297 2509 2564 2819 2913 2990 3097 3264 3511 3666 3954 4019 4158 5343 5599 5991 7474 7576 7987 8199 8225 8275 8349 8368 9531 9651 9784 9910 10160 10171 10183 10354 10781 10839 11273 12506 
#module 102 size: 22 bs: 0.363626
813 1010 1588 1862 2349 2787 3659 4295 4459 5321 5943 6370 7666 8478 9062 9696 10182 10487 10514 10873 11207 12015 
#module 103 size: 62 bs: 0.165683
43 791 981 991 1724 1786 1790 2151 2218 2346 2487 2760 2942 3024 3560 3612 3905 3997 4070 4104 4140 4216 4259 4301 4414 4809 4855 5141 5225 5414 5718 5719 5812 5821 5855 5863 6169 6270 6364 6517 7137 7536 7981 8091 8147 8303 8673 8745 8826 9020 9068 9172 9309 9623 9692 9900 10416 10452 10811 11128 12494 13065 
#module 104 size: 61 bs: 0.416661
901 1144 1159 1166 1415 1546 1627 1636 1644 1697 2039 2086 2477 2526 3142 3192 3258 3311 3477 3478 3499 3541 3670 3742 3828 4045 4354 4394 4403 4447 4553 4882 5065 5335 5454 5564 5621 5733 5782 6009 6207 6542 6677 6750 6905 6974 7441 7721 8017 8580 8582 8790 8811 9591 9698 9991 10674 10983 10989 11025 11611 
#module 105 size: 55 bs: 1.04658
1208 1247 1256 1341 1425 1446 1459 1649 1722 1921 2010 2049 2520 2706 2880 2994 3150 3703 4134 5409 5765 5830 5890 6951 7005 7243 7270 7408 7422 7730 7765 8099 8312 8357 8617 8719 8899 9012 9183 9231 9274 9401 10043 10351 10506 10587 10607 10658 10854 10870 11085 11475 11488 11715 12992 
#module 106 size: 57 bs: 1.04299
849 1249 1290 1452 1460 1599 1731 2389 2489 2496 2654 2853 2924 3100 3130 3341 3642 3801 3805 3837 3976 4064 4307 4443 5043 5238 5265 5278 5299 5376 5496 5867 5949 6773 6829 6881 6990 7014 7378 7600 8042 8046 8311 8345 9232 9479 9714 9848 9901 9999 10422 10512 10764 11335 11576 11704 12681 
#module 107 size: 79 bs: 0.547297
996 1023 1096 1527 1555 1646 1656 1816 1841 1897 1918 1969 2051 2152 2243 2245 2267 2439 2975 3056 3220 3270 3276 3437 3444 3474 3699 3969 3976 4037 4040 4255 4347 4419 4443 5049 5319 5420 5431 5521 6220 6574 6689 6706 6851 7228 7267 7319 7692 7702 7742 7942 7994 8046 8154 8324 8345 8640 9031 9088 9169 9216 9279 9389 9441 9481 9498 9848 10122 10168 10215 10229 10512 10623 10779 10958 11010 11473 12794 
#module 108 size: 75 bs: 0.266278
52 76 792 1017 1051 1106 1261 1279 1586 1887 2104 2393 2634 2769 2831 2841 2884 2967 2977 3042 3068 3084 3362 3443 3647 3886 4392 4393 4822 4835 4970 5289 5539 5633 5732 5963 5976 6155 6407 6633 6709 6725 7114 7163 7187 7514 7750 8542 8596 8633 8946 9024 9110 9214 9367 9559 9604 10046 10054 10189 10389 10481 10620 10684 10688 10735 10747 10918 10965 11114 11130 11160 11168 12595 12944 
#module 109 size: 49 bs: 0.154594
781 953 994 1003 1170 1392 1495 1547 1780 2317 2372 2482 2650 2729 3335 3616 3707 3853 4119 4521 4543 4943 5081 5562 5579 6265 7135 7146 7158 7886 8120 8165 8206 8446 8757 8774 8990 9582 9587 9697 9935 9942 10345 10433 10593 11178 11268 11664 12889 
#module 110 size: 24 bs: 0.307376
1620 1833 1862 3117 3659 4032 4378 4480 5525 5899 5943 6004 6357 6370 6526 7847 8325 8478 8551 9775 10107 10371 10887 12880 
#module 111 size: 35 bs: 0.499228
14 1165 1376 1714 2394 2709 2741 2808 3280 3348 3544 3559 4907 5005 5382 5411 5591 6104 6237 6650 6996 7468 7984 8128 8326 8440 8920 9109 9793 10078 10426 10996 11011 11705 12937 
#module 112 size: 53 bs: 0.573552
833 1034 1214 1218 1335 1463 1681 1754 2182 2792 3040 3187 3245 3419 3500 3785 3922 4116 4428 4451 5407 5548 6006 6274 6915 6957 7007 7034 7618 7746 7893 7928 7977 8360 8390 8483 8592 8610 8909 9287 9304 9530 9590 9803 9829 9874 9964 10004 10066 10179 10773 11208 11217 
#module 113 size: 26 bs: 0.616336
868 1181 1560 1907 1940 2284 2540 3376 3945 5021 6041 6619 6797 6839 7098 7767 8199 8227 8903 8970 9186 9243 10015 10454 10600 10838 
#module 114 size: 47 bs: 0.621985
837 1996 2016 3052 3474 3574 4016 4038 4173 4435 4556 4849 4953 5070 5131 5352 5895 6114 6373 6586 7063 7113 7239 7738 7978 8046 8452 8527 8765 9205 9260 9389 9423 9458 9460 9557 9812 10116 10240 10272 10512 10588 10623 10784 11258 11448 12896 
#module 115 size: 39 bs: 0.536502
57 1318 1784 1804 2095 2311 2964 3114 3290 3833 3862 4580 4775 4814 4966 5138 5191 5372 5614 5739 5842 6157 6214 6218 6358 6410 6472 6739 6769 7052 7153 7175 7191 7509 7648 8254 8489 9756 9906 
#module 116 size: 58 bs: 0.454552
947 1113 1218 1392 1495 1681 1818 1920 1938 1954 2336 2373 2550 3417 3501 3534 3675 4064 4509 4603 4874 4953 5070 5203 5216 5279 5579 6048 6483 6511 7158 7215 7380 7390 7711 7842 8037 8125 8133 8174 8180 8260 9039 9068 9121 9148 9166 9208 9458 9775 10323 10720 11022 11107 11581 12882 12889 12902 
#module 117 size: 285 bs: 0.123282
777 843 875 885 893 913 967 973 979 1006 1012 1094 1114 1155 1206 1322 1356 1408 1420 1426 1436 1485 1499 1505 1531 1533 1549 1598 1619 1628 1638 1655 1665 1744 1747 1806 1863 1869 1919 1933 1936 1987 2029 2046 2062 2076 2079 2082 2089 2097 2103 2124 2240 2313 2325 2397 2402 2428 2454 2462 2476 2495 2544 2570 2640 2674 2782 2800 2837 2861 2863 2973 2980 3062 3105 3138 3152 3207 3260 3366 3372 3391 3397 3399 3410 3459 3462 3466 3469 3532 3547 3575 3618 3635 3717 3718 3829 3906 3956 3989 3994 4003 4043 4181 4196 4252 4254 4258 4274 4279 4299 4370 4373 4398 4401 4418 4446 4520 4530 4548 4626 4695 4740 4853 4877 4993 5030 5041 5059 5082 5139 5145 5150 5179 5231 5302 5331 5367 5412 5452 5540 5541 5544 5593 5630 5659 5664 5708 5714 5720 5766 5768 5822 5827 5828 5839 5844 5909 5957 5998 6058 6161 6247 6261 6286 6329 6377 6390 6424 6507 6508 6509 6558 6579 6600 6622 6667 6691 6758 6817 6831 6946 6956 6981 6983 6992 7038 7072 7155 7164 7274 7283 7287 7322 7381 7425 7436 7449 7452 7525 7578 7615 7625 7629 7700 7710 7823 7878 7953 7958 8040 8047 8086 8098 8122 8131 8148 8297 8309 8340 8351 8387 8421 8441 8476 8512 8544 8601 8626 8735 8743 8822 8936 9002 9043 9082 9083 9263 9322 9381 9453 9471 9477 9486 9544 9573 9603 9608 9656 9663 9710 9833 9879 9916 9933 9998 10049 10057 10112 10131 10205 10226 10244 10338 10377 10404 10461 10471 10513 10543 10679 10728 10841 10878 10914 10938 10977 11007 11077 11206 11393 11413 11436 11695 12019 
#module 118 size: 60 bs: 0.197728
804 881 938 974 1124 1423 1440 2274 2425 3085 3180 3246 3441 3571 3638 4112 4154 4243 4268 4289 4306 4357 4464 4567 4631 4691 4717 4829 4934 5040 6084 6183 6265 6311 6314 6327 6631 6865 6994 7538 7767 8023 8041 8539 8882 8901 9036 9237 9256 9502 9657 9677 9850 10015 10106 10199 10320 10413 11138 11139 
#module 119 size: 31 bs: 0.689969
1066 1091 1830 2230 2268 2286 2548 2679 2715 2877 2953 3082 3162 4519 4679 5061 5291 6198 6798 7064 7260 7617 8867 9521 9526 9607 10228 10402 10583 10882 11411 
#module 120 size: 32 bs: 0.472022
13 759 825 1010 1033 1748 1808 1924 2032 2859 3161 3613 3809 4143 4297 5268 5426 5812 5851 5852 5869 6425 6597 7060 8258 8686 8760 9071 9327 9503 9889 11223 
#module 121 size: 111 bs: 0.826141
769 786 858 911 972 1041 1093 1424 1732 1962 2054 2183 2765 2788 3017 3091 3282 3454 3567 3627 3684 3789 3827 4172 4178 4197 4207 4260 4343 4349 4364 4387 4450 4458 4671 4680 4709 4736 4754 4794 4980 5486 5510 5531 5533 5552 5819 5932 6003 6015 6016 6094 6203 6248 6252 6296 6381 6386 6527 6649 6824 6830 7032 7125 7208 7539 7553 7604 7609 7694 7729 7813 7957 8079 8384 8400 8468 8500 8552 8621 8647 8708 8804 8947 8991 9063 9140 9514 9584 9727 10027 10103 10185 10221 10234 10424 10475 10554 10564 10615 10625 10725 10810 10813 10913 11110 11191 11218 11371 11870 12862 
#module 122 size: 77 bs: 0.258851
822 846 1223 1412 1414 1474 1726 1834 2378 2467 2504 2665 2776 2804 2891 3512 4007 4264 4390 4664 4807 4817 4935 5051 5108 5109 5176 5245 5247 6001 6219 6246 6281 6307 6443 6844 6883 6895 7312 7354 7427 7501 7573 7579 7595 7623 7655 7865 8074 8342 8477 8518 8859 8867 8950 9098 9265 9399 9472 9491 9708 9725 9811 9876 9987 10332 10582 10666 10757 10836 10881 10949 10990 10999 11425 11438 12865 
#module 123 size: 72 bs: 0.465736
6 852 1211 1344 1475 1617 1683 1822 1831 2027 2078 2147 2247 2377 2401 2633 2830 2921 2948 3686 3808 3899 3974 4165 4601 4777 5224 5250 5263 5290 5358 5370 5413 5449 5500 5527 5572 5603 5617 5758 5853 6018 6264 6336 6416 6512 6608 6771 6858 7022 7083 7126 7174 7249 7437 7507 8229 8257 8278 8321 8377 8531 8868 9528 9891 10124 10270 10403 10574 10617 10830 11205 
#module 124 size: 33 bs: 0.128406
865 926 1135 1283 1898 1985 2090 2177 2616 2850 2952 3026 4615 4726 4733 4768 4941 5697 5710 5946 6612 6712 6965 7460 8208 8315 8390 9044 9161 9185 10468 10591 11067 
#module 125 size: 61 bs: 0.287729
4 834 915 1136 1352 1528 1667 2101 2236 2265 2355 2453 2501 2505 2744 2758 2835 3060 3265 3543 3556 3812 3835 3841 3978 3996 4223 4287 4388 4565 4774 5194 5318 5458 5498 5587 5639 5664 5748 5815 6374 6847 6866 7199 7610 7641 7642 7936 7960 8590 8878 9427 9546 10077 10202 10277 10862 11256 11261 11405 12495 
#module 126 size: 44 bs: 1.08546
962 1026 1093 1781 1831 2592 2921 3208 3436 3582 3900 4178 4379 4895 5217 5375 5896 5931 6065 6264 6523 6564 6740 6945 7609 7689 7706 8228 8370 8891 9085 9107 9603 9733 9981 10052 10097 10132 10703 10805 10991 11110 11123 11625 
#module 127 size: 27 bs: 0.433316
8 990 1078 1953 2057 3268 3331 5014 5481 5716 5741 5924 6241 6494 7082 7307 8153 8163 8176 8209 8665 9468 9632 9667 10026 10218 11006 
#module 128 size: 73 bs: 0.670996
823 916 1057 1504 1568 1647 1666 1879 2127 2176 2632 2793 2886 2887 2951 3009 3037 3907 4106 4163 4390 4583 4585 4628 4641 4661 4672 4893 4942 5661 6198 6200 6224 6232 6233 6242 6249 6551 6594 6635 6721 7477 7518 8252 8386 8479 8659 8670 8680 8698 8784 8859 8934 9155 9365 9369 9371 9390 9415 9589 9670 9683 9806 10084 10099 10156 10195 10203 10757 10776 11435 11438 11657 
#module 129 size: 26 bs: 0.986501
1258 1389 2331 2348 2732 2991 3054 3380 3768 4932 5181 5295 5301 5546 5620 5631 6753 6806 6874 7182 7218 7472 8084 9301 10718 10832 
#module 130 size: 68 bs: 1.08695
811 1043 1143 1177 1227 1239 1299 1592 1629 1682 1939 2042 2092 2726 2735 2748 2855 2998 3218 3422 3425 3631 3641 3774 3864 3964 3967 4070 4093 4096 4271 4327 4431 4489 4846 4847 5079 5103 5213 5301 5404 5440 6441 6541 6898 7015 7045 7140 7152 7185 7794 7870 7875 7985 8137 8375 8966 9096 9167 9184 9239 9284 9342 9552 9648 9912 10842 11106 
#module 131 size: 18 bs: 0.541946
1842 2624 3503 3756 3971 4110 4247 5120 6356 6357 6730 8543 9457 9775 10584 10851 11190 11878 
#module 132 size: 43 bs: 1.08845
1058 1101 1133 1380 1846 2549 2934 2940 3713 4089 4169 4693 5068 5112 5135 5356 5562 5615 6143 6470 7016 7118 8082 8283 8372 8494 8543 8657 8777 8805 8876 8968 9457 9458 9466 9965 10100 10139 10509 10792 10901 11140 12756 
#module 133 size: 38 bs: 0.966722
788 945 1132 1172 1195 2149 2868 2996 3012 3019 3458 3504 3830 4344 4380 4812 4920 5058 5093 5456 6099 6277 6303 7160 8455 8462 8570 8683 9616 9844 9970 10137 10211 10248 10388 10986 11193 11240 
#module 134 size: 77 bs: 0.187727
15 830 844 873 932 946 958 1176 1429 1604 1608 1652 1718 2154 2474 2483 2731 3247 3252 3407 3427 3445 3510 4034 4049 4215 4326 4393 4659 4702 5285 5447 5573 5606 5806 6180 6636 6641 6945 7320 7379 7486 7698 8002 8037 8044 8223 8474 8607 8726 8996 9104 9107 9286 9363 9565 9691 9724 10190 10259 10294 10414 10504 10508 10605 10645 10684 10692 10700 10724 10743 10774 10809 10826 10939 11017 11107 
#module 135 size: 63 bs: 0.387168
785 850 1009 1085 1193 1813 2023 2278 2304 2321 2529 2635 2763 2789 2854 2875 3154 3163 3175 3236 3395 3509 3831 3879 4005 4113 4304 4445 4460 4725 4737 4739 4946 5206 5526 5864 5937 6292 6379 6464 6781 6843 7538 7602 7723 7798 7867 7919 8146 8271 8829 9080 9270 9449 9566 9836 10129 10362 10531 10735 10814 11161 11415 
#module 136 size: 47 bs: 0.12087
32 64 939 1133 1145 1185 1589 1689 2075 2218 2493 2839 3126 3323 3570 3870 4179 4232 4355 4528 4545 4559 4833 4903 5812 5820 5857 6148 6168 6384 6388 7584 7976 8643 8751 8990 9457 9693 9716 10014 10039 10157 10324 10483 10710 10754 12584 
#module 137 size: 42 bs: 1.04208
13 1130 1147 1186 1402 1671 1705 1818 1977 2052 2494 3250 3259 3315 3757 3984 4041 4092 4228 5052 5157 5226 5241 5502 6422 7020 7055 7215 7618 7678 8021 8045 8106 8114 8241 8364 8619 9039 9062 9291 10136 10369 
#module 138 size: 38 bs: 0.146294
789 1140 1230 1274 1413 1835 1880 1998 2206 2445 2801 3045 3148 3273 3278 3674 3901 4051 4658 4706 6085 6454 6950 7177 7543 7562 7583 7733 8251 8308 8634 8684 8971 9100 9424 9662 10328 11840 
#module 139 size: 36 bs: 1.02024
1278 1395 1735 1832 2018 2163 2166 2255 2575 2849 2881 3040 3901 4023 4557 4673 4747 4892 5074 5994 6734 7490 7588 7909 8378 8417 8431 9139 9421 9674 9799 10087 10255 10337 11217 11552 
#module 140 size: 19 bs: 0.664235
26 1828 2170 4334 4790 6175 6573 6584 6698 7257 7465 7540 7620 7791 8198 9713 10711 10943 11459 
#module 141 size: 39 bs: 0.132251
1639 1674 2187 2695 2941 3101 3480 3868 4616 5100 5283 5542 5663 5793 5825 6192 6287 6421 6490 6525 6768 7116 7406 7829 8663 8676 8923 9001 9130 9209 9534 9645 9704 9706 9735 9795 10432 10475 11189 
#module 142 size: 45 bs: 0.997052
1890 2144 2158 2637 2690 2982 3044 3261 3681 3731 4720 4914 4955 5156 5492 5635 5935 5960 6843 7605 7938 8093 8140 8415 8418 8484 8486 8935 9059 9190 9251 9442 9451 9490 9542 9665 9703 10206 10499 10538 10947 11115 11699 11765 12510 
#module 143 size: 49 bs: 0.299758
847 883 1071 1246 1669 1883 1892 2253 2832 3041 3045 4146 4429 4453 4647 4651 4899 5094 5309 5681 5979 6017 6111 6181 6301 6550 6761 7128 7342 7377 7383 7454 7488 7927 8015 8434 8491 8652 8926 9487 9550 9613 10083 10117 10211 10289 10448 10678 11701 
#module 144 size: 44 bs: 1.00829
1081 1712 1878 2053 2067 2263 2361 2950 3383 3495 3736 4211 4340 4399 4417 4438 4655 4960 5091 5248 5349 5595 5742 5770 5898 6253 6577 6822 6928 6976 6989 7230 7462 7645 7701 7907 7930 7932 8110 8938 9868 10175 10795 10879 
#module 145 size: 45 bs: 0.739943
1001 1042 1596 1634 1667 1888 1952 1982 2067 2442 2479 2486 2659 2691 2968 3363 3588 3790 3841 3933 3978 4223 4287 4470 4630 4724 4732 5253 5334 5458 5555 5771 6317 6392 6473 6690 7000 7131 8059 8381 8886 9268 9343 10053 12712 
#module 146 size: 52 bs: 0.198328
39 59 73 975 1028 1203 1306 1319 1584 1845 1986 3269 3593 3697 3701 3748 4422 4550 4819 4842 4896 5010 5084 5158 5300 5618 5999 6122 6246 6690 6871 6964 6993 7048 7646 7868 8266 8549 8715 8840 9296 9492 9540 9590 9630 9863 10192 10292 10534 10603 10701 11188 
#module 147 size: 48 bs: 0.457001
67 1288 1736 2466 2546 2563 3010 3053 3094 3132 3714 4072 4148 4305 4319 4444 4560 4730 4788 4802 5028 5211 5759 5799 6488 6500 6501 6658 6854 7192 7250 7344 7430 7665 7969 8113 8615 9111 9191 9398 9786 10142 10438 10482 10613 10633 11178 11185 
#module 148 size: 23 bs: 0.347657
1068 1561 1604 1605 1917 2498 2567 3427 3649 4048 4999 5248 5518 6700 6902 6984 7272 7924 8005 8117 10016 10906 11271 
#module 149 size: 12 bs: 0.367445
42 2060 2613 5560 6142 6495 8637 9086 9409 10303 10526 10645 
#module 150 size: 54 bs: 0.499514
845 914 1108 1162 1427 2158 2173 2509 2789 2891 3045 3081 3661 4265 4266 4286 4507 4542 4671 4683 4948 5244 5442 5513 5786 6250 7105 7479 7538 7623 7762 7769 8335 8356 8517 8529 8660 8781 8952 8998 9255 9257 9278 9491 9654 9708 9842 10159 10370 10386 10999 11021 11949 12063 
#module 151 size: 40 bs: 0.97363
1021 1529 2176 2188 2246 2392 2511 2786 2793 2842 3351 4562 4682 4756 4864 4891 4908 5121 6101 6185 6289 8129 8237 8392 8693 9053 9177 9199 9672 9801 9845 9870 9888 9949 9976 10072 10172 10501 11112 11216 
#module 152 size: 47 bs: 0.768079
7 1334 1621 1873 2108 2457 2614 2882 3228 3430 3622 3771 3836 4024 4103 4233 4471 4496 4497 4798 4857 5169 5505 5647 5761 5804 5951 6302 6862 6872 7169 7365 7384 7792 8316 8350 9022 9311 9771 9875 10788 10791 10796 10814 10872 11643 12726 
#module 153 size: 34 bs: 1.02251
56 1803 2371 2817 3392 3538 3893 3898 3992 4031 4079 4184 4374 4947 4969 5056 5901 6117 6288 6361 6720 6903 7104 7328 7330 8390 8510 9123 9308 9513 10143 10222 11504 13019 
#module 154 size: 40 bs: 1.00857
891 1147 1337 1664 1901 2025 2339 2903 3076 3767 3988 3999 4272 4905 4997 5167 5296 5448 5487 5918 6316 6492 7317 7676 7754 7810 7881 7992 8203 8243 8385 8661 8758 8965 9496 9712 9872 10253 10947 12590 
#module 155 size: 64 bs: 0.27307
815 1024 1090 1103 1361 1522 1563 1773 2473 2727 2925 2964 2971 3061 3401 3826 3979 4256 4420 4525 4582 4622 4775 4862 5127 5152 5346 5568 5816 5854 5868 5905 5929 5997 6010 6298 6409 6457 6747 6900 6918 7081 7095 7175 7228 7435 7535 7626 7648 7735 7884 7913 7995 8001 8010 8123 8352 8412 8816 9206 9357 9435 11380 12870 
#module 156 size: 33 bs: 0.707483
985 1565 1970 2699 3433 3449 3746 3784 4538 4610 4729 5252 5463 5478 6352 6434 6986 7026 7209 7266 7397 8277 8423 8625 8628 8842 9105 9355 9406 10343 10653 10660 11379 
#module 157 size: 57 bs: 0.973583
758 986 1074 1141 1303 1391 1511 1595 1856 1932 2068 2345 2506 2724 3070 3074 3194 3240 3289 3346 3881 4618 4635 4967 5024 5374 5558 5637 6107 6245 6405 6908 6986 7026 7210 7303 7358 7389 7438 7723 7826 7854 7951 8313 8314 8815 8975 9264 9761 9873 9905 10520 10622 10660 10762 11197 11443 
#module 158 size: 32 bs: 0.118986
1086 1464 2114 2148 2260 2347 2705 2852 3033 4795 5087 5182 5332 5482 5701 5735 6128 6216 6384 6826 7330 8271 8373 8449 8696 9164 9193 9553 10359 10515 10807 11266 
#module 159 size: 61 bs: 1.06847
833 1348 1840 2313 2486 2638 2691 2775 2837 3092 3400 3896 4017 4239 4522 4630 4724 5003 5038 5212 5373 5523 5555 5658 5803 6132 6337 6392 6508 6690 6778 6968 7059 7142 7479 7528 7596 7918 7959 8141 8187 8656 8669 8709 8728 8930 9019 9034 9138 9432 9464 9630 9752 9986 10141 10147 10626 11188 11556 12573 12589 
#module 160 size: 52 bs: 0.376164
1168 1243 1347 1407 1431 1815 1847 1893 1912 2548 2799 2816 2825 2844 2963 3012 3019 3082 3308 3420 3536 3838 4036 4282 4396 4568 4920 4928 5058 5155 5286 5314 5534 5709 6134 6230 6234 6423 6553 6556 7049 7314 7492 8293 8445 8454 9275 9418 9561 10068 10318 12885 
#module 161 size: 23 bs: 1.04644
870 1725 2449 2513 3147 3186 5808 5831 6411 6578 6853 8008 8660 9091 9182 9407 9741 10115 10396 10484 11230 11949 12158 
#module 162 size: 43 bs: 0.928133
12 20 1080 1259 1304 1433 1606 1779 2064 2254 2359 2390 3145 3726 3761 3802 4119 4150 4168 4175 4810 5162 5237 5241 5694 5923 5990 6471 7348 7491 7754 8219 8310 8914 9159 9431 9763 9849 9969 10550 10850 10933 11566 
#module 163 size: 67 bs: 1.00101
797 1080 1232 1787 2187 2627 2680 2719 3170 3224 3272 3471 3489 3712 4253 4320 4484 4536 4545 4701 4790 5006 5075 5107 5113 5220 5234 5304 5488 5769 5858 6064 6087 6221 6450 6520 6653 6735 6972 7158 7229 7720 7723 7799 7826 7901 8193 8320 8461 8634 8644 8770 8772 9049 9211 9556 9814 9975 9977 10341 10451 10462 10634 10722 10733 10758 10767 
#module 164 size: 39 bs: 1.05177
20 69 1062 1363 1398 2205 2714 2728 3013 3191 3198 3242 3525 3535 3930 4546 4722 4723 5774 6064 6335 7046 7382 7476 7693 8835 8894 8910 9188 9452 9873 9936 9969 10002 10020 10310 10751 10897 11246 
#module 165 size: 73 bs: 0.960908
49 905 1192 1427 1593 1692 1696 1928 1960 2038 2139 2159 2323 2333 2407 2449 2472 2564 2713 2866 2883 2918 3448 3603 3620 3754 4139 4194 4245 4269 4430 4482 4529 4662 4716 4821 4863 4873 5003 5274 5455 5532 5658 5687 5792 5910 5967 5992 6023 6332 6478 6499 6539 7058 7171 7781 7914 8190 8204 8250 8672 8710 8808 8853 8875 8938 9982 10643 10818 10922 10981 11188 11196 
#module 166 size: 100 bs: 0.737103
860 956 1105 1160 1175 1203 1250 1315 1393 1701 1774 1817 1852 1953 1959 2210 2258 2387 2541 2587 2908 2922 3064 3089 3107 3385 3400 3408 3451 3531 3540 3572 3664 3690 3750 3797 4078 4082 4273 4448 4451 4699 4727 4931 5039 5042 5293 5373 5385 5464 5713 5717 5741 5744 5751 5957 5988 6132 6477 6591 6713 6938 6953 7023 7074 7216 7712 7763 7824 8108 8167 8191 8262 8346 8555 8641 8802 8964 8982 9153 9377 9483 9574 9630 9765 9840 10391 10663 10759 10787 10975 11073 11081 11151 11383 12170 12661 12679 12881 12995 
#module 167 size: 47 bs: 1.05995
1057 1501 1508 1633 2105 2202 2213 2222 2537 2701 2777 3222 3461 3465 3825 4132 4466 4485 4526 4600 4820 4921 4922 4958 5707 6070 6098 6160 6239 6479 6593 7110 7233 7304 7568 7929 8058 8688 9345 9478 9598 9737 9792 10130 10284 10875 11447 
#module 168 size: 84 bs: 1.02243
919 964 1122 1203 1253 1388 1397 1448 1457 1597 1657 1757 1791 1925 1953 2035 2040 2244 2335 2343 2535 2562 3107 3401 3446 3482 3485 3497 3897 3931 3995 4074 4176 4208 4437 4518 4524 4570 4597 4766 4791 4845 5219 5253 5306 5347 5393 5402 5406 5603 5847 6156 6229 6333 6529 6561 6617 7021 7051 7088 7202 7254 7345 7681 7726 7788 7795 7839 7843 7877 8019 8032 8118 8264 8559 9070 9376 9780 10141 10333 10614 10926 11016 11532 
#module 169 size: 61 bs: 0.498667
790 1031 1047 1276 1320 1417 1997 2174 2180 2219 2223 2272 2781 2848 3120 3129 3327 3733 4356 4483 4575 4576 4584 4661 4667 4782 4906 4927 4928 4991 5246 6159 6228 6589 6635 7521 7569 7635 7962 8152 8293 8355 8395 8473 8545 8748 8794 9136 9378 9555 9683 9707 9807 9889 9972 10473 10822 11088 11712 12039 12169 
#module 170 size: 50 bs: 0.137664
926 1230 1548 2412 2437 2622 2631 2682 2700 2790 2851 2970 3023 3185 3204 3586 3652 4115 4753 4800 4879 4926 4984 5154 5468 5646 6202 6442 6485 7353 7410 7644 8014 8018 8192 8269 8390 8443 8553 8653 8997 9545 9794 9819 10213 10224 10392 10519 10827 10861 
#module 171 size: 51 bs: 0.813865
71 897 1017 1228 1855 1932 1964 2112 2458 2577 2770 2822 2865 2889 3225 3266 3274 3288 3751 3869 4882 5611 5698 5814 5956 6129 6211 6245 6338 6343 6651 7352 7356 7545 7723 8245 8320 8459 8470 8650 8971 9100 9608 9619 9925 9996 10054 10516 11541 12642 12746 
#module 172 size: 43 bs: 0.565549
879 1295 1308 1914 2576 2595 2636 2828 2847 2865 2889 3281 3321 3415 3991 4117 4897 4989 5001 5020 5845 6130 6326 7335 7412 8242 8282 8696 8823 8854 9042 9047 9133 9143 9178 9244 9254 9299 9485 9564 9622 10807 11501 
#module 173 size: 28 bs: 0.485721
767 886 899 2058 2169 2230 2415 2796 2894 2957 3027 3030 3204 4278 4663 4787 6233 7585 8895 9230 9305 9369 9436 9523 9655 9883 10384 11070 
#module 174 size: 48 bs: 0.319692
17 988 1059 1139 1314 1521 1571 1677 1827 2155 2692 3134 3241 3357 3685 4351 4382 4581 4598 4684 4934 4936 5227 5389 5592 5656 5667 6013 6045 6123 6400 6899 6985 7149 7273 7301 7325 7336 7359 8083 8136 9122 9331 9476 10469 10802 11864 12652 
#module 175 size: 18 bs: 0.12888
949 2142 2534 2838 3949 3993 4619 5164 7178 7374 8197 8588 9075 9330 10223 10677 10815 11369 
#module 176 size: 39 bs: 0.96365
72 892 894 1045 1346 1374 1729 2030 2353 2407 2470 2486 3103 3573 4137 4290 4315 4330 4341 4767 4797 5400 5627 6531 6533 6592 6684 6736 6954 7538 7798 7982 8630 8985 9277 9512 9838 10254 10769 
#module 177 size: 40 bs: 0.762574
50 760 1273 1410 1626 1710 1713 2398 2772 2945 2983 3173 3429 3522 4099 4321 4609 4613 4776 5000 5073 6044 6151 6665 7108 7566 7821 7923 8112 8787 8967 9079 9444 9558 10044 10597 10647 10729 10865 11113 
#module 178 size: 51 bs: 0.668059
21 872 1025 1169 1328 1552 1648 1895 1929 2069 2132 2273 2370 2766 2858 2888 3196 3291 3423 3683 3860 4377 4745 4839 4865 4915 4979 5670 6024 6293 6639 6646 6799 6980 7372 7504 7522 7628 7634 7796 7802 7926 8129 9021 9032 9548 9955 9976 10007 10415 11572 
#module 179 size: 59 bs: 0.42661
3 1121 1255 1333 1486 1559 1796 1827 1918 2008 2289 2406 2414 2723 2733 3123 3943 3969 4231 4280 4325 4455 4591 4665 4796 4852 4866 5280 5420 5442 5538 6212 6324 7080 7109 7772 8102 8160 8452 8800 8961 9128 9279 9389 9479 9783 10126 10238 10344 10409 10437 10544 10623 10721 10812 10958 11010 11098 11710 
#module 180 size: 101 bs: 1.03102
34 799 952 1305 1467 1550 1792 1967 2002 2179 2189 2190 2256 2575 2641 2648 2749 2833 2872 2892 2962 3181 3426 3579 3644 3669 3777 3802 4105 4135 4291 4305 4560 4590 4596 4614 4741 4954 5136 5199 5350 5693 5789 6135 6146 6191 6225 6268 6487 6722 6726 7093 7166 7224 7226 7231 7245 7421 7520 7532 7713 7806 7943 8070 8096 8244 8410 8437 8450 8499 8509 8746 9028 9117 9126 9129 9154 9195 9626 9717 9786 9839 9877 10037 10048 10491 10503 10681 10694 10714 10934 10990 11013 11135 11336 11447 11498 11551 11604 12555 12644 
#module 181 size: 63 bs: 0.306945
795 826 1119 1188 1618 1753 1864 2084 2193 2478 2542 2573 2717 2760 3121 3195 3421 3527 3592 3672 3760 3861 3950 3982 4237 4764 4850 4876 4881 4882 5144 5323 5522 5628 5902 6141 6197 6206 6299 6355 6537 6998 7094 7275 7744 7888 8038 8245 8300 8327 8575 9310 9541 9768 9846 9893 9961 10133 10329 10876 11096 12950 13055 
#module 182 size: 49 bs: 0.293168
774 1097 1338 1734 1899 2137 2184 2429 2620 3182 3254 3557 3691 3980 4856 4871 4956 5387 5401 5430 5625 5749 6399 6506 6687 6743 6828 7019 7157 7214 7370 7967 8051 8181 8220 8222 8608 8837 9500 9547 9585 9824 9830 9873 10038 10102 10381 11119 11453 
#module 183 size: 37 bs: 0.857412
984 1158 1347 1661 2117 2548 2552 2825 2827 3082 3453 4140 4192 4395 4413 4637 4870 4928 5515 5989 6198 6226 7437 7536 7797 8453 9802 9871 10076 10079 10204 10533 10598 11133 11595 12638 12874 
#module 184 size: 61 bs: 0.905753
2 66 1365 1443 1520 1525 1730 1765 1821 2455 2598 2681 3216 3496 3815 3816 3891 4133 4210 4365 4371 4421 4478 4681 4933 5053 5176 5301 5351 5944 5950 6030 6302 6502 6671 6674 6901 6910 7047 7092 7144 7386 7839 7908 7947 8009 8157 8175 8239 8668 8737 8788 8849 9984 11074 11121 11134 11451 11490 12958 13039 
#module 185 size: 51 bs: 0.310897
778 1031 1221 1269 1283 1383 1631 1668 1702 2241 2395 2718 2806 2815 3046 3309 3378 3598 3702 3715 3766 4162 4249 4281 4515 4703 4803 4823 4962 5012 5361 5482 5530 5556 5700 6559 6644 6770 7024 7090 7662 7879 7904 8171 8704 9971 10051 10163 10295 11220 11519 
#module 186 size: 71 bs: 0.701015
41 1020 1061 1173 1189 1191 1244 1332 1366 1720 1789 1801 1860 1876 2035 2134 2569 2669 3049 3107 3109 3359 3370 3396 3798 4126 4139 4195 4199 4245 4339 4397 4490 5003 5272 5508 5891 6140 6404 6543 6765 6904 7035 7087 7244 7324 7502 7668 7758 7831 7846 7851 7966 7971 7979 8010 8190 8216 8265 8301 8709 8972 9200 9293 9296 9600 9758 10191 10407 11215 11340 
#module 187 size: 100 bs: 0.517338
30 882 895 940 1051 1378 1385 1524 1641 1777 1962 2102 2141 2157 2319 2326 2502 2696 2809 2937 2960 3072 3083 3106 3258 3438 3511 3684 4050 4083 4275 4345 4452 4544 4690 5122 5126 5210 5305 5359 5582 5583 5788 5797 6121 6427 6431 6563 6598 6642 6656 6676 7150 7240 7302 7487 7748 7845 7948 8006 8039 8076 8115 8144 8149 8210 8226 8307 8368 8400 8633 8702 8809 8897 8946 9018 9037 9078 9110 9266 9455 9504 9676 9841 10108 10428 10511 10541 10551 10565 10798 10846 10931 11025 11163 11168 11667 11702 11790 12249 
#module 188 size: 1 bs: 1
776 
#module 189 size: 1 bs: 1
4949 
#module 190 size: 1 bs: 1
1488 
#module 191 size: 1 bs: 1
8824 
#module 192 size: 1 bs: 1
5329 
#module 193 size: 1 bs: 1
6273 
#module 194 size: 1 bs: 1
928 
#module 195 size: 1 bs: 1
6433 
#module 196 size: 1 bs: 1
1030 
#module 197 size: 1 bs: 1
10030 
#module 198 size: 1 bs: 1
1125 
#module 199 size: 1 bs: 1
8428 
#module 200 size: 1 bs: 1
1396 
#module 201 size: 1 bs: 1
2171 
#module 202 size: 1 bs: 1
2028 
#module 203 size: 1 bs: 1
6306 
#module 204 size: 1 bs: 1
2196 
#module 205 size: 1 bs: 1
10134 
#module 206 size: 1 bs: 1
2197 
#module 207 size: 1 bs: 1
2784 
#module 208 size: 1 bs: 1
2310 
#module 209 size: 1 bs: 1
4056 
#module 210 size: 1 bs: 1
2381 
#module 211 size: 1 bs: 1
4440 
#module 212 size: 1 bs: 1
2813 
#module 213 size: 1 bs: 1
10638 
#module 214 size: 1 bs: 1
3601 
#module 215 size: 1 bs: 1
8908 
#module 216 size: 1 bs: 1
3640 
#module 217 size: 1 bs: 1
4353 
#module 218 size: 1 bs: 1
3866 
#module 219 size: 1 bs: 1
8075 
#module 220 size: 1 bs: 1
4118 
#module 221 size: 1 bs: 1
10092 
#module 222 size: 1 bs: 1
4885 
#module 223 size: 1 bs: 1
10713 
#module 224 size: 1 bs: 1
5676 
#module 225 size: 1 bs: 1
9344 
#module 226 size: 1 bs: 1
6184 
#module 227 size: 1 bs: 1
10232 
#module 228 size: 1 bs: 1
6346 
#module 229 size: 1 bs: 1
8255 
#module 230 size: 1 bs: 1
6655 
#module 231 size: 1 bs: 1
10445 
#module 232 size: 1 bs: 1
7364 
#module 233 size: 1 bs: 1
10178 
#module 234 size: 1 bs: 1
7804 
#module 235 size: 1 bs: 1
7822 
#module 236 size: 1 bs: 1
7814 
#module 237 size: 1 bs: 1
10495 
#module 238 size: 1 bs: 1
7899 
#module 239 size: 1 bs: 1
11203 
#module 240 size: 1 bs: 1
8101 
#module 241 size: 1 bs: 1
10194 
#module 242 size: 1 bs: 1
8304 
#module 243 size: 1 bs: 1
9410 
#module 244 size: 1 bs: 1
9125 
#module 245 size: 1 bs: 1
12645 
#module 246 size: 1 bs: 1
9281 
#module 247 size: 1 bs: 1
10393 
#module 248 size: 1 bs: 1
9880 
#module 249 size: 1 bs: 1
11385 
