#module 0 size: 3 bs: 0.00316429
6182 6426 6738 
#module 1 size: 2 bs: 0.0176485
2305 4720 
#module 2 size: 3 bs: 0.0574076
5267 5731 5734 
#module 3 size: 2 bs: 0.000733114
3697 6278 
#module 4 size: 6 bs: 5.66214e-15
1231 1354 3844 4696 4830 6753 
#module 5 size: 8 bs: 0.0276694
100 923 1030 1400 1897 2256 3715 5344 
#module 6 size: 5 bs: 1.26742e-10
968 3910 4852 6311 6542 
#module 7 size: 3 bs: 1.79279e-12
2 2647 4757 
#module 8 size: 6 bs: 0.0319754
2433 4235 4465 4487 5886 6785 
#module 9 size: 2 bs: 2.26891e-09
5612 6755 
#module 10 size: 2 bs: 5.35838e-12
1990 6856 
#module 11 size: 3 bs: 0.000662337
3708 4618 6472 
#module 12 size: 3 bs: 4.82027e-101
2658 5551 6806 
#module 13 size: 6 bs: 3.39473e-12
173 720 2803 5882 6346 6833 
#module 14 size: 19 bs: 0.00492576
875 891 986 1353 1400 2097 2209 2469 2867 3293 3389 4642 5030 5419 5465 5516 6252 6800 6849 
#module 15 size: 11 bs: 1.74857e-06
418 419 683 1039 1571 1732 2523 3034 4004 5635 6654 
#module 16 size: 2 bs: 0.0116622
5583 6525 
#module 17 size: 7 bs: 0.063359
41 882 1500 2838 3457 4065 6669 
#module 18 size: 4 bs: 6.02439e-08
1331 1922 2216 5440 
#module 19 size: 3 bs: 3.77476e-15
1552 2784 6401 
#module 20 size: 5 bs: 0.011704
124 1245 1681 2334 3274 
#module 21 size: 3 bs: 1.70071e-10
927 1418 1998 
#module 22 size: 11 bs: 1.33675e-08
60 298 339 656 1880 2120 3041 4257 4701 6177 6655 
#module 23 size: 8 bs: 0.00338067
70 147 321 1627 2910 5899 5900 6142 
#module 24 size: 5 bs: 1.86749e-07
961 4456 5556 6297 6718 
#module 25 size: 5 bs: 0.000741043
1196 3204 5639 5891 6115 
#module 26 size: 5 bs: 0.00102977
221 585 5150 5372 6329 
#module 27 size: 11 bs: 8.01863e-11
54 474 1028 1040 1044 1615 2210 2847 5238 5240 6271 
#module 28 size: 12 bs: 0.0151953
1017 1392 1743 2563 3005 4013 4041 4196 5092 5243 5805 5916 
#module 29 size: 33 bs: 0.707072
15 67 342 390 437 818 942 1011 1132 1349 1381 1794 1849 2115 2183 2452 3627 3686 3779 3886 4039 4257 4741 5522 5566 5801 5842 5923 6191 6197 6612 6779 6809 
#module 30 size: 48 bs: 0.249689
191 300 374 400 422 433 958 1028 1567 1578 1719 1866 2066 2328 2459 2638 2673 2734 2774 2961 2984 3032 3039 3383 3436 3480 3792 3802 3879 3925 3980 4186 4263 4354 4559 4643 5026 5029 5107 5238 5739 6034 6036 6509 6536 6640 6758 6893 
#module 31 size: 11 bs: 0.890569
292 1535 1886 2455 2756 3532 3725 3776 3842 4178 6640 
#module 32 size: 7 bs: 1.08015
2424 2691 3563 4908 5541 6423 6814 
#module 33 size: 12 bs: 0.775513
1467 2295 2384 2785 3024 3457 4011 4898 5838 5841 6309 6902 
#module 34 size: 3 bs: 0.731297
314 4040 5662 
#module 35 size: 8 bs: 0.176026
613 1463 1864 1865 2112 3844 5388 5869 
#module 36 size: 14 bs: 0.973264
377 1500 1700 1701 2078 3569 3643 3716 3799 4274 5158 5250 5605 5679 
#module 37 size: 4 bs: 1.03174
2000 2001 2052 4217 
#module 38 size: 12 bs: 0.394757
471 704 1529 2553 2968 3174 3755 3875 4184 5288 6457 6644 
#module 39 size: 8 bs: 0.609451
185 673 1495 2323 2379 3812 4511 6472 
#module 40 size: 3 bs: 0.725539
837 1031 5650 
#module 41 size: 17 bs: 0.788515
126 471 961 963 1169 2208 2863 3297 3884 4495 4842 5971 6046 6297 6481 6795 6867 
#module 42 size: 26 bs: 0.961965
157 765 1525 1683 2016 2104 2108 2111 2185 2297 2400 2575 2607 2988 3029 3050 3097 3232 3283 3317 3572 3634 4464 5622 5692 6616 
#module 43 size: 13 bs: 0.166819
503 1201 1342 1560 4076 4515 5188 5499 5592 5711 6134 6275 6406 
#module 44 size: 5 bs: 0.941162
1219 1457 1737 4211 6745 
#module 45 size: 9 bs: 0.943737
3457 3570 4011 4217 4247 4248 5176 5592 6406 
#module 46 size: 45 bs: 0.875417
34 282 303 427 601 933 936 963 1169 1325 1335 1637 1820 1834 2264 2276 2290 2359 2370 2612 2782 3297 3313 3431 3560 3641 3721 3953 3978 4438 4557 4646 4749 5085 5111 5167 5520 5596 5968 6074 6338 6598 6647 6780 6804 
#module 47 size: 14 bs: 0.537246
712 901 1772 2286 2347 2354 2432 3533 3909 4634 4985 6179 6343 6500 
#module 48 size: 33 bs: 0.158815
871 960 964 970 1128 1132 1165 1174 1176 1177 1179 1180 1181 1182 1197 1712 2084 2133 2138 2146 2259 2375 2706 2765 2909 3944 4333 4455 4538 4593 5292 5626 6492 
#module 49 size: 12 bs: 0.52776
599 618 2436 4214 4307 4754 4926 4969 5726 6383 6789 6827 
#module 50 size: 18 bs: 0.674089
319 532 582 1140 1443 1503 1634 3174 3330 3387 4429 4613 4620 5043 5282 5357 6149 6724 
#module 51 size: 18 bs: 0.768209
900 1008 1716 1752 1940 2851 2937 3457 3716 4011 4567 4717 5323 5408 5564 5802 6107 6636 
#module 52 size: 6 bs: 0.838049
1686 2883 4456 4667 4780 5773 
#module 53 size: 51 bs: 0.314524
34 117 239 692 715 906 936 963 1107 1169 1250 1344 1357 1461 1483 1619 1834 2276 2290 2311 2312 2370 2442 2574 2747 2782 3098 3297 3313 3450 3560 3696 3721 3783 4474 4646 4653 4695 4749 5085 5111 5271 5416 5470 5816 5994 6269 6338 6450 6598 6867 
#module 54 size: 9 bs: 0.137143
864 1918 2994 3643 4744 4769 5328 6669 6683 
#module 55 size: 67 bs: 0.756098
123 420 596 682 695 773 874 876 940 1004 1111 1237 1442 1549 1758 1799 1845 2018 2049 2712 2719 2801 2807 2824 2848 2849 2932 2979 3064 3065 3223 3258 3279 3281 3394 3797 3854 3865 4030 4151 4470 4693 4805 5182 5241 5244 5269 5367 5384 5453 5514 5587 5629 5651 5665 5866 5926 6054 6058 6306 6531 6550 6687 6738 6847 6895 6912 
#module 56 size: 33 bs: 0.203846
235 527 674 730 1147 1486 1495 1505 1522 1554 1687 1872 1971 2226 2439 2601 2682 2866 2940 3681 3708 3808 3869 4246 4447 4683 5270 5364 6173 6247 6324 6794 6832 
#module 57 size: 34 bs: 1.07448
341 892 916 965 967 1127 1132 1167 1170 1171 1172 1175 1181 1906 2194 2620 2635 2731 2910 3738 3765 4272 4276 5069 5471 5513 5555 5655 5860 6064 6146 6158 6518 6589 
#module 58 size: 40 bs: 0.983613
20 23 132 215 496 647 712 804 886 1665 1966 1980 2129 2136 2150 2241 2404 2493 2775 2830 3285 3414 3817 3969 3984 4473 4592 4813 4929 5056 5385 5457 5478 6081 6206 6315 6506 6583 6592 6651 
#module 59 size: 6 bs: 1.01332
1012 1040 2899 4165 4770 5800 
#module 60 size: 9 bs: 1.02042
41 882 3059 3178 3673 3799 6474 6681 6722 
#module 61 size: 6 bs: 0.231652
996 1455 2606 4806 5985 6636 
#module 62 size: 5 bs: 0.725084
839 1184 1594 1595 5951 
#module 63 size: 19 bs: 0.571176
883 1529 1679 1995 2752 2937 3114 3800 3810 4004 4756 4936 5287 5343 5420 5538 5754 6235 6594 
#module 64 size: 14 bs: 0.445341
41 882 996 2293 2715 3011 3750 4074 4078 4145 4147 4744 5544 6634 
#module 65 size: 23 bs: 0.304392
29 1040 1239 1461 1835 1997 2058 2223 2921 3277 3619 3662 4131 4166 4269 4627 4726 5153 5584 5850 5884 6138 6255 
#module 66 size: 29 bs: 0.694792
298 582 673 991 1443 1529 1674 1793 1934 2226 2570 2663 2848 2849 3099 3300 3918 4184 4375 4612 4679 4951 5266 5336 5632 5825 6427 6605 6802 
#module 67 size: 20 bs: 0.7007
1081 1097 1891 2458 2551 2552 2635 2663 3099 3159 3503 4257 4517 4790 4888 5277 5321 5785 6408 6605 
#module 68 size: 14 bs: 0.515569
188 857 1995 2064 2377 3114 3407 3417 3430 3789 4833 5420 5538 5754 
#module 69 size: 21 bs: 0.417475
296 338 1437 1459 1577 2022 2102 2117 2391 2448 2731 3249 3268 3328 3633 3852 3917 4358 5156 5342 6199 
#module 70 size: 14 bs: 0.663884
551 999 1625 2024 2284 2466 3068 3701 3746 4910 5747 5995 6133 6286 
#module 71 size: 56 bs: 1.0788
129 392 463 517 560 597 971 997 1290 1294 1334 1598 2076 2200 2206 2257 2621 2671 2722 2798 2864 2919 3086 3468 3777 4073 4225 4311 4412 4436 4483 4586 4608 4619 5028 5029 5438 5451 5470 5505 5525 5601 5640 5812 5844 5931 5947 6123 6264 6368 6537 6566 6792 6857 6872 6909 
#module 72 size: 12 bs: 0.503871
536 2193 3276 3463 3470 3707 3759 4130 4828 5094 6137 6320 
#module 73 size: 18 bs: 0.894691
57 479 625 909 1434 1988 2955 3212 3557 3613 3902 4338 4864 5490 5589 5874 5889 6059 
#module 74 size: 24 bs: 0.428357
280 336 353 438 750 821 1453 1580 1670 1951 2038 2380 3021 3131 3344 3416 3871 4811 4930 5481 5558 5831 6017 6561 
#module 75 size: 74 bs: 1.08657
209 257 266 354 375 573 578 693 738 1018 1204 1229 1241 1359 1582 1689 1828 1829 1853 1854 1907 1926 1976 1986 2124 2156 2160 2211 2262 2287 2294 2316 2517 2528 2702 2703 2844 2845 2949 3082 3233 3262 3291 3321 3358 3374 3527 3653 3661 3778 3994 4116 4131 4461 4735 5004 5106 5206 5276 5387 5466 5492 5778 5809 5903 5967 6053 6090 6186 6519 6635 6671 6828 6851 
#module 76 size: 24 bs: 0.977255
80 405 783 1003 1581 1775 3213 3226 3268 3369 3505 3898 4001 4179 4358 4389 4652 5068 5199 5220 5296 5613 5740 6657 
#module 77 size: 15 bs: 0.451976
656 835 2668 2676 3847 4657 5223 5560 5578 5885 5894 6227 6285 6301 6338 
#module 78 size: 9 bs: 1.03094
217 1343 2075 3477 3691 4666 6212 6538 6654 
#module 79 size: 21 bs: 0.943134
713 853 1204 1257 1405 1494 1707 2002 2360 2579 2596 2716 3158 3379 3881 4365 4671 4923 4924 5035 5462 
#module 80 size: 9 bs: 0.772499
1358 1569 1570 1583 2814 3265 4258 4358 5436 
#module 81 size: 35 bs: 0.478954
179 671 966 1272 1725 2149 2266 2331 2365 2417 2489 2565 2623 2907 2929 3270 3306 3767 3931 4156 4176 4336 4359 4509 4526 5164 5728 5756 6175 6307 6354 6431 6468 6613 6894 
#module 82 size: 63 bs: 1.02712
7 105 361 434 596 657 682 730 841 874 945 1004 1109 1230 1435 1442 1486 1495 1554 1758 2018 2439 2515 2682 2712 2807 2824 2979 3044 3065 3279 3281 3394 3521 3869 3882 3885 4148 4516 4683 4747 5182 5269 5298 5453 5480 6010 6043 6054 6058 6111 6141 6163 6173 6204 6306 6324 6378 6531 6649 6738 6794 6832 
#module 83 size: 10 bs: 0.149896
138 316 1573 1761 2589 2860 4070 5196 6777 6855 
#module 84 size: 8 bs: 0.788363
214 1721 2019 2479 4849 4978 5620 5911 
#module 85 size: 16 bs: 0.207285
117 747 851 1054 1378 1897 1950 2666 3324 3338 3840 4106 4498 5663 6271 6497 
#module 86 size: 16 bs: 0.157269
471 555 590 639 1576 1691 2548 2553 2670 2848 3132 4805 5225 6476 6569 6841 
#module 87 size: 6 bs: 0.722655
991 2573 5193 5266 6569 6710 
#module 88 size: 24 bs: 0.683213
1080 1104 1160 1451 1511 1564 2292 2355 2632 2828 2967 3115 3120 3452 3688 3703 3855 4061 4083 4388 4664 4843 5272 5872 
#module 89 size: 20 bs: 0.441776
1013 1034 1081 1181 1202 1512 3220 3457 3464 3713 3716 3799 4128 4153 5129 5604 6188 6636 6683 6862 
#module 90 size: 32 bs: 0.567466
691 734 796 831 1288 1421 2341 2376 2903 2980 2990 3302 3514 3545 3737 4009 4047 4058 4144 4821 4904 4957 5055 5198 5273 5297 5371 5810 5987 6498 6610 6819 
#module 91 size: 19 bs: 0.933696
751 868 1295 1299 1924 2317 2491 2680 3031 3442 3463 4364 4503 5210 5456 5634 5862 5995 6263 
#module 92 size: 18 bs: 1.07249
1478 2329 2436 2681 2941 2966 3420 4138 4337 4544 5593 5885 5995 6001 6104 6313 6609 6645 
#module 93 size: 13 bs: 0.639035
1311 1746 1747 2441 2684 2724 3832 4462 4589 4990 5184 5725 6615 
#module 94 size: 23 bs: 0.668692
549 568 712 901 1825 1978 2007 2419 2432 2521 2816 2885 3103 3398 3533 4180 4595 4656 4758 4985 5912 6174 6343 
#module 95 size: 27 bs: 0.622328
969 1234 1347 1671 1894 2032 2481 2650 2955 3184 3406 3555 3679 3926 4034 4320 4566 5064 5195 5242 5417 5600 5614 5725 5788 6063 6562 
#module 96 size: 34 bs: 0.867001
160 339 372 534 1007 1158 1590 2444 2480 2610 3027 3081 3177 3201 3273 3335 3553 3826 3964 4525 4873 5318 5726 5757 5902 5938 6383 6390 6458 6478 6479 6643 6661 6846 
#module 97 size: 27 bs: 0.996182
541 660 748 976 1037 1081 1699 1891 2130 2842 2894 3159 3166 3702 3818 4257 4497 4517 4547 4579 4885 5593 5688 5799 6110 6310 6394 
#module 98 size: 12 bs: 0.754837
323 1088 1173 1651 3136 3458 4984 5017 5226 5695 6128 6771 
#module 99 size: 38 bs: 0.26317
114 332 664 759 828 919 977 1059 1464 1796 1842 1899 1944 2230 2250 2386 2902 3087 3147 3175 3443 3663 3860 4029 4280 4580 4622 4791 4845 5356 5447 5459 5502 5619 5966 6029 6340 6864 
#module 100 size: 13 bs: 0.609938
380 609 1203 2506 2637 2672 2676 3915 4055 4308 4357 5330 6882 
#module 101 size: 54 bs: 0.393185
272 305 421 493 684 978 1009 1178 1466 1509 1744 1745 1771 1875 2180 2192 2196 2263 2315 2629 2645 2849 3244 3298 3374 3390 3484 3575 3748 3831 3849 3905 4044 4372 4500 4520 4537 4670 4722 4840 4868 5002 5264 5302 5489 5518 5533 5562 5704 6375 6379 6419 6447 6733 
#module 102 size: 34 bs: 0.937027
87 148 514 538 551 630 1022 1210 1528 1663 1676 1785 1946 1958 2212 2783 2795 2840 3739 4107 4303 4644 4816 4872 5144 5439 5733 5840 5980 6471 6527 6546 6709 6915 
#module 103 size: 16 bs: 0.175958
515 858 1186 1355 1440 1507 1710 2363 2964 4732 4883 4884 5232 5233 5351 6052 
#module 104 size: 21 bs: 0.604981
154 717 740 1191 2157 2234 2750 2969 3242 3314 3894 3975 3989 4997 5011 5135 5319 5421 5963 6063 6917 
#module 105 size: 12 bs: 0.116838
134 678 1541 1782 1812 1891 2037 2465 4551 5377 5454 6616 
#module 106 size: 8 bs: 0.471805
75 1057 3101 3643 4564 4690 5683 5865 
#module 107 size: 18 bs: 0.536293
85 357 518 658 1183 1855 2048 2641 2829 3172 3606 4131 4887 5265 5356 5537 6256 6567 
#module 108 size: 23 bs: 0.338283
824 957 982 1574 2025 2473 2543 2804 3228 3899 3981 4076 4177 4594 5236 5237 6077 6259 6456 6822 6848 6852 6883 
#module 109 size: 119 bs: 1.0746
83 171 196 393 446 453 575 779 937 982 1038 1039 1041 1042 1043 1051 1053 1056 1058 1082 1114 1194 1356 1360 1456 1490 1497 1575 1612 1740 1806 2008 2015 2147 2162 2164 2202 2207 2222 2252 2260 2345 2385 2390 2470 2717 2740 2746 2753 2794 2806 2834 2848 2849 2958 2973 3016 3110 3140 3160 3235 3261 3326 3419 3440 3445 3472 3763 3791 3821 4033 4233 4340 4379 4454 4605 4606 4647 4662 4706 4722 4723 4804 4809 4814 4903 4980 4981 5187 5211 5227 5260 5261 5302 5341 5607 5689 5783 5792 5836 5864 5920 6075 6117 6238 6244 6322 6375 6438 6511 6528 6630 6650 6690 6694 6723 6790 6879 6918 
#module 110 size: 14 bs: 0.128738
228 406 496 842 1214 2032 3603 4500 4700 5114 5199 5402 6153 6814 
#module 111 size: 23 bs: 1.04015
88 415 583 677 1176 1416 1692 1847 2413 3196 3215 3742 4238 4257 4548 4837 4897 5031 5488 5557 5777 6062 6692 
#module 112 size: 19 bs: 0.382396
64 607 744 1501 2064 2154 2437 2628 3221 3407 3417 3430 3789 3878 4590 5079 5200 5975 6670 
#module 113 size: 15 bs: 0.489477
227 852 1555 3420 3620 3985 4482 4573 5025 5253 5464 5875 5891 5973 6543 
#module 114 size: 14 bs: 0.223342
492 562 730 1422 1606 1843 1971 1983 2904 3682 4697 5111 5270 6712 
#module 115 size: 18 bs: 0.462987
166 469 1213 1656 2814 3111 3339 4156 4599 4914 5048 5659 5784 5863 5997 6287 6581 6791 
#module 116 size: 30 bs: 0.323053
710 763 948 1090 1211 1403 1561 1935 2122 2245 2349 2441 2554 2661 2676 2708 2726 3004 3133 3216 3555 3679 4014 4018 4055 5348 5563 5677 6593 6646 
#module 117 size: 126 bs: 1.0642
59 104 145 182 192 206 378 381 429 430 592 687 789 872 879 990 1016 1025 1049 1092 1351 1391 1401 1431 1452 1454 1639 1658 1677 1684 1693 1714 1750 1882 1890 1904 1913 1916 1927 1928 1938 1948 2068 2072 2098 2172 2179 2248 2254 2324 2364 2394 2434 2522 2560 2564 2641 2728 2754 2778 2935 2999 3053 3218 3224 3295 3357 3359 3493 3549 3550 3589 3611 3657 3727 3735 3796 3936 4021 4114 4149 4190 4406 4420 4528 4535 4536 4582 4617 4689 4738 4784 4856 4893 4934 4938 5003 5194 5340 5389 5503 5511 5591 5678 5710 5723 5855 5856 5944 5948 6028 6031 6100 6109 6135 6318 6348 6370 6453 6558 6560 6703 6733 6742 6861 6877 
#module 118 size: 9 bs: 0.960019
1304 1965 2175 2179 3248 3500 3598 3896 3996 
#module 119 size: 16 bs: 0.545577
895 897 1248 1707 1868 2195 3120 3761 3881 4407 4415 4731 4874 5074 5191 6772 
#module 120 size: 11 bs: 0.74461
1369 1568 2035 2041 2073 3714 3749 4112 4293 4368 5976 
#module 121 size: 89 bs: 0.59785
5 14 19 44 95 150 216 229 299 494 620 632 648 745 797 805 814 863 870 922 1094 1135 1200 1277 1377 1544 1551 1559 1678 1688 1695 1778 1959 2006 2091 2151 2170 2408 2418 2443 2538 2617 2818 2889 2959 3012 3022 3145 3320 3337 3350 3427 3438 3490 3491 3537 3588 3595 3618 3649 3973 3998 4090 4118 4310 4401 4485 4654 4719 4847 4906 5015 5171 5271 5376 5539 5569 5637 5716 5793 5992 6166 6170 6203 6237 6330 6357 6404 6873 
#module 122 size: 37 bs: 0.985363
49 276 291 556 569 756 815 1112 1191 1374 1729 1805 1815 2281 2438 2598 3198 3498 3571 3580 3711 3960 4016 4222 4284 4450 4651 4705 4801 4841 4885 5131 6063 6338 6502 6616 6751 
#module 123 size: 89 bs: 0.678679
42 254 304 449 626 628 709 719 730 735 740 800 830 960 992 1222 1265 1502 1508 1515 1572 1910 1919 2004 2065 2114 2143 2161 2187 2220 2235 2273 2314 2371 2682 2685 2736 2749 2768 2837 2873 2917 3119 3153 3284 3289 3312 3531 3712 3751 3815 3869 3876 3903 3954 4018 4356 4584 4602 4810 4869 4886 4891 4973 5319 5393 5407 5450 5468 5510 5661 5681 5742 5752 5887 5955 6078 6083 6268 6270 6366 6384 6414 6545 6549 6589 6603 6750 6905 
