#module 0 size: 13 bs: 0.00752988
224 303 456 470 566 754 787 804 855 911 948 949 972 
#module 1 size: 30 bs: 0.469253
100 159 215 278 293 294 320 355 389 441 455 481 486 487 517 574 621 623 647 662 725 728 769 830 836 839 900 922 929 974 
#module 2 size: 24 bs: 1.07846
89 90 94 110 136 149 203 298 416 456 472 533 588 615 629 670 702 727 746 754 778 855 937 948 
#module 3 size: 14 bs: 0.965644
45 174 179 250 283 382 403 606 685 686 844 877 885 915 
#module 4 size: 53 bs: 0.444634
31 48 96 99 126 137 138 158 180 191 198 239 290 292 307 338 351 361 368 370 376 378 386 388 399 431 437 458 475 485 505 536 640 658 663 683 684 712 718 722 736 775 788 815 821 829 840 860 909 946 955 961 985 
#module 5 size: 78 bs: 0.386046
52 57 68 80 93 97 121 127 144 169 177 185 195 211 216 220 233 253 304 308 324 329 390 402 417 423 433 442 462 484 496 506 508 509 510 514 515 528 545 550 555 572 584 587 612 613 616 643 653 667 668 674 682 692 710 719 731 786 792 800 816 820 827 835 843 853 865 883 904 905 927 935 951 963 971 981 984 987 
#module 6 size: 72 bs: 0.743913
31 75 96 108 109 123 124 128 131 142 161 165 168 173 175 178 190 206 219 226 256 277 287 322 336 345 353 357 360 386 387 404 408 421 424 437 439 451 468 475 488 490 495 519 542 544 552 589 593 644 658 681 712 715 752 767 777 806 817 846 849 866 884 887 889 891 910 918 933 944 969 975 
#module 7 size: 85 bs: 0.179411
7 39 69 73 78 79 84 85 102 106 128 129 134 140 145 152 156 164 171 186 187 200 201 204 232 233 261 262 269 289 291 321 325 330 331 344 364 366 371 409 427 448 454 461 463 480 516 521 529 543 544 547 570 586 595 614 620 627 641 644 649 671 676 690 701 708 720 741 758 777 808 824 834 854 881 887 892 903 916 936 950 951 959 962 978 
#module 8 size: 32 bs: 0.167782
3 8 11 33 35 38 133 146 153 163 228 237 275 348 352 356 362 398 457 465 469 503 511 596 617 634 666 669 851 862 924 976 
#module 9 size: 47 bs: 0.860196
4 23 35 51 92 114 122 139 182 214 217 222 297 312 313 337 346 412 420 443 444 483 489 502 507 512 556 560 567 602 661 666 680 688 704 713 738 739 760 773 780 822 828 859 893 894 925 
#module 10 size: 58 bs: 1.04594
15 26 28 43 59 83 95 103 108 135 175 183 192 209 212 247 254 255 266 270 274 276 284 286 296 318 319 335 349 359 392 405 407 410 411 426 435 436 444 451 459 554 596 677 694 723 733 751 790 825 845 846 847 867 897 920 925 954 
#module 11 size: 82 bs: 0.460177
2 12 18 25 27 36 53 63 71 72 82 98 130 141 150 155 157 166 172 193 197 213 223 230 235 248 251 264 268 281 282 315 332 395 414 422 430 476 478 491 497 518 522 524 525 530 546 553 575 576 581 594 626 646 652 655 673 679 682 744 771 782 791 797 810 811 814 819 843 850 861 863 871 882 889 910 913 930 967 979 980 988 
#module 12 size: 62 bs: 0.694317
17 42 64 65 72 77 107 143 147 148 176 199 207 221 258 295 300 305 316 323 347 374 379 385 396 425 479 513 530 599 632 635 648 650 659 660 687 693 699 705 714 737 742 749 762 794 798 802 823 841 858 875 896 912 914 917 938 942 953 956 964 977 
#module 13 size: 55 bs: 0.392642
9 10 14 32 41 49 54 76 112 113 115 116 119 132 136 162 181 227 234 236 241 246 334 356 363 377 446 449 452 461 464 467 473 493 499 500 539 558 592 603 604 608 618 637 656 672 691 696 753 796 809 831 876 898 958 
#module 14 size: 59 bs: 0.505863
5 6 21 30 46 55 67 70 192 196 210 231 238 259 271 272 285 288 301 310 314 328 333 334 358 419 434 438 447 473 492 498 535 549 559 569 578 582 590 598 601 604 636 638 675 700 706 757 774 783 789 836 851 864 868 901 932 966 986 
#module 15 size: 23 bs: 0.785209
50 61 88 167 252 350 365 369 397 401 406 523 537 540 563 611 689 695 716 734 776 878 941 
#module 16 size: 20 bs: 0.843638
24 225 240 249 327 372 375 499 577 622 633 657 729 748 759 833 856 886 902 907 
#module 17 size: 48 bs: 0.34199
37 40 44 123 151 154 170 205 208 225 229 242 300 316 323 347 354 366 383 396 445 460 520 577 600 619 622 664 709 743 761 763 764 768 779 784 785 799 818 857 873 931 940 945 952 956 960 982 
#module 18 size: 32 bs: 0.720553
62 66 74 75 91 244 265 306 326 341 342 380 413 425 483 494 534 551 561 571 597 607 624 625 630 730 810 842 872 906 921 923 
#module 19 size: 37 bs: 0.494229
1 16 36 60 91 105 111 202 243 257 263 280 316 326 415 440 471 524 538 564 591 624 633 699 737 745 772 781 805 810 826 838 852 880 888 980 984 
#module 20 size: 30 bs: 1.0245
34 56 100 118 188 260 311 317 339 367 373 384 401 429 474 568 580 605 628 639 665 697 698 740 747 848 899 908 947 985 
#module 21 size: 72 bs: 0.712428
13 19 20 22 81 86 87 101 125 133 153 189 218 245 273 302 309 328 343 381 391 393 394 432 450 453 465 474 482 504 526 527 532 541 562 585 609 636 645 647 650 651 654 711 717 721 724 732 735 746 756 765 793 794 795 803 813 832 874 890 895 919 926 934 939 943 947 957 965 968 970 983 
#module 22 size: 65 bs: 0.254993
20 29 47 55 58 104 117 120 160 184 194 267 279 285 299 309 328 340 400 418 428 453 466 473 477 501 504 527 531 548 557 559 565 573 579 583 610 631 642 647 651 675 678 703 707 711 726 747 750 755 766 770 801 807 812 837 864 869 870 874 879 890 928 947 973 
