#module 0 size: 13 bs: 0.762776
9 101 126 238 269 285 409 461 517 568 578 579 598 
#module 1 size: 38 bs: 0.541767
4 17 23 33 55 70 121 138 144 153 157 176 182 203 209 226 243 259 260 284 288 299 301 304 329 333 359 364 400 412 417 429 498 520 529 544 549 591 
#module 2 size: 39 bs: 0.75183
28 45 87 99 125 136 143 148 175 184 207 216 248 310 341 350 357 375 378 383 399 419 430 457 465 480 503 508 518 535 547 552 569 572 573 575 582 584 590 
#module 3 size: 23 bs: 0.711589
4 18 21 31 42 54 174 180 265 273 314 338 396 407 445 450 460 502 557 571 581 585 606 
#module 4 size: 13 bs: 0.63876
122 130 195 230 257 305 342 376 398 456 470 475 559 
#module 5 size: 28 bs: 1.05264
61 68 108 150 181 185 188 221 228 236 280 309 344 362 380 389 391 401 404 425 441 452 455 506 550 577 580 605 
#module 6 size: 32 bs: 0.916415
23 27 32 40 60 109 112 209 217 219 220 234 235 236 240 246 250 275 282 284 288 318 320 334 344 367 418 423 440 448 533 562 
#module 7 size: 41 bs: 0.675662
1 11 41 66 74 85 88 98 113 129 147 151 184 194 204 233 258 268 312 319 323 336 354 356 377 386 405 426 435 453 472 479 481 486 500 519 543 558 563 584 602 
#module 8 size: 38 bs: 0.591285
67 105 139 173 227 232 250 267 282 286 298 299 313 317 330 347 349 365 388 389 390 391 432 436 471 488 490 491 506 507 531 534 545 565 577 594 596 604 
#module 9 size: 53 bs: 0.40262
14 29 36 38 62 67 77 95 154 162 179 183 196 200 214 253 255 267 282 295 298 316 324 325 332 337 339 347 382 389 410 428 432 447 455 458 462 471 483 490 506 522 526 527 528 534 540 560 561 562 577 599 607 
#module 10 size: 17 bs: 0.165338
3 13 16 92 124 196 244 277 335 351 449 454 467 468 484 485 556 
#module 11 size: 28 bs: 0.601934
47 49 75 91 137 191 197 212 218 225 246 261 355 358 403 464 469 476 477 482 530 554 563 570 574 584 586 588 
#module 12 size: 74 bs: 0.741139
2 12 19 34 37 50 56 59 69 72 82 84 93 97 100 103 111 119 123 133 142 152 155 160 178 192 199 237 252 271 292 300 302 303 306 307 311 315 322 326 328 343 345 348 368 369 372 386 392 393 394 406 408 411 414 421 474 478 481 492 495 496 501 509 515 523 536 537 548 553 566 589 597 603 
#module 13 size: 18 bs: 1.0164
48 53 116 131 132 135 165 270 272 283 294 308 331 370 446 499 516 539 
#module 14 size: 62 bs: 0.717933
5 6 10 22 24 26 35 39 43 51 58 64 65 76 78 89 102 110 118 120 140 141 149 169 170 186 201 213 215 231 241 245 262 263 266 273 290 340 346 353 360 361 371 373 381 385 395 420 422 424 431 442 444 459 460 512 525 532 546 564 583 606 
#module 15 size: 16 bs: 0.375436
20 63 80 104 145 161 171 187 296 297 416 434 438 459 466 510 
#module 16 size: 52 bs: 0.850811
5 6 8 15 24 35 36 38 51 57 89 114 118 128 149 156 158 162 164 172 183 186 200 213 214 231 241 245 255 274 278 279 293 339 346 366 384 410 427 428 451 458 463 505 514 521 522 540 564 568 592 599 
#module 17 size: 59 bs: 0.263837
25 30 46 71 79 83 90 96 102 127 146 159 163 166 168 177 190 202 206 208 210 211 222 224 229 239 242 247 251 254 256 276 281 287 289 291 327 397 402 413 415 437 439 473 487 493 494 497 504 511 513 524 538 541 551 555 576 587 595 
#module 18 size: 39 bs: 0.124874
7 44 49 52 73 81 86 94 106 107 111 115 117 134 167 189 193 198 205 223 249 264 321 323 352 363 374 379 387 433 443 473 489 542 551 567 593 600 601 
