#module 0 size: 25 bs: 1.06268e-101
686 687 999 1291 1308 1354 2959 3516 3578 3968 4200 4228 4961 5723 6030 6512 6638 6765 7797 8142 8168 8276 9288 9648 10797 
#module 1 size: 40 bs: 4.21237e-07
1890 2637 2690 2890 3044 3681 3731 4484 4720 4914 4955 5492 5635 5935 5960 6843 7676 7938 8093 8140 8415 8418 8483 8484 8486 9059 9190 9451 9490 9542 9703 10117 10206 10538 10943 10947 11115 11701 11765 12510 
#module 2 size: 11 bs: 5.85625e-101
1818 2250 4432 5247 6056 6904 7087 7700 8691 8992 10556 
#module 3 size: 27 bs: 0.00256259
155 157 300 1035 1109 1289 2293 2463 3032 3055 3265 3290 4073 4819 5112 5151 5835 6481 6609 7746 8880 9318 9379 9658 9723 9817 12624 
#module 4 size: 18 bs: 4.15407e-05
711 1719 2931 3411 4700 4867 5119 5956 5988 6474 7170 8427 8710 8790 8859 9603 9623 9848 
#module 5 size: 31 bs: 3.2583e-102
461 615 649 715 720 1881 3699 3960 4313 4431 4853 5987 6118 6330 6454 6551 6567 6594 6714 6762 6854 7206 7776 8283 9009 9210 9594 9869 10273 10352 12039 
#module 6 size: 28 bs: 5.76538e-101
1300 2115 2423 2450 2734 3234 3277 3375 3564 3584 3848 4391 4627 4957 5947 5961 5969 6909 7572 7937 8060 9149 9601 9688 9744 10050 10122 11079 
#module 7 size: 37 bs: 5.85287e-12
5 10 851 1492 1737 1904 1905 2165 2554 2578 2707 3739 4307 4636 4677 5260 5466 5738 5862 5907 6236 6515 6521 6924 7683 8285 8300 8379 9459 9553 9753 10160 10215 10579 10633 11342 12523 
#module 8 size: 41 bs: 0.000227968
759 829 896 967 1344 1357 1428 1902 2042 2109 2162 2322 2362 2472 2490 2597 3050 3124 3169 3334 3727 3896 4080 4590 4711 4952 4964 6244 6815 7459 7593 7853 8009 8215 9202 9326 9334 9372 10233 10718 11120 
#module 9 size: 9 bs: 2.75373e-101
2392 4669 5601 7410 7825 7898 8632 10125 10220 
#module 10 size: 3 bs: 0.00952846
2119 5340 5672 
#module 11 size: 33 bs: 0.0716102
595 1656 1891 2071 2742 2755 2774 3087 3181 3349 4274 4490 4573 5044 5614 6568 6621 7398 7955 8189 8231 8765 9074 9159 9173 9412 10082 10306 10597 11100 11157 11165 11451 
#module 12 size: 4 bs: 0.00112913
3403 11049 11687 11688 
#module 13 size: 20 bs: 2.01949e-05
174 1024 1073 1492 1811 2072 2475 2600 3005 3168 3316 3514 5866 7426 7668 7909 8242 8570 9223 10376 
#module 14 size: 3 bs: 3.89388e-09
1324 2803 11273 
#module 15 size: 32 bs: 1.83187e-14
516 760 915 977 1230 1921 2162 2182 2418 2975 3418 4066 4074 4463 4908 5075 5195 5682 6061 6155 6731 7173 7403 7694 7829 8039 8795 9264 9346 9369 10265 10567 
#module 16 size: 9 bs: 0.0393754
345 779 1993 4469 5714 9998 11308 11355 11719 
#module 17 size: 12 bs: 2.00773e-101
2465 2867 4061 4573 4982 5150 5484 8145 9702 10621 10979 12813 
#module 18 size: 9 bs: 8.99585e-05
2838 3009 7178 7410 9408 9702 11369 11657 12644 
#module 19 size: 5 bs: 9.08522e-05
366 5311 5810 8353 9439 
#module 20 size: 8 bs: 3.84482e-09
184 1079 2214 3112 3542 4946 5366 7336 
#module 21 size: 5 bs: 0.0929649
2646 2647 3602 5310 6814 
#module 22 size: 18 bs: 0.00245026
7 561 873 970 1255 1349 1983 2829 3080 6108 6738 6896 8106 8409 8549 8573 9200 9277 
#module 23 size: 7 bs: 0.000348503
58 1069 2403 3227 3592 4497 6830 
#module 24 size: 9 bs: 0.000177687
956 1142 1384 5784 7622 8304 9083 9662 10532 
#module 25 size: 3 bs: 0.0144121
625 5388 8446 
#module 26 size: 21 bs: 0.00885764
582 812 2138 2442 3756 4037 4401 4611 4662 4975 5106 5362 5586 5870 5931 6687 7374 8065 8879 9890 10102 
#module 27 size: 4 bs: 0.00161232
3923 9201 9460 11377 
#module 28 size: 3 bs: 1.87919e-06
546 1329 10210 
#module 29 size: 9 bs: 0.0458553
442 1611 2325 2377 3052 5910 6942 7104 10104 
#module 30 size: 3 bs: 1.01743e-06
2416 3011 11535 
#module 31 size: 8 bs: 2.65199e-10
417 1711 2322 4355 6480 6988 10513 11611 
#module 32 size: 48 bs: 0.00379007
332 758 767 769 901 1062 1173 1283 1504 2682 2846 2907 2957 3679 4001 4346 4413 4490 4814 4835 5220 5633 6228 6350 7068 7389 7441 7594 7838 8342 8436 8523 8557 8655 8905 9109 9323 9555 9559 9953 10093 10259 10515 10654 10677 10749 10799 11256 
#module 33 size: 11 bs: 1.90137e-07
2962 4425 5207 6844 7520 7579 8410 8952 8974 10048 11498 
#module 34 size: 3 bs: 0.0513755
666 667 3608 
#module 35 size: 15 bs: 0.035676
181 467 934 1703 3175 3921 4450 4876 5412 8274 9936 10300 10469 10902 12575 
#module 36 size: 9 bs: 0.0753307
559 1375 1619 5445 7063 7877 8887 8958 10565 
#module 37 size: 15 bs: 0.000136104
991 1085 2262 2954 3468 3566 3694 4499 6799 7240 7397 7652 8362 9089 9967 
#module 38 size: 38 bs: 6.2976e-101
55 898 1201 1229 1543 1652 2145 3249 3649 4025 4159 4277 4329 4742 5082 5101 5275 5839 5912 6049 6545 6946 7206 7371 7524 7580 7622 7833 8151 8341 8348 8354 8492 8994 9499 10214 11210 12860 
#module 39 size: 19 bs: 0.00041729
331 475 2400 2569 2711 2743 3142 4714 5911 5975 6332 6352 6596 6799 7098 8087 8329 9188 10172 
#module 40 size: 29 bs: 0.00381697
1189 1387 2422 2601 2793 2996 3325 3379 4084 4144 4649 4889 5320 5399 5466 5975 6182 6320 7129 7459 7589 8137 8198 9307 9713 9946 10077 10596 10877 
#module 41 size: 6 bs: 0.00412489
997 1752 2087 3143 8682 8919 
#module 42 size: 18 bs: 0.0019324
587 1227 1875 2419 2593 3402 3698 4217 4895 6580 6978 7034 8797 9158 9390 9999 10789 10996 
#module 43 size: 62 bs: 0.0151014
110 588 852 1593 2018 2171 2486 2518 2535 2712 2923 3045 3207 3237 3274 3511 3537 3894 3906 4689 5226 5231 5237 5394 5439 5775 5932 6086 6112 6507 6649 6694 6906 6996 7098 7135 7380 7576 7957 7994 8138 8352 8366 8866 8929 9418 9513 9588 9677 9926 10098 10153 10299 10534 10659 10739 10777 10852 10932 11107 12624 12792 
#module 44 size: 5 bs: 2.77228e-06
163 6048 7650 9661 11177 
#module 45 size: 10 bs: 0.00974767
3324 3740 8513 9317 9833 9936 10685 10813 10832 13065 
#module 46 size: 12 bs: 2.56128e-06
7 1621 2108 3622 4024 4103 5505 5804 6302 7792 9022 12726 
#module 47 size: 15 bs: 0.047692
352 2825 2863 3245 3569 3823 4061 5099 6022 7722 8632 8637 8901 8988 10595 
#module 48 size: 13 bs: 0.0227256
1257 2361 3816 4107 4709 5231 5601 5941 6000 8302 10971 10977 11004 
#module 49 size: 15 bs: 0.0586497
894 2983 3032 3324 3936 4184 4241 4430 5730 6587 7087 7198 7333 7858 11141 
#module 50 size: 23 bs: 3.32495e-101
1907 1930 1951 2677 3475 4511 4535 4703 4902 6644 6839 6970 7115 7950 8172 9011 9210 9568 9607 10011 10128 10486 12492 
#module 51 size: 56 bs: 8.03801e-14
21 28 184 820 886 986 1098 1219 1378 1554 1577 1827 2242 2321 2506 2525 2783 2923 3116 3231 3524 3656 4126 4435 4735 4949 5036 5047 5084 5232 5339 5510 5643 5752 5907 5958 6212 6968 7233 7481 7494 7818 8125 8324 8472 8606 8855 8883 9587 9924 9929 10094 10402 10673 12382 12756 
#module 52 size: 21 bs: 6.55731e-101
638 1394 2679 3144 3968 4199 4235 4385 4492 4761 4854 5173 7773 9095 9614 9894 10000 10045 10653 10766 10911 
#module 53 size: 49 bs: 1.44551e-13
20 1080 1232 1787 2187 2627 2680 3145 3224 3272 3471 3489 3712 4484 4536 4545 4616 4790 5006 5113 5488 6087 6221 6520 6653 6735 6972 7229 7754 7799 8193 8310 8320 8461 8634 8644 8770 8772 9211 9556 9936 9969 9977 10462 10634 10722 10733 10758 10767 
#module 54 size: 10 bs: 0.00974964
4132 4335 5901 6496 7783 8017 8465 8581 10130 10134 
#module 55 size: 13 bs: 1.67829e-101
2344 2768 4055 4938 5433 5942 6701 7122 8872 10063 10151 10219 10932 
#module 56 size: 21 bs: 2.64775e-101
72 214 694 783 903 2462 2557 3386 3424 3663 3810 4319 5390 5432 7182 7253 8336 8727 9423 10343 10942 
#module 57 size: 19 bs: 2.22045e-16
382 1090 1418 2723 2767 3014 3893 4561 4863 5745 6222 8363 9176 9249 9800 9923 10787 11584 11966 
#module 58 size: 3 bs: 0.0365011
4213 5369 6763 
#module 59 size: 62 bs: 1.39338e-10
147 183 476 620 685 823 1084 1189 1199 1279 1396 1523 2056 2192 2353 2678 2794 2805 3032 3144 3158 3390 3483 3488 3511 4040 4064 4106 4239 4378 4397 4515 4572 4587 4664 4986 5017 5214 5254 5294 5548 6108 6374 6716 7030 7172 7212 7262 7469 7542 7632 7868 7901 8060 9742 10128 10277 10583 10637 11442 11593 12495 
#module 60 size: 42 bs: 0.0537859
44 449 1011 1113 1231 1394 1483 1492 1716 2031 2224 2338 3054 3179 3359 3384 3428 3704 3934 4373 4389 4592 4692 4789 5563 5893 6029 6079 6154 6238 6878 7188 7423 7523 9121 9344 9501 9692 10354 10679 10778 12549 
#module 61 size: 19 bs: 0.044077
708 1278 2441 2627 2637 2829 3946 3955 4367 4389 5140 7286 7476 7758 9113 9298 10354 10362 10717 
#module 62 size: 20 bs: 0.00760556
899 1190 2563 3440 3508 3878 4326 4613 4707 4860 5146 6599 7651 7941 9274 9709 10256 10355 10472 11150 
#module 63 size: 28 bs: 0.0396236
243 320 439 657 1835 2098 2304 2356 3130 3161 4789 5209 5350 5660 5696 5717 5950 6833 8216 8260 8579 8989 9591 9979 10029 10447 10569 11708 
#module 64 size: 4 bs: 0.00269995
111 1280 9795 12855 
#module 65 size: 47 bs: 2.60681e-09
264 529 800 959 1172 1229 1266 1788 1972 2206 2266 2446 2582 2996 3379 3708 4108 4486 4509 4836 4851 5176 5457 5476 5596 5648 5886 6042 6617 7031 7075 7523 7705 7803 7812 8074 8437 8458 9329 9744 9768 9945 10383 10465 10635 10945 10990 
#module 66 size: 17 bs: 0.0463482
211 485 493 1421 1486 1606 1679 1853 3167 3644 4841 5216 5704 6487 7611 8096 10920 
#module 67 size: 10 bs: 0.0398725
1319 2259 4842 4896 5010 5618 6871 6993 7048 9590 
#module 68 size: 15 bs: 0.000311319
1029 2645 2832 3617 4409 4635 4914 5223 6212 7042 7864 7919 8272 9009 11428 
#module 69 size: 15 bs: 7.13461e-08
460 1747 4370 5428 5909 6286 6831 6983 7038 7155 7287 7563 7629 8743 10112 
#module 70 size: 78 bs: 1.3395e-08
203 807 896 1042 1456 1587 1595 1743 1791 1816 1830 1877 1895 1970 2008 2257 2265 2365 2589 2817 2951 2956 3001 3147 3170 3379 3423 3475 3857 4238 4352 4387 4519 4747 4766 4973 5008 5017 5135 5573 5625 5645 5838 5854 5920 6124 6295 6339 6604 6716 6719 7035 7472 8075 8190 8511 8672 9075 9085 9307 9345 9516 9561 9672 10157 10461 10502 10518 10592 10713 10735 10823 10837 10855 11085 11130 11552 12902 
#module 71 size: 16 bs: 0.0196782
350 569 947 1208 2735 3806 3810 4246 4454 7011 8154 9246 10323 10883 12972 13006 
#module 72 size: 12 bs: 0.0686765
885 1021 1155 3340 4604 5068 6922 7555 7906 8738 8783 10550 
#module 73 size: 8 bs: 0.00593317
1912 2523 5632 6145 6162 7760 7889 9453 
#module 74 size: 15 bs: 0.0291018
50 463 3416 3563 3623 3782 4821 6044 6901 7108 9420 9558 9922 10406 10834 
#module 75 size: 39 bs: 0.003842
255 758 1315 1491 1753 1915 2057 2110 2359 2763 3150 3432 3507 3650 3894 4166 4764 5251 6287 6593 6663 6771 7226 7481 7491 7532 8908 8986 9579 9593 9931 10113 10184 10462 10675 11263 11457 11566 12700 
#module 76 size: 9 bs: 0.0172932
377 2191 2195 2213 4969 8396 9270 9835 11029 
#module 77 size: 9 bs: 0.000327682
1975 1984 3889 4909 6489 7203 8338 9419 12666 
#module 78 size: 47 bs: 0.00281687
1475 1590 1617 1683 1822 1971 2027 2078 2247 2377 2633 2948 3808 3899 3974 4601 4777 5370 5413 5500 5527 5557 5617 6172 6512 6608 7083 7111 7126 7140 7174 7464 7507 7995 8210 8229 8281 8377 8868 9528 9891 10124 10270 10403 10617 10904 11205 
#module 79 size: 22 bs: 9.61353e-07
1269 1383 2815 3309 3378 3766 4162 4803 4823 4962 5012 5556 6770 7090 7662 7879 8704 10038 10163 11220 11342 11519 
#module 80 size: 14 bs: 5.98944e-06
1256 2880 4452 5122 5305 5409 5715 6111 6951 7243 9183 9231 9356 10551 
#module 81 size: 6 bs: 0.0399764
52 2268 3004 4462 6710 9517 
#module 82 size: 10 bs: 0.0323339
809 3973 4762 5994 8317 8355 8772 10764 10896 11495 
#module 83 size: 10 bs: 0.000110752
335 621 2430 2823 4547 5562 6446 6485 8221 12382 
#module 84 size: 18 bs: 6.27271e-08
1308 2576 2595 2865 2889 3281 3321 3991 4897 4989 7335 7412 7545 8282 9244 9485 9564 9622 
#module 85 size: 10 bs: 0.00552934
300 924 1933 2329 4709 6736 10728 10747 10888 11593 
#module 86 size: 10 bs: 0.00947665
1048 2274 3063 5398 7851 8295 8493 8888 10116 10200 
#module 87 size: 8 bs: 6.38386e-06
165 300 3759 4241 5149 6009 7714 10241 
#module 88 size: 15 bs: 0.812681
213 887 1429 1597 1599 1637 1849 2152 2565 4018 4110 5472 5784 7813 8658 
#module 89 size: 65 bs: 0.208565
378 832 950 1362 1463 1773 1857 2116 2134 2343 2407 2421 2560 3043 3241 3279 3291 3440 3497 3525 3897 4074 4279 4308 4525 4535 4600 4637 4894 4989 5067 5336 5483 5529 5568 5906 6426 6898 7009 7202 7205 7386 7571 7769 7982 8141 8204 8206 8330 8610 8646 8759 8993 9226 9293 9416 9502 9740 9915 10071 10478 10785 10968 10985 11158 
#module 90 size: 47 bs: 0.300509
623 665 952 1194 1604 1649 1766 1787 1951 2105 2167 2425 2786 2981 3238 3510 3632 3998 4991 5186 5196 5395 5426 5603 6404 6447 6463 6505 6577 6729 7548 7805 7856 8011 8024 8236 8267 8664 9032 9041 9174 10088 11014 11113 11231 11643 11936 
#module 91 size: 52 bs: 0.593592
37 437 642 702 880 1196 1438 1743 2015 2092 2296 2557 2636 2909 3016 3039 3094 3271 3294 3327 3352 3629 3730 4219 4668 4998 5106 5246 6207 6640 7251 7271 7355 7357 7372 7485 7600 7654 7880 8593 8860 8876 8966 9146 9164 9804 10177 10383 10882 11139 12125 12741 
#module 92 size: 32 bs: 0.53626
808 1287 1458 2021 2050 2661 2860 2950 3356 3660 4230 4760 5004 5208 5758 5895 5912 6091 6665 7003 7022 7543 7599 8001 8200 8424 8488 8767 8887 9950 10683 11140 
#module 93 size: 31 bs: 0.715108
296 1179 1381 1772 2010 3060 3780 3814 4248 4533 5300 5304 5422 6008 6859 6866 8041 9114 9273 9326 9549 10087 10162 10183 10220 10547 10584 10736 10743 10831 12553 
#module 94 size: 27 bs: 0.587539
520 1270 1565 1584 2066 2539 2693 2851 2911 3003 3133 3156 3290 3362 3611 4124 4271 5129 5643 5905 6903 7657 8483 8642 9163 9577 10013 
#module 95 size: 18 bs: 0.564965
64 86 524 964 1348 1369 1417 1480 3195 3645 3653 4034 4244 4468 7027 8910 10437 11091 
#module 96 size: 22 bs: 1.07575
218 571 610 612 1386 1960 2402 2454 2658 2750 2953 3484 3638 3825 3893 5276 5992 6278 8386 8498 9934 11235 
#module 97 size: 73 bs: 0.41401
59 233 848 1148 1346 1387 1793 1986 2272 2534 2544 2795 2826 3325 3516 3581 3722 3738 4068 4137 4144 4418 4645 4649 4716 4950 4951 5366 5399 5876 5975 6014 6147 6166 6171 6235 6246 6320 6478 6533 6539 6546 6719 7092 7171 7189 7285 7409 7496 8088 8095 8157 8666 8881 9061 9095 9131 9233 9296 9379 9492 9515 9767 9863 9946 10000 10001 10167 10334 10370 10603 10661 11117 
#module 98 size: 10 bs: 1.09113
531 957 3846 3963 5787 7123 7458 7463 8832 9368 
#module 99 size: 41 bs: 0.713454
257 258 1020 1349 1432 1557 1687 1861 2151 2586 2753 2871 2883 3518 3571 3589 3652 4337 4922 5071 5411 5712 5755 5903 6160 7028 7097 7367 8429 8528 9480 10018 10050 10670 11008 11102 11254 11380 11429 11540 11703 
#module 100 size: 25 bs: 0.696882
593 782 1215 1672 1709 1820 1966 2120 2671 3953 4357 5335 5343 5771 5815 6425 6493 6613 7575 7800 8058 8301 9047 10589 10948 
#module 101 size: 41 bs: 0.249646
52 243 389 1462 1477 1694 2019 2498 2643 2904 3125 3200 3305 3363 3665 3795 3888 3957 4212 4550 4772 5020 5658 6157 6886 6918 6930 7007 7298 7554 7656 7668 8433 8675 9096 9108 9675 10037 10185 10541 11027 
#module 102 size: 21 bs: 0.845627
2807 3041 3095 3379 3380 3513 3891 4122 4408 5849 6033 6723 6875 6940 7564 7667 8441 9145 10590 11415 13043 
#module 103 size: 42 bs: 0.689499
74 441 921 1368 1507 2116 2303 2469 3043 3292 3388 3431 3793 3819 3832 3871 4008 4147 4811 5119 6575 6637 6638 6705 6805 7541 7670 7716 7828 8292 8333 8523 8768 8959 8982 9219 9533 10146 10325 10372 10488 10865 
#module 104 size: 7 bs: 0.732793
60 3102 3371 6753 6927 7516 8742 
#module 105 size: 18 bs: 0.264888
924 984 1143 1287 1394 1431 1643 2079 2751 3063 3317 4233 6154 6629 6755 8538 9887 11656 
#module 106 size: 27 bs: 0.980209
39 2136 2318 2916 3199 3409 3822 3915 5423 5746 5845 5851 6026 6530 7029 7219 7415 7788 7964 8508 8576 10120 10127 10192 10254 11159 12899 
#module 107 size: 18 bs: 0.166849
199 547 944 1313 2779 3333 3385 5303 5353 5392 6534 7149 7243 7779 8252 9806 10727 11878 
#module 108 size: 19 bs: 1.06869
66 357 948 1723 1804 2074 2985 3965 4525 4529 5391 5588 7729 7747 7982 8602 9317 10523 13019 
#module 109 size: 28 bs: 0.330032
685 1272 1707 1830 2232 2288 2673 2698 2727 2956 3061 3301 3693 4991 5514 6050 6678 6756 6783 6900 7634 7971 9360 9660 10075 10401 10806 11143 
#module 110 size: 51 bs: 0.463975
196 589 948 1182 1210 1225 1620 1745 1750 1780 2773 3042 3190 3229 3318 3355 3642 3720 3820 4145 4262 4436 4546 5163 5699 5841 6276 6627 6759 6774 7279 7312 7391 7620 7691 8021 8100 8373 8627 8787 9230 9297 9700 9706 9754 10155 10424 10431 10471 10729 10763 
#module 111 size: 16 bs: 0.328986
171 1409 2308 3338 4052 4100 4643 4968 6109 7638 7649 8306 8780 10148 10982 11232 
#module 112 size: 13 bs: 0.256843
849 874 1581 1680 3059 3344 3460 4785 6445 8701 10667 10780 11262 
#module 113 size: 25 bs: 0.451525
593 652 713 1690 1776 2884 4862 4935 5111 5228 5431 5624 6188 6416 6456 6616 7081 7895 8604 9001 9071 9287 9689 9943 11425 
#module 114 size: 31 bs: 0.968029
568 916 1647 1666 2176 2887 3907 4583 4641 4661 4891 6200 6224 6232 6242 6249 6551 7477 7518 8399 8479 8698 8784 9004 9365 9415 10099 10602 10776 11463 12264 
#module 115 size: 18 bs: 0.39231
26 1828 2170 4334 4790 5663 5725 6525 6573 6584 6698 7257 7540 7620 7829 8198 11362 11459 
#module 116 size: 7 bs: 0.266998
567 641 3336 4697 7140 7530 11371 
#module 117 size: 10 bs: 0.58885
122 268 1739 3609 4552 4645 6383 6483 7351 8112 
#module 118 size: 36 bs: 0.748508
113 978 1654 1843 2265 3299 3450 3823 4338 4700 5418 5553 5724 6063 6468 6548 7036 7100 7119 7226 7231 7269 7755 8054 8127 8328 8558 8636 10119 10532 10627 11031 11118 11269 11576 12514 
#module 119 size: 7 bs: 0.31251
3929 5901 6288 7104 8510 9308 11504 
#module 120 size: 29 bs: 0.985695
1101 1170 1392 1495 2482 2549 2650 2729 4169 4943 5070 5081 5562 6265 7146 7158 9121 9148 9205 9814 9839 9935 9965 10225 10593 10720 11268 12882 12889 
#module 121 size: 23 bs: 1.00662
932 1026 1652 1781 2592 3208 3427 3959 4215 4379 5378 5447 5606 6180 6564 6945 8726 9107 10097 10259 10805 11123 11625 
#module 122 size: 30 bs: 0.68726
43 321 338 677 685 726 798 904 945 1277 1563 2125 3189 3898 4467 5158 5429 5587 5598 5850 5943 6067 7086 7328 7508 7610 8702 10280 10466 11251 
#module 123 size: 23 bs: 0.848333
493 851 2225 2775 3508 5296 5560 5616 5617 5719 8025 8328 8380 8585 9107 9679 11121 11151 11161 11168 11270 11334 12639 
#module 124 size: 17 bs: 0.547788
244 464 689 714 815 817 2590 2833 4449 4663 4752 5517 6119 8078 9213 11152 11497 
#module 125 size: 19 bs: 0.724272
760 1664 2398 2772 2945 3522 3562 4321 4776 5000 6151 6314 7317 7566 9444 10597 10647 10729 10865 
#module 126 size: 13 bs: 0.742095
430 682 1070 2782 3513 3630 4085 6330 7674 7923 8885 8952 9637 
#module 127 size: 31 bs: 0.995614
724 783 1415 1693 2067 2068 2106 3421 3541 4828 4910 5902 6299 6355 6602 6916 6998 7552 7949 8554 8780 9264 9324 9605 9607 9907 10477 10759 10887 10900 11190 
#module 128 size: 20 bs: 0.571362
190 206 1211 1481 2084 2194 3867 4779 5494 5632 5885 6174 6373 7883 7997 10044 10111 10239 10262 10643 
#module 129 size: 14 bs: 0.97569
46 1091 2026 3310 4090 4729 5113 5484 7069 7759 8428 8984 9905 10024 
#module 130 size: 12 bs: 1.05113
1500 3401 3439 3634 3949 4361 7112 7699 9566 9576 10306 10706 
#module 131 size: 21 bs: 0.9597
39 1031 1150 1506 2663 3218 3817 4617 4782 6997 7326 7573 8827 8869 8935 9375 9545 10202 10212 10598 10950 
#module 132 size: 13 bs: 0.601658
476 1036 1511 2050 2644 3256 4328 4620 4734 6414 6864 7159 11385 
#module 133 size: 11 bs: 1.02543
29 3766 3971 4504 4656 6086 6282 7138 7582 8287 10118 
#module 134 size: 48 bs: 1.02615
201 1275 1390 1553 2080 2081 2331 2621 2638 2770 2779 2879 2993 3818 3947 4007 4167 5253 5580 5594 5797 6673 6725 6845 7181 7394 7475 7621 7655 8035 8474 8572 8681 9130 9184 9188 9253 10114 10482 10506 10538 10616 10940 10998 11005 11087 11111 11219 
#module 135 size: 24 bs: 0.81468
1677 1721 1884 2144 2234 2262 3021 3250 3292 3320 3364 4930 5613 5814 6197 6977 7323 7429 8052 8152 8212 9187 10820 11241 
#module 136 size: 23 bs: 0.343913
71 1855 3266 3725 3751 3785 4513 4995 5207 5698 5814 5956 6343 7954 8389 8459 9608 9629 9874 9993 11541 12672 12746 
#module 137 size: 17 bs: 0.562069
1693 2244 3824 4193 4332 4538 4578 5170 5253 5485 5709 5891 6051 7630 7768 8160 9915 
#module 138 size: 19 bs: 0.667034
454 783 1282 1428 3032 5085 5708 6462 6588 6715 6909 8176 8213 8991 9268 10284 10369 10758 11558 
#module 139 size: 9 bs: 0.579396
1579 2111 2241 5086 6370 9682 9745 9865 12636 
#module 140 size: 7 bs: 0.715412
322 1015 4406 6294 6869 9383 11213 
#module 141 size: 7 bs: 1.08471
1292 4175 4320 5220 5801 5923 10451 
#module 142 size: 10 bs: 0.858964
2 800 2330 5650 6502 8747 9635 9669 10257 12949 
#module 143 size: 26 bs: 0.142829
227 443 767 923 1204 1208 1782 2651 3129 3381 3438 3515 3976 4719 4754 5040 5352 6365 6780 6837 7362 7692 7967 8566 10360 11526 
#module 144 size: 35 bs: 0.534986
237 575 790 1715 2181 2199 2236 2314 2757 2828 3239 3618 3774 3859 4131 4510 4527 5250 5438 5447 5486 5989 6216 6764 6858 7583 7591 7629 7862 8864 9881 10086 10453 10770 10970 
#module 145 size: 14 bs: 0.619078
120 3668 3964 4369 4449 4542 4829 4845 5386 6016 6750 8684 9783 9841 
#module 146 size: 16 bs: 0.36409
1130 1186 1671 1705 1977 2052 4041 7618 7678 8045 8364 8619 9062 9291 10136 10487 
#module 147 size: 14 bs: 0.228964
217 309 918 1823 4415 4725 6525 6560 7616 7745 8595 9385 10422 10449 
#module 148 size: 6 bs: 0.690346
2395 2952 6097 7787 8806 12689 
#module 149 size: 21 bs: 0.550875
837 1740 3437 3474 4016 4038 4040 4419 4953 5131 7738 7978 8046 9205 9260 9557 10240 10272 10588 10784 11448 
#module 150 size: 11 bs: 1.06255
106 434 1332 2538 4140 4206 4405 5744 6257 8843 9011 
#module 151 size: 19 bs: 0.797875
371 614 910 1155 1722 1764 1985 2207 4564 5837 5965 7230 7432 7579 8045 8836 10130 10847 11104 
#module 152 size: 13 bs: 0.422407
158 323 513 1958 4481 5010 6806 6823 7873 8042 9888 10650 12575 
#module 153 size: 24 bs: 0.685252
421 544 847 1436 1947 2596 3054 3317 4214 5321 5681 5731 5922 6371 6825 7070 7102 8407 9373 10324 10457 10474 10715 11168 
#module 154 size: 12 bs: 0.181937
185 1439 2428 3478 7231 8006 8408 8733 9020 10152 10640 11473 
#module 155 size: 13 bs: 0.294047
97 339 1245 2154 2229 6304 6596 7074 7696 8411 9179 10226 10836 
#module 156 size: 7 bs: 0.446743
1639 4136 6581 7869 10052 10974 12158 
#module 157 size: 13 bs: 0.945646
392 1563 2647 3543 5170 6174 6702 7080 7343 8055 8504 9157 10964 
#module 158 size: 13 bs: 1.06602
1451 1688 2777 2806 3126 4659 4758 5880 6952 9058 9234 10319 12624 
#module 159 size: 11 bs: 0.625504
153 853 4069 6197 6739 8815 9167 9641 9995 10273 11990 
#module 160 size: 10 bs: 0.820802
4539 6685 8577 9050 9137 9434 10314 10777 11693 11815 
#module 161 size: 11 bs: 0.169085
4410 5034 7065 7263 7520 8437 9097 9722 9877 10301 10990 
#module 162 size: 50 bs: 1.00518
67 70 1288 1374 1605 1736 2486 2546 3053 3094 3132 3567 3714 4148 4315 4319 4330 4623 4767 5211 5627 5759 5799 6500 6501 6592 6684 6902 7192 7222 7250 7430 7665 7753 7788 7969 8136 8468 8996 9191 9245 9400 10016 10221 10438 10482 10613 10906 11185 11224 
#module 163 size: 52 bs: 0.699178
806 1072 1468 1541 1751 1891 1973 2186 2283 2351 2516 3150 3206 3646 3734 4134 4322 4457 4566 4746 5025 5160 5566 5712 5824 5993 6209 6256 6312 6453 6610 6724 6784 6841 7167 7207 7270 7338 7615 7727 7765 7917 9162 9318 9609 9671 9821 10166 10187 10366 10380 11475 
#module 164 size: 13 bs: 0.682892
1971 2432 2579 4102 5266 6213 7111 8528 9066 9338 9809 10029 10527 
#module 165 size: 44 bs: 0.397947
400 653 1037 1426 1510 1624 2877 2968 3111 3239 3647 3951 4136 4489 4750 4834 4928 4947 5124 5190 5306 5477 5644 5680 5785 6317 6318 6616 6777 7973 8167 8649 8888 9017 9028 9103 9138 9353 9490 9972 10601 10674 12518 12690 
#module 166 size: 18 bs: 0.91853
1248 2415 3020 3193 5124 5644 6080 6081 6185 6402 7601 8649 8693 9138 9250 9253 10843 12679 
#module 167 size: 16 bs: 0.622267
1228 1932 2112 2577 3869 5611 6129 6211 6651 7352 7545 8313 8470 8650 9100 9925 
#module 168 size: 49 bs: 0.874336
332 521 532 797 1030 1082 1159 1239 1323 1424 1885 1990 2211 3082 3519 3848 4295 4346 4666 4686 4826 4868 5218 5392 5396 5500 5533 5678 5952 6653 6692 6767 6793 7068 7154 7518 8210 8426 8655 9323 9410 9953 10070 10093 10749 10752 11067 11155 12645 
#module 169 size: 8 bs: 0.399371
3081 4507 8517 8529 8781 8952 9842 12063 
#module 170 size: 30 bs: 0.543749
534 551 1115 1178 1326 2108 2719 3941 4142 4240 4717 5053 5134 5585 6143 6213 6538 7085 7107 7308 7873 7895 7934 8059 8515 8939 9100 9467 10277 12874 
#module 171 size: 16 bs: 0.598839
562 1452 1474 1689 1969 2118 4157 4291 4733 5600 5818 6598 7496 8004 10279 11053 
#module 172 size: 12 bs: 0.902389
1409 2164 3319 5287 5986 6149 6955 8272 8588 9679 9741 9850 
#module 173 size: 31 bs: 0.690248
397 1115 1439 1616 1741 1976 2168 2275 3147 3418 4012 4218 4856 5251 6256 7255 7657 8030 8504 9287 9666 9894 10043 10238 10382 11038 11311 12488 12602 12697 12843 
#module 174 size: 57 bs: 0.977243
238 774 1441 1519 1612 1742 1763 2532 3002 3554 3557 3996 4020 4360 4621 5296 5430 5459 5497 5622 5743 5764 5889 6007 6011 6062 6090 6117 6192 6664 6931 6935 7331 7708 7810 7935 7992 8051 8109 8182 8661 8720 8837 8951 9238 9585 9640 9750 9830 9880 10031 10062 10104 10610 11119 11214 11453 
#module 175 size: 4 bs: 0.296187
135 5282 11694 12641 
#module 176 size: 70 bs: 0.430536
348 672 860 864 1105 1117 1315 1556 1572 1701 1774 1800 1852 1959 2210 2258 2269 2387 3064 3089 3385 3408 3531 3540 3572 3664 3690 4422 4448 4451 4699 4931 5293 5385 5464 5713 5744 5751 6132 6193 6477 6561 6591 6713 6938 6953 7216 7763 7874 7961 8108 8156 8240 8346 8641 8964 9046 9153 9525 9574 9630 10391 10663 10745 10759 10975 11081 11383 12881 12995 
#module 177 size: 46 bs: 0.991543
177 511 692 768 1407 1493 1678 1974 2212 2577 2994 2998 3192 3255 3570 3696 3813 3864 3925 4291 4704 4707 5116 5271 5734 6089 6301 7288 7310 7340 7373 7519 7790 7863 7919 7985 8671 9183 9215 9292 9831 10055 10296 10362 10399 11133 
#module 178 size: 93 bs: 0.522206
30 225 319 570 882 895 940 1166 1385 1524 1731 1777 1897 2102 2141 2319 2326 2502 2696 2937 2960 2975 3072 3083 3106 3258 3438 3626 3828 4013 4083 4275 4544 4690 4940 5126 5210 5582 5583 5788 5797 6427 6431 6598 6642 6656 6676 7150 7240 7302 7465 7487 7748 7791 7845 7948 8076 8115 8149 8226 8395 8702 8897 9018 9037 9078 9266 9338 9455 9504 9676 9698 9841 9978 9996 10108 10511 10541 10565 10674 10798 10846 10901 11025 11163 11168 11194 11240 11667 11702 11790 12249 12794 
#module 179 size: 23 bs: 0.902836
109 841 1052 1409 2345 2598 2821 3135 3465 3784 4098 5441 6163 7040 7466 7504 8006 8013 8519 9052 9892 10415 10871 
#module 180 size: 55 bs: 0.385105
73 304 491 519 539 856 1099 1552 1991 2136 2746 2977 3008 3151 3348 3586 3798 3964 4385 4698 4712 5168 5377 5629 5967 6041 6251 6412 6565 6746 6899 6934 6951 6969 7076 7578 7718 7736 7881 7885 8203 8260 8425 8502 8555 9813 9963 9964 10032 10444 10445 10638 10819 10854 11400 
#module 181 size: 24 bs: 0.155558
143 209 326 369 499 585 690 2060 2312 2378 2382 2384 2386 2388 4701 4703 4870 4878 6428 7183 7318 8298 9650 11310 
#module 182 size: 65 bs: 0.259693
637 958 966 1005 1049 1414 1684 1759 1810 1995 2955 3389 3594 4267 4316 4636 4771 5357 5415 5519 5613 5642 5884 6401 6406 6504 7339 7456 7530 7565 7647 7657 8409 8493 8683 8773 8797 8799 8940 9000 9536 9610 9612 9624 9773 9970 10041 10251 10382 10460 10671 10705 10756 10775 10801 10804 10836 10863 11097 11164 11465 11962 12447 12891 12982 
#module 183 size: 34 bs: 0.636348
226 368 554 769 960 1497 1797 2584 2764 2999 3018 3251 3424 3506 4365 5089 5133 6248 6693 7151 7616 7673 7876 7992 8938 9266 9333 9489 9508 9867 10175 10886 11635 13018 
#module 184 size: 28 bs: 0.687966
6 272 300 446 1290 1363 1651 1807 1831 3890 4861 5265 5623 6328 6699 6867 7196 7213 7297 7849 8095 8233 8238 8393 9353 9436 10079 10701 
#module 185 size: 42 bs: 0.960353
1291 1376 1620 2055 2092 2129 2155 2447 2531 2836 2913 3448 3603 3841 3873 3936 5165 5727 5756 5891 5899 6364 6430 6751 7096 7444 7875 7897 7911 7960 8736 8808 8903 8945 9101 9408 10547 10672 10698 10812 11136 11601 
#module 186 size: 16 bs: 0.456866
1602 3811 5608 6046 6113 7770 8305 8856 9179 9203 9319 9854 9966 10398 10618 10628 
#module 187 size: 17 bs: 0.719372
621 1221 2683 3670 3944 3982 4249 4288 5436 6316 7442 7751 7977 8804 8851 9304 10060 
#module 188 size: 17 bs: 1.0976
831 1132 1724 2917 2984 3033 3973 4475 4652 5326 5496 6695 6929 8643 8717 8821 8954 
#module 189 size: 45 bs: 1.06602
85 971 980 1454 1498 1542 1887 1947 1997 2191 2267 2287 2528 2752 2802 2820 2899 3109 3345 3561 3879 4163 4731 5206 5665 5671 6887 7467 7468 7652 7659 7921 8031 8127 8130 8477 8748 9228 9324 9914 10174 10321 10680 10859 11581 
#module 190 size: 25 bs: 1.05262
516 721 2444 2971 3113 3180 3748 3780 4884 5674 5691 6266 7010 7181 7295 7646 7819 8389 8690 8755 8991 9611 10551 10651 11545 
#module 191 size: 18 bs: 0.376094
481 1433 3827 3837 4172 4693 5604 5694 5702 6082 6144 6166 6692 7057 7453 7773 8079 10669 
#module 192 size: 23 bs: 0.953866
29 136 207 307 1946 3763 3891 4035 4826 5982 6254 6376 7215 7922 8278 8910 8937 10631 10791 10894 11382 12095 12545 
#module 193 size: 8 bs: 0.846062
373 574 1195 4588 4912 6852 6876 9431 
#module 194 size: 16 bs: 0.258069
645 805 1075 1192 2247 2379 2991 4847 5213 6270 6789 7461 10004 11208 12514 12654 
#module 195 size: 26 bs: 0.730761
1244 1359 1443 2348 3768 4371 4681 4932 5181 5295 5301 5455 5944 5977 7947 7979 8009 8084 8301 8611 8668 9301 9348 9600 9747 11134 
#module 196 size: 8 bs: 0.652354
616 704 1046 4655 5056 6968 8811 11188 
#module 197 size: 41 bs: 0.232592
166 270 636 1123 1512 2028 2699 2838 3114 3244 3498 3903 3916 3918 3992 4317 4338 6111 6336 6523 6865 7470 7720 7859 7989 8066 8142 8299 8582 8611 8706 8817 9007 9049 9122 9919 10387 10564 10944 11108 12003 
#module 198 size: 25 bs: 0.748647
1111 1940 3376 4243 4306 4808 5021 5875 5904 6005 7443 7488 7684 7767 8807 8970 9132 9627 10015 10313 10349 10560 10697 10838 12861 
#module 199 size: 14 bs: 0.455383
3031 3300 3517 3845 4001 5890 6176 7475 7517 9142 9425 10176 10290 12690 
#module 200 size: 19 bs: 1.00053
786 911 1424 1509 1962 2692 4364 4458 5533 6094 6296 7032 8500 8539 8621 9140 9502 10027 10615 
#module 201 size: 12 bs: 0.169472
790 2781 3452 4575 4576 4906 4928 7569 8152 9136 9807 13062 
#module 202 size: 96 bs: 0.896514
104 142 329 452 456 604 673 894 995 1077 1247 1289 1296 1508 1748 1805 1866 1935 2165 2699 2716 2781 3210 3277 3436 3452 3457 3461 3502 3807 3816 3900 3935 4006 4018 4059 4160 4254 4292 4342 4355 4359 4473 4480 4606 4642 4678 4889 4918 5019 5091 5197 5349 5537 5539 5585 5757 5845 5846 5949 6018 6127 6535 7113 7313 7314 7623 7697 7814 7815 7864 7930 7934 8046 8625 8730 8790 8803 9072 9136 9159 9368 9662 9807 10328 10652 10730 10907 10956 10995 11258 12162 12591 12642 12889 12905 
#module 203 size: 48 bs: 0.172295
27 681 718 1005 1212 1284 1361 1621 1838 2063 2306 2340 2530 2726 2852 2882 3174 3599 3796 4088 4310 4426 4471 5182 5307 5404 5474 5655 5792 5807 5832 6441 7819 8391 8486 8527 8550 8571 8697 9305 9374 9467 9500 10190 10878 10987 11073 11717 
#module 204 size: 55 bs: 0.358976
318 355 1260 1356 1363 1728 2129 2391 2612 3326 3500 3667 3682 3718 3936 3987 4503 4507 4647 4787 4824 4890 5099 5130 5354 5384 5406 5501 5741 5874 5911 6283 6669 6721 6850 7419 8148 8513 8712 9134 9589 9616 9683 9820 9957 10470 10827 10974 11000 11112 11367 11443 12715 12899 12949 
#module 205 size: 24 bs: 1.09729
58 298 467 518 844 1066 1471 1704 3025 3155 3786 4123 4848 4904 5674 5747 7411 8738 8793 8829 9265 9276 10706 11082 
#module 206 size: 54 bs: 0.179825
13 611 872 1169 1469 1516 1833 2369 2678 2721 2732 2811 2987 3844 3860 4030 4221 4358 4407 4527 4839 5117 5337 6043 6052 6324 6465 6752 7002 7091 7329 7527 7775 8178 8357 8414 8758 8847 8960 9053 9098 9139 9389 9512 9621 10132 10223 10311 10612 10725 10927 11114 11239 12516 
#module 207 size: 21 bs: 0.683248
172 292 1115 1254 1353 1405 3187 3461 3624 3876 5161 5255 5677 6109 6143 6440 8988 10000 10091 10612 11788 
#module 208 size: 10 bs: 0.982843
75 411 2408 4149 6546 7157 9496 9986 10632 10898 
#module 209 size: 16 bs: 0.880006
859 925 1202 3485 3548 5561 6646 7447 7546 7547 8311 9726 10179 10708 10828 13003 
#module 210 size: 48 bs: 0.407529
584 603 1235 1365 1482 1770 2273 2422 2736 2756 3070 3370 3680 3834 3915 4290 4356 4660 4804 5152 5741 6076 6323 6363 6461 6513 6551 6928 7004 7570 7619 8012 8247 8624 8645 8703 8814 8818 9094 9792 9870 9883 10164 10255 10492 10510 10531 10952 
#module 211 size: 33 bs: 0.17456
906 1121 1333 1796 2243 2864 3121 3123 3943 4231 4280 4591 4796 4852 6324 7080 7109 8160 8800 8961 9031 9128 9279 9389 9479 9783 10126 10437 10623 10721 10958 11098 11710 
#module 212 size: 22 bs: 0.698818
11 92 468 2211 3010 4179 4479 4996 5358 5487 5728 5859 6149 6572 7088 7509 8478 8532 8852 10149 10657 11006 
#module 213 size: 18 bs: 0.524005
869 974 1050 3486 3772 4400 5072 5811 6375 6548 6917 7153 7666 8000 8273 9964 10686 10769 
#module 214 size: 29 bs: 0.705545
974 1358 1422 1606 1858 2615 2913 3122 3516 3790 4002 4085 4530 4580 4723 5172 5670 6035 6333 6820 8224 8403 8956 8983 9629 10096 10299 10384 10810 
#module 215 size: 10 bs: 0.893411
648 1460 5291 5576 5634 5791 6932 7050 9087 9851 
#module 216 size: 30 bs: 0.575552
431 1203 1298 1388 1397 1757 1925 2040 2978 3242 3446 4176 4437 4518 4524 5347 6122 6156 7345 7795 7821 8118 8559 9070 9376 9780 10333 10614 10668 11016 
#module 217 size: 41 bs: 0.59666
1465 1569 1645 1769 2016 2047 2135 2617 3052 3574 3976 4236 4696 4849 4913 4965 5043 5352 5636 5985 6114 6624 6864 6921 6948 6985 7239 7760 7978 7988 8404 8480 8527 8962 9463 10116 10272 10439 10536 10588 11649 
#module 218 size: 21 bs: 0.63237
33 95 1310 1931 2424 2824 2857 2946 3085 3168 5016 5121 5204 6366 6689 7344 7968 8159 9569 10201 10265 
#module 219 size: 54 bs: 0.460671
79 411 427 922 1070 1501 1775 1824 2114 2558 2746 2747 3000 3646 3789 3949 4023 4038 4039 4166 4220 4389 4944 5615 5730 5783 6023 6150 6331 6436 6528 6795 6889 7309 7404 7838 8144 8271 8371 8725 8757 9040 9472 9560 9580 9644 9864 10632 10734 10898 10907 10947 11099 11395 
#module 220 size: 24 bs: 0.695062
891 1337 1664 1901 2025 2033 2339 2903 3076 3767 4272 4905 4997 5167 5448 6492 6923 7317 7676 8385 8741 9712 9872 12590 
#module 221 size: 24 bs: 0.863031
514 839 1775 1829 1865 1913 2204 2784 3243 3770 3872 4157 4205 4263 4390 6305 6543 6643 7241 8272 8541 8784 10007 10518 
#module 222 size: 19 bs: 0.493442
18 37 1719 1756 2113 2525 2912 3580 4410 4925 5211 5913 6038 6272 6606 8076 8850 9301 10247 
#module 223 size: 41 bs: 0.187708
205 947 968 1224 1547 1856 1906 1961 2410 2685 2841 2961 3558 3956 3961 4367 4514 4628 4653 4915 5818 6280 6733 7384 7868 8584 9168 9261 9617 9794 9971 10246 10661 10795 10803 10841 11159 11266 11372 11565 12594 
#module 224 size: 10 bs: 0.475916
182 216 495 4003 4202 4256 5240 6401 9125 9601 
#module 225 size: 22 bs: 0.84194
1059 1182 1368 1472 1880 2460 2540 2706 2864 3278 3303 3451 3773 3917 5352 6908 7254 8101 8645 8736 9808 10690 
#module 226 size: 23 bs: 0.49671
870 1280 1353 1405 1824 1842 1883 3624 4665 5161 5631 5865 5923 7680 8008 9540 9654 9938 10091 10231 10293 11788 12997 
#module 227 size: 14 bs: 0.383281
63 2107 2424 2856 2886 3084 3393 4314 4846 7399 8963 9853 10110 11338 
#module 228 size: 24 bs: 0.554417
773 1847 2816 2844 2868 3012 3019 3093 4920 5058 5534 5570 6230 6303 6423 7635 7785 8035 8201 8750 8858 9262 10355 10789 
#module 229 size: 29 bs: 0.610258
311 902 1489 3009 3093 3583 3955 4100 4512 5570 5661 5944 6674 6842 7658 7785 8035 8489 8750 8768 9093 9695 10355 10789 10869 12511 12573 12683 12903 
#module 230 size: 24 bs: 0.56306
262 861 917 1073 2916 3264 3462 3754 5030 5102 5139 7168 7372 9376 9381 9444 9516 9656 10099 10219 10407 10783 10796 11695 
#module 231 size: 16 bs: 0.910274
1916 2293 2456 2510 3055 3499 3972 4278 5939 6202 6240 7352 8343 11525 11584 12626 
#module 232 size: 87 bs: 1.09615
19 61 228 353 496 509 893 1089 1134 1144 1176 1180 1217 1327 1502 1689 1702 2065 2115 2236 2238 2301 2542 2653 2668 2793 3016 3030 3343 3536 3662 3853 4051 4089 4187 4245 4325 4556 4937 4992 5045 5346 5361 5811 5881 6121 6210 6747 6773 6812 6954 7182 7207 7408 7455 7458 7463 7480 7596 7683 7772 7904 7920 8196 8367 8438 8628 8661 8819 9112 9206 9224 9300 9955 10078 10121 10325 10387 10427 10480 10537 10677 11018 11088 11419 11482 11714 
#module 233 size: 13 bs: 0.153996
1311 2328 3926 4263 5231 5601 6519 7849 7893 8251 9665 10499 11614 
#module 234 size: 22 bs: 0.24659
60 432 508 1941 2109 3507 4335 5033 5997 6100 6230 6279 6727 6909 9073 10566 10869 10954 11048 11114 12397 12953 
#module 235 size: 52 bs: 0.522683
229 298 518 598 1119 1226 1391 1528 1634 1681 2286 2374 2553 2713 3188 3298 3470 3569 3582 3585 3607 3764 3829 4333 4531 4582 5571 5657 5714 5929 6557 6647 6798 6805 6822 7001 7029 7221 7347 7365 7878 7891 7940 8299 8520 8564 9079 9263 9320 10050 11017 11456 
#module 236 size: 6 bs: 0.59291
1534 2188 6019 6071 6309 10145 
#module 237 size: 36 bs: 0.94595
17 988 1059 1139 1314 1521 1571 1677 3134 3685 4351 4382 4598 4684 4934 4936 5227 5389 5592 5626 6013 6045 6123 6400 7301 7336 7359 8083 9122 9406 9476 10469 10802 10881 11696 11864 
#module 238 size: 33 bs: 0.933307
32 69 939 1000 1145 1433 1589 2205 2317 2493 2714 2839 3126 3323 3707 3858 4232 4466 4559 4833 4903 5120 6148 6187 7887 8643 8751 8990 9693 10345 10483 10710 12584 
#module 239 size: 25 bs: 0.266008
173 1322 1549 1863 1943 2053 2089 2097 2270 2758 3383 3469 3495 3815 4960 6667 6786 6981 7462 7482 8063 8309 8388 8457 9868 
#module 240 size: 14 bs: 0.48252
1412 1859 2537 3369 3711 5662 7717 7816 7827 8890 9008 10332 12586 12725 
#module 241 size: 34 bs: 0.19142
38 96 271 354 535 784 876 1213 1307 1821 1846 1989 2469 2656 2869 3985 4328 4523 5029 5442 5896 6637 6797 7039 7141 7198 7478 9013 9438 9702 9774 10022 10629 10857 
#module 242 size: 15 bs: 0.892229
1302 2670 2784 3137 3502 5046 5641 7739 8383 8562 8933 10510 10741 11424 11554 
#module 243 size: 43 bs: 1.01463
865 926 1230 1548 2394 2412 2437 2622 2631 2700 2709 2790 2970 3023 3185 3280 3321 4926 5468 6237 6761 7353 7468 8018 8128 8192 8269 8390 8443 8553 8920 8946 8997 9143 9716 9794 10213 10426 10519 10827 10861 10996 12937 
#module 244 size: 21 bs: 0.201689
14 1376 1714 2394 2741 3348 3544 3559 4115 4800 4879 4907 5154 5382 5646 6104 6442 6650 8440 8535 10426 
#module 245 size: 82 bs: 0.704707
2 63 259 372 385 529 537 580 647 805 936 1251 1293 1988 1999 2337 2404 2572 2581 2633 2688 2708 2888 2952 3216 3492 3688 3803 3849 3972 4047 4078 4092 4178 4224 4495 4505 4585 4598 4657 4730 4917 5028 5816 6058 6063 6280 6367 6476 6622 6976 7176 7194 7199 7217 7349 7913 7972 8275 8337 8339 8481 8918 9024 9257 9457 9537 9680 9718 9789 10026 10472 10501 10557 10611 10646 10683 10752 10824 10864 10989 11575 
#module 246 size: 79 bs: 0.876629
259 372 698 805 921 970 981 1102 1116 1221 1338 1575 1692 1876 1888 1988 1999 2043 2122 2487 2581 2808 2830 2889 3091 3157 3288 3598 3849 3972 4078 4224 4393 4618 4657 4763 4815 4820 4957 5201 5212 5277 5530 5564 5816 6107 6139 6367 6400 6574 6712 6862 6914 7016 7194 7217 7349 7815 8257 8275 8321 8337 8377 8481 8531 9457 9694 9789 9811 10535 10557 10646 10683 10707 10773 10810 10824 11572 12515 
#module 247 size: 18 bs: 0.246224
866 1014 3001 3006 4959 5246 5878 6958 7147 7282 7661 7796 8679 9361 10444 10771 10847 12885 
#module 248 size: 13 bs: 0.34602
101 1539 2192 2796 4026 5503 6293 8623 9123 9390 9904 11143 11165 
#module 249 size: 38 bs: 0.939052
41 263 264 466 680 688 1328 1339 1660 2605 3109 3202 3415 3637 3729 5114 5307 5457 5516 5549 5581 5600 6152 6720 6766 7538 7921 8150 8151 8230 8266 8667 8981 9581 9734 10010 10765 11335 
#module 250 size: 81 bs: 0.34745
333 507 561 573 606 869 1127 1161 1165 1298 1499 1603 1699 1710 1795 1996 2001 2037 2143 2277 2500 2788 2855 2982 3078 3309 3417 3753 3791 4076 4095 4412 4483 4528 4683 4970 5156 5460 6039 6044 6236 6306 6311 6382 6562 6614 7300 7377 7395 7413 7535 7568 7675 7950 8265 8280 8737 8778 8835 9080 9251 9382 9530 9720 9757 9960 9994 10447 10549 10556 10576 10635 10668 10771 10808 10866 10947 11032 11146 11366 11483 
#module 251 size: 27 bs: 0.430072
177 511 640 678 1977 2009 2555 3765 3925 4189 4191 5473 6607 6660 6845 6870 7156 7179 7218 7238 7310 7817 8259 9362 9366 10336 11086 
#module 252 size: 32 bs: 1.03157
314 383 620 973 1343 1765 2677 3463 3665 4216 4554 5151 5193 5351 5632 5898 6432 6578 6590 6922 7888 7908 8038 8081 8205 8239 9678 9893 11106 11162 11435 12958 
#module 253 size: 30 bs: 0.257617
712 727 827 1957 2056 2130 3112 3212 3235 3852 3908 4111 5345 6098 6231 6243 6260 6652 7252 7402 7589 7861 8253 8838 8893 9269 9315 10197 10957 11499 
#module 254 size: 60 bs: 0.89816
310 447 710 877 1406 1464 1503 1799 1826 2007 2139 2178 2198 2438 2444 2567 2938 2958 3566 3597 3651 3801 4450 4461 4708 4919 4941 4978 5077 5098 5159 5547 5742 5800 5915 6164 6583 6606 7393 7434 7510 7607 7869 7945 8032 8077 8102 8179 8426 8506 8995 9346 9473 9488 9541 9710 10314 10346 10476 10883 
#module 255 size: 20 bs: 0.602956
862 1096 1739 1882 1924 2443 2846 3952 4684 5721 5873 6375 7590 7723 8103 8828 10169 10308 10853 11203 
#module 256 size: 39 bs: 0.873095
837 1047 1223 1399 1434 1623 2147 2695 2859 2901 3565 3735 4094 4190 5003 5371 6484 6490 6531 6855 7258 7261 7457 7672 7762 7771 7999 8069 8101 8164 8775 8886 9055 9459 10711 11125 11885 12426 13004 
#module 257 size: 67 bs: 1.04147
291 381 599 605 772 840 935 990 1082 1400 1420 1520 1631 1812 2048 2448 2467 2660 2706 2715 2936 3259 3329 3456 3737 4168 4201 4253 4368 5037 5323 5590 5666 5858 5908 6061 6064 6403 6518 6648 6670 7165 7291 7497 7553 7835 8010 8047 8214 8289 8316 9038 9076 9303 9526 9544 9610 9858 10028 10057 10158 10181 10224 10324 10345 11147 11180 
#module 258 size: 42 bs: 1.03368
1096 1527 1555 1646 1656 1942 1978 2051 2152 2737 3056 3220 3276 3481 3699 4037 5049 5420 5431 6220 6297 6706 6966 7073 7267 7692 7742 7942 8154 8345 8640 9088 9216 9389 9481 9498 10122 10168 10229 10958 11274 11473 
#module 259 size: 27 bs: 0.438963
586 849 1249 1290 1460 1599 1814 1920 2489 2496 2654 3341 5238 5376 6990 7014 7378 8046 8345 9848 9999 10422 10764 11026 11335 11704 12681 
#module 260 size: 86 bs: 0.787921
54 480 489 544 555 762 994 1095 1194 1654 1839 1871 1872 2104 2133 2172 2279 2284 2380 2653 2723 2771 3100 3153 3223 3312 3480 3550 4162 4222 4498 4558 4588 4719 4840 5217 5440 5621 5704 5705 5802 6036 6084 6131 6194 6346 6391 6420 6499 6540 6548 6573 6737 6769 6829 6920 7078 7334 7681 7693 7709 8452 8563 8650 8668 8680 8833 8861 9039 9127 9141 9155 9407 9420 9533 10068 10173 10315 10443 10574 10929 11009 11412 11437 11599 12077 
#module 261 size: 28 bs: 0.904764
1129 1181 1867 2076 3316 3368 3394 3623 3800 4108 4118 4921 4925 5110 5927 6002 6012 6034 6060 6279 6283 6329 7744 7788 8525 10241 10983 10997 
#module 262 size: 24 bs: 0.136597
133 301 344 426 645 1224 1301 1834 1845 2136 2316 2635 3737 3822 5976 6199 6560 6883 7384 7486 8823 8896 10825 11989 
#module 263 size: 60 bs: 0.989003
364 528 655 824 1343 1799 2073 2228 2252 2427 2510 2589 2623 2666 2772 3083 3261 3812 3932 3978 4180 4185 4360 4780 4797 5092 5142 5157 5174 5419 5763 5899 6030 6138 6260 6408 6478 6618 6672 6731 7031 7084 7716 8336 8350 8468 9156 9264 9687 10051 10146 10248 10375 10394 10474 10709 10972 11252 11272 11973 
#module 264 size: 18 bs: 1.06023
565 816 2452 2785 2893 3080 4093 4576 4918 4975 5079 5398 5829 6339 7619 10357 10973 11002 
#module 265 size: 49 bs: 0.183315
68 94 180 315 334 482 996 1001 1086 1125 1204 1411 1643 2157 2389 2866 2934 3139 3247 3782 3824 4054 4143 4577 5040 5281 5662 6415 7360 7473 7624 7797 7857 8016 8285 8435 8494 8901 9082 9144 9985 10067 10310 10522 10779 10919 11262 11514 12586 
#module 266 size: 32 bs: 0.356998
796 955 1809 2126 2255 3051 3104 3119 3779 3873 4276 4285 4826 5143 5381 5554 6054 6482 6683 7103 7292 7357 7551 7633 8184 8634 8752 8928 8942 9886 10420 11575 
#module 267 size: 19 bs: 0.43104
931 1140 1274 2445 3273 3920 4658 4706 6085 6450 7356 7440 7543 8308 8634 8971 9424 10161 10648 
#module 268 size: 26 bs: 0.821348
204 262 1151 1170 1336 1862 2966 3007 3993 6138 6158 6322 6528 6884 7062 7383 7410 7537 7549 7689 8323 8695 8745 10133 11283 12865 
#module 269 size: 75 bs: 0.138746
16 161 232 824 929 1145 1154 1533 1665 1747 1869 1897 2035 2062 2128 2135 2544 2570 2707 2745 3152 3419 4043 4049 4098 4383 4407 4418 4475 4583 4695 4877 4962 5291 5331 5544 5608 5766 5791 5828 5918 6479 6696 6815 6957 6981 6995 7038 7522 7902 7984 8340 8544 8987 9165 9203 9263 9381 9405 9767 10112 10125 10131 10209 10356 10450 10471 10716 10727 10878 10908 10967 11388 11556 12762 
#module 270 size: 22 bs: 0.184488
49 583 830 1758 3227 3882 4079 4844 4911 5390 6159 6449 7043 7970 8270 8441 9006 9429 9434 9810 10186 10230 
#module 271 size: 56 bs: 0.704943
159 659 771 813 993 1150 1257 1333 1447 1564 1569 1650 1958 1980 2137 3063 3361 3375 3487 3895 4170 4231 4270 4540 4688 4945 5015 5185 5272 5336 5355 5438 5765 5848 5856 5951 6029 6335 6443 7013 7070 7420 7716 7740 7822 7952 7988 8522 8654 8931 9039 9364 9712 10179 10309 10431 
#module 272 size: 21 bs: 0.762246
1141 1869 1903 2239 3127 3201 4654 6239 6331 7498 7795 8175 8234 8303 8882 8949 9506 10205 10221 10264 11565 
#module 273 size: 15 bs: 0.469787
1457 2285 2697 3636 3768 4619 4816 5128 6125 6680 8184 8678 9143 10188 10910 
#module 274 size: 58 bs: 1.06907
459 670 679 853 890 1112 1267 1364 1582 1632 1673 1686 1920 2222 2340 3179 3217 3365 3430 3678 4627 4929 5396 5469 5537 5586 5888 6214 6295 6566 6625 6942 7044 7364 7484 7490 7524 7536 7986 8028 8192 8237 8288 8294 8319 8445 8756 8943 8957 9147 9180 9285 9570 10236 11445 12216 12663 12681 
#module 275 size: 25 bs: 0.720129
121 239 506 556 563 655 1285 1297 1896 2599 2616 2851 4053 4432 5450 5647 5995 7169 7264 7346 8277 8941 10267 10885 11660 
#module 276 size: 40 bs: 0.797788
632 2106 2117 2295 2398 2790 3103 3635 3975 4321 4607 4847 4858 4994 5285 5584 6554 6819 7268 8073 8165 8369 8551 8686 8689 9051 9176 9341 9378 9701 9765 9863 9889 9927 10367 10406 10495 10572 10636 11369 
#module 277 size: 18 bs: 0.55059
59 1935 2357 2453 2548 2776 2813 2914 4330 4687 4888 4916 9254 9427 9989 10909 11111 12653 
#module 278 size: 12 bs: 0.224127
629 3643 4801 5083 5962 7290 7409 8360 9110 9198 9485 11980 
#module 279 size: 24 bs: 0.36439
376 1301 1402 1459 1616 1825 2017 3007 3031 3075 3478 3709 4424 4621 6128 6707 6827 7811 8140 9091 9099 9755 10068 11480 
#module 280 size: 26 bs: 0.129135
552 1269 1573 1979 2716 2801 2976 3616 3622 3787 4567 5130 5558 5996 6925 7089 7220 7577 7814 7997 8526 8812 8853 9442 10203 10844 
#module 281 size: 20 bs: 0.996472
57 1318 1804 2095 3114 3118 4966 5138 5368 5372 5614 5842 6358 6410 6472 6769 6785 7509 8254 9906 
#module 282 size: 27 bs: 0.351339
672 891 1259 1556 1800 2297 2527 2792 3591 4201 5506 5563 5749 6075 7090 7100 7200 7961 8020 8143 8155 8156 8368 8892 9277 11434 11711 
#module 283 size: 37 bs: 0.708573
41 90 160 267 384 436 729 1440 1762 1901 2071 2123 2780 2797 3422 4670 4866 4985 5067 5344 5359 5676 5968 6035 6380 6445 6453 6879 7998 8378 9147 9302 9751 10040 11255 11419 11550 
#module 284 size: 39 bs: 0.877496
512 593 594 707 867 976 1079 1206 2166 2376 2420 2610 2667 3067 3939 4203 4366 4557 4887 4976 5076 5289 5417 5703 5736 5994 6628 7154 7400 7409 7751 7955 9116 9258 10254 10581 10689 10834 11782 
#module 285 size: 27 bs: 0.931568
3 1067 1149 1312 1355 1643 1870 2008 2079 2203 2524 3203 3240 3610 4801 5023 5679 5754 6629 6839 8419 8837 9446 10327 10721 10744 11010 
#module 286 size: 16 bs: 0.284846
789 2018 2255 3040 3187 3419 3901 4023 4892 6734 6832 7909 8417 9139 10087 11217 
#module 287 size: 26 bs: 0.411745
388 601 646 816 1197 2619 3205 3374 4141 4194 5368 5402 5444 5673 5900 5986 6549 6556 6585 6834 7840 8124 8599 9595 10906 12594 
#module 288 size: 24 bs: 0.733788
1379 2012 2204 2221 2246 2409 2874 2944 3910 4660 5249 5443 5475 5980 6051 6088 7064 7912 9273 9989 10262 11239 11571 12429 
#module 289 size: 61 bs: 0.62767
123 220 359 395 862 961 1060 1227 1483 1932 1979 2024 2193 2209 2253 2918 3200 3591 3776 3847 3917 4429 4487 4622 4641 4704 4718 4780 5453 5559 5707 5740 5887 6274 6300 6372 6553 6567 6835 7292 7316 7554 7595 7808 8430 8431 8771 8815 8845 8891 9495 9790 10193 10344 10433 10480 11126 11145 11664 11994 12595 
#module 290 size: 34 bs: 0.684718
352 525 818 1109 1129 1706 2484 2862 3377 3625 4481 4869 5026 5375 5970 7044 7055 7170 7515 7981 8025 8307 8412 8803 9278 9339 10409 10420 10639 11008 11093 11243 11491 12949 
#module 291 size: 15 bs: 0.407114
209 374 2066 2311 2317 2371 2379 3441 4097 4447 6133 6913 8135 9756 11353 
#module 292 size: 29 bs: 0.992468
242 1398 1441 1832 1886 2077 2473 2668 2947 3392 3997 4485 5193 5637 5936 6095 6190 7190 8029 8361 8447 8663 8948 9469 11148 11153 11361 11678 12685 
#module 293 size: 34 bs: 1.08408
77 265 842 1675 1841 2044 3322 3407 3553 3741 3921 3950 4010 4286 5120 5638 5812 5861 6013 6852 7112 7177 7614 7719 7850 7976 8496 9554 9984 10266 10658 11118 11487 11501 
#module 294 size: 38 bs: 0.138898
131 145 1276 1785 1929 2069 2291 2927 3280 3395 3648 4651 4713 4915 5109 5198 5348 5397 5591 5793 6307 6321 6549 7728 8397 8402 8616 8810 8992 9030 9042 10242 10765 10933 11106 11814 12873 12937 
#module 295 size: 17 bs: 0.204365
886 899 2058 2169 2230 2415 2796 3027 3855 4278 4663 4787 6289 7585 9523 9655 9801 
#module 296 size: 20 bs: 0.957775
254 1815 1957 2056 2730 3112 3120 3268 3654 5138 5972 6718 6741 7252 8253 8293 8850 10318 10793 11189 
#module 297 size: 34 bs: 0.227619
51 308 413 857 1661 2023 2063 2370 2630 3332 3333 3958 3986 3990 4070 4682 4865 5451 5478 5863 6070 6106 6433 7216 7533 7644 8139 8195 8487 8744 10504 10800 10874 10895 
#module 298 size: 44 bs: 0.570626
865 926 1135 1230 1697 1985 2090 2177 2435 2700 2850 3026 3185 3213 3827 4726 4727 4733 4768 4941 5697 5710 5946 6485 6612 6945 6974 7460 7644 7721 8208 8269 8390 8653 9044 9161 9197 9793 10430 10468 10591 10730 10860 11067 
#module 299 size: 17 bs: 0.10501
836 1448 2000 2585 4385 4564 5575 6153 6344 6530 7555 8003 8014 10885 10937 12510 12893 
#module 300 size: 18 bs: 0.342981
1035 1901 3160 4283 5639 5924 6092 6474 6988 7567 8161 8407 8548 8820 9898 10469 10641 10762 
#module 301 size: 51 bs: 0.544539
8 328 566 1045 1076 1240 1308 1578 1713 2065 2192 2195 2400 3102 3521 3529 3595 3677 3758 4228 4521 4784 5052 5123 5410 5853 6264 6306 6965 7127 7318 7395 7480 7559 7675 8114 8242 8950 9170 9256 9639 9711 9838 9948 10002 10003 10222 10348 10393 11366 11482 
#module 302 size: 13 bs: 0.128183
116 190 1572 1812 3411 5557 6251 6761 7364 7663 9612 9759 10883 
#module 303 size: 11 bs: 0.858064
764 2338 2571 2624 3503 5750 6730 7529 8268 8967 11003 
#module 304 size: 30 bs: 0.560708
720 721 765 826 1813 2158 2644 2659 3038 3088 3924 4296 5493 5504 6234 6275 6417 6522 7882 8116 8199 8264 8312 8507 8778 8779 8934 9069 10341 11584 
#module 305 size: 22 bs: 0.421891
656 1560 2215 3023 3178 3230 3485 4434 5434 5461 7368 7606 8311 8813 9295 9341 9386 9726 9884 10434 11160 12088 
#module 306 size: 70 bs: 0.69763
139 447 532 900 901 938 983 1068 1080 1357 1426 1840 1922 2094 2290 2292 2359 2512 2702 2787 3252 3270 3412 3733 3938 4042 4083 4109 4146 4293 4515 4696 4864 4924 4939 5073 5254 5364 5374 6150 6196 6233 6369 6722 6881 7120 7239 7325 7388 7393 7449 7807 7844 7894 7896 7940 8093 8207 8222 8262 8331 8436 8700 9294 9422 10093 10213 10331 10458 12249 
#module 307 size: 66 bs: 0.822989
62 469 1152 1352 1545 1644 1986 2014 2117 2158 2455 2591 2852 2988 3103 3165 3221 3356 3560 3742 3914 4105 4153 4607 4847 4858 4902 5252 5285 5437 5776 5885 6554 6594 6639 6704 6906 7268 7471 7776 7778 7870 7899 7987 8038 8057 8551 8635 8778 9176 9336 9378 9401 9753 9765 9889 9927 10367 10406 10815 11144 11212 11232 11588 12158 12527 
#module 308 size: 8 bs: 0.451926
557 1034 4116 5407 6611 6941 7746 9803 
#module 309 size: 14 bs: 0.626456
231 261 1928 2095 3715 6361 6619 6971 7304 8463 8569 8736 9131 12514 
#module 310 size: 8 bs: 0.699802
601 1094 3326 3555 6686 9413 10931 11571 
#module 311 size: 23 bs: 0.894355
1004 1675 1885 2675 3194 3892 4128 4635 4967 5205 5324 5778 6371 7046 9180 9259 9640 9790 9873 9905 10335 10971 12792 
#module 312 size: 32 bs: 0.156467
144 497 590 622 1309 1712 2144 2414 2543 2739 2749 3293 3821 3876 4304 4942 5199 5343 5656 6967 7954 8049 9421 9510 9703 9734 10274 10592 10761 10914 10972 12670 
#module 313 size: 10 bs: 0.949293
630 631 2299 3079 4880 5594 6027 7265 7899 8586 
#module 314 size: 7 bs: 1.06378
76 1276 1473 3311 6874 8090 8740 
#module 315 size: 22 bs: 0.462428
1561 1604 1778 1917 2498 3427 3948 4048 4205 4999 5248 5427 5518 6700 6902 6984 7924 8005 8117 10496 11271 11700 
#module 316 size: 9 bs: 1.07151
412 905 1224 2304 6746 7636 8600 10909 12571 
#module 317 size: 18 bs: 0.36235
306 1484 1749 2583 2860 2964 3387 5278 5833 5971 6754 6937 7259 7737 10358 10605 10639 11072 
#module 318 size: 16 bs: 0.325241
391 2140 2703 2979 3172 3253 3592 3710 3934 4283 4298 4590 5007 5222 5873 6760 
#module 319 size: 35 bs: 0.891031
795 826 1188 1431 1444 2084 2573 2717 2760 3527 3592 3760 4237 4764 4850 4876 4881 4882 5479 5522 5524 5628 6206 6537 7094 7888 8327 8575 9192 9241 9541 9828 9846 9893 12950 
#module 320 size: 13 bs: 0.384289
1526 1771 3272 5187 5259 6255 6742 7733 8111 8722 8759 9313 10851 
#module 321 size: 33 bs: 0.777274
106 119 244 474 950 1002 1246 1294 1717 2642 4612 4952 4986 5061 5653 6096 6341 6892 7350 7639 8071 8074 9667 9669 10035 10080 10106 10691 10939 10971 11209 11582 12667 
#module 322 size: 16 bs: 0.714303
48 169 236 463 608 1107 1158 3999 5450 6342 6675 7246 9775 9959 10519 10546 
#module 323 size: 27 bs: 0.307896
985 1074 1246 1565 3433 3746 3784 4113 4610 5761 6352 6532 6986 7209 7266 7723 8423 8828 8842 9105 9165 9355 9406 9918 10481 10653 10660 
#module 324 size: 21 bs: 0.683756
140 405 794 1174 1864 4324 6868 7060 7515 8408 8442 8467 8607 8794 9003 9513 9912 10322 10639 10728 11217 
#module 325 size: 14 bs: 1.0733
1653 1756 2346 2914 4004 4053 4224 5065 5144 5435 5733 5871 9241 11611 
#module 326 size: 31 bs: 0.112138
948 1069 1088 1622 1653 2748 3612 3997 4294 4433 5103 5821 5855 5950 5953 6040 6517 7015 7053 7931 7983 8067 8147 8303 8760 8915 9309 9540 10416 10891 11004 
#module 327 size: 26 bs: 1.03322
761 2477 2526 2928 3302 3477 3478 4354 4394 4553 4882 5454 5564 6009 6750 6793 6905 7264 7730 7830 8580 8582 9134 9991 10123 10989 
#module 328 size: 18 bs: 0.312428
1725 2158 4266 4720 5808 6411 6578 6853 8660 9182 10115 10396 11021 11115 11230 11949 12158 12510 
#module 329 size: 12 bs: 0.963058
2765 2902 4266 4680 5133 5486 5631 6475 7604 7714 9099 9741 
#module 330 size: 32 bs: 0.964514
810 2161 2208 2492 2701 2722 3015 3069 3262 3314 3464 3465 3524 4077 4129 4206 4312 4838 5022 6626 7054 7085 7703 7929 7963 8614 9396 9397 10042 10608 10624 11457 
#module 331 size: 11 bs: 0.960484
302 453 617 933 4045 5563 5883 6542 7346 10335 11233 
#module 332 size: 17 bs: 0.762686
1949 2251 2354 2798 2900 3960 4045 4963 5677 6059 6542 6594 7506 8279 8322 11233 12712 
#module 333 size: 20 bs: 1.03004
947 1920 2550 3245 3534 3675 4526 4581 4770 5203 5718 6300 6671 7592 7732 8058 8260 9068 9166 11201 
#module 334 size: 31 bs: 0.402645
822 846 1223 1474 1834 2504 2776 2891 4390 5051 5108 5245 5247 5994 6281 6895 7427 7501 7595 7865 8074 8466 8477 8518 8859 9876 10666 10757 10836 11438 12865 
#module 335 size: 28 bs: 0.936508
107 222 1178 2566 4029 4336 4456 4825 5233 5363 5600 6362 6458 6802 6932 7008 7139 7671 7685 7837 8296 8602 8763 9057 9484 9980 10374 10963 
#module 336 size: 21 bs: 0.602949
1102 1873 3228 3430 4496 4646 4798 4857 5050 5169 5767 5849 6302 6872 7512 7643 8286 9875 10796 10872 11660 
#module 337 size: 19 bs: 0.796527
2004 2681 2689 3425 4210 4365 4933 5647 6302 6569 6740 7017 8849 9342 9648 9984 10563 11074 12293 
#module 338 size: 11 bs: 0.921265
1001 3398 6391 7656 8475 10058 10750 10793 11276 11576 12039 
#module 339 size: 19 bs: 0.656541
3024 3830 5093 5104 5268 5480 5515 5786 5869 6141 6418 6425 6524 7974 8570 9777 10682 12638 12782 
#module 340 size: 12 bs: 0.159238
699 941 2874 4151 4906 4914 5379 8506 8945 9402 9682 11420 
#module 341 size: 22 bs: 0.566837
1904 2251 2254 2536 4164 4409 5509 5954 6851 6990 7227 7302 7311 7417 7799 8053 8699 8848 9926 10308 10310 10921 
#module 342 size: 23 bs: 0.645932
124 127 510 774 1635 2122 2436 2825 2835 3393 3861 4925 6808 7277 7640 8499 9700 9830 10084 10232 10604 11410 11591 
#module 343 size: 37 bs: 0.403214
124 127 375 578 834 1513 1613 1926 2759 2915 3219 3603 4584 4719 4746 4978 5076 5107 5110 5292 5425 5591 7640 8302 8397 8439 8478 8714 8761 8810 8992 9708 9808 10190 10684 12716 12782 
#module 344 size: 17 bs: 0.633797
804 1126 1138 1683 2791 3146 4045 4678 4753 6173 6779 6787 8394 8840 8867 9252 10603 
#module 345 size: 39 bs: 0.791914
850 897 1009 2278 2529 2763 2822 2875 2926 3154 3163 3175 3236 3509 4304 4445 4460 4739 5864 5937 6292 6326 6379 6464 6781 7335 7723 7798 7867 7919 8271 8829 9080 9270 9619 9836 10303 10362 11342 
#module 346 size: 89 bs: 1.05022
36 600 828 908 1056 1168 1212 1265 1317 1375 1419 1601 1614 1621 1848 2003 2006 2169 2200 2355 2411 2459 2477 2512 2514 2594 2613 2618 2847 2948 3006 3237 3360 3424 3467 3491 3580 4180 4188 4241 4857 4883 4977 5027 5057 5060 5221 5307 5365 5421 5991 6031 6038 6069 6126 6289 6359 6536 7118 7424 7503 7731 7784 8050 8129 8159 8338 8546 8729 8831 8839 8951 9060 9133 9181 9326 9447 9668 9798 9801 9921 9941 10516 10559 11151 11441 12588 12613 13039 
#module 347 size: 7 bs: 0.273589
1016 3701 4871 5015 6861 9990 11337 
#module 348 size: 99 bs: 0.84271
53 668 675 823 843 1022 1057 1190 1242 1306 1320 1389 1475 1755 1968 2039 2100 2202 2275 2300 2307 2727 2766 2845 2858 2935 3222 3257 3289 3493 3568 3683 3702 3732 3792 3970 4005 4011 4174 4175 4303 4375 4679 4749 4958 5125 5127 5246 5257 5589 5609 5773 6118 6263 6494 6801 6980 7066 7132 7187 7191 7255 7330 7483 7584 7605 7651 7660 7781 7831 7928 8085 8875 8972 9025 9185 9218 9250 9269 9454 9578 9660 9694 9771 9778 9998 10156 10379 10413 10436 10441 10493 10582 10814 10962 10965 10969 11139 11513 
#module 349 size: 34 bs: 0.976253
15 873 1218 1608 1718 1954 2373 3445 3501 4034 4049 4874 5806 6103 6511 6641 6999 7215 7379 7842 7871 8037 8044 8133 8607 9104 9625 9707 10605 10692 10809 11022 11107 11581 
#module 350 size: 33 bs: 0.359849
812 1247 1575 1663 2013 2990 3264 3491 3831 3954 5080 6576 6803 7576 7855 7987 8275 8349 8867 9531 9651 9784 9910 10160 10171 10183 10354 10490 10607 10781 10959 11405 12506 
#module 351 size: 74 bs: 0.133759
35 505 515 691 763 791 833 1104 1455 1513 1626 1786 1910 2034 2085 2096 2121 2320 2360 2609 2704 2898 3604 3740 3748 4052 4081 4581 4744 4757 4875 4988 5013 5056 5192 5263 5400 5467 5817 5836 6334 6455 6491 6949 6962 7099 7242 7445 7749 7750 7834 7846 8245 8318 8376 8458 8947 9033 9117 9331 9340 9374 9491 9825 9961 9982 10126 10276 10304 10317 10707 11096 11183 11481 
#module 352 size: 25 bs: 0.283408
299 1544 1580 2778 3035 3414 4001 4783 5439 5926 5942 6201 6469 6581 6601 6873 7186 7396 7446 8104 8665 8874 9659 9709 10178 
#module 353 size: 18 bs: 0.198488
8 990 2057 3689 4597 4980 5014 5481 5716 6241 6494 7307 8153 8163 8176 8665 10026 11006 
#module 354 size: 25 bs: 0.329761
384 530 728 1263 2366 2460 2875 2878 3620 3697 4831 5595 6448 6890 7062 7964 8209 8248 8597 8731 8824 9394 9681 9989 10020 
#module 355 size: 26 bs: 0.376464
305 654 866 1494 1592 1735 2419 2974 3546 4198 4423 4724 5525 6078 6890 7778 8248 8422 9045 9120 9583 9661 9664 9989 10011 10253 
#module 356 size: 18 bs: 0.154002
56 1179 1648 2619 2972 3029 4843 4997 6066 6069 6167 6961 7628 8432 9299 9882 10305 11613 
#module 357 size: 32 bs: 0.67499
398 1058 1185 1588 1594 2218 2367 3126 4023 4145 4259 4318 5068 5356 5615 5812 6630 7042 7686 8082 8194 8543 8657 8766 8968 9580 9775 10139 10792 10822 11140 12613 
#module 358 size: 14 bs: 0.445813
2942 3533 3905 4140 4809 4855 6169 7536 8673 9068 9900 10452 11128 13065 
#module 359 size: 14 bs: 1.02638
2456 2511 2700 3098 6240 6563 6790 7082 7534 8017 8170 8171 10186 10893 
#module 360 size: 18 bs: 0.70899
644 936 2335 2355 2453 2662 2925 3794 3834 5489 6473 6739 6877 7273 7877 9728 10572 12505 
#module 361 size: 79 bs: 0.513293
378 527 1100 1335 1443 1529 1720 1726 1733 1837 2078 2289 2341 2385 2406 2433 2461 2491 2725 2938 3351 3416 3453 3528 3822 3927 3962 3969 3977 4107 4112 4208 4209 4708 4807 4893 4983 4984 5159 5284 5316 5408 5532 5669 6457 6541 6856 6880 6950 6964 7049 7119 7316 7513 7712 7837 7839 7847 7869 7889 8243 8335 8533 8587 8749 8802 9196 9508 9981 10053 10076 10192 10509 10568 10746 10753 11069 12568 12980 
#module 362 size: 20 bs: 0.800848
206 447 1039 1503 1657 2465 4978 5547 5915 5924 6092 6385 7510 8032 8179 8407 8820 9541 9543 10641 
#module 363 size: 48 bs: 0.46118
542 602 1453 1605 1783 1879 2127 2842 2906 2992 3184 3402 3468 3539 3549 3850 3913 4386 4511 4933 5171 5414 5527 5597 5649 5722 5851 6073 6662 6708 6749 6840 7223 7305 8158 8183 8196 8362 8392 8521 8709 8783 9275 9373 9510 9949 10138 10738 
#module 364 size: 13 bs: 0.457719
191 1162 2160 3435 3641 3774 3788 3797 4822 5574 7860 9482 10662 
#module 365 size: 13 bs: 0.142383
1063 2519 2710 2735 3927 4324 5274 6848 6898 6959 7789 10976 11639 
#module 366 size: 21 bs: 0.901305
1209 1476 2468 2686 2940 4456 5270 5580 6028 6208 6470 6962 6963 7417 7724 8769 8841 9106 9402 9812 10851 
#module 367 size: 122 bs: 0.154218
189 208 428 451 845 998 1025 1055 1128 1140 1156 1268 1487 1518 1641 1659 1969 2150 2194 2212 2492 2676 2799 2849 2881 2928 2929 2930 2943 3068 3092 3131 3156 3232 3248 3273 3306 3373 3609 3666 3745 3856 3883 3963 4173 4227 4281 4372 4534 4542 4676 4761 5032 5078 5386 5538 5676 5713 5726 5902 6047 6072 6102 6181 6237 6242 6262 6460 6466 6529 6599 6615 6645 6698 6788 6857 6979 7026 7079 7319 7431 7433 7551 7679 7848 8119 8462 8615 8622 8673 8716 8825 8857 8871 8907 8917 8923 8978 9171 9357 9358 9417 9534 9602 9685 9859 9920 10103 10123 10198 10275 10312 10337 10376 10544 10768 10772 10839 10884 11211 12661 12902 
#module 368 size: 86 bs: 0.627577
19 178 237 353 581 634 676 871 884 1153 1327 1360 2131 2266 2375 2458 2488 2528 2595 2625 2632 2969 3016 3044 3233 3354 3556 3662 3763 3840 3905 3946 4219 4362 4477 4607 4629 4672 4808 4876 4964 4985 5128 5328 5405 5511 5871 5878 5882 6020 6137 6234 6469 6791 6810 6851 7415 7459 7486 7512 7885 7916 8055 8162 8284 8438 8471 8500 9015 9080 9112 9178 9449 9475 9494 9546 9579 9682 9956 10425 10555 10882 10936 11182 11259 12700 
#module 369 size: 12 bs: 0.662833
1347 2061 4805 6217 6348 6794 7493 9552 10174 10582 10830 11042 
#module 370 size: 14 bs: 0.407168
173 356 548 1349 2438 2587 3021 3265 3489 5610 7730 10378 10687 10868 
#module 371 size: 75 bs: 0.202526
4 883 1207 1655 1667 1952 1982 2089 2101 2124 2397 2479 2501 2505 2980 3249 3265 3459 3835 3933 4044 4223 4254 4370 4398 4399 4417 4548 4732 4993 5030 5041 5318 5325 5360 5452 5458 5555 5664 5708 5720 5748 5815 6253 6329 6390 6392 6558 6600 6817 7161 7381 7642 7645 7907 7932 7936 7960 8040 8086 8441 8601 9002 9268 9322 9453 9566 10049 10077 10338 10404 10862 10935 11261 11695 
#module 372 size: 24 bs: 0.551188
278 351 523 572 576 653 1544 1966 2480 3193 3839 6172 6344 6694 6745 7114 7131 7638 7839 8142 8374 8398 9696 11379 
#module 373 size: 41 bs: 0.623942
59 73 833 1393 1925 2333 2775 3593 4522 4550 4724 4791 4819 5084 5253 5523 5687 5739 6132 6337 6690 6778 7142 7479 7528 7918 7959 8715 8728 9432 9464 9630 9752 9986 10141 10147 10626 11188 11556 12573 12589 
#module 374 size: 32 bs: 0.685918
819 920 949 2609 2762 3101 3581 3671 3988 4215 4487 4716 4950 4951 5054 6147 6944 7285 8111 8364 8734 9095 9128 9296 9515 9550 9697 10405 10642 10858 10899 10905 
#module 375 size: 12 bs: 0.826793
836 2083 2440 2629 3838 5314 5852 6153 9885 10700 10937 12893 
#module 376 size: 26 bs: 0.142054
1658 2272 2280 2315 2789 4264 4584 4817 4906 4927 6001 6219 6232 6589 6844 7327 7521 7962 8395 8464 9246 9725 9987 10949 12039 12169 
#module 377 size: 23 bs: 1.01093
1051 1187 1299 2324 4121 4138 4494 4633 4677 5164 5705 6021 6633 7954 7975 8043 9115 9598 9857 9958 10512 10928 11246 
#module 378 size: 41 bs: 0.458152
325 550 802 942 949 1008 1110 1281 1321 1382 1566 1670 2237 2515 2534 2810 3297 3358 3945 4000 4506 4599 5007 5298 6083 6177 6654 7130 7137 7323 7374 8197 8603 8767 8786 9404 9772 11503 11509 11932 12790 
#module 379 size: 37 bs: 0.228474
12 963 1003 1259 1304 1380 1547 1779 2064 2254 2359 2390 2843 3335 3616 3743 3761 3802 4119 4150 4543 4810 5162 5990 6471 7348 7677 7754 7886 8219 8914 9159 9431 9763 9849 11566 11664 
#module 380 size: 28 bs: 0.896541
1130 1147 1186 1304 1402 1606 2064 2390 2843 3315 3726 3922 5241 5502 7020 7618 7678 8120 8219 8360 9062 9291 9582 9696 9849 10182 10487 10873 
#module 381 size: 28 bs: 0.511449
150 997 1137 1554 1732 2167 2197 2771 3162 3353 4501 4608 4745 4973 5288 6134 6198 6226 6639 7376 7613 7914 8540 9175 9354 9538 10517 10596 
#module 382 size: 25 bs: 0.338988
256 592 2570 2800 3138 3263 3275 3718 4050 4873 6377 6758 6960 7278 7452 7756 7764 8476 9521 9819 10287 10863 10999 11092 12990 
#module 383 size: 33 bs: 0.415483
349 1968 2130 2133 3166 3493 4158 4200 4339 4340 6522 6846 7255 7289 7561 8453 8531 8536 8556 8656 8893 9290 9816 10829 11037 11058 11084 11137 11157 11279 12302 12969 13004 
#module 384 size: 115 bs: 1.08424
65 313 385 461 658 668 675 687 930 1013 1017 1163 1190 1198 1242 1313 1506 1688 1755 1803 1908 1957 2022 2071 2100 2307 2332 2362 2514 2611 2664 2812 2935 3127 3404 3530 3600 3741 3752 3875 3979 4008 4125 4174 4311 4323 4344 4375 4687 4749 5097 5115 5125 5136 5145 5153 5184 5229 5257 5297 5569 5605 5684 5685 6100 6263 6284 6514 6678 6679 6783 6807 6919 6973 7023 7066 7176 7241 7284 7562 7608 7651 8072 8149 8157 8473 8524 8536 8568 8593 8789 8930 8979 9218 9222 9454 9583 9778 9843 9878 9992 10047 10075 10111 10169 10389 10436 10850 10969 11023 11138 11429 11513 12896 13062 
#module 385 size: 17 bs: 0.493591
1241 2180 2235 2590 2687 2805 3139 4330 4746 5254 6677 7902 8530 9821 10209 10378 10450 
#module 386 size: 32 bs: 1.04275
465 1087 1278 1517 1992 2264 2711 2967 3566 3819 4353 4486 4519 4760 5069 5178 5191 5689 6116 6131 6195 6291 7148 7299 7306 7597 8895 9064 9653 9973 10292 10991 
#module 387 size: 77 bs: 0.29651
951 956 1040 1041 1214 1413 1522 1615 1629 1668 1821 1984 2006 2038 2132 2449 2513 2643 2740 2814 2919 3588 3663 3670 3686 3841 3902 3919 4165 4188 4273 4541 4675 4756 4774 4886 4909 5100 5250 5317 5393 5577 5787 5803 6024 6038 6241 6571 6897 7058 7122 7203 7235 7617 7664 7784 7946 8482 8729 8831 9034 9060 9371 9507 9586 9632 9655 10143 10208 10688 10821 10849 12170 12559 12577 12588 12613 
#module 388 size: 12 bs: 0.512616
341 825 1808 2859 3161 3613 5225 5869 8834 8913 9327 9503 
#module 389 size: 77 bs: 0.455282
141 464 498 889 988 1151 1261 1273 1551 1558 1817 1907 1927 1939 2075 2126 2142 2182 2334 2372 2583 3040 3046 3269 3455 3505 3573 3728 3805 3809 3832 4119 4183 4234 4287 4465 4671 4806 5183 5241 5465 5619 5877 6298 6345 6526 6770 6872 6987 7000 7059 7116 7682 7702 7706 7766 7794 8145 8258 8405 8862 8977 9040 9343 9441 9466 9799 10034 10102 10712 10844 10889 10920 10930 11142 12216 12228 
#module 390 size: 19 bs: 0.579816
300 318 440 638 717 727 867 1630 2744 4036 4222 4764 5419 7877 8650 9219 9593 10195 11465 
#module 391 size: 23 bs: 0.647559
1172 1760 1963 2175 2924 3087 4071 4075 4569 4923 5735 5748 6717 7366 7626 8132 8169 8323 8755 10105 10258 10695 11393 
#module 392 size: 14 bs: 0.234501
1295 1914 2148 3538 4079 4374 4615 5087 6130 8315 8390 8449 8696 10807 
#module 393 size: 33 bs: 0.454016
969 1253 1395 1466 1496 1889 2910 2990 3015 3299 3705 3713 3719 3870 4032 4694 5735 6123 7225 7354 7836 7854 8091 8592 8692 9944 10089 10748 10811 10966 10981 11095 11712 
#module 394 size: 12 bs: 0.876765
200 2652 2823 3119 3552 3884 7163 7382 8184 9902 11020 11705 
#module 395 size: 51 bs: 0.918968
973 1012 1094 1408 1533 1665 1869 2062 2402 2462 3152 3397 4043 4181 4196 4279 4418 4695 4877 5145 5150 5331 5544 5766 5828 5957 6161 6424 6579 6981 8122 8340 8544 9043 9082 9381 9471 9477 9603 9608 9663 9710 9833 9879 9933 10205 10471 10513 10878 10914 10977 
#module 396 size: 106 bs: 0.424922
108 875 1094 1114 1175 1356 1426 1436 1485 1505 1531 1628 1638 1806 1936 2029 2046 2079 2082 2103 2154 2313 2428 2476 2640 2674 2837 2863 3062 3105 3207 3260 3372 3399 3400 3410 3462 3466 3532 3547 3618 3717 3989 3994 4003 4062 4181 4252 4258 4274 4299 4520 4530 4626 4853 5082 5150 5367 5412 5540 5593 5630 5659 5822 5827 5957 6247 6261 6507 6508 6691 6946 6956 6992 7072 7164 7274 7283 7322 7425 7449 7525 7823 7958 8341 8381 8626 8735 9043 9082 9377 9471 9573 9608 9656 9691 10226 10244 10377 10679 10728 11077 11413 11436 12019 12679 
#module 397 size: 80 bs: 0.833886
1 31 125 188 200 365 379 541 579 943 954 1183 1540 2022 2348 2522 2652 2832 2870 2902 3158 3169 3211 3378 3403 3545 3655 3657 3715 3724 3775 4161 4379 4769 4900 5219 5610 5700 5733 5826 5844 5866 5907 5914 6105 6273 6310 6319 6623 6764 6833 7103 7268 7392 7416 7467 7489 7602 7832 8194 8401 8512 8545 8629 8708 8713 9069 9190 9529 9885 10035 10036 10235 10408 10619 10715 10816 11127 11260 11411 
#module 398 size: 51 bs: 0.682971
200 932 944 1303 1452 1619 1636 1715 1729 1878 2531 2556 2568 2652 2854 2921 3204 3391 3494 3535 3995 4297 4517 4901 5243 5290 5640 5914 6105 7047 7185 7710 7866 8713 8854 9026 9571 9885 10035 10196 10235 10543 10703 10876 10879 10943 11126 11127 11223 11840 12660 
#module 399 size: 13 bs: 0.695161
522 2602 5055 5224 5491 5551 5782 8036 8326 8591 9721 10649 11418 
#module 400 size: 38 bs: 0.441719
276 316 937 1197 1410 1515 1909 2074 2547 2551 2614 3621 3640 3851 3909 4523 4708 5721 5964 7077 7363 7552 8073 8589 8693 8711 8949 9016 9350 9391 9489 9551 9851 10463 10484 10693 10915 11124 
#module 401 size: 31 bs: 1.00972
192 210 438 473 1428 1868 2294 2579 2922 3961 4080 4176 4233 4427 4712 4721 5283 5535 5663 6268 6459 6911 7133 7200 7337 8290 8527 8968 9440 10371 11710 
#module 402 size: 38 bs: 0.912606
42 633 844 946 1854 2474 2731 3058 3252 3407 4326 4702 5267 6142 6495 6636 7012 7320 8002 8223 8637 8694 9077 9286 9363 9409 9565 10294 10414 10508 10526 10645 10684 10774 10826 10939 11017 11470 
#module 403 size: 79 bs: 0.276152
133 197 330 410 435 510 549 775 788 884 1019 1023 1136 1603 1792 1898 1955 1965 2031 2032 2197 2396 2401 2478 2911 2930 2964 3028 3171 3526 3658 4341 4343 4460 4555 4594 4673 4948 5011 5070 5137 5330 5403 5578 5579 5673 5999 6227 6258 6296 6342 6353 6436 6522 6697 7414 7422 7598 7741 7890 8023 8448 8902 8944 8976 9023 9086 9724 9942 9954 10036 10250 10340 10500 10840 10845 11030 11657 12648 
#module 404 size: 44 bs: 0.795006
613 619 982 1007 1316 1350 1435 1446 1450 1596 1789 1798 1874 2088 2189 2580 2897 3199 3328 3331 3576 3631 4152 4177 4470 4529 4565 5132 5180 5781 5898 6544 7037 7052 7293 7414 7656 9745 9845 10316 10386 10514 10528 11215 
#module 405 size: 38 bs: 0.105829
22 1038 1669 1964 2520 3941 4453 4472 4677 4899 5094 5188 5309 5818 6017 6111 6186 6271 7280 7377 7439 7927 8434 8618 8652 8723 8809 8926 9231 9236 9613 9633 9772 10289 10448 10678 12327 12992 
#module 406 size: 23 bs: 0.524999
174 402 547 2493 2740 3194 4630 4656 4979 5838 6409 7051 7228 7612 7884 7970 8110 8445 9169 9248 9560 9717 10619 
#module 407 size: 21 bs: 0.860975
624 669 2149 2628 3458 3504 3928 5118 5244 5456 6099 6277 8455 9090 9243 9616 9844 10211 10388 10986 11193 
#module 408 size: 11 bs: 0.192746
252 2205 2617 5552 8134 8227 8496 9186 9484 9941 10600 
#module 409 size: 34 bs: 0.990562
172 312 362 370 377 420 803 919 943 1233 1373 1685 1867 2185 2302 2607 3287 3429 3490 3675 4792 4967 7749 8062 8347 8921 9547 10033 10151 10599 11192 11193 12582 12977 
#module 410 size: 14 bs: 0.50831
722 2390 2503 2545 3445 5916 6290 6782 7687 8639 9036 9165 9897 12966 
#module 411 size: 23 bs: 0.859146
835 1222 1894 1994 2099 2559 3488 4284 4595 5492 5794 5992 6540 7227 7375 7786 8490 8875 9283 9732 10818 10980 11259 
#module 412 size: 15 bs: 0.429001
1109 1588 1607 4710 4778 5652 6259 7245 7627 8483 9829 10066 11172 12006 12015 
#module 413 size: 12 bs: 0.708567
1024 1361 2473 3577 4420 5905 6010 7095 7648 8816 11380 12870 
#module 414 size: 42 bs: 0.406344
224 347 878 1078 1133 1403 1674 1911 2724 2754 2809 2963 3296 3357 3644 3755 4837 5166 5189 5280 5502 5572 5667 5917 5980 6184 6205 6313 6487 6772 7437 7829 7872 8061 8096 8241 8598 9693 9954 10432 10755 10756 
#module 415 size: 65 bs: 0.445359
102 202 375 479 540 766 1061 1167 1490 1625 1662 1801 1894 1929 1953 2281 2922 3049 3164 3285 3639 3961 4117 4211 4388 4438 4474 4586 4638 4966 5261 5446 5481 5609 6075 6582 6721 6918 7237 7556 7824 7977 8370 8501 8675 8945 8965 8999 9021 9212 9414 9440 9487 9646 9743 10017 10281 10723 10787 10825 10917 11130 11213 11733 12720 
#module 416 size: 56 bs: 0.64522
98 152 278 596 888 1298 1354 1425 1523 1640 1695 1893 2426 2470 2521 2862 2959 3102 3674 3781 4182 4200 4249 4385 4464 4631 4685 4927 5449 5499 5695 6025 6306 6325 6609 6982 7212 7395 7675 7773 7920 8196 8217 8596 8785 8819 8974 9152 9711 10135 10393 10606 10645 11024 11216 11366 
#module 417 size: 38 bs: 0.781142
169 191 280 360 488 1819 1981 2435 2508 3139 3449 3587 3721 3736 3744 3772 4345 4508 4705 5242 5401 5512 5515 5785 6250 6327 6586 7990 9189 9325 9622 9754 10019 10357 10422 10835 11169 11225 
#module 418 size: 82 bs: 0.116223
858 972 1093 1334 1732 1962 2054 2183 2196 2310 2497 3017 3282 3627 3684 3709 3789 4172 4197 4207 4260 4349 4364 4450 4709 4736 4794 5018 5416 5531 5819 5825 5933 6015 6016 6065 6074 6203 6248 6252 6381 6386 6527 6631 6824 6830 6836 7125 7184 7208 7406 7539 7609 7694 7729 8079 8232 8384 8400 8485 8500 8552 8647 8927 9209 9514 9584 9727 9735 10081 10185 10234 10424 10475 10554 10625 10913 11110 11191 11218 11870 12862 
#module 419 size: 21 bs: 0.685872
503 1061 1191 2035 3049 3401 3931 4775 5380 5847 6559 7502 7726 7851 7884 7980 8181 10450 11532 11883 12214 
#module 420 size: 9 bs: 0.356833
2451 3286 3747 6711 7196 7818 8099 9181 11145 
#module 421 size: 42 bs: 0.413198
100 490 723 968 1097 1302 1570 1649 1784 2072 2210 2223 2316 2818 3115 3238 3630 3854 3862 4363 4596 4612 5403 5955 6003 6218 6229 6398 6498 6506 6975 7211 7698 7843 7942 8387 9029 9694 9855 9871 10249 12867 
#module 422 size: 23 bs: 0.907379
1736 2466 3053 3094 3132 4072 4444 4560 4602 4788 4802 6488 6658 7665 7802 8113 8980 9111 9398 10142 10438 11178 11185 
#module 423 size: 40 bs: 0.766856
433 1027 1377 2639 3102 3308 3444 3473 3479 3826 4014 4019 4025 4091 4282 4579 5279 5308 5495 5857 6306 7018 7395 7559 7675 7900 8648 8788 8985 9311 9711 9758 9852 10014 10393 10473 10788 11011 11366 11709 
#module 424 size: 24 bs: 0.719696
194 294 1331 1513 2249 3037 3339 3350 4300 5778 6068 6368 6748 7110 7115 7350 8320 8565 8774 9509 10245 10699 11228 12507 
#module 425 size: 41 bs: 0.951985
215 317 448 458 1340 1430 1900 2483 2894 3159 3173 3450 3482 3640 3757 4133 4195 4492 4632 5494 6140 6682 6804 6992 7418 7655 7852 8276 8669 8878 8922 8969 9124 9433 9714 9781 10571 10693 10724 11450 13055 
#module 426 size: 38 bs: 0.445033
260 343 695 1414 1555 1591 1705 1768 2013 2041 2309 2368 3005 3601 3759 4082 4403 4674 4795 5227 5746 5813 5879 6189 6438 6620 6823 6863 7045 7362 7641 8034 8094 8912 9979 10860 11242 13010 
#module 427 size: 18 bs: 0.40791
1054 1067 2298 2834 3695 4101 4377 4537 4571 6396 7298 8173 8178 9247 9399 9606 9997 13027 
#module 428 size: 39 bs: 0.237611
84 558 924 1241 1479 1481 1860 2121 2177 2348 2352 2434 2538 3386 3590 3606 3723 3880 4401 4639 5105 5140 5890 6347 6847 7332 8007 8172 8224 8254 8826 8924 8986 9072 10419 10525 10806 11143 11222 
#module 429 size: 152 bs: 0.25212
700 868 907 914 927 954 1033 1184 1205 1286 1467 1525 1532 1536 1627 1682 1700 1738 1754 1790 1851 1918 2011 2023 2030 2163 2485 2496 2507 2574 2639 2655 2709 2720 2733 3036 3047 3148 3226 3246 3304 3522 3563 3633 3716 3777 3868 4171 4204 4246 4255 4269 4347 4380 4440 4469 4478 4593 4609 4643 4755 4768 5038 5066 5074 5122 5141 5234 5287 5373 5599 5675 5710 5718 5820 5867 5921 5970 6037 6165 6168 6388 6552 6661 6688 6727 6768 6821 6889 7126 7260 7321 7407 7442 7470 7499 7588 7820 7875 7892 7922 8208 8246 8261 8495 8590 8653 8685 8707 8792 8801 8804 8865 8892 8932 9172 9225 9456 9483 9535 9572 9620 9645 9652 9704 9766 9860 9896 10012 10021 10023 10140 10165 10239 10300 10329 10363 10392 10586 10609 10704 10769 10842 10875 10980 10992 11015 11031 11162 11175 12494 12878 
#module 430 size: 27 bs: 0.963774
99 1208 1256 1341 1446 1459 1921 2049 5236 5409 5830 5928 6497 7005 8312 8617 8719 8899 9647 10351 10506 10587 10854 10870 11173 11488 11715 
#module 431 size: 26 bs: 0.396306
811 1043 1143 1535 1653 1753 1836 2034 3648 3769 3854 3967 4096 4270 5470 6516 7041 7045 7152 7451 7715 9284 9912 10282 11121 11245 
#module 432 size: 41 bs: 1.02528
905 1081 1366 1610 1696 2159 2263 2323 2472 2564 2669 2941 2950 3090 3396 3706 3754 4194 4482 4821 5508 5762 5770 5831 5910 6023 6976 6989 7244 7272 7701 7758 7809 7914 8250 9982 10407 10517 10643 10922 11196 
#module 433 size: 39 bs: 0.462152
560 1097 1321 1734 1899 2184 2429 2620 3182 3254 3691 3980 4856 4871 4956 5239 5387 5401 5749 6399 6506 6743 6828 7019 7025 7157 7214 7967 8220 8222 8249 8608 9445 9500 9824 9873 10038 10381 11602 
#module 434 size: 20 bs: 0.362508
1758 1794 2439 3075 3255 5166 5319 6194 7903 7944 8056 8613 8662 8721 8724 8848 9134 10430 10833 12635 
#module 435 size: 21 bs: 0.860905
295 1550 2093 2151 2349 2896 3141 4414 4605 4675 5243 5719 6169 7093 7511 7709 8371 8375 8732 9450 10065 
#module 436 size: 19 bs: 0.539413
230 1345 1723 1938 3937 4509 4650 5579 5769 5840 6055 6936 6978 7158 8363 9208 9899 10428 11868 
#module 437 size: 36 bs: 0.902784
66 892 1698 1765 1767 2298 3071 3640 3836 3904 4031 4496 4549 5035 5342 5385 5823 5981 6901 7124 7145 7224 8382 8451 8562 8776 8847 8955 9194 9223 9375 9380 10488 11699 12297 12958 
#module 438 size: 81 bs: 0.970821
34 705 799 952 1305 1467 1967 2002 2179 2189 2190 2256 2575 2641 2648 2749 2833 2872 2892 3108 3181 3426 3579 3669 3777 3802 4105 4135 4305 4596 4614 4741 4954 5136 5199 5350 5693 5753 5789 6135 6146 6191 6225 6722 6726 7166 7421 7532 7713 7806 7943 8070 8244 8437 8450 8478 8509 8746 9126 9129 9154 9195 9626 9717 9786 10037 10491 10503 10681 10694 10714 10934 10990 11013 11135 11267 11336 11447 11551 11604 12555 
#module 439 size: 26 bs: 1.06206
709 881 989 1423 2274 2588 4154 4289 4567 4691 5096 6183 6939 6994 8105 8107 9220 9237 9657 9850 9951 10015 10106 10199 10320 12652 
#module 440 size: 38 bs: 0.849188
521 987 1044 1401 1559 1944 2344 3407 3673 3687 4058 4099 4242 4738 4972 5177 5556 5635 5885 5983 6110 6285 6437 7581 7941 8256 8406 8545 8753 8805 9232 9468 9588 9737 10054 10923 10926 11012 
#module 441 size: 56 bs: 0.609472
93 274 327 787 1015 1177 1216 1237 1330 2383 2464 2517 2819 3215 3382 3405 3421 3692 3857 3865 4069 4156 4404 4411 4733 4845 5299 5612 5686 5848 6093 6349 6813 7324 7688 7690 7793 7959 7996 8355 8456 8503 8609 8674 8727 8777 9027 9048 9102 9217 9255 9289 9524 9968 10064 10644 
#module 442 size: 41 bs: 0.158357
1141 1511 2345 3074 3225 3240 3337 3346 3771 3881 4103 4538 4751 5024 5258 5463 5558 5637 6245 6405 6434 6943 7210 7303 7358 7397 7438 7826 7951 8314 8423 8722 8815 8975 9761 10520 10622 10988 11197 11443 12475 
#module 443 size: 53 bs: 0.186522
52 780 792 1106 1271 1371 1586 1667 1887 2393 2634 2831 2841 2884 2967 3042 3362 3443 3886 4302 4392 4500 4728 4835 5289 5633 5732 5976 6155 6338 6407 6633 6709 7114 7163 7247 7514 8373 8542 8633 9214 9267 9312 9367 9559 9604 10046 10189 10620 10747 10918 12595 12944 
#module 444 size: 15 bs: 0.867486
367 1681 2336 2480 2604 2761 2987 3455 4930 5216 5490 6120 7071 7390 7857 
#module 445 size: 31 bs: 0.438502
74 915 1018 2111 2410 2495 2606 2831 3065 3152 3634 3752 3799 4087 4350 4741 4786 5565 5872 6570 7056 7134 7236 7254 7315 7991 8048 10455 10558 10841 10961 
#module 446 size: 37 bs: 1.03799
785 879 1009 1071 1193 1246 1583 1670 1892 1948 2023 2789 3342 3831 4057 4725 4737 4946 5462 5520 5526 6550 6843 7370 7707 8015 8097 8146 8420 8491 9151 10083 10129 10531 10735 10791 11161 
#module 447 size: 62 bs: 0.876327
23 394 403 517 789 854 1010 1028 1065 1106 1160 1220 1222 1243 1484 1708 1722 1778 1998 2691 2783 2876 3086 3454 3843 4139 4381 4603 4624 4781 4859 4903 5334 5542 5552 5607 5984 6315 6357 6358 6555 7021 7435 8080 8306 8630 8782 8791 8877 8889 8904 9019 9063 9277 9478 9601 9674 9975 10100 10252 12629 13081 
#module 448 size: 61 bs: 1.05876
17 40 517 553 683 933 955 1120 1238 1254 1342 1416 1530 1609 1802 2216 2245 2533 2621 3110 3196 3336 3379 3874 3877 4028 4033 4046 4214 4653 5202 5315 5327 5683 5688 5760 5919 6215 6315 6395 6743 6816 6893 6947 7067 7195 7544 7557 8186 8365 9272 9316 9332 9370 10137 10751 10925 11083 11171 12629 13081 
#module 449 size: 52 bs: 0.617109
176 186 346 494 992 1104 1158 1347 1431 1514 1893 2548 2552 2825 2827 3413 3420 3453 3615 3883 4192 4395 4396 4428 4568 4637 4715 4870 5155 5286 5535 5709 6013 6032 6220 6486 6556 7492 8121 9092 9150 9275 9465 9539 9802 10076 10204 10286 10533 11186 11595 12609 
#module 450 size: 31 bs: 0.962533
486 1464 1642 2260 2347 2705 2718 2806 3033 3703 5012 5332 5482 5701 6216 6384 6907 7024 7369 7531 7662 8449 9012 9193 9818 10191 10295 10359 10515 11220 11364 
#module 451 size: 24 bs: 0.247126
725 1250 1850 1956 2070 4203 4257 5064 5193 5273 5498 5506 5509 5640 6419 8358 8638 8762 9280 9395 9435 9832 10390 11001 
#module 452 size: 174 bs: 0.374468
47 273 291 471 484 487 599 603 605 616 772 814 840 935 959 1122 1157 1200 1234 1258 1266 1351 1372 1537 1568 1576 1875 2036 2111 2174 2181 2219 2342 2413 2471 2562 2768 2848 2908 2933 2938 2965 3004 3070 3096 3107 3149 3329 3551 3676 3750 3803 3863 3913 3966 4017 4022 4067 4094 4127 4184 4421 4481 4562 4628 4660 4667 4737 4804 4812 5039 5042 5063 5395 5505 5523 5528 5546 5570 5596 5620 5666 5681 5741 5767 5796 5925 5934 5962 6006 6057 6076 6077 6101 6293 6308 6323 6403 6518 6580 6635 6670 6882 6910 6928 7142 7144 7193 7249 7256 7291 7361 7419 7497 7505 7550 7570 7587 7669 7735 7743 7780 7993 8019 8089 8123 8166 8191 8263 8416 8502 8510 8619 8624 8659 8670 8814 8916 9038 9076 9199 9245 9257 9303 9329 9548 9589 9596 9670 9680 9840 9870 9883 9888 9976 10028 10072 10138 10158 10228 10255 10492 10510 10531 10754 10952 10993 11070 11147 11180 11264 11446 11490 12618 
#module 453 size: 19 bs: 0.724229
472 793 1193 3057 3614 5064 5860 6200 6657 7128 7454 7926 8272 8640 8688 9424 9733 10153 12945 
#module 454 size: 47 bs: 0.923259
78 390 424 716 975 1676 2146 2227 2823 3113 3128 3283 3512 4327 4334 4990 5005 5088 5322 5545 5959 6217 6467 6597 6702 6826 7175 7402 7500 7792 7801 7905 8676 8873 9518 9552 9899 9928 9939 10069 10073 10551 10732 10942 11108 11175 12678 
#module 455 size: 47 bs: 0.586929
492 526 650 651 1092 1546 1752 2187 2694 3117 3659 4056 4459 4480 5507 5892 5943 6004 6090 6354 6370 6421 6757 6915 6970 7143 7405 8021 8033 8233 8235 8325 8537 8856 8909 9177 9242 9983 10056 10107 10218 10298 10916 10955 11207 12534 12880 
#module 456 size: 18 bs: 0.585763
778 965 1113 1681 1920 2336 3534 3842 4953 5216 5279 7711 8125 8174 8180 9458 9775 10323 
#module 457 size: 27 bs: 0.293778
833 962 1633 1818 1873 2183 2457 2744 2885 2995 3778 3779 4104 4486 4971 5031 5175 5618 5779 5868 5963 6659 7284 7385 8280 8409 12950 
#module 458 size: 42 bs: 1.09855
673 1445 1946 2086 2271 2388 2781 3022 3073 3719 4138 4235 4247 4268 4301 4342 4456 4555 4634 4825 5341 5462 5521 5737 5973 6356 7160 7248 7526 7810 8042 8228 8539 8605 9458 9750 9788 10039 10454 11108 11109 12854 
#module 459 size: 36 bs: 0.341006
543 1325 1437 1730 1856 2189 2494 2740 3186 3347 3496 3866 3902 4402 4756 5002 5194 6809 7403 7448 7910 7966 8026 8050 8163 8187 8338 8421 8953 9133 9649 11019 11265 11269 11340 12577 
#module 460 size: 37 bs: 0.618099
64 137 159 618 953 1103 1257 1316 1488 1567 1569 1686 3464 3865 3940 4073 4270 4495 4824 4887 5185 5856 6344 6451 7006 7834 7856 7988 7989 8012 8654 8710 8971 8990 9045 9202 10209 
#module 461 size: 16 bs: 0.851212
25 684 1053 1262 2220 2630 2649 4384 4563 5001 5884 8332 9330 9895 9901 10271 
#module 462 size: 69 bs: 0.344549
777 909 913 979 1006 1598 1618 1744 1919 1987 2076 2240 2325 2454 2495 2541 2544 2782 2800 2861 2973 3138 3366 3575 3672 3718 3956 4442 4446 4740 5059 5139 5179 5302 5541 5720 5768 5998 6377 6509 6622 6758 7275 7436 7452 7625 7700 7953 8098 8131 8297 8351 8454 8735 8743 8822 8936 9083 9310 9486 9916 10338 10841 10938 10978 11007 11206 11393 12291 
#module 463 size: 30 bs: 0.254563
293 1108 1131 1427 1541 2173 2509 2789 2804 2866 3045 3097 3520 3661 4265 4455 5513 5979 7105 7342 7474 7538 8225 8356 8998 9255 9491 9708 10159 11949 
#module 464 size: 67 bs: 1.0793
303 492 564 781 863 968 1124 1418 1923 1937 2481 2769 2823 2853 2939 3191 3209 3214 3442 3472 3605 3833 4443 4532 4553 4570 4611 4827 4869 4885 4934 5160 5567 5602 5780 5809 6175 6279 6340 6351 6393 6655 6715 6744 6800 7321 8372 8379 8727 8830 9135 9140 9221 9239 9359 9403 9437 9791 9862 10347 10465 10577 10650 10951 11093 12605 12933 
#module 465 size: 15 bs: 0.481184
2381 2468 2665 2728 3013 3198 3930 4722 5774 6728 7476 7693 8894 9452 10897 
#module 466 size: 1 bs: 1
462 
#module 467 size: 1 bs: 1
5948 
#module 468 size: 1 bs: 1
1950 
#module 469 size: 1 bs: 1
10737 
#module 470 size: 1 bs: 1
361 
#module 471 size: 1 bs: 1
4416 
#module 472 size: 1 bs: 1
2684 
#module 473 size: 1 bs: 1
7281 
#module 474 size: 1 bs: 1
6267 
#module 475 size: 1 bs: 1
10505 
#module 476 size: 1 bs: 1
8906 
#module 477 size: 1 bs: 1
10291 
#module 478 size: 1 bs: 1
9347 
#module 479 size: 1 bs: 1
11589 
#module 480 size: 1 bs: 1
3984 
#module 481 size: 1 bs: 1
6422 
#module 482 size: 1 bs: 1
1538 
#module 483 size: 1 bs: 1
9673 
#module 484 size: 1 bs: 1
7804 
#module 485 size: 1 bs: 1
9204 
#module 486 size: 1 bs: 1
103 
#module 487 size: 1 bs: 1
635 
