#module 0 size: 8 bs: 0.0376978
2721 2811 4527 6752 7002 8414 9053 12516 
#module 1 size: 3 bs: 0.00832065
1701 2269 7851 
#module 2 size: 4 bs: 0.0196876
525 2333 5380 9523 
#module 3 size: 4 bs: 2.03382e-12
4150 4151 10125 10250 
#module 4 size: 4 bs: 1.00382
1345 1847 4650 6055 
#module 5 size: 5 bs: 0.137514
3035 3067 7849 8723 9186 
#module 6 size: 4 bs: 0.883128
1392 3514 5452 6587 
#module 7 size: 10 bs: 0.411817
2369 2524 2987 3327 3352 3453 3529 6324 7453 9061 
#module 8 size: 11 bs: 0.605993
1016 3701 4871 5015 6364 6608 6861 7190 9182 9184 11337 
#module 9 size: 5 bs: 0.630796
79 1748 2317 5325 11696 
#module 10 size: 8 bs: 0.349816
2602 5224 5491 5551 8036 8326 8591 11418 
#module 11 size: 6 bs: 0.266984
267 2797 4689 5344 11255 11643 
#module 12 size: 8 bs: 0.707384
2062 5041 5770 5956 6690 6981 11532 12762 
#module 13 size: 11 bs: 1.01049
918 1823 4415 4725 6525 6560 7616 8595 9385 10195 10422 
#module 14 size: 5 bs: 0.144123
90 2785 3792 7825 9751 
#module 15 size: 4 bs: 0.669042
2677 5576 7493 8732 
#module 16 size: 10 bs: 0.153154
2 800 2330 5501 5650 6502 8117 9669 10257 12949 
#module 17 size: 12 bs: 0.459061
76 1276 1319 2040 3311 5091 6874 6984 7088 8090 8573 8740 
#module 18 size: 8 bs: 0.10571
260 678 3108 6080 6274 6845 7156 7843 
#module 19 size: 32 bs: 0.888061
640 1977 2009 2555 2753 3342 3423 3765 3797 4189 5473 5660 6283 6607 6660 6845 6870 7179 7218 7238 7270 7703 7817 8148 8259 9174 9366 10045 10662 10909 11009 11021 
#module 20 size: 47 bs: 1.08179
65 580 593 594 707 867 976 1079 1206 2166 2376 2420 2610 2667 3426 3939 4203 4366 4861 4887 5117 5289 5736 5994 6519 6628 6641 6766 7154 7169 7308 7400 7409 7751 7955 8098 8302 9075 9116 9277 10254 10496 10581 10689 10834 10927 11782 
#module 21 size: 22 bs: 0.958891
709 1245 1528 1805 2508 2588 3105 4006 4292 4445 5186 5242 5458 5732 6600 7308 8059 8107 9410 10199 11413 12545 
#module 22 size: 26 bs: 0.993216
200 293 778 1930 2652 3119 3168 4257 5012 6751 6936 7163 7229 7474 7911 8588 8704 9101 9154 9453 9795 9812 9902 10840 10995 11020 
#module 23 size: 9 bs: 0.395579
1324 2255 2803 3286 4093 5152 6573 11273 12881 
#module 24 size: 14 bs: 0.441855
1559 2344 3407 4242 4738 5556 5885 6110 6437 8256 8545 8753 9588 10923 
#module 25 size: 28 bs: 1.05067
686 687 999 1291 1308 1354 1508 2959 3516 3578 3968 4200 4228 4961 5723 6030 6512 6638 6765 7797 8142 8168 8182 8276 9288 9648 10377 10797 
#module 26 size: 60 bs: 0.782169
1119 1244 1391 1436 1760 2004 2083 2454 2611 2629 2689 2713 3298 3571 3585 3825 3838 3938 4031 4187 4519 4617 4643 4902 5102 5479 5714 5852 6052 6153 6243 6569 6692 6740 6805 6994 7139 7615 7875 7940 8086 8520 8849 8883 9002 9073 9120 9215 9320 9444 10050 10138 10161 10563 10690 10700 10872 10925 11108 12019 
#module 27 size: 27 bs: 0.884514
1269 1573 1912 1979 2716 2801 2822 2864 2976 3622 3787 4567 5130 5558 5827 5996 6742 6925 7220 7577 7814 8526 8812 8853 9442 10203 10844 
#module 28 size: 32 bs: 1.02226
593 713 1009 1202 1524 1560 1776 2884 3111 4697 4750 4862 4935 5431 5624 6188 6317 6363 6416 6456 6616 7821 7895 8584 8604 9001 9071 9287 9561 9689 10344 10601 
#module 29 size: 24 bs: 0.952848
1274 2215 2676 3023 3178 3230 3485 3781 3949 4434 4999 6538 7368 7606 7727 8311 8761 8813 9341 9726 9884 10067 10434 11160 
#module 30 size: 23 bs: 0.189459
331 475 2400 2569 2711 2743 3142 4714 5482 5911 5975 6307 6332 6352 6596 6799 7098 8070 8087 8329 8929 9188 10172 
#module 31 size: 35 bs: 0.865361
57 388 601 816 867 1197 1318 2268 2619 3118 3130 3205 3486 4141 4194 4864 5368 5402 5444 5673 5900 5986 6549 6556 6585 6834 7171 7840 8124 8599 9595 10151 10873 10906 11551 
#module 32 size: 12 bs: 1.04679
905 1224 2277 2304 3572 4680 7543 7636 8600 10299 10753 12571 
#module 33 size: 32 bs: 0.914282
834 997 1137 1352 1554 1732 1909 2167 2197 2371 2523 2771 3162 3353 3993 4745 5025 5288 5595 5976 6134 6226 6639 7914 8242 8322 8857 9083 9175 9354 9559 10517 
#module 34 size: 21 bs: 0.634613
645 805 1075 2247 2331 2365 2379 2418 2991 3896 4647 4824 4847 5213 5653 6228 6270 7461 8351 11208 12514 
#module 35 size: 144 bs: 0.460939
33 684 764 853 882 931 962 972 1087 1261 1278 1438 1464 1514 1517 1545 1564 1677 1721 1847 1859 1862 1956 1992 2085 2142 2144 2202 2262 2264 2319 2340 2394 2616 2649 2742 2824 2827 2942 2960 2967 2970 3021 3058 3071 3279 3320 3365 3430 3566 3571 3767 3809 3811 3819 4143 4305 4310 4353 4380 4465 4486 4735 4760 4794 4806 4855 4903 4907 4930 4989 5193 5241 5292 5356 5465 5470 5529 5613 5618 5647 5689 5694 5760 5779 5820 5916 6065 6079 6131 6197 6212 6316 6366 6625 6835 6942 6977 6986 7042 7059 7299 7306 7323 7356 7364 7429 7439 7524 7551 7597 7702 8071 8152 8192 8212 8237 8332 8405 8756 8890 8977 9011 9147 9285 9330 9363 9441 9547 9570 9653 9799 9973 10236 10267 10292 10653 10684 10705 10747 10820 11010 11241 12216 
#module 36 size: 28 bs: 1.0973
15 191 471 508 940 1162 2009 2555 2871 3435 3500 3641 3774 3788 3797 4191 4822 5522 5574 5755 6268 7310 7860 7961 9482 10662 11079 12595 
#module 37 size: 20 bs: 0.193355
60 1072 1437 2483 2740 3085 3102 3371 3908 4013 4371 4779 6621 6753 6881 6927 7516 8742 10559 10764 
#module 38 size: 18 bs: 1.05931
2039 2482 2545 3535 4591 4962 5436 5502 6205 6772 7437 7711 8536 9023 9165 10374 10433 10625 
#module 39 size: 15 bs: 0.405726
232 929 1154 1613 1816 2135 4049 4383 5226 5749 6479 6696 6995 8420 9405 
#module 40 size: 18 bs: 0.10253
1263 2366 2460 2878 3620 3697 3734 3761 3896 4831 5595 7062 7964 8731 8824 9214 9528 10406 
#module 41 size: 66 bs: 0.842573
333 629 630 631 1322 1603 2001 2106 2117 2149 2398 2790 3078 3103 3129 3314 3408 3635 4167 4197 4321 4607 4695 4719 4847 4858 4994 5099 5285 5578 5584 5594 6554 6906 7268 7290 7300 7899 8073 8118 8349 8369 8431 8551 8586 8635 8686 8689 9051 9080 9176 9341 9378 9401 9701 9765 9863 9889 10367 10406 10495 10635 10636 10827 11369 12158 
#module 42 size: 9 bs: 1.05453
474 1057 3305 4487 4772 6886 9096 9675 10532 
#module 43 size: 31 bs: 0.255552
1034 1548 1916 2293 2456 2510 2983 3055 3172 3210 3499 3886 3972 4278 4280 4507 4766 5087 5939 5997 6202 6208 6240 7352 7722 7746 8343 10842 11525 11584 12626 
#module 44 size: 17 bs: 0.876554
1249 1734 1898 2466 4285 4460 4602 4956 5011 5713 6258 8345 8598 8772 10807 11119 11216 
#module 45 size: 49 bs: 0.578821
52 243 321 389 1260 1462 1477 1694 2019 2422 2497 2498 2833 2904 3125 3200 3363 3665 3690 3693 3795 3888 3957 4212 4216 4550 5020 5242 5658 6116 6157 6918 7007 7298 7546 7554 7656 7668 8150 8433 8675 9042 9108 9423 10037 10541 11001 11027 11251 
#module 46 size: 21 bs: 0.593002
166 460 1747 1888 3992 4370 4606 4615 5204 5428 5909 6286 6831 6983 7038 7563 7629 8508 8743 9268 10112 
#module 47 size: 21 bs: 0.677964
783 1310 1415 2068 2106 2607 2700 5995 6602 6916 7552 7949 8297 8375 8554 8780 9640 9907 10759 10887 11595 
#module 48 size: 43 bs: 0.443182
819 920 949 1024 1093 1455 1921 2609 2762 3101 3671 3988 4003 4207 4215 4716 4950 4951 5054 5998 6045 6147 7071 7285 7662 7791 7879 7930 8111 8364 8493 8734 9095 9128 9296 9515 9550 10048 10405 10858 10899 10931 11106 
#module 49 size: 30 bs: 0.271784
699 925 1654 2028 2771 3223 3312 3681 4236 4498 6036 6468 6540 6548 6737 6769 6829 7144 7326 7693 7709 8243 8650 8668 8861 9127 9141 10315 10443 10687 
#module 50 size: 93 bs: 0.138071
54 443 544 762 994 1095 1194 1204 1383 1397 1654 1743 1839 1871 2074 2133 2181 2218 2279 2284 2380 2393 2425 2576 2665 2712 2723 2767 2817 3100 3153 3170 3271 3480 3498 3550 3600 3629 4004 4162 4222 4558 4588 4666 4719 4840 5101 5134 5217 5440 5603 5621 5704 5705 5802 6084 6131 6194 6255 6346 6391 6420 6499 6573 6801 6920 6948 7078 7334 7681 8563 8680 9030 9039 9155 9407 9420 9533 9578 9627 9998 10068 10077 10173 10574 10627 10799 11009 11412 11437 11599 11613 12077 
#module 51 size: 45 bs: 0.396238
400 653 1037 1393 1426 1510 1624 2446 2585 2877 2968 3239 3647 3951 4136 4489 4928 4947 5081 5124 5190 5306 5477 5644 5680 5785 6185 6318 6616 6777 7973 8052 8167 8649 8888 9017 9028 9029 9103 9138 9353 9490 9972 12518 12690 
#module 52 size: 35 bs: 0.800274
84 226 554 879 960 1209 1497 1797 2157 2584 2764 2999 3097 3251 3424 4365 5089 5133 6248 6693 7151 7673 7713 7856 7876 7992 8250 9216 9346 9489 9508 9867 10886 10938 11635 
#module 53 size: 49 bs: 0.377144
263 264 466 659 688 1044 1088 1339 1534 1660 1893 2297 2349 2436 3109 3202 3415 3637 3729 3751 5114 5307 5457 5612 6152 6706 6720 6808 7538 7583 7666 7921 7988 8151 8225 8266 8522 8667 8980 8981 9581 9726 9734 10010 10232 10765 11335 11475 12715 
#module 54 size: 55 bs: 0.664351
705 1011 1394 1451 1466 1496 1648 1688 1889 1961 1985 2373 2777 3015 3126 3191 3236 3299 3409 3519 3661 3750 3816 4166 4553 4611 4758 5022 5100 5187 5932 6186 6340 6393 6492 6593 7854 7938 8307 8645 9058 9062 9093 9234 9791 9814 9950 10319 10626 10675 10851 10951 11095 11566 12624 
#module 55 size: 42 bs: 0.147321
492 768 1049 1648 1678 2578 2998 3106 3206 3255 3345 3570 3683 3719 3864 3941 4291 4544 5116 5271 5283 5722 5893 6386 6843 7288 7340 7373 7519 7790 7917 7919 7985 8605 9183 9292 9294 9831 10055 10279 10399 11405 
#module 56 size: 75 bs: 1.01114
147 183 476 529 620 685 823 870 1084 1189 1199 1279 1523 2002 2192 2235 2353 2678 2794 2805 2828 3032 3144 3158 3201 3390 3483 3488 3511 3702 4026 4040 4064 4106 4223 4239 4378 4397 4515 4572 4587 4664 4905 4986 5017 5214 5254 5294 5418 5548 5850 6108 6631 6716 7030 7172 7212 7230 7262 7469 7542 7632 7680 7868 7901 8060 8741 8811 9345 9742 9821 10128 10277 10583 12249 
#module 57 size: 20 bs: 0.53474
64 524 964 1348 1369 1417 1480 1580 3161 3195 3645 3653 4034 4244 4468 6532 8910 10062 10437 11091 
#module 58 size: 18 bs: 0.967795
34 830 1036 2484 3250 3882 4302 4930 5518 5782 5814 6291 6338 6943 7960 8617 8873 9187 
#module 59 size: 34 bs: 0.987791
836 1139 1448 1571 1639 1696 2481 2550 3346 3400 3869 4380 4385 4564 5065 5154 5225 5575 5694 5752 6336 6344 6530 6901 7555 8014 8381 8948 9165 9716 10239 10515 10885 12510 
#module 60 size: 15 bs: 0.535177
924 984 1383 1431 2751 3287 3317 4233 5021 6154 6629 8003 8271 8538 9887 
#module 61 size: 109 bs: 0.843762
378 494 704 843 875 950 979 1086 1320 1362 1463 1485 1505 1564 1773 1850 1857 2029 2116 2134 2343 2375 2407 2421 2476 2560 2688 2923 3043 3260 3279 3291 3440 3475 3497 3525 3618 3897 4011 4074 4159 4252 4279 4308 4525 4535 4600 4637 4655 4894 4923 4958 4989 5067 5196 5336 5349 5483 5529 5568 5630 5633 5817 5822 5906 6058 6261 6426 6508 6622 6898 6964 6968 7009 7202 7253 7541 7571 7591 7661 7769 7982 8141 8204 8206 8216 8511 8610 8646 8759 8972 8993 9064 9226 9293 9380 9416 9502 9740 9915 9992 10071 10246 10478 10785 10868 10985 11158 11188 
#module 62 size: 32 bs: 0.106082
225 1112 1255 1537 1703 1711 2018 2184 2325 2368 2506 2566 3325 3649 3682 3712 3891 4740 5302 5497 5768 5828 7322 7625 7642 8305 8351 8822 10083 10131 10272 11007 
#module 63 size: 121 bs: 0.717541
685 798 839 904 1001 1020 1175 1248 1277 1347 1371 1630 1661 1817 1829 1865 1913 1976 2069 2125 2204 2242 2302 2343 2351 2367 2387 2415 2465 2535 2769 2784 3020 3189 3193 3243 3269 3433 3466 3531 3603 3730 3770 3859 3872 3898 3951 4126 4157 4205 4263 4287 4390 4417 4422 4467 4489 4612 4622 4661 4682 4728 5085 5097 5158 5185 5242 5349 5429 5434 5587 5598 5644 5687 5854 5886 5943 6081 6305 6350 6396 6402 6543 6616 6639 6646 7086 7241 7508 7547 7610 7728 7989 8024 8039 8110 8272 8412 8523 8541 8649 8693 8702 8784 9250 9253 9365 9726 10007 10179 10466 10518 10522 10613 10708 11155 11251 11556 11593 11711 12679 
#module 64 size: 19 bs: 0.719809
12 213 887 1283 1429 1597 1599 1637 1849 2152 2565 3530 4018 4110 5472 7146 7813 8658 9179 
#module 65 size: 197 bs: 1.01962
8 22 98 278 333 507 561 596 606 818 869 888 983 1027 1045 1127 1161 1165 1240 1298 1308 1354 1377 1425 1499 1523 1603 1638 1640 1695 1699 1710 1713 1795 1893 2001 2037 2065 2071 2143 2192 2195 2277 2400 2426 2470 2500 2521 2639 2788 2855 2862 2959 3078 3102 3258 3308 3309 3417 3444 3479 3511 3521 3595 3674 3677 3753 3758 3781 3791 3826 4014 4019 4025 4091 4142 4200 4228 4249 4282 4385 4412 4464 4483 4521 4528 4579 4631 4683 4685 4784 4927 4970 5052 5123 5156 5279 5308 5449 5460 5495 5695 5853 5857 6025 6039 6236 6264 6306 6311 6325 6562 6609 6614 6956 6965 6982 6985 7127 7166 7212 7300 7318 7321 7325 7377 7395 7413 7480 7483 7535 7559 7568 7675 7773 7803 7900 7920 7950 8114 8196 8242 8265 8280 8541 8555 8596 8737 8785 8788 8819 8835 8950 8974 8985 9080 9152 9251 9256 9382 9639 9711 9720 9757 9838 9852 9948 9963 9994 10002 10003 10014 10135 10156 10222 10226 10348 10393 10447 10473 10556 10576 10635 10645 10659 10668 10771 10808 10866 10947 11011 11015 11024 11032 11146 11366 11482 
#module 66 size: 18 bs: 0.622949
276 2853 2885 2934 2939 3145 4349 5311 5607 6399 7077 7113 7506 8385 8589 9551 10234 11124 
#module 67 size: 301 bs: 0.710731
19 62 67 228 237 333 353 496 507 509 561 567 581 606 632 634 676 869 871 884 893 1127 1134 1144 1153 1161 1165 1176 1180 1217 1298 1327 1360 1433 1440 1499 1502 1578 1603 1689 1699 1702 1710 1747 1795 1996 2001 2037 2065 2115 2131 2143 2236 2238 2239 2266 2277 2301 2375 2458 2478 2488 2500 2528 2542 2591 2595 2625 2653 2668 2788 2793 2855 2915 2921 2926 2969 2982 2988 3016 3030 3044 3078 3103 3165 3224 3233 3276 3309 3354 3417 3536 3556 3627 3635 3662 3753 3763 3791 3840 3853 3905 3936 3946 3975 4005 4051 4089 4105 4190 4219 4245 4321 4325 4361 4362 4412 4477 4483 4528 4556 4607 4629 4672 4683 4808 4858 4876 4937 4964 4970 4985 4994 5016 5045 5128 5156 5285 5328 5346 5361 5405 5437 5460 5511 5584 5678 5811 5871 5878 5881 5882 6039 6044 6121 6137 6210 6234 6236 6311 6417 6469 6501 6554 6562 6594 6610 6614 6747 6773 6791 6810 6819 6851 6954 7011 7182 7207 7300 7377 7408 7413 7415 7433 7455 7458 7459 7463 7480 7486 7512 7535 7568 7596 7659 7683 7686 7696 7772 7776 7798 7831 7870 7885 7904 7916 7920 7950 7987 8038 8055 8057 8162 8196 8217 8265 8269 8280 8284 8367 8438 8471 8500 8529 8551 8628 8661 8689 8737 8778 8819 8835 9015 9080 9112 9176 9178 9206 9222 9224 9251 9300 9378 9382 9449 9475 9494 9546 9579 9682 9701 9711 9720 9757 9955 9956 9994 10121 10204 10325 10367 10387 10414 10425 10427 10447 10480 10495 10537 10549 10554 10555 10556 10568 10576 10613 10635 10668 10677 10771 10808 10815 10866 10882 10936 10947 11018 11032 11088 11144 11146 11182 11186 11216 11259 11419 11482 11588 11714 12594 12700 
#module 68 size: 21 bs: 0.42526
405 794 1174 1864 2972 4324 6868 7060 7515 8408 8442 8467 8607 8794 9003 9513 9912 10322 10639 10728 11217 
#module 69 size: 8 bs: 0.195415
4192 4396 5209 6095 6190 8121 9150 9539 
#module 70 size: 10 bs: 0.217986
29 3766 3971 4504 4656 6086 6282 7138 8287 10118 
#module 71 size: 7 bs: 0.364872
1046 3506 4154 8733 9624 10388 11473 
#module 72 size: 8 bs: 0.273926
1775 4908 5061 5539 7444 8480 9418 10691 
#module 73 size: 24 bs: 0.185989
833 1633 1818 1873 2183 2457 2744 2995 3778 3779 4104 4486 4971 5031 5175 5868 6659 7284 7385 7918 8166 8280 8409 12950 
#module 74 size: 7 bs: 0.545869
1294 5127 5228 6155 6314 8621 9047 
#module 75 size: 33 bs: 0.682466
448 687 1340 1900 2894 3159 3173 3450 4133 4195 4492 4632 5494 6297 6682 6804 6992 7432 7655 7852 8276 8342 8669 8878 8922 8969 9124 10571 10583 10693 10724 11450 13055 
#module 76 size: 18 bs: 0.959274
1301 1616 1725 2892 3709 4712 4828 4910 6046 6341 7770 7811 8724 9231 10554 10654 10900 11100 
#module 77 size: 40 bs: 0.568389
482 589 810 1154 1384 1663 1774 1816 1870 1955 2259 2695 2978 3253 3293 3642 3720 3782 3922 4010 4546 4805 4842 5078 5163 6521 6749 6759 6995 7312 7620 7627 8626 8683 8989 9700 9754 10471 10761 10763 
#module 78 size: 41 bs: 0.72043
1726 1867 1974 2076 2297 2567 2858 3316 3394 3623 3800 4118 4356 4413 4921 4925 5110 5188 5359 5927 5952 6002 6012 6034 6060 6250 6279 6329 6575 7283 7380 7427 7744 7788 8085 8525 8556 10241 10689 10983 10997 
#module 79 size: 20 bs: 0.880435
1412 1859 2537 3369 3711 4939 5149 5265 5662 5808 6691 7717 7816 8436 9086 9304 10332 12582 12586 12725 
#module 80 size: 27 bs: 0.296186
1065 1414 1591 1705 2013 2041 2309 2696 3005 3601 3802 4054 4082 4795 5746 6620 6823 7045 7641 7834 8034 8056 8094 8912 9369 10860 13010 
#module 81 size: 10 bs: 0.299533
1123 2734 3533 3747 6711 7029 7048 9499 10922 11128 
#module 82 size: 21 bs: 0.106199
222 665 717 1738 1926 3398 3567 4537 4670 5266 5363 5904 6123 6458 6784 7196 7462 7628 9967 10058 10963 
#module 83 size: 32 bs: 0.422441
593 782 1215 1672 1709 1890 1966 2120 2256 2671 3836 4070 4357 5335 5343 5771 5815 6042 6381 6425 6493 6613 6869 7209 7575 7800 8058 8301 8915 10403 10697 10948 
#module 84 size: 22 bs: 1.02622
922 1501 3000 3646 3789 3949 4636 4944 6023 6436 6528 7309 7404 7838 8371 8757 9040 9580 9644 10632 10734 10947 
#module 85 size: 109 bs: 0.102249
13 14 66 611 892 919 977 1006 1169 1295 1389 1444 1469 1516 1769 1833 2138 2298 2732 2951 3039 3173 3390 3591 3640 3844 3860 3904 4030 4169 4358 4407 4459 4549 4610 4664 5051 5059 5084 5117 5137 5184 5279 5337 5385 5398 5707 5744 5823 5835 5959 6043 6052 6109 6219 6578 7024 7054 7124 7157 7329 7431 7446 7456 7501 7527 7931 8178 8357 8443 8776 8847 8970 9018 9098 9139 9144 9223 9375 9389 9512 9545 9621 9651 9688 9761 9765 9832 9942 10114 10132 10182 10220 10223 10242 10311 10351 10488 10612 10615 10725 10927 11114 11239 11601 11788 12495 12523 12958 
#module 86 size: 65 bs: 0.310058
642 702 880 927 1196 1259 1743 1877 2015 2092 2124 2131 2209 2557 2636 2793 2909 3016 3024 3039 3094 3137 3271 3294 3327 3352 3480 3625 4219 4668 4800 4998 5106 5246 5949 6207 6965 7170 7271 7355 7357 7372 7485 7540 7600 7654 7995 8399 8593 8860 8876 8966 9146 9164 9289 9573 9804 10177 10383 10861 10882 11139 11535 12125 12944 
#module 87 size: 24 bs: 0.996932
768 1693 2244 3356 3525 3914 4332 4351 4538 4931 5067 5170 5485 5626 5709 5891 6051 7768 8160 8882 8947 9915 10203 10733 
#module 88 size: 17 bs: 0.67219
546 1329 1807 2384 3222 3875 3918 4734 5173 5389 6807 7213 7598 8864 10210 10623 10830 
#module 89 size: 30 bs: 0.714813
262 886 901 917 1593 2806 2916 3462 3646 3754 4597 5030 5102 5139 6952 7168 7372 9089 9376 9381 9516 9656 9986 10099 10219 10404 10407 10783 10796 11695 
#module 90 size: 104 bs: 0.53699
72 255 293 532 758 778 880 965 1074 1247 1296 1315 1394 1491 1544 1615 1648 1651 1678 1688 1753 1915 1930 1972 2057 2110 2359 2630 2763 2929 3092 3150 3203 3254 3432 3507 3568 3650 3696 3894 3935 4166 4277 4291 4299 4393 4764 4846 5116 5187 5251 5732 6287 6301 6593 6663 6754 6771 6782 6827 6966 7014 7110 7115 7215 7226 7288 7340 7481 7491 7532 7650 7733 7911 8125 8470 8544 8602 8682 8856 8877 8908 8920 8986 9292 9579 9593 9814 9931 10110 10222 10358 10462 10617 10618 10675 10894 11020 11133 11263 11457 11566 12624 12700 
#module 91 size: 151 bs: 0.166541
381 476 724 772 814 837 990 1047 1082 1102 1134 1157 1223 1234 1305 1351 1373 1399 1400 1420 1428 1434 1520 1586 1612 1623 1631 1716 1742 1812 2024 2048 2147 2160 2301 2328 2448 2467 2471 2480 2660 2706 2808 2839 2859 2901 2936 2988 3043 3259 3448 3456 3565 3616 3735 3842 3926 4094 4121 4168 4190 4201 4253 4270 4368 4780 4804 4942 5003 5037 5039 5323 5371 5590 5666 5681 5761 5851 5858 5908 5987 6057 6061 6064 6082 6256 6471 6490 6531 6648 6755 6769 6855 6882 6928 7165 7191 7254 7258 7274 7394 7457 7535 7553 7672 7762 7769 7771 7823 7835 7932 8010 8047 8069 8101 8164 8229 8277 8289 8316 8419 8766 8775 8886 8905 9004 9055 9264 9459 9526 9534 9544 9610 9629 9858 9956 10002 10051 10057 10064 10181 10224 10324 10345 10711 10784 10824 11125 11180 11885 13004 
#module 92 size: 33 bs: 0.601983
834 974 1077 1358 1422 1606 1858 1860 2070 2615 2767 2913 3122 3516 3790 4002 4085 4530 4580 4723 5670 6035 6333 8224 8956 8983 10096 10111 10133 10299 10384 10810 11222 
#module 93 size: 39 bs: 0.568877
461 615 649 651 715 720 1546 1881 2168 2644 3699 3924 3960 4240 4313 4431 4853 5987 6118 6330 6454 6551 6567 6594 6714 6762 6854 7206 7776 8283 8758 9009 9069 9210 9594 9869 10273 10352 12039 
#module 94 size: 24 bs: 0.408564
199 547 944 1129 1313 1647 1820 2779 3333 3385 5303 5353 5392 5657 6534 7149 7243 7422 7701 7779 8252 10727 11878 13043 
#module 95 size: 8 bs: 0.166838
2119 3594 4790 5340 5566 5672 6524 6853 
#module 96 size: 73 bs: 1.07526
28 862 1029 1096 1287 1335 1427 1739 1827 1924 2645 2832 2846 2850 2874 2998 3042 3081 3154 3555 3617 3664 3925 3952 4073 4150 4232 4276 4409 4635 4653 4906 4914 5223 5324 5464 5636 5637 5819 5830 5873 5912 5935 6212 6375 6686 7020 7042 7307 7412 7723 7864 8001 8103 8272 8506 8552 8828 8945 8975 9009 9402 9672 9682 9807 10215 10308 10512 10582 10891 11203 11420 11428 
#module 97 size: 48 bs: 0.836501
971 980 1153 1454 1498 1542 1887 1947 1997 2191 2267 2287 2528 2736 2752 2802 3559 3561 3879 4163 4731 5004 5310 5656 5665 5671 5727 6887 7467 7468 7652 7659 7744 7921 8127 8130 8156 8477 8748 9228 9324 9914 10174 10321 10859 10980 11031 11581 
#module 98 size: 13 bs: 0.626047
917 1073 3257 3264 4659 5275 7044 7742 7990 9465 9723 10211 10591 
#module 99 size: 14 bs: 0.521139
682 1772 2067 2176 2553 2666 4007 5516 6446 6876 6976 7880 8938 9607 
#module 100 size: 147 bs: 0.586442
658 868 907 914 954 1033 1205 1286 1467 1525 1532 1627 1655 1682 1700 1738 1754 1790 1851 1918 2011 2023 2030 2485 2496 2507 2574 2639 2655 2709 2720 2733 3036 3047 3148 3226 3246 3304 3522 3563 3583 3633 3716 3777 3868 4204 4246 4269 4347 4380 4469 4478 4593 4609 4755 4768 5008 5038 5066 5074 5122 5141 5234 5287 5373 5599 5675 5710 5718 5820 5867 5921 5970 6037 6165 6168 6369 6388 6390 6552 6669 6688 6727 6821 6889 7126 7260 7321 7407 7442 7468 7470 7499 7588 7820 7892 8208 8246 8261 8495 8590 8653 8685 8768 8792 8801 8804 8865 8892 8932 9172 9225 9456 9483 9535 9572 9620 9766 9860 9896 10012 10021 10023 10049 10140 10165 10239 10300 10329 10363 10392 10511 10586 10609 10704 10769 10842 10875 10980 10992 11015 11031 11162 11175 11497 12494 12878 
#module 101 size: 21 bs: 0.755511
1402 1459 1616 1618 1825 2017 3007 3031 3075 3478 4424 4621 5036 6128 6707 8140 9091 9099 9924 10068 11480 
#module 102 size: 47 bs: 0.743749
759 829 896 967 1344 1357 1902 2042 2109 2162 2322 2362 2472 2490 2597 3050 3124 3169 3334 3727 3896 4080 4590 4711 4952 4964 5546 5646 6244 6815 7459 7593 7613 7853 8009 8215 9202 9326 9334 9372 9893 10233 10718 10855 10944 11120 11694 
#module 103 size: 46 bs: 0.662598
25 27 684 1005 1063 1262 1836 1970 2063 2220 2257 2340 2441 2530 2649 2841 2970 3174 3395 4053 4143 4384 4429 4563 5001 5182 5319 5330 5884 6441 6464 6736 7306 7968 7997 8332 9330 9587 9895 9901 10119 10203 10705 10768 11491 12639 
#module 104 size: 57 bs: 0.484292
178 207 874 1026 1053 1680 1904 2251 2254 2271 2458 2536 2592 2682 2724 2820 2969 4005 4149 4361 4409 4677 4721 5397 5415 5509 5947 5954 6065 6183 6451 6601 6785 6851 6990 7227 7302 7311 7417 7464 7512 7799 7887 8053 8055 8410 8699 8848 9422 9906 9926 10308 10310 10631 10705 10791 10921 
#module 105 size: 87 bs: 0.584143
716 975 1027 1051 1233 1377 1519 1645 1676 2146 2227 2265 2300 2639 2823 3019 3113 3128 3283 3308 3512 3826 4020 4025 4282 4315 4327 4334 4451 4662 4788 4990 5005 5088 5210 5358 5367 5495 5517 5602 5806 5959 6052 6174 6175 6217 6254 6467 6515 6591 6597 6694 6702 6826 6978 7051 7175 7402 7500 7792 7801 7900 7905 7950 8676 8985 9518 9565 9852 9899 9928 9936 10069 10073 10151 10359 10473 10551 10609 10769 10942 11011 11108 11175 11552 12609 12678 
#module 106 size: 34 bs: 1.06657
257 258 1349 1432 1557 1687 1788 2151 2346 2586 2871 3518 3571 3589 3652 5071 5411 5712 5755 5903 6160 7097 8429 8528 8803 9480 9877 10018 11008 11254 11380 11429 11540 11703 
#module 107 size: 170 bs: 0.817757
1 31 188 200 379 618 725 932 943 944 954 983 1183 1230 1303 1452 1540 1619 1636 1715 1729 1878 2022 2060 2348 2522 2531 2568 2632 2652 2823 2832 2835 2854 2870 2902 2921 3045 3119 3147 3158 3169 3204 3211 3234 3378 3391 3403 3494 3535 3545 3552 3558 3655 3657 3715 3724 3775 3884 3900 3909 3995 4161 4297 4379 4517 4620 4639 4769 4814 4900 4901 5153 5219 5243 5290 5308 5481 5589 5610 5640 5700 5733 5757 5773 5826 5844 5866 5907 5914 6105 6106 6153 6253 6273 6310 6319 6336 6362 6438 6623 6764 6833 7047 7103 7185 7255 7268 7392 7416 7467 7489 7563 7584 7602 7710 7832 7866 8049 8114 8194 8242 8401 8512 8545 8629 8708 8713 8788 8854 9001 9026 9069 9120 9190 9529 9531 9747 9784 9885 10035 10036 10040 10116 10147 10196 10235 10390 10408 10473 10543 10619 10659 10703 10715 10813 10816 10876 10879 10943 10970 11012 11126 11127 11223 11260 11411 11705 11840 12660 
#module 108 size: 89 bs: 0.373187
196 197 210 789 939 941 948 1182 1210 1225 1430 1620 1646 1706 1745 1750 1757 1758 1780 1808 1872 1936 2096 2390 2408 2452 2479 2714 2773 2937 3042 3190 3315 3355 3464 3720 3807 3820 3919 4145 4262 4393 4436 4458 4540 4726 4751 5067 5163 5232 5699 5701 5745 5841 5890 6320 6574 6627 6774 6848 7135 7207 7391 7410 7620 7685 7859 8016 8021 8100 8235 8373 8452 8627 8639 8720 8787 9036 9297 9399 9415 9969 9998 10168 10379 10431 10593 10729 10812 
#module 109 size: 40 bs: 0.888041
3 622 986 1003 1067 1149 1312 1355 1643 2008 2079 2203 2290 2633 3185 3203 3240 3341 3610 4785 4801 5019 5023 5679 5754 5972 6083 6629 6839 6884 7194 8481 8531 8770 8837 9446 10327 10721 10744 11010 
#module 110 size: 33 bs: 0.647161
1113 1483 2105 2303 2338 2440 3359 3577 3934 4132 4335 4552 4592 4784 5789 5796 5901 6079 6370 6841 7345 7783 8017 8465 8523 8581 9704 9840 10130 10134 10371 10554 10620 
#module 111 size: 13 bs: 0.887981
257 1385 1987 2891 3547 4613 5367 6339 6664 6817 7827 9663 10047 
#module 112 size: 41 bs: 0.400501
329 629 630 631 1213 1403 1471 1695 1795 2163 2299 2347 2400 2500 2792 3227 3244 3408 3417 3753 4175 4693 4880 4970 5172 5594 6016 6088 6133 6236 6306 7265 7290 7369 7446 7899 8346 8464 8586 10659 10950 
#module 113 size: 151 bs: 0.623969
53 189 464 498 670 679 807 817 853 889 890 894 988 1055 1125 1267 1273 1364 1582 1632 1673 1686 1745 1840 1907 1920 1927 1931 1933 1939 2075 2126 2142 2182 2319 2334 2340 2372 2392 2565 2583 2719 2957 3040 3046 3179 3217 3219 3455 3496 3505 3573 3658 3728 3805 3809 3832 4119 4183 4234 4287 4465 4618 4627 4630 4671 4722 4796 4806 4895 4929 4995 5183 5241 5396 5469 5478 5538 5554 5586 5619 5698 5702 5877 5888 6151 6214 6295 6298 6345 6511 6526 6566 6625 6642 6770 6872 6942 6986 6987 7000 7044 7059 7116 7143 7364 7484 7522 7536 7706 7766 7794 7986 8028 8145 8258 8288 8294 8319 8405 8484 8862 8940 8943 8957 8978 9040 9057 9165 9180 9292 9343 9466 9570 9662 10049 10056 10102 10579 10667 10712 10826 10844 10889 10920 11142 11172 11445 12228 12663 12681 
#module 114 size: 34 bs: 0.769078
227 767 923 1204 1208 1640 1782 2651 3129 3381 3438 3515 3976 4719 4754 5040 5352 5417 5601 6032 6365 6780 6837 7362 7692 7898 7967 8566 10360 10387 10737 11152 11169 11526 
#module 115 size: 12 bs: 0.538666
1594 2863 3416 4102 4318 5833 7316 8335 10792 10822 11069 12790 
#module 116 size: 33 bs: 0.255048
296 1179 1381 2010 2093 3060 3292 3780 4248 4533 4747 5300 5304 5422 5985 6008 6859 8041 8755 9114 9273 9326 9549 10087 10162 10183 10220 10547 10584 10736 10743 10831 12553 
#module 117 size: 29 bs: 0.75705
38 535 784 802 876 1307 1439 1989 1994 2469 2869 4057 4328 4523 5442 5896 6142 6637 6744 6797 7039 7478 9013 9317 9702 9813 10629 10857 11135 
#module 118 size: 39 bs: 0.713507
173 777 1322 1549 1628 1863 1943 2053 2089 2097 2145 2270 2556 2758 3171 3469 3495 3812 3815 3982 3995 4626 5024 5438 6667 6692 6786 6981 7109 7482 7622 8063 8309 8441 8457 8838 9868 10197 10795 
#module 119 size: 72 bs: 0.578676
21 38 274 327 787 938 1015 1177 1216 1237 1468 1504 1652 1712 2383 2517 2656 3017 3215 3382 3405 3421 3692 3857 3865 3985 4048 4069 4071 4156 4411 4732 4733 4845 4891 5029 5115 5299 5455 5612 5686 5848 5855 6093 6146 6349 6517 6813 7067 7070 7167 7324 7688 7959 8439 8503 8609 8714 8727 8777 9027 9048 9189 9255 9289 9438 9524 9968 10349 10473 10629 10975 
#module 120 size: 66 bs: 0.920709
364 528 625 655 769 824 1343 1374 1799 2073 2228 2229 2252 2427 2510 2589 2772 3098 3261 3562 3585 3932 4044 4180 4360 4797 4835 5092 5142 5157 5174 5419 5763 5899 6030 6138 6260 6304 6376 6408 6478 6618 6672 6731 7025 7031 7084 7125 7716 8336 8350 8468 9156 9264 9687 10146 10248 10375 10394 10474 10709 10972 11025 11252 11272 11973 
#module 121 size: 55 bs: 0.376062
229 598 885 1114 1119 1155 1226 1391 1634 1681 1869 2082 2103 2286 2374 2713 2973 3188 3207 3399 3470 3582 3585 3764 3829 3995 4531 4582 5139 5571 5593 5657 5714 6647 6798 6805 6822 6938 7001 7029 7365 7878 7891 7922 7940 8299 8564 8949 9079 9320 10050 10461 11017 11456 12881 
#module 122 size: 48 bs: 0.154347
803 1457 1717 1762 1895 2285 2409 2488 2548 2605 2765 2823 2921 3119 3266 3337 3636 3768 4158 4619 4792 4816 5128 5297 5374 5569 5622 5844 6125 6442 6680 6823 7353 7382 7477 8078 8184 8355 8378 8524 8678 8788 9143 10622 10747 10832 10988 12507 
#module 123 size: 76 bs: 0.493285
202 375 479 540 766 1061 1167 1490 1625 1662 1801 1894 1929 1953 2090 2281 2451 2922 3049 3164 3285 3639 3733 3916 3961 4117 4211 4388 4438 4448 4474 4586 4638 4966 5261 5446 5481 5609 6075 6582 6721 6722 6918 7148 7237 7548 7556 7824 7857 7977 8066 8370 8501 8675 8895 8945 8965 8999 9021 9212 9414 9440 9487 9646 9683 9743 9886 10185 10281 10723 10787 10917 10991 11130 11213 11733 
#module 124 size: 38 bs: 0.153318
563 866 1098 1494 1592 1735 1791 1973 2419 2927 2974 3546 4198 4423 4724 4860 5489 5525 5595 6078 6162 6300 6448 7565 7778 8422 9045 9120 9394 9583 9661 9664 9989 10011 10068 10253 10583 10663 
#module 125 size: 72 bs: 0.621064
673 1166 1359 1445 1845 1946 2086 2388 2481 2504 2781 2838 3015 3022 3073 3719 3871 4036 4138 4235 4268 4301 4312 4342 4456 4555 4616 4634 4694 4817 4825 4848 5309 5341 5462 5506 5521 5973 6085 6098 6380 6800 7160 7248 7266 7297 7411 7526 7810 7826 7836 8042 8183 8228 8368 8539 8692 9020 9436 9458 9732 9750 9788 10039 10454 10735 10748 10774 10811 10818 11109 12854 
#module 126 size: 157 bs: 0.511001
17 40 43 338 403 517 677 683 726 789 809 854 933 945 955 1010 1025 1028 1065 1106 1147 1160 1220 1222 1238 1243 1254 1342 1416 1484 1530 1563 1567 1609 1708 1722 1778 1802 2216 2234 2245 2292 2389 2428 2533 2621 2691 2783 2876 2918 3110 3196 3336 3356 3379 3445 3454 3748 3843 3874 3877 3899 4033 4046 4072 4139 4214 4381 4402 4442 4603 4642 4653 4781 4859 4903 4959 5116 5135 5202 5220 5327 5334 5508 5541 5542 5552 5591 5688 5760 5768 5818 5856 5868 5919 5984 6007 6022 6067 6209 6215 6290 6315 6357 6358 6588 6730 6743 6816 7006 7021 7067 7195 7328 7340 7383 7435 7544 7557 7837 7936 8080 8186 8306 8365 8630 8782 8791 8875 8889 9019 9063 9263 9272 9277 9316 9332 9370 9386 9478 9601 9674 9677 9691 9872 9975 9977 10137 10280 10337 10751 10925 11009 11083 11171 12629 13081 
#module 127 size: 38 bs: 0.840667
521 581 1401 1526 1771 1944 2191 2378 3368 3673 3687 4058 4099 4108 4242 4916 5108 5206 5606 5632 5635 5983 6285 7183 7581 7941 8227 8406 8545 8771 8805 9232 9468 9495 9637 10054 10558 10926 
#module 128 size: 48 bs: 0.419176
811 895 1132 1398 1441 1565 1649 1724 1832 1886 2077 2164 2173 2193 2332 2412 2437 2473 2543 2664 2815 2851 2917 2947 3033 3392 3854 3973 3997 4462 4475 4485 4652 5326 5496 5637 5936 6929 8029 8361 8447 8643 8663 8717 8821 10945 11153 11678 
#module 129 size: 44 bs: 0.312822
592 1843 2101 2221 2516 2541 2570 2800 3028 3138 3263 3446 3718 4050 4339 4358 4562 4821 4873 4973 5086 5691 6377 6577 6620 6758 7278 7452 7688 7756 7764 7909 8476 8982 9404 9521 9819 10193 10287 10611 10814 10919 10999 12990 
#module 130 size: 49 bs: 0.484517
77 493 842 849 898 1187 1675 1787 1841 2044 2843 3322 3332 3553 3726 3741 3921 3950 4286 5120 5296 5447 5617 5769 5812 6013 6021 6445 6852 6895 7112 7177 7614 7719 7802 7976 8025 8380 8496 9107 9149 9554 9984 10266 10928 11118 11262 11487 11501 
#module 131 size: 54 bs: 0.743508
492 526 650 995 1092 1739 1752 1897 2187 2208 2238 2694 3343 3574 4354 5146 5342 5400 5892 6004 6090 6141 6181 6354 6421 6475 6757 6788 6915 6970 7026 8021 8033 8104 8233 8235 8537 8815 8856 8909 9177 9211 9221 9625 9966 9983 10218 10298 10544 10916 11004 11141 11490 11990 
#module 132 size: 136 bs: 1.06146
208 265 637 822 845 991 998 1025 1038 1128 1151 1156 1309 1380 1487 1518 1641 1659 1969 2025 2141 2194 2492 2675 2676 2685 2849 2881 2928 2930 2943 2953 3068 3131 3232 3273 3306 3364 3373 3444 3609 3666 3745 3756 3856 3883 3963 4022 4173 4227 4281 4291 4372 4465 4534 4542 4649 4676 4761 4875 5032 5216 5386 5559 5676 5713 5726 5902 6047 6072 6102 6181 6206 6233 6237 6242 6262 6460 6466 6526 6529 6599 6698 6707 6788 6857 6979 7005 7026 7107 7303 7319 7551 7679 7720 7808 7886 8119 8462 8615 8622 8673 8716 8790 8871 8907 8917 8923 9171 9209 9267 9357 9358 9417 9569 9602 9685 9920 9980 10103 10123 10198 10265 10275 10337 10376 10591 10712 10754 10772 10825 10839 10884 11211 11447 12902 
#module 133 size: 80 bs: 0.225884
41 613 619 982 994 1007 1014 1105 1316 1350 1408 1435 1446 1450 1596 1789 1798 1850 1874 2088 2189 2300 2361 2381 2564 2580 2728 2872 2897 3132 3199 3328 3331 3397 3606 3615 3631 4177 4345 4470 4505 4529 4565 4704 4917 5132 5180 5189 5272 5400 5659 5887 5898 6035 6616 7037 7051 7052 7293 7414 7656 8075 8703 8712 9007 9208 9745 9845 9916 10124 10316 10382 10386 10514 10528 10567 10674 10869 11215 11372 
#module 134 size: 24 bs: 0.625831
271 672 806 1314 1556 1572 1800 2155 2527 2980 3180 3509 3996 4135 4466 4473 4993 5928 6266 7198 8959 9630 10629 10801 
#module 135 size: 121 bs: 0.584018
480 486 543 718 1000 1325 1332 1621 1668 1682 1856 2189 2200 2349 2382 2411 2494 2512 2513 2618 2814 2919 2961 3083 3174 3186 3496 3544 3581 3600 3775 3785 3824 3852 3863 3978 4088 4097 4100 4241 4335 4404 4522 4524 4536 4552 4554 4674 5046 5060 5097 5221 5229 5307 5463 5490 5600 5601 5603 5842 5901 6031 6152 6289 6324 6328 6359 6384 6489 6505 6536 6784 6795 6809 6841 6908 7058 7188 7235 7337 7403 7502 7503 7617 7660 7910 7928 7935 8017 8050 8187 8215 8238 8338 8510 8581 8893 9025 9061 9133 9156 9167 9181 9416 9586 9649 9771 9798 9801 9941 10130 10134 10143 10554 10647 10933 11019 12559 12577 12588 12618 
#module 136 size: 103 bs: 0.233524
20 66 172 779 1115 1145 1254 1280 1311 1330 1353 1405 1411 1824 1842 2000 2298 2339 2464 2493 2505 2703 2778 3074 3143 3187 3280 3390 3461 3521 3624 3776 3828 3837 3865 3876 4031 4061 4206 4218 4221 4228 4382 4496 4532 4559 4575 4665 4745 4809 5035 5117 5161 5255 5420 5631 5677 5708 5865 5923 5967 6052 6109 6113 6143 6144 6440 6904 7087 7145 7240 7313 7446 7549 7893 8008 8382 8674 8962 8988 9041 9102 9375 9397 9536 9540 9545 9654 10091 10108 10166 10226 10293 10303 10356 10565 10612 10628 10629 10908 11435 11498 11699 
#module 137 size: 47 bs: 0.885327
49 583 900 1141 1173 1961 2099 2134 2442 2836 3459 3532 3675 3956 3989 4056 4079 4844 4911 5171 5390 5714 5925 6159 6331 6449 6844 7043 7131 7287 7670 7960 7970 8040 8270 8441 8901 9006 9322 9429 9434 9881 9991 10186 10230 10616 11383 
#module 138 size: 48 bs: 0.128072
1558 1569 1739 1806 1882 1924 2443 2450 2846 3042 3247 3796 3952 4508 4684 4833 5321 5509 5537 5721 5859 5873 5879 6065 6158 6257 6321 6375 6733 7079 7590 7682 7723 8103 8132 8315 8391 8552 8557 8828 9230 9773 10107 10169 10308 10660 10678 11203 
#module 139 size: 66 bs: 0.703453
27 681 718 1005 1212 1284 1361 1621 1766 1838 2291 2306 2340 2445 2530 2664 2681 2726 2852 2882 3058 3065 3174 3275 3395 3706 3901 4088 4310 4426 4471 4547 5079 5182 5307 5404 5474 5531 5581 5605 5655 5792 5807 5832 6281 6441 7267 7819 8391 8435 8459 8486 8527 8550 8692 8697 9305 9374 9467 9500 10190 10455 10878 10987 11073 11085 
#module 140 size: 26 bs: 0.384461
59 384 1714 1804 1935 2357 2453 2776 2813 2875 2914 4687 4888 4996 5493 6890 6945 8209 8248 8891 9254 9394 9989 10020 11111 12653 
#module 141 size: 106 bs: 0.862982
35 505 691 763 791 833 835 858 913 964 1018 1104 1356 1455 1513 1543 1598 1626 1786 1835 1910 1919 1969 2034 2085 2096 2320 2360 2385 2396 2449 2609 2704 2898 3414 3604 3621 3740 3748 3994 4052 4217 4267 4581 4744 4757 4875 4988 5013 5053 5056 5060 5263 5400 5467 5544 5817 5829 5836 6066 6334 6455 6465 6491 6873 6919 6923 6949 6962 7099 7242 7425 7445 7525 7749 7750 7834 7846 8245 8318 8351 8376 8458 8947 9331 9340 9374 9390 9491 9671 9825 9961 9976 9982 10126 10276 10304 10317 10560 10608 10647 10707 11096 11183 11481 12995 
#module 142 size: 23 bs: 0.668907
909 1042 1136 1207 1306 1615 1635 2861 3391 3412 3413 4742 5179 5231 5281 5459 5664 6033 6188 6940 7907 10935 11425 
#module 143 size: 192 bs: 0.556859
36 398 543 600 645 828 951 956 968 970 1013 1040 1041 1056 1168 1212 1214 1265 1317 1375 1413 1419 1522 1601 1614 1615 1629 1730 1756 1821 1830 1848 1856 1975 1984 2006 2038 2046 2080 2132 2169 2189 2200 2258 2273 2296 2355 2459 2477 2494 2501 2513 2514 2594 2613 2727 2814 2847 2883 2919 2948 3006 3186 3237 3347 3360 3424 3467 3491 3496 3510 3580 3588 3663 3686 3841 3866 3902 4035 4165 4180 4188 4241 4273 4541 4675 4730 4756 4774 4857 4879 4883 4886 4909 4977 5057 5068 5194 5250 5307 5317 5365 5393 5413 5781 5787 5803 5842 5847 5991 6024 6031 6038 6069 6112 6126 6241 6284 6289 6385 6476 6536 6783 6897 7118 7122 7203 7293 7330 7349 7403 7424 7448 7503 7608 7664 7731 7784 7910 7928 7943 7946 7966 8026 8050 8129 8159 8163 8187 8279 8338 8421 8482 8546 8656 8728 8729 8831 8839 8951 8953 9034 9060 9097 9133 9326 9371 9447 9507 9586 9632 9649 9668 9801 9891 9921 9941 10208 10516 10688 11019 11265 11269 11340 11441 12170 12559 12588 12613 12654 12666 13039 
#module 144 size: 18 bs: 0.238464
966 996 2795 3516 3612 3722 4038 4068 4571 5181 6014 6533 6719 7173 8197 10167 10295 11117 
#module 145 size: 44 bs: 0.587429
56 244 714 1103 1241 1321 1959 2180 2235 2391 2554 2590 2687 2707 2805 3139 3213 4172 4330 4447 4583 4702 4746 5254 5791 6419 6443 6677 7075 7580 7781 7902 8530 8987 9342 9555 9821 9929 10209 10378 10403 10450 10716 11388 
#module 146 size: 110 bs: 0.673564
39 541 771 813 847 993 1030 1031 1054 1143 1150 1333 1407 1488 1493 1506 1531 1535 1561 1612 1650 1785 1854 1958 1998 2123 2212 2243 2432 2573 2577 2640 2663 2819 2943 2994 3063 3135 3192 3218 3222 3361 3375 3463 3524 3679 3817 3940 4170 4231 4276 4539 4594 4688 4707 4782 4948 5043 5116 5315 5440 5765 5824 5918 5951 5979 6015 6089 6114 6215 6335 6598 6944 6997 7083 7326 7340 7441 7661 7727 7740 7919 7952 8372 8427 8542 8671 8684 8827 8836 8859 8869 8920 8935 9041 9161 9162 9270 9338 9545 10100 10202 10206 10212 10362 10415 10431 10751 10777 12642 
#module 147 size: 29 bs: 0.581761
18 37 562 873 1475 1719 1756 2113 2525 2912 3580 3834 3878 4046 4410 4925 5211 5273 5913 6018 6038 6203 6272 6606 6725 8076 8850 9301 10247 
#module 148 size: 37 bs: 0.453988
63 851 864 2107 2424 2775 2856 2886 2946 3084 3393 3508 3954 4314 4333 4713 4846 5560 5616 5719 6366 6689 7221 7344 7399 8328 8380 8585 9679 9853 10110 11121 11151 11161 11168 11270 11338 
#module 149 size: 77 bs: 0.378152
51 236 333 573 644 833 1101 1152 1499 1545 1644 1664 1892 2001 2014 2117 2149 2295 2478 2623 2669 2852 3103 3356 3560 3635 3731 3742 3796 3914 4095 4153 4245 4321 4607 4719 4774 4847 4852 4858 5247 5252 5437 5584 5965 6275 6507 6554 6644 6704 6877 6906 7072 7273 7300 7507 7899 8165 8284 8369 8551 9378 9401 9728 9765 9889 9919 9927 9960 10572 10587 10907 10939 11212 11266 11483 12505 
#module 150 size: 46 bs: 0.311417
75 1091 1191 1539 1884 2012 2055 2177 2250 2297 2515 2520 2635 3310 3410 3441 3473 3482 3587 4039 4090 4367 4686 4729 4878 4972 5177 5178 5348 5484 5813 6463 6477 6649 6957 7069 7472 7759 7963 8135 8298 9315 9905 10024 10956 12645 
#module 151 size: 69 bs: 1.0495
218 612 1386 1744 1960 2402 2454 2486 2638 2658 2750 2807 2812 2907 3041 3095 3289 3366 3379 3380 3484 3513 3638 3893 4029 4062 4122 4408 4446 4449 4520 4867 4889 5276 5423 5451 5526 5849 5992 6278 6296 6509 6523 6723 7035 7667 7828 8072 8095 8386 8402 8441 8474 8498 9131 9145 9185 9247 9714 9934 9945 10157 10534 10590 10779 10862 11209 11235 11415 
#module 152 size: 21 bs: 0.556968
963 1987 2021 2507 2821 3303 3743 3793 5162 5208 5573 5895 6665 7003 8001 8200 8488 8571 9763 10070 11962 
#module 153 size: 63 bs: 0.330126
17 28 242 808 924 1008 1287 1458 1622 1896 2050 2137 2246 2661 2695 2761 2837 2860 2950 3114 3262 3575 3660 3890 4230 4416 4577 4760 4762 4870 4915 5027 5208 5756 5758 5912 6091 6177 6312 6375 6428 6513 6654 7599 7605 7858 8001 8115 8170 8744 8767 8887 8918 8971 9034 9463 10259 10644 10683 10881 11140 11441 12741 
#module 154 size: 83 bs: 0.821389
194 294 558 1241 1299 1331 1382 1479 1486 1513 1731 1737 1749 2121 2249 2313 2428 2434 2538 2893 3037 3047 3350 3463 3590 3632 3831 3894 3986 3996 4001 4019 4051 4401 4945 5140 5305 5778 5801 5890 6347 6368 6391 6630 6748 6839 6847 6850 6974 7110 7115 7332 7350 7661 7721 8131 8172 8254 8320 8565 8579 8774 8986 9021 9072 9151 9197 9339 9363 9364 9486 9509 9708 10222 10238 10525 10672 10699 10806 10978 11143 11228 12039 
#module 155 size: 55 bs: 0.621196
58 298 467 518 844 1066 1081 1271 1471 1547 1666 1667 1704 2370 3001 3025 3064 3260 3602 3717 3786 4000 4123 4500 5082 5086 5179 5195 5498 5628 5674 6374 6472 6846 6996 7090 7958 8138 8601 8738 8793 8829 8946 9265 9312 9367 9623 10461 10596 10706 10852 11006 11082 11256 12881 
#module 156 size: 318 bs: 0.340528
47 273 291 381 484 503 542 584 599 602 603 605 616 772 814 840 935 958 959 961 990 1004 1067 1082 1155 1200 1234 1235 1258 1266 1305 1351 1372 1420 1453 1482 1520 1568 1576 1605 1631 1698 1767 1770 1783 1812 1875 1879 1903 2036 2048 2111 2127 2174 2188 2219 2467 2471 2558 2562 2660 2706 2739 2756 2768 2816 2844 2845 2848 2879 2906 2908 2936 2952 2965 2992 3004 3052 3070 3096 3107 3127 3141 3149 3184 3220 3235 3259 3329 3370 3372 3402 3456 3468 3539 3549 3569 3670 3676 3680 3686 3735 3737 3915 3966 4017 4067 4094 4125 4127 4168 4184 4201 4253 4311 4368 4386 4400 4421 4481 4511 4628 4654 4660 4667 4737 4804 4812 4920 4938 4983 5037 5039 5042 5063 5151 5169 5323 5395 5414 5505 5523 5527 5528 5570 5590 5596 5597 5620 5648 5649 5666 5681 5741 5767 5797 5851 5858 5908 5934 5962 6006 6019 6031 6061 6064 6076 6077 6101 6230 6239 6309 6323 6361 6403 6459 6461 6518 6559 6580 6635 6648 6662 6670 6697 6708 6806 6840 6882 6910 6928 7004 7142 7165 7193 7223 7249 7254 7256 7257 7291 7305 7359 7361 7389 7419 7497 7498 7505 7550 7553 7570 7587 7619 7649 7658 7669 7700 7743 7785 7795 7847 7950 7980 7993 8010 8019 8047 8069 8089 8123 8158 8175 8191 8234 8247 8263 8303 8316 8362 8392 8502 8521 8580 8619 8624 8659 8670 8709 8783 8814 8818 8916 9038 9055 9076 9094 9199 9245 9275 9303 9329 9373 9506 9510 9526 9544 9548 9589 9596 9610 9655 9670 9680 9792 9801 9858 9870 9883 9888 9891 9949 9956 9976 10028 10057 10072 10158 10164 10181 10205 10221 10224 10228 10255 10264 10324 10345 10492 10510 10531 10738 10883 10952 11070 11125 11147 11180 11264 11436 11446 11463 11565 11885 12264 12511 12588 12903 
#module 157 size: 41 bs: 0.488233
472 793 1193 1257 2196 2960 3057 3147 3489 3603 3614 4107 4259 4599 5018 5064 5430 5619 6200 6481 6657 7128 7374 7624 7926 8272 8434 8518 8640 8688 8961 9142 9399 9424 9733 10153 10592 10613 11191 12756 12945 
#module 158 size: 74 bs: 0.707375
44 449 459 775 1058 1231 1323 1394 1483 1492 1618 1626 1716 2031 2213 2222 2224 2338 2559 3054 3119 3179 3384 3428 3669 3704 3851 3943 4373 4389 4592 4692 4789 4849 4885 4982 5121 5396 5563 5784 5793 5893 5964 6029 6079 6215 6238 6643 6800 6878 7130 7423 7490 7523 7938 8845 8937 9121 9140 9161 9344 9399 9501 9692 9758 10354 10371 10470 10679 10712 10778 11453 11701 12549 
#module 159 size: 30 bs: 0.281871
1052 1409 2345 3135 3465 3784 4087 4098 4457 5441 6163 6215 7040 7466 7504 8006 8013 8440 8519 8893 9052 9313 9892 10314 10333 10415 10871 10965 11171 11703 
#module 160 size: 68 bs: 0.848148
685 1062 1241 1272 1365 1479 1481 1595 1707 1830 2027 2186 2232 2288 2313 2348 2352 2434 2489 2600 2673 2698 2727 2842 2956 3061 3135 3301 3386 3501 3590 3680 3686 3693 3698 3723 4129 4290 4639 4970 4991 5295 5412 5514 6050 6308 6491 6678 6756 6783 6865 6900 7263 7275 7289 7634 7971 8172 8239 8858 9072 9200 9360 9660 10075 10401 10415 11143 
#module 161 size: 98 bs: 0.77849
48 62 169 236 303 463 469 608 721 765 1107 1158 1161 1566 1603 1693 1747 1813 1986 2077 2455 2591 2659 2988 3038 3088 3103 3221 3356 3914 3999 4076 4105 4144 4778 4858 5067 5104 5253 5285 5375 5437 5450 5499 5502 5776 5786 5860 5885 5961 6234 6342 6382 6554 6594 6651 6675 6676 6832 6906 6924 7155 7246 7687 7776 7798 7870 7987 7991 8038 8057 8116 8160 8199 8507 8551 8778 8779 8947 9176 9336 9378 9401 9753 9775 9897 9933 10367 10406 10519 10546 10815 10845 11144 11232 11588 12492 12527 
#module 162 size: 91 bs: 0.959681
73 304 491 519 720 721 765 826 852 856 1045 1099 1127 1396 1552 1777 1813 1991 2136 2154 2158 2195 2644 2746 2862 2977 3008 3151 3348 3401 3479 3586 3758 3798 3814 3964 3970 4249 4255 4296 4385 4698 4736 4877 4927 5122 5168 5377 5504 5629 6041 6251 6522 6565 6746 6899 6934 6951 7076 7471 7578 7718 7736 7881 7882 8203 8260 8264 8312 8425 8507 8934 8974 9069 9609 9813 9963 9964 10032 10341 10444 10445 10508 10566 10637 10660 10854 11024 11400 11442 12966 
#module 163 size: 140 bs: 1.07347
254 311 487 488 762 827 1124 1163 1185 1275 1387 1489 1654 1815 1928 1932 1957 1964 1968 2056 2104 2130 2133 2275 2519 2674 2730 2816 2844 2879 2924 3009 3062 3093 3112 3120 3268 3326 3493 3551 3654 3684 3708 3907 3913 3955 4075 4303 4323 4377 4472 4479 4512 4584 4837 4865 4878 4912 5058 5138 5249 5339 5345 5443 5498 5661 5684 5748 5838 5924 5944 5989 6070 6100 6149 6230 6231 6243 6260 6494 6504 6514 6652 6673 6674 6717 6718 6741 6789 6801 6842 6955 7252 7406 7447 7509 7589 7626 7633 7635 7760 7780 7861 8035 8190 8253 8293 8323 8445 8489 8532 8749 8750 8762 8850 8893 8964 9269 9290 9543 9570 9946 9957 10318 10493 10695 10789 10793 10823 10835 10869 10955 10957 11189 11393 11509 12162 12573 12683 12903 
#module 164 size: 55 bs: 0.188692
92 468 762 1048 1347 1616 2033 2172 2211 2511 2766 2780 2818 2844 2857 3010 3166 3326 3404 3548 3708 3850 4179 4340 5278 5461 5487 5728 5870 6149 6260 6572 6718 7050 7277 7509 8190 8478 8523 8672 8852 9193 9816 9878 10037 10149 10191 10201 10244 10355 10413 10657 10904 11006 11503 
#module 165 size: 153 bs: 0.635851
16 206 378 447 489 686 877 1035 1039 1368 1443 1464 1503 1521 1529 1553 1587 1610 1616 1657 1720 1733 1826 1837 1866 1968 2078 2133 2139 2175 2178 2289 2341 2385 2406 2438 2444 2461 2465 2491 2725 2938 2958 3056 3152 3278 3351 3403 3453 3528 3566 3597 3651 3806 3822 3852 3962 3977 4112 4208 4209 4283 4387 4450 4461 4503 4679 4708 4807 4893 4919 4978 4984 5073 5098 5113 5159 5284 5316 5547 5625 5700 5773 5800 5915 5924 5999 6092 6164 6385 6404 6433 6457 6474 6604 6880 6964 6967 6980 6988 7049 7119 7271 7434 7510 7513 7712 7837 7839 7889 7945 8032 8077 8161 8179 8407 8453 8475 8506 8533 8587 8749 8802 8820 8995 9016 9037 9346 9473 9488 9508 9541 9604 9710 9890 9981 10053 10076 10192 10314 10346 10441 10469 10509 10568 10641 10746 10753 10762 10783 10835 12568 12980 
#module 166 size: 123 bs: 0.103196
527 575 604 710 768 931 934 1035 1100 1126 1214 1297 1406 1463 1621 1697 1745 1780 1808 1866 1901 1951 2034 2198 2356 2406 2433 2547 2643 2725 2764 2964 3036 3160 3212 3316 3525 3732 3793 3801 3864 3895 3914 3927 3929 3969 4180 4283 4518 4544 4669 4678 4756 4829 4851 4920 4941 4979 5067 5077 5408 5470 5532 5561 5669 5742 5924 6092 6145 6288 6405 6409 6447 6474 6541 6779 6950 6988 7152 7187 7378 7393 7449 7567 7607 7869 7889 7910 8102 8161 8187 8394 8407 8426 8548 8587 8625 8632 8787 8820 8867 9003 9286 9346 9508 9667 9679 9740 9771 9898 9915 10232 10357 10424 10469 10476 10527 10641 10747 10762 11134 11217 12980 
#module 167 size: 17 bs: 0.788777
804 1138 1472 1683 2614 2791 3146 4045 4678 4691 4753 6135 6555 6745 7386 9252 10603 
#module 168 size: 27 bs: 0.598238
520 1270 1565 1584 2066 2539 2693 2799 2851 2911 3003 3133 3156 3290 3362 3611 4124 4271 5643 5652 5905 6903 7657 8483 8642 9577 10013 
#module 169 size: 76 bs: 0.503932
5 208 224 878 986 1059 1078 1133 1135 1219 1465 1581 1674 1751 1831 1911 2729 2838 2963 3059 3182 3554 3557 3644 3755 3920 3930 3990 4037 4115 4213 4316 4430 4514 4843 5112 5166 5387 5510 5553 5667 5737 5764 5861 5862 5917 5980 6028 6184 6212 6252 6313 6563 7102 7614 7699 7829 7978 8051 8061 8241 8608 8701 9679 9693 9918 9954 10381 10432 10658 10673 10755 10756 10767 10780 11029 
#module 170 size: 35 bs: 1.06782
595 1656 1690 1891 2071 2197 2755 2774 3029 3087 3181 3349 4274 4490 4573 5044 5614 5734 6568 7398 7955 8054 8189 8231 8765 9074 9159 9173 9412 10082 10306 10597 11157 11165 11451 
#module 171 size: 114 bs: 0.151891
335 492 564 621 729 781 863 968 969 1253 1292 1395 1418 1759 1846 1923 1937 2148 2321 2430 2481 2636 2769 2823 2910 2939 2990 3015 3051 3191 3214 3338 3442 3472 3605 3713 3833 3870 3906 4032 4443 4532 4570 4611 4694 4827 4869 4885 4934 5109 5160 5233 5545 5562 5567 5602 5735 5780 5809 6123 6175 6247 6340 6351 6393 6485 6636 6655 6715 6744 6800 7225 7321 7354 7623 7836 8012 8023 8043 8091 8221 8372 8379 8592 8609 8692 8727 8830 8976 9115 9135 9140 9239 9359 9403 9437 9552 9658 9857 9862 9939 9944 10089 10115 10465 10577 10650 10951 10966 10981 11093 11712 12382 12605 
#module 172 size: 44 bs: 0.503075
723 968 1097 1302 1570 1649 1784 2072 2210 2223 2316 2971 3115 3238 3630 3854 3862 4596 4612 4823 4933 5105 5403 5955 6003 6218 6229 6398 6506 6975 7211 7601 7698 7942 8387 8826 8924 9029 9694 9855 9871 10080 10419 11098 
#module 173 size: 164 bs: 0.115222
2 11 63 125 259 313 372 385 413 529 537 580 647 689 698 805 865 921 936 981 1110 1116 1122 1159 1221 1251 1293 1302 1338 1575 1692 1876 1888 1988 1999 2043 2107 2122 2337 2342 2404 2487 2540 2572 2581 2688 2708 2760 2830 2888 2889 2933 2952 3091 3157 3216 3288 3492 3688 3757 3803 3849 3972 4047 4078 4092 4178 4224 4393 4495 4505 4585 4598 4657 4663 4752 4763 4815 4820 4917 4957 5028 5126 5201 5212 5277 5530 5564 5630 5666 5816 5821 6058 6063 6107 6119 6139 6277 6280 6293 6367 6400 6476 6622 6712 6862 6914 7016 7176 7199 7217 7269 7349 7399 7735 7787 7815 7913 7972 8257 8275 8321 8337 8339 8352 8377 8416 8531 8806 9024 9085 9109 9213 9257 9457 9537 9680 9694 9718 9789 9811 9841 9853 9976 10026 10110 10331 10472 10501 10557 10611 10646 10683 10707 10752 10773 10810 10864 10989 11499 11572 11575 12515 12689 
#module 174 size: 50 bs: 1.0847
74 614 915 1378 1388 1579 1658 1990 2111 2280 2315 2410 2495 2606 2789 2831 3104 3234 3634 3752 3799 4350 4741 4786 4965 5139 5372 5381 5565 6232 6570 7056 7134 7236 7254 7315 7991 8030 8048 8375 8395 9246 9355 9460 9817 10240 10455 10841 12506 12591 
#module 175 size: 55 bs: 0.7188
233 272 593 1148 1965 2240 2272 2274 2534 2544 2582 2826 3429 3718 3738 3937 4269 4399 4418 4645 4811 4881 5010 5237 5366 5876 6166 6171 6195 6539 6546 6590 7081 7092 7189 7244 7496 7842 8088 8499 8570 8576 8666 8936 9068 9219 9233 9379 9767 10000 10046 10334 10387 10661 11113 
#module 176 size: 1 bs: 1
8866 
#module 177 size: 1 bs: 1
6709 
#module 178 size: 1 bs: 1
8106 
#module 179 size: 1 bs: 1
4420 
#module 180 size: 1 bs: 1
9850 
#module 181 size: 1 bs: 1
5942 
#module 182 size: 1 bs: 1
6750 
#module 183 size: 1 bs: 1
5840 
#module 184 size: 1 bs: 1
2468 
#module 185 size: 1 bs: 1
3744 
#module 186 size: 1 bs: 1
3297 
#module 187 size: 1 bs: 1
8679 
#module 188 size: 1 bs: 1
7133 
#module 189 size: 1 bs: 1
6699 
#module 190 size: 1 bs: 1
6820 
#module 191 size: 1 bs: 1
5454 
#module 192 size: 1 bs: 1
2868 
#module 193 size: 1 bs: 1
6612 
#module 194 size: 1 bs: 1
10044 
#module 195 size: 1 bs: 1
8942 
#module 196 size: 1 bs: 1
446 
#module 197 size: 1 bs: 1
6094 
#module 198 size: 1 bs: 1
9368 
#module 199 size: 1 bs: 1
3436 
#module 200 size: 1 bs: 1
1941 
#module 201 size: 1 bs: 1
1589 
#module 202 size: 1 bs: 1
4015 
#module 203 size: 1 bs: 1
7874 
#module 204 size: 1 bs: 1
10163 
#module 205 size: 1 bs: 1
3700 
#module 206 size: 1 bs: 1
10372 
#module 207 size: 1 bs: 1
5804 
#module 208 size: 1 bs: 1
6640 
#module 209 size: 1 bs: 1
4395 
#module 210 size: 1 bs: 1
182 
#module 211 size: 1 bs: 1
3608 
#module 212 size: 1 bs: 1
4640 
#module 213 size: 1 bs: 1
10171 
#module 214 size: 1 bs: 1
8082 
#module 215 size: 1 bs: 1
2718 
#module 216 size: 1 bs: 1
7511 
#module 217 size: 1 bs: 1
3948 
#module 218 size: 1 bs: 1
8618 
#module 219 size: 1 bs: 1
6960 
#module 220 size: 1 bs: 1
5692 
#module 221 size: 1 bs: 1
2323 
#module 222 size: 1 bs: 1
8896 
#module 223 size: 1 bs: 1
11740 
#module 224 size: 1 bs: 1
2941 
#module 225 size: 1 bs: 1
7454 
#module 226 size: 1 bs: 1
8490 
#module 227 size: 1 bs: 1
3177 
#module 228 size: 1 bs: 1
5608 
#module 229 size: 1 bs: 1
5274 
#module 230 size: 1 bs: 1
582 
#module 231 size: 1 bs: 1
301 
#module 232 size: 1 bs: 1
5075 
#module 233 size: 1 bs: 1
9194 
#module 234 size: 1 bs: 1
3626 
#module 235 size: 1 bs: 1
5076 
#module 236 size: 1 bs: 1
7488 
#module 237 size: 1 bs: 1
4568 
#module 238 size: 1 bs: 1
10258 
#module 239 size: 1 bs: 1
7204 
#module 240 size: 1 bs: 1
6939 
#module 241 size: 1 bs: 1
9249 
#module 242 size: 1 bs: 1
8128 
#module 243 size: 1 bs: 1
7923 
#module 244 size: 1 bs: 1
6294 
#module 245 size: 1 bs: 1
8363 
#module 246 size: 1 bs: 1
3672 
#module 247 size: 1 bs: 1
832 
#module 248 size: 1 bs: 1
4967 
#module 249 size: 1 bs: 1
4717 
#module 250 size: 1 bs: 1
3520 
#module 251 size: 1 bs: 1
4261 
#module 252 size: 1 bs: 1
2098 
#module 253 size: 1 bs: 1
6930 
#module 254 size: 1 bs: 1
4932 
#module 255 size: 1 bs: 1
3431 
#module 256 size: 1 bs: 1
5131 
#module 257 size: 1 bs: 1
5207 
#module 258 size: 1 bs: 1
846 
#module 259 size: 1 bs: 1
6571 
#module 260 size: 1 bs: 1
5641 
#module 261 size: 1 bs: 1
1256 
#module 262 size: 1 bs: 1
1538 
#module 263 size: 1 bs: 1
8031 
#module 264 size: 1 bs: 1
4186 
#module 265 size: 1 bs: 1
8244 
#module 266 size: 1 bs: 1
1971 
#module 267 size: 1 bs: 1
4949 
#module 268 size: 1 bs: 1
10400 
#module 269 size: 1 bs: 1
8700 
#module 270 size: 1 bs: 1
978 
#module 271 size: 1 bs: 1
9477 
#module 272 size: 1 bs: 1
3933 
#module 273 size: 1 bs: 1
4968 
#module 274 size: 1 bs: 1
6487 
#module 275 size: 1 bs: 1
12652 
#module 276 size: 1 bs: 1
6866 
#module 277 size: 1 bs: 1
8356 
#module 278 size: 1 bs: 1
6124 
#module 279 size: 1 bs: 1
11261 
#module 280 size: 1 bs: 1
9302 
#module 281 size: 1 bs: 1
6542 
#module 282 size: 1 bs: 1
4975 
#module 283 size: 1 bs: 1
9846 
#module 284 size: 1 bs: 1
10526 
#module 285 size: 1 bs: 1
10569 
