#module 0 size: 27 bs: 0.12119
4 23 24 51 92 214 312 313 420 443 483 489 502 536 556 560 567 661 688 704 739 773 822 859 893 928 972 
#module 1 size: 74 bs: 0.262076
2 12 18 25 27 52 53 82 98 111 141 157 166 172 193 197 220 223 230 235 248 264 268 269 281 282 315 332 395 402 413 414 422 427 430 476 478 497 518 525 530 546 552 553 576 594 612 616 626 646 652 655 673 679 761 771 791 797 810 819 820 843 861 871 882 889 910 913 930 967 975 979 980 988 
#module 2 size: 75 bs: 0.563346
31 34 48 96 99 109 124 126 137 138 158 180 191 198 206 239 251 277 290 292 307 336 338 345 351 361 368 370 376 378 386 388 399 404 424 431 437 439 458 468 475 485 488 490 495 505 640 658 663 681 683 684 712 715 718 722 775 788 815 817 821 829 840 849 863 885 889 899 909 910 946 955 961 969 985 
#module 3 size: 83 bs: 0.456445
16 64 71 72 80 93 97 105 130 144 169 170 177 195 211 213 216 253 257 263 268 273 304 308 324 329 390 417 423 433 442 462 484 491 496 506 508 514 524 538 550 555 564 575 581 584 613 643 653 667 668 682 692 710 731 744 745 772 782 786 792 800 805 808 816 827 835 838 850 853 865 883 888 904 905 927 935 963 977 980 981 984 987 
#module 4 size: 35 bs: 0.611218
29 50 61 99 167 194 252 297 303 350 365 369 382 387 393 397 400 401 406 489 523 537 540 611 689 695 716 734 776 804 855 878 911 941 949 
#module 5 size: 68 bs: 1.03668
31 45 75 96 108 123 128 131 142 150 161 165 168 173 175 178 190 198 206 219 226 256 277 287 322 336 345 353 357 360 386 404 408 421 424 437 439 451 468 475 488 490 495 542 544 589 593 644 658 681 712 715 752 767 777 817 846 849 866 884 887 889 891 910 918 944 969 975 
#module 6 size: 56 bs: 0.749219
10 15 41 49 59 85 108 113 114 116 119 135 162 175 181 190 212 234 236 241 266 270 274 276 286 334 363 377 411 436 451 452 459 461 464 500 529 539 551 592 603 608 618 637 677 691 696 790 796 806 809 845 847 884 897 933 
#module 7 size: 23 bs: 0.696308
159 215 278 293 294 310 320 381 389 394 441 455 481 487 517 574 769 783 830 860 900 922 974 
#module 8 size: 71 bs: 0.834711
26 28 35 43 67 68 103 135 139 155 174 175 179 182 183 192 209 222 247 250 254 255 272 283 284 296 318 319 335 337 339 349 358 411 419 444 459 482 486 503 507 512 515 554 578 590 596 638 674 685 686 694 709 713 723 728 733 751 760 765 780 828 844 846 867 894 915 920 925 954 966 
#module 9 size: 47 bs: 0.935686
36 37 40 44 63 72 151 154 205 208 229 242 300 323 347 354 366 383 396 445 460 520 619 664 738 743 761 764 768 779 784 785 799 814 818 857 873 875 877 916 931 940 945 952 956 960 982 
#module 10 size: 32 bs: 0.520768
56 100 118 188 260 311 317 367 373 384 401 429 474 568 580 600 605 621 628 639 651 662 665 697 698 747 848 908 929 946 947 985 
#module 11 size: 72 bs: 0.200607
17 37 42 57 65 72 77 107 143 147 148 154 164 176 199 202 207 221 258 295 300 305 316 323 325 347 374 379 385 396 425 479 513 530 599 632 635 648 650 659 660 687 693 699 705 714 737 742 744 749 756 762 764 794 798 811 823 841 858 873 875 881 896 912 914 917 938 942 953 956 964 977 
#module 12 size: 76 bs: 0.242345
20 29 47 55 58 104 117 120 160 184 194 218 267 279 285 299 309 314 328 340 400 403 418 428 453 466 470 473 477 501 504 527 531 548 557 559 563 565 573 579 583 588 609 610 623 631 642 647 651 675 678 703 707 711 725 726 740 750 755 766 770 801 807 812 837 864 869 870 874 879 890 928 929 947 973 983 
#module 13 size: 67 bs: 0.164945
13 19 20 22 81 86 101 125 133 153 189 218 245 267 302 343 355 391 393 432 450 453 465 474 504 526 527 532 541 562 585 609 636 645 647 650 651 654 671 711 721 724 732 735 746 793 794 795 803 807 813 832 839 874 890 895 919 926 934 939 943 947 957 965 968 970 983 
#module 14 size: 45 bs: 0.267145
5 6 21 30 55 58 70 83 146 192 196 259 271 285 288 301 314 328 333 334 352 362 392 434 438 473 498 549 559 569 582 590 598 601 604 617 675 703 706 789 836 864 876 901 932 
#module 15 size: 37 bs: 1.04072
3 8 33 38 149 163 203 237 275 296 356 412 416 435 457 465 469 498 511 634 666 669 700 702 727 750 757 778 787 825 851 862 890 924 937 948 976 
#module 16 size: 73 bs: 1.07216
5 9 11 14 32 54 87 88 89 90 94 95 110 112 115 121 127 132 136 192 210 217 224 227 228 243 246 254 259 296 298 334 348 359 392 398 405 407 410 426 446 447 449 456 467 472 492 493 509 510 533 535 545 572 582 587 590 615 629 656 670 672 717 719 736 753 754 774 831 876 898 932 986 
#module 17 size: 33 bs: 0.394039
62 66 74 91 122 244 265 306 326 341 342 346 365 380 494 534 561 571 597 602 606 607 624 625 630 680 730 763 842 872 906 921 923 
#module 18 size: 61 bs: 1.09428
7 17 39 69 73 76 79 84 102 123 129 140 145 147 152 156 164 186 187 200 204 232 236 261 295 321 325 330 331 344 364 366 379 454 461 519 544 547 586 620 627 641 644 649 701 708 720 741 758 777 834 881 887 892 903 916 936 950 953 967 978 
#module 19 size: 17 bs: 0.556123
1 60 249 263 280 316 415 440 471 591 622 699 781 826 833 852 880 
#module 20 size: 64 bs: 1.01901
46 77 78 106 134 171 185 187 201 225 231 233 238 240 261 262 289 291 321 327 330 371 372 375 409 448 463 480 499 516 521 522 528 543 558 566 570 577 586 595 614 633 657 676 690 729 748 759 802 824 854 856 857 868 886 902 907 951 952 958 959 962 964 971 
