#module 0 size: 78 bs: 0.781609
31 48 96 99 109 124 126 137 138 158 180 198 206 219 239 251 252 277 290 292 307 336 338 345 351 368 370 376 378 386 388 399 404 424 431 437 439 458 468 475 485 488 490 495 505 534 640 658 663 665 681 683 684 712 715 718 722 775 788 815 817 821 829 840 849 860 863 885 889 899 908 909 910 946 955 961 969 985 
#module 1 size: 71 bs: 0.865946
31 45 75 96 108 123 128 131 142 150 161 165 168 173 175 178 190 198 206 212 219 226 256 277 286 287 307 322 336 345 353 357 360 386 387 404 408 421 424 437 439 451 468 475 488 490 495 542 544 552 589 593 658 681 712 715 752 767 777 846 849 866 884 887 889 891 910 918 944 969 975 
#module 2 size: 62 bs: 0.395329
2 12 18 25 27 52 53 82 98 141 157 166 172 193 197 220 223 230 248 264 268 281 282 332 395 402 422 427 430 476 478 497 518 525 546 553 594 612 616 626 646 652 655 673 679 771 782 791 797 810 819 820 843 861 871 882 910 913 930 967 979 987 
#module 3 size: 29 bs: 0.261179
4 23 24 51 92 114 214 297 312 313 346 443 483 489 502 536 556 560 567 579 661 688 704 739 773 780 822 859 893 
#module 4 size: 51 bs: 1.09745
7 39 69 73 76 79 84 102 129 140 145 152 156 186 187 200 204 232 236 261 321 325 330 331 344 364 454 544 547 620 627 641 644 649 701 708 720 741 758 777 834 881 887 892 903 916 933 936 950 967 978 
#module 5 size: 70 bs: 0.866599
57 78 85 97 106 121 134 171 185 195 201 225 232 233 238 240 249 261 262 289 291 321 327 371 372 375 409 433 442 448 463 480 516 521 522 528 529 543 566 570 577 586 595 614 622 633 653 657 676 690 729 748 759 786 824 833 854 856 857 868 886 902 907 951 952 958 959 962 964 971 
#module 6 size: 73 bs: 0.6803
17 37 42 64 65 77 107 143 147 148 154 164 176 199 207 221 258 295 300 305 316 323 325 330 347 374 379 385 396 425 479 491 513 530 586 599 625 632 635 648 659 660 687 693 699 705 714 737 742 744 749 756 762 764 794 802 811 823 841 858 881 896 912 914 917 936 938 942 952 953 956 964 977 
#module 7 size: 60 bs: 0.790548
37 40 44 60 63 72 77 123 143 151 154 168 205 208 225 229 242 300 316 323 347 354 366 383 396 425 445 460 520 577 600 619 622 664 737 743 749 761 764 768 779 784 785 798 799 814 818 852 857 873 875 877 880 931 940 945 952 956 960 982 
#module 8 size: 45 bs: 0.323053
46 67 100 117 118 159 215 231 260 278 279 293 294 310 320 381 389 394 434 441 455 477 481 482 487 504 517 574 623 647 654 662 707 725 769 783 830 836 837 839 874 900 922 929 974 
#module 9 size: 80 bs: 0.474163
16 36 71 80 93 105 127 130 144 169 170 177 195 211 213 216 235 253 257 263 269 273 304 308 315 324 326 329 390 417 423 462 484 496 506 508 510 514 524 538 550 564 575 581 584 613 643 653 667 668 682 692 710 731 744 745 772 782 792 800 805 808 816 827 835 838 850 853 865 883 888 904 905 927 935 963 977 980 981 984 
#module 10 size: 58 bs: 0.3668
1 56 60 62 66 74 88 91 111 122 202 244 249 265 280 306 316 326 341 342 346 365 380 382 413 415 425 440 471 483 494 519 551 561 571 591 597 602 607 622 624 625 630 680 699 730 763 781 810 826 842 852 872 906 921 923 931 980 
#module 11 size: 53 bs: 1.07433
35 43 103 139 155 179 182 209 222 247 250 254 255 272 283 284 318 319 337 339 349 358 419 444 449 459 486 492 507 512 515 554 590 621 638 674 685 686 694 709 713 719 728 751 760 828 844 846 867 894 915 920 966 
#module 12 size: 66 bs: 0.289866
13 20 22 81 86 101 125 133 153 159 189 218 245 267 302 355 361 391 432 450 453 465 482 504 526 527 532 541 562 585 609 636 645 647 650 654 671 711 717 721 724 732 735 746 765 793 794 795 803 807 813 830 832 839 874 890 895 919 926 934 939 943 957 965 968 970 
#module 13 size: 70 bs: 0.476297
29 47 55 58 104 117 120 160 184 188 194 196 267 279 285 299 309 311 314 328 340 373 384 400 428 429 438 473 474 477 501 504 531 548 555 557 559 565 573 583 628 631 639 642 651 675 678 698 703 707 726 747 750 755 770 801 812 837 848 864 869 870 879 890 928 929 947 973 983 988 
#module 14 size: 49 bs: 0.942036
15 26 28 32 59 68 83 89 90 103 108 116 135 149 175 183 224 266 270 274 276 296 313 335 359 405 411 426 436 447 451 459 464 533 554 596 629 670 677 694 723 733 790 825 847 897 925 932 954 
#module 15 size: 23 bs: 0.450398
50 61 167 174 317 350 365 393 401 406 420 523 537 540 580 606 611 689 695 716 734 878 941 
#module 16 size: 54 bs: 0.344655
3 8 11 33 35 38 133 146 149 153 163 203 228 237 275 288 356 362 407 412 414 416 435 456 457 465 469 498 503 511 576 578 598 610 617 634 666 669 700 702 727 738 746 750 757 778 789 825 851 862 890 924 937 976 
#module 17 size: 44 bs: 0.94597
19 22 34 191 194 218 303 343 367 369 373 397 401 403 418 453 466 470 477 537 540 559 563 568 588 605 697 735 740 746 754 766 776 787 804 855 870 878 911 919 948 949 972 985 
#module 18 size: 47 bs: 0.435133
9 10 32 41 49 112 113 119 133 136 162 181 227 234 241 246 359 363 377 446 452 461 467 473 493 499 500 509 539 545 558 587 592 603 608 618 637 656 691 696 753 796 806 809 831 876 898 
#module 19 size: 58 bs: 0.845783
5 6 14 21 30 54 70 87 94 95 110 115 132 192 210 217 243 259 271 285 298 301 314 333 334 348 352 356 359 392 398 410 434 438 472 498 535 549 569 572 582 590 601 604 615 656 672 675 706 736 753 774 845 864 876 901 932 986 
