#module 0 size: 4 bs: 3.29221e-05
208 220 402 512 
#module 1 size: 5 bs: 1.19772e-06
7 116 162 169 519 
#module 2 size: 8 bs: 0.0289609
66 78 179 196 226 279 468 594 
#module 3 size: 3 bs: 3.2907e-09
152 508 521 
#module 4 size: 4 bs: 0.00217466
357 452 517 567 
#module 5 size: 4 bs: 5.23648e-101
67 118 233 384 
#module 6 size: 8 bs: 8.88178e-16
144 207 239 279 334 364 490 528 
#module 7 size: 6 bs: 4.59154e-11
73 348 380 403 510 532 
#module 8 size: 6 bs: 8.19849e-09
18 143 156 354 429 476 
#module 9 size: 7 bs: 7.08303e-101
90 199 227 463 525 549 564 
#module 10 size: 2 bs: 3.9968e-15
217 477 
#module 11 size: 5 bs: 1.78034e-06
126 168 194 280 539 
#module 12 size: 7 bs: 1.25234e-10
104 150 182 261 297 344 559 
#module 13 size: 5 bs: 8.66849e-101
127 185 372 388 585 
#module 14 size: 6 bs: 1.98431e-101
128 138 151 203 232 459 
#module 15 size: 4 bs: 2.45674e-05
25 65 268 343 
#module 16 size: 4 bs: 5.68434e-14
13 46 273 543 
#module 17 size: 16 bs: 0.713458
58 127 131 147 186 275 308 317 340 351 372 423 502 541 546 571 
#module 18 size: 8 bs: 0.782391
23 61 164 181 295 418 532 569 
#module 19 size: 4 bs: 0.24083
59 97 391 422 
#module 20 size: 5 bs: 0.242734
136 241 415 515 550 
#module 21 size: 12 bs: 0.630842
115 189 222 252 306 322 417 457 459 470 542 566 
#module 22 size: 10 bs: 0.892044
32 40 74 84 151 235 313 333 563 586 
#module 23 size: 8 bs: 1.07536
260 277 281 362 424 460 487 536 
#module 24 size: 7 bs: 0.177318
77 101 215 366 373 486 557 
#module 25 size: 6 bs: 0.90695
6 17 155 229 341 530 
#module 26 size: 5 bs: 0.511668
109 128 205 474 503 
#module 27 size: 5 bs: 0.53375
54 291 441 463 607 
#module 28 size: 11 bs: 0.464819
24 28 35 231 266 290 298 404 409 411 462 
#module 29 size: 12 bs: 0.704439
38 41 139 228 247 259 351 440 504 531 558 561 
#module 30 size: 10 bs: 0.283592
72 81 88 244 352 395 482 485 489 507 
#module 31 size: 6 bs: 0.361441
71 156 298 489 490 552 
#module 32 size: 6 bs: 0.509132
198 314 451 469 496 589 
#module 33 size: 20 bs: 0.454619
29 42 68 118 161 193 209 230 237 307 342 353 431 439 443 444 484 492 584 598 
#module 34 size: 5 bs: 0.945441
157 294 300 533 561 
#module 35 size: 7 bs: 1.08629
14 80 105 438 448 526 561 
#module 36 size: 6 bs: 1.09637
128 200 347 404 437 538 
#module 37 size: 9 bs: 0.36332
45 79 134 141 169 183 190 363 432 
#module 38 size: 16 bs: 0.968511
39 97 236 267 269 274 285 312 326 394 434 442 518 568 580 605 
#module 39 size: 21 bs: 0.8921
33 47 99 121 125 191 210 245 263 327 329 330 340 361 397 422 453 502 597 600 602 
#module 40 size: 8 bs: 0.679124
92 160 204 265 316 333 338 352 
#module 41 size: 8 bs: 0.996296
51 119 171 282 290 299 378 383 
#module 42 size: 5 bs: 0.680779
81 118 336 428 483 
#module 43 size: 14 bs: 0.90691
16 31 114 151 172 174 242 251 365 408 417 425 505 545 
#module 44 size: 13 bs: 0.590583
82 108 110 164 223 232 283 309 319 367 381 404 488 
#module 45 size: 8 bs: 0.845174
69 98 146 262 279 296 555 599 
#module 46 size: 11 bs: 0.866942
5 165 167 219 225 337 419 461 532 553 573 
#module 47 size: 12 bs: 0.100575
83 100 166 176 218 265 303 360 365 450 525 572 
#module 48 size: 13 bs: 0.902726
2 20 58 62 175 197 211 212 356 392 511 527 529 
#module 49 size: 8 bs: 0.143667
36 50 158 358 456 468 508 514 
#module 50 size: 17 bs: 0.606551
10 11 22 45 53 89 133 140 253 270 302 311 355 390 466 556 604 
#module 51 size: 7 bs: 0.832756
1 30 65 192 213 223 430 
#module 52 size: 7 bs: 0.974945
52 123 156 243 370 400 593 
#module 53 size: 22 bs: 0.428418
43 51 89 93 128 156 177 213 221 246 250 304 333 359 371 405 412 416 435 455 478 565 
#module 54 size: 7 bs: 0.488382
122 148 249 375 376 479 500 
#module 55 size: 6 bs: 0.744702
35 63 206 265 320 385 
#module 56 size: 11 bs: 1.03978
113 145 159 169 184 214 248 272 389 506 601 
#module 57 size: 15 bs: 0.312652
21 26 36 55 94 120 135 142 284 315 332 433 467 493 535 
#module 58 size: 7 bs: 0.914365
278 321 327 329 346 499 548 
#module 59 size: 6 bs: 0.337353
240 329 345 396 426 454 
#module 60 size: 11 bs: 0.770755
103 205 271 286 287 323 414 491 494 509 516 
#module 61 size: 7 bs: 0.822945
3 56 149 398 407 410 523 
#module 62 size: 4 bs: 0.778005
75 160 532 588 
#module 63 size: 6 bs: 0.533557
234 305 318 358 386 498 
#module 64 size: 13 bs: 0.864062
91 122 153 182 200 259 329 339 369 401 458 520 543 
#module 65 size: 13 bs: 0.335101
19 64 87 107 124 301 358 377 436 540 551 554 592 
#module 66 size: 5 bs: 0.656199
96 170 187 382 544 
#module 67 size: 14 bs: 1.00749
45 95 112 129 177 201 202 238 254 270 279 325 465 524 
#module 68 size: 36 bs: 0.656312
4 15 27 37 44 60 76 102 125 130 173 180 224 255 256 257 258 293 327 328 349 350 368 374 387 393 427 446 453 471 472 522 534 547 562 590 
#module 69 size: 18 bs: 0.90251
8 9 49 54 57 85 86 117 163 252 292 421 445 447 513 578 579 603 
