#module 0 size: 9 bs: 2.70894e-14
232 261 309 564 852 976 1017 1136 1246 
#module 1 size: 9 bs: 1.85623e-101
37 121 146 191 339 575 639 703 1202 
#module 2 size: 9 bs: 1.42675e-08
185 280 372 400 532 722 739 818 819 
#module 3 size: 5 bs: 2.18507e-06
471 559 608 718 729 
#module 4 size: 12 bs: 0.852424
71 94 116 273 388 426 476 760 804 868 985 1228 
#module 5 size: 9 bs: 0.474046
52 112 221 231 267 561 627 842 1196 
#module 6 size: 11 bs: 0.453743
66 79 299 392 642 665 693 823 962 1001 1013 
#module 7 size: 17 bs: 1.00072
73 95 143 197 278 289 337 341 360 386 458 534 552 648 795 844 932 
#module 8 size: 15 bs: 0.263503
80 170 223 347 410 447 505 524 564 604 607 654 756 1132 1352 
#module 9 size: 19 bs: 0.704206
24 59 133 159 187 253 395 417 629 656 721 736 767 788 805 825 833 889 1323 
#module 10 size: 23 bs: 0.353911
82 208 244 405 414 475 535 659 720 725 771 833 858 899 950 965 996 1015 1018 1053 1170 1295 1296 
#module 11 size: 19 bs: 0.799039
5 251 268 272 388 403 406 441 460 464 662 718 760 804 839 857 979 988 1339 
#module 12 size: 8 bs: 0.303909
276 305 428 446 612 860 890 952 
#module 13 size: 27 bs: 0.199438
81 135 152 213 228 271 275 315 320 325 345 382 451 470 527 576 597 610 631 665 666 748 963 1132 1190 1318 1353 
#module 14 size: 17 bs: 0.199106
57 145 213 366 427 457 526 549 614 615 667 684 724 787 962 980 1009 
#module 15 size: 11 bs: 0.429777
22 23 24 371 378 564 664 895 896 904 1006 
#module 16 size: 11 bs: 0.40999
387 435 683 751 783 787 827 830 908 1028 1120 
#module 17 size: 9 bs: 0.404401
227 310 512 605 755 809 939 954 1071 
#module 18 size: 7 bs: 0.996735
51 55 333 688 880 882 1321 
#module 19 size: 18 bs: 0.552127
71 79 188 200 295 446 476 483 575 615 639 692 722 727 731 790 803 1258 
#module 20 size: 24 bs: 0.153634
75 141 277 359 364 438 579 677 681 696 710 747 765 802 838 854 874 913 953 978 1022 1033 1041 1275 
#module 21 size: 12 bs: 0.410579
33 57 106 206 252 329 333 568 644 675 971 1078 
#module 22 size: 15 bs: 0.123154
56 163 300 317 358 370 390 420 430 532 581 598 606 738 775 
#module 23 size: 13 bs: 0.405142
69 131 182 216 238 383 558 609 685 761 769 1007 1326 
#module 24 size: 7 bs: 0.883161
260 336 353 416 559 834 1043 
#module 25 size: 37 bs: 0.854812
19 34 64 67 100 187 217 298 303 322 338 396 445 449 521 525 530 543 613 616 653 770 772 812 864 885 933 967 968 974 998 1000 1008 1030 1093 1264 1276 
#module 26 size: 14 bs: 0.762275
31 60 150 203 326 437 592 885 897 921 936 1136 1222 1240 
#module 27 size: 36 bs: 0.880343
110 117 132 210 224 250 264 269 324 327 376 523 528 533 537 567 596 611 622 632 633 652 706 730 740 762 799 832 914 949 997 1164 1177 1272 1273 1298 
#module 28 size: 13 bs: 0.386356
128 299 314 425 574 646 672 705 728 806 836 1267 1363 
#module 29 size: 43 bs: 0.780913
12 87 101 118 127 139 151 168 194 233 246 318 343 349 394 407 419 440 536 538 551 557 577 583 591 617 636 657 678 694 714 716 717 773 821 841 872 875 902 1031 1274 1282 1315 
#module 30 size: 30 bs: 0.713841
13 32 91 102 177 192 195 202 211 348 435 544 583 624 645 654 668 743 751 753 815 827 866 893 987 1010 1149 1283 1333 1355 
#module 31 size: 14 bs: 0.871095
2 140 179 291 316 380 465 569 621 647 734 833 876 938 
#module 32 size: 21 bs: 0.126283
15 25 30 98 113 214 319 361 389 443 452 553 560 594 695 713 732 817 820 851 910 
#module 33 size: 32 bs: 0.323667
28 49 54 61 68 69 92 105 111 114 129 153 313 350 365 385 389 466 560 573 582 595 641 737 786 806 909 910 966 1029 1092 1354 
#module 34 size: 21 bs: 0.345238
86 89 113 147 284 337 362 399 424 453 462 473 555 560 599 635 766 849 901 1011 1020 
#module 35 size: 21 bs: 0.929455
36 109 161 164 212 297 328 467 562 566 623 682 699 702 745 757 808 810 888 901 951 
#module 36 size: 16 bs: 0.221814
6 196 274 286 373 472 531 750 789 822 862 898 903 917 928 1293 
#module 37 size: 22 bs: 0.278186
53 62 97 138 181 220 308 529 556 575 586 634 639 651 687 742 791 798 831 911 984 1338 
#module 38 size: 10 bs: 0.305818
111 126 245 294 389 455 545 671 673 853 
#module 39 size: 11 bs: 1.04653
1 63 77 130 282 321 421 588 733 947 1370 
#module 40 size: 9 bs: 0.207475
58 119 293 332 541 752 823 905 1221 
#module 41 size: 11 bs: 0.814057
142 180 302 581 651 676 687 744 907 919 1048 
#module 42 size: 15 bs: 0.687858
29 161 184 218 250 379 468 490 565 626 715 784 821 840 861 
#module 43 size: 22 bs: 0.117012
5 27 50 72 105 125 134 216 226 242 248 285 329 352 582 655 704 1012 1086 1121 1224 1253 
#module 44 size: 28 bs: 1.02801
76 99 103 168 229 235 236 241 279 296 312 333 336 354 434 603 628 697 763 774 796 850 863 882 937 960 1285 1302 
#module 45 size: 20 bs: 0.22003
35 123 160 165 198 207 287 292 330 448 540 605 658 663 686 735 801 955 1115 1284 
#module 46 size: 8 bs: 0.833859
107 235 304 375 408 461 589 644 
#module 47 size: 9 bs: 0.172281
255 356 397 431 459 643 649 877 906 
#module 48 size: 18 bs: 0.189966
16 29 144 235 236 355 375 377 379 436 637 741 829 859 884 920 934 962 
#module 49 size: 21 bs: 0.93421
183 232 256 306 369 374 497 520 554 670 679 700 723 824 869 894 912 957 977 1025 1209 
#module 50 size: 9 bs: 0.462725
90 240 243 325 411 491 721 856 972 
#module 51 size: 11 bs: 0.113055
68 190 254 334 595 881 891 1016 1021 1349 1354 
#module 52 size: 44 bs: 0.962781
18 65 88 103 124 154 201 230 234 257 279 290 296 331 372 375 404 439 450 456 587 590 640 660 674 691 712 739 776 794 811 824 915 916 931 958 975 1058 1112 1150 1183 1277 1325 1377 
#module 53 size: 11 bs: 0.235019
74 169 199 335 368 707 708 749 970 1356 1373 
#module 54 size: 16 bs: 0.655125
20 38 92 122 176 346 398 402 463 548 593 746 800 829 900 1023 
#module 55 size: 28 bs: 0.108312
17 70 157 177 219 225 229 258 262 307 351 357 367 381 391 539 549 571 600 682 711 739 814 828 956 994 1294 1366 
#module 56 size: 12 bs: 0.70689
337 344 401 409 585 764 816 837 855 870 878 1019 
#module 57 size: 19 bs: 1.01095
119 136 156 158 259 283 288 363 413 541 550 578 620 704 759 873 948 969 1362 
#module 58 size: 23 bs: 0.205162
3 108 115 120 125 149 189 196 222 249 278 310 337 587 609 618 619 630 689 794 867 1099 1372 
#module 59 size: 37 bs: 0.517134
16 26 78 99 136 137 158 238 270 342 350 422 432 433 442 463 522 546 548 563 572 637 650 654 690 701 705 726 758 774 792 794 886 930 960 1026 1218 
#module 60 size: 28 bs: 1.00321
48 149 167 205 213 299 301 393 454 474 522 580 587 601 609 709 719 768 797 804 871 892 935 975 999 1014 1271 1354 
