#module 0 size: 2 bs: 0.0162005
3697 6278 
#module 1 size: 2 bs: 0.00151463
5260 5261 
#module 2 size: 2 bs: 4.39612e-07
2305 4720 
#module 3 size: 3 bs: 0.00245377
2838 3457 4065 
#module 4 size: 6 bs: 5.33795e-13
100 923 2256 3715 5344 6654 
#module 5 size: 3 bs: 3.77476e-15
1552 2784 6401 
#module 6 size: 2 bs: 2.26891e-09
5612 6755 
#module 7 size: 2 bs: 5.35838e-12
1990 6856 
#module 8 size: 3 bs: 6.03401e-101
2658 5551 6806 
#module 9 size: 7 bs: 1.52315e-07
305 421 684 2192 3244 4670 6447 
#module 10 size: 6 bs: 8.25279e-101
1231 1354 3844 4696 4830 6753 
#module 11 size: 2 bs: 1.73196e-05
2828 2829 
#module 12 size: 3 bs: 0.000218921
1196 3204 5639 
#module 13 size: 3 bs: 0.0120723
6182 6426 6738 
#module 14 size: 46 bs: 0.000112141
191 300 374 400 433 958 1028 1567 1578 1866 2066 2328 2459 2638 2673 2734 2774 2961 2984 3032 3039 3383 3436 3480 3792 3802 3879 3925 3980 4186 4263 4354 4559 4643 5026 5029 5107 5238 5739 6034 6036 6509 6536 6640 6758 6893 
#module 15 size: 8 bs: 7.58165e-101
173 720 933 2112 2803 5882 6346 6833 
#module 16 size: 5 bs: 0.0113638
1342 3527 4821 6822 6848 
#module 17 size: 2 bs: 3.07753e-06
5372 6329 
#module 18 size: 5 bs: 1.26742e-10
968 3910 4852 6311 6542 
#module 19 size: 4 bs: 2.51054e-05
1455 2606 4806 5985 
#module 20 size: 2 bs: 4.78362e-08
463 4608 
#module 21 size: 4 bs: 5.55112e-16
2433 4235 4487 6785 
#module 22 size: 2 bs: 0.00182987
569 5193 
#module 23 size: 5 bs: 3.63723e-07
2295 3832 4990 5592 6902 
#module 24 size: 13 bs: 1.71249e-08
227 852 1245 1555 1891 3420 3620 4482 5025 5253 5319 5464 5891 
#module 25 size: 3 bs: 1.79268e-12
2 2647 4757 
#module 26 size: 12 bs: 6.52122e-10
656 2668 2676 4657 5560 5578 5885 5894 6227 6285 6301 6338 
#module 27 size: 12 bs: 6.22952e-101
492 730 1170 1422 1843 1971 1983 2904 4697 5111 5270 6712 
#module 28 size: 5 bs: 6.20284e-09
2073 3707 3989 5094 6137 
#module 29 size: 10 bs: 6.42585e-07
1529 1995 2752 2937 3800 4004 4833 5287 5420 5754 
#module 30 size: 18 bs: 1.84519e-13
1234 1671 1894 2032 2481 2650 2955 3406 3555 3926 4034 5195 5614 5639 5725 5788 6063 6562 
#module 31 size: 7 bs: 3.22375e-10
75 1057 2964 3101 3643 4564 4690 
#module 32 size: 4 bs: 4.58855e-13
2941 4544 6104 6827 
#module 33 size: 5 bs: 1.11022e-16
1037 2851 3166 5785 6110 
#module 34 size: 12 bs: 0.000508316
405 1569 1570 1583 2814 3226 3265 4179 4258 4358 5436 6657 
#module 35 size: 7 bs: 7.52106e-08
730 1160 2682 4644 5364 5840 6043 
#module 36 size: 6 bs: 7.44223e-08
60 1880 3041 4257 4701 6655 
#module 37 size: 33 bs: 0.874885
15 67 390 437 818 942 1011 1132 1349 1381 1794 1849 2115 2138 2183 2452 3627 3686 3779 3886 4039 4257 4455 5002 5522 5566 5801 5842 6191 6197 6612 6779 6809 
#module 38 size: 3 bs: 0.677172
314 4040 5662 
#module 39 size: 11 bs: 0.889911
292 1535 1886 2455 2756 3532 3725 3776 3842 4178 6640 
#module 40 size: 20 bs: 0.710295
875 891 986 1353 1400 1431 2097 2209 2469 2867 3293 3389 3896 4642 5030 5419 5465 5516 6252 6849 
#module 41 size: 25 bs: 1.05057
280 353 438 713 750 821 1453 1580 1670 1951 2038 2200 2380 3021 3131 3344 3416 3871 3994 4811 4930 5558 5831 6017 6561 
#module 42 size: 7 bs: 0.304692
2424 2691 3563 4908 5541 6423 6814 
#module 43 size: 11 bs: 1.06076
536 1299 2193 3276 3463 3470 3707 3759 4130 4828 6320 
#module 44 size: 3 bs: 1.01976
927 1418 1998 
#module 45 size: 5 bs: 0.94975
590 639 6476 6841 6895 
#module 46 size: 4 bs: 0.543004
2000 2001 2052 5860 
#module 47 size: 13 bs: 1.09702
217 1948 2575 3232 3317 3549 4156 4166 4420 5556 5622 6307 6800 
#module 48 size: 28 bs: 0.702112
179 966 1272 1725 2149 2266 2331 2365 2417 2565 2623 2907 3270 3306 3931 4156 4176 4336 4359 4509 4526 5164 5728 6175 6354 6431 6468 6613 
#module 49 size: 13 bs: 0.903477
323 1088 1173 1651 1922 3136 3458 3882 4984 5226 5695 6128 6771 
#module 50 size: 31 bs: 0.791558
691 734 796 831 1288 1421 2341 2376 2903 2980 3302 3514 3545 3737 4009 4047 4058 4144 4904 4957 5055 5198 5273 5297 5371 5810 5975 5987 6498 6610 6819 
#module 51 size: 6 bs: 0.63311
647 804 3414 6179 6206 6583 
#module 52 size: 108 bs: 0.457488
87 124 148 196 276 377 393 446 493 514 538 573 575 630 937 1028 1042 1051 1053 1056 1082 1114 1178 1360 1466 1528 1619 1663 1676 1689 1744 1745 1785 1875 1946 1958 2008 2120 2156 2180 2196 2202 2212 2263 2286 2390 2574 2629 2717 2740 2746 2753 2795 2806 2849 2973 3110 3140 3145 3261 3298 3374 3390 3484 3575 3748 3831 3849 3905 4033 4044 4107 4340 4503 4520 4537 4722 4814 4816 4868 4872 5144 5238 5264 5302 5489 5518 5533 5562 5679 5689 5704 5733 5783 5793 5850 5980 5995 6117 6322 6375 6438 6525 6527 6650 6733 6879 6915 
#module 53 size: 3 bs: 0.194445
957 3228 3899 
#module 54 size: 6 bs: 0.253675
1343 2075 3691 6212 6538 6654 
#module 55 size: 58 bs: 0.698816
129 392 517 560 597 897 971 997 1107 1290 1294 1334 2076 2200 2206 2223 2257 2621 2671 2722 2798 2864 2919 3086 3277 3468 3619 3662 3777 4073 4225 4311 4412 4436 4483 4586 4731 5028 5438 5451 5470 5505 5525 5584 5601 5640 5812 5844 5931 5947 6123 6264 6368 6537 6566 6792 6872 6909 
#module 56 size: 43 bs: 0.729362
34 282 303 427 601 933 936 963 1169 1325 1335 1637 1820 1834 2264 2276 2290 2359 2370 2612 2782 3297 3431 3560 3641 3953 3978 4438 4557 4646 4749 5085 5111 5167 5520 5596 5968 6074 6338 6598 6647 6780 6804 
#module 57 size: 35 bs: 1.07688
117 692 906 936 1250 1344 1461 1483 1834 2276 2290 2311 2312 2370 2782 3313 3560 3696 3721 3783 4474 4653 4695 4749 4906 5085 5111 5271 5416 5994 6269 6450 6481 6598 6867 
#module 58 size: 11 bs: 1.02601
961 1012 1686 2883 4456 4667 4770 5556 5800 6297 6718 
#module 59 size: 26 bs: 0.447031
235 527 674 1147 1495 1505 1522 1687 1872 1971 2226 2439 2573 2601 2866 2940 3681 3708 3808 4246 5270 6173 6247 6324 6794 6832 
#module 60 size: 19 bs: 1.02583
319 532 1503 1634 2783 2840 3330 3387 4429 4580 4613 4620 5043 5357 5812 6149 6471 6709 6724 
#module 61 size: 7 bs: 0.275647
864 1918 2994 3293 4769 5328 6669 
#module 62 size: 21 bs: 0.170095
837 853 1031 1204 1257 1405 1494 1707 2002 2579 2596 2716 3158 3379 3881 4365 4671 4923 4924 5035 5462 
#module 63 size: 5 bs: 0.295362
1525 2104 2108 3701 3746 
#module 64 size: 8 bs: 0.210158
83 1040 2075 3098 3477 4627 4666 6528 
#module 65 size: 9 bs: 0.250501
1467 2384 2785 3024 3457 4011 4898 5838 5841 
#module 66 size: 23 bs: 0.262488
1080 1104 1451 1544 1564 2292 2355 2632 2967 3115 3120 3132 3452 3688 3703 3855 4061 4083 4388 4664 4843 5272 6569 
#module 67 size: 5 bs: 0.99103
503 1030 4149 6134 6861 
#module 68 size: 16 bs: 0.498067
239 895 1239 1461 1997 2058 2863 2921 3450 3884 4495 4842 4980 5971 6046 6795 
#module 69 size: 12 bs: 1.02501
138 299 316 1761 1842 1944 2860 3663 4070 5196 6777 6855 
#module 70 size: 10 bs: 0.99576
996 3059 3178 4153 4274 5158 6474 6681 6722 6857 
#module 71 size: 12 bs: 0.544788
166 469 613 1041 1463 1864 1865 2112 3844 5388 5869 6212 
#module 72 size: 11 bs: 0.118756
272 418 419 683 1571 1732 2523 3034 4004 4722 5635 
#module 73 size: 9 bs: 0.984491
3457 3570 4011 4217 4247 4248 5176 5592 6406 
#module 74 size: 45 bs: 1.0515
19 229 332 648 664 759 797 828 863 977 1059 1135 1200 1377 1456 1464 1678 1855 1899 2230 2386 2902 2959 3087 3147 3320 3350 3427 3443 3860 4090 4280 4310 4485 4622 4654 5210 5447 5459 5502 5619 5855 5966 6330 6340 
#module 75 size: 15 bs: 0.657029
515 1186 1440 1507 1719 2363 2641 2999 4582 4883 4884 5232 5233 5351 6052 
#module 76 size: 14 bs: 0.239161
900 1201 1560 2543 2564 4076 4515 5188 5499 5592 5711 6275 6852 6883 
#module 77 size: 14 bs: 0.701227
1478 2329 2436 2966 3420 4138 5593 5725 5731 5734 5885 6001 6104 6609 
#module 78 size: 8 bs: 0.670014
1835 1997 4211 4726 5153 6138 6255 6338 
#module 79 size: 5 bs: 0.49372
839 1184 1594 1595 5951 
#module 80 size: 14 bs: 0.627126
842 1295 1924 2317 2491 2680 3420 3442 4337 4548 5199 5456 6313 6645 
#module 81 size: 8 bs: 0.226009
185 673 1598 2323 2570 3812 4511 6472 
#module 82 size: 14 bs: 0.804764
70 147 321 1057 1509 1627 1684 2910 5899 5900 5948 6031 6142 6146 
#module 83 size: 18 bs: 0.618649
157 765 1683 1815 2016 2111 2297 2400 2607 2988 3050 3097 3283 3572 3634 5003 5692 6616 
#module 84 size: 40 bs: 0.426796
123 420 695 773 876 940 1111 1237 1549 1799 1845 2049 2719 2801 2932 3064 3258 3797 3854 3865 4030 4151 4470 4693 4805 5241 5244 5367 5384 5514 5587 5629 5651 5665 5866 5926 6550 6687 6847 6912 
#module 85 size: 30 bs: 0.854176
892 965 1127 1167 1170 1171 1172 1175 1180 1181 1202 1806 1906 2620 2635 2731 2904 2909 2910 3738 4272 4276 5069 5471 5513 5555 5655 6064 6158 6518 
#module 86 size: 11 bs: 0.350368
824 1574 2025 2804 3981 4177 4180 4594 6077 6259 6456 
#module 87 size: 5 bs: 0.650732
75 858 1710 5683 5865 
#module 88 size: 16 bs: 0.413483
41 882 1500 2293 2715 3011 3750 3799 4074 4078 4145 4147 4744 5544 6634 6862 
#module 89 size: 8 bs: 0.433682
2379 4233 4754 4926 5886 6630 6710 6827 
#module 90 size: 27 bs: 0.241593
357 1248 1457 1737 1853 1868 2195 2442 2747 2899 2949 3082 3175 3653 3761 3881 4131 4165 4269 4407 4415 4874 5074 5191 5225 5816 5884 
#module 91 size: 13 bs: 0.894935
134 678 744 1541 1782 1812 2037 2175 2465 3500 4551 5377 5454 
#module 92 size: 26 bs: 0.127898
188 607 715 857 868 1022 1165 1197 1349 2006 2035 2041 2064 2154 2194 2252 2259 3016 3221 3407 3417 3430 3673 3712 3755 4741 
#module 93 size: 37 bs: 0.392492
42 304 449 626 709 740 1234 1572 1671 1919 2220 2371 2489 2506 2650 2749 2768 2837 3119 3284 3531 3767 3876 3881 3903 3954 4333 4356 4584 4810 4869 4886 5407 5450 5510 5614 5661 
#module 94 size: 64 bs: 0.731024
209 257 266 354 375 573 578 693 1018 1229 1241 1357 1359 1582 1689 1828 1829 1854 1907 1926 1986 2124 2160 2211 2262 2287 2294 2316 2517 2528 2702 2703 2844 2845 3262 3291 3321 3358 3374 3661 3778 3994 4116 4131 4461 4465 4780 5004 5106 5206 5276 5330 5387 5466 5492 5778 5903 6090 6186 6519 6635 6671 6828 6851 
#module 95 size: 25 bs: 0.970066
298 991 1443 1793 1934 2226 2663 2848 2849 3099 3300 4375 4612 4618 4679 4951 5150 5336 5632 5825 6427 6569 6605 6612 6802 
#module 96 size: 18 bs: 0.328731
154 717 740 1191 1568 2234 2750 2969 3242 3314 4997 5011 5135 5319 5421 5963 6133 6917 
#module 97 size: 16 bs: 0.513992
555 582 1529 1576 1580 1691 1966 2208 2360 2548 2553 2670 3875 4148 5282 6644 
#module 98 size: 53 bs: 0.284925
20 23 132 214 215 296 342 372 422 738 763 909 1219 1277 1342 1490 1580 1752 1950 1976 2022 2129 2133 2208 2281 2386 2448 2493 2589 2708 2775 2834 3249 3335 3358 3917 3960 4184 4567 4619 4723 4735 5156 5342 5385 5481 5650 5809 5938 5967 6199 6237 6478 
#module 99 size: 56 bs: 0.113489
7 105 361 434 596 657 682 841 874 945 1004 1109 1230 1435 1442 1486 1511 1554 1758 2018 2515 2632 2712 2807 2824 2979 3044 3065 3223 3279 3281 3394 3521 3885 4516 4683 4747 5182 5269 5298 5440 5453 5480 5872 6010 6054 6058 6111 6141 6163 6204 6306 6378 6531 6649 6738 
#module 100 size: 20 bs: 1.00849
228 496 1214 1355 1980 2150 2185 3603 3817 4592 4700 5056 5114 5402 5457 5478 6081 6153 6348 6560 
#module 101 size: 13 bs: 0.384626
886 2136 2241 2347 3285 3909 3969 4473 4813 4929 6506 6592 6651 
#module 102 size: 20 bs: 0.728947
549 568 712 901 948 1825 1978 2007 2419 2432 2521 2816 2885 3103 3398 3533 4656 4985 5912 6343 
#module 103 size: 19 bs: 0.352918
54 474 671 982 1040 1044 1054 1056 1497 1615 2847 3295 3445 4454 5240 5792 5864 6271 6723 
#module 104 size: 19 bs: 0.410017
607 719 1501 2064 2154 2628 2966 3221 3407 3417 3430 3789 3878 4590 4754 5784 5863 5975 6370 
#module 105 size: 28 bs: 0.204451
919 1009 1013 1034 1081 1181 1512 1700 1701 2078 3159 3220 3464 3569 3713 3716 3800 4128 4153 4717 4888 5129 5250 5604 5605 6188 6636 6683 
#module 106 size: 18 bs: 0.878117
630 916 1625 1663 2024 2212 2284 3031 3847 3985 4364 4573 4910 5733 5995 6263 6286 6772 
#module 107 size: 16 bs: 0.200847
883 1679 1995 3114 3800 3810 3918 4756 4936 5420 5538 5754 6235 6270 6594 6670 
#module 108 size: 16 bs: 0.835882
960 964 970 1128 1174 1177 1180 2146 2706 2765 3944 4538 4593 5292 5626 6492 
#module 109 size: 31 bs: 0.971539
625 628 740 909 1222 1434 2187 2273 2554 2676 2685 2768 2955 3212 3289 3557 3613 3714 3975 4338 4602 4810 4864 4891 5589 5661 5887 5955 6059 6268 6646 
#module 110 size: 26 bs: 0.947726
57 296 479 1437 1459 1577 1681 2102 2117 2391 2731 3268 3328 3633 3749 3852 3917 4112 4293 4368 4401 4837 5342 5874 5889 5976 
#module 111 size: 38 bs: 0.740097
192 378 429 430 438 687 751 872 990 1016 1049 1351 1639 1658 1670 1677 2324 2522 2641 3021 3218 3589 3606 3611 3796 3936 4190 4617 4689 4811 5017 5340 5678 5944 6028 6135 6318 6742 
#module 112 size: 38 bs: 0.793987
338 341 562 830 835 976 1369 1606 1712 2315 2334 3111 3274 3682 3702 3739 3751 3902 3915 4016 4372 4447 4579 4595 4758 5439 5634 5875 5923 5973 5997 6083 6174 6270 6310 6543 6603 6905 
#module 113 size: 20 bs: 0.523479
117 747 851 1054 1378 1772 1897 2354 2666 3324 3338 3840 3984 4106 4498 4634 5663 6271 6497 6500 
#module 114 size: 17 bs: 0.692414
214 1665 1721 2019 2404 2479 2830 3248 3445 3595 4849 4978 5015 5620 5911 6153 6315 
#module 115 size: 15 bs: 0.817678
969 1140 1771 2929 3184 3679 3894 4320 4566 5064 5242 5417 5600 5862 6894 
#module 116 size: 79 bs: 0.137669
254 380 534 609 710 730 735 800 871 967 992 1094 1132 1174 1176 1179 1203 1211 1213 1265 1347 1358 1502 1508 1515 1656 1695 1729 1910 1935 1988 2004 2065 2084 2114 2143 2157 2161 2235 2273 2314 2736 2814 2873 2917 3004 3153 3312 3339 3737 3765 3815 3869 4018 4055 4156 4357 4599 4705 4914 4973 5267 5393 5468 5681 5742 5752 6078 6287 6366 6384 6414 6545 6549 6581 6589 6750 6791 6882 
#module 117 size: 33 bs: 0.181294
88 114 381 415 583 677 1112 1176 1182 1573 1688 1692 1847 2375 2413 2617 2990 3215 3742 4238 4732 4845 4897 5031 5488 5557 5777 5891 6062 6115 6170 6692 6751 
#module 118 size: 23 bs: 0.740829
1017 1210 1392 1454 1693 1743 1927 1948 2563 3005 4013 4041 4196 5092 5194 5243 5343 5389 5591 5805 5916 6453 6546 
#module 119 size: 110 bs: 0.323524
126 171 221 393 453 551 573 575 585 779 978 1038 1039 1041 1042 1043 1051 1053 1056 1058 1082 1194 1356 1360 1374 1575 1612 1674 1689 1740 2015 2147 2156 2162 2164 2192 2202 2207 2210 2222 2260 2345 2385 2470 2473 2645 2794 2795 2848 2849 2958 2973 3029 3068 3140 3160 3233 3235 3326 3419 3440 3472 3727 3763 3791 3821 3905 3994 4379 4464 4500 4605 4647 4662 4670 4722 4809 4814 4840 4903 4981 5187 5211 5227 5236 5237 5341 5583 5607 5689 5747 5773 5783 5836 5920 6053 6244 6309 6322 6375 6379 6419 6438 6447 6511 6690 6694 6790 6828 6879 
#module 120 size: 24 bs: 0.591012
64 1090 1403 1501 1561 2122 2245 2349 2637 2661 2672 2708 2726 3133 3216 3555 4014 4055 4308 5200 5348 5563 5677 5756 
#module 121 size: 22 bs: 0.430695
80 783 814 1003 1581 1775 2466 3213 3268 3369 3505 3898 4001 4358 4389 4652 5068 5199 5220 5296 5613 5740 
#module 122 size: 14 bs: 0.145972
206 815 1092 1191 1805 1928 1965 2437 2964 3273 3996 4303 5131 6616 
#module 123 size: 65 bs: 0.633621
59 104 145 182 592 789 879 1025 1304 1391 1401 1452 1714 1750 1882 1890 1904 1913 1916 1938 2068 2072 2098 2172 2179 2248 2254 2364 2394 2434 2560 2728 2754 2778 2935 3053 3224 3357 3359 3493 3550 3598 3657 3735 4021 4114 4406 4528 4535 4536 4738 4784 4856 4893 4934 4938 5503 5511 5710 5723 6100 6109 6558 6703 6877 
#module 124 size: 29 bs: 0.678036
1008 1097 1716 1940 2458 2551 2552 2635 3099 3300 3503 4011 4497 4517 4706 4790 5277 5321 5323 5408 5564 5799 5802 6075 6107 6238 6408 6605 6918 
#module 125 size: 9 bs: 0.510979
656 2441 2724 3557 5184 5223 5490 6177 6593 
#module 126 size: 9 bs: 0.416927
599 618 2436 4214 4307 4969 5726 6383 6789 
#module 127 size: 46 bs: 0.447961
160 339 406 1007 1158 1311 1590 1746 1747 2377 2444 2480 2610 2681 2684 2964 3027 3081 3177 3201 3420 3498 3553 3826 3964 4462 4525 4589 4804 4873 5048 5079 5318 5659 5725 5757 5856 5902 6390 6458 6479 6610 6615 6643 6745 6846 
#module 128 size: 14 bs: 0.502106
471 704 1331 2216 2968 3174 3783 4184 4726 4805 5153 5266 5288 6457 
#module 129 size: 61 bs: 1.03002
5 14 29 44 85 150 216 336 518 632 658 745 805 870 922 999 1183 1551 1559 1778 1796 2048 2091 2151 2170 2250 2418 2443 2538 2818 3172 3491 3537 3618 3649 3973 3998 4029 4131 4646 4719 4791 4847 4887 5171 5265 5356 5537 5539 5569 5637 5716 6029 6166 6256 6357 6404 6567 6661 6864 6873 
#module 130 size: 23 bs: 0.821209
49 556 756 1416 2193 2438 2598 3198 3337 3571 3580 3711 4222 4284 4450 4651 4801 4841 4885 5199 6203 6338 6502 
#module 131 size: 32 bs: 0.518895
95 291 494 541 620 660 748 1699 1891 1959 2130 2408 2842 2889 2894 3012 3022 3159 3196 3438 3490 3588 3818 4118 4257 4547 4606 5376 5593 5688 5992 6394 
