#module 0 size: 6 bs: 2.41954e-10
3029 5165 6279 8033 8836 9882 
#module 1 size: 5 bs: 0.0224953
3663 6068 10245 10699 10853 
#module 2 size: 3 bs: 0.0078176
1263 7237 7705 
#module 3 size: 3 bs: 0.009436
2642 6096 7639 
#module 4 size: 4 bs: 0.00777454
1466 6707 9755 10783 
#module 5 size: 6 bs: 0.0304883
1220 4230 7265 8933 9093 10311 
#module 6 size: 5 bs: 0.0216401
1931 2824 4534 6855 10631 
#module 7 size: 3 bs: 0.0635472
6583 8568 8979 
#module 8 size: 3 bs: 1.20872e-07
2416 3011 11535 
#module 9 size: 5 bs: 0.159547
62 2225 11334 11678 12641 
#module 10 size: 8 bs: 1.04043
894 1020 3396 4006 5046 5813 7605 12933 
#module 11 size: 5 bs: 0.286407
3624 4035 6380 8877 9006 
#module 12 size: 15 bs: 0.367703
2344 2768 4055 4938 5433 5942 6469 6701 7122 8872 9336 10063 10151 10219 10932 
#module 13 size: 5 bs: 0.161621
1180 4836 4992 5086 11419 
#module 14 size: 5 bs: 0.227006
8747 9551 9635 9669 12228 
#module 15 size: 6 bs: 0.32619
903 2160 3502 6278 7313 10118 
#module 16 size: 11 bs: 0.478722
830 1429 2483 6121 7007 7320 8474 8871 9288 10504 10743 
#module 17 size: 4 bs: 0.868562
3658 6021 8977 9276 
#module 18 size: 5 bs: 0.524
6144 6863 8635 9852 10717 
#module 19 size: 24 bs: 0.792764
1837 1930 1951 2026 2677 3475 4511 4535 4902 5988 6970 7115 7950 8172 8191 9011 9210 9568 9607 10011 10486 10583 10707 12492 
#module 20 size: 4 bs: 0.842387
1089 6812 7866 9224 
#module 21 size: 4 bs: 0.845671
5557 6538 7464 8281 
#module 22 size: 7 bs: 0.159924
3744 4697 5954 6528 6751 7141 7696 
#module 23 size: 5 bs: 0.774903
1737 3949 4636 5862 8285 
#module 24 size: 29 bs: 0.415748
54 936 1804 1839 2302 2460 2721 3442 3676 3759 3806 4002 4503 4622 5277 5380 5489 5997 6323 6350 6739 7606 8597 8709 8817 9103 9667 9681 11883 
#module 25 size: 12 bs: 0.810414
2406 2461 4580 5037 5092 5191 7190 7305 7838 8361 8948 11361 
#module 26 size: 5 bs: 0.782753
2668 5936 9176 9469 11148 
#module 27 size: 29 bs: 0.364998
1095 1542 1975 1984 2044 3889 4569 4780 4909 5397 5616 5660 5685 5984 6385 6489 6952 7203 8322 8338 8380 8681 9133 9419 9679 9689 11032 12609 12666 
#module 28 size: 17 bs: 0.996319
1409 2308 3338 3461 3904 4052 4100 4643 4968 5237 6109 6648 7638 8306 8780 9936 10982 
#module 29 size: 35 bs: 0.863032
866 1504 1968 2069 2223 2613 2715 2766 2886 3006 3037 3510 3698 4959 5246 5878 6459 6594 6635 6652 7282 7589 7661 8679 8748 9086 9275 9361 9390 9526 10068 10444 10493 10847 12885 
#module 30 size: 37 bs: 0.201067
1544 1580 2110 2184 2778 3035 3414 3691 3980 4001 4783 4856 4871 5439 5749 5926 5942 6201 6304 6581 6601 6743 6828 6873 7186 7396 7446 8104 8222 8286 8608 8665 8755 8874 9659 9709 10755 
#module 31 size: 77 bs: 0.764764
67 70 72 1045 1055 1127 1198 1268 1288 1291 1346 1374 1605 1736 1791 1860 2030 2407 2470 2486 2546 3053 3094 3103 3482 3520 3567 3573 3970 4148 4290 4315 4319 4330 4341 4767 5211 5627 5759 5799 6229 6500 6501 6531 6533 6592 6684 6736 6902 6954 7192 7222 7250 7430 7647 7665 7753 7788 7969 7982 8136 8468 8630 8996 9191 9245 9277 9512 9838 10016 10254 10482 10613 10769 10906 11185 11224 
#module 32 size: 22 bs: 0.405118
59 73 1028 1427 1845 2564 2913 4019 4422 4482 4550 4699 4716 4863 5038 5158 5999 6246 6533 7769 7868 9492 
#module 33 size: 17 bs: 0.45603
38 2311 2643 2788 3689 3919 4671 4996 5786 5924 6024 6711 7082 7535 7648 8817 9756 
#module 34 size: 35 bs: 0.827437
845 1131 2723 2789 2854 3045 4542 4647 4665 4683 5107 5442 5513 5979 6250 6301 7105 7109 7128 7342 7623 8356 8882 8998 9100 9255 9424 9491 9654 9708 10386 10538 10544 10999 11840 
#module 35 size: 101 bs: 0.226962
4 915 1081 1136 1350 1528 1557 1596 1634 1712 1888 1982 2053 2067 2265 2361 2479 2486 2505 2659 2691 2758 2950 2968 3060 3265 3363 3383 3495 3556 3736 3806 3835 3841 3872 3933 3978 4211 4223 4340 4417 4438 4470 4565 4630 4655 4732 4774 4960 5003 5091 5248 5253 5334 5349 5434 5458 5555 5587 5595 5742 5748 5770 6110 6253 6317 6392 6473 6577 6578 6690 6822 6847 6928 7131 7199 7230 7462 7642 7701 7932 7936 8059 8110 8590 8709 8878 8935 8938 9268 9546 9868 10077 10175 10202 10753 10795 10879 11256 11405 12495 
#module 36 size: 115 bs: 1.09825
30 39 882 895 914 940 1100 1166 1385 1731 1776 1777 1897 2102 2141 2319 2326 2502 2916 2937 2960 2975 3072 3083 3106 3199 3258 3269 3438 3828 4083 4275 4544 4601 4690 4940 5126 5210 5423 5746 5780 5783 5788 5797 5845 5850 5851 6026 6427 6431 6530 6598 6642 6676 6883 7029 7150 7240 7465 7487 7748 7788 7791 7845 7948 7964 8115 8149 8226 8395 8508 8576 8702 8897 8983 9037 9078 9096 9266 9338 9455 9504 9676 9698 9809 9841 9978 9996 10001 10108 10120 10192 10254 10293 10428 10511 10541 10565 10599 10674 10798 10846 10901 11025 11163 11168 11194 11470 11667 11702 11790 12249 12794 12899 13039 
#module 37 size: 15 bs: 0.782997
1014 1877 2175 3452 3542 4049 4921 4922 4923 5707 6958 7233 9024 9792 10583 
#module 38 size: 23 bs: 0.47207
1320 1568 1615 2357 2523 2739 2836 2953 3111 4501 4973 5589 6160 6239 6729 7110 8540 9173 9345 9354 9989 10596 10799 
#module 39 size: 19 bs: 0.632187
797 1782 2459 2475 3920 4484 5075 7693 7723 7826 8634 8890 9350 9556 9810 9873 10401 10648 11169 
#module 40 size: 49 bs: 0.366534
1278 1508 1615 1735 1834 1889 2075 2163 2202 2255 2300 2301 2575 2602 2777 2791 2803 2849 2881 3051 3222 3247 3825 3901 4485 4747 4820 4970 5074 5109 6227 6307 6749 7040 7304 7501 8431 9139 9345 9478 9598 9707 10130 10148 10255 10284 10324 10337 11232 
#module 41 size: 15 bs: 0.364283
2762 2977 3195 3505 3638 4307 4751 5510 6040 6532 7344 9105 9165 9753 9920 
#module 42 size: 31 bs: 0.92533
1034 2792 3040 3187 3419 3500 3701 3805 4302 4428 4451 5001 5407 5548 6006 6274 6436 6778 7034 7646 7746 7928 7947 7977 8360 8610 9964 10179 10975 11151 11217 
#module 43 size: 25 bs: 0.460563
1109 1130 1402 1463 1607 2648 3777 3922 4041 4741 6259 6957 7245 7618 7627 8483 9629 9829 9874 9993 10066 10206 10773 12015 12644 
#module 44 size: 6 bs: 0.797684
1018 4350 5872 8963 10360 10961 
#module 45 size: 7 bs: 0.211542
1743 1773 1857 3057 5755 6480 6987 
#module 46 size: 15 bs: 0.636691
2465 2867 4061 4573 4982 5150 5484 5737 7482 8145 8388 9702 10621 10979 12813 
#module 47 size: 6 bs: 0.761124
3529 3636 3817 6903 10910 12683 
#module 48 size: 14 bs: 0.332651
1546 2750 3018 3251 3568 3962 4403 4694 4713 4998 7876 8170 8722 10894 
#module 49 size: 33 bs: 0.531109
55 898 1201 1229 1543 1652 2145 2154 3649 4025 4159 4277 4329 4623 4742 5082 5275 5839 6049 6545 6946 7371 7524 7580 7622 7833 8341 8348 8354 8994 9691 11210 12860 
#module 50 size: 15 bs: 1.08521
1484 4410 4473 5034 5624 6754 7065 7259 8437 9040 9722 10301 10659 10766 11362 
#module 51 size: 30 bs: 0.828953
966 2258 2541 2811 3431 3451 3572 3664 4082 4273 4931 5042 5293 5717 5751 6559 6562 6582 6938 7681 8108 8555 8964 9840 10787 12077 12170 12661 12874 12995 
#module 52 size: 7 bs: 0.999344
1087 3423 3833 3974 5178 6457 8123 
#module 53 size: 35 bs: 0.54805
930 951 1736 2466 2546 2563 3053 3094 3132 4072 4305 4444 4560 4597 4730 4788 4802 5028 6488 6658 6854 7665 7969 8206 9111 9191 9398 9786 9901 10438 10613 10654 11178 11185 12712 
#module 54 size: 82 bs: 0.780558
873 958 1005 1176 1414 1608 1684 1759 1810 1995 2136 2598 3269 3445 3594 3816 3891 3936 3938 4267 4316 4494 4769 4771 5285 5357 5519 5613 5642 5773 5884 6026 6103 6401 6999 7219 7339 7530 7565 7647 7657 7975 8138 8161 8409 8493 8607 8683 8799 8940 9000 9286 9536 9610 9612 9624 9724 9773 9970 10041 10190 10251 10382 10508 10671 10692 10705 10756 10775 10801 10804 10836 10863 10939 11097 11164 11465 11962 12447 12700 12891 12982 
#module 55 size: 41 bs: 0.148448
1394 1557 1558 1602 1616 2228 2257 2304 2517 2660 2907 2927 2969 3115 3811 3935 3945 4781 4886 5728 5881 6007 6046 6113 6878 7602 7682 7770 8305 8639 8856 9179 9203 9854 9966 10125 10398 10618 10628 10632 10746 
#module 56 size: 22 bs: 1.06525
945 1132 1172 1243 1847 2360 2844 2868 2996 3012 3019 3536 4344 4920 5058 6230 6303 6423 6425 8445 10137 10248 
#module 57 size: 69 bs: 0.669242
5 43 960 991 1195 1237 1444 1498 1790 1883 1905 2338 2346 2487 2491 2726 2760 2915 3024 3067 3473 3503 3883 4070 4142 4156 4384 4579 4764 4805 4855 4876 4904 5201 5479 5522 5535 5745 5821 5903 5968 6206 6517 6537 7536 7888 7981 8024 8038 8091 8300 8379 8575 8711 8738 8782 8793 8845 9020 9092 9241 9802 9828 9944 10858 10886 11096 11106 13055 
#module 58 size: 44 bs: 0.831796
764 1269 1289 1383 1631 1668 2260 2718 2806 2815 2852 3033 3046 3309 3378 3702 3766 4031 4162 4281 4803 4823 4962 5012 5260 5482 5556 6216 6770 7090 7165 7422 7662 7879 8135 8312 8449 8704 10038 10163 10929 11220 11342 11519 
#module 59 size: 7 bs: 0.274838
3081 4507 6017 8517 8781 9842 12063 
#module 60 size: 35 bs: 0.56811
1576 1758 2439 2864 2999 3255 4170 4209 4772 5166 5220 5270 5691 6194 6793 6861 6884 7077 7944 8056 8234 8448 8556 8613 8848 9134 9298 9370 9929 10430 10451 10785 10833 11009 12635 
#module 61 size: 58 bs: 0.457317
42 844 873 946 1412 1665 1726 1847 1912 2060 2318 2474 2613 2731 3058 3252 3407 3445 3656 4167 4326 4393 4659 5534 5573 6142 6495 6636 7012 7206 7805 8057 8201 8223 8607 8637 8748 9086 9363 9408 9409 9565 9625 9678 10290 10294 10508 10526 10605 10645 10684 10692 10700 10724 10774 10826 11017 11425 
#module 62 size: 60 bs: 0.48561
15 778 873 1113 1218 1590 1608 1718 1818 1920 1954 1971 2373 2549 2941 3247 3357 3445 3452 3501 3780 4034 4064 4132 4249 5266 5279 5806 6172 6511 6641 6686 7111 7215 7379 7842 8037 8044 8125 8133 8174 8343 8527 8607 8909 9104 9625 9707 9775 10323 10605 10692 10700 10809 10904 11022 11107 11581 12896 13010 
#module 63 size: 35 bs: 0.176843
835 1214 1222 1280 1805 1894 1994 2072 2099 3488 4284 4889 5429 5762 5794 5967 5992 6540 6920 6996 7223 7227 7375 7747 7762 8436 8490 8710 8875 9283 10375 10517 10818 10980 11259 
#module 64 size: 40 bs: 0.830051
16 67 1068 1561 1604 1605 1736 1778 1917 2498 2567 3427 3494 3649 4048 4205 4296 4326 4999 5248 5427 5518 6180 6700 6902 6984 7250 7272 7486 7924 8002 8005 8117 8615 10088 10245 10496 10699 11271 11700 
#module 65 size: 38 bs: 1.042
1021 1529 1879 2176 2392 2511 2793 2842 2951 3232 3351 3481 4641 4756 4891 4908 5121 6070 6101 6185 6289 8129 8392 8693 9004 9157 9199 9672 9801 9845 9949 10072 10172 10501 11216 11463 11643 12264 
#module 66 size: 24 bs: 0.777212
851 2759 3254 3395 3656 3679 5291 5401 5462 5581 6506 6515 6922 7129 7211 7260 7719 7967 7984 8057 8220 8606 9547 11453 
#module 67 size: 61 bs: 0.399915
1344 1475 1617 1683 1803 1822 2027 2078 2147 2247 2377 2633 2727 2830 2948 3429 3564 3686 3808 3899 3963 4165 4777 5186 5224 5370 5413 5449 5500 5527 5617 5853 6018 6336 6512 6608 7083 7123 7126 7140 7174 7182 7249 7507 7846 7995 8229 8257 8377 8531 9368 9528 9891 10124 10270 10403 10574 10617 10647 10830 11205 
#module 68 size: 44 bs: 0.348378
1455 2039 2526 2706 2795 3499 3598 3639 3715 3732 4149 4383 4447 4553 4881 4882 5065 5340 5454 5564 5621 5733 5747 5782 5865 5928 6207 6677 6876 6905 6943 7221 7892 7904 8003 8121 8221 8580 8811 9144 9774 9991 10858 10989 
#module 69 size: 32 bs: 0.45071
41 1526 1776 1824 3118 3135 4022 4166 4371 4430 4681 5343 5399 5483 5599 6539 6674 6795 7048 7092 7171 7198 8009 8157 8175 8266 8875 8881 9665 10001 10370 10499 
#module 70 size: 81 bs: 0.28154
834 956 1001 1039 1054 1067 1126 1250 1330 1352 1373 1613 1704 1850 1876 1956 2070 2236 2265 2298 2335 2355 2453 2486 2662 2744 2925 3010 3014 3132 3328 3543 3588 3812 3835 3996 4074 4087 4203 4222 4257 4571 4587 4774 5064 5152 5193 5212 5272 5273 5489 5498 5506 5508 5509 5612 5640 5803 6396 6419 7050 7199 7298 7435 7877 8048 8178 8358 8489 8638 8762 9247 9280 9435 9832 10053 10572 10772 11001 11273 11405 
#module 71 size: 40 bs: 0.836936
1300 1635 2115 2423 2450 2734 3234 3277 3375 3584 3848 3851 4172 4391 4627 4895 4957 5299 5639 5833 5947 5961 5969 6661 6909 7572 7937 8011 8060 8284 8953 9149 9549 9601 9688 9744 10050 10122 10427 11079 
#module 72 size: 88 bs: 0.867219
860 864 1078 1105 1160 1175 1203 1250 1306 1315 1319 1584 1701 1774 1817 1852 1953 1959 2040 2210 2387 2665 2908 2922 3064 3089 3319 3385 3408 3421 3531 3540 3690 3748 3750 3797 4078 4422 4448 4699 4727 4791 5039 5253 5300 5373 5385 5464 5559 5713 5741 5744 5771 6132 6477 6561 6591 6953 7052 7216 7698 7712 7763 7824 8019 8156 8167 8262 8346 8549 8641 9026 9153 9427 9444 9483 9574 9630 9765 10292 10391 10414 10663 10745 10759 11081 11383 12881 
#module 73 size: 21 bs: 0.477824
66 1767 3836 5029 6685 6901 7224 7392 7490 8562 8577 8669 8807 9050 9137 9434 10314 10777 11693 11815 12297 
#module 74 size: 106 bs: 0.686185
883 1072 1240 1247 1311 1468 1541 1575 1751 1842 1891 1973 2186 2283 2351 2432 2516 2571 2579 3150 3206 3646 3734 3800 4102 4110 4121 4134 4247 4457 4566 4651 4746 4899 4901 4984 5012 5025 5160 5308 5409 5538 5566 5712 5774 5824 5993 6209 6256 6312 6356 6453 6468 6610 6724 6784 6841 7167 7193 7207 7270 7338 7615 7655 7727 7765 7858 7917 8099 8100 8378 8528 8602 8652 8809 8820 8950 9041 9066 9162 9188 9318 9338 9490 9508 9609 9613 9647 9671 9819 9821 9958 10029 10123 10166 10187 10244 10366 10380 10527 10584 10712 10881 11246 11475 11550 
#module 75 size: 30 bs: 0.591208
57 1318 1784 1804 1907 2095 3114 3290 3862 4966 5138 5372 5614 5666 5842 6041 6157 6214 6358 6410 6472 6746 6769 6839 6857 7191 7509 8254 9870 9906 
#module 76 size: 22 bs: 0.281569
1235 1397 1457 2040 2978 3068 3695 4766 5000 5347 5393 6033 7021 7046 7088 7254 7345 7821 10333 10926 11016 13004 
#module 77 size: 40 bs: 0.247527
1524 1693 1775 2319 2353 2696 2960 3083 3484 3486 3541 3648 3716 4013 4137 5126 5335 5400 5529 5551 5669 5671 6430 6481 6533 6656 6917 7240 8006 8210 8868 8985 9018 9324 9591 10455 10477 10565 10931 11205 
#module 78 size: 81 bs: 1.03756
52 76 792 1017 1051 1106 1154 1261 1279 1545 1586 1832 1887 2104 2393 2634 2769 2831 2841 2884 2967 3042 3084 3362 3409 3412 3443 3647 3886 4392 4728 4731 4822 4835 4970 5289 5539 5633 5732 5963 5976 6128 6155 6338 6407 6633 6709 6725 6979 7114 7163 7187 7415 7514 7750 8039 8373 8470 8542 8596 8633 8946 9110 9214 9367 9559 9604 10046 10189 10389 10620 10747 10843 10918 10965 11114 11130 11160 11168 12595 12944 
#module 79 size: 19 bs: 1.01535
1986 3995 4401 4842 4896 5010 5618 6804 6871 6993 7048 7324 8840 9287 9590 9863 10004 10603 10701 
#module 80 size: 40 bs: 0.279382
1167 1480 1569 2123 2439 2907 2928 2990 3075 3255 3302 3477 3478 3969 4218 4532 5881 6151 6152 6301 6576 6793 6827 7109 7264 7342 7721 7730 7830 8017 8056 8613 8724 8790 9134 10123 10430 10730 10966 10989 
#module 81 size: 37 bs: 0.964643
769 858 1041 1520 3627 3789 4207 4343 4349 4387 4680 4736 5608 6015 6203 6386 6649 6830 7406 7694 7729 8335 8384 8552 8647 8976 9514 9584 9727 9948 10221 10234 10424 10564 10813 11371 11501 
#module 82 size: 11 bs: 0.701535
766 2765 2902 3054 5133 5486 5631 7604 7714 9099 10103 
#module 83 size: 27 bs: 0.692089
972 1273 1334 1410 1424 3282 3454 3627 4233 4260 4709 4736 4794 5552 5825 6248 6252 6527 7694 7957 8112 9023 9063 9727 10810 11191 11656 
#module 84 size: 28 bs: 0.851637
786 911 1077 1509 1962 2692 4458 5416 5533 5819 6084 6094 6296 7032 7125 7325 8500 8539 8621 8947 9140 9237 9502 10027 10275 10320 10615 11138 
#module 85 size: 55 bs: 0.632851
852 932 962 1026 1781 1831 2592 2921 3208 3436 3582 3900 4178 4215 4379 4563 4945 5217 5341 5375 5447 5606 5896 5931 5946 6065 6175 6264 6523 6740 6945 7540 7706 8228 8278 8370 8726 9044 9085 9107 9713 9733 9981 10097 10132 10185 10259 10703 10711 10805 10991 11110 11123 11625 12690 
#module 86 size: 22 bs: 0.32138
1128 1262 2485 2508 2551 3286 3924 4586 5477 5868 6414 6597 6747 6918 7060 7852 7982 8001 8235 8592 10855 10992 
#module 87 size: 59 bs: 0.857305
788 1005 2149 2324 2338 3024 3389 3458 3504 3604 3830 3928 4380 4812 5093 5094 5104 5188 5268 5456 5480 5750 6099 6138 6141 6418 6524 6564 6741 7027 7160 7699 7927 7974 8268 8455 8570 8683 8797 8940 8967 9090 9616 9720 9734 9844 9970 10211 10388 10636 10682 10705 10775 10860 10986 11003 11193 12782 12982 
#module 88 size: 58 bs: 1.08095
33 827 1107 1272 1968 2130 2176 2232 2275 2661 2879 3164 3212 3235 3327 3493 3698 3728 3852 4011 4111 4608 4641 4702 5218 5675 6231 6238 6243 6260 6345 6459 6640 6652 6771 6801 7255 7589 7652 7660 8321 8475 8521 8680 8838 8893 9004 9025 9155 9269 9315 9578 10493 10582 10957 11463 11499 12264 
#module 89 size: 115 bs: 0.460245
14 789 865 926 1135 1165 1221 1230 1283 1376 1641 1714 1898 1985 2018 2039 2090 2177 2182 2394 2395 2616 2622 2700 2709 2741 2808 2850 2952 3009 3026 3040 3185 3213 3280 3348 3419 3544 3559 3684 3827 4023 4050 4115 4615 4726 4733 4768 4879 4892 4907 4926 4941 4942 5005 5074 5154 5382 5411 5591 5697 5710 6104 6237 6485 6563 6612 6650 6656 6712 6734 6965 7365 7410 7460 7468 7588 7644 7909 8128 8192 8208 8269 8315 8326 8368 8390 8417 8440 8653 8920 8934 9109 9161 9185 9674 9793 10078 10084 10087 10255 10426 10468 10519 10566 10591 10996 11011 11067 11208 11217 11435 11657 11705 12937 
#module 90 size: 61 bs: 0.70915
795 826 1085 1119 1188 1431 1753 1864 2084 2457 2478 2542 2573 2717 2760 3225 3228 3527 3592 3760 3861 3950 4237 4729 4764 4850 4881 4882 5065 5314 5524 5628 5902 6197 6299 6417 6872 6998 7094 7383 7384 7592 7744 8217 8245 8327 9192 9541 9768 9771 9846 9893 10044 10133 10329 10343 10791 10814 10876 11073 12950 
#module 91 size: 31 bs: 0.569343
1407 1431 1815 1893 2548 2799 2825 2963 3308 3420 3838 4036 4282 4396 4568 5155 5290 5709 6226 6234 6556 7049 7314 7492 7797 9275 9418 9561 10076 10318 11595 
#module 92 size: 21 bs: 1.0493
56 1833 1963 2371 2781 2817 3893 3992 4947 5056 5901 6288 6361 6720 7104 7328 8510 9308 9513 10222 11504 
#module 93 size: 34 bs: 0.268729
12 20 1259 1304 1380 1547 1606 1779 2064 2254 2359 2390 3315 3761 3802 4150 4168 4810 5162 5241 5990 6471 6520 6972 7020 7348 7754 8219 8914 9062 9159 9763 10850 11566 
#module 94 size: 17 bs: 1.03031
1338 1734 1899 2429 2620 3182 4956 5239 5387 6399 6687 7019 8773 9500 9824 10038 10381 
#module 95 size: 36 bs: 0.265959
767 782 886 899 2058 2169 2415 2636 2790 2796 2894 2957 3027 3030 3204 3908 4106 4278 4663 4787 6233 7585 8252 8895 9230 9254 9369 9371 9436 9523 9655 9794 9806 9883 10384 11070 
#module 96 size: 28 bs: 1.05341
1295 1760 1914 2148 2747 2828 3087 3204 3538 4079 4117 5020 5087 5182 5735 6130 7330 7366 8130 8390 8696 9123 9299 10105 10143 10258 10392 10807 
#module 97 size: 33 bs: 0.572893
13 825 1010 1033 1043 1748 1808 1924 2032 2859 3161 3613 3809 3964 4054 4104 4143 4297 5079 5323 5426 5852 5869 8114 8258 8619 8686 8760 9071 9327 9503 10045 11223 
#module 98 size: 30 bs: 0.6434
1208 1217 1341 1446 1459 1533 1722 1921 2444 2706 5409 5572 5830 7005 7295 7408 7710 7711 8312 8617 8719 8899 9401 10351 10506 10587 10651 10658 10870 11173 
#module 99 size: 85 bs: 0.175752
79 791 826 948 981 991 1069 1088 1098 1492 1622 1636 1653 1724 1754 1756 2151 2346 2455 2487 2531 2568 2748 2760 2914 3496 3612 3997 4004 4053 4070 4224 4301 4433 4547 4675 4770 5065 5103 5141 5144 5225 5336 5435 5733 5756 5821 5855 5863 5871 5907 5950 6037 6364 6517 7015 7053 7137 7145 7441 7666 7870 7931 7983 8067 8147 8303 8375 8760 8826 8915 9020 9241 9309 9359 9540 9692 9961 10348 10416 10891 11004 11099 11611 12880 
#module 100 size: 28 bs: 0.978141
1015 1270 1843 2435 3299 3450 3823 3984 4291 4338 4700 5101 5317 5418 5553 5724 6422 7100 7119 7226 7231 7755 8558 8636 10627 11031 11447 11552 
#module 101 size: 21 bs: 0.388247
773 816 2452 2785 2893 3080 4576 4609 4778 4859 4918 4975 5398 5829 6339 7619 9378 10357 10597 10973 11002 
#module 102 size: 22 bs: 0.971475
1090 1522 1563 1685 1867 3533 4560 4582 4814 5568 6181 6218 7454 7648 8062 8113 9019 9061 10056 10142 11095 12870 
#module 103 size: 66 bs: 0.666592
74 760 793 921 1124 1368 2116 2469 2955 3043 3085 3246 3292 3388 3522 3793 3819 3832 3871 4008 4127 4147 4268 4357 4464 4776 4811 4829 5040 5119 5987 6311 6314 6575 6637 6638 6705 6805 7541 7566 7670 7689 7716 7828 7889 8292 8307 8333 8523 8768 8882 8901 8959 9036 9219 9489 9533 10128 10146 10264 10325 10372 10488 10729 10865 11699 
#module 104 size: 25 bs: 0.747951
881 1440 1723 1732 2165 2183 3017 3709 4112 4364 4464 4717 5278 6381 6631 6937 7539 8232 8708 8804 9170 9256 9714 10106 11139 
#module 105 size: 43 bs: 1.06794
850 897 974 1009 2114 2278 2321 2529 2763 2875 3154 3163 3175 3236 3441 3991 4005 4304 4460 4795 5864 5937 6292 6379 6464 6781 6826 7335 7867 7919 8041 8076 8165 8271 8829 9080 9270 9836 10303 10362 10413 11342 11415 
#module 106 size: 45 bs: 0.357538
1093 1639 1674 2054 2695 2809 3091 3101 3480 3868 4043 4197 4450 4754 5100 5283 5531 5582 5932 6016 6421 6490 6768 6824 7116 7208 7609 8079 8663 8676 8991 9001 9130 9209 9534 9735 9795 10432 10475 10625 10725 10913 11189 11870 12862 
#module 107 size: 231 bs: 0.411849
777 843 875 883 885 893 909 913 967 973 979 1006 1155 1206 1229 1271 1293 1322 1499 1503 1549 1598 1619 1628 1638 1655 1661 1667 1717 1733 1744 1863 1919 1933 1952 1976 1987 2029 2046 2076 2082 2089 2097 2101 2103 2124 2172 2240 2270 2325 2397 2402 2454 2463 2495 2501 2544 2587 2782 2800 2818 2835 2861 2973 2980 3138 3249 3366 3391 3399 3410 3459 3462 3469 3532 3575 3618 3829 3906 3956 3978 3986 3989 4044 4091 4184 4254 4287 4370 4373 4379 4398 4399 4413 4418 4442 4446 4530 4548 4740 4993 5030 5041 5059 5139 5145 5179 5231 5302 5318 5331 5367 5452 5540 5541 5659 5664 5708 5714 5720 5748 5768 5815 5844 5912 5998 6058 6213 6261 6329 6374 6377 6390 6424 6508 6509 6558 6600 6622 6667 6758 6817 6831 7155 7274 7287 7381 7436 7452 7578 7610 7625 7629 7645 7700 7878 7907 7953 7960 8040 8086 8098 8131 8148 8155 8264 8297 8309 8351 8381 8387 8421 8441 8453 8476 8492 8512 8590 8601 8735 8743 8822 8936 9002 9055 9083 9145 9263 9268 9322 9333 9343 9453 9486 9499 9544 9566 9573 9649 9663 9710 9818 9916 9998 10049 10112 10131 10214 10277 10338 10404 10461 10533 10543 10679 10728 10841 10862 10914 10938 10978 11007 11152 11159 11206 11261 11393 11436 11695 11708 12679 
#module 108 size: 36 bs: 1.00035
915 1895 2270 2505 2589 2835 2958 3687 3859 4084 4388 4408 4413 4654 4668 4837 5110 5142 5194 6217 6866 7578 7613 7641 7642 8435 8446 8584 8878 9375 9587 9650 10461 10581 11372 12495 
#module 109 size: 53 bs: 0.98707
916 1019 1057 1647 1666 2127 2176 2786 2793 2797 2886 2887 3907 4583 4585 4628 4893 5661 6198 6200 6224 6232 6233 6242 6249 6551 6567 6721 7173 7477 7518 7575 7980 8237 8386 8659 8670 8698 8749 8784 9365 9369 9415 9589 9660 9670 9949 10099 10156 10195 10203 10602 10776 
#module 110 size: 81 bs: 0.482749
759 790 1031 1047 1086 1168 1276 1320 1417 1997 2174 2180 2219 2223 2272 2632 2781 2816 2848 3120 3327 3452 3733 4163 4356 4483 4575 4576 4584 4661 4667 4782 4906 4927 4928 4978 4991 5246 5361 5560 6134 6159 6198 6228 6479 6589 6635 7456 7521 7569 7635 7962 8152 8171 8242 8293 8355 8395 8399 8473 8479 8538 8545 8748 8794 8905 9042 9136 9418 9555 9683 9707 9807 9889 9938 10460 10822 11088 11712 12039 13062 
#module 111 size: 28 bs: 0.544051
1101 1846 2549 2707 3713 4038 4169 4173 4191 5562 5758 6143 6373 6586 7016 7118 7978 8082 8644 8805 8876 9205 9466 9557 9965 11140 12756 12889 
#module 112 size: 74 bs: 0.510677
49 905 1108 1427 1593 1692 1696 1720 1729 1928 1960 2038 2139 2159 2263 2323 2449 2472 2509 2564 2669 2713 2866 2883 2918 3448 3603 3661 3754 3790 4139 4194 4199 4269 4286 4482 4529 4821 4863 4873 4948 5532 5754 5831 5898 5910 6023 6332 6478 6976 6989 7058 7086 7230 7244 7758 7914 7930 8250 8672 8808 9257 9278 9919 9982 10407 10534 10643 10922 10928 10981 11188 11196 12510 
#module 113 size: 40 bs: 0.423798
7 1074 1102 1141 1511 1621 1873 2108 2193 2345 2614 2882 3240 3622 3670 3881 3982 4024 4103 4471 4618 4798 5309 5505 5767 5804 6133 6302 7169 7512 7792 7854 8316 9022 9030 9875 10983 10988 11660 12726 
#module 114 size: 54 bs: 0.421175
865 926 1230 1548 1880 1998 2396 2412 2437 2631 2682 2700 2709 2851 2970 3023 3185 3204 3278 3430 3586 4115 4646 4753 4800 4857 4879 4926 4984 5154 5468 5611 5646 6202 6442 6761 6862 7353 8014 8018 8192 8269 8390 8443 8553 8997 9545 9716 9794 10213 10519 10827 10861 10872 
#module 115 size: 45 bs: 1.04182
919 1211 1253 1298 1388 1448 1597 1657 1694 1757 2442 3129 3242 3257 3446 3485 3822 3910 4176 4208 4437 4518 4524 4980 5306 5402 5603 6122 6156 6355 6529 7022 7051 7549 7795 8118 8559 8886 8910 9070 9376 9780 9972 10614 10668 
#module 116 size: 40 bs: 0.175139
53 1065 1159 1257 1299 1641 1851 2039 2558 2746 2845 2945 3036 3684 4039 4050 4308 4310 4389 4944 5079 5342 5779 6331 6656 6889 7302 7429 8144 8368 8400 8405 8550 8725 9472 9560 9864 10844 10907 11395 
#module 117 size: 60 bs: 0.574589
785 879 892 1009 1071 1193 1246 1297 1583 1670 1892 1948 2023 2506 2635 2682 2789 3342 3509 3571 3831 3879 4005 4057 4146 4725 4737 4797 4910 4946 5206 5462 5520 5526 5681 5734 5951 5973 6375 6550 6843 7370 7538 7798 8015 8097 8146 8277 8434 8491 9151 9547 10083 10129 10289 10531 10735 10791 11161 12685 
#module 118 size: 36 bs: 0.615692
815 957 1024 1361 2473 2546 2971 3092 3550 3714 3826 3979 4256 4420 4603 4639 5346 5496 5787 5905 5929 6010 6409 7095 7192 7228 7735 7913 7995 8816 9169 9206 9320 10633 11380 12870 
#module 119 size: 28 bs: 0.129911
1066 1830 2230 2268 2286 2679 2772 2877 2953 3082 3162 4519 4562 4679 5061 5073 6198 6551 7064 7617 8867 9079 9521 9526 9949 10228 10882 11411 
#module 120 size: 74 bs: 0.104153
21 872 1169 1277 1395 1501 1552 1633 1648 1662 1929 2132 2166 2246 2273 2370 2537 2653 2766 2858 2888 3001 3006 3196 3291 3683 3860 4372 4377 4557 4600 4682 4745 4839 4865 4915 4959 4979 5475 5670 6118 6198 6226 6293 6593 6639 6646 6799 6980 7147 7282 7504 7522 7628 7634 7796 7926 8050 8129 8688 9021 9032 9053 9177 9548 9955 9976 9989 10007 10415 10771 11112 11146 11572 
#module 121 size: 33 bs: 0.173559
854 922 1199 1335 1620 1862 3117 3659 4032 4378 4480 5525 5689 5899 5943 6357 6370 6526 6915 7347 7621 7786 7847 7893 8325 8551 9291 9304 9696 10107 10371 10873 11207 
#module 122 size: 55 bs: 0.655414
50 991 1444 1689 1786 1790 2218 2398 2401 2487 2760 2942 2983 3024 3452 3560 3905 4089 4140 4216 4259 4345 4809 5112 5250 5414 5615 5765 5812 5821 6044 6517 6665 6730 7108 7437 7536 8091 8357 8543 8575 8657 8738 8745 8765 9020 9068 9172 9558 9900 10139 10452 10811 10887 13065 
#module 123 size: 48 bs: 0.251579
28 981 1010 1439 1550 1790 1949 2151 2341 2372 2787 2798 2942 3141 3244 4140 4301 4400 4414 4605 4675 4963 5029 5135 5199 5243 5437 5719 6169 6534 7093 7224 7511 7677 7709 7840 8371 8375 8420 8673 8732 9068 10065 10452 10576 11128 11233 12494 
#module 124 size: 48 bs: 0.629641
947 1818 1927 2550 3031 3130 3245 3300 3417 3517 3534 3592 3675 3845 4001 4116 4526 4581 4804 4874 5203 5524 5718 5890 6048 6176 6270 6300 6483 6671 6893 7053 7055 7386 7475 7592 7732 8058 8260 8800 9068 9142 9166 9425 9803 10176 11201 12902 
#module 125 size: 76 bs: 0.842378
806 920 1178 1208 1209 1996 2010 2468 2566 2686 2728 2940 3355 3437 3455 3837 3930 3977 4029 4099 4336 4435 4456 4710 4722 4825 5233 5363 5528 5580 5600 6028 6458 6470 6932 6962 6963 7001 7008 7063 7113 7417 7476 7671 7685 7724 7837 8046 8099 8296 8602 8763 8841 8894 9057 9106 9164 9260 9402 9423 9452 9484 9553 9754 9812 9980 10002 10208 10359 10374 10642 10689 10851 10897 11190 11576 
#module 126 size: 60 bs: 0.728658
781 1170 1345 1392 1495 1780 1938 2482 2650 2729 2930 3170 3616 3937 3953 4169 4509 4806 4943 5052 5070 5081 5157 5562 5579 5769 5793 5840 5841 6003 6265 6936 6978 7135 7146 7158 8120 8692 8774 8923 9121 9148 9208 9382 9582 9645 9704 9814 9839 9899 9935 10433 10554 10593 10634 10720 11268 11868 12882 12889 
#module 127 size: 40 bs: 0.8171
879 1017 1308 2112 2206 2576 2577 2595 2847 2865 2889 3086 3281 3321 3415 3869 4445 4835 4897 4989 6326 6338 6713 7335 7412 7545 8282 8650 8823 9047 9143 9178 9244 9485 9564 9622 9925 10159 10688 11160 
#module 128 size: 34 bs: 0.158881
1050 1063 1682 2503 2519 2710 2725 2735 2919 3131 3304 3620 3631 3927 4265 4324 4815 4840 5079 5274 5619 5868 6014 6266 6898 7472 7626 7789 8966 9167 9759 9808 10889 11639 
#module 129 size: 130 bs: 0.597868
811 869 968 1040 1043 1143 1177 1227 1239 1415 1536 1592 1653 1682 1713 1730 1749 1753 1821 1836 1939 2034 2042 2092 2681 2720 2735 2855 2991 2998 3142 3157 3216 3218 3311 3422 3425 3435 3595 3641 3648 3769 3774 3854 3864 3914 3964 3967 4070 4093 4096 4210 4220 4270 4271 4327 4365 4421 4431 4478 4489 4499 4828 4846 4847 4933 5046 5053 5079 5103 5169 5185 5213 5301 5404 5440 5465 5546 5647 5807 6029 6030 6302 6441 6516 6541 6898 6910 7015 7017 7045 7144 7152 7185 7212 7451 7715 7794 7839 7875 7985 8350 8703 8787 8788 8849 9171 9184 9192 9239 9284 9342 9552 9623 9648 9912 9984 10045 10273 10282 10662 10842 10871 10886 10973 11074 11121 11245 11338 11490 
#module 130 size: 39 bs: 0.870522
51 1091 1353 2026 2105 2213 2957 3160 3339 3405 3465 3586 3886 4246 4642 4672 4919 4958 5255 5778 6165 6187 6199 6308 6798 7367 7568 7581 8586 8951 8984 9101 9250 9305 9737 10224 10420 10457 10875 
#module 131 size: 12 bs: 0.856689
1421 1679 2068 2560 4107 4217 4537 7976 9264 10247 10470 10920 
#module 132 size: 68 bs: 0.179029
833 975 1042 1348 1393 1840 1925 2244 2313 2333 2486 2638 2691 2775 2837 3400 3593 3794 3896 4017 4239 4522 4550 4630 4724 4819 5084 5212 5253 5373 5523 5687 5739 5803 6132 6337 6690 6778 6858 6964 6968 7000 7059 7142 7479 7528 7596 7813 7918 7959 8151 8187 8656 8715 8728 8930 9138 9432 9464 9630 9986 10141 10147 10626 11188 11556 12573 12589 
#module 133 size: 58 bs: 0.396745
826 961 970 1382 1525 1571 1970 2140 2554 2703 2853 2979 3151 3172 3253 3625 3710 3739 3815 3847 3934 4014 4133 4154 4283 4298 4590 4916 5007 5072 5222 5438 5811 5873 6153 6258 6760 6897 7010 7697 7766 7946 8270 8499 8625 8889 9463 9524 9614 9753 10003 10073 10164 10592 10919 10952 11240 11379 
#module 134 size: 44 bs: 1.05991
29 75 813 1010 1033 1626 1629 1710 1748 2093 2144 2349 2896 2984 3219 3591 3659 3864 4295 4335 4381 4459 4905 5156 5321 5326 5403 5408 5752 5953 6300 6627 6906 6934 7056 7299 7664 7883 8761 9039 9450 10182 10487 10857 
#module 135 size: 33 bs: 1.05384
1855 2173 2822 2891 2962 3221 3725 3785 4105 4425 4995 5207 5244 6129 6343 6844 7520 7579 7627 7954 8389 8410 8459 8529 8952 8974 9028 9608 9877 10048 10379 10516 11498 
#module 136 size: 36 bs: 0.933851
812 1247 1362 1575 1627 1663 2013 2819 2990 3097 3264 3666 3915 3954 4158 6268 6803 6924 7474 7576 7702 7855 7987 8275 8349 9421 9531 9651 9784 9910 10160 10171 10183 10354 10781 12506 
#module 137 size: 71 bs: 0.904687
807 1038 1247 1256 1336 1378 1381 1425 1435 1649 1669 1750 1904 2049 2157 2420 2520 2647 2880 2994 3008 3296 3511 3602 4429 4452 4455 4465 4677 5122 5305 5310 5409 5466 5686 5715 5818 5991 6079 6111 6236 6271 6313 6787 6951 7156 7168 7243 7270 7377 7408 7439 7683 8225 8618 8926 9183 9231 9356 9633 9757 10043 10319 10448 10551 10678 11085 11488 11715 12523 12992 
#module 138 size: 77 bs: 0.605135
774 994 1097 1111 1441 1496 1519 1612 2137 2385 2532 2929 3015 3128 3173 3390 3464 3554 3557 3757 4020 4262 4360 4621 4642 4808 5296 5401 5430 5459 5497 5502 5622 5743 5764 5861 5889 6007 6047 6090 6117 6192 6287 6830 6835 6931 7214 7708 7810 7935 7992 8023 8051 8182 8186 8661 8720 8837 8951 9027 9238 9585 9640 9709 9750 9830 9873 10062 10102 10104 10196 10610 10808 11109 11119 11214 11453 
#module 139 size: 54 bs: 0.356372
810 1496 1578 2161 2492 2701 2722 2910 3015 3069 3149 3190 3262 3314 3464 3465 3524 4071 4077 4206 4312 4838 5022 5089 5123 5358 6416 6553 6569 6626 6663 7085 7102 7703 7929 7963 8132 8169 8319 8331 8471 8614 8757 9242 9297 9396 9397 9639 10042 10608 10624 11032 11457 12534 
#module 140 size: 19 bs: 0.531104
1725 1813 2158 2513 2789 3186 4266 5359 5808 6411 6578 8660 9182 9741 10396 11021 11230 11949 12158 
#module 141 size: 53 bs: 0.844192
71 758 797 1140 1228 1274 1413 1932 1964 2281 2445 2770 2801 3070 3148 3266 3273 3674 4051 4658 4706 5075 5183 5698 5814 6085 6211 6245 6348 6651 7177 7352 7356 7543 7562 7583 7723 7826 8308 8313 8320 8634 8684 8971 9100 9662 9975 10186 10516 10622 11260 11541 12746 
#module 142 size: 52 bs: 0.912098
796 955 1116 1156 1230 1310 1809 1835 2126 2181 2437 3051 3119 3377 3677 3779 3791 3873 4276 4285 4826 5143 5381 5476 5554 5672 6054 6098 6163 6454 6683 6702 7103 7292 7357 7551 7633 8184 8251 8506 8634 8752 8862 8928 8932 8942 9289 9339 9886 10328 10420 11575 
#module 143 size: 46 bs: 0.560578
837 980 1392 1996 3444 3474 3976 4016 4040 4419 4443 4556 4849 4953 5070 5131 5352 5849 5895 6004 6689 6851 7390 7738 7923 7994 8046 8324 8494 8765 9311 9389 9441 9460 9812 10116 10240 10272 10512 10588 10779 10784 10788 11258 11448 12905 
#module 144 size: 27 bs: 0.68459
8 990 1953 2057 3268 3331 3846 4244 4597 5014 5481 5716 5741 6241 6494 7307 7553 8153 8163 8176 8209 8665 9300 9632 10026 10218 11006 
#module 145 size: 42 bs: 0.261089
1162 2832 2982 3041 3044 3261 3681 3731 4453 4484 4720 4914 4955 5492 5635 5935 5960 6843 7938 8093 8140 8415 8483 8484 8486 9059 9190 9251 9442 9451 9487 9542 9703 10117 10538 10796 10943 10947 11115 11701 11765 12510 
#module 146 size: 59 bs: 0.919985
54 867 1234 1379 1422 1902 1908 1929 2012 2188 2204 2221 2222 2287 2409 2427 2471 2685 2874 2944 3153 3518 3792 4077 4541 4660 4682 4864 5249 5443 5451 5925 5980 6051 6088 6254 7043 7361 7912 8050 8158 8511 8707 9250 9273 9294 9394 9586 9694 9851 9888 9989 10023 10441 10518 11239 11442 11571 12429 
#module 147 size: 31 bs: 0.903937
986 1391 1565 3074 3346 3784 5374 5463 5558 5637 5738 6107 6405 6908 6986 7026 7210 7303 7389 7643 7826 7951 8314 8815 8975 9761 10520 10579 10762 11197 11443 
#module 148 size: 51 bs: 0.336232
10 758 847 985 1246 1856 1970 2458 2699 3289 3433 3449 3652 3746 3771 4005 4113 4497 4538 4610 4844 5252 5478 5681 5761 6352 6434 7209 7266 7358 7383 7397 7438 7723 8277 8423 8628 8828 8842 9355 9406 9449 9619 9894 9918 10054 10402 10481 10653 10660 10735 
#module 149 size: 61 bs: 0.948912
996 1023 1025 1096 1328 1411 1486 1527 1555 1646 1656 1816 1841 1918 1969 1978 2051 2152 2243 2245 2433 2578 2737 3056 3220 3270 3276 3699 3976 4037 5049 5319 5420 5431 5521 5877 6220 6297 6574 6706 6966 7073 7267 7319 7692 7742 7942 8154 8345 8640 9088 9216 9389 9481 9498 9848 10122 10168 10215 10229 11473 
#module 150 size: 45 bs: 0.939975
868 870 938 1181 1423 1560 1878 1940 2284 2297 2540 3050 3147 3376 4552 5021 5222 5609 6039 6521 6619 6797 6853 7098 7372 7488 7767 7802 8008 8199 8227 8903 9186 9243 9468 9530 9745 9850 10015 10115 10454 10484 10600 10838 12977 
#module 151 size: 20 bs: 0.126724
26 1828 2170 2187 3751 4334 4616 4790 5663 5956 6525 6573 6584 6698 7257 7620 7829 8198 9706 11459 
#module 152 size: 44 bs: 0.262701
849 1290 1452 1460 1681 1731 1920 2336 2389 2480 2489 2496 2654 2761 2924 2987 3341 3642 3801 3805 4064 4443 4930 5216 5376 5490 5867 6212 6773 6829 6990 7014 7071 7378 8311 8345 8579 9232 9848 9999 10422 10512 10764 12681 
#module 153 size: 49 bs: 0.381973
1249 1537 1599 1915 3100 3130 3332 3491 3517 4064 4156 4243 4306 4325 5238 5265 5643 5667 5856 5875 5890 5904 5949 6005 6183 6475 6576 6773 7422 7443 7684 8042 8102 8970 9132 9445 10121 10313 10349 10560 10577 10607 10697 10839 10854 11136 11335 11704 12861 
#module 154 size: 69 bs: 0.652958
6 771 842 1004 1441 1496 1595 1675 1885 2146 2532 2675 2714 2724 2846 3015 3194 3210 3274 3288 3339 3390 3464 3609 3892 4047 4128 4253 4262 4361 4546 4635 4723 4838 4967 5022 5047 5205 5263 5284 5324 5436 5459 5778 5883 6371 6467 6744 6763 6935 7046 7157 7329 7455 7826 8109 8557 8854 9180 9259 9640 9790 9873 9905 10104 10335 10971 11272 12792 
#module 155 size: 41 bs: 0.437005
1130 1186 1292 1671 1705 1966 2187 2494 2843 3059 3250 3259 3726 4175 4228 4320 4701 5542 5694 5801 5923 6090 6879 6914 7184 7380 7998 8021 8045 8106 8241 8364 8891 9209 9849 10052 10136 10369 10514 10610 11218 
#module 156 size: 50 bs: 0.238008
1080 1232 1292 1303 1787 2627 2680 3145 3170 3224 3272 3471 3489 3590 3712 4536 4545 5006 5024 5113 5234 5304 5488 5858 6064 6087 6221 6450 6653 6735 7229 7754 7799 8193 8310 8461 8644 8770 8772 9049 9211 9969 9977 10020 10341 10462 10722 10733 10758 10767 
#module 157 size: 81 bs: 0.279173
20 32 64 69 939 953 994 1000 1003 1062 1133 1145 1363 1433 1589 1780 2075 2205 2317 2627 2714 2729 2839 3013 3191 3198 3323 3335 3525 3535 3570 3707 3853 3870 3894 4092 4119 4179 4232 4355 4407 4466 4545 4559 4903 5237 5774 5820 5857 6064 6148 6168 6335 6384 6388 7054 7491 7584 7754 7886 7901 8643 8751 8835 8937 8990 9693 9697 9942 10039 10157 10310 10345 10483 10710 10751 10754 10897 11145 11664 12642 
#module 158 size: 66 bs: 0.501454
891 931 1147 1337 1664 1890 1901 1977 2025 2033 2052 2339 2624 2637 2690 2890 2903 3076 3392 3767 3898 3988 3999 4272 4374 4905 4914 4969 4997 5167 5226 5448 5487 5918 6007 6148 6316 6492 7317 7330 7417 7676 7678 7754 7881 7992 8203 8243 8385 8418 8758 8937 8965 9431 9496 9588 9712 9872 10253 10550 10610 10933 10947 11145 12590 13019 
#module 159 size: 36 bs: 0.731559
901 1144 1644 1697 1731 2086 2477 2526 3192 3477 3742 4045 4354 4394 4553 4881 4882 5065 5621 5733 6009 6364 6542 6750 6974 7023 7378 7441 7458 7600 7721 8582 8790 9241 9991 11611 
#module 160 size: 39 bs: 0.629114
964 1802 2074 2312 2369 2583 2736 3144 3585 3697 3764 3871 4028 4030 4101 4757 4804 5045 5391 5499 5683 5832 6455 6465 6869 7334 7722 7737 7771 7916 7991 8173 8456 8982 9272 9417 10164 10734 13027 
#module 161 size: 157 bs: 0.389689
875 973 1012 1094 1114 1356 1408 1420 1426 1436 1485 1505 1531 1533 1618 1638 1747 1806 1869 1933 1936 2029 2062 2079 2325 2402 2428 2462 2476 2544 2570 2640 2674 2827 2863 3062 3105 3152 3207 3260 3372 3397 3399 3410 3466 3532 3547 3635 3672 3717 3718 3989 3994 4003 4062 4181 4196 4252 4258 4274 4279 4299 4322 4329 4418 4496 4520 4626 4695 4853 4877 5082 5150 5302 5367 5412 5544 5593 5630 5766 5822 5827 5828 5909 5957 6161 6247 6286 6424 6507 6509 6579 6691 6758 6946 6956 6981 6983 6992 7038 7072 7074 7164 7274 7275 7283 7287 7322 7371 7425 7449 7525 7625 7629 7823 7953 7958 8047 8122 8131 8340 8341 8454 8462 8544 8626 9043 9082 9263 9310 9377 9381 9471 9477 9603 9608 9656 9663 9710 9833 9879 9933 10057 10112 10131 10205 10226 10377 10471 10513 10878 10914 10977 11007 11077 11413 12019 
#module 162 size: 36 bs: 1.05303
984 1104 1158 1347 1661 1715 2117 2552 3082 3203 3453 4192 4395 4413 4637 4870 4928 5286 5515 5989 6277 7547 8267 8453 8498 8756 8802 9679 9871 10079 10204 10473 10533 10598 11133 12638 
#module 163 size: 17 bs: 0.382295
802 942 1321 3358 4000 4703 5298 5364 5377 5681 5700 6644 6950 7025 8603 10225 10859 
#module 164 size: 59 bs: 0.459937
3 1255 1333 1559 1796 1827 1918 2008 2243 2253 2267 2289 2414 2733 2864 3121 3123 3943 3969 4231 4255 4280 4325 4347 4591 4796 4852 4866 5280 5420 5442 6324 7080 7109 7267 7772 8160 8452 8800 8961 9031 9128 9279 9389 9479 9550 9783 10126 10238 10344 10409 10437 10623 10721 10812 10958 11010 11098 11710 
#module 165 size: 87 bs: 0.93585
34 799 952 1305 1467 1792 1967 2002 2179 2189 2190 2256 2575 2641 2648 2749 2833 2872 2892 3181 3426 3579 3644 3669 3802 4135 4305 4543 4596 4614 4673 4741 4954 5136 5350 5693 5753 5789 6135 6146 6191 6225 6487 6669 6722 6726 7078 7143 7166 7231 7421 7532 7713 7806 7943 8070 8096 8244 8437 8450 8478 8509 8746 9117 9126 9129 9154 9195 9626 9717 9786 10037 10491 10503 10681 10694 10714 10934 10990 11013 11135 11267 11336 11447 11551 11604 12555 
#module 166 size: 82 bs: 0.190982
22 35 804 949 1110 1254 1281 1301 1490 1566 1708 2142 2391 2515 2534 2810 2838 3155 3297 3312 3449 3521 3941 3993 4234 4363 4436 4555 4599 4619 4677 4784 4843 4937 5007 5164 5189 5311 5469 5583 5906 6083 6186 6445 6498 6502 6654 7130 7178 7280 7323 7374 7483 7500 7812 7857 8197 8588 8723 8767 8786 8889 9075 9091 9330 9407 9459 9772 9923 10051 10149 10223 10367 10376 10546 10677 10780 10815 11369 11788 11932 12327 
#module 167 size: 84 bs: 0.5347
2 1173 1192 1244 1258 1359 1365 1389 1443 1765 1798 1886 1974 2331 2348 2732 2906 3061 3109 3189 3216 3239 3380 3448 3758 3768 3798 3897 4109 4421 4490 4662 5181 5213 5295 5301 5316 5351 5455 5620 5763 5792 5944 6036 6139 6679 6753 6806 6874 6898 7004 7047 7171 7202 7781 7843 7908 8032 8084 8137 8204 8239 8256 8301 8352 8611 8668 8737 8853 9200 9301 9348 9366 10316 10336 10626 10701 10718 10832 11134 11451 12293 12958 13039 
#module 168 size: 81 bs: 0.924144
17 906 988 1059 1121 1139 1225 1314 1440 1502 1521 1571 1677 1827 2031 2155 2207 2227 2274 2391 2425 3134 3180 3241 3685 4231 4289 4351 4382 4567 4581 4598 4631 4684 4691 4934 4936 5096 5222 5227 5389 5590 5592 5656 6013 6045 6123 6327 6349 6400 6865 6899 6985 6994 7149 7273 7301 7336 7359 7463 7718 7733 8081 8083 8105 8363 8832 9122 9331 9406 9476 9657 9677 10193 10199 10256 10469 10802 10948 11864 12652 
#module 169 size: 69 bs: 0.874914
822 823 846 1223 1474 2272 2378 2467 2504 2776 2804 3512 4007 4264 4321 4390 4584 4613 4664 4807 4817 4927 4935 5051 5108 5176 5245 5247 5994 6001 6219 6281 6307 6443 6844 6895 7312 7354 7427 7501 7573 7595 7865 8074 8342 8395 8477 8518 8721 8859 9098 9265 9399 9604 9725 9799 9811 9876 9987 10332 10666 10757 10836 10949 10990 11113 11438 12169 12865 
#module 170 size: 46 bs: 0.190619
1465 1569 1645 1769 1942 2016 2047 2135 2617 2719 3052 3574 3745 3976 4236 4362 4521 4696 4913 4965 5043 6061 6114 6624 6808 6864 6881 6921 6985 7036 7239 7332 7720 7760 7836 7988 8404 8622 8924 8962 9766 10012 10439 10536 11010 11649 
#module 171 size: 118 bs: 0.253548
1024 1061 1103 1122 1189 1191 1203 1244 1332 1366 1789 1801 1910 2035 2134 2343 2535 2562 2569 2662 2964 3049 3092 3107 3359 3370 3401 3442 3448 3497 3765 3798 3834 3931 4067 4126 4139 4195 4245 4315 4339 4397 4525 4570 4622 4662 4671 4775 4845 4862 4932 5003 5127 5219 5406 5597 5625 5658 5816 5847 5854 5891 5999 6140 6298 6333 6404 6499 6543 6617 6765 6900 6904 7035 7081 7087 7153 7175 7218 7502 7668 7726 7735 7809 7831 7851 7884 7966 7971 7979 8010 8085 8141 8181 8190 8216 8265 8412 8709 8972 9034 9138 9200 9293 9296 9357 9600 9752 9758 10191 10450 10701 11188 11215 11340 11400 11532 11883 
#module 172 size: 37 bs: 1.09881
1133 1185 1588 2218 2493 2934 3126 3756 3971 4232 4693 4739 4833 5120 5167 5356 5615 5812 6262 6384 8180 8283 8372 8777 8968 9193 9457 9458 9775 10014 10100 10509 10792 11566 11878 12006 12584 
#module 173 size: 35 bs: 0.867252
64 1058 1398 1464 1642 1702 2241 2347 2705 2718 3703 4179 4515 4528 5068 5332 5482 5530 5701 6216 6384 7024 7271 7382 7662 7996 9012 9274 9971 10051 10295 10515 11220 11266 11364 
#module 174 size: 1 bs: 1
776 
#module 175 size: 1 bs: 1
4949 
#module 176 size: 1 bs: 1
1488 
#module 177 size: 1 bs: 1
8824 
#module 178 size: 1 bs: 1
5329 
#module 179 size: 1 bs: 1
6273 
#module 180 size: 1 bs: 1
928 
#module 181 size: 1 bs: 1
6433 
#module 182 size: 1 bs: 1
1030 
#module 183 size: 1 bs: 1
10030 
#module 184 size: 1 bs: 1
1125 
#module 185 size: 1 bs: 1
8428 
#module 186 size: 1 bs: 1
1396 
#module 187 size: 1 bs: 1
2171 
#module 188 size: 1 bs: 1
2028 
#module 189 size: 1 bs: 1
6306 
#module 190 size: 1 bs: 1
2196 
#module 191 size: 1 bs: 1
10134 
#module 192 size: 1 bs: 1
2197 
#module 193 size: 1 bs: 1
2784 
#module 194 size: 1 bs: 1
2310 
#module 195 size: 1 bs: 1
4056 
#module 196 size: 1 bs: 1
2381 
#module 197 size: 1 bs: 1
4440 
#module 198 size: 1 bs: 1
2813 
#module 199 size: 1 bs: 1
10638 
#module 200 size: 1 bs: 1
3601 
#module 201 size: 1 bs: 1
8908 
#module 202 size: 1 bs: 1
3640 
#module 203 size: 1 bs: 1
4353 
#module 204 size: 1 bs: 1
3866 
#module 205 size: 1 bs: 1
8075 
#module 206 size: 1 bs: 1
4118 
#module 207 size: 1 bs: 1
10092 
#module 208 size: 1 bs: 1
4885 
#module 209 size: 1 bs: 1
10713 
#module 210 size: 1 bs: 1
5676 
#module 211 size: 1 bs: 1
9344 
#module 212 size: 1 bs: 1
6184 
#module 213 size: 1 bs: 1
10232 
#module 214 size: 1 bs: 1
6346 
#module 215 size: 1 bs: 1
8255 
#module 216 size: 1 bs: 1
6655 
#module 217 size: 1 bs: 1
10445 
#module 218 size: 1 bs: 1
7364 
#module 219 size: 1 bs: 1
10178 
#module 220 size: 1 bs: 1
7804 
#module 221 size: 1 bs: 1
7822 
#module 222 size: 1 bs: 1
7814 
#module 223 size: 1 bs: 1
10495 
#module 224 size: 1 bs: 1
7899 
#module 225 size: 1 bs: 1
11203 
#module 226 size: 1 bs: 1
8101 
#module 227 size: 1 bs: 1
10194 
#module 228 size: 1 bs: 1
8304 
#module 229 size: 1 bs: 1
9410 
#module 230 size: 1 bs: 1
9125 
#module 231 size: 1 bs: 1
12645 
#module 232 size: 1 bs: 1
9281 
#module 233 size: 1 bs: 1
10393 
#module 234 size: 1 bs: 1
9880 
#module 235 size: 1 bs: 1
11385 
