#module 0 size: 22 bs: 0.0453967
10 351 492 730 1187 1422 1843 1971 1983 2996 3216 3245 3719 4100 4969 5270 5698 5798 6366 6417 6712 6912 
#module 1 size: 6 bs: 0.00507656
333 2223 2467 3295 6167 6819 
#module 2 size: 6 bs: 0.209996
633 2122 2789 3615 4016 4420 
#module 3 size: 5 bs: 0.964405
1800 5469 6016 6036 6860 
#module 4 size: 4 bs: 0.62222
524 918 4038 4845 
#module 5 size: 4 bs: 0.140564
3096 3531 4387 5250 
#module 6 size: 15 bs: 0.978633
91 243 1366 1578 1661 2306 2496 2606 3650 4397 4809 4867 4904 6080 6760 
#module 7 size: 4 bs: 0.966557
1564 2731 2846 5501 
#module 8 size: 4 bs: 0.600232
729 1446 2541 3041 
#module 9 size: 9 bs: 1.04688
1 2015 2336 3517 4343 4568 4879 6299 6345 
#module 10 size: 16 bs: 1.02949
197 611 636 808 974 1174 1287 1904 3271 3823 4249 4344 6269 6497 6590 6619 
#module 11 size: 6 bs: 0.931688
816 1592 2168 3358 3586 4223 
#module 12 size: 41 bs: 0.265388
643 646 839 848 966 1163 1852 1863 1941 2171 2196 2305 2464 2552 2615 2965 3053 3210 3372 3486 3999 4050 4129 4219 4288 4322 4415 4483 4634 4918 4936 5019 5593 5595 6131 6569 6595 6642 6750 6775 6780 
#module 13 size: 33 bs: 0.710846
113 143 230 400 887 1232 1457 1493 1627 1630 1760 2057 2190 2421 2810 2820 3345 3350 3454 3908 4305 4430 4579 4684 4846 5264 5295 5410 5929 6232 6562 6592 6605 
#module 14 size: 16 bs: 0.102071
250 1409 1791 1946 2527 3267 3366 3648 3831 4352 4816 4963 5379 5799 6191 6300 
#module 15 size: 29 bs: 0.64419
416 589 692 731 952 1029 1318 1320 1480 2288 2593 2595 2604 2619 3028 3091 3788 4652 5037 5233 5277 5510 5668 6022 6134 6315 6427 6462 6694 
#module 16 size: 14 bs: 0.763111
522 616 666 750 1430 1613 1989 2062 2293 2598 3983 5457 6436 6651 
#module 17 size: 5 bs: 0.721587
680 1587 3668 5862 6023 
#module 18 size: 8 bs: 0.895918
46 145 260 941 1239 1994 2520 5795 
#module 19 size: 26 bs: 0.119865
298 379 647 910 951 1621 2849 2930 3258 3409 3441 3458 3914 3936 4303 4346 4384 4465 5193 5204 5230 5427 5889 6043 6725 6892 
#module 20 size: 31 bs: 0.787822
193 305 367 403 818 829 1236 1253 1542 1659 1892 1964 2078 2125 2537 2624 2812 3239 3980 4059 4862 5014 5090 5157 5215 5400 5606 5622 5807 5983 6013 
#module 21 size: 9 bs: 0.975085
1406 1689 2431 3784 4019 4504 5651 6699 6922 
#module 22 size: 6 bs: 0.246764
135 2398 2531 3173 5222 6060 
#module 23 size: 43 bs: 0.386238
59 232 276 625 1227 1387 1441 1455 1538 1637 1656 1992 2530 2533 2780 2935 2958 2976 3056 3083 3164 3320 3834 3858 3877 4079 4268 4542 4608 4728 4737 4796 4997 5337 5395 5694 5771 6255 6384 6464 6528 6707 6719 
#module 24 size: 27 bs: 0.42098
72 133 230 281 332 369 598 651 1096 1508 1648 1691 2190 2362 2721 2788 2956 3301 3478 3492 4425 4808 5077 5968 6171 6431 6461 
#module 25 size: 49 bs: 0.362036
19 235 245 290 415 817 887 888 1213 1245 1775 1814 1899 1911 1927 1928 2353 2521 2550 2613 2727 2746 2776 2967 3370 3476 3885 4198 4400 4410 4481 4484 4802 4820 4885 5052 5103 5253 5267 5343 5382 5397 5459 5647 5650 5703 5964 6576 6724 
#module 26 size: 39 bs: 0.605414
583 1037 1701 1750 1814 1919 1920 1959 1970 2227 2375 2441 2461 2842 2938 3472 3779 3806 3852 4081 4242 4389 4414 4485 4703 4790 4962 5172 5360 5448 5617 5648 5736 5873 5874 6092 6725 6778 6903 
#module 27 size: 68 bs: 0.396661
281 514 562 641 808 851 853 974 1017 1038 1077 1174 1192 1211 1261 1347 1486 1566 1577 1731 1748 1987 2294 2439 2955 2982 3120 3216 3221 3271 3331 3351 3369 3400 3440 3655 3657 3803 3823 3884 3914 3960 3980 4068 4099 4230 4253 4388 4665 4677 4844 4979 5020 5193 5562 5725 5821 5836 5856 5976 6113 6146 6195 6230 6263 6405 6478 6497 
#module 28 size: 46 bs: 0.650322
167 198 273 285 376 435 498 504 545 554 689 779 890 949 1144 1393 1670 1785 1824 1935 2082 2444 2462 2840 2884 3161 3194 3222 3255 3485 3891 4026 4365 4392 4496 4556 4860 5124 5676 6087 6515 6653 6671 6709 6716 6918 
#module 29 size: 31 bs: 0.97336
111 305 822 895 1001 1244 1250 1369 1659 1668 1793 1964 2011 2040 2078 2165 2621 4142 4434 4780 4785 4840 4862 5071 5334 5400 5904 5983 6065 6613 6652 
#module 30 size: 28 bs: 0.40167
523 656 705 744 855 904 1338 1729 2022 2160 2334 2347 2354 2894 2962 3071 3249 3587 3924 4344 4543 5083 5377 5834 6123 6170 6393 6754 
#module 31 size: 34 bs: 1.00788
88 162 432 481 537 740 1011 1266 1302 1531 1547 1667 1950 2057 2060 2333 2383 2553 2900 4018 4020 4305 4822 4967 4972 5082 5410 6004 6082 6090 6116 6706 6727 6788 
#module 32 size: 86 bs: 0.627615
34 122 168 295 353 357 476 486 807 811 877 889 940 1001 1091 1571 1629 1712 1867 1926 1958 2161 2181 2191 2384 2409 2422 2491 2662 2681 2729 2754 2779 2864 2866 2925 2936 3064 3140 3487 3636 3751 4049 4088 4089 4137 4149 4201 4312 4359 4408 4434 4686 4736 4768 4798 4907 4946 5107 5175 5178 5314 5339 5437 5486 5609 5638 5695 5707 5753 5761 5931 5957 6003 6088 6213 6261 6267 6441 6443 6471 6545 6632 6795 6799 6917 
#module 33 size: 52 bs: 0.552089
100 165 417 900 906 960 1066 1097 1106 1333 1525 1681 1752 1767 1940 2084 2207 2215 2328 2575 3137 3178 3778 3800 3810 3964 4036 4093 4204 4497 4628 4677 4701 4717 5287 5426 5529 5564 5602 5633 5649 5687 5721 5791 6306 6404 6447 6481 6578 6643 6683 6809 
#module 34 size: 29 bs: 1.0863
188 312 799 1293 1413 1834 1890 2235 2430 2468 2582 2710 3348 3681 3849 4014 4082 4339 4367 4720 5094 5508 5658 5674 5727 6575 6603 6896 6910 
#module 35 size: 30 bs: 0.532582
180 604 892 968 1069 1161 1228 1425 1608 2066 2133 2138 2171 2192 2473 2844 3125 3321 3335 3502 3522 3977 4161 4364 4461 5481 5796 5967 6231 6793 
#module 36 size: 28 bs: 0.958376
125 611 624 636 648 942 1104 1184 1293 1634 1890 2044 2558 3193 3804 4010 4339 4344 4399 4871 5012 5130 5387 5740 6364 6469 6590 6869 
#module 37 size: 44 bs: 1.098
216 283 400 528 594 645 902 1152 1200 1391 1438 1772 1781 1805 2242 2392 2732 2827 2970 3313 3373 3888 3929 3948 4273 4321 4469 4470 4564 4578 4582 4588 4803 4864 4895 5167 5518 5616 5726 5880 6081 6161 6516 6662 
#module 38 size: 36 bs: 0.460136
308 1349 1457 1630 1682 2555 2625 2687 2783 2897 3018 3227 3290 3340 3629 3781 3815 3867 4255 4403 4684 4738 4827 4894 5338 5607 5785 5787 5932 5970 6025 6058 6372 6379 6397 6421 
#module 39 size: 72 bs: 0.619899
274 319 366 398 407 460 783 785 846 1074 1151 1265 1301 1351 1412 1474 1670 1672 1699 1848 1878 2158 2166 2272 2367 2408 2551 2594 2656 2701 2740 2887 3199 3243 3312 3316 3395 3415 3485 3497 3653 3963 4269 4270 4280 4310 4353 4391 4464 4476 4730 4881 4965 4983 4989 5004 5073 5081 5100 5380 5418 5449 5462 5655 5748 5811 5896 6276 6374 6424 6792 6852 
#module 40 size: 81 bs: 0.90332
28 32 155 240 382 388 393 622 643 657 673 718 740 777 896 966 989 1013 1137 1195 1225 1241 1372 1400 1874 1909 1934 1938 2018 2114 2324 2414 2455 2457 2464 2676 2714 2760 2766 2815 2871 3224 3263 3299 3355 3496 3501 3514 3516 3540 3582 3622 3639 3873 3984 4207 4282 4316 4322 4327 4390 4483 4491 4575 4788 4821 4852 4924 5266 5450 5513 5552 5595 5624 6162 6201 6391 6463 6511 6664 6695 
#module 41 size: 54 bs: 0.37768
38 57 265 409 469 670 674 814 1170 1348 1375 1403 1479 2206 2243 2269 2314 2327 2343 2957 3104 3489 3546 3576 3710 3845 3896 4051 4086 4149 4199 4317 4330 4394 4402 4545 4622 5051 5211 5304 5396 5476 5600 5700 5816 5870 5945 6117 6244 6319 6331 6441 6486 6820 
#module 42 size: 78 bs: 0.953073
26 301 410 452 559 590 767 768 1159 1252 1282 1294 1427 1460 1547 1679 1688 1968 2125 2145 2261 2433 2589 2608 2724 2804 2954 3055 3218 3260 3261 3280 3352 3397 3622 3981 4024 4119 4200 4261 4267 4279 4348 4362 4396 4419 4440 4448 4460 4750 4825 4843 4970 5095 5136 5159 5183 5303 5334 5355 5366 5446 5552 5555 5738 6033 6069 6129 6196 6210 6262 6308 6333 6622 6625 6701 6791 6921 
#module 43 size: 47 bs: 0.727608
42 70 291 434 505 560 712 1018 1086 1120 1154 1309 1323 1350 1394 1428 1489 1507 1513 1517 1530 1623 1825 1893 2402 2986 3051 3317 3469 3791 3798 4318 4534 4547 4690 4761 5275 5440 5708 5743 5776 5784 5977 6277 6600 6763 6797 
#module 44 size: 55 bs: 0.549094
39 104 257 366 848 945 1009 1117 1305 1364 1448 1633 1670 1848 1907 2162 2484 2490 2692 2740 2809 2845 2994 3133 3239 3347 3372 3439 3459 3522 3555 3919 3994 3999 4129 4370 4415 4428 4443 4660 4926 4958 4989 5104 5106 5417 5449 5655 5711 5748 5914 6077 6503 6750 6875 
#module 45 size: 31 bs: 0.945394
6 25 39 451 788 863 1127 1233 1405 1792 1806 2072 2077 2217 2764 2773 3003 3238 3297 3448 3485 3597 3976 4228 4667 4694 4751 5096 5150 5643 6034 
#module 46 size: 53 bs: 0.721384
244 270 453 457 589 659 683 1162 1240 1276 1291 1442 1459 1461 1486 1569 1601 1605 1652 1674 1913 2214 2348 2379 2515 2674 2706 2771 2975 3155 3570 3753 3778 3796 4154 4319 4363 4734 4760 5327 5645 5731 5845 5953 6057 6185 6198 6205 6238 6282 6482 6485 6597 
#module 47 size: 59 bs: 0.693941
11 156 557 598 623 805 852 860 870 1073 1082 1090 1516 1648 2201 2300 2478 2514 2617 2721 3074 3187 3241 3251 3276 3337 3563 3660 3850 3925 3932 4222 4323 4386 4405 4425 4505 4565 4635 4792 5209 5276 5335 5508 5652 5706 5758 5767 5880 5923 5968 6031 6089 6121 6367 6431 6501 6553 6846 
#module 48 size: 47 bs: 1.02322
153 196 198 504 786 902 971 1022 1295 1705 1722 1779 2002 2093 2117 2233 2275 2331 2489 2525 2933 2998 3141 3222 3253 3410 3456 3527 3568 4535 4784 4943 4975 5069 5161 5563 5793 5810 5913 6005 6211 6260 6292 6409 6669 6678 6680 
#module 49 size: 57 bs: 1.05886
48 583 1243 1270 1581 1610 1624 1687 1723 1869 1888 1916 1919 1980 1981 2024 2131 2334 2565 2739 2754 3163 3268 3275 3285 3288 3329 3413 3498 3649 3680 3684 3711 3726 4277 4291 4389 4452 4826 4853 4939 4976 5015 5101 5411 5456 5772 5990 6135 6165 6310 6413 6601 6739 6741 6776 6807 
#module 50 size: 88 bs: 0.394578
9 86 142 183 194 326 338 364 440 509 536 653 698 726 769 955 1083 1183 1292 1555 1720 1780 1787 1919 1980 2007 2046 2106 2135 2200 2235 2267 2357 2386 2404 2424 2566 2865 2895 3048 3072 3139 3202 3329 3332 3362 3463 3520 3596 3711 3912 3975 3993 4182 4277 4345 4389 4401 4577 4639 4762 4772 4996 5043 5127 5141 5188 5199 5218 5386 5610 5672 5723 5775 5808 6011 6105 6122 6135 6273 6390 6442 6454 6583 6586 6638 6639 6851 
#module 51 size: 49 bs: 0.105456
69 239 516 536 587 592 640 659 840 972 1047 1059 1121 1126 1257 1308 1450 1526 2130 2224 2634 2723 2877 2881 2926 3528 3715 3758 3822 4473 4682 4713 5013 5192 5473 5477 5492 5842 5998 6071 6085 6268 6281 6286 6440 6484 6547 6640 6644 
#module 52 size: 49 bs: 0.502285
126 163 330 395 743 813 991 1092 1095 1233 1263 1405 1434 1495 1640 1790 2311 2381 2474 2517 2579 2588 2699 2882 3065 3075 3088 3423 3488 3886 4234 4662 4733 4740 4748 5037 5265 5359 5364 5369 5554 5908 6022 6075 6131 6480 6630 6785 6866 
#module 53 size: 80 bs: 0.409656
80 109 223 328 337 344 363 482 496 640 770 775 1005 1342 1376 1498 1502 1544 1735 1811 1949 1966 1991 2090 2095 2148 2208 2301 2404 2479 2495 2688 2697 2926 2997 3043 3072 3089 3105 3150 3192 3287 3371 3408 3512 3535 3567 3875 4045 4313 4546 4651 4847 4864 4884 4974 5033 5342 5362 5472 5488 5490 5586 5590 5844 5910 5911 5974 6061 6102 6135 6175 6304 6357 6376 6554 6560 6567 6570 6829 
#module 54 size: 9 bs: 0.747631
271 384 724 1072 2014 2019 2664 3353 6195 
#module 55 size: 55 bs: 0.65655
4 42 45 347 405 414 466 556 608 735 907 948 1154 1395 1403 1631 1773 1857 2096 2139 2331 2355 2423 2447 2966 2973 3209 3248 3317 3469 3507 3539 3600 3916 4017 4040 4155 4258 4332 4394 4508 4984 4994 5189 5385 5515 5568 5876 6108 6350 6517 6627 6763 6808 6891 
#module 56 size: 18 bs: 0.137491
1017 1192 2893 3158 3181 3382 3518 3808 4175 4615 5353 5421 5493 5730 5975 6009 6224 6513 
#module 57 size: 74 bs: 1.07864
54 96 118 389 422 519 568 809 1028 1094 1262 1346 1449 1526 1527 1531 1532 1635 1664 2179 2325 2437 2503 2538 2590 2618 2712 2770 2781 2851 2868 2949 3024 3038 3154 3156 3426 3647 3801 3854 4057 4265 4562 4595 4606 4659 4675 4738 4988 5029 5207 5239 5244 5289 5290 5507 5543 5572 5592 5789 5918 5969 5973 6001 6058 6137 6239 6617 6706 6803 6810 6826 6839 6923 
#module 58 size: 27 bs: 0.746995
267 567 691 804 880 898 1423 1720 2628 2669 2968 3327 3421 3500 3846 3943 4184 4275 4351 5025 5345 5713 5952 6502 6693 6703 6816 
#module 59 size: 27 bs: 0.39278
207 323 530 978 1477 1778 2202 2411 2428 2436 3130 3561 3777 3911 3969 4991 5011 5125 5155 5447 5964 6214 6270 6311 6365 6408 6605 
#module 60 size: 46 bs: 0.837365
77 142 326 349 462 502 509 559 695 857 938 943 1147 1492 1503 1509 1649 1871 2070 2309 2337 2792 2923 2928 3296 3491 3942 3990 4158 4547 4729 4795 5143 5292 5735 5907 6059 6332 6389 6445 6580 6668 6677 6757 6871 6919 
#module 61 size: 53 bs: 0.11737
211 561 572 628 719 764 797 1217 1234 1310 1464 1541 1599 1636 1648 1783 1796 1833 1927 1928 2068 2349 2350 2493 2889 3113 3201 3377 3445 3461 3573 3580 3727 3750 4138 4180 4198 4222 4241 4549 4722 4802 4829 4992 5018 5382 5548 5875 5903 6133 6558 6700 6811 
#module 62 size: 59 bs: 0.173099
138 277 295 423 638 682 847 849 939 958 1064 1189 1201 1300 1350 1463 1533 1628 1657 1710 1714 1744 2395 2491 2711 2744 2767 2814 2832 2854 2872 2972 3304 3736 3802 3841 4139 4168 4817 5195 5224 5325 5756 5766 5814 5855 5857 5898 5951 6026 6039 6097 6321 6328 6499 6531 6545 6584 6726 
#module 63 size: 48 bs: 1.00922
75 248 262 453 1030 1034 1060 1327 1452 1504 1743 1829 1913 2108 2111 2149 2174 2454 2561 2706 2707 2753 2763 2765 2943 2979 2988 3155 3229 3752 3982 4087 4356 4704 5080 5214 5242 5297 5470 5710 5864 5888 6047 6100 6432 6609 6732 6848 
#module 64 size: 57 bs: 1.02226
208 247 376 501 637 873 912 949 1283 1670 1908 2083 2125 2246 2272 2332 2574 2643 2670 2672 2791 2869 3000 3014 3100 3161 3188 3262 3374 3485 3601 3645 3731 4248 4304 4308 4325 4581 4896 4952 5116 5416 5466 5531 5655 5933 5993 6013 6087 6128 6276 6280 6494 6541 6548 6750 6827 
#module 65 size: 31 bs: 0.512128
9 231 249 309 324 661 830 917 1156 1646 1925 2008 2055 2580 2847 3205 3490 3608 3903 4278 4526 4839 4890 4909 5336 5386 5672 5944 6256 6626 6756 
#module 66 size: 78 bs: 0.138277
15 190 253 338 437 494 579 752 989 1147 1365 1620 1732 1789 1820 1910 2175 2265 2280 2284 2286 2419 2508 2568 2689 2749 2777 2794 2808 2850 2885 2950 3122 3198 3232 3305 3324 3454 3468 3533 3826 3955 4095 4252 4284 4413 4479 4574 4647 4800 4887 4976 4985 5005 5072 5113 5171 5184 5458 5485 5500 5540 5881 5934 5956 6084 6192 6229 6288 6320 6388 6507 6526 6582 6606 6854 6863 6876 
#module 67 size: 60 bs: 0.887871
119 122 168 200 310 448 723 766 865 1052 1181 1643 1864 1912 1964 1968 1993 2054 2126 2277 2376 2378 2401 2509 2752 2798 2945 3015 3017 3151 3182 3302 3474 3489 3602 3997 3998 4053 4103 4294 4304 4379 4474 4775 4794 4912 5051 5334 5340 5423 5609 5667 5926 6117 6519 6571 6588 6729 6859 6906 
#module 68 size: 40 bs: 0.858704
627 807 861 1031 1076 1169 1268 1285 1420 1523 1896 2656 2698 2713 2723 2782 3032 3392 3780 3795 4031 4374 4730 4965 5065 5149 5442 5471 5498 5842 5853 5882 5950 6029 6180 6241 6253 6285 6309 6322 
#module 69 size: 51 bs: 0.631735
47 115 321 370 486 872 1102 1168 1378 1417 1629 1655 1777 1784 2137 2225 2340 2342 2562 2632 2682 2702 2833 2862 3020 3117 3330 3541 3922 3962 3970 4042 4170 4208 4298 4525 4873 4878 5201 5550 5556 5569 5778 5866 5887 5939 6279 6561 6632 6705 6920 
#module 70 size: 50 bs: 1.07694
35 49 237 306 394 442 617 1323 1339 1345 1350 1392 1517 1530 1580 1616 1731 1825 1851 2048 2238 2397 2879 2941 2986 3098 3420 3549 3627 3749 3930 3953 4433 4547 4561 4597 4671 4711 5160 5169 5234 5312 5376 5630 5663 5858 5869 5927 6318 6629 
#module 71 size: 29 bs: 0.124549
406 1473 1497 1812 1948 1957 2074 2481 2722 2852 2998 3056 3692 3694 3732 3836 4127 4268 4336 4446 4824 4854 5021 5637 6103 6178 6525 6528 6784 
#module 72 size: 47 bs: 1.08944
37 124 421 529 693 813 864 876 1054 1107 1197 1208 1520 1529 1703 1807 2715 2764 2779 2823 2932 2964 3085 3157 3291 3297 3406 3424 3598 3630 3789 4366 4922 5294 5305 5343 5653 5780 5805 5872 5893 5991 6052 6422 6456 6828 6909 
#module 73 size: 163 bs: 0.975281
66 110 129 137 144 161 201 210 226 233 313 378 416 515 527 533 538 576 585 618 667 688 697 716 790 871 878 913 962 975 988 992 1021 1138 1190 1244 1247 1353 1453 1514 1585 1668 1694 1771 1870 1875 1876 1917 1923 2010 2028 2099 2188 2254 2274 2288 2321 2385 2498 2510 2513 2526 2573 2576 2595 2602 2651 2668 2677 2704 2742 2880 2908 2990 3008 3016 3030 3086 3091 3114 3146 3190 3235 3360 3361 3402 3418 3499 3530 3591 3617 3633 3644 3687 3754 3907 3910 3917 4037 4077 4114 4216 4221 4224 4306 4324 4509 4604 4614 4625 4679 4733 4739 4787 4861 4900 4918 4951 4953 5010 5037 5045 5066 5076 5179 5187 5206 5231 5254 5288 5306 5364 5372 5468 5594 5632 5686 5825 5840 5917 5921 5928 5978 5982 6000 6027 6050 6114 6160 6173 6258 6392 6427 6467 6527 6659 6673 6710 6728 6755 6790 6802 6856 
#module 74 size: 91 bs: 0.466029
36 76 151 169 212 218 231 279 293 663 668 675 686 728 737 778 984 1016 1020 1149 1153 1156 1254 1404 1408 1429 1548 1562 1590 1617 1625 1758 1913 1942 2043 2219 2253 2318 2370 2412 2415 2475 2499 2532 2647 2776 2870 3061 3062 3090 3143 3212 3268 3272 3536 3560 3612 3614 3678 3898 4006 4121 4163 4340 4368 4417 4526 4683 4763 4764 4930 4935 4966 4968 5024 5042 5078 5183 5226 5350 5524 5577 5612 5644 5674 5773 5817 6051 6381 6411 6836 
#module 75 size: 46 bs: 0.265228
447 542 700 1096 1206 1358 1561 1722 2042 2117 2235 2488 2519 2784 2805 2948 3393 3427 3438 3446 3568 3769 3824 3859 4326 4639 4784 4973 5034 5067 5109 5161 5318 5326 5374 5699 5830 5938 6330 6407 6421 6599 6781 6830 6843 6888 
#module 76 size: 25 bs: 0.491141
177 501 1129 1318 1642 1702 1864 1877 2303 2484 2595 2757 3091 3270 3483 3636 3866 5233 5391 5408 5460 5510 5588 6204 6898 
#module 77 size: 46 bs: 0.846146
22 343 359 430 1019 1209 2139 2184 2304 2331 2341 2492 2626 2793 2874 3001 3148 3209 3231 3317 3398 3820 3892 4292 4383 4394 4761 4774 4777 4793 4872 4980 5046 5170 5368 5373 5441 5482 5891 6078 6177 6200 6291 6317 6504 6549 
#module 78 size: 205 bs: 0.252253
2 53 78 87 99 148 189 195 204 258 299 316 335 336 365 543 584 602 603 642 663 681 686 741 753 754 757 801 836 854 881 967 978 983 995 1246 1271 1278 1289 1298 1307 1334 1381 1393 1402 1416 1429 1436 1548 1549 1588 1707 1736 1738 1757 1762 1795 1895 1942 1961 2009 2012 2033 2049 2120 2134 2141 2178 2209 2216 2246 2295 2298 2322 2331 2370 2387 2392 2417 2482 2506 2525 2570 2592 2607 2639 2653 2690 2695 2717 2839 2841 2863 2890 2912 2913 2947 3021 3026 3035 3106 3127 3134 3189 3264 3289 3346 3412 3416 3431 3480 3524 3527 3556 3561 3566 3585 3609 3664 3665 3672 3742 3784 3785 3812 3848 3851 3891 3898 3937 3952 4005 4006 4116 4119 4169 4243 4314 4328 4361 4427 4438 4440 4619 4630 4786 4797 4803 4815 4874 4875 4898 4906 4935 4991 5060 5070 5144 5180 5212 5286 5298 5354 5357 5358 5416 5451 5491 5502 5503 5506 5751 5774 5788 5797 5800 5839 5846 5963 5964 5971 6010 6021 6083 6120 6148 6158 6202 6206 6225 6339 6380 6479 6500 6515 6518 6544 6602 6621 6641 6648 6743 6836 6915 6916 
#module 79 size: 93 bs: 0.697113
98 184 258 335 373 439 479 774 791 944 1012 1133 1145 1252 1254 1294 1437 1465 1575 1653 1698 1711 1786 1898 1903 1914 1936 1963 2025 2041 2172 2187 2209 2268 2295 2330 2360 2393 2418 2524 2584 2790 2927 2944 3004 3077 3119 3168 3282 3322 3368 3511 3553 3564 3739 3903 3938 3946 4014 4331 4371 4451 4490 4558 4583 4589 4878 4961 4986 4987 5057 5136 5366 5479 5483 5496 5533 5642 5658 5677 5684 5827 6158 6256 6339 6523 6529 6625 6649 6701 6772 6861 6908 
#module 80 size: 86 bs: 0.333768
102 160 256 297 391 402 495 593 677 701 736 742 956 1007 1036 1230 1258 1396 1607 1612 1660 1665 1759 1930 2000 2092 2127 2352 2446 2477 2500 2554 2556 2569 2578 2623 2830 3060 3177 3354 3356 3362 3515 3534 3656 3743 3869 3941 3988 4008 4013 4085 4102 4109 4162 4323 4333 4334 4435 4450 4468 4592 5086 5131 5133 5299 5413 5424 5429 5584 5729 5752 5786 5958 6070 6203 6303 6383 6415 6434 6450 6495 6556 6740 6744 6751 
#module 81 size: 76 bs: 0.911444
136 146 184 206 352 461 531 601 679 1010 1133 1261 1306 1349 1388 1575 1653 1669 1786 1801 2035 2073 2157 2172 2187 2296 2346 2544 2555 2556 2620 2625 2687 2783 2799 2819 2857 3018 3077 3211 3328 3365 3403 3511 3620 3638 3782 3813 3816 3915 4015 4092 4104 4255 4449 4490 4592 4783 4806 4855 5084 5202 5284 5684 5693 5985 6025 6066 6420 6421 6523 6602 6604 6696 6861 6905 
#module 82 size: 71 bs: 0.552666
112 282 327 397 562 614 641 781 851 1038 1085 1103 1109 1148 1211 1223 1272 1630 1731 1746 2183 2339 2460 2542 2627 2824 2955 2982 3024 3098 3120 3196 3369 3537 3574 3613 3629 3747 3767 3818 3884 3960 4126 4192 4230 4413 4554 4599 4627 4650 4706 4789 4804 5087 5117 5659 5671 5725 5741 5836 5941 6038 6110 6149 6246 6263 6305 6549 6698 6711 6812 
#module 83 size: 101 bs: 1.05579
74 79 123 172 176 242 387 394 418 425 520 745 792 825 911 919 932 1024 1026 1032 1035 1084 1188 1199 1215 1223 1392 1398 1466 1468 1573 1582 1630 1700 1731 1733 1753 1797 2003 2065 2097 2249 2400 2660 2762 2796 2811 2816 2860 2920 2941 2952 2982 3025 3042 3098 3229 3315 3430 3466 3640 3708 3793 3797 3805 3953 4041 4445 4501 4569 4632 4688 4699 4716 4993 5118 5148 5160 5186 5220 5234 5430 5614 5630 5715 5724 5739 5763 6041 6094 6095 6144 6249 6334 6403 6430 6534 6628 6629 6676 6762 
#module 84 size: 42 bs: 0.667926
420 471 535 796 1288 1465 1478 1488 1500 1501 1614 1681 1818 2189 2194 2248 2581 2694 2700 2712 2750 2937 2942 3029 3099 3637 3799 3872 4033 4347 4536 4744 5176 5273 5280 6098 6119 6179 6242 6363 6833 6857 
#module 85 size: 40 bs: 0.678552
3 7 581 999 1099 1439 1483 1713 1725 1768 2123 2313 2323 2560 2886 2953 3160 3588 3606 3843 4140 4189 4551 4726 4803 4927 5162 5168 5229 5525 5704 5719 5792 5846 5906 6006 6115 6419 6439 6562 
#module 86 size: 34 bs: 0.462327
246 385 484 706 799 1259 1947 2086 2170 2193 2365 2611 2905 3563 3730 4001 4473 4478 4541 4801 4908 4925 4932 5696 5716 5767 5897 6121 6191 6367 6490 6580 6759 6806 
#module 87 size: 29 bs: 0.979435
254 278 322 821 1000 1415 1418 1609 1837 1987 2203 2358 2715 2963 3335 3440 3542 3723 4244 4990 5020 5098 5185 5495 5690 6113 6228 6264 6579 
#module 88 size: 1 bs: 1
65 
#module 89 size: 1 bs: 1
2959 
#module 90 size: 1 bs: 1
97 
#module 91 size: 1 bs: 1
6314 
#module 92 size: 1 bs: 1
192 
#module 93 size: 1 bs: 1
2855 
#module 94 size: 1 bs: 1
377 
#module 95 size: 1 bs: 1
5415 
#module 96 size: 1 bs: 1
518 
#module 97 size: 1 bs: 1
3847 
#module 98 size: 1 bs: 1
982 
#module 99 size: 1 bs: 1
13 
#module 100 size: 1 bs: 1
1654 
#module 101 size: 1 bs: 1
1186 
#module 102 size: 1 bs: 1
1841 
#module 103 size: 1 bs: 1
3174 
#module 104 size: 1 bs: 1
1965 
#module 105 size: 1 bs: 1
541 
#module 106 size: 1 bs: 1
2173 
#module 107 size: 1 bs: 1
5153 
#module 108 size: 1 bs: 1
5954 
#module 109 size: 1 bs: 1
2545 
#module 110 size: 1 bs: 1
5068 
#module 111 size: 1 bs: 1
3523 
#module 112 size: 1 bs: 1
2308 
#module 113 size: 1 bs: 1
3679 
#module 114 size: 1 bs: 1
1218 
#module 115 size: 1 bs: 1
3786 
#module 116 size: 1 bs: 1
3783 
#module 117 size: 1 bs: 1
4151 
#module 118 size: 1 bs: 1
4436 
#module 119 size: 1 bs: 1
5660 
#module 120 size: 1 bs: 1
5142 
#module 121 size: 1 bs: 1
6247 
#module 122 size: 1 bs: 1
5781 
#module 123 size: 1 bs: 1
2992 
#module 124 size: 1 bs: 1
3605 
#module 125 size: 1 bs: 1
5912 
#module 126 size: 1 bs: 1
3906 
#module 127 size: 1 bs: 1
459 
#module 128 size: 1 bs: 1
1118 
#module 129 size: 1 bs: 1
463 
#module 130 size: 1 bs: 1
4437 
#module 131 size: 1 bs: 1
472 
#module 132 size: 1 bs: 1
3349 
#module 133 size: 1 bs: 1
5093 
#module 134 size: 1 bs: 1
1039 
#module 135 size: 1 bs: 1
2901 
#module 136 size: 1 bs: 1
1045 
#module 137 size: 1 bs: 1
1454 
#module 138 size: 1 bs: 1
1171 
#module 139 size: 1 bs: 1
6720 
#module 140 size: 1 bs: 1
1185 
#module 141 size: 1 bs: 1
1229 
#module 142 size: 1 bs: 1
1414 
#module 143 size: 1 bs: 1
1242 
#module 144 size: 1 bs: 1
6787 
#module 145 size: 1 bs: 1
1363 
#module 146 size: 1 bs: 1
4641 
#module 147 size: 1 bs: 1
1485 
#module 148 size: 1 bs: 1
2680 
#module 149 size: 1 bs: 1
6506 
#module 150 size: 1 bs: 1
1618 
#module 151 size: 1 bs: 1
6093 
#module 152 size: 1 bs: 1
1647 
#module 153 size: 1 bs: 1
4524 
#module 154 size: 1 bs: 1
2907 
#module 155 size: 1 bs: 1
2315 
#module 156 size: 1 bs: 1
3704 
#module 157 size: 1 bs: 1
5681 
#module 158 size: 1 bs: 1
2516 
#module 159 size: 1 bs: 1
3961 
#module 160 size: 1 bs: 1
2559 
#module 161 size: 1 bs: 1
2633 
#module 162 size: 1 bs: 1
2610 
#module 163 size: 1 bs: 1
5989 
#module 164 size: 1 bs: 1
4194 
#module 165 size: 1 bs: 1
2743 
#module 166 size: 1 bs: 1
3623 
#module 167 size: 1 bs: 1
5008 
#module 168 size: 1 bs: 1
3136 
#module 169 size: 1 bs: 1
6837 
#module 170 size: 1 bs: 1
3451 
#module 171 size: 1 bs: 1
5841 
#module 172 size: 1 bs: 1
3770 
#module 173 size: 1 bs: 1
6324 
#module 174 size: 1 bs: 1
3883 
#module 175 size: 1 bs: 1
5151 
#module 176 size: 1 bs: 1
4453 
#module 177 size: 1 bs: 1
6913 
#module 178 size: 1 bs: 1
5618 
#module 179 size: 1 bs: 1
5794 
#module 180 size: 1 bs: 1
6452 
#module 181 size: 1 bs: 1
6593 
