#module 0 size: 5 bs: 4.9688e-05
208 220 402 443 512 
#module 1 size: 5 bs: 0.00173341
79 180 183 424 432 
#module 2 size: 5 bs: 1.87184e-13
283 291 294 301 366 
#module 3 size: 3 bs: 1.92341e-08
180 281 487 
#module 4 size: 7 bs: 1.62142e-10
31 40 186 211 332 356 361 
#module 5 size: 3 bs: 9.54998e-101
95 429 517 
#module 6 size: 11 bs: 4.48685e-05
10 22 45 253 302 341 465 466 544 556 604 
#module 7 size: 5 bs: 2.59681e-13
67 100 425 441 463 
#module 8 size: 4 bs: 1.08824e-11
63 343 370 385 
#module 9 size: 5 bs: 2.22045e-16
233 351 384 417 527 
#module 10 size: 3 bs: 7.66765e-101
151 365 384 
#module 11 size: 9 bs: 0.00120846
51 93 213 250 311 333 338 405 503 
#module 12 size: 4 bs: 2.4873e-05
52 333 437 588 
#module 13 size: 9 bs: 1.04286
71 86 206 249 375 376 479 500 559 
#module 14 size: 17 bs: 0.944425
27 46 58 77 127 131 147 275 308 317 372 401 423 502 520 541 571 
#module 15 size: 9 bs: 0.611057
11 45 112 129 201 238 254 279 524 
#module 16 size: 9 bs: 0.816685
115 189 222 252 322 334 457 542 566 
#module 17 size: 7 bs: 0.204663
219 271 314 451 466 569 589 
#module 18 size: 4 bs: 0.547476
53 123 243 394 
#module 19 size: 5 bs: 0.424078
136 232 309 381 488 
#module 20 size: 19 bs: 0.502254
8 9 49 54 85 117 163 390 421 445 447 472 491 513 535 578 579 584 603 
#module 21 size: 14 bs: 1.01567
46 80 127 185 273 346 372 388 427 470 499 522 548 585 
#module 22 size: 10 bs: 0.979812
36 83 166 176 218 265 303 316 400 450 
#module 23 size: 10 bs: 0.291255
94 96 97 128 130 261 297 469 474 593 
#module 24 size: 5 bs: 0.893652
24 119 198 429 433 
#module 25 size: 7 bs: 1.01367
26 171 282 290 378 395 555 
#module 26 size: 5 bs: 0.765435
101 373 382 486 550 
#module 27 size: 19 bs: 0.283898
42 118 161 193 209 230 237 307 342 353 370 428 431 439 444 452 484 492 598 
#module 28 size: 9 bs: 0.5994
57 66 150 348 380 403 471 510 588 
#module 29 size: 7 bs: 0.746764
55 133 192 215 260 369 460 
#module 30 size: 7 bs: 0.267255
22 51 116 162 398 412 519 
#module 31 size: 6 bs: 0.142863
113 145 214 389 506 601 
#module 32 size: 5 bs: 0.200637
64 82 313 536 551 
#module 33 size: 7 bs: 0.454253
25 65 144 239 268 343 358 
#module 34 size: 9 bs: 0.958122
75 181 247 295 299 306 418 523 532 
#module 35 size: 7 bs: 0.258483
124 207 234 296 364 458 554 
#module 36 size: 12 bs: 0.400742
21 120 127 135 142 184 315 434 467 493 506 529 
#module 37 size: 4 bs: 0.491797
138 482 489 507 
#module 38 size: 7 bs: 0.838006
139 182 200 339 440 558 599 
#module 39 size: 5 bs: 1.00274
165 169 217 272 292 
#module 40 size: 12 bs: 0.190125
39 229 236 269 285 326 336 415 518 568 580 605 
#module 41 size: 8 bs: 0.915442
30 78 179 196 226 241 468 594 
#module 42 size: 5 bs: 0.588105
35 108 203 367 456 
#module 43 size: 19 bs: 0.686433
4 14 15 37 44 47 125 173 191 210 255 263 327 329 349 368 387 502 547 
#module 44 size: 9 bs: 0.73853
45 73 134 141 190 304 355 432 565 
#module 45 size: 14 bs: 0.954126
31 90 98 114 172 174 199 227 345 392 463 525 549 564 
#module 46 size: 28 bs: 0.55964
18 74 84 100 110 128 138 151 156 177 223 232 235 244 246 270 286 287 333 408 416 435 455 459 461 478 563 586 
#module 47 size: 6 bs: 0.669265
91 122 300 359 533 561 
#module 48 size: 8 bs: 0.511951
58 87 95 107 301 377 436 540 
#module 49 size: 8 bs: 0.585032
1 152 158 277 319 508 514 521 
#module 50 size: 9 bs: 0.766175
28 51 213 278 383 409 411 462 557 
#module 51 size: 8 bs: 0.686916
265 267 298 490 498 505 552 592 
#module 52 size: 12 bs: 0.290051
5 6 13 50 96 159 187 214 262 318 419 553 
#module 53 size: 4 bs: 0.469774
231 320 337 607 
#module 54 size: 10 bs: 0.73313
92 109 156 160 205 232 352 400 442 476 
#module 55 size: 8 bs: 1.08873
3 149 187 312 407 410 477 515 
#module 56 size: 13 bs: 0.162223
32 41 62 90 155 242 251 360 417 531 545 564 572 
#module 57 size: 7 bs: 0.618886
157 257 340 371 422 453 600 
#module 58 size: 12 bs: 0.230413
61 128 143 164 266 304 347 354 362 404 485 538 
#module 59 size: 4 bs: 0.996017
81 88 344 483 
#module 60 size: 17 bs: 0.780181
43 56 69 89 95 140 146 221 225 279 305 325 337 357 363 430 528 
#module 61 size: 7 bs: 0.654364
38 41 182 259 504 543 573 
#module 62 size: 6 bs: 0.306301
240 293 375 396 426 454 
#module 63 size: 8 bs: 0.103707
33 59 102 374 422 448 562 590 
#module 64 size: 7 bs: 0.219371
72 103 323 414 494 509 516 
#module 65 size: 7 bs: 0.298438
17 19 170 279 386 530 546 
#module 66 size: 6 bs: 0.351534
126 168 194 280 391 539 
#module 67 size: 13 bs: 0.472575
7 14 121 153 202 210 245 258 321 330 438 526 602 
#module 68 size: 19 bs: 0.168271
2 16 20 23 29 58 68 166 167 175 197 204 212 284 303 356 361 511 527 
#module 69 size: 6 bs: 0.267901
113 248 274 350 534 567 
#module 70 size: 17 bs: 0.440402
60 76 99 104 105 122 148 224 228 256 328 375 393 397 446 496 597 
