487	61	
950	169	850	545	892	207	617	904	744	384	153	232	680	793	731	898	987	959	424	248	360	206	647	325	543	33	953	534	
772	900	614	434	524	
157	613	
767	107	234	467	757	178	583	749	268	476	608	653	877	863	866	773	
582	596	
298	270	
529	17	437	681	924	977	
694	532	378	963	599	340	765	4	75	634	197	979	314	155	304	591	137	406	87	713	218	674	85	389	792	269	324	337	112	49	263	417	922	451	504	967	983	603	459	592	473	28	15	67	117	769	481	512	229	594	708	544	35	752	159	470	383	82	565	
522	969	
261	411	164	123	889	677	656	762	465	797	557	143	876	296	227	975	186	405	237	115	343	251	230	961	941	390	728	888	827	97	496	742	120	54	814	740	940	472	735	279	179	184	215	830	341	808	753	623	786	480	
3	
525	
457	951	394	449	718	310	419	101	949	500	485	25	255	638	111	689	483	162	893	119	433	79	353	547	458	216	514	652	551	526	899	824	284	535	436	845	925	371	882	791	235	916	906	51	554	
294	
860	
795	
672	410	519	293	286	274	149	276	523	513	745	175	864	395	71	105	265	934	116	807	2	456	894	354	589	91	187	631	714	842	624	146	319	254	34	601	610	884	692	297	84	443	964	641	649	615	351	639	160	352	156	703	133	280	621	243	875	619	247	189	510	210	245	579	345	58	788	
804	445	
760	938	539	239	363	142	108	937	70	26	315	598	362	29	730	375	46	527	174	402	754	68	737	942	453	333	177	825	163	414	76	38	231	826	912	250	915	632	
939	
581	655	
764	
446	
249	
439	
404	
200	
593	
198	
650	
330	
550	
774	890	376	100	584	431	172	193	843	144	461	475	282	743	537	452	715	820	209	277	441	344	574	320	691	849	464	416	372	971	973	926	125	855	168	801	45	139	127	466	595	69	322	782	73	426	682	571	307	985	287	553	204	336	145	301	789	173	132	386	346	382	911	219	72	723	240	96	278	683	31	292	492	585	497	777	663	300	
241	
201	
976	
640	
350	
11	
334	871	560	312	80	799	52	19	575	746	130	63	214	577	702	600	561	667	528	709	921	498	569	796	252	32	403	531	311	781	99	587	98	440	124	182	22	923	432	803	913	636	750	879	81	21	966	128	222	482	221	837	622	257	460	103	628	645	566	559	920	225	7	102	515	64	980	
488	
16	
104	
40	
39	
295	
356	
396	339	
720	
447	
958	
862	502	
88	
658	
908	
679	684	
546	
719	567	428	688	317	205	308	355	233	540	13	399	648	970	673	55	887	909	982	776	305	612	
686	
306	
217	
506	
839	
486	
643	812	
751	
508	
902	
895	978	
869	
872	
716	
77	
