895	978	
298	270	
475	452	715	320	691	876	296	227	186	416	372	125	127	595	713	204	728	789	386	346	382	911	219	240	31	292	492	
719	310	411	164	889	772	900	25	255	638	567	428	688	317	384	153	344	205	793	807	355	233	540	13	399	648	970	571	673	55	132	887	641	649	615	68	737	922	54	535	243	875	909	982	776	278	305	612	683	524	845	906	51	554	512	480	
539	144	949	274	767	107	239	363	142	108	70	26	315	598	362	234	467	757	178	583	319	749	268	301	476	608	653	297	375	527	827	402	877	863	156	703	814	177	825	163	414	76	912	866	179	773	184	215	830	341	808	753	786	497	
123	677	656	762	465	557	143	405	237	115	343	230	961	941	390	740	940	472	735	279	
487	61	
584	4	111	849	634	979	155	464	168	801	433	731	139	591	87	251	307	216	514	46	97	496	742	925	371	882	791	235	916	585	623	777	663	300	
334	532	871	560	312	80	765	672	410	500	485	52	19	575	746	130	63	149	214	577	702	600	561	667	528	709	921	498	569	796	252	32	403	531	311	781	354	79	200	99	587	98	440	124	182	22	218	923	432	803	913	458	636	879	81	21	966	128	482	221	837	622	103	628	645	566	559	920	225	7	102	515	64	980	
396	339	
976	
522	969	
545	376	431	172	193	843	529	17	437	681	282	743	537	209	232	277	441	574	926	680	45	987	959	322	424	248	924	782	73	426	750	257	173	460	72	723	96	977	
581	655	
804	445	
3	
525	
294	
860	
795	
797	
394	617	904	519	293	286	276	523	745	175	864	395	105	265	116	894	898	624	146	34	601	610	884	551	692	84	443	351	639	33	133	280	621	247	28	510	210	245	788	
939	
764	
760	938	694	378	963	599	340	461	75	744	820	197	314	971	973	855	69	137	406	682	547	674	985	287	553	336	85	145	389	792	269	888	324	337	112	49	263	417	451	504	826	15	436	117	769	481	229	594	708	544	35	752	159	470	383	82	565	
446	
249	
439	
404	
308	
593	
198	
650	
774	890	100	457	951	449	718	419	101	513	614	71	934	689	483	162	893	119	2	456	466	589	304	91	187	631	714	842	360	353	254	652	526	899	964	824	284	160	352	619	967	983	603	459	592	473	189	434	67	579	345	58	
330	
550	
241	
201	
640	
350	
11	
582	596	
488	
16	
104	
40	
39	
295	
356	
720	
447	
958	
862	502	
950	169	850	892	207	261	799	937	975	29	730	206	647	222	325	174	754	543	120	942	453	333	953	534	38	231	250	915	632	
88	
658	
908	
679	684	
546	
686	
306	
217	
506	
839	
486	
157	613	
643	812	
751	
508	
902	
869	
872	
716	
77	
