#module 0 size: 22 bs: 1.39151e-08
46 53 61 66 80 112 160 163 165 168 197 205 211 280 319 402 413 422 438 476 535 538 
#module 1 size: 5 bs: 3.06712e-05
190 386 434 491 531 
#module 2 size: 17 bs: 6.50274e-06
50 84 99 105 133 292 300 323 337 387 394 411 477 478 552 595 603 
#module 3 size: 34 bs: 1.48271e-05
12 42 59 72 84 97 108 123 134 178 218 237 264 271 272 294 300 304 306 340 354 425 426 435 449 456 463 469 537 549 566 567 595 603 
#module 4 size: 5 bs: 0.00546829
120 133 180 305 587 
#module 5 size: 11 bs: 3.8044e-06
20 111 135 163 178 212 313 339 366 372 554 
#module 6 size: 9 bs: 0.00266852
53 261 285 328 346 428 474 492 537 
#module 7 size: 11 bs: 0.015137
16 32 49 50 198 200 214 349 370 483 542 
#module 8 size: 8 bs: 3.66136e-07
122 228 379 395 446 481 581 588 
#module 9 size: 19 bs: 0.0117126
162 196 243 274 284 289 294 295 312 319 348 350 361 368 377 378 437 488 588 
#module 10 size: 5 bs: 0.000861758
38 286 406 561 576 
#module 11 size: 33 bs: 1.54382e-06
86 88 96 130 137 138 156 161 185 204 213 216 244 247 249 251 302 304 328 330 344 364 368 375 440 470 484 485 504 517 548 571 584 
#module 12 size: 6 bs: 2.1284e-06
77 81 139 140 321 389 
#module 13 size: 14 bs: 6.24504e-06
24 28 78 170 178 210 233 421 460 467 495 566 567 581 
#module 14 size: 26 bs: 0.856178
9 13 36 51 83 94 115 225 233 258 293 315 390 415 444 453 459 462 466 471 504 547 573 578 592 604 
#module 15 size: 21 bs: 0.286262
7 37 62 111 117 123 134 145 155 191 205 249 274 316 322 374 388 433 440 536 593 
#module 16 size: 41 bs: 1.03982
39 52 54 60 85 98 118 121 125 131 174 187 200 208 232 250 269 273 312 318 343 345 351 357 365 369 378 380 423 441 454 455 478 482 484 494 508 543 579 601 602 
#module 17 size: 33 bs: 0.129054
4 34 64 136 151 162 174 193 201 220 222 224 225 267 268 272 276 278 285 312 405 411 418 430 488 498 514 528 553 556 597 598 602 
#module 18 size: 21 bs: 0.52623
21 48 64 68 245 280 291 293 296 308 344 362 367 385 397 398 404 525 565 569 589 
#module 19 size: 7 bs: 0.341313
171 239 260 284 309 341 342 
#module 20 size: 20 bs: 0.522677
3 33 41 68 207 256 277 285 290 293 328 332 353 359 392 427 436 438 509 556 
#module 21 size: 21 bs: 0.116248
5 16 45 67 74 143 166 181 203 234 304 393 401 405 442 458 468 500 510 558 574 
#module 22 size: 19 bs: 0.552728
89 100 126 172 202 258 303 352 367 370 391 396 399 472 499 517 523 557 589 
#module 23 size: 11 bs: 0.741228
126 197 280 306 311 398 426 525 526 557 575 
#module 24 size: 19 bs: 0.517266
82 89 189 206 229 248 252 320 383 439 448 490 518 546 572 581 597 598 606 
#module 25 size: 36 bs: 0.35216
4 8 13 23 27 30 31 65 67 68 119 136 147 164 186 192 195 209 224 227 240 296 298 301 355 441 451 464 470 473 486 506 507 534 570 599 
#module 26 size: 17 bs: 1.04291
10 83 146 215 287 333 348 381 445 447 493 513 540 563 577 578 585 
