580	97	
587	571	570	395	449	
485	261	
521	296	
49	
47	
175	368	
317	589	222	348	251	467	314	254	413	160	318	118	92	131	159	257	561	560	228	177	136	470	402	
100	111	270	205	597	599	517	72	275	355	44	132	320	509	409	605	163	328	117	202	53	414	86	341	415	67	
357	482	568	23	124	101	46	31	151	461	203	572	267	200	383	
215	83	45	20	281	25	168	
311	595	
85	579	472	370	532	169	106	581	543	474	187	172	496	76	499	501	94	428	492	312	393	524	105	122	489	445	460	
286	40	
3	
380	388	
408	185	
345	394	
481	
386	490	
19	145	385	180	245	285	211	392	313	35	549	596	33	
330	84	66	513	252	80	323	190	123	306	59	292	349	376	
346	
262	
143	
256	
201	333	34	13	343	454	74	358	405	434	316	181	250	60	104	16	484	553	417	458	534	36	125	506	375	147	338	7	307	
239	
178	
115	
61	266	439	342	565	188	420	4	601	93	273	418	284	352	107	354	590	229	95	441	305	371	540	109	43	206	38	473	557	
390	
197	
326	
116	
209	
10	
538	421	
193	
442	
466	569	121	558	153	2	269	544	212	89	377	347	64	27	453	366	192	407	52	488	259	102	237	210	103	500	139	552	
287	
11	
62	
247	
213	
443	
263	
585	
389	
54	
15	
397	
550	
322	
176	
130	
278	
300	
422	224	183	79	240	230	479	155	298	593	604	360	279	42	304	559	438	129	433	321	277	50	337	22	
507	
459	
302	
547	
527	
529	
440	
