#module 0 size: 13 bs: 0.063021
746 1440 1863 2136 2286 2694 2755 3234 3913 4560 5169 5281 5424 
#module 1 size: 21 bs: 0.00171345
66 87 769 820 1259 1467 1911 2043 2187 2475 2839 3709 3762 3889 4431 4841 5956 6319 6434 6667 6753 
#module 2 size: 22 bs: 2.63693e-101
294 436 1144 1443 1624 1973 2243 2517 2520 2586 2836 2900 3794 5401 5512 5609 5779 6096 6165 6362 6804 6855 
#module 3 size: 14 bs: 1.84877e-08
545 551 1428 1836 2445 3142 3167 3241 3539 4170 5068 6136 6404 6627 
#module 4 size: 3 bs: 0.00836297
630 1728 3558 
#module 5 size: 10 bs: 9.1241e-101
969 3184 3679 4320 4566 5064 5242 5417 5600 6894 
#module 6 size: 15 bs: 2.99696e-101
49 211 567 722 1709 1951 2786 3857 4229 4356 4512 4565 6012 6079 6126 
#module 7 size: 11 bs: 0.00208324
1602 1801 3148 3332 3829 4178 4563 4876 5251 5970 6133 
#module 8 size: 18 bs: 0.00210269
218 778 1562 1617 2253 2415 2499 3272 3346 3678 4417 4683 4930 5354 5612 5674 5817 6649 
#module 9 size: 12 bs: 1.53777e-12
177 196 1997 3336 3742 3940 3961 4071 4347 4915 5542 6688 
#module 10 size: 3 bs: 0.00433045
3571 5750 6770 
#module 11 size: 27 bs: 0.0599394
37 949 1153 1398 2197 2227 2374 2389 2596 2605 2642 3306 3718 3797 3870 4022 4187 4220 4483 5459 5988 6030 6143 6302 6514 6613 6657 
#module 12 size: 12 bs: 1.11022e-16
287 1294 1913 1946 2061 2221 2318 2751 4416 5034 5431 5518 
#module 13 size: 16 bs: 4.30654e-101
193 334 824 1727 1748 1749 2003 2045 2347 3056 3508 3950 5232 5303 5686 5878 
#module 14 size: 8 bs: 0.00014603
91 829 1366 2606 3650 4397 4904 5014 
#module 15 size: 29 bs: 1.26344e-11
75 1035 1130 1157 1489 1771 1902 2145 2214 2655 2675 3158 3251 3289 3320 3473 3637 3791 4176 4719 5873 5929 6071 6139 6215 6248 6401 6690 6900 
#module 16 size: 7 bs: 4.44569e-05
550 802 1170 3634 4624 5200 5896 
#module 17 size: 7 bs: 8.58511e-101
449 1876 3699 4110 4520 5650 6026 
#module 18 size: 3 bs: 0.0108358
135 4295 6182 
#module 19 size: 9 bs: 0.00353275
1542 2395 2523 3646 5182 5487 6005 6662 6708 
#module 20 size: 14 bs: 0.0519169
1433 1625 2123 2157 2584 2817 3023 3417 3520 3521 3593 3734 3967 4252 
#module 21 size: 23 bs: 0.000284846
153 543 734 793 890 1020 1297 1326 1390 1897 1980 2654 2702 3252 4495 4919 5350 5461 5892 6093 6378 6633 6674 
#module 22 size: 10 bs: 0.0634662
909 1199 1583 2191 2195 3319 3677 4798 4846 5546 
#module 23 size: 21 bs: 0.00027932
419 619 976 1351 1363 2180 2282 2528 2668 3161 3180 4152 4232 4447 5006 5286 5352 5427 5738 6422 6496 
#module 24 size: 15 bs: 0.0200572
379 655 661 1015 1174 1432 2066 3263 3386 4297 4402 4972 5011 5185 6873 
#module 25 size: 14 bs: 7.99334e-101
317 548 763 1450 2057 2834 3358 4627 4970 5669 5672 5769 5809 6364 
#module 26 size: 3 bs: 0.0032957
314 4040 5662 
#module 27 size: 25 bs: 9.73633e-07
377 602 722 778 1404 1777 1958 2555 2639 3036 4218 4539 4593 5145 5364 5505 5509 5730 5909 6007 6150 6293 6354 6372 6543 
#module 28 size: 14 bs: 0.031988
1195 1422 1650 3537 3722 4050 4160 4266 4671 5334 5748 5795 6003 6737 
#module 29 size: 32 bs: 0.0833789
279 358 534 1193 1431 1819 1910 1964 1992 2649 2828 3050 3195 3418 3976 4092 4134 4144 4164 4247 4274 4304 4561 4808 5096 5122 5478 5628 5820 6034 6342 6354 
#module 30 size: 12 bs: 5.8899e-05
38 304 1034 1068 1321 2824 3162 3939 4121 4914 5320 6110 
#module 31 size: 21 bs: 0.0194667
39 303 800 821 1939 1954 2447 2508 2638 2711 3153 3754 4081 5052 5156 5363 5379 5605 5928 6130 6769 
#module 32 size: 33 bs: 0.00691556
163 394 891 1023 1202 1891 1978 2366 2631 2929 3043 3137 3245 3355 3406 3455 3749 3809 4156 4215 4228 4442 4514 4590 4617 4639 4879 5009 5843 5857 6290 6336 6475 
#module 33 size: 11 bs: 0.0285702
104 250 484 1116 1409 1717 1791 2634 3267 4352 5946 
#module 34 size: 16 bs: 0.00338139
38 360 683 1337 1505 1584 1723 2892 2992 3693 3695 4139 5262 5270 5435 6355 
#module 35 size: 18 bs: 0.000250148
33 117 267 669 1386 2342 2538 2612 3619 4158 4367 4391 4954 4959 5171 5986 6509 6650 
#module 36 size: 22 bs: 0.029808
70 383 699 727 2370 2562 2871 3211 3218 3502 3676 3749 4071 4469 4708 4848 5181 5663 6405 6539 6671 6678 
#module 37 size: 43 bs: 3.33371e-101
36 242 420 591 616 711 787 834 864 948 990 1142 1187 1442 1506 1805 2128 2160 2795 3057 3145 3186 3401 3705 4123 4186 4210 4256 4457 4494 4720 4759 4823 4834 5228 5367 5527 5649 5764 5921 6118 6270 6295 
#module 38 size: 6 bs: 5.52795e-101
672 2190 3047 5548 6444 6793 
#module 39 size: 4 bs: 0.033609
1188 4109 5603 5683 
#module 40 size: 16 bs: 0.0271119
357 1248 1868 2195 2442 2747 3175 3761 4165 4407 4415 4874 5074 5191 5225 5816 
#module 41 size: 20 bs: 0.0192002
46 580 758 868 1344 1439 1901 2244 2780 3159 3774 4111 4182 4481 4682 5201 5574 5986 6172 6808 
#module 42 size: 67 bs: 1.37005e-101
259 293 325 464 508 603 623 884 1117 1672 1821 1873 1884 2031 2051 2064 2109 2363 2403 2487 2821 2909 2933 2940 2974 3065 3227 3419 3529 3575 3632 3652 3724 3815 3838 3840 3949 3968 4049 4149 4577 4642 4711 4764 4840 4942 5036 5152 5159 5247 5313 5316 5330 5415 5474 5489 5620 5621 5767 5916 6665 6666 6696 6705 6713 6812 6899 
#module 43 size: 33 bs: 0.00705859
43 209 378 1026 1173 1371 1899 2230 2278 2898 2917 3180 3481 3640 3669 4083 4178 4429 4530 4594 4743 4818 4949 5045 5053 5182 5681 5702 6311 6333 6480 6615 6667 
#module 44 size: 9 bs: 0.000798039
1725 2907 3306 3931 4336 4526 5164 5728 6468 
#module 45 size: 26 bs: 1.74305e-14
10 218 290 775 1019 1088 1384 1410 1570 1922 2081 2558 2608 3299 3925 4202 4425 4490 4924 5217 5593 5688 6193 6634 6701 6774 
#module 46 size: 21 bs: 0.00307674
71 1721 1814 2098 2299 2309 2507 3265 3323 4476 5099 5154 5172 5231 5307 5440 5531 6150 6455 6598 6635 
#module 47 size: 21 bs: 4.98374e-06
24 472 879 1089 1216 1318 1615 1919 2000 2316 2882 3124 3404 3826 3897 4146 4201 4216 5758 6035 6533 
#module 48 size: 41 bs: 0.00905781
417 570 634 645 807 854 914 1066 1108 1158 1326 1390 1411 1572 1605 1636 1641 1947 2075 2080 2089 2509 2972 2988 3341 3682 3855 4122 4172 4191 4269 4517 4958 5542 5846 5850 5858 6029 6272 6403 6600 
#module 49 size: 8 bs: 0.0299862
717 1568 2073 3242 3314 3714 5319 6917 
#module 50 size: 21 bs: 0.0562499
184 349 577 928 1296 1903 1946 2043 2145 2156 2165 2279 3342 3346 3826 4532 4890 5083 5925 6518 6879 
#module 51 size: 14 bs: 0.00985356
246 702 1207 1352 1362 1818 2537 2669 2708 3052 3327 3972 5949 6489 
#module 52 size: 22 bs: 0.0158684
180 604 892 968 1161 1163 1228 1608 2138 2192 2473 3321 3335 3423 3522 3911 3977 4161 4244 4364 5481 5796 
#module 53 size: 49 bs: 4.08871e-06
96 519 568 809 1026 1262 1346 1449 1527 1531 1664 2325 2397 2437 2503 2590 2618 2712 2770 2851 2868 2949 3024 3038 3154 3156 3640 3801 3854 4265 4562 4606 4659 5029 5244 5289 5290 5507 5543 5592 5918 5969 6001 6137 6239 6617 6803 6839 6923 
#module 54 size: 38 bs: 2.57023e-05
162 370 762 775 889 1027 1206 1373 1456 1589 1693 1770 2005 2524 2857 2988 3120 3126 3257 3282 3400 3928 3968 3997 4154 4692 4886 4990 5137 5312 5414 5653 5659 5732 5850 6629 6714 6838 
#module 55 size: 10 bs: 0.00286304
549 2093 2118 2688 4054 5307 5619 6114 6604 6744 
#module 56 size: 38 bs: 6.79364e-09
299 582 642 730 745 788 1034 1162 1228 1449 1521 1554 1586 1973 2456 2809 2918 2991 3325 3349 3958 4262 4525 4831 5119 5462 5562 5661 5784 5872 6030 6032 6205 6213 6332 6482 6635 6717 
#module 57 size: 27 bs: 1.31641e-07
450 526 662 1161 1354 1732 1769 1897 2196 2686 2832 3673 3695 3734 4022 4920 4943 5086 5088 5104 5254 5595 5708 6035 6324 6609 6777 
#module 58 size: 21 bs: 1.97687e-05
124 267 439 669 754 823 1331 1425 2061 2373 2473 3059 3090 3303 3554 5405 5439 5761 5994 6309 6810 
#module 59 size: 10 bs: 0.0005488
122 221 1367 1534 1697 4323 4597 5210 5428 5580 
#module 60 size: 117 bs: 4.62372e-09
82 144 147 257 366 412 428 553 639 645 750 776 779 797 807 840 848 862 901 902 904 927 975 1049 1083 1085 1165 1314 1320 1461 1479 1567 1572 1601 1720 1858 1896 1926 2091 2212 2379 2419 2483 2587 2644 2667 2825 2840 2891 2975 2999 3260 3383 3415 3429 3432 3481 3545 3555 3686 3733 3768 3864 3877 4065 4074 4145 4148 4257 4350 4353 4381 4506 4604 4631 4642 4647 4678 4679 4791 4850 4854 5029 5030 5070 5165 5277 5279 5305 5349 5645 5661 5681 5815 5828 5842 5947 5976 6039 6083 6185 6198 6241 6286 6334 6395 6427 6428 6485 6503 6589 6610 6618 6625 6676 6730 6826 
#module 61 size: 15 bs: 0.000819398
176 1213 1532 1656 2935 2976 3339 3549 4156 5436 5863 6287 6581 6707 6791 
#module 62 size: 58 bs: 0.00209372
142 204 251 309 395 430 432 766 967 1113 1256 1286 1400 1638 1790 1806 1909 2012 2158 2263 2280 2296 2371 2428 2637 2742 2776 2869 2874 2905 3046 3095 3167 3211 3273 3477 3505 3544 3665 3703 3941 3973 3984 4209 4439 4462 4665 4816 4892 5003 5128 5218 6002 6015 6064 6081 6283 6753 
#module 63 size: 7 bs: 2.90253e-05
385 2486 2577 2674 4056 4460 4888 
#module 64 size: 47 bs: 0.722438
42 109 223 328 337 363 640 1257 1342 1376 1394 1811 1949 1991 2090 2095 2301 2447 2479 2688 2926 2997 3105 3150 3408 3512 3528 4313 4651 4884 4974 5033 5472 5477 5488 5490 5844 5974 6061 6189 6357 6376 6547 6554 6560 6567 6570 
#module 65 size: 37 bs: 0.491213
208 376 452 637 873 1908 2010 2083 2125 2574 2643 2791 2884 3100 3161 3188 3262 3374 3410 3601 3645 3731 3766 4248 4325 4952 5531 5933 5993 6013 6087 6128 6280 6490 6494 6541 6750 
#module 66 size: 22 bs: 1.01539
375 748 1287 1343 1384 1974 1977 2074 2205 2789 2899 3300 3375 3860 4283 4623 4813 4933 5374 5412 5799 6654 
#module 67 size: 11 bs: 0.787533
965 1327 1545 1706 3142 3323 3368 5007 5195 5365 5984 
#module 68 size: 38 bs: 0.961388
54 101 147 201 478 858 996 1023 1136 1164 1241 1256 1324 1684 1719 1835 2015 2107 2377 2548 2717 3364 3811 3864 4214 4631 4721 4734 4882 4883 4988 5123 5832 5859 6325 6552 6597 6840 
#module 69 size: 28 bs: 0.987992
77 349 502 695 857 938 943 1070 1147 1492 1503 1649 1851 1871 2337 2923 2928 3105 3296 3990 5143 5292 5907 6059 6389 6677 6757 6919 
#module 70 size: 23 bs: 0.832446
25 381 441 541 917 1238 1786 2159 2310 2362 2671 2894 3099 3109 3290 3674 4088 4437 4645 5639 5823 6104 6223 
#module 71 size: 24 bs: 0.186639
111 305 403 818 822 1369 1542 1659 1964 2078 2621 2812 3775 4142 4434 4785 4862 5090 5215 5334 5391 5400 5983 6652 
#module 72 size: 33 bs: 0.145858
6 222 432 442 477 592 1239 1462 1574 1954 1997 2058 2299 2458 2461 2477 3470 3475 3665 3759 4002 4089 4177 4828 5074 5091 5101 5166 5729 5786 6021 6392 6596 
#module 73 size: 37 bs: 1.01884
134 1008 1100 1297 1543 1611 1794 1810 1829 1892 1930 1965 2037 2116 2471 2771 3063 3147 3623 3785 3969 3994 4384 4493 4508 4649 4754 5367 5544 5611 5651 6098 6125 6298 6395 6644 6858 
#module 74 size: 10 bs: 0.918029
405 923 1386 2737 3715 4045 4162 4652 5344 5613 
#module 75 size: 60 bs: 0.406593
106 179 278 407 484 574 765 1039 1095 1301 1417 1501 1568 1579 1731 1759 2069 2232 2261 2513 2520 2561 2764 3096 3106 3485 3658 3701 3856 3866 3966 4003 4031 4143 4331 4582 4737 4787 5107 5146 5389 5402 5446 5476 5512 5517 5519 5660 5691 5863 6092 6113 6133 6140 6292 6446 6453 6461 6680 6802 
#module 76 size: 17 bs: 0.716696
467 777 1119 1214 1675 2401 2583 2652 2856 2971 3683 3948 4149 4616 5623 5847 6484 
#module 77 size: 15 bs: 0.229809
261 487 1029 1318 1480 2593 3028 3788 4519 5460 5506 6315 6462 6833 6898 
#module 78 size: 15 bs: 0.289257
213 219 1488 2141 2893 3158 3382 3518 4615 5353 5421 5975 6009 6224 6513 
#module 79 size: 44 bs: 0.894985
5 142 329 361 490 492 566 626 823 844 931 1050 1122 1395 1516 1651 1815 1912 1936 2144 2352 2596 2919 3000 3250 3335 3511 3587 3852 3959 4496 4672 4980 5008 5048 5402 5465 5524 5620 5831 5893 6031 6149 6217 
#module 80 size: 11 bs: 0.136028
181 1186 1285 2337 3408 3685 3736 4714 5532 5752 5987 
#module 81 size: 23 bs: 0.32136
443 1619 2369 2427 2878 2983 3072 3079 3168 3208 3777 4161 4691 5109 5354 5534 5728 6018 6339 6425 6516 6647 6812 
#module 82 size: 18 bs: 0.515647
782 1391 1677 1862 2166 2247 2264 2550 3670 3679 4051 4472 4640 5074 5358 5380 5420 5635 
#module 83 size: 26 bs: 0.128201
12 24 733 757 998 1503 1546 1599 1849 1998 2088 2192 2940 3083 3171 3506 3638 3673 3829 3839 4066 4152 4165 5535 5811 5962 
#module 84 size: 22 bs: 0.517068
71 737 920 966 1142 1331 1550 1623 2758 2946 3205 3328 3401 3641 4064 4289 4945 5495 5521 6296 6649 6833 
#module 85 size: 5 bs: 0.720441
2041 3755 4183 4468 6164 
#module 86 size: 18 bs: 0.132445
460 463 610 1864 2142 2415 2600 3487 3560 3819 4515 4529 5638 5658 6077 6528 6753 6880 
#module 87 size: 21 bs: 0.199402
113 321 538 868 1080 1637 1822 3202 3443 3454 3904 4221 4378 4540 5197 5227 5241 5860 6368 6550 6602 
#module 88 size: 18 bs: 0.290753
743 760 822 1270 1704 1750 1884 2255 3377 3830 3989 4095 4762 4812 5536 5909 6277 6645 
#module 89 size: 5 bs: 0.232491
1618 3626 4217 5598 6076 
#module 90 size: 16 bs: 0.56478
55 631 1141 2356 3620 3642 3764 4285 4325 4477 4697 4709 5317 6045 6126 6622 
#module 91 size: 10 bs: 0.266136
112 311 940 1856 2987 2991 4544 5383 5853 6038 
#module 92 size: 9 bs: 0.734978
1396 1943 2279 2485 3303 3874 4466 4554 6743 
#module 93 size: 114 bs: 0.350863
2 8 26 83 84 110 123 180 210 212 319 347 387 590 714 839 848 950 1004 1105 1146 1150 1254 1306 1313 1347 1385 1397 1491 1529 1530 1557 1568 1707 1755 1939 2076 2131 2169 2204 2302 2332 2355 2376 2386 2446 2475 2650 2658 2721 2745 2761 2838 2870 2934 2963 3007 3077 3133 3172 3434 3531 3687 3691 3740 3835 3844 3925 3979 4052 4077 4141 4243 4277 4316 4341 4444 4461 4475 4860 4923 4959 4999 5086 5153 5165 5203 5205 5228 5321 5648 5715 5787 5807 5910 5960 6036 6044 6052 6062 6091 6103 6371 6449 6492 6530 6545 6568 6580 6602 6631 6700 6867 6892 
#module 94 size: 27 bs: 0.903505
44 229 863 870 1094 1778 1796 1959 2151 2170 2250 2329 2443 2538 3022 3443 4029 4622 4654 4845 4847 5171 5539 5637 6170 6357 6873 
#module 95 size: 72 bs: 0.984825
90 107 217 329 389 395 474 527 534 638 670 937 953 1017 1121 1237 1240 1365 1395 1472 1513 1537 1559 1603 1787 1909 1915 1988 2453 2459 2495 2571 2994 3013 3203 3237 3393 3445 3589 3689 3707 4018 4181 4239 4329 4435 4499 4509 4576 4629 4694 4822 4827 4861 4936 4989 5025 5191 5259 5493 5559 5666 5747 5828 5953 6097 6154 6229 6301 6321 6368 6548 
#module 96 size: 22 bs: 0.547343
130 266 516 1152 1692 1920 2034 2153 2389 2627 3718 3756 3790 4662 4986 5310 5665 6147 6410 6637 6687 6745 
#module 97 size: 15 bs: 0.744441
84 1077 1165 1175 1202 1455 1594 2757 3134 3436 3798 3827 4633 6226 6757 
#module 98 size: 23 bs: 0.15839
10 351 492 730 1187 1422 1843 1971 1983 2996 3216 3245 3719 4100 4902 4969 5270 5698 5798 6366 6417 6712 6912 
#module 99 size: 14 bs: 1.06164
780 965 1127 1172 1175 1180 1806 1906 3738 4276 5513 5555 6064 6158 
#module 100 size: 20 bs: 0.548619
263 313 1561 1746 1840 2122 2661 2684 2726 3019 3915 4023 4055 4449 4970 5105 5768 5819 6232 6670 
#module 101 size: 42 bs: 0.793189
72 133 143 230 245 264 308 400 752 887 1457 1627 1760 2057 2190 2362 2421 2810 2820 2895 2956 3301 3350 3454 3908 4430 4579 4684 4808 4846 5077 5264 5295 5410 5929 5978 6270 6532 6562 6592 6605 6638 
#module 102 size: 116 bs: 0.378774
63 133 169 224 234 262 303 324 345 489 490 506 507 627 656 676 720 732 749 838 1022 1030 1140 1248 1405 1474 1498 1593 1630 1670 1831 1980 2113 2115 2120 2270 2312 2332 2367 2388 2400 2506 2607 2663 2675 2849 2862 3015 3033 3204 3424 3445 3454 3495 3604 3686 3717 3818 3893 3975 3988 4007 4087 4171 4256 4288 4305 4310 4457 4498 4586 4601 4663 4755 4769 4770 4809 4870 4936 4977 4994 5040 5061 5139 5167 5192 5251 5300 5386 5418 5572 5633 5655 5666 5668 5788 5958 5992 5997 6037 6236 6241 6255 6274 6287 6326 6334 6525 6556 6585 6611 6648 6706 6746 6805 6918 
#module 103 size: 19 bs: 0.102604
418 1466 2065 2762 2796 2920 3025 4445 4688 4699 5186 5323 5430 5614 5763 5929 6403 6534 6762 
#module 104 size: 108 bs: 1.09385
114 159 325 359 382 451 621 643 790 823 850 894 932 958 980 1253 1283 1319 1399 1515 1551 1630 1747 1769 1779 1878 1950 1975 1984 1985 2012 2089 2211 2244 2254 2334 2439 2469 2502 2611 2680 2687 2730 2760 2799 2833 2938 3146 3176 3256 3274 3326 3337 3389 3390 3441 3474 3700 3953 3998 4112 4131 4155 4272 4294 4307 4341 4381 4399 4404 4430 4530 4568 4899 4950 4966 5042 5066 5071 5079 5173 5213 5335 5466 5511 5587 5589 5679 5717 5763 5836 5888 5945 6089 6168 6190 6240 6252 6307 6338 6353 6463 6563 6624 6665 6895 6903 6906 
#module 105 size: 59 bs: 0.415947
116 126 289 357 373 423 600 1041 1379 1470 1587 1622 1642 1698 1734 1869 1914 1933 1938 2339 2350 2365 2394 2474 2498 2580 2594 2664 2703 2715 2984 3135 3162 3183 3263 3275 3366 3722 3907 3930 4349 4412 4441 4471 4483 4501 4502 4570 4638 4687 4742 4774 4881 4896 5020 6073 6267 6342 6861 
#module 106 size: 27 bs: 0.88125
1177 1363 1471 1475 1627 1663 1805 1858 1859 1951 2241 2405 2602 3166 3846 4296 4418 4765 4866 5027 5529 5855 6235 6356 6630 6685 6768 
#module 107 size: 81 bs: 0.620766
58 475 652 678 681 770 794 845 912 1021 1115 1229 1507 1667 1688 1715 1760 1766 1860 1929 1952 1953 2040 2490 2541 2589 2729 2807 2830 2847 2896 2908 2925 3050 3160 3178 3217 3288 3386 3388 3504 3621 3667 3787 3832 3899 3928 4034 4043 4061 4136 4188 4227 4268 4272 4379 4518 4641 4831 4898 4912 4972 5155 5221 5256 5336 5435 5664 5838 5864 5876 6055 6082 6144 6169 6388 6477 6761 6767 6784 6831 
#module 108 size: 87 bs: 0.31789
150 191 333 453 481 559 826 869 936 994 1009 1151 1172 1195 1203 1244 1300 1551 1591 1629 1798 1807 1905 1943 1960 1969 2028 2246 2361 2372 2513 2532 2536 2588 2673 2723 2750 2817 2888 3037 3108 3132 3189 3252 3318 3352 3404 3532 3587 3872 3999 4335 4464 4495 4581 4705 4719 4724 4805 4825 4967 5073 5116 5124 5363 5379 5403 5499 5615 5804 5865 5886 5938 5995 6072 6159 6240 6268 6304 6327 6437 6664 6697 6788 6823 6860 6885 
#module 109 size: 15 bs: 1.07509
149 344 1067 1798 1905 2159 2735 2797 3024 3092 4063 4073 5469 6016 6072 
#module 110 size: 27 bs: 0.463316
189 203 859 1071 1298 1420 1487 1504 1741 2770 3150 3397 3536 3995 4565 4584 4657 4844 4886 5095 5135 5183 5357 5560 5885 6218 6398 
#module 111 size: 46 bs: 0.301454
154 420 501 533 664 766 866 1523 1674 1771 2048 2285 2645 2647 2765 2826 2938 2943 2957 3048 3076 3123 3194 3312 3402 3428 3509 3599 3771 3862 4073 4186 4387 4960 5090 5359 5404 5561 5641 5711 6196 6488 6523 6868 6898 6924 
#module 112 size: 36 bs: 0.405386
199 283 341 1043 1383 1526 1817 1855 2197 2559 2575 2836 2906 3010 3451 3680 3698 3809 3822 3965 3971 4012 4017 4063 4241 4278 4299 4752 4773 5252 5387 5454 5718 5848 5999 6048 
#module 113 size: 9 bs: 0.414702
842 2130 2691 3547 3784 4609 5541 6759 6814 
#module 114 size: 29 bs: 0.343579
207 529 653 827 829 1127 1233 1443 1547 1683 1792 1954 2158 2380 2709 2728 3003 3085 3448 3572 3670 3873 5129 5150 5604 6188 6353 6396 6602 
#module 115 size: 14 bs: 0.992565
400 1200 1438 1738 2199 2732 3948 4019 4321 4469 4504 4588 5880 6922 
#module 116 size: 27 bs: 0.697937
114 141 145 878 947 1133 1148 1303 1631 1727 1942 2108 2633 2773 2864 4014 4249 4297 4321 4360 4370 4568 4971 5076 5246 5736 5980 
#module 117 size: 37 bs: 0.732783
187 265 446 682 895 1295 1314 1451 1614 1864 2620 2624 2711 3191 3225 3254 3513 3954 4317 4381 4832 4834 4925 5031 5149 5176 5624 5626 6110 6405 6424 6474 6551 6557 6627 6789 6851 
#module 118 size: 57 bs: 0.403574
11 27 29 348 396 406 467 599 606 786 1112 1654 1852 2198 2228 2231 2330 2374 2378 2582 2597 2725 3128 3213 3394 3460 3494 3557 3595 3661 3813 3861 3893 4058 4215 4375 4396 4613 4653 4696 5032 5059 5102 5219 5399 5553 5643 5831 5868 5922 6041 6042 6254 6344 6375 6429 6745 
#module 119 size: 45 bs: 0.470658
298 370 687 796 1078 1100 1176 1206 1360 1443 1445 1479 1576 1740 1761 1804 1820 1976 2070 2467 3399 3412 3671 3690 3737 3918 3973 4025 4159 4223 4543 4965 5405 5416 5545 5546 5714 5881 6225 6238 6348 6360 6533 6711 6796 
#module 120 size: 56 bs: 0.454708
374 412 578 882 1010 1478 1500 1525 1609 1662 1716 1767 1887 1995 2052 2075 2336 2390 2579 2700 2937 3017 3291 3347 3380 3426 3442 3609 3666 3799 3927 3964 3991 4001 4004 4011 4119 4133 4231 4744 4757 4838 5006 5261 5294 5564 5690 6382 6464 6591 6636 6809 6862 6900 6911 6921 
#module 121 size: 45 bs: 0.668371
596 682 874 1004 1111 1230 1442 1549 1758 2018 2712 2801 2807 2824 2932 3044 3258 3279 3281 3394 3521 3885 4151 4693 4747 5182 5269 5298 5338 5384 5453 5514 5629 5665 6010 6054 6058 6111 6141 6204 6306 6531 6687 6738 6912 
#module 122 size: 12 bs: 0.667646
2552 2965 3053 3372 3483 3919 4129 4634 5019 5041 6521 6750 
#module 123 size: 40 bs: 0.135582
34 117 427 936 963 1107 1169 1250 1325 1335 1344 1820 1834 2264 2276 2290 2370 2782 3026 3297 3313 3431 3560 3696 3721 4438 4474 4557 4646 4749 4779 5085 5111 5271 5596 5968 5994 6269 6450 6598 
#module 124 size: 40 bs: 0.997199
150 182 533 814 985 1110 1112 1269 1782 2111 2277 2351 2396 2413 2664 2901 2951 3041 3162 3232 3240 3746 3902 3943 4139 4255 4271 4542 4585 4625 4910 4941 5157 5199 5444 5891 6176 6318 6371 6861 
#module 125 size: 37 bs: 0.435784
89 220 266 268 340 461 547 609 684 894 1053 1353 1482 1563 1596 1918 2441 2478 2786 2955 3018 3293 3613 3629 3790 3875 4338 4602 4812 4948 5329 5419 5484 5725 6410 6418 6857 
#module 126 size: 24 bs: 0.723384
61 559 715 944 983 1074 1416 1960 2260 2298 2547 2683 3037 3610 3664 3929 3932 4005 4427 4797 5318 6072 6159 6384 
#module 127 size: 50 bs: 0.471722
227 390 449 537 646 783 821 837 981 997 1163 1198 1312 1313 1492 1644 1702 1739 1830 1875 2017 2039 2128 2167 2445 2557 2658 2699 2736 2795 3082 3115 3170 3378 3582 4354 4365 4366 4521 4756 4917 4975 5014 5635 6075 6394 6397 6425 6760 6785 
#module 128 size: 21 bs: 0.345855
465 856 2412 2649 3527 3847 4125 4207 4324 4393 4600 4610 4882 5166 5583 5705 5712 6406 6537 6908 6922 
#module 129 size: 17 bs: 0.74673
121 651 1289 1423 1486 1607 1776 2462 2956 3661 4091 4285 4938 5627 5735 6184 6891 
#module 130 size: 16 bs: 0.528843
83 524 1226 1779 1827 1838 2124 2139 2927 3494 4337 4459 5218 5513 5737 5914 
#module 131 size: 26 bs: 0.19883
907 1084 1431 1468 1648 2138 2387 2452 3309 3441 3565 3831 3838 4067 4108 4232 4247 4430 4489 4790 5154 5851 5854 6225 6656 6711 
#module 132 size: 40 bs: 0.6236
408 482 598 849 1076 1184 1594 1595 1765 1828 1991 2061 2071 2276 2656 2660 2698 2757 2854 2873 3059 3080 3246 3266 3326 3485 3590 3838 4150 4237 4601 5307 5452 5803 5992 6047 6180 6186 6570 6692 
#module 133 size: 30 bs: 0.731934
483 685 808 1659 1827 1990 2302 2606 2898 3522 3575 3708 4101 4135 4389 4459 4558 4618 4712 4880 5134 5571 5737 5898 5914 5934 6244 6504 6541 6817 
#module 134 size: 14 bs: 1.08276
209 702 1207 1352 1360 1692 2416 2872 3763 3972 4419 4946 5127 5794 
#module 135 size: 16 bs: 0.13948
582 789 1676 1701 1920 1959 1970 2274 2375 4081 4174 4485 5360 5448 5874 6725 
#module 136 size: 26 bs: 0.853768
595 971 995 1730 1842 1944 2231 2262 2348 2465 2515 2539 2839 3344 3444 3663 3679 3921 4106 4175 4664 4889 5634 6105 6199 6469 
#module 137 size: 18 bs: 1.05482
285 541 832 888 986 1860 1928 2338 2375 3367 4484 4656 4986 5178 5248 6166 6364 6811 
#module 138 size: 19 bs: 0.243797
15 437 942 1011 1132 1349 2115 2138 3627 3779 4257 4455 5047 5522 5566 5801 6197 6779 6809 
#module 139 size: 54 bs: 0.668271
40 136 140 307 311 409 413 459 530 700 709 798 841 881 972 1000 1005 1793 1853 1994 2404 2450 2714 2743 3117 3121 3305 3576 3625 3730 3789 3882 4080 4093 4284 4401 4608 4683 5001 5131 5273 5280 5601 5605 5619 5735 5736 6260 6508 6622 6633 6662 6804 6896 
#module 140 size: 33 bs: 0.708289
35 558 570 716 933 1081 1425 1539 1685 2059 2080 2163 2289 2692 3439 3750 3980 4050 4259 4280 4525 4756 4766 4926 5263 5423 5697 5892 6020 6303 6465 6681 6722 
#module 141 size: 45 bs: 0.82974
76 152 189 279 586 663 686 728 757 888 1016 1429 1548 1625 1646 2322 2370 3062 3090 3212 3536 3566 3612 3614 3898 4006 4340 4417 4526 4786 4935 4968 5024 5078 5183 5226 5524 5577 5774 5817 5963 6381 6411 6743 6836 
#module 142 size: 34 bs: 0.658041
23 132 215 296 372 455 763 1315 1342 1490 1580 1966 1976 2129 2133 2287 2493 2589 2775 2779 2834 3249 3335 3358 3414 3624 4567 4735 4932 5121 5481 5809 6199 6478 
#module 143 size: 16 bs: 0.803219
429 934 1847 2121 2193 2995 3131 3580 3591 4113 4270 4330 4725 5114 5293 6221 
#module 144 size: 13 bs: 0.51817
729 1564 2292 2535 2632 2846 2967 3688 3703 3855 4061 4843 6132 
#module 145 size: 28 bs: 0.822728
188 312 799 1145 1324 1437 1982 2411 2430 2710 2944 3294 3322 3681 3992 4339 4583 4811 4839 5094 5432 5654 5658 5674 5727 6085 6896 6910 
#module 146 size: 24 bs: 0.671038
66 223 618 667 883 988 1092 1434 1721 1923 1941 2178 2185 2308 3278 4130 4193 4405 4830 5022 5187 5278 6131 6595 
#module 147 size: 25 bs: 0.162344
228 525 1430 1872 1968 2027 2056 2218 2391 2449 2572 2622 2709 2887 3081 3248 3869 4059 4096 4700 5430 5574 5759 6089 6153 
#module 148 size: 28 bs: 0.366525
69 239 422 516 587 1126 1308 1450 1526 2224 2358 2634 2756 3552 3725 3758 3776 4682 5013 5473 5492 5495 5873 5998 6071 6281 6440 6640 
#module 149 size: 31 bs: 0.415466
51 295 367 899 957 1079 1117 1271 1819 1925 1932 2004 2051 2384 2813 2909 2974 3067 3130 3223 3228 3529 3968 4099 4267 4606 4642 5069 5709 5821 6152 
#module 150 size: 26 bs: 0.942678
292 350 422 625 635 915 1089 1335 1798 1886 2181 2433 2667 2677 2835 2986 3020 3421 3431 3461 3737 4563 4723 6024 6061 6197 
#module 151 size: 20 bs: 0.809251
398 468 475 1378 1655 1918 1971 2059 2421 2468 2800 2978 3419 3947 4050 4411 5016 6148 6479 6869 
#module 152 size: 21 bs: 0.262587
235 415 817 1406 1911 2521 2550 2746 3370 3476 3885 4410 4481 4484 4820 5052 5103 5343 5397 5647 6151 
#module 153 size: 7 bs: 0.716037
991 2186 2551 2922 4224 4511 5303 
#module 154 size: 47 bs: 0.954794
281 282 327 397 562 614 641 781 851 1038 1103 1272 1746 2460 2542 2627 2955 3196 3387 3537 3574 3613 3629 3747 3767 3884 3960 4192 4230 4413 4554 4599 4627 4650 4706 4789 4799 4804 5117 5725 5741 6038 6110 6246 6263 6305 6812 
#module 155 size: 16 bs: 0.941134
85 338 735 2466 2754 2759 2850 2897 3139 3369 3726 4458 5496 5504 5793 5822 
#module 156 size: 49 bs: 0.551729
552 608 747 1019 1154 1209 1403 1412 1954 2103 2139 2184 2331 2341 2368 2436 2492 2626 2966 3148 3209 3231 3317 3398 3653 3745 3892 4020 4292 4383 4442 4761 4777 5046 5170 5368 5371 5373 5447 5464 5482 6078 6291 6299 6345 6350 6549 6763 6808 
#module 157 size: 10 bs: 0.979978
277 958 1064 1463 1657 2744 5898 5951 6026 6499 
#module 158 size: 83 bs: 0.118235
11 104 198 371 571 573 596 751 774 851 969 1003 1045 1129 1134 1158 1212 1367 1414 1433 1440 1447 1499 1535 1626 1632 1657 1671 1761 1865 1906 1957 2047 2104 2311 2317 2333 2410 2596 2752 2978 3184 3407 3472 3989 4170 4173 4237 4301 4314 4408 4549 4559 4760 4802 4877 4901 5017 5054 5113 5132 5348 5356 5388 5492 5529 5625 5678 5680 5723 5869 5883 5932 5942 6245 6266 6356 6385 6483 6764 6766 6806 6815 
#module 159 size: 57 bs: 0.505304
9 326 364 440 509 536 653 698 726 755 769 955 1083 1292 1555 1780 2007 2106 2135 2200 2235 2267 2283 2424 2566 2865 2939 3048 3072 3332 3463 3520 3596 3912 3993 4182 4345 4762 4772 4996 5043 5127 5141 5188 5386 5672 5775 5808 6122 6273 6390 6442 6454 6583 6586 6639 6851 
#module 160 size: 30 bs: 0.930086
39 124 372 451 859 1337 1679 1689 1745 1936 2110 2455 2795 2901 3236 3262 3292 3450 3584 3635 4030 4036 4054 4197 4225 4440 5062 5370 5996 6878 
#module 161 size: 40 bs: 0.191045
119 122 200 310 448 723 865 1181 1288 1643 1861 1864 1993 2126 2314 2401 2509 2945 3104 3151 3182 3302 3489 3602 3896 3985 4343 4474 4745 4775 5051 5334 5340 5667 6117 6519 6571 6729 6859 6891 
#module 162 size: 38 bs: 0.769882
70 291 434 617 999 1018 1057 1086 1120 1309 1323 1339 1345 1517 1616 1825 2150 2402 2986 3051 3469 3798 4318 4547 4690 4993 5162 5275 5376 5440 5516 5743 5776 5927 5977 6277 6600 6797 
#module 163 size: 11 bs: 0.20601
686 1220 2766 2976 3565 3669 3836 4127 5023 6017 6145 
#module 164 size: 13 bs: 0.685478
232 660 1387 1441 2530 3320 3834 4728 5694 5771 6255 6719 6731 
#module 165 size: 32 bs: 0.782762
4 45 52 466 556 608 616 666 750 1116 1409 1430 1613 1717 1773 1989 2293 2598 2634 3136 3600 3983 4258 4332 4984 5189 5385 5457 5568 5876 5946 6651 
#module 166 size: 24 bs: 1.08286
105 170 221 475 620 764 1027 1045 1382 1445 1712 1846 2315 2823 3006 3179 3796 4090 5142 5706 5733 5845 5989 6455 
#module 167 size: 58 bs: 0.754966
125 190 253 437 494 579 624 942 1002 1104 1473 1789 1812 2175 2284 2286 2481 2568 2689 2694 2722 2749 2777 2794 2808 2950 2998 3122 3324 3955 4010 4046 4095 4252 4414 4446 4574 4776 4824 4887 4985 5072 5184 5245 5458 5740 6084 6192 6288 6320 6364 6526 6582 6606 6854 6863 6869 6876 
#module 168 size: 38 bs: 0.746092
155 240 896 966 1063 1137 1225 1372 1426 1874 1934 2414 2455 2457 2676 2815 2871 3496 3501 3516 3540 3559 3582 3639 4282 4322 4491 4575 4788 4821 4852 4924 5450 5513 5595 6162 6201 6511 
#module 169 size: 50 bs: 0.309327
168 486 544 877 1001 1571 1629 1726 1867 1958 2161 2165 2181 2191 2384 2409 2422 2662 2681 2866 2936 4088 4137 4359 4434 4686 4768 4798 4857 4946 5175 5178 5211 5339 5486 5638 5753 5761 5931 5957 6003 6088 6261 6441 6443 6471 6535 6632 6799 6917 
#module 170 size: 26 bs: 1.03646
183 283 594 835 1152 1772 1781 2242 2392 2827 2970 3002 3287 3373 3567 3929 4213 4470 4546 4564 4578 4588 5616 6102 6135 6778 
#module 171 size: 19 bs: 0.174758
235 674 1147 1505 1687 1872 1971 2226 2601 2682 2866 4246 4644 5270 6173 6247 6324 6794 6832 
#module 172 size: 54 bs: 0.207499
69 121 202 386 503 525 540 644 886 946 1299 1452 1647 1907 2100 2126 2626 2695 2733 2868 2915 2948 2960 3338 3363 3525 3578 3676 3878 3887 3986 4144 4167 4203 4358 4524 4689 4767 5056 5147 5158 5229 5375 5378 5485 5701 5713 5877 5937 6028 6124 6181 6514 6880 
#module 173 size: 28 bs: 1.00879
88 362 481 537 941 1266 1302 1667 2060 2103 2125 2368 2553 2900 3653 4018 4020 4305 4442 4782 4822 4896 5082 6004 6116 6350 6706 6788 
#module 174 size: 49 bs: 0.676921
74 79 123 172 792 911 919 1024 1032 1035 1084 1199 1215 1392 1468 1582 1731 1753 1797 2249 2400 2796 2811 2816 2860 2920 2941 2952 3042 3430 3433 3466 3729 3805 4041 4569 4632 4716 5118 5148 5160 5234 5614 5630 5724 6094 6249 6430 6721 
#module 175 size: 44 bs: 0.945824
47 231 244 247 276 306 388 523 657 1075 1183 1522 1621 1673 1703 1919 1991 2127 2454 2597 2842 2926 3210 3330 3362 3460 3533 3633 3694 3861 4306 4312 4319 4333 4579 5102 5552 5795 6050 6344 6567 6584 6643 6711 
#module 176 size: 111 bs: 0.655887
1 21 177 186 187 323 394 549 675 731 740 935 1091 1155 1275 1282 1304 1359 1374 1458 1476 1484 1493 1495 1508 1538 1680 1699 1708 1719 1744 1751 1857 1870 1880 1966 1972 1978 2001 2053 2054 2097 2105 2140 2146 2236 2238 2268 2316 2435 2524 2619 2666 2867 2924 3116 3138 3181 3196 3316 3468 3480 3493 3538 3562 3588 3592 3830 3857 3863 3876 3950 4078 4107 4361 4433 4497 4506 4636 4713 4726 4793 4868 4895 5103 5110 5142 5243 5306 5315 5330 5341 5650 5675 5813 5955 6310 6400 6432 6467 6498 6593 6607 6641 6642 6690 6742 6765 6795 6845 6890 
#module 177 size: 21 bs: 0.79074
847 939 1628 2176 2504 3631 3901 4069 4107 4492 4693 4817 5195 5224 5258 5325 5396 5756 5790 5855 6726 
#module 178 size: 26 bs: 0.245308
100 165 900 1189 1681 1752 1940 2084 2207 3304 3800 3810 4204 4628 4677 4701 4717 5287 5426 5529 5687 5721 5791 6447 6578 6683 
#module 179 size: 101 bs: 0.723759
195 251 254 301 462 543 589 598 605 689 743 811 843 876 949 974 1033 1109 1149 1222 1234 1236 1408 1560 1578 1889 1962 2183 2271 2293 2300 2304 2395 2398 2656 2909 2921 2981 2982 3029 3041 3045 3101 3199 3268 3365 3403 3519 3551 3597 3712 3744 3821 3914 3963 4163 4240 4254 4302 4308 4363 4410 4453 4507 4612 4625 4668 4670 4715 4794 4872 4874 4878 4897 4907 5049 5087 5099 5202 5302 5333 5361 5471 5481 5510 5520 5928 5941 5965 6026 6231 6242 6308 6328 6359 6363 6380 6422 6431 6510 6569 
#module 180 size: 36 bs: 0.325608
628 746 844 872 1221 1485 1502 1520 1552 1823 2071 2102 2164 2784 2877 3157 3202 3411 3568 3634 3765 3865 3908 4157 4423 4718 5050 5190 5235 5337 5525 6256 6289 6294 6735 6754 
#module 181 size: 40 bs: 0.170646
7 148 166 192 1099 1232 1439 1483 1713 1725 1762 1768 1795 2123 2313 2323 2886 2913 2953 3606 3611 3812 3843 4189 4551 4803 4927 5140 5144 5168 5525 5704 5719 5792 5846 5906 6006 6115 6419 6562 
#module 182 size: 62 bs: 0.784472
59 182 471 592 789 879 1025 1391 1401 1693 1714 1750 1882 1904 1913 1916 1927 1948 2068 2072 2172 2179 2248 2364 2394 2434 2560 2564 2728 2778 2935 3053 3357 3359 3493 3550 3657 3735 4021 4406 4420 4528 4535 4536 4738 4784 4856 4893 4934 4938 5503 5591 5710 5944 5948 6100 6109 6370 6558 6693 6703 6877 
#module 183 size: 42 bs: 0.655962
68 103 504 528 1391 1588 1705 1722 2033 2093 2117 2178 2275 2412 2525 2527 2653 2717 2718 2998 3061 3141 3253 3348 3456 3527 3546 3568 3607 3704 4094 4116 4784 5161 5298 5491 5793 5913 6005 6010 6662 6669 
#module 184 size: 16 bs: 0.331026
713 837 853 1031 1204 1257 1494 1707 2002 2579 2716 3158 4671 4923 5035 5462 
#module 185 size: 21 bs: 1.00991
197 612 672 836 1036 1231 1597 2148 2393 2644 2973 3009 3089 3112 3410 3505 5586 6040 6675 6829 6915 
#module 186 size: 19 bs: 0.132227
75 248 1327 1913 2174 2706 2707 2753 2763 2943 3229 3752 4704 5080 5297 5710 6047 6100 6277 
#module 187 size: 32 bs: 0.756713
32 102 356 616 636 833 897 989 1496 2234 2287 2288 2886 2931 3598 3752 4009 4298 4359 4415 4953 4957 5010 5057 5161 5198 5634 5825 5894 6139 6323 6496 
#module 188 size: 79 bs: 0.437863
98 115 146 184 258 274 335 439 522 601 679 1012 1159 1261 1278 1388 1465 1575 1653 1669 1711 1784 1786 1898 1931 2049 2062 2187 2209 2295 2298 2418 2544 2592 2620 2695 2783 2912 3004 3035 3077 3280 3507 3553 3564 3647 3664 3739 3760 3938 3946 4015 4104 4279 4348 4371 4449 4589 4619 4797 4961 5057 5479 5483 5515 5576 5642 5677 5684 5774 5827 5839 5985 6157 6158 6206 6339 6529 6696 
#module 189 size: 28 bs: 0.948306
11 156 623 805 852 870 1073 2201 2514 3107 3241 3276 4245 4386 4505 4792 5209 5276 5508 5652 5706 5758 5923 6121 6501 6553 6620 6846 
#module 190 size: 18 bs: 0.613369
158 167 1661 1893 2019 2149 2248 3452 4534 4545 4775 4851 5620 5746 6175 6697 6835 6877 
#module 191 size: 66 bs: 0.228971
81 238 401 421 473 692 694 831 867 1048 1122 1157 1167 1201 1283 1444 1454 1533 1737 1902 1964 2142 2171 2214 2226 2247 2432 2516 2590 2740 3057 3100 3119 3153 3224 3284 3396 3459 3517 3608 3705 3706 3842 3853 3922 3926 4026 4097 4390 4666 4733 4888 5009 5055 5163 5250 5314 5404 5438 5445 5498 5780 5783 6212 6456 6773 
#module 192 size: 30 bs: 0.27169
160 267 593 691 704 804 880 898 1423 1607 2628 2968 3356 3421 3500 3534 3846 3943 4184 4275 4351 5299 5345 5347 5494 5713 5952 6495 6502 6816 
#module 193 size: 13 bs: 1.00763
1392 2563 3005 4013 4041 4196 5092 5243 5805 5916 5961 6439 6555 
#module 194 size: 30 bs: 0.618417
1041 1153 1350 1484 1635 1735 2096 2126 2344 2617 2875 3301 3495 3751 3764 3920 3956 4771 4864 4913 5223 5366 5526 5773 5849 6179 6428 6679 6704 6864 
#module 195 size: 16 bs: 0.823654
330 1640 1790 2381 2588 2699 2882 3065 3423 3488 4234 4740 4748 5369 5554 6866 
#module 196 size: 17 bs: 0.264861
976 1606 2023 3492 3682 3702 4293 4368 4372 4447 4595 4758 5194 5439 6174 6603 6905 
#module 197 size: 9 bs: 0.63325
978 1039 1058 2147 2848 3763 4903 6511 6828 
#module 198 size: 53 bs: 1.09227
196 272 393 493 514 575 1042 1051 1053 1056 1082 1114 1466 1528 1676 1689 2156 2162 2164 2180 2202 2210 2345 2390 2645 2746 2753 2787 2794 2806 2973 3140 3261 3298 3484 3748 3849 3905 4033 4044 4520 4605 4722 4814 5260 5518 5533 5689 5783 6379 6527 6733 6879 
#module 199 size: 8 bs: 0.889314
571 1338 1682 2169 4627 5324 5933 6352 
#module 200 size: 23 bs: 0.567775
197 206 531 1801 2035 2073 2346 2497 2500 2819 2977 3055 3070 3782 4015 4610 4783 4806 5409 6066 6303 6702 6740 
#module 201 size: 11 bs: 1.05401
56 413 458 920 1436 1691 2127 3569 5806 6340 6501 
#module 202 size: 18 bs: 0.184943
1166 1233 1524 1548 1963 2029 2077 2112 2876 4751 4987 5119 5463 5523 5784 5954 6205 6772 
#module 203 size: 27 bs: 0.373019
93 173 286 369 613 1031 1088 1639 2026 2182 2511 2713 2793 2803 3780 3795 3806 4105 5309 5434 5442 5607 5853 5882 6346 6813 6914 
#module 204 size: 30 bs: 0.320344
736 956 1230 1660 1665 2309 2792 2861 3011 3345 3515 3807 3942 3988 4013 4109 4450 4710 4795 5413 5429 5584 6070 6203 6383 6407 6445 6614 6744 6871 
#module 205 size: 57 bs: 0.595008
171 419 619 639 734 738 993 1179 1194 1578 1828 1845 1962 2168 2245 2357 2528 2543 2578 2629 2670 2936 2952 2980 3110 3486 3503 3545 3551 3712 3716 3978 4047 4065 4147 4537 4592 4717 4731 4833 4874 4891 5049 5277 5333 5361 5745 5802 5964 5965 6107 6359 6452 6476 6610 6616 6645 
#module 206 size: 14 bs: 0.409717
1185 1247 1634 2425 2772 2825 3996 4332 4595 4863 5579 6265 6682 6719 
#module 207 size: 22 bs: 0.849506
472 535 622 710 1317 1519 1955 2006 3008 3040 3586 3753 4398 5259 5829 5924 6216 6228 6787 6800 6825 6844 
#module 208 size: 13 bs: 0.103192
535 567 2189 2291 3055 3315 4042 4347 5025 5331 6119 6505 6628 
#module 209 size: 36 bs: 0.456209
479 767 768 1895 2094 2589 2724 2804 2841 2954 3260 3553 3622 3981 4002 4024 4261 4348 4396 4440 4460 4750 4865 5136 5355 5555 5636 5797 6033 6069 6129 6196 6210 6262 6333 6921 
#module 210 size: 20 bs: 0.970914
160 339 1311 1469 1590 2377 2444 2480 2610 3027 3081 3201 3311 3553 3781 3828 5318 5757 5902 6846 
#module 211 size: 46 bs: 1.09304
3 20 132 285 402 561 701 815 860 1249 1407 1577 2046 2129 2136 2265 2438 2603 2657 3169 3206 3249 3446 3594 3615 3630 3783 3786 3816 3859 4377 4533 4735 4801 4849 4962 5326 5443 5573 5647 6161 6184 6502 6517 6663 6723 
#module 212 size: 27 bs: 0.434086
271 502 575 581 732 828 942 975 1059 1803 2087 2856 2985 3376 3605 3748 3982 3990 4084 4454 4603 4678 5528 5841 6056 6581 6646 
#module 213 size: 42 bs: 0.162768
587 758 1055 1417 1600 1850 2137 2225 2340 2342 2549 2682 2702 3020 3330 3541 3774 3922 3970 4016 4111 4170 4197 4205 4208 4298 4531 4591 4873 5044 5098 5201 5550 5622 5778 5887 6208 6279 6507 6561 6677 6920 
#module 214 size: 37 bs: 0.882138
113 127 1266 1435 1742 1763 1866 1933 2321 2496 2805 3152 3197 3353 3603 3655 3831 3853 3854 3958 4016 4076 4168 4443 4626 4822 4836 4885 4911 4978 5897 6063 6073 6388 6552 6816 6889 
#module 215 size: 16 bs: 0.249422
397 494 984 1388 1684 1695 2676 3130 5146 5152 5505 5720 5742 5744 5959 6623 
#module 216 size: 9 bs: 0.985384
1213 2380 2430 2727 4596 5582 6347 6361 6661 
#module 217 size: 55 bs: 0.488631
111 277 287 316 330 392 565 673 696 706 725 761 1106 1329 1355 1400 1813 2002 2020 2114 2124 2137 2320 2406 2678 3381 3770 3773 4098 4201 4208 4219 4233 4251 4327 4478 4555 4572 4918 4941 4955 5071 5212 5311 5617 5789 5824 5904 6009 6228 6522 6608 6672 6798 6909 
#module 218 size: 29 bs: 0.550858
142 353 836 1117 1460 1799 2008 2273 2459 2553 3031 3226 3335 3376 4211 4394 4400 4462 4611 4995 5021 5075 5082 5220 5563 6048 6734 6801 6847 
#module 219 size: 76 bs: 0.859208
193 256 269 380 411 491 520 650 658 659 668 819 925 952 976 1028 1046 1097 1196 1258 1269 1279 1333 1336 1421 1921 2025 2050 2075 2221 2407 2448 2451 2486 2570 2844 2916 3031 3038 3060 3145 3200 3233 3392 3510 3802 3808 3841 3879 3894 4168 4211 4357 4465 4702 4763 5065 5408 5708 5737 5748 5940 5991 6015 6022 6080 6143 6146 6177 6317 6459 6473 6575 6718 6874 6882 
#module 220 size: 21 bs: 0.799234
255 539 825 1322 1854 2895 2910 2993 3195 3255 4287 4487 4669 4837 5204 5708 6067 6163 6322 6594 6747 
#module 221 size: 40 bs: 0.905902
313 515 576 962 992 1138 1668 1694 1876 2099 2510 2526 2651 2668 2677 2704 2742 3114 3190 3270 3360 3617 4306 4614 4951 5045 5206 5351 5917 6000 6004 6027 6086 6114 6173 6392 6728 6755 6824 6856 
#module 222 size: 81 bs: 0.382404
66 129 137 161 226 378 416 585 618 667 697 716 871 913 988 1092 1190 1247 1434 1453 1514 1585 1917 1923 2188 2288 2305 2573 2576 2595 2880 2990 3008 3016 3030 3075 3086 3091 3235 3360 3361 3488 3499 3530 3591 3633 3644 3754 3910 4037 4077 4114 4216 4224 4614 4733 4739 4900 4953 5010 5037 5179 5187 5288 5372 5468 5594 5632 5825 5840 5908 5982 6160 6258 6329 6659 6673 6694 6710 6755 6790 
#module 223 size: 28 bs: 0.163248
202 438 629 772 1052 1060 1132 1770 2038 2209 2217 2531 2734 2947 3422 3616 3792 3923 4315 4395 4785 4875 5233 5452 6052 6065 6134 6734 
#module 224 size: 16 bs: 0.164964
280 438 1453 1670 1951 2200 3021 3131 3344 3416 3425 3871 4811 4930 5558 6017 
#module 225 size: 27 bs: 0.21502
198 273 376 435 482 498 504 545 554 1044 1144 1935 2082 2444 2672 2840 3222 3255 4392 4496 4556 5676 6653 6709 6716 6870 6918 
#module 226 size: 42 bs: 0.462346
270 273 665 693 785 890 982 1102 1226 1633 1714 1816 2111 2252 2464 2615 2621 2638 2842 2969 3165 3316 3727 4053 4259 4862 4887 4963 5222 5599 5610 5631 5645 5754 5884 5902 6019 6042 6074 6588 6612 6849 
#module 227 size: 44 bs: 0.758006
16 18 225 426 480 662 759 812 963 1125 1182 1219 1223 1281 1381 1507 1724 2151 2249 2382 2533 2609 2636 3264 3305 3310 3354 3437 3438 3514 3524 3952 4505 4736 5200 5235 5265 5441 5644 5814 5861 5915 6698 6727 
#module 228 size: 41 bs: 0.417761
641 808 851 1077 1174 1192 1211 1347 1486 1566 1577 1904 1987 2154 2194 2259 2294 2982 3078 3216 3221 3271 3331 3351 3400 3440 3803 3823 4068 4388 4741 4844 4979 4990 5020 5690 5856 6195 6230 6478 6497 
#module 229 size: 30 bs: 0.216234
241 453 457 693 1162 1276 1291 1486 1520 1523 1652 1913 2379 2771 3155 3753 3778 3796 4154 4374 4734 4922 5327 5731 5845 5950 6057 6205 6282 6597 
#module 230 size: 25 bs: 0.10332
248 263 284 424 603 783 1546 1547 2167 3001 3271 3456 3618 3743 4200 4273 4302 4921 5087 5218 6426 6491 6590 6738 6901 
#module 231 size: 30 bs: 0.506488
139 572 719 764 1217 1245 1310 1418 1464 1599 1648 1783 1833 1888 1928 2240 2349 2613 2902 3113 3219 4180 4222 4241 4722 4829 5018 5382 5875 6811 
#module 232 size: 27 bs: 0.809612
37 410 496 791 813 834 1100 1186 1309 1399 1738 1757 1810 1822 2467 2807 3471 3523 4084 4291 4369 4462 4984 5426 5790 6012 6386 
#module 233 size: 19 bs: 0.40309
128 705 744 855 1338 1729 1981 2022 2354 2962 3071 3249 3526 3924 4344 5377 5834 6393 6741 
#module 234 size: 20 bs: 0.448583
915 1569 1707 2179 2222 2426 2877 3692 4354 4362 4550 4661 5116 5236 5237 5500 5762 6300 6332 6546 
#module 235 size: 25 bs: 0.886309
28 163 498 690 1072 1101 1131 1457 2014 2177 2427 2968 3238 3244 3353 3703 3801 4039 5002 5179 5226 5239 5777 6472 6877 
#module 236 size: 36 bs: 0.689063
118 469 505 846 973 1242 1268 1368 1375 1565 1871 2318 2319 2630 3125 3174 3385 3685 3845 3880 4048 4199 4503 4548 4992 5216 5274 5401 5413 5455 5549 6271 6331 6457 6458 6486 
#module 237 size: 24 bs: 0.773675
17 22 444 1205 1357 1510 1511 1655 1690 1718 2536 2785 2888 3073 3129 3208 3900 4956 5608 5770 5979 6313 6544 6841 
#module 238 size: 12 bs: 0.746918
1191 1305 1424 1937 2802 3149 3888 4062 4202 4385 5038 6187 
#module 239 size: 50 bs: 0.269331
14 19 95 138 216 229 620 632 648 1094 1135 1200 1277 1377 1544 1678 2132 2151 2408 2431 2443 2818 2822 2881 2889 2959 3012 3022 3215 3427 3491 3618 4070 4090 4118 4485 4654 4906 5171 5271 5376 5539 5569 6011 6166 6170 6330 6404 6668 6864 
#module 240 size: 77 bs: 0.689795
157 162 243 249 282 377 607 688 754 929 977 1252 1264 1361 1398 1413 1700 1809 1924 1986 2402 2491 2505 2635 2719 2731 2831 3014 3042 3074 3087 3198 3239 3473 3535 3563 3643 3672 3758 3817 3868 3916 3917 4032 4128 4153 4500 4620 4637 4640 4658 4695 4716 4859 4908 4929 5058 5118 5406 5431 5480 5590 5926 5959 5981 6275 6491 6543 6577 6619 6621 6689 6695 6701 6715 6724 6907 
#module 241 size: 18 bs: 0.319267
183 271 594 954 1071 1150 1518 1711 1784 2545 3203 3287 3391 3741 3935 4355 4983 5247 
#module 242 size: 60 bs: 0.732781
13 144 151 336 342 456 588 712 724 906 1069 1123 1197 1255 1323 2208 2253 2281 2383 2420 2567 2774 2907 2983 3229 3265 3338 3570 3573 3974 4184 4195 4448 4467 4630 4631 4635 4703 4867 4905 4916 5125 5267 5268 5299 5411 5685 5734 5764 5852 5906 5920 5967 5986 6046 6416 6438 6576 6601 6732 
#module 243 size: 24 bs: 0.78058
38 265 1170 1348 2243 2269 2327 2343 2957 3104 4086 4402 4421 4545 4622 5304 5476 5700 5816 5870 5939 6319 6820 6913 
#module 244 size: 17 bs: 0.634682
379 611 647 910 2173 2930 3409 3936 4027 4303 4346 4465 5193 5204 5889 6725 6892 
#module 245 size: 32 bs: 0.239151
447 542 1096 1538 1561 2202 2488 2519 2784 2805 2853 2948 3164 3446 3824 3859 4326 4997 5034 5395 5699 5771 5830 5837 6214 6365 6408 6421 6599 6781 6830 6888 
#module 246 size: 26 bs: 0.328295
27 470 680 692 1037 1127 1743 1824 1845 3049 3088 3635 3668 4598 4737 4866 4998 5163 5362 5538 6023 6043 6216 6385 6615 6872 
#module 247 size: 77 bs: 0.709335
25 53 60 62 80 151 230 233 356 425 446 454 526 531 810 914 1090 1227 1260 1276 1415 1502 1504 1541 1564 1573 1620 1652 1956 2068 2203 2359 2385 2604 2648 2769 2879 2885 2904 3034 3137 3254 3331 3356 3420 3542 3710 3746 3793 3886 4132 4179 4198 4376 4429 4619 4675 4873 5089 5207 5257 5266 5342 5698 5885 5943 5973 6183 6200 6251 6335 6565 6568 6686 6726 6775 6780 
#module 248 size: 33 bs: 0.830035
460 945 1009 1074 1448 1633 1661 1848 1907 2162 2272 2484 2740 2845 3395 3697 4428 4443 4476 4660 5073 5100 5106 5449 5588 6077 6204 6276 6278 6424 6827 6852 6875 
#module 249 size: 17 bs: 0.8706
1408 1583 1800 1996 2079 2256 2297 2317 3283 3577 4169 4515 4673 4781 5104 5676 5692 
#module 250 size: 12 bs: 0.750463
214 960 1062 2738 2914 3334 5103 5502 6222 6500 6542 6564 
#module 251 size: 32 bs: 1.06226
468 784 970 1208 1267 1340 1370 1446 1999 2587 3054 3111 3497 3583 3909 3931 4117 4309 4350 4451 4730 5039 5174 5284 5722 5799 6049 6279 6391 6433 6660 6691 
#module 252 size: 26 bs: 0.769224
175 276 521 554 569 726 930 1604 2248 2858 3413 4013 4075 4124 4220 4869 5227 5253 5575 5857 5879 6559 6564 6628 6661 6699 
#module 253 size: 115 bs: 0.373006
15 41 178 293 300 332 414 532 545 633 652 677 717 718 721 782 830 921 922 964 1011 1128 1191 1203 1251 1274 1293 1316 1427 1509 1553 1650 1666 1775 1841 1843 1877 1890 2003 2012 2030 2098 2155 2213 2223 2297 2417 2540 2581 2584 2585 2720 2790 2852 2911 2942 2961 2972 3035 3068 3098 3143 3269 3277 3371 3384 3388 3464 3490 3656 3662 3675 3804 3858 3881 3934 3974 4072 4166 4382 4527 4538 4587 4648 4778 4810 4905 4981 4991 5028 5130 5231 5281 5328 5438 5466 5509 5602 5685 5726 5866 5936 6190 6191 6207 6211 6220 6253 6285 6314 6409 6423 6520 6606 6647 
#module 254 size: 63 bs: 0.187054
100 108 131 513 560 605 654 857 893 1013 1033 1216 1290 1584 1675 1681 1710 1774 1797 1881 2013 2614 2623 2640 2798 2909 2979 3058 3220 3355 3447 3519 3551 3593 3757 3810 3821 3957 4250 4302 4426 4453 4585 4667 4668 4692 5004 5099 5333 5520 5530 5535 5557 5843 5878 5919 5930 6435 6452 6475 6510 6573 6683 
#module 255 size: 38 bs: 0.572856
73 182 235 875 1178 1235 1273 1754 1862 1882 1894 2079 2212 2220 2369 2599 3069 3187 3406 3556 4212 4422 4436 4541 4780 4952 5214 5301 5378 5453 5461 5622 5749 5801 5900 6194 6227 6626 
#module 256 size: 21 bs: 0.896343
400 422 433 1866 2774 2961 3032 3039 3436 3879 4263 4559 4621 4643 5026 5291 6509 6536 6640 6758 6893 
#module 257 size: 15 bs: 0.111533
1143 1968 2290 2315 2532 2848 3243 3370 3621 3906 4171 4992 5159 6678 6902 
#module 258 size: 82 bs: 0.191896
67 94 167 337 343 354 406 476 512 518 563 756 773 803 816 1118 1156 1263 1592 1677 1697 1733 1788 2032 2215 2220 2343 2423 2470 2472 2768 2823 2851 2855 2958 3084 3102 3144 3163 3193 3247 3259 3343 3452 3677 3683 3723 3738 3743 3867 3883 3970 4038 4300 4680 5098 5255 5272 5282 5424 5534 5606 5627 5671 5693 5862 5966 6025 6053 6090 6209 6239 6250 6259 6312 6358 6493 6495 6655 6783 6843 6916 
#module 259 size: 36 bs: 0.433025
297 510 514 703 905 1053 1160 1310 1563 1596 1598 1669 1736 1783 2011 2219 2797 3070 3177 3850 4126 4235 4516 4552 4573 4676 4927 5419 5581 5757 5781 5803 5805 6112 6233 6343 
#module 260 size: 26 bs: 0.865061
485 926 984 1756 1900 2303 2360 2679 2857 2859 4394 4789 5012 5108 5138 5177 5322 5467 5618 5717 5903 5956 6095 6234 6538 6639 
#module 261 size: 30 bs: 0.370482
185 391 661 806 859 1628 2021 2044 2101 2420 2685 2767 3103 3308 3467 3469 3833 4082 4185 4467 4534 4855 4996 5392 5501 5766 5808 6078 6418 6574 
#module 262 size: 64 bs: 0.855825
43 97 234 237 350 499 711 893 935 969 1047 1142 1164 1237 1332 1368 1475 1512 1558 1785 1967 1989 2229 2328 2332 2407 2534 2964 3069 3091 3097 3118 3379 3457 3458 3727 3839 4122 4281 4444 4479 4489 4657 4699 4729 4732 4790 5036 5084 5285 5315 5321 5588 5615 5739 5760 6138 6294 6399 6481 6605 6822 6883 6923 
#module 263 size: 15 bs: 0.261208
260 1836 2320 2556 2560 3554 3890 4008 4424 5024 5559 5565 5673 5707 6142 
#module 264 size: 23 bs: 0.153497
31 481 555 937 1556 2120 2792 2903 3020 3071 3636 3712 4120 4304 4439 4832 5450 5503 5551 6000 6099 6121 6262 
#module 265 size: 18 bs: 0.41561
236 320 671 961 1600 1686 2067 2701 2883 2954 4242 4456 4531 5258 5556 5800 6561 6718 
#module 266 size: 43 bs: 0.389429
57 352 542 1041 1054 1093 1210 1444 1477 1497 1814 1837 2063 2224 2697 2915 3064 3192 3648 3660 3732 4056 4103 4203 4480 4504 4681 4853 4871 5240 5437 5550 5578 5899 5911 5937 6051 6579 6603 6739 6793 6848 6864 
#module 267 size: 19 bs: 1.01334
268 302 495 669 769 1007 1641 1790 1921 2486 3094 3173 4079 4209 4796 5695 6060 6326 6771 
#module 268 size: 17 bs: 0.467696
12 48 445 1140 1168 2833 3554 3962 4391 4643 4880 4909 5890 5914 6033 6579 6891 
#module 269 size: 20 bs: 1.09657
120 322 331 707 1334 1459 1808 2353 2778 2788 2829 4035 4165 4187 4226 5080 5238 5548 5782 6490 
#module 270 size: 43 bs: 0.219173
50 109 355 741 775 815 951 1171 1284 1448 1826 1979 2119 2266 2327 2603 2659 3185 3295 3528 3713 3820 3944 4140 4238 4482 4800 4962 4998 5196 5230 5296 5319 5326 5912 5972 6043 6167 6202 6337 6506 6819 6886 
#module 271 size: 66 bs: 0.7273
48 86 194 583 916 1037 1243 1581 1610 1620 1624 1687 1723 1869 1916 1919 1981 2024 2347 2565 2739 3198 3275 3285 3329 3333 3413 3498 3649 3651 3659 3680 3684 3711 3852 4253 4291 4389 4401 4452 4826 4853 4858 4939 4964 4976 5005 5015 5172 5411 5456 5540 5772 5901 5990 6135 6165 6170 6310 6413 6507 6601 6739 6741 6776 6807 
#module 272 size: 23 bs: 0.345062
399 429 430 687 990 1016 1364 1639 1658 1844 1948 2324 2522 2641 3479 3606 3936 4190 4617 5678 6135 6318 6742 
#module 273 size: 52 bs: 0.476272
205 342 384 551 584 615 847 918 987 1040 1090 1280 1356 1481 1536 1672 1945 1984 2233 2276 2437 2781 2814 3444 3449 3477 3478 3937 4057 4138 4636 4637 4684 4753 4758 4815 4928 4973 5063 5067 5289 5470 5537 5716 5765 5810 5826 6171 6178 6297 6592 6830 
#module 274 size: 30 bs: 0.889407
753 801 978 1246 1289 1393 1402 1961 2016 2216 2251 2306 2489 2863 2890 2912 3585 3848 3891 4328 4427 4842 4875 5060 5081 5971 6369 6374 6436 6515 
#module 275 size: 29 bs: 0.914567
78 99 365 753 861 978 1307 1436 1961 2009 2134 2482 2525 2690 2912 3127 3416 3561 3784 3851 4991 5180 5751 5964 6120 6148 6479 6512 6915 
#module 276 size: 17 bs: 0.681085
557 2055 2086 2440 2611 2905 3990 4060 4278 4473 5597 5696 5897 6121 6367 6524 6756 
#module 277 size: 29 bs: 0.368139
517 560 597 971 997 1290 1294 1637 2206 2257 2671 2798 3468 4311 4342 4412 5028 5438 5451 5601 5640 5812 5844 6123 6264 6341 6566 6792 6872 
#module 278 size: 23 bs: 0.582812
614 1457 1630 2625 2783 3290 3340 3629 3638 4403 4554 4571 4580 4738 4894 5785 5787 5932 5970 6025 6237 6372 6420 
#module 279 size: 24 bs: 1.04068
64 708 742 1036 1612 2042 2092 2500 2554 2556 2569 3620 3656 3769 4085 4102 4290 4334 5133 5299 5786 6415 6736 6751 
#module 280 size: 28 bs: 0.893138
710 800 1094 1218 1265 1358 1695 2004 2143 2273 2736 2837 2917 3339 3903 4018 4055 4599 4973 5393 5407 5468 5681 5742 6078 6108 6384 6414 
#module 281 size: 1 bs: 1
1839 
#module 282 size: 1 bs: 1
5422 
#module 283 size: 1 bs: 1
979 
#module 284 size: 1 bs: 1
5703 
#module 285 size: 1 bs: 1
3825 
#module 286 size: 1 bs: 1
6451 
