#module 0 size: 7 bs: 0.224647
552 1665 2321 3745 4761 5464 5946 
#module 1 size: 4 bs: 0.521804
1076 2932 5751 6512 
#module 2 size: 4 bs: 0.889207
1464 3219 6774 6838 
#module 3 size: 6 bs: 0.911755
965 1465 1545 1602 1706 5984 
#module 4 size: 6 bs: 0.542652
1159 3626 4732 5248 6076 6866 
#module 5 size: 7 bs: 0.320342
669 962 3016 3501 3617 4129 6824 
#module 6 size: 9 bs: 0.448372
1531 1757 1935 3274 4571 4580 5393 5549 6237 
#module 7 size: 29 bs: 0.285781
46 53 448 580 753 868 877 1439 1901 1989 2244 2526 2780 2839 2930 3159 3479 4111 4182 4481 4651 4682 4845 5574 5625 5986 5994 6172 6808 
#module 8 size: 14 bs: 0.176113
617 1638 1722 1945 2514 2779 3263 3398 3607 3807 4273 4599 4816 6145 
#module 9 size: 18 bs: 0.316907
99 435 439 723 899 1044 1116 1515 1929 1940 2132 2166 2493 2766 2790 3074 5155 6104 
#module 10 size: 4 bs: 0.687169
200 1462 5101 5792 
#module 11 size: 21 bs: 0.203113
619 729 938 1070 1542 1624 1646 2271 2504 2689 3025 3515 3595 4305 4847 4880 5051 5134 5458 5740 6484 
#module 12 size: 39 bs: 0.410438
238 310 875 1525 1642 1662 1693 1881 2390 2432 2579 2640 2770 2937 3173 3291 3609 3839 3922 3964 3991 4061 4231 4439 4667 4812 5106 5294 5609 5743 6034 6107 6282 6629 6683 6709 6900 6911 6921 
#module 13 size: 62 bs: 1.05239
48 259 293 295 367 464 471 623 957 1031 1032 1079 1117 1271 1349 1672 1819 1873 1884 1906 1925 1932 2004 2109 2363 2384 2487 2813 2909 2974 3067 3130 3223 3529 3575 3724 3800 3949 3968 4099 4149 4267 4307 4642 4764 5069 5152 5159 5247 5313 5330 5415 5430 5474 5620 5621 5709 5821 6152 6665 6812 6899 
#module 14 size: 6 bs: 0.60339
260 1935 2604 5188 5516 6141 
#module 15 size: 40 bs: 0.609262
43 124 209 378 1026 1173 1371 1512 1623 1899 2230 2278 2505 2898 2917 3180 3481 3640 3669 4083 4178 4429 4530 4577 4594 4743 4815 4818 4949 5045 5053 5182 5681 5702 5795 6311 6333 6480 6615 6667 
#module 16 size: 19 bs: 0.940085
907 1291 1648 2138 2387 2452 3309 3441 3838 4067 4108 4232 4247 4430 4489 5154 5854 6225 6656 
#module 17 size: 25 bs: 0.234126
105 169 320 587 671 1600 1726 1850 2157 2284 2556 2701 2749 2954 2990 4016 4362 4531 4591 4873 5258 6507 6561 6664 6677 
#module 18 size: 5 bs: 0.951714
402 744 2962 4777 6741 
#module 19 size: 26 bs: 0.890177
529 968 1047 1058 1096 1197 1619 1788 1908 2147 2225 2808 3440 4193 4234 4391 4579 4709 4823 5950 6126 6226 6270 6396 6505 6605 
#module 20 size: 39 bs: 0.862186
374 412 578 1478 1500 1525 2075 2336 2937 3017 3347 3380 3442 3666 3799 3896 3927 3964 3991 4001 4004 4011 4119 4231 4744 4838 5006 5294 5564 5690 5980 6186 6382 6591 6636 6760 6809 6862 6911 
#module 21 size: 63 bs: 0.704302
271 278 502 509 575 581 732 818 927 942 975 1054 1059 1299 1606 1680 1704 1743 1772 1803 1855 2087 2179 2206 2228 2481 2576 2633 2856 2889 2915 2985 3034 3376 3491 3571 3664 3693 3748 3776 3819 4084 4094 4203 4228 4454 4603 4678 5007 5528 5841 5875 6080 6151 6166 6369 6375 6526 6527 6553 6581 6620 6807 
#module 22 size: 47 bs: 1.05596
34 57 206 292 350 422 616 625 830 915 979 1089 1153 1335 1580 1582 1608 1635 1798 2181 2235 2433 2667 2818 2835 2986 3020 3421 3431 3461 3463 3478 3565 3737 4047 4056 4358 4563 4723 4768 5200 5264 5432 6024 6197 6531 6813 
#module 23 size: 17 bs: 0.282588
213 805 1445 1483 1761 1820 2070 3671 4025 4159 4223 5416 5545 5714 6361 6533 6814 
#module 24 size: 10 bs: 0.640014
227 537 646 821 1875 2445 2699 3959 4366 4521 
#module 25 size: 26 bs: 0.339369
49 276 521 554 930 1604 1791 2248 2784 3186 3240 3413 4013 4075 4124 4220 4869 5227 5575 5857 6116 6294 6431 6564 6628 6699 
#module 26 size: 45 bs: 0.735775
6 222 339 432 442 477 592 1239 1295 1367 1574 1954 1997 2254 2299 2331 2458 2461 2477 2711 3470 3475 3513 3577 3665 4002 4089 4177 4381 4828 4901 5074 5091 5166 5786 5800 5857 5874 5966 6021 6298 6392 6424 6557 6596 
#module 27 size: 30 bs: 0.652142
230 375 601 624 713 768 1384 1716 1974 1977 2205 2552 2789 2899 2949 3144 3300 3375 3860 4073 4283 5055 5374 5420 5677 5799 6300 6379 6654 6827 
#module 28 size: 25 bs: 0.197132
38 304 398 423 1034 1068 1321 1470 1734 1914 2350 2484 2703 2824 3162 3552 3939 4121 4483 4502 4914 5320 5944 5973 6110 
#module 29 size: 16 bs: 0.497063
799 1028 1845 2218 3781 4102 4319 4421 4646 5089 5304 5417 5640 5954 5968 6913 
#module 30 size: 36 bs: 0.344901
32 102 356 833 897 989 1496 2234 2287 2288 2537 2886 2931 3344 3386 3598 3752 4298 4359 4415 4953 4957 5010 5057 5161 5221 5634 5825 5894 5949 6139 6206 6323 6496 6708 6784 
#module 31 size: 126 bs: 0.583525
19 60 176 192 214 271 370 371 429 452 555 575 625 628 663 746 790 824 844 872 913 934 954 1229 1264 1296 1309 1354 1399 1410 1439 1482 1485 1492 1502 1628 1778 1815 1847 1848 1957 2056 2071 2121 2161 2164 2301 2368 2480 2633 2807 2835 2860 2877 2995 3070 3131 3172 3184 3202 3357 3376 3383 3471 3504 3568 3580 3591 3621 3634 3639 3692 3765 3790 3817 3908 4014 4113 4157 4252 4270 4321 4330 4360 4385 4423 4533 4559 4597 4653 4688 4718 4725 4753 4771 4776 4802 4803 4813 4983 5045 5050 5114 5162 5190 5235 5293 5325 5337 5342 5525 5614 5726 5804 5891 6168 6256 6289 6294 6335 6526 6530 6560 6754 6829 6910 
#module 32 size: 11 bs: 0.743658
236 853 2086 3004 3898 4068 4141 4242 4456 4542 5738 
#module 33 size: 10 bs: 1.04536
631 767 2929 3032 3359 4285 4621 5291 5888 6536 
#module 34 size: 42 bs: 0.864601
54 84 101 147 201 478 858 996 1023 1136 1164 1165 1175 1202 1241 1256 1324 1455 1594 1835 2107 2377 2717 2757 2873 3134 3364 3436 3798 3811 4214 4631 4633 4721 4883 4988 5123 5832 5859 6325 6552 6757 
#module 35 size: 42 bs: 0.391048
154 420 501 533 664 766 866 1523 1674 1771 2048 2285 2645 2647 2765 2826 2938 2943 2957 3048 3123 3194 3312 3402 3428 3509 3599 3862 4073 4186 4387 4960 5090 5359 5561 5641 6196 6488 6523 6868 6898 6924 
#module 36 size: 106 bs: 0.563537
157 162 243 249 282 377 428 602 607 688 722 754 778 929 977 1073 1252 1259 1264 1350 1361 1398 1404 1413 1550 1632 1636 1700 1777 1815 1924 1958 1986 2402 2491 2505 2555 2581 2635 2639 2719 2731 2755 2831 3014 3036 3042 3074 3087 3198 3215 3239 3473 3535 3541 3563 3672 3817 3916 3917 4032 4128 4153 4218 4261 4500 4539 4593 4637 4640 4658 4695 4716 4859 4908 4929 5058 5118 5145 5364 5406 5431 5505 5509 5590 5730 5909 5926 5959 5981 6007 6150 6275 6293 6354 6372 6491 6543 6577 6619 6621 6695 6701 6715 6724 6907 
#module 37 size: 29 bs: 0.453338
76 93 115 286 613 643 726 925 1085 1364 1658 1876 2182 2511 2713 2793 2858 3156 3803 4010 4092 5144 5156 5184 5213 5515 6038 6170 6650 
#module 38 size: 28 bs: 0.441585
47 155 228 390 411 997 1020 1048 1198 1644 1702 2039 2128 2167 2346 2381 2557 3275 3378 4166 4496 4815 4975 5014 5853 6212 6425 6638 
#module 39 size: 49 bs: 0.235685
35 270 273 665 693 785 890 933 982 1102 1226 1425 1633 1714 1816 2111 2163 2464 2615 2621 2638 2842 2969 3165 3316 3727 3980 4050 4053 4150 4259 4280 4862 4926 5222 5599 5610 5631 5645 5697 5754 5884 5902 6019 6042 6074 6588 6612 6849 
#module 40 size: 21 bs: 0.722768
197 415 672 836 1036 1231 1597 1851 2148 2393 2644 2800 2973 3009 3112 3122 3410 3505 5292 6193 6915 
#module 41 size: 13 bs: 0.124565
539 1854 2256 2574 3303 3874 4169 4281 4287 4673 5556 6039 6513 
#module 42 size: 19 bs: 0.513003
52 573 1499 1865 2024 2104 2410 2735 2752 2978 3184 3270 3989 4465 4503 5066 5113 5447 5739 
#module 43 size: 37 bs: 0.992575
125 274 495 791 889 1084 1185 1247 1562 1625 1634 1878 1886 1896 1944 2160 2345 2425 2581 2772 2825 3471 3996 4029 4332 4595 4863 5395 5579 6225 6265 6286 6330 6338 6401 6504 6719 
#module 44 size: 40 bs: 0.969685
29 56 226 571 596 774 1003 1129 1134 1212 1286 1440 1535 1626 1632 2007 2317 2596 2897 3472 4173 4237 4301 4314 4353 4382 4408 4549 4877 5150 5625 5678 5718 5830 5837 5932 6058 6245 6483 6764 
#module 45 size: 68 bs: 0.38832
299 582 642 730 745 788 1034 1162 1166 1228 1233 1449 1480 1521 1524 1527 1548 1554 1586 1963 1973 2029 2083 2112 2135 2456 2771 2785 2809 2876 2918 2991 3321 3325 3349 3611 3755 3849 3958 4262 4372 4525 4701 4831 4912 4979 5119 5242 5462 5463 5523 5538 5544 5562 5661 5784 5872 6030 6032 6205 6213 6307 6332 6482 6519 6635 6687 6717 
#module 46 size: 30 bs: 0.167795
35 270 558 570 716 1081 1539 1685 1816 1902 2059 2080 2289 2692 3439 3750 4259 4280 4525 4756 4766 4954 5263 5423 5481 5892 6042 6303 6465 6722 
#module 47 size: 7 bs: 1.08789
1063 1246 1372 2892 3852 4101 6162 
#module 48 size: 19 bs: 0.89718
263 313 1746 1840 2661 2684 2880 3019 3915 3969 4449 4970 5105 5819 6001 6232 6537 6886 6922 
#module 49 size: 56 bs: 0.747734
205 342 551 584 615 847 918 931 987 1040 1090 1156 1280 1481 1672 1984 2233 2370 2437 2544 2814 2866 3197 3444 3449 3477 3502 3747 3937 4138 4469 4636 4637 4684 4753 4758 4815 4928 4973 5063 5181 5289 5470 5537 5716 5765 5810 5826 6297 6326 6366 6592 6678 6695 6724 6830 
#module 50 size: 24 bs: 0.539732
184 349 577 891 928 1022 1296 1903 1946 2043 2145 2156 2165 2279 3211 3342 3346 3826 4532 4890 5083 5925 6518 6879 
#module 51 size: 36 bs: 0.29439
240 472 535 622 710 776 1317 1344 1431 1519 1955 1992 2006 2356 2744 3008 3040 3329 3499 3586 3753 3831 4114 4398 4739 5259 5511 5829 5924 6216 6228 6767 6787 6800 6825 6844 
#module 52 size: 68 bs: 0.48699
18 73 225 380 426 480 662 741 810 812 844 902 963 1125 1148 1182 1219 1223 1281 1381 1410 1507 1724 1747 2071 2089 2164 2249 2295 2359 2382 2533 2609 2636 2690 3140 3264 3305 3310 3354 3401 3437 3438 3514 3524 3574 3952 4095 4301 4505 4541 4736 4974 5190 5200 5235 5265 5335 5437 5441 5644 5814 5861 5915 6425 6698 6727 6730 
#module 53 size: 120 bs: 1.06457
34 58 60 104 170 475 652 678 681 715 759 770 782 794 845 1115 1251 1260 1302 1327 1507 1650 1667 1688 1766 1815 1860 1929 1952 1953 2040 2120 2164 2260 2285 2490 2541 2589 2729 2807 2830 2844 2847 2896 2908 2925 2973 3040 3050 3059 3142 3160 3161 3178 3288 3323 3368 3388 3575 3624 3667 3703 3709 3758 3787 3832 3899 3902 3928 3998 4034 4043 4090 4136 4188 4227 4268 4272 4379 4506 4518 4541 4567 4620 4621 4665 4831 4846 4898 4912 4972 5155 5170 5189 5195 5256 5261 5336 5360 5365 5435 5455 5592 5664 5685 5732 5838 5864 5876 6055 6082 6128 6144 6169 6376 6388 6477 6606 6710 6831 
#module 54 size: 132 bs: 0.404047
11 27 74 85 231 244 247 276 296 298 338 348 388 396 406 467 523 599 606 626 657 735 786 967 1112 1183 1522 1621 1654 1809 1817 1836 1847 1852 1919 1991 2118 2127 2198 2228 2231 2330 2374 2414 2466 2558 2582 2597 2725 2754 2759 2842 2850 2897 2926 2950 3070 3128 3136 3139 3210 3213 3251 3330 3361 3369 3394 3460 3490 3494 3499 3533 3557 3633 3649 3661 3694 3813 3861 3876 3883 3893 3944 3975 4058 4155 4215 4306 4312 4334 4375 4396 4458 4545 4613 4619 4653 4696 4872 5032 5059 5102 5185 5219 5496 5504 5552 5553 5594 5616 5643 5669 5769 5793 5822 5831 5868 5908 5922 6041 6042 6050 6254 6344 6375 6429 6560 6567 6584 6643 6711 6745 
#module 55 size: 55 bs: 0.511599
579 660 804 828 984 1010 1756 1900 1928 2094 2739 2857 2859 2951 3012 3319 3443 3679 3736 4133 4222 4318 4394 4574 4617 4789 4799 4857 4865 5072 5108 5138 5173 5177 5322 5467 5618 5687 5689 5694 5717 5798 5903 5956 5980 5999 6095 6234 6238 6539 6624 6639 6653 6872 6873 
#module 56 size: 51 bs: 0.696273
325 508 712 884 998 1225 1821 1884 2031 2064 2257 2281 2403 2487 2821 2933 2940 3065 3227 3419 3575 3632 3638 3652 3724 3815 3838 3840 3949 3995 4049 4577 4711 4840 4942 5036 5130 5152 5316 5330 5474 5489 5563 5767 5916 6017 6665 6666 6696 6705 6713 
#module 57 size: 78 bs: 0.689871
193 255 347 353 455 520 526 659 801 825 904 910 912 1146 1270 1279 1312 1322 1461 1488 1566 1576 1585 1684 1709 1732 1905 2005 2016 2196 2305 2347 2407 2451 2485 2686 2775 2776 2832 2844 2910 2916 3095 3171 3255 3392 3399 3400 3418 3531 3879 4168 4590 4623 4624 4920 4932 5088 5104 5204 5228 5254 5409 5477 5632 5649 5655 5692 5737 6011 6022 6035 6322 6327 6386 6478 6730 6777 
#module 58 size: 44 bs: 0.452911
146 469 505 737 809 846 973 1042 1215 1242 1368 1392 1565 1799 1871 1983 2065 2209 2318 2319 2630 3125 3205 3328 3427 3559 3685 3880 3981 4289 4992 5216 5274 5401 5413 5521 6271 6366 6381 6457 6458 6497 6661 6676 
#module 59 size: 20 bs: 0.194158
312 575 966 1285 2275 2411 2694 2718 2872 3002 3512 3704 3903 4230 4556 4836 6003 6056 6390 6682 
#module 60 size: 166 bs: 0.445222
63 90 107 217 224 262 303 324 329 345 389 395 474 489 490 506 507 527 534 638 656 670 749 911 937 953 1017 1030 1035 1121 1140 1237 1240 1248 1365 1395 1405 1472 1474 1498 1513 1520 1537 1559 1593 1603 1670 1787 1831 1909 1915 1988 2035 2113 2115 2120 2270 2332 2367 2388 2453 2459 2495 2506 2571 2607 2675 2820 2837 2945 2994 3013 3015 3033 3203 3237 3393 3445 3454 3492 3495 3589 3604 3644 3686 3689 3702 3707 3717 3818 3893 3988 4007 4018 4087 4171 4181 4239 4329 4435 4457 4499 4509 4586 4601 4629 4663 4694 4729 4769 4809 4822 4827 4861 4870 4936 4977 4989 4994 5025 5040 5048 5061 5139 5167 5191 5251 5300 5386 5418 5493 5559 5633 5655 5666 5668 5747 5828 5953 5958 5992 5997 6037 6097 6154 6229 6236 6241 6274 6287 6301 6321 6334 6368 6525 6548 6556 6585 6611 6648 6690 6706 6746 6761 6805 6918 
#module 61 size: 25 bs: 0.330441
257 330 499 659 674 1870 1887 2124 2527 2863 3114 3146 3381 3430 3773 4024 4348 4918 5551 5674 6148 6625 6672 6675 6798 
#module 62 size: 73 bs: 0.568361
111 257 277 287 316 392 565 604 673 696 706 725 992 1106 1187 1288 1355 1400 1695 1813 1876 1917 1990 2002 2099 2137 2154 2188 2304 2320 2406 2479 2548 2678 3114 3416 3770 3886 3976 4201 4208 4219 4233 4251 4327 4425 4478 4569 4596 4887 4900 4941 4951 4955 5071 5288 5311 5350 5557 5600 5617 5761 5789 5824 5904 6009 6228 6427 6485 6597 6608 6775 6909 
#module 63 size: 53 bs: 0.668156
417 437 634 645 660 807 854 914 1066 1108 1158 1196 1305 1326 1390 1411 1572 1605 1641 1692 1872 1947 2057 2075 2080 2092 2509 2972 2988 3341 3439 3457 3682 3855 4122 4191 4269 4517 4641 4697 4958 5542 5672 5846 5850 5858 6029 6272 6403 6410 6600 6687 6844 
#module 64 size: 107 bs: 0.317441
84 251 256 269 380 382 450 491 526 642 650 658 659 662 668 719 819 925 952 976 1046 1097 1165 1169 1175 1202 1258 1269 1270 1333 1336 1354 1421 1594 1732 1768 1769 1897 1921 2050 2075 2084 2196 2221 2448 2451 2486 2686 2757 2832 2844 3031 3038 3053 3060 3134 3195 3200 3233 3436 3510 3695 3734 3798 3802 3808 3841 3879 3894 4022 4211 4392 4476 4590 4624 4633 4661 4702 4757 4763 4920 4943 5065 5086 5088 5104 5254 5257 5331 5408 5708 5748 5940 5991 6015 6035 6143 6177 6459 6473 6575 6718 6777 6780 6874 6882 6892 
#module 65 size: 35 bs: 0.758545
61 297 703 905 1310 1479 1507 1598 1669 1783 1996 2125 2219 2632 2773 2797 3070 3177 3850 4126 4516 4552 4573 4676 4927 5210 5419 5601 5781 5803 5805 6112 6233 6343 6499 
#module 66 size: 74 bs: 0.55248
89 220 266 268 340 461 514 516 609 684 894 919 1038 1053 1152 1211 1353 1482 1516 1563 1596 1692 1918 1920 1959 2011 2068 2078 2153 2389 2441 2478 2627 2786 2955 3018 3537 3613 3629 3710 3718 3756 3790 3875 4072 4172 4235 4269 4356 4414 4662 4760 4812 4948 4986 5018 5270 5310 5329 5419 5421 5484 5665 5724 5725 5757 5865 6147 6410 6418 6637 6687 6745 6857 
#module 67 size: 95 bs: 0.301987
96 218 244 253 261 296 341 344 418 443 679 691 901 1000 1043 1376 1377 1383 1505 1526 1555 1736 1796 1817 2022 2060 2130 2211 2294 2497 2521 2559 2575 2628 2680 2687 2763 2836 2893 2906 3010 3248 3374 3451 3547 3585 3680 3698 3711 3730 3742 3767 3784 3805 3809 3822 3941 3965 3971 4012 4014 4017 4063 4139 4241 4278 4528 4609 4773 4851 4893 4921 5041 5136 5324 5362 5387 5421 5454 5503 5540 5584 5695 5752 5790 5848 5887 6048 6255 6263 6375 6483 6668 6759 6910 
#module 68 size: 160 bs: 0.801451
31 57 69 82 121 202 232 352 386 503 525 540 542 583 644 849 874 886 946 1018 1041 1054 1093 1135 1141 1153 1262 1299 1350 1444 1452 1477 1497 1544 1610 1635 1647 1719 1735 1814 1837 1907 1956 2063 2072 2096 2100 2126 2190 2224 2238 2277 2280 2344 2348 2617 2626 2682 2695 2733 2758 2834 2868 2875 2915 2948 2960 3166 3177 3192 3231 3301 3338 3363 3411 3495 3520 3525 3648 3660 3676 3683 3708 3715 3732 3751 3764 3769 3878 3887 3920 4103 4120 4134 4144 4167 4203 4358 4418 4459 4480 4504 4524 4539 4562 4622 4634 4689 4715 4753 4767 4771 4853 4864 4871 4884 4917 5042 5056 5158 5223 5229 5347 5366 5375 5378 5437 5485 5526 5543 5550 5578 5701 5713 5773 5849 5877 5898 5899 5911 5937 5955 6028 6051 6124 6179 6181 6235 6339 6364 6428 6514 6579 6603 6679 6685 6739 6793 6848 6880 
#module 69 size: 135 bs: 0.348459
3 20 50 109 112 128 132 183 216 245 267 285 328 355 425 510 561 701 705 775 808 815 860 948 951 1080 1083 1171 1214 1249 1284 1289 1407 1448 1497 1577 1581 1616 1720 1729 1750 1826 1834 1979 1981 2046 2106 2119 2129 2136 2150 2172 2265 2266 2286 2323 2327 2349 2371 2465 2538 2566 2603 2657 2801 2966 3072 3185 3206 3216 3249 3287 3295 3332 3337 3446 3498 3500 3528 3594 3612 3615 3630 3713 3783 3786 3816 3820 3859 4183 4238 4258 4323 4377 4482 4615 4735 4800 4801 4849 4855 4889 4962 4998 5015 5021 5141 5196 5230 5296 5319 5326 5377 5443 5456 5647 5972 6043 6161 6184 6202 6324 6337 6357 6393 6502 6506 6517 6544 6582 6663 6723 6816 6819 6856 
#module 70 size: 40 bs: 0.863189
133 207 302 519 529 653 827 829 1443 1547 1683 1954 1993 2103 2158 2368 2380 2510 2702 2709 2728 3085 3094 3116 3448 3653 3670 3873 4020 4044 4148 4442 4745 5129 5266 5371 5604 6350 6353 6602 
#module 71 size: 156 bs: 0.672695
15 41 144 178 190 293 300 332 336 342 414 422 545 585 588 633 652 676 677 717 718 721 724 782 820 830 921 922 964 1011 1024 1069 1143 1191 1203 1251 1274 1293 1316 1401 1427 1437 1506 1509 1549 1553 1650 1666 1775 1841 1843 1877 1890 2003 2012 2030 2098 2149 2208 2223 2276 2297 2303 2417 2424 2540 2581 2585 2622 2644 2774 2852 2885 2907 2942 2961 2972 2999 3035 3068 3080 3098 3143 3229 3243 3265 3371 3373 3384 3388 3464 3490 3534 3539 3656 3675 3749 3804 3858 3881 3974 4166 4345 4448 4477 4526 4527 4538 4587 4703 4778 4810 4905 4981 4991 5028 5231 5281 5299 5302 5317 5328 5340 5438 5466 5509 5602 5663 5685 5726 5866 5906 5951 5967 6046 6185 6188 6190 6191 6207 6211 6220 6253 6285 6314 6319 6409 6416 6419 6423 6438 6481 6525 6647 6815 6902 
#module 72 size: 50 bs: 0.141379
504 762 825 1021 1111 1232 1258 1270 1476 1732 1769 1942 2005 2062 2095 2311 2439 2895 3021 3145 3195 3387 3643 3836 4022 4200 4487 4547 4590 4661 4669 4837 4850 4856 4920 5011 5104 5204 5642 5708 6035 6067 6117 6163 6258 6534 6594 6747 6777 6859 
#module 73 size: 89 bs: 0.937813
179 185 189 203 361 391 627 661 752 779 859 1071 1095 1120 1227 1253 1298 1420 1487 1501 1504 1628 1701 1741 2044 2101 2110 2212 2261 2420 2588 2685 2764 3000 3046 3075 3096 3103 3150 3308 3397 3467 3469 3485 3536 3701 3864 3866 4082 4174 4185 4209 4467 4534 4565 4584 4657 4844 4996 5095 5135 5146 5183 5224 5392 5402 5501 5517 5648 5691 5742 5766 5808 5885 6078 6133 6140 6146 6218 6398 6418 6446 6453 6461 6471 6574 6680 6746 6802 
#module 74 size: 27 bs: 0.318954
202 438 629 772 1052 1056 1060 1132 1770 2038 2209 2217 2734 2947 3555 3616 3792 3923 4112 4315 4785 4875 5233 5452 6052 6134 6468 
#module 75 size: 108 bs: 0.171719
10 23 86 143 208 246 337 397 445 518 702 773 852 870 923 941 1118 1207 1352 1362 1378 1386 1484 1671 1676 1677 1687 1818 1929 2008 2159 2187 2199 2220 2310 2333 2343 2385 2423 2470 2515 2651 2669 2697 2708 2732 2737 2746 2822 2851 2855 2958 3030 3052 3064 3235 3259 3314 3327 3343 3619 3655 3674 3763 3764 3924 3956 3972 3986 4038 4045 4059 4131 4162 4300 4320 4388 4543 4628 4659 4664 4804 4913 4946 5128 5255 5424 5593 5606 5613 5624 5720 5836 5862 5899 5900 5966 6175 6239 6320 6432 6495 6655 6712 6826 6843 6864 6895 
#module 76 size: 41 bs: 0.406351
12 24 234 733 757 1277 1503 1546 1599 1821 1849 1897 1998 2570 2940 3083 3171 3506 3652 3657 3673 3782 3815 3829 3901 4066 4152 4176 4498 4577 4624 4886 5060 5301 5316 5535 5595 5811 5962 6146 6317 
#module 77 size: 67 bs: 0.241788
321 386 416 697 896 1037 1138 1177 1253 1363 1430 1471 1475 1514 1541 1569 1601 1627 1643 1663 1673 1805 1822 1858 1859 1934 1951 2042 2241 2243 2341 2405 2602 2654 2668 2903 3114 3190 3280 3283 3297 3350 3521 3639 3668 3834 3846 4296 4765 4866 5026 5027 5232 5286 5372 5529 5707 5778 5855 6047 6246 6394 6463 6630 6758 6768 6797 
#module 78 size: 73 bs: 0.39843
42 161 175 198 199 283 502 572 596 683 685 751 1110 1199 1332 1414 1555 1607 1711 1738 1781 2047 2051 2197 2262 2378 2440 2489 2833 2911 3001 3107 3121 3542 3546 3982 3990 4019 4060 4170 4339 4408 4473 4752 4826 5047 5252 5253 5348 5356 5373 5391 5399 5480 5492 5540 5553 5572 5581 5699 5758 5879 5942 6105 6266 6385 6420 6503 6524 6646 6651 6694 6766 
#module 79 size: 36 bs: 0.919627
39 124 196 372 451 859 1337 1468 1679 1689 1745 1936 2455 2795 2871 2901 3236 3262 3292 3450 3544 3584 3635 4030 4036 4054 4197 4225 4337 4440 5062 5370 5996 6227 6571 6878 
#module 80 size: 32 bs: 0.931638
66 548 618 667 699 883 988 1092 1250 1276 1434 1721 1923 1941 2178 2267 2308 2316 2742 3234 3289 3865 4130 4193 4405 4656 4830 5022 5187 5734 6131 6595 
#module 81 size: 16 bs: 0.789548
384 604 789 1265 1319 1415 1668 1844 2324 2358 2522 2618 3479 4362 5019 6189 
#module 82 size: 38 bs: 0.737325
17 22 71 211 444 603 932 993 1089 1205 1210 1357 1511 1655 1690 1718 2012 2418 2584 3026 3073 3129 3201 3208 3379 3900 4297 4438 4693 4956 5086 5357 5912 5979 6306 6313 6336 6841 
#module 83 size: 52 bs: 0.157636
14 94 182 229 235 562 695 1178 1235 1272 1273 1612 1754 1862 1882 1894 1911 2079 2212 2220 2369 2431 2599 2816 2887 2919 3069 3187 3299 3406 3556 3823 3885 4006 4212 4375 4378 4422 4436 4780 4952 5214 5351 5378 5453 5461 5622 5681 5785 5801 6194 6626 
#module 84 size: 85 bs: 0.917613
106 138 278 306 407 484 574 720 765 1039 1095 1168 1301 1417 1501 1568 1579 1731 1759 2005 2069 2192 2232 2261 2380 2454 2468 2513 2520 2561 2764 2850 2862 3106 3334 3362 3469 3485 3658 3701 3856 3866 3966 4003 4031 4143 4288 4331 4333 4496 4582 4606 4734 4737 4787 5107 5146 5220 5389 5402 5446 5476 5512 5517 5519 5660 5668 5688 5691 5764 5863 6044 6092 6113 6133 6138 6140 6292 6334 6446 6453 6461 6680 6802 6889 
#module 85 size: 75 bs: 0.199425
301 419 449 639 660 687 796 857 893 900 1149 1170 1290 1500 1578 1675 1681 1710 1752 1828 2013 2091 2168 2245 2300 2528 2543 2637 2716 2909 2921 2980 3029 3101 3110 3220 3355 3432 3447 3457 3545 3597 3716 3810 3821 3897 3957 4118 4147 4163 4204 4494 4592 4625 4717 4731 4891 4963 5049 5143 5273 5333 5520 5530 5535 5635 5802 5965 6360 6363 6435 6447 6454 6610 6616 
#module 86 size: 38 bs: 1.02744
105 221 343 475 536 620 742 764 1027 1045 1393 1587 1712 1846 2008 2315 2325 2342 2823 3006 3179 3627 3796 3970 4098 4546 4611 4924 5142 5193 5422 5541 5659 5686 5706 5733 5845 6455 
#module 87 size: 38 bs: 0.961386
305 449 487 547 777 783 837 981 1163 1189 1312 1466 1534 1739 1830 1833 2017 2676 2795 3082 3115 3217 3261 3582 3725 4354 4365 4424 4490 4756 5030 5279 5763 6075 6264 6394 6397 6785 
#module 88 size: 65 bs: 0.246686
67 167 223 465 600 756 856 1012 1074 1075 1118 1156 1221 1567 1592 1723 1767 1829 2185 2252 2354 2412 2469 2547 2649 2683 2691 2747 2819 3005 3247 3322 3326 3527 3578 3677 3847 3867 4125 4157 4324 4326 4411 4610 4755 4882 4997 5166 5207 5324 5494 5583 5671 5705 5712 6061 6259 6352 6383 6406 6443 6482 6555 6861 6916 
#module 89 size: 38 bs: 0.650649
198 621 630 851 871 969 1045 1433 1447 1620 1657 1728 2155 2317 2648 2704 3407 3487 3558 3600 4076 4589 4780 4949 5017 5132 5680 5723 5731 5869 5883 5987 6013 6245 6356 6408 6736 6806 
#module 90 size: 16 bs: 1.01339
538 1191 1305 1424 2802 3317 3590 3854 3888 4062 4202 4399 5038 5197 5587 6295 
#module 91 size: 56 bs: 0.409175
354 406 433 434 476 512 563 711 803 816 1147 1154 1257 1263 1460 1697 1715 1733 1763 1916 2032 2215 2472 2706 2768 2777 3024 3084 3102 3163 3193 3276 3452 3596 3622 3683 3723 3738 3743 4562 4572 4622 4805 4909 5098 5272 5453 5534 5627 5693 5963 6025 6209 6250 6358 6493 
#module 92 size: 82 bs: 0.669556
81 399 401 408 421 692 694 806 831 867 1029 1122 1157 1167 1181 1201 1283 1444 1454 1533 1737 1760 1964 2018 2142 2214 2226 2247 2408 2432 2502 2516 2590 2656 2677 2740 2782 3057 3076 3092 3100 3119 3120 3153 3224 3284 3396 3459 3517 3608 3705 3706 3771 3842 3853 3926 4026 4097 4390 4666 4733 4888 5008 5009 5079 5163 5250 5314 5328 5404 5438 5445 5498 5711 5780 5783 6212 6456 6734 6773 6847 6870 
#module 93 size: 46 bs: 0.595924
134 166 173 532 750 840 940 1008 1051 1220 1297 1350 1461 1506 1543 1611 1617 1794 1810 1829 2033 2037 2116 2269 2471 3063 3070 3147 3271 3566 3785 4508 4649 4754 5367 5518 5544 5611 5651 5801 5982 6098 6298 6395 6644 6858 
#module 94 size: 69 bs: 0.687056
37 298 370 410 496 687 750 813 834 879 971 1008 1100 1104 1176 1186 1206 1218 1245 1309 1360 1369 1399 1443 1479 1532 1703 1740 1761 1794 1930 1976 2322 2467 2565 2807 3136 3155 3170 3412 3471 3737 3817 3918 3973 3994 4041 4204 4384 4691 4790 4984 5209 5276 5405 5426 5490 5546 5658 5679 5881 5957 5985 6012 6238 6249 6296 6711 6796 
#module 95 size: 46 bs: 0.730624
369 637 797 892 1067 1088 1423 1575 1615 1639 1699 1793 2026 2175 2292 2499 2517 2535 2722 2944 3285 3777 3780 3871 3984 4105 4265 4413 4540 4608 4647 5121 5163 5309 5385 5434 5459 5607 5628 5637 5741 5753 6081 6132 6769 6914 
#module 96 size: 107 bs: 0.758931
36 40 64 114 136 140 141 145 307 311 409 413 454 459 530 700 709 798 814 841 863 878 881 972 1005 1133 1142 1148 1303 1573 1631 1664 1727 1780 1817 1853 1942 1994 2108 2170 2174 2191 2404 2450 2517 2633 2743 2773 2848 2864 3305 3313 3390 3461 3507 3576 3642 3789 3877 3882 4014 4080 4093 4190 4249 4255 4284 4297 4321 4360 4370 4401 4404 4568 4683 4971 5001 5070 5076 5131 5192 5246 5273 5280 5533 5605 5619 5726 5735 5736 5803 5840 5980 6031 6200 6260 6479 6516 6549 6562 6613 6622 6633 6662 6769 6804 6896 
#module 97 size: 141 bs: 0.657983
1 21 177 186 187 214 323 394 549 556 675 731 740 935 960 1155 1275 1282 1304 1346 1359 1374 1436 1441 1458 1476 1484 1493 1495 1508 1538 1630 1680 1699 1708 1719 1744 1751 1857 1870 1880 1966 1972 1978 2001 2053 2054 2097 2105 2140 2145 2146 2151 2193 2236 2268 2316 2370 2435 2524 2619 2666 2738 2815 2867 2924 2996 3116 3138 3181 3196 3316 3334 3424 3468 3480 3493 3503 3538 3562 3588 3592 3759 3830 3857 3863 3876 3950 3953 4078 4107 4361 4433 4451 4497 4506 4578 4636 4713 4726 4788 4793 4868 4895 4902 5103 5110 5142 5243 5306 5315 5330 5341 5502 5650 5675 5813 5834 5955 6090 6222 6280 6310 6400 6432 6467 6498 6500 6542 6564 6593 6604 6607 6641 6642 6690 6742 6765 6795 6845 6890 
#module 98 size: 24 bs: 0.54837
25 130 381 441 541 917 1238 1518 1786 2273 2362 2545 2671 3109 3290 3739 3760 4088 4355 4645 5639 5823 6104 6778 
#module 99 size: 52 bs: 0.380409
61 176 322 331 522 566 707 944 1016 1078 1334 1459 1808 1960 2066 2260 2353 2778 2788 2829 2891 3037 3117 3306 3641 3918 3929 3932 3962 4035 4064 4165 4187 4427 4795 4945 5080 5238 5318 5495 5548 5719 5782 6072 6384 6490 6649 6703 6799 6833 6840 6883 
#module 100 size: 54 bs: 0.600898
62 222 468 784 970 1062 1208 1267 1320 1340 1370 1446 1450 1653 1985 1999 2259 2587 2849 2879 3054 3058 3078 3088 3111 3497 3583 3665 3909 3931 4117 4156 4192 4256 4309 4350 4730 4740 4798 5039 5074 5174 5212 5284 5349 5722 5788 5947 6049 6279 6391 6433 6546 6691 
#module 101 size: 55 bs: 0.339721
97 126 289 357 366 373 423 600 601 1041 1379 1470 1489 1622 1698 1708 1869 1933 1938 1950 2339 2350 2365 2474 2580 2594 2664 2715 2984 3135 3162 3183 3366 3662 3722 3907 4145 4207 4349 4412 4441 4471 4502 4638 4687 4742 4774 4881 4896 5020 5842 6073 6267 6342 6482 
#module 102 size: 31 bs: 0.775713
493 817 991 1119 1694 2186 2314 2551 2563 2573 2736 2922 2975 3204 3910 4216 4224 4245 4491 4511 4823 4919 4967 5303 5323 5468 5554 5945 6060 6362 6509 
#module 103 size: 132 bs: 1.06845
22 61 110 129 150 191 291 333 383 453 481 559 576 826 844 869 944 994 1001 1009 1089 1151 1172 1195 1203 1205 1244 1300 1385 1510 1551 1629 1798 1807 1926 1943 1960 2028 2246 2260 2328 2361 2372 2513 2532 2536 2562 2588 2673 2681 2714 2723 2750 2760 2888 2964 2986 3028 3037 3051 3108 3126 3127 3129 3132 3212 3218 3252 3273 3318 3352 3377 3404 3418 3420 3532 3587 3872 3900 3999 4071 4308 4310 4335 4464 4495 4581 4679 4686 4705 4708 4719 4760 4825 4848 4956 5073 5116 5124 5269 5305 5363 5379 5403 5499 5565 5569 5615 5638 5673 5804 5886 5938 5995 6072 6142 6159 6160 6240 6268 6304 6327 6437 6586 6609 6673 6697 6750 6779 6788 6823 6885 
#module 104 size: 13 bs: 0.354292
165 458 936 1785 1789 2229 2264 2817 4184 4210 4472 4724 6501 
#module 105 size: 72 bs: 0.361989
13 144 151 336 342 456 588 724 906 1069 1077 1107 1123 1175 1202 1255 1323 1594 1980 2208 2253 2312 2383 2400 2420 2567 2663 2757 2774 2907 2983 3134 3190 3229 3265 3338 3436 3570 3573 3798 3827 4195 4445 4448 4467 4630 4631 4633 4635 4703 4721 4748 4867 4905 4916 5125 5268 5299 5411 5685 5764 5852 5906 5920 5967 5986 6046 6416 6438 6601 6732 6757 
#module 106 size: 166 bs: 0.735103
100 131 171 251 254 419 462 473 486 513 543 560 578 589 598 605 654 689 734 738 743 811 835 843 876 900 949 974 1013 1033 1109 1149 1161 1179 1194 1216 1222 1234 1236 1331 1408 1442 1560 1584 1774 1797 1889 1962 2052 2171 2183 2207 2293 2357 2395 2398 2462 2528 2623 2629 2656 2670 2798 2827 2909 2936 2952 2979 2981 2982 3029 3041 3045 3058 3118 3199 3268 3302 3365 3403 3415 3486 3503 3519 3551 3593 3597 3712 3744 3757 3810 3914 3963 3978 4065 4066 4250 4254 4302 4308 4363 4371 4410 4426 4453 4507 4508 4537 4585 4612 4668 4670 4692 4715 4717 4794 4872 4874 4878 4897 4907 5004 5087 5099 5202 5271 5277 5287 5302 5361 5471 5510 5520 5535 5791 5802 5843 5878 5919 5928 5930 5941 5964 5965 5976 6026 6231 6242 6308 6328 6359 6380 6422 6431 6447 6452 6475 6476 6510 6535 6569 6573 6610 6616 6645 6762 
#module 107 size: 127 bs: 0.67267
2 8 83 84 110 123 180 204 210 212 319 387 590 714 838 839 848 920 950 994 1004 1105 1150 1254 1287 1306 1313 1347 1385 1397 1491 1529 1530 1557 1568 1707 1755 1939 2027 2028 2076 2131 2169 2204 2302 2332 2355 2360 2376 2386 2446 2475 2650 2658 2672 2721 2745 2751 2761 2838 2870 2934 2963 3007 3077 3133 3172 3418 3434 3445 3531 3687 3691 3740 3835 3844 3925 3979 4052 4077 4164 4243 4277 4316 4341 4444 4457 4461 4475 4808 4860 4923 4959 4999 5086 5153 5165 5203 5205 5228 5321 5478 5698 5715 5787 5807 5820 5910 5960 6036 6044 6052 6062 6091 6103 6198 6341 6371 6449 6492 6530 6545 6568 6580 6631 6700 6867 
#module 108 size: 44 bs: 0.257743
28 116 163 195 494 498 690 1101 1131 1315 1457 1495 1708 1982 2000 2177 2316 2394 2427 2968 3086 3238 3244 3353 3417 3801 4039 4294 4680 4976 5002 5179 5226 5239 5278 5339 5777 5931 6027 6204 6472 6474 6792 6877 
#module 109 size: 48 bs: 0.748768
70 187 265 446 682 727 895 1094 1184 1295 1314 1451 1614 1753 1864 2620 2624 2660 2711 2840 3191 3225 3254 3513 3569 3954 4317 4364 4381 4455 4832 4834 4925 5031 5149 5176 5624 5626 5839 6110 6405 6424 6551 6557 6627 6671 6789 6851 
#module 110 size: 1 bs: 1
6550 
#module 111 size: 1 bs: 1
611 
#module 112 size: 1 bs: 1
5547 
#module 113 size: 1 bs: 1
4140 
#module 114 size: 1 bs: 1
2606 
#module 115 size: 1 bs: 1
6897 
#module 116 size: 1 bs: 1
1812 
#module 117 size: 1 bs: 1
4416 
#module 118 size: 1 bs: 1
4135 
#module 119 size: 1 bs: 1
4217 
#module 120 size: 1 bs: 1
6153 
#module 121 size: 1 bs: 1
4070 
#module 122 size: 1 bs: 1
6224 
#module 123 size: 1 bs: 1
5597 
#module 124 size: 1 bs: 1
5856 
#module 125 size: 1 bs: 1
3157 
#module 126 size: 1 bs: 1
1904 
#module 127 size: 1 bs: 1
882 
#module 128 size: 1 bs: 1
640 
#module 129 size: 1 bs: 1
1802 
#module 130 size: 1 bs: 1
6291 
#module 131 size: 1 bs: 1
2085 
#module 132 size: 1 bs: 1
4091 
#module 133 size: 1 bs: 1
2593 
#module 134 size: 1 bs: 1
6811 
#module 135 size: 1 bs: 1
6010 
#module 136 size: 1 bs: 1
5033 
#module 137 size: 1 bs: 1
1403 
#module 138 size: 1 bs: 1
2283 
#module 139 size: 1 bs: 1
3462 
#module 140 size: 1 bs: 1
1137 
#module 141 size: 1 bs: 1
5566 
#module 142 size: 1 bs: 1
1561 
#module 143 size: 1 bs: 1
4627 
#module 144 size: 1 bs: 1
3554 
#module 145 size: 1 bs: 1
4639 
#module 146 size: 1 bs: 1
92 
#module 147 size: 1 bs: 1
5577 
#module 148 size: 1 bs: 1
4246 
#module 149 size: 1 bs: 1
850 
#module 150 size: 1 bs: 1
5728 
#module 151 size: 1 bs: 1
3043 
#module 152 size: 1 bs: 1
5744 
#module 153 size: 1 bs: 1
2034 
#module 154 size: 1 bs: 1
3044 
#module 155 size: 1 bs: 1
4650 
#module 156 size: 1 bs: 1
2700 
#module 157 size: 1 bs: 1
250 
#module 158 size: 1 bs: 1
2512 
#module 159 size: 1 bs: 1
4295 
#module 160 size: 1 bs: 1
5779 
#module 161 size: 1 bs: 1
5064 
#module 162 size: 1 bs: 1
4930 
#module 163 size: 1 bs: 1
3845 
#module 164 size: 1 bs: 1
103 
#module 165 size: 1 bs: 1
2970 
#module 166 size: 1 bs: 1
2805 
#module 167 size: 1 bs: 1
3728 
#module 168 size: 1 bs: 1
5755 
#module 169 size: 1 bs: 1
4290 
#module 170 size: 1 bs: 1
6415 
#module 171 size: 1 bs: 1
4046 
#module 172 size: 1 bs: 1
6054 
#module 173 size: 1 bs: 1
3961 
#module 174 size: 1 bs: 1
3425 
#module 175 size: 1 bs: 1
3912 
#module 176 size: 1 bs: 1
612 
#module 177 size: 1 bs: 1
5003 
#module 178 size: 1 bs: 1
758 
#module 179 size: 1 bs: 1
2959 
#module 180 size: 1 bs: 1
6402 
#module 181 size: 1 bs: 1
5444 
#module 182 size: 1 bs: 1
5921 
#module 183 size: 1 bs: 1
2274 
#module 184 size: 1 bs: 1
2971 
#module 185 size: 1 bs: 1
4244 
#module 186 size: 1 bs: 1
2976 
#module 187 size: 1 bs: 1
6120 
#module 188 size: 1 bs: 1
6085 
#module 189 size: 1 bs: 1
346 
