#module 0 size: 11 bs: 2.22257e-06
20 111 135 163 178 212 313 339 366 372 554 
#module 1 size: 20 bs: 0.00266964
38 162 196 243 274 284 289 294 295 312 319 350 361 368 377 378 406 437 488 588 
#module 2 size: 5 bs: 8.4072e-06
190 386 434 491 531 
#module 3 size: 16 bs: 2.90336e-05
48 64 245 280 291 308 344 385 397 398 404 525 537 565 569 589 
#module 4 size: 6 bs: 2.1284e-06
77 81 139 140 321 389 
#module 5 size: 14 bs: 6.24504e-06
24 28 78 170 178 210 233 421 460 467 495 566 567 581 
#module 6 size: 33 bs: 1.54382e-06
86 88 96 130 137 138 156 161 185 204 213 216 244 247 249 251 302 304 328 330 344 364 368 375 440 470 484 485 504 517 548 571 584 
#module 7 size: 6 bs: 0.232158
38 189 362 467 552 569 
#module 8 size: 7 bs: 0.710892
171 239 260 284 309 341 342 
#module 9 size: 44 bs: 0.740176
13 31 39 52 54 60 85 98 118 121 125 131 174 187 200 208 232 250 269 273 312 318 323 343 345 351 357 365 369 378 380 423 441 454 455 478 482 484 494 507 508 543 579 601 
#module 10 size: 40 bs: 0.245434
12 42 59 72 84 97 108 118 123 134 178 218 237 264 271 272 273 294 300 304 305 306 328 340 354 425 426 435 449 456 463 469 514 537 549 566 567 595 601 603 
#module 11 size: 17 bs: 0.650202
89 100 126 172 180 202 303 352 367 391 396 399 499 517 523 557 589 
#module 12 size: 29 bs: 0.377743
7 37 62 111 117 123 134 145 155 191 205 249 274 286 292 316 322 337 374 387 388 394 433 440 536 561 576 593 603 
#module 13 size: 18 bs: 0.170878
122 126 197 228 280 306 311 379 395 398 426 446 481 525 526 575 581 588 
#module 14 size: 39 bs: 0.810736
4 8 13 23 27 28 30 31 32 65 68 119 120 136 147 164 186 192 195 209 224 227 240 296 298 301 355 441 451 464 470 473 486 506 507 534 570 587 599 
#module 15 size: 32 bs: 0.627962
4 64 136 151 162 174 193 201 220 222 224 225 267 268 272 276 278 304 312 405 411 418 430 488 498 528 553 556 589 597 598 602 
#module 16 size: 12 bs: 0.198735
32 49 50 198 200 214 328 349 370 448 483 542 
#module 17 size: 26 bs: 0.721419
9 13 36 51 83 94 115 225 233 258 293 315 390 415 444 453 459 462 466 471 504 547 573 578 592 604 
#module 18 size: 7 bs: 0.302106
21 41 277 290 293 359 427 
#module 19 size: 11 bs: 0.142116
53 170 261 285 346 391 428 472 474 492 537 
#module 20 size: 14 bs: 0.220433
3 33 34 207 256 285 328 332 348 353 392 436 483 509 
#module 21 size: 17 bs: 0.644617
82 89 206 229 248 252 320 383 439 490 518 546 572 581 597 598 606 
#module 22 size: 17 bs: 0.22861
10 83 99 105 133 215 287 333 445 447 477 513 540 563 577 578 585 
#module 23 size: 20 bs: 0.358306
5 16 45 67 74 143 166 181 203 234 393 401 405 442 458 468 500 510 558 574 
#module 24 size: 29 bs: 0.127316
46 53 61 66 80 112 146 160 163 165 168 197 205 211 215 280 319 348 381 402 413 422 438 445 476 493 535 538 577 
