#module 0 size: 5 bs: 3.06668e-06
230 601 794 867 1377 
#module 1 size: 8 bs: 1.92588e-06
88 331 450 587 674 691 776 1150 
#module 2 size: 8 bs: 5.73113e-101
202 342 432 435 546 751 866 987 
#module 3 size: 9 bs: 0.00143313
352 558 589 920 934 962 966 970 1356 
#module 4 size: 8 bs: 0.000344429
157 354 400 532 682 818 882 937 
#module 5 size: 5 bs: 7.52297e-05
284 403 410 424 701 
#module 6 size: 6 bs: 1.26194e-07
249 282 421 630 712 975 
#module 7 size: 6 bs: 1.25788e-12
112 221 392 627 749 1013 
#module 8 size: 10 bs: 3.52949e-05
258 333 336 434 603 628 774 850 863 882 
#module 9 size: 12 bs: 0.179611
22 23 24 371 378 564 664 895 896 904 976 1006 
#module 10 size: 15 bs: 0.353371
79 95 289 295 306 314 341 360 453 458 552 574 648 656 795 
#module 11 size: 10 bs: 0.997843
48 393 416 522 768 797 871 893 935 999 
#module 12 size: 5 bs: 0.160591
218 413 468 626 861 
#module 13 size: 20 bs: 0.437842
82 145 244 294 414 475 659 720 858 899 950 965 996 1015 1018 1053 1121 1170 1295 1296 
#module 14 size: 7 bs: 0.187608
32 420 490 623 715 757 784 
#module 15 size: 14 bs: 0.702286
57 131 206 427 526 556 615 685 724 884 907 980 1058 1078 
#module 16 size: 9 bs: 0.994433
142 180 302 581 651 676 687 744 919 
#module 17 size: 12 bs: 0.316221
176 401 409 457 683 809 816 830 837 878 881 958 
#module 18 size: 5 bs: 0.235376
75 208 713 912 1029 
#module 19 size: 10 bs: 0.677491
182 213 295 366 614 667 684 972 1007 1009 
#module 20 size: 23 bs: 0.296716
121 146 220 277 359 438 548 673 677 710 747 790 802 838 854 874 913 953 978 988 1033 1041 1275 
#module 21 size: 7 bs: 0.636875
90 243 252 325 411 621 856 
#module 22 size: 45 bs: 0.184005
19 34 64 67 100 110 111 187 217 245 294 298 303 322 338 396 445 449 455 475 521 525 530 595 599 613 616 770 772 786 817 853 864 885 933 967 968 998 1000 1008 1011 1021 1093 1264 1276 
#module 23 size: 15 bs: 0.414878
29 106 144 355 377 379 436 637 741 829 859 920 934 962 1086 
#module 24 size: 8 bs: 0.179445
73 260 336 353 377 559 834 1043 
#module 25 size: 32 bs: 0.538066
38 53 122 138 181 191 273 339 402 463 471 527 529 575 586 593 639 651 681 692 791 800 829 831 900 953 978 984 1022 1023 1284 1338 
#module 26 size: 12 bs: 0.585408
238 299 314 425 646 672 728 769 806 836 1267 1363 
#module 27 size: 35 bs: 0.253891
117 132 210 224 250 264 269 324 327 376 523 528 537 567 596 611 622 632 633 636 652 706 730 740 762 799 832 914 949 997 1164 1177 1272 1273 1298 
#module 28 size: 17 bs: 0.301674
59 133 159 187 197 253 417 629 656 721 736 788 805 825 833 889 1323 
#module 29 size: 19 bs: 0.908557
36 163 164 212 297 328 467 562 566 635 699 702 745 808 810 849 873 888 951 
#module 30 size: 9 bs: 0.163231
205 216 383 474 719 892 1007 1014 1271 
#module 31 size: 15 bs: 0.187287
128 167 190 254 775 789 812 881 891 910 1016 1030 1048 1349 1354 
#module 32 size: 5 bs: 0.746671
395 535 771 936 1240 
#module 33 size: 28 bs: 0.226687
31 60 80 150 170 203 223 326 347 437 447 505 524 564 592 604 607 654 756 761 897 921 976 1132 1136 1190 1222 1352 
#module 34 size: 7 bs: 0.139814
65 143 290 725 811 824 985 
#module 35 size: 13 bs: 0.392376
18 145 192 346 398 491 568 668 743 753 840 1071 1333 
#module 36 size: 6 bs: 0.817702
276 305 428 612 952 1221 
#module 37 size: 17 bs: 0.868149
20 37 51 55 97 339 520 575 579 688 696 703 765 798 880 1202 1321 
#module 38 size: 15 bs: 0.103493
255 279 315 356 431 459 621 643 649 722 739 819 877 902 906 
#module 39 size: 16 bs: 0.235201
2 140 179 291 316 348 380 465 569 647 734 833 876 938 948 974 
#module 40 size: 24 bs: 1.00547
49 54 61 68 69 74 92 105 108 114 129 153 350 365 385 466 543 573 582 641 806 881 909 1092 
#module 41 size: 19 bs: 0.170735
81 135 213 228 275 325 345 382 576 597 610 642 666 962 963 1132 1224 1318 1353 
#module 42 size: 12 bs: 0.563936
183 256 374 497 554 670 679 723 912 957 977 1025 
#module 43 size: 16 bs: 0.685803
13 102 211 387 397 435 544 624 751 783 787 815 827 830 908 1028 
#module 44 size: 15 bs: 0.862515
25 30 98 214 319 361 389 443 452 553 594 695 732 820 851 
#module 45 size: 15 bs: 0.748616
6 118 196 286 373 439 472 531 750 822 862 903 917 928 1293 
#module 46 size: 15 bs: 0.721734
56 300 308 317 332 358 370 390 430 581 598 606 634 738 1209 
#module 47 size: 21 bs: 0.599192
58 62 109 119 137 158 161 259 288 293 454 470 541 559 578 615 620 752 759 823 905 
#module 48 size: 14 bs: 0.832222
68 125 141 153 216 227 251 258 285 512 755 939 954 1276 
#module 49 size: 12 bs: 0.901562
52 79 200 267 483 561 639 722 842 1196 1202 1258 
#module 50 size: 22 bs: 0.143399
71 79 94 116 188 240 272 335 388 406 426 446 464 476 559 615 727 731 803 804 890 1228 
#module 51 size: 10 bs: 0.151503
161 369 425 565 700 723 821 869 956 957 
#module 52 size: 6 bs: 0.648894
169 368 707 746 868 1373 
#module 53 size: 13 bs: 1.09833
5 268 405 441 460 662 718 726 760 857 860 979 1339 
#module 54 size: 14 bs: 0.474637
3 77 199 283 344 588 618 644 675 878 894 947 1014 1019 
#module 55 size: 14 bs: 0.981277
50 72 125 134 226 242 248 329 352 534 582 655 1012 1253 
#module 56 size: 46 bs: 0.269995
12 87 101 127 139 151 168 185 194 207 233 287 307 318 343 349 394 407 419 440 536 538 551 557 577 583 591 617 657 678 694 697 714 716 717 763 773 821 841 872 875 1031 1274 1282 1285 1315 
#module 57 size: 23 bs: 0.567739
35 123 160 198 246 292 330 364 404 448 533 540 605 658 663 686 735 801 818 911 955 1115 1325 
#module 58 size: 8 bs: 0.737692
199 232 261 309 767 852 1017 1246 
#module 59 size: 16 bs: 0.665351
66 79 124 152 156 271 320 335 408 425 608 665 693 748 1001 1120 
#module 60 size: 20 bs: 0.202622
26 195 238 270 433 563 572 650 690 708 729 758 792 794 886 898 930 1023 1218 1302 
#module 61 size: 13 bs: 0.757832
231 278 337 354 363 386 422 442 550 619 704 969 1362 
#module 62 size: 15 bs: 0.346258
1 63 107 130 274 279 304 321 585 733 764 855 870 947 1370 
#module 63 size: 8 bs: 0.600671
15 91 184 301 839 1010 1149 1283 
#module 64 size: 19 bs: 0.41592
27 33 78 136 137 149 189 280 372 559 609 654 689 701 828 844 960 1029 1326 
#module 65 size: 8 bs: 0.261079
17 165 168 219 312 334 367 381 
#module 66 size: 25 bs: 0.157255
70 76 99 103 177 225 229 236 241 262 296 351 357 391 539 549 571 600 631 711 796 814 994 1294 1366 
#module 67 size: 10 bs: 0.841773
16 235 375 461 645 705 932 1026 1267 1355 
#module 68 size: 9 bs: 1.08666
120 125 126 222 310 737 742 1099 1372 
#module 69 size: 21 bs: 0.736539
77 88 115 154 201 234 257 375 451 456 590 640 660 674 691 915 931 1058 1112 1183 1277 
#module 70 size: 33 bs: 0.951714
28 61 86 89 92 105 113 147 313 350 362 365 399 462 466 473 545 555 560 580 635 653 671 709 766 812 891 901 909 916 971 1020 1092 
