#module 0 size: 2 bs: 3.90228e-101
1180 6442 
#module 1 size: 2 bs: 1.26384e-09
4305 5396 
#module 2 size: 2 bs: 4.92681e-101
160 3952 
#module 3 size: 4 bs: 4.89579e-101
135 4295 4887 6182 
#module 4 size: 2 bs: 3.11747e-101
884 5063 
#module 5 size: 2 bs: 7.8328e-101
2278 4594 
#module 6 size: 3 bs: 7.3956e-101
9 1614 2841 
#module 7 size: 3 bs: 1.61748e-101
4001 4887 6160 
#module 8 size: 2 bs: 5.41401e-101
340 2050 
#module 9 size: 4 bs: 4.77518e-12
213 2618 3715 6636 
#module 10 size: 2 bs: 9.24845e-101
2425 3594 
#module 11 size: 2 bs: 3.94682e-101
2477 5341 
#module 12 size: 20 bs: 5.27031e-07
57 165 1571 1876 2224 2624 3559 3699 3815 3847 3977 4110 4520 4821 4853 5650 6026 6473 6482 6608 
#module 13 size: 2 bs: 2.45056e-102
2006 6542 
#module 14 size: 12 bs: 2.76067e-101
697 1792 2123 2179 2395 3146 3417 3646 4415 4974 5672 6708 
#module 15 size: 26 bs: 5.30673e-101
153 543 734 793 805 890 1020 1297 1326 1865 1897 1980 2654 2702 3252 3562 4388 4495 4919 5350 5461 5892 6093 6378 6633 6674 
#module 16 size: 2 bs: 5.90275e-101
589 3085 
#module 17 size: 2 bs: 6.97697e-101
809 5501 
#module 18 size: 2 bs: 9.34822e-101
5421 5478 
#module 19 size: 3 bs: 2.83954e-101
540 4213 4564 
#module 20 size: 3 bs: 9.27853e-101
2173 3409 6527 
#module 21 size: 2 bs: 4.95688e-101
6348 6522 
#module 22 size: 3 bs: 2.26812e-101
1407 2793 3586 
#module 23 size: 20 bs: 5.92416e-101
117 195 200 316 746 996 1241 1758 2127 2516 2544 2594 3916 4360 4450 4916 5351 5655 6112 6733 
#module 24 size: 7 bs: 8.08673e-101
6 1632 1654 3538 4901 5246 5957 
#module 25 size: 2 bs: 1.30368e-08
1212 4757 
#module 26 size: 6 bs: 5.41476e-101
1471 1861 1977 5059 5186 5392 
#module 27 size: 2 bs: 6.55508e-101
3436 6226 
#module 28 size: 2 bs: 6.08157e-101
3759 4400 
#module 29 size: 3 bs: 1.55431e-15
5287 5323 6238 
#module 30 size: 2 bs: 3.42528e-101
3430 3662 
#module 31 size: 10 bs: 3.74903e-101
630 710 2339 3128 3676 4364 4776 4794 4904 5954 
#module 32 size: 7 bs: 2.95788e-101
328 623 1593 2453 3209 4387 5337 
#module 33 size: 2 bs: 5.29218e-102
3280 6500 
#module 34 size: 7 bs: 3.47944e-12
2016 2306 3457 3604 3839 5285 5985 
#module 35 size: 3 bs: 8.70715e-101
2967 3342 6669 
#module 36 size: 13 bs: 2.10456e-101
183 594 712 1150 2198 2298 2545 3894 3919 4847 4948 5247 6508 
#module 37 size: 9 bs: 4.97179e-101
1275 1626 1902 1994 2402 2973 6067 6394 6526 
#module 38 size: 6 bs: 4.9133e-101
1134 2176 3268 4069 4817 5258 
#module 39 size: 4 bs: 4.27445e-101
935 3727 4453 5552 
#module 40 size: 3 bs: 3.47844e-101
1716 2635 4279 
#module 41 size: 4 bs: 8.14423e-101
4043 5360 6245 6313 
#module 42 size: 3 bs: 8.53695e-101
1376 4715 4768 
#module 43 size: 11 bs: 7.29301e-09
68 322 384 528 742 1356 1781 2004 2522 3115 6777 
#module 44 size: 3 bs: 8.88098e-101
1303 3083 4094 
#module 45 size: 9 bs: 6.19888e-05
457 1398 1433 2324 2926 4525 5140 6514 6562 
#module 46 size: 3 bs: 5.08902e-101
1472 1947 3414 
#module 47 size: 4 bs: 4.31682e-101
1151 3181 4472 6536 
#module 48 size: 8 bs: 8.40496e-101
214 304 683 2716 3495 4139 4238 4271 
#module 49 size: 14 bs: 7.6721e-08
768 1840 2019 3177 3867 4695 4767 4843 5554 5768 5956 6347 6848 6859 
#module 50 size: 2 bs: 6.06931e-101
1046 3965 
#module 51 size: 3 bs: 7.72116e-101
906 1252 4943 
#module 52 size: 15 bs: 7.10567e-10
1655 2084 2336 3366 3620 3764 4317 4325 5058 5526 5869 6045 6116 6591 6704 
#module 53 size: 6 bs: 2.20754e-101
510 915 1160 1981 5188 5382 
#module 54 size: 2 bs: 9.9972e-101
5551 6691 
#module 55 size: 2 bs: 8.06156e-101
390 3445 
#module 56 size: 2 bs: 9.16335e-101
1685 3792 
#module 57 size: 2 bs: 8.13244e-101
3512 3805 
#module 58 size: 4 bs: 1.57891e-101
3032 3897 5336 6137 
#module 59 size: 14 bs: 2.52687e-13
638 763 1078 1178 1903 1914 1976 1993 2493 3393 3529 4343 5369 5610 
#module 60 size: 20 bs: 1.57052e-06
124 267 439 669 754 823 1331 1425 2061 2373 2473 3059 3303 3554 5405 5439 5761 5994 6309 6810 
#module 61 size: 3 bs: 9.35047e-101
1483 2865 5605 
#module 62 size: 9 bs: 1.01154e-101
380 1726 2409 2747 3704 4140 4482 5202 6280 
#module 63 size: 3 bs: 1.25697e-101
402 871 4365 
#module 64 size: 5 bs: 3.66073e-101
1052 2220 3422 6159 6517 
#module 65 size: 2 bs: 7.98436e-101
5502 6717 
#module 66 size: 3 bs: 4.32461e-101
332 3010 6436 
#module 67 size: 3 bs: 4.51319e-101
479 3083 3567 
#module 68 size: 3 bs: 5.09689e-101
426 5403 6670 
#module 69 size: 3 bs: 2.39303e-101
2984 3910 4584 
#module 70 size: 6 bs: 4.78384e-103
635 2181 3856 4375 4797 6231 
#module 71 size: 3 bs: 2.25949e-102
3183 3267 6231 
#module 72 size: 22 bs: 9.70335e-14
45 99 603 891 949 1294 1622 1774 1913 2106 2221 2490 2697 3264 3292 3825 4416 5119 5923 6112 6494 6538 
#module 73 size: 5 bs: 3.17483e-101
696 732 3605 6159 6499 
#module 74 size: 2 bs: 4.4784e-101
1794 5750 
#module 75 size: 40 bs: 2.76667e-05
18 129 260 380 584 654 956 996 1272 1607 1755 1814 3231 3264 3647 3704 3867 3969 3977 4269 4277 4410 4503 4546 4620 5128 5141 5220 5581 5669 5912 6081 6103 6158 6180 6320 6527 6548 6648 6806 
#module 76 size: 5 bs: 2.00234e-101
57 1792 3061 4242 4949 
#module 77 size: 4 bs: 6.73068e-102
4423 4634 5651 6637 
#module 78 size: 2 bs: 3.1867e-101
1888 3651 
#module 79 size: 5 bs: 6.88368e-101
618 3253 4253 5174 6588 
#module 80 size: 3 bs: 5.75335e-101
2193 3310 5590 
#module 81 size: 21 bs: 9.34175e-12
403 934 1160 1281 1599 1999 2141 2153 2286 2521 2889 3542 4243 4524 4718 5423 5574 6268 6434 6443 6651 
#module 82 size: 60 bs: 1.11466e-12
298 432 463 482 483 495 620 685 754 808 989 1251 1433 1827 1966 1990 2280 2302 2606 2642 2833 2898 3026 3116 3177 3441 3522 3560 3575 3708 3817 3838 4101 4135 4389 4459 4517 4558 4577 4826 4880 5057 5085 5116 5134 5571 5737 5846 5898 5914 5934 6096 6244 6423 6528 6541 6590 6664 6724 6817 
#module 83 size: 37 bs: 1.08218
27 408 482 598 1184 1594 1765 1828 1991 2061 2071 2276 2475 2656 2660 2698 2757 2854 2873 3059 3080 3246 3266 3326 3485 3590 4150 4237 4601 5307 5452 5803 5992 6047 6186 6570 6692 
#module 84 size: 16 bs: 0.281631
232 444 942 1298 1873 2166 2888 3944 4215 4288 4339 4879 5264 5434 5770 6023 
#module 85 size: 7 bs: 0.39388
602 2342 3030 3361 3900 4861 6709 
#module 86 size: 10 bs: 0.557821
696 1051 2704 3773 4107 4777 5291 5701 5908 6825 
#module 87 size: 13 bs: 0.875293
746 1440 1863 2136 2286 2694 2755 3234 3913 4560 5169 5281 5424 
#module 88 size: 36 bs: 0.18315
162 370 762 889 1027 1206 1373 1411 1456 1589 1693 1770 2005 2524 2857 2988 3120 3257 3282 3928 3968 3997 4154 4692 4886 4990 5137 5312 5414 5659 5732 5850 6474 6629 6714 6838 
#module 89 size: 36 bs: 0.147071
163 394 1023 1202 1501 1700 1891 1978 2366 2464 2917 2929 2959 3043 3406 3455 3689 3749 3809 4156 4401 4442 4514 4590 4617 4639 4783 5009 5788 5843 5857 5885 6290 6336 6449 6475 
#module 90 size: 25 bs: 0.434962
113 538 868 1080 1081 1137 1637 1822 2466 2847 3202 3454 3904 4221 4378 4540 5197 5227 5241 5860 5874 6368 6433 6550 6602 
#module 91 size: 20 bs: 0.308305
193 334 824 1642 1727 1748 1749 1904 2003 2045 2347 3056 3508 3950 4219 5224 5232 5303 5686 5878 
#module 92 size: 12 bs: 0.862192
177 196 624 1788 1997 3336 3742 3961 4347 5542 6376 6688 
#module 93 size: 3 bs: 0.913032
250 5827 6557 
#module 94 size: 9 bs: 0.741644
2007 3760 4922 5963 6163 6655 6716 6779 6870 
#module 95 size: 11 bs: 1.07656
227 1690 2914 3427 4046 5145 5371 5662 6098 6125 6888 
#module 96 size: 3 bs: 0.970267
1271 2488 2853 
#module 97 size: 7 bs: 0.335313
1254 1729 2147 2216 2251 3614 4251 
#module 98 size: 7 bs: 0.424298
846 1536 4009 4636 5216 6426 6799 
#module 99 size: 7 bs: 0.501603
724 756 3040 3372 4478 4696 5889 
#module 100 size: 4 bs: 0.752153
529 4575 4733 5848 
#module 101 size: 12 bs: 1.03853
133 617 792 1005 1135 1510 1678 2047 2285 2881 3227 6578 
#module 102 size: 3 bs: 0.360998
4398 4882 6694 
#module 103 size: 6 bs: 0.704484
1114 1416 2405 2718 4012 4213 
#module 104 size: 20 bs: 0.641934
287 521 1092 1353 1609 2073 2977 2982 3012 3055 3070 3107 3328 3949 3962 4181 4518 4532 4610 6702 
#module 105 size: 6 bs: 0.614977
672 1276 2902 3034 4693 4939 
#module 106 size: 17 bs: 0.2343
245 418 450 557 1355 1772 2146 3355 3513 4265 4364 4999 5603 5617 6123 6264 6727 
#module 107 size: 12 bs: 0.920524
448 459 1565 2365 3213 3459 3971 4021 4386 5693 6515 6659 
#module 108 size: 7 bs: 0.382833
632 3301 3327 3564 6124 6561 6910 
#module 109 size: 10 bs: 1.01362
874 916 950 1610 4383 4858 5017 6576 6745 6794 
#module 110 size: 12 bs: 0.210884
172 2154 2511 2997 3363 4300 4366 5167 5412 5790 5930 6908 
#module 111 size: 9 bs: 0.57629
1209 2324 3646 3672 4901 5182 6005 6662 6708 
#module 112 size: 6 bs: 0.289852
2017 2382 3064 4531 4711 4758 
#module 113 size: 5 bs: 0.885919
278 609 1223 4842 6369 
#module 114 size: 7 bs: 0.714321
2087 2291 3765 4838 4969 5597 6735 
#module 115 size: 5 bs: 0.737806
90 452 2829 3806 5453 
#module 116 size: 14 bs: 0.293677
122 221 860 970 1367 1534 1683 1697 4312 4323 4597 5210 5428 5580 
#module 117 size: 3 bs: 0.629723
1618 3626 5598 
#module 118 size: 4 bs: 0.677471
1959 3279 3534 4847 
#module 119 size: 4 bs: 0.389099
2202 2484 3479 4199 
#module 120 size: 9 bs: 0.236507
576 741 1273 1606 2768 3739 4342 6341 6363 
#module 121 size: 5 bs: 0.291516
243 2993 3170 4338 5926 
#module 122 size: 17 bs: 0.690936
992 1474 1599 1955 2099 2631 2986 3063 4615 4630 4634 5238 5254 5544 6780 6839 6902 
#module 123 size: 4 bs: 0.550647
300 3249 3491 6472 
#module 124 size: 3 bs: 0.917312
1740 2088 5535 
#module 125 size: 6 bs: 0.522479
1296 2474 3113 3327 3684 6506 
#module 126 size: 6 bs: 0.162726
1024 2087 2122 2720 2777 5702 
#module 127 size: 6 bs: 0.911811
148 235 2635 3461 3470 3845 
#module 128 size: 36 bs: 0.417808
231 274 462 595 619 670 971 995 1282 1363 1730 2038 2231 2262 2268 2348 2446 2515 2539 2581 2839 3359 3444 3915 3921 4106 4175 4664 4824 4889 5010 5418 5634 5955 6105 6199 
#module 129 size: 7 bs: 1.0427
1280 1299 1365 2997 4044 4751 6620 
#module 130 size: 25 bs: 0.347479
1 222 424 603 1622 1777 1939 2245 2260 2482 2998 3135 3403 3796 4203 4416 4689 4869 4887 5179 6263 6379 6599 6760 6901 
#module 131 size: 6 bs: 0.152056
666 1877 2470 4258 4649 6383 
#module 132 size: 14 bs: 0.248483
1158 1306 1612 1756 1970 2677 2831 2911 3497 3896 4249 4517 4863 6360 
#module 133 size: 4 bs: 0.460348
1001 3274 4739 4763 
#module 134 size: 10 bs: 0.111821
308 505 1663 2441 4042 4048 4370 4468 5573 6756 
#module 135 size: 7 bs: 0.982374
169 1767 2283 3463 5903 6242 6521 
#module 136 size: 19 bs: 0.65618
953 1408 1583 1800 1996 2079 2256 2297 2305 2317 2360 2679 3577 4515 4781 4997 5104 5676 5773 
#module 137 size: 23 bs: 0.932488
477 657 800 870 1357 1939 2447 2711 2844 3153 3262 3731 4081 4293 4671 5052 5156 5363 5379 5928 6130 6668 6769 
#module 138 size: 11 bs: 0.585427
91 260 357 1554 2060 3532 4064 4951 5886 5951 6272 
#module 139 size: 18 bs: 0.422023
319 582 774 789 947 1676 1793 1988 2274 3127 3888 4138 4174 4526 4735 4760 6582 6725 
#module 140 size: 20 bs: 0.532225
472 879 1089 1216 1318 2000 2316 2882 3124 3245 3404 3826 4146 4190 4201 4216 4994 5758 6035 6533 
#module 141 size: 10 bs: 0.617132
508 1188 3247 4109 5316 5603 5683 5689 6059 6732 
#module 142 size: 22 bs: 0.208523
3 43 745 791 1257 1694 2311 2543 2578 3467 3503 3711 4147 4397 4462 4497 5745 6229 6269 6452 6456 6471 
#module 143 size: 7 bs: 0.72781
110 900 1940 2016 2779 5285 6822 
#module 144 size: 7 bs: 0.881988
615 880 1042 2967 4648 4981 5775 
#module 145 size: 3 bs: 1.03486
86 3937 5916 
#module 146 size: 5 bs: 0.439311
22 391 1752 3423 6510 
#module 147 size: 6 bs: 0.536754
2479 2551 2552 3891 4075 4119 
#module 148 size: 8 bs: 0.702832
614 2078 3068 3175 3775 4326 5230 5952 
#module 149 size: 6 bs: 0.47764
706 1062 2750 3363 4636 5491 
#module 150 size: 4 bs: 1.01002
15 2723 6177 6435 
#module 151 size: 6 bs: 0.132502
1215 2054 2601 2756 6524 6765 
#module 152 size: 4 bs: 0.231914
667 1016 5993 6450 
#module 153 size: 5 bs: 0.157716
1352 4539 4827 6419 6544 
#module 154 size: 6 bs: 0.155008
103 919 1665 2064 4710 5162 
#module 155 size: 7 bs: 0.10595
849 1960 3865 4301 4778 5704 6592 
#module 156 size: 11 bs: 0.575627
461 519 1288 1519 1535 1741 3013 3290 3300 5144 6480 
#module 157 size: 3 bs: 0.941458
2358 2442 2505 
#module 158 size: 7 bs: 1.0198
3291 3368 4363 4537 4743 5437 5919 
#module 159 size: 7 bs: 0.892297
291 532 828 899 5280 5357 6282 
#module 160 size: 12 bs: 1.00043
703 910 1017 1070 1115 1744 1817 3122 5471 5808 6436 6639 
#module 161 size: 9 bs: 1.0594
246 324 1106 2132 3322 4384 4872 4914 6680 
#module 162 size: 4 bs: 0.701679
386 1244 1258 2629 
#module 163 size: 9 bs: 0.458705
73 2953 3021 3981 4393 4971 5073 5245 5638 
#module 164 size: 7 bs: 0.14638
1385 1983 2633 5600 5726 5874 6211 
#module 165 size: 6 bs: 0.772007
720 3096 3187 4043 4333 5489 
#module 166 size: 6 bs: 0.696515
1252 1361 1712 1895 4956 5840 
#module 167 size: 34 bs: 0.690465
155 736 782 992 1391 1497 1530 1677 1768 1775 2188 2247 2264 2418 2465 2550 2732 3350 3371 3608 3670 3679 3687 4051 4640 4801 4803 5074 5358 5380 5420 5635 6162 6566 
#module 168 size: 10 bs: 0.714207
45 611 633 930 1211 1335 3165 4499 5246 6858 
#module 169 size: 8 bs: 0.480301
898 1118 1261 1265 2551 3258 3611 6120 
#module 170 size: 15 bs: 0.147063
562 842 1048 1745 2481 3217 3786 4045 5274 5614 5830 5975 6559 6783 6784 
#module 171 size: 16 bs: 0.300572
50 644 1474 2099 2412 2652 2682 2986 3507 3578 4121 4225 4377 4556 5019 6780 
#module 172 size: 3 bs: 0.629953
721 753 3982 
#module 173 size: 6 bs: 0.145393
1156 3757 4579 5423 6053 6583 
#module 174 size: 11 bs: 0.351669
99 269 1147 1999 2602 4392 4566 6134 6391 6619 6685 
#module 175 size: 6 bs: 0.719213
2368 2808 3147 4067 6022 6115 
#module 176 size: 6 bs: 0.408991
576 1812 2117 4023 5640 6343 
#module 177 size: 4 bs: 0.125255
313 556 6432 6497 
#module 178 size: 7 bs: 0.534095
3012 3151 3808 3930 4246 4848 6772 
#module 179 size: 29 bs: 0.84098
268 385 495 636 669 769 799 881 1007 1400 1629 1790 1909 1921 2486 2573 2617 3094 3143 3173 3560 4055 4209 4796 5052 6326 6660 6695 6771 
#module 180 size: 7 bs: 0.27338
9 1450 2110 2471 5591 6213 6693 
#module 181 size: 6 bs: 0.957874
865 2230 3330 4119 4422 6713 
#module 182 size: 14 bs: 0.997272
625 667 1178 1787 2437 2765 2946 3276 3529 3632 3739 4342 4345 6671 
#module 183 size: 10 bs: 0.846788
152 1979 3010 3051 3198 4119 4440 4933 6389 6813 
#module 184 size: 7 bs: 0.755994
1321 2563 2670 4815 5265 5400 6074 
#module 185 size: 27 bs: 0.94591
142 353 836 1117 1460 1799 1844 2008 2459 2553 3031 3226 3335 3376 4211 4394 4995 5021 5075 5082 5135 5220 5563 6048 6734 6801 6847 
#module 186 size: 21 bs: 0.231027
173 297 913 1077 1195 1310 1422 1650 2162 2811 3537 3597 3722 4160 4266 4671 5334 5795 6003 6366 6737 
#module 187 size: 130 bs: 0.266609
82 144 147 257 366 412 428 449 553 639 645 659 776 779 797 807 840 848 862 901 902 904 927 975 1049 1083 1085 1165 1314 1320 1461 1479 1559 1567 1572 1601 1699 1720 1858 1896 1926 2018 2091 2212 2379 2419 2483 2587 2644 2667 2825 2840 2891 2975 2999 3260 3383 3415 3429 3432 3481 3545 3555 3686 3716 3733 3768 3864 3877 4065 4074 4145 4148 4257 4350 4353 4381 4461 4469 4506 4604 4631 4642 4647 4678 4679 4717 4791 4850 4854 5029 5030 5070 5165 5277 5279 5305 5328 5349 5645 5661 5674 5681 5815 5828 5842 5947 5967 5976 6039 6062 6083 6185 6198 6241 6286 6334 6395 6427 6428 6485 6503 6545 6589 6610 6618 6625 6676 6730 6826 
#module 188 size: 9 bs: 0.223047
839 1305 2236 2461 2552 2915 3660 6095 6187 
#module 189 size: 4 bs: 0.42011
132 5549 6486 6843 
#module 190 size: 21 bs: 0.523477
183 594 954 1071 1415 1711 1784 1941 2221 2545 3203 3255 3287 3391 3490 3741 3935 4137 4983 5541 6849 
#module 191 size: 13 bs: 0.124143
35 118 690 1068 1091 1603 1680 2119 2630 2703 3879 4651 5948 
#module 192 size: 8 bs: 0.808063
741 1377 2669 2778 2783 4441 4653 5058 
#module 193 size: 10 bs: 0.824247
61 559 876 2182 3190 3354 3574 4765 6524 6682 
#module 194 size: 5 bs: 0.108049
2345 2787 2813 4507 6508 
#module 195 size: 7 bs: 0.521529
77 247 1128 2269 5942 6560 6851 
#module 196 size: 11 bs: 0.745357
141 835 1735 2206 2491 2568 3671 4331 6275 6393 6555 
#module 197 size: 26 bs: 0.74958
149 344 738 1066 1067 1798 1905 2159 2232 2293 2735 2797 3024 3092 3155 4004 4063 4073 4592 4800 4942 5325 6001 6016 6072 6382 
#module 198 size: 3 bs: 0.655846
1008 1880 5780 
#module 199 size: 29 bs: 0.978804
419 619 976 1351 1451 1525 2180 2282 2325 2528 2668 3161 3180 3920 4118 4152 4232 4447 4586 4755 5006 5286 5352 5418 5427 5738 5783 6422 6496 
#module 200 size: 4 bs: 0.467555
3639 5309 6259 6687 
#module 201 size: 3 bs: 0.99176
744 830 5076 
#module 202 size: 9 bs: 0.562138
470 597 2658 2681 3500 4849 5829 5841 5982 
#module 203 size: 7 bs: 0.343072
599 1262 1887 2700 3029 4163 5261 
#module 204 size: 10 bs: 0.342833
442 506 1104 2267 2728 2780 4500 4977 5244 6483 
#module 205 size: 27 bs: 0.219886
294 306 391 1144 1443 1582 1624 1973 2243 2449 2517 2520 2586 2836 2900 3794 4193 5401 5512 5609 5779 6096 6165 6206 6362 6804 6855 
#module 206 size: 16 bs: 0.803628
735 1005 1031 1373 1732 2319 2354 3126 3883 3957 4130 4490 4628 5026 5653 6774 
#module 207 size: 9 bs: 0.603697
157 2448 3082 3270 3675 4060 4970 6529 6622 
#module 208 size: 28 bs: 0.943078
251 430 1256 1286 1338 1682 2355 2776 3167 3211 3224 3784 3834 3984 4134 4167 4413 4627 5223 5324 5933 5958 6077 6271 6283 6292 6569 6677 
#module 209 size: 7 bs: 0.487644
943 1873 2026 2070 2163 5731 6678 
#module 210 size: 5 bs: 0.871648
3179 5243 5961 6234 6581 
#module 211 size: 17 bs: 0.939937
26 156 396 784 1208 1312 2443 2579 2934 3112 3691 4547 4732 5269 5858 6411 6492 
#module 212 size: 13 bs: 0.679352
374 530 752 758 1436 2503 3995 4111 4197 4245 4346 5201 6301 
#module 213 size: 8 bs: 0.357215
559 1055 1154 1628 3330 4332 6117 6643 
#module 214 size: 6 bs: 0.323695
1340 3437 3690 4299 4701 4708 
#module 215 size: 7 bs: 1.07452
4039 4527 4667 5632 5719 6293 6409 
#module 216 size: 9 bs: 0.955186
240 474 1935 2118 3169 3219 3659 4418 5001 
#module 217 size: 10 bs: 0.626434
175 336 429 1428 1789 3212 3613 5378 5826 6172 
#module 218 size: 20 bs: 0.10313
20 254 413 617 743 1270 1704 1884 2255 2331 2671 3129 3830 3989 4095 4608 4762 4812 5711 6645 
#module 219 size: 9 bs: 1.06292
725 1390 2966 3680 3931 4352 4600 4943 4989 
#module 220 size: 24 bs: 0.520039
398 468 475 1176 1378 1655 1918 2059 2421 2468 2800 2978 3125 3419 3858 3947 4050 4058 4680 6142 6148 6479 6766 6869 
#module 221 size: 9 bs: 0.325112
17 1557 1606 3157 3242 4318 4773 5852 6828 
#module 222 size: 44 bs: 1.01587
10 218 290 585 712 740 775 974 1088 1129 1384 1410 1543 1570 1598 1689 1922 2081 2410 2558 2608 2653 3221 3233 3299 3397 3400 3724 3925 4105 4202 4280 4425 4490 4588 4924 5217 5510 5593 5688 6193 6634 6701 6774 
#module 223 size: 8 bs: 0.225192
312 577 973 1225 1870 2752 3385 3972 
#module 224 size: 11 bs: 0.590367
371 409 1841 2121 2886 4609 4634 5865 5972 6049 6221 
#module 225 size: 23 bs: 0.902992
260 447 951 1616 1836 2069 2320 2556 2560 3195 3237 3554 3890 4008 4137 4223 4424 5024 5456 5559 5707 6192 6741 
#module 226 size: 6 bs: 0.513521
565 1995 2796 3901 4027 5193 
#module 227 size: 11 bs: 0.907297
19 282 321 1687 1688 1981 2625 3388 5709 6076 6705 
#module 228 size: 16 bs: 0.990156
207 264 2143 2217 3338 3527 3908 4029 4221 4684 4764 5499 6108 6191 6532 6577 
#module 229 size: 6 bs: 1.0328
18 1826 2365 3144 3346 4716 
#module 230 size: 5 bs: 0.707955
1267 1899 2161 4638 5517 
#module 231 size: 5 bs: 0.92978
939 2562 2835 6614 6845 
#module 232 size: 11 bs: 0.192056
510 1160 2361 2594 3185 3812 3850 5393 6018 6346 6862 
#module 233 size: 12 bs: 1.04746
170 369 896 1002 1753 2175 3052 3172 3433 3440 3922 5194 
#module 234 size: 17 bs: 0.888066
74 465 1076 2439 2554 3111 3706 4085 4289 4578 4736 5224 5520 5562 6161 6375 6807 
#module 235 size: 13 bs: 0.143826
253 462 733 1579 2046 2174 2432 2559 3004 4162 4470 4841 5557 
#module 236 size: 15 bs: 0.218282
443 822 1043 1264 1704 1718 2369 3377 4608 4788 5536 5804 6380 6465 6698 
#module 237 size: 69 bs: 1.00761
36 161 237 242 420 591 592 616 711 750 787 834 864 948 990 1047 1142 1434 1442 1491 1506 1674 1805 1882 1989 2080 2128 2160 2795 2964 3057 3069 3118 3145 3186 3379 3401 3705 3991 4123 4186 4204 4210 4256 4457 4494 4699 4720 4729 4759 4823 4834 5027 5131 5187 5228 5321 5367 5372 5527 5615 5649 5739 5764 5825 5921 6118 6295 6605 
#module 238 size: 5 bs: 0.887542
1580 2537 3296 5941 6489 
#module 239 size: 5 bs: 0.633976
518 1658 2650 3210 5607 
#module 240 size: 26 bs: 1.09633
574 686 1012 1082 1166 1220 1942 2349 2733 2758 2766 2814 2976 3087 3565 3631 3669 4127 4208 4574 5023 5642 6007 6017 6145 6584 
#module 241 size: 18 bs: 0.675989
365 493 554 1231 1248 1294 1868 1939 1946 2298 2318 2751 4416 4435 5034 5518 5769 6405 
#module 242 size: 5 bs: 0.241239
1640 2855 3641 5098 5821 
#module 243 size: 14 bs: 0.386849
209 1360 1692 2416 2872 3707 3763 4482 4857 4905 5127 5789 5800 6580 
#module 244 size: 11 bs: 0.857828
593 1811 2198 3766 4006 4570 4677 4811 4839 5730 6085 
#module 245 size: 53 bs: 0.446985
94 136 249 523 586 628 688 986 1032 1085 1159 1382 1734 1736 1816 1860 1928 1959 2039 2190 3047 3111 3133 3450 3498 3563 3648 3881 3923 3934 4071 4340 4656 4979 4986 5111 5178 5186 5248 5515 5548 5644 5645 5675 5786 5810 5931 5960 5978 6364 6616 6719 6793 
#module 246 size: 45 bs: 0.135093
75 352 414 416 731 1035 1060 1069 1130 1157 1489 1533 1771 1902 2028 2145 2214 2655 2675 2765 3158 3251 3289 3295 3320 3473 3632 3637 3791 4176 4719 4925 5121 5715 5873 5929 6071 6139 6215 6248 6290 6401 6600 6690 6900 
#module 247 size: 6 bs: 0.762324
41 2933 3178 4265 4292 5550 
#module 248 size: 7 bs: 0.68191
417 1029 2609 3598 4395 4723 6052 
#module 249 size: 16 bs: 0.707333
119 467 777 1675 2401 2652 2856 2971 3683 3948 4149 4616 5623 5643 5847 6484 
#module 250 size: 22 bs: 0.147031
285 541 888 986 1022 1131 1243 1830 1928 2360 2375 3367 4484 4503 4656 4659 4986 5178 5644 6166 6364 6811 
#module 251 size: 43 bs: 0.282164
150 182 478 533 683 814 985 1110 1112 1269 1782 2111 2277 2351 2396 2424 2664 2901 2951 3041 3162 3232 3240 3802 3902 3943 4030 4139 4255 4271 4372 4542 4585 4625 4910 4941 5157 5444 5891 6176 6371 6675 6861 
#module 252 size: 10 bs: 0.962728
816 2039 2714 3601 4589 5416 6356 6527 6796 6856 
#module 253 size: 11 bs: 0.780799
520 2672 2715 2860 3298 3882 4116 4309 4543 5206 5253 
#module 254 size: 13 bs: 0.557959
339 678 700 747 1469 2438 3228 3311 4053 4097 5296 5368 6182 
#module 255 size: 5 bs: 0.616582
882 3115 3599 4253 6203 
#module 256 size: 5 bs: 0.856372
2859 3171 3201 4406 6410 
#module 257 size: 6 bs: 0.956575
2996 4172 4623 5412 6778 6886 
#module 258 size: 7 bs: 0.993407
670 1336 2083 3667 5301 5832 5868 
#module 259 size: 8 bs: 0.848754
64 708 1746 2215 2387 4638 5724 6736 
#module 260 size: 9 bs: 0.341391
421 542 671 1890 2067 3073 3596 3779 5962 
#module 261 size: 23 bs: 0.689064
130 181 656 729 1167 1186 1285 1349 2337 2420 2786 2969 3685 3722 3736 3774 4714 4806 5114 5532 5752 5987 6255 
#module 262 size: 16 bs: 0.807413
681 1099 1274 2338 2958 3384 3643 3748 3816 3833 4084 4314 4581 4780 4986 6689 
#module 263 size: 20 bs: 0.317135
49 211 567 722 1148 1709 1951 2194 3443 3776 3857 4229 4356 4512 4565 6012 6079 6126 6358 6722 
#module 264 size: 4 bs: 0.464039
2222 2883 3912 4703 
#module 265 size: 5 bs: 0.446927
772 2377 3730 4103 5100 
#module 266 size: 15 bs: 0.665978
95 216 547 670 1242 1555 1820 2478 4393 5422 6299 6421 6445 6840 6922 
#module 267 size: 11 bs: 0.916179
513 558 831 1230 1268 1719 2896 3807 4992 5753 6304 
#module 268 size: 16 bs: 0.680298
397 802 984 1388 1684 1695 2676 3130 5146 5152 5505 5742 5744 5753 5959 6623 
#module 269 size: 15 bs: 0.982529
1170 2482 2831 3062 3113 3431 3765 4355 4756 5161 5385 5695 6166 6260 6362 
#module 270 size: 7 bs: 0.440881
600 1171 1851 2531 3160 4637 4645 
#module 271 size: 26 bs: 0.546839
42 1619 1765 2211 2369 2427 2878 2983 3072 3079 3208 3421 3777 4161 4691 5109 5354 5534 5611 5728 6018 6129 6339 6516 6518 6812 
#module 272 size: 5 bs: 0.328282
3822 5809 6055 6673 6711 
#module 273 size: 5 bs: 0.734515
237 1969 4955 6498 6800 
#module 274 size: 73 bs: 0.554797
43 97 234 270 350 499 711 893 969 1047 1097 1120 1142 1164 1237 1301 1332 1368 1475 1512 1558 1785 1967 1989 2072 2229 2323 2328 2332 2407 2534 2607 2964 3069 3091 3097 3118 3379 3392 3458 4122 4281 4319 4444 4479 4489 4657 4699 4713 4729 4790 4867 4932 5036 5084 5107 5276 5315 5588 5615 5739 5760 5791 5814 6029 6138 6285 6294 6399 6481 6605 6883 6923 
#module 275 size: 11 bs: 0.706157
23 812 1026 1250 2595 4928 4943 5067 5457 5866 6088 
#module 276 size: 12 bs: 0.125996
1259 1916 2312 2613 3540 4080 4321 5039 5267 5496 5696 6119 
#module 277 size: 5 bs: 1.02367
3261 3394 4833 5037 5288 
#module 278 size: 26 bs: 0.653943
202 806 952 1166 1187 1369 1405 1424 1923 1934 2054 2164 2744 2932 2980 3378 3380 3955 4011 5088 5625 5938 5996 6110 6679 6785 
#module 279 size: 29 bs: 0.217328
188 202 825 897 1198 1383 1405 1576 2288 2663 2759 2773 2972 3078 3297 3533 4157 4802 4896 5359 6094 6110 6195 6227 6327 6408 6595 6785 6878 
#module 280 size: 7 bs: 0.263491
52 1482 1837 2370 4082 4779 5205 
#module 281 size: 13 bs: 0.363035
371 712 1003 1375 2226 3235 3413 3519 3729 5205 5662 5720 6534 
#module 282 size: 5 bs: 0.308695
1354 3375 3625 5110 5441 
#module 283 size: 8 bs: 1.07848
530 537 1473 2100 3025 3317 3499 5558 
#module 284 size: 5 bs: 0.648385
798 1183 2960 3682 6790 
#module 285 size: 11 bs: 0.850234
365 713 748 3113 3269 3483 4165 4820 4900 4987 5602 
#module 286 size: 8 bs: 0.712502
1653 1796 2219 2527 3206 4454 4509 5998 
#module 287 size: 119 bs: 0.695804
25 34 53 60 62 80 151 210 230 233 347 356 425 446 454 478 526 531 561 605 641 785 814 914 1018 1095 1227 1260 1481 1502 1504 1541 1564 1573 1578 1617 1652 1849 1920 1956 1982 2068 2203 2208 2359 2385 2604 2619 2648 2731 2736 2769 2849 2867 2879 2885 2904 3034 3137 3139 3254 3331 3356 3420 3525 3609 3710 3746 3793 3798 3835 3886 3954 4093 4148 4179 4191 4198 4212 4217 4376 4379 4429 4582 4619 4675 4694 4809 4813 4873 4891 4955 5089 5199 5207 5257 5266 5314 5342 5572 5687 5698 5805 5943 5973 5991 6183 6200 6251 6318 6335 6499 6525 6565 6568 6597 6726 6775 6780 
#module 288 size: 14 bs: 0.14753
466 473 1733 1892 2861 3333 3623 3804 4535 4649 5212 5671 6383 6585 
#module 289 size: 7 bs: 0.47881
1527 1634 2440 2610 4119 4359 5901 
#module 290 size: 7 bs: 0.670942
9 102 818 2574 2659 4102 4192 
#module 291 size: 10 bs: 1.08488
826 968 1302 1316 1647 1688 2210 4024 4197 5525 
#module 292 size: 5 bs: 0.418958
1038 3985 4583 5699 6060 
#module 293 size: 6 bs: 0.555332
1126 1778 2850 3751 4014 5329 
#module 294 size: 7 bs: 0.761487
1329 4222 5209 5712 5801 5822 6352 
#module 295 size: 3 bs: 1.06809
1807 5807 6323 
#module 296 size: 4 bs: 0.178325
411 1238 4591 6764 
#module 297 size: 7 bs: 1.08046
471 647 2557 2788 3866 4407 5233 
#module 298 size: 9 bs: 0.234284
405 1402 1587 1606 2333 3573 5278 5834 6815 
#module 299 size: 12 bs: 0.674146
701 869 1119 2029 2238 2540 3758 4126 4235 4528 4860 6107 
#module 300 size: 4 bs: 0.898558
70 464 1194 5853 
#module 301 size: 6 bs: 0.75217
2438 3123 5118 5399 5884 6493 
#module 302 size: 13 bs: 0.415579
301 407 716 1020 1908 2041 2480 3090 3820 4086 5355 5366 6164 
#module 303 size: 4 bs: 0.296585
2408 2876 3002 4763 
#module 304 size: 11 bs: 0.492146
494 2819 2910 3526 3769 4005 4239 4267 4284 4344 4652 
#module 305 size: 11 bs: 0.591375
365 597 1575 1728 2350 2996 3358 4037 4263 5255 6844 
#module 306 size: 16 bs: 0.75412
101 116 447 1033 1304 3613 3681 3825 4057 4774 5654 6085 6292 6362 6451 6876 
#module 307 size: 15 bs: 0.601811
47 106 189 310 1591 2044 2673 3035 3936 4173 4967 4988 5124 5373 6919 
#module 308 size: 9 bs: 0.728953
966 1173 2583 2632 4180 5409 6075 6296 6740 
#module 309 size: 7 bs: 0.752893
2376 2411 3294 3992 4010 4455 5094 
#module 310 size: 31 bs: 0.824013
283 387 481 555 937 1556 1952 2120 2127 2386 2792 2903 3020 3071 3490 3535 3536 3636 3712 4405 4439 4832 4913 5258 5450 5503 5543 6099 6121 6262 6374 
#module 311 size: 6 bs: 0.652199
648 1949 3767 4320 4634 5211 
#module 312 size: 12 bs: 0.848392
655 813 955 994 1533 1737 2165 2641 2832 3295 4228 4920 
#module 313 size: 5 bs: 0.712524
1937 2213 2862 4384 4393 
#module 314 size: 13 bs: 0.562845
512 549 1381 2118 2142 2688 3411 4451 4930 5154 6114 6604 6744 
#module 315 size: 11 bs: 0.603262
21 381 699 778 3496 3697 3824 4254 6051 6508 6791 
#module 316 size: 7 bs: 0.26648
1581 3572 4183 4334 4907 5016 6040 
#module 317 size: 17 bs: 0.236392
501 1465 1477 1602 1801 2249 3148 3332 3829 4563 4876 4955 5251 5970 6113 6133 6340 
#module 318 size: 18 bs: 0.427699
38 360 683 1337 1505 1723 1808 1965 2892 2992 3693 3695 4030 4139 5262 5270 5435 6355 
#module 319 size: 9 bs: 0.184176
522 637 1495 2032 2523 3215 3288 5078 5119 
#module 320 size: 15 bs: 0.239373
299 317 367 548 583 780 1993 2685 3075 3174 4408 5047 5054 5522 5939 
#module 321 size: 11 bs: 0.402624
105 208 981 1291 1835 3914 4613 5626 6042 6044 6531 
#module 322 size: 10 bs: 1.08353
828 994 2209 2785 2950 4535 5608 5749 6747 6773 
#module 323 size: 6 bs: 1.0525
281 2206 2985 4469 6050 6328 
#module 324 size: 5 bs: 0.725861
2114 3396 3770 4090 5733 
#module 325 size: 16 bs: 0.856764
51 226 568 872 1121 1915 2103 2219 2362 3936 3993 4853 5383 5456 5563 5966 
#module 326 size: 18 bs: 0.617539
843 1096 1315 1392 1732 2053 2319 2618 2765 3259 3632 4753 4881 5561 6312 6406 6556 6671 
#module 327 size: 4 bs: 0.122276
1615 3324 3373 6082 
#module 328 size: 29 bs: 0.737032
83 524 754 1109 1226 1722 1779 1824 1827 1838 2124 2139 2196 2462 2927 3494 3539 4049 4391 4459 4629 5218 5513 5516 5538 5737 5914 6216 6615 
#module 329 size: 48 bs: 0.394216
18 363 379 424 668 967 1021 1133 1195 1295 1607 2031 2171 2620 2642 2725 2830 2927 3231 3376 3441 3492 3622 3804 4092 4304 4308 4337 4360 4508 4546 4577 4789 4843 4913 4935 5087 5119 5622 6310 6367 6385 6425 6524 6598 6652 6724 6909 
#module 330 size: 16 bs: 0.892196
434 1278 1713 2023 2234 2657 2734 4030 4456 5221 5252 5317 5435 5444 5839 6675 
#module 331 size: 5 bs: 0.377376
1735 4825 5377 6267 6761 
#module 332 size: 10 bs: 0.489249
485 1149 2002 2303 4214 5012 5322 5718 6144 6212 
#module 333 size: 9 bs: 1.06742
2433 3132 3262 3312 4066 4405 5356 5504 6112 
#module 334 size: 17 bs: 1.05682
946 1073 1158 1561 2480 3210 3231 3364 3541 4151 4195 4622 5086 5158 5164 5849 6388 
#module 335 size: 30 bs: 0.322419
33 48 117 267 298 669 920 1279 1386 1621 2538 2582 2612 3194 3619 3663 4158 4367 4391 4852 4954 4959 5171 5408 5432 5923 5986 6509 6650 6776 
#module 336 size: 20 bs: 0.762612
322 1143 1804 1881 1968 2290 2315 2532 2536 2848 3370 3621 3906 4171 4280 4504 4926 5159 6523 6678 
#module 337 size: 4 bs: 0.170301
2651 5703 6086 6279 
#module 338 size: 10 bs: 0.312903
613 1850 1908 2153 2170 2340 2913 5072 5677 6879 
#module 339 size: 18 bs: 0.788632
76 742 822 837 1750 1914 2101 2708 2801 3830 3832 3938 4041 4351 5464 5616 6188 6607 
#module 340 size: 48 bs: 0.738583
1 644 777 788 1721 1774 1814 2011 2098 2299 2300 2309 2437 2507 2823 3042 3136 3231 3239 3323 3514 3818 3823 3867 3994 4185 4200 4361 4385 4414 4415 4476 4577 5099 5122 5231 5440 5531 5773 6000 6027 6150 6310 6455 6598 6635 6709 6724 
#module 341 size: 27 bs: 0.570857
302 439 545 551 754 1754 1836 2445 2474 2900 3062 3142 3167 3241 3397 3539 3561 4170 4491 5068 5454 5817 5979 6136 6404 6627 6668 
#module 342 size: 4 bs: 0.796884
125 2228 2398 5494 
#module 343 size: 11 bs: 0.672057
664 1289 2184 2286 2692 3366 3620 3668 4477 5395 5569 
#module 344 size: 8 bs: 0.54906
717 728 1000 1053 3131 3723 5055 5324 
#module 345 size: 4 bs: 0.182947
276 1592 1869 5722 
#module 346 size: 20 bs: 0.370616
31 316 373 580 636 673 1706 3018 3439 3557 3647 3701 3732 3790 4788 4826 5057 5660 6151 6642 
#module 347 size: 24 bs: 0.344283
184 1433 1625 2123 2157 2179 2514 2584 2817 3023 3417 3520 3521 3593 3734 3817 3909 3967 4252 4662 4712 5116 6461 6590 
#module 348 size: 14 bs: 0.205078
607 1640 1974 3062 3674 3890 4006 4355 4519 5105 5877 6069 6639 6840 
#module 349 size: 21 bs: 0.707461
502 595 636 1033 1363 1584 1608 1944 2499 3344 3679 3876 4089 4375 4437 4569 5164 5634 6104 6398 6469 
#module 350 size: 4 bs: 0.524193
2356 2627 2912 4403 
#module 351 size: 6 bs: 0.376735
817 1664 2200 2614 4987 6567 
#module 352 size: 7 bs: 0.703435
139 781 1217 2414 3285 4660 5018 
#module 353 size: 10 bs: 0.998905
176 1649 1957 3478 3523 5488 5515 5651 6189 6386 
#module 354 size: 11 bs: 0.266848
192 761 1281 1552 2042 3060 3141 4331 4635 5136 6392 
#module 355 size: 15 bs: 0.474968
317 548 837 847 1179 1780 2094 3553 4002 4593 4865 5636 5911 6202 6501 
#module 356 size: 4 bs: 0.524727
695 2575 3451 5364 
#module 357 size: 8 bs: 0.742974
1414 1575 2454 2472 2678 4555 4996 5893 
#module 358 size: 6 bs: 1.04803
751 1118 1931 2585 4078 5370 
#module 359 size: 8 bs: 0.236157
811 941 1057 3627 4773 4782 5184 5272 
#module 360 size: 8 bs: 0.635739
410 569 1485 2858 6135 6476 6549 6586 
#module 361 size: 10 bs: 0.777995
1898 1998 2796 3745 4335 4541 5480 5637 5680 6122 
#module 362 size: 10 bs: 0.524293
677 1671 2189 2582 3584 4740 5130 5331 5767 6787 
#module 363 size: 19 bs: 0.917106
85 171 201 788 1083 1413 1426 1556 2791 3222 3907 3978 4498 5032 5540 5723 6317 6320 6354 
#module 364 size: 14 bs: 0.475188
115 518 854 1555 2257 2322 3149 3265 3489 4718 5038 5040 5095 5796 
#module 365 size: 13 bs: 0.264023
78 225 832 991 2095 3199 3940 4475 4634 5044 5778 5875 6208 
#module 366 size: 8 bs: 0.27615
945 1317 1631 2308 3099 5264 5772 6397 
#module 367 size: 15 bs: 0.181137
142 489 642 2621 2749 2939 3393 3800 4884 5293 5618 5861 5922 6381 6641 
#module 368 size: 7 bs: 0.813588
1508 1635 2225 4082 5143 5798 5980 
#module 369 size: 9 bs: 0.581429
52 255 608 1229 1397 1846 2866 4917 6232 
#module 370 size: 10 bs: 0.346062
663 920 1304 3165 3962 4915 5533 6170 6250 6721 
#module 371 size: 4 bs: 0.691697
1773 3114 3352 5125 
#module 372 size: 8 bs: 0.31568
563 1662 1691 2310 3192 3979 5176 6621 
#module 373 size: 12 bs: 0.25217
1322 2140 3567 3725 3828 3893 4964 4974 5001 5037 5368 6612 
#module 374 size: 11 bs: 0.532941
6 977 1549 2125 2333 2691 3899 4290 4334 5423 5910 
#module 375 size: 4 bs: 0.569387
737 2526 3036 3524 
#module 376 size: 5 bs: 0.949967
1853 1901 3849 3932 4141 
#module 377 size: 8 bs: 0.903554
185 863 2897 5382 5725 6041 6179 6888 
#module 378 size: 11 bs: 0.574411
145 1178 1839 2504 3349 3942 4098 4117 4282 4438 6235 
#module 379 size: 8 bs: 0.589692
184 892 1834 2015 2240 2480 4864 5785 
#module 380 size: 9 bs: 1.05866
552 571 783 2169 2686 4302 4413 5284 6292 
#module 381 size: 7 bs: 0.738689
178 612 768 2890 3502 3580 6792 
#module 382 size: 13 bs: 0.480952
120 979 1917 2431 2628 2990 3166 3737 3918 4226 5313 6025 6827 
#module 383 size: 6 bs: 0.654345
1537 1759 2185 2598 3278 4467 
#module 384 size: 16 bs: 0.437075
66 87 601 820 1467 1911 2043 2187 3709 3762 3889 4104 4431 5456 6020 6319 
#module 385 size: 16 bs: 0.870368
307 604 761 1639 1925 1929 2055 2884 3086 3098 4098 4287 5051 6308 6506 6741 
#module 386 size: 11 bs: 0.684096
89 768 804 1225 2384 3496 3688 4166 4748 5751 6547 
#module 387 size: 12 bs: 0.757248
226 229 338 1102 1818 3576 3848 4342 5339 5528 5849 6320 
#module 388 size: 4 bs: 0.236099
2754 3425 5493 5519 
#module 389 size: 4 bs: 0.361909
415 544 4493 4602 
#module 390 size: 33 bs: 0.688573
128 179 323 439 799 928 989 1079 1181 1221 1547 1722 1961 1986 2179 2612 3023 3156 3369 3619 3640 3848 3856 3892 3963 4391 4530 4787 4974 5530 5629 6434 6738 
#module 391 size: 10 bs: 1.05153
755 960 1019 1855 2724 3426 4133 4246 5668 6505 
#module 392 size: 19 bs: 0.338124
72 579 909 1199 1574 1583 2035 2191 2195 2344 2535 2706 3319 3677 4072 4668 4798 4846 5546 
#module 393 size: 12 bs: 0.836634
206 773 856 1058 1532 1724 2172 3274 3787 3885 5443 5647 
#module 394 size: 12 bs: 0.53789
1213 1971 2380 2430 3089 3416 5462 5621 5881 6015 6361 6661 
#module 395 size: 7 bs: 0.364902
2186 3074 3108 3151 3412 4108 5851 
#module 396 size: 25 bs: 0.323524
268 819 1133 1189 1874 1974 2025 2109 2221 2790 3026 3273 3410 3510 3832 4083 4367 4369 4438 5015 5085 6141 6260 6266 6667 
#module 397 size: 14 bs: 0.263744
78 372 391 509 1624 1673 3060 3595 3681 4113 5035 5624 5851 6170 
#module 398 size: 5 bs: 0.335068
803 1306 3589 3964 5584 
#module 399 size: 10 bs: 0.849534
289 875 1548 1590 2803 3859 3874 4013 4795 6013 
#module 400 size: 3 bs: 0.542716
631 3188 5639 
#module 401 size: 39 bs: 0.812951
121 692 1214 1234 1236 1277 1423 1486 1607 1776 1990 2260 2304 2364 2401 2462 2652 2956 3059 3339 3434 3577 3630 3661 3683 3980 4270 4285 4556 4938 5467 5569 5627 5664 5735 6184 6254 6325 6891 
#module 402 size: 19 bs: 0.505352
271 308 495 1281 1624 2155 2600 3284 3431 3438 3971 4006 4019 4423 4426 4893 5007 5927 5944 
#module 403 size: 8 bs: 0.812704
146 286 1404 2525 4126 5556 5700 6261 
#module 404 size: 7 bs: 1.03649
256 917 1664 1842 2576 6058 6567 
#module 405 size: 42 bs: 0.240478
158 167 660 691 801 1153 1403 1459 1598 1661 1670 1672 1893 1919 1985 2149 2248 2571 2870 2906 3119 3199 3842 4240 4368 4390 4436 4534 4545 4775 5214 5568 5620 5746 6175 6209 6275 6431 6697 6773 6835 6877 
#module 406 size: 14 bs: 0.757036
640 1848 2571 2845 3136 3696 3827 3917 4419 4481 4936 5389 5800 6459 
#module 407 size: 9 bs: 0.585194
198 788 1282 1413 1556 2241 3275 4120 5823 
#module 408 size: 21 bs: 0.473041
915 1569 1707 2077 2443 3387 3394 3664 3692 4354 4362 4550 4661 4772 4851 5236 5576 5762 6300 6332 6400 
#module 409 size: 6 bs: 0.909462
244 770 2426 2815 3939 6365 
#module 410 size: 12 bs: 0.646547
134 375 658 1293 2044 2183 2620 2793 3622 5045 5579 6626 
#module 411 size: 33 bs: 0.405073
817 1133 1250 2011 2218 2680 2830 3033 3046 3231 3633 3649 3970 3999 4017 4207 4358 4430 4546 4556 4874 5231 5540 5553 5754 5759 5782 5846 5887 6440 6507 6832 6895 
#module 412 size: 47 bs: 0.251456
113 296 316 1054 1266 1388 1866 2129 2321 2460 2496 2532 2805 3353 3516 3603 3655 3831 3853 3854 4016 4076 4168 4233 4443 4620 4626 4799 4822 4836 4911 4978 5060 5069 5158 5344 5455 5694 5773 5897 6048 6063 6073 6548 6552 6724 6816 
#module 413 size: 11 bs: 1.05941
674 810 1308 2137 2533 2995 4311 5348 6478 6573 6885 
#module 414 size: 16 bs: 0.412817
46 108 827 1084 1350 1366 2034 2150 2614 3058 3140 3532 3713 4136 4987 5447 
#module 415 size: 23 bs: 0.305326
129 260 570 956 1545 1607 1927 2281 2489 2722 2828 3028 3867 3977 4092 4277 4576 4688 5227 5581 5683 6331 6686 
#module 416 size: 12 bs: 1.06009
45 635 2137 2582 2998 3884 4205 4887 5119 5575 6524 6760 
#module 417 size: 8 bs: 0.510445
259 2677 2944 2974 3218 3836 4342 6080 
#module 418 size: 15 bs: 0.546993
1961 2324 2341 3515 3672 4343 4345 4437 4958 4974 5393 5514 5876 6224 6631 
#module 419 size: 105 bs: 0.518106
114 159 325 359 382 451 621 643 790 823 850 867 894 932 958 1253 1283 1309 1319 1399 1515 1551 1630 1747 1769 1878 1950 1975 1984 1985 2012 2089 2108 2244 2254 2334 2439 2502 2611 2680 2687 2730 2760 2799 2833 2938 3146 3176 3256 3281 3326 3337 3389 3390 3441 3474 3700 3953 3998 4112 4131 4155 4272 4294 4307 4341 4381 4399 4404 4430 4530 4568 4899 4950 4966 5042 5066 5071 5079 5173 5213 5335 5466 5511 5587 5589 5679 5763 5836 5888 5945 6089 6168 6190 6240 6252 6307 6338 6353 6463 6563 6624 6665 6895 6903 
#module 420 size: 76 bs: 0.991223
109 228 328 342 393 525 550 718 980 1020 1170 1203 1319 1417 1430 1553 1809 1968 1999 2027 2056 2106 2218 2261 2295 2301 2391 2509 2555 2566 2572 2622 2680 2709 2887 3081 3110 3121 3248 3345 3364 3390 3466 3557 3620 3629 3634 3642 3656 3869 4059 4096 4184 4218 4430 4530 4624 4663 4700 4738 4912 5200 5430 5457 5574 5663 5717 5759 5846 5856 5896 6089 6153 6444 6860 6906 
#module 421 size: 29 bs: 0.846282
4 71 131 1263 1428 1640 1894 2055 2096 2508 2565 2863 2998 3397 3438 3561 3644 4252 4336 4437 4868 4908 4958 5454 5512 6207 6362 6603 6647 
#module 422 size: 17 bs: 1.06386
590 644 1908 2444 2532 2577 2674 2676 2875 3610 3649 4056 4449 4460 4504 4888 6210 
#module 423 size: 10 bs: 0.70554
81 689 1703 2689 3284 3329 4298 4975 5033 5188 
#module 424 size: 24 bs: 0.290788
379 622 655 661 989 1015 1138 1174 1432 1659 2066 3056 3239 3263 3386 3867 4297 4402 4972 5011 5099 5185 6488 6873 
#module 425 size: 8 bs: 0.347296
2135 2949 3083 3531 4739 5132 5184 6246 
#module 426 size: 14 bs: 0.723635
405 675 2069 3104 3571 3860 4424 4878 4987 5015 5606 5989 6601 6770 
#module 427 size: 65 bs: 0.993688
5 142 168 329 361 490 492 566 626 823 844 931 967 1050 1122 1395 1427 1516 1651 1815 1912 1928 1936 2012 2144 2265 2266 2296 2352 2417 2455 2596 2919 2962 3000 3027 3250 3335 3402 3511 3587 3852 3959 4088 4209 4496 4672 4793 4963 4976 4980 5008 5048 5402 5465 5481 5490 5524 5620 5831 6028 6031 6149 6217 6225 
#module 428 size: 22 bs: 0.211184
24 212 375 881 1116 1393 1760 2620 2727 2739 3014 3100 3452 3826 4091 4368 4596 5044 5582 5949 6361 6416 
#module 429 size: 13 bs: 0.455114
684 1219 1786 1963 2831 3362 4504 4659 4934 5484 6223 6601 6617 
#module 430 size: 19 bs: 0.511864
39 55 303 326 821 1072 1872 1954 2392 2561 2638 3270 3754 3903 5294 5862 6622 6763 6769 
#module 431 size: 7 bs: 0.310732
719 2022 2580 2636 4283 5339 6574 
#module 432 size: 44 bs: 0.557583
248 263 284 293 358 424 487 603 661 783 1133 1546 1547 1622 1641 1698 1742 1966 1992 2012 2048 2167 2223 2815 3001 3271 3369 3456 3618 3743 4200 4273 4302 4921 5087 5218 5773 5794 6491 6590 6646 6664 6738 6759 
#module 433 size: 7 bs: 0.790193
595 1660 2172 3223 3318 4132 5565 
#module 434 size: 20 bs: 0.90904
219 584 760 983 1646 2852 2893 3044 3875 4788 4992 5056 5282 5464 5486 5631 5909 5936 6170 6277 
#module 435 size: 20 bs: 0.624181
715 791 817 886 922 1738 1757 1810 2062 2782 3143 3471 4026 4291 4369 4462 4898 5106 5677 5716 
#module 436 size: 19 bs: 0.914956
58 72 308 1307 1370 1420 1632 1932 2131 2926 3393 3484 3552 4525 4786 5219 5397 5473 6758 
#module 437 size: 4 bs: 0.687071
1728 2426 3249 4128 
#module 438 size: 8 bs: 1.09722
2040 3446 3658 4047 4243 4276 4890 6703 
#module 439 size: 10 bs: 0.615228
1579 1669 2559 2836 3438 3469 4962 5057 5937 6760 
#module 440 size: 73 bs: 1.09211
51 67 179 306 476 536 727 803 921 972 997 1090 1101 1146 1162 1272 1470 1620 1668 1679 1859 1886 1931 2057 2105 2284 2387 2393 2404 2452 2495 2729 2816 2877 3017 3103 3216 3503 3652 4038 4178 4437 4458 4502 4562 4681 4705 4935 4955 4962 5050 5053 5340 5367 5375 5411 5500 5853 5920 6046 6056 6146 6157 6197 6270 6332 6491 6546 6551 6627 6731 6760 6859 
#module 441 size: 24 bs: 0.757927
12 48 445 730 1010 1140 1282 1930 2833 3303 3424 3554 4391 4491 4598 4643 4880 4909 5148 5890 5914 6033 6579 6891 
#module 442 size: 14 bs: 0.750713
112 311 503 938 940 1025 1509 1856 2662 2987 2991 4544 6038 6447 
#module 443 size: 10 bs: 0.356295
679 1705 2074 2383 2746 3546 3815 4177 6723 6913 
#module 444 size: 8 bs: 0.328266
606 3005 4895 5872 6439 6554 6649 6739 
#module 445 size: 8 bs: 0.653205
1867 3105 3357 3781 3996 4686 4752 6126 
#module 446 size: 14 bs: 0.846021
588 1939 2317 2818 3975 4516 4770 4870 5968 5995 6668 6712 6769 6860 
#module 447 size: 17 bs: 0.19667
320 539 575 709 1514 1758 2015 3020 3314 4360 4439 4450 4804 5005 5555 6178 6467 
#module 448 size: 9 bs: 0.483232
57 920 1716 1746 3165 3253 4110 4253 6802 
#module 449 size: 11 bs: 0.553406
57 126 1334 1612 1708 1783 2603 5198 5479 5797 6654 
#module 450 size: 15 bs: 1.04005
926 1209 1409 1717 2634 2925 3476 3600 3878 3924 5147 5672 5946 6390 6454 
#module 451 size: 10 bs: 0.660569
1433 1617 1644 2013 2227 2294 2343 3243 3707 6514 
#module 452 size: 20 bs: 0.223921
572 1190 1396 1431 1562 1943 2279 2485 2880 3017 3449 3887 4015 4250 4466 4554 5013 5150 5594 6743 
#module 453 size: 23 bs: 0.270631
186 388 534 1127 1196 1342 1435 2130 2423 2458 2842 3585 3624 4557 4836 5003 5172 5458 5540 6065 6357 6507 6575 
#module 454 size: 30 bs: 0.602377
113 127 625 1207 1388 1742 1763 1933 2059 2496 2649 3152 3197 3517 3804 3958 4185 4443 4501 4571 5141 5373 5410 6032 6073 6379 6388 6548 6816 6889 
#module 455 size: 99 bs: 0.686049
204 251 309 395 430 432 538 676 766 868 967 1113 1220 1256 1266 1286 1293 1400 1547 1588 1638 1731 1790 1806 1909 2012 2076 2158 2263 2280 2296 2371 2428 2492 2637 2742 2776 2830 2869 2874 2905 3046 3095 3143 3167 3211 3273 3326 3477 3505 3527 3544 3665 3703 3941 3973 3984 4209 4308 4330 4378 4389 4410 4428 4439 4443 4450 4462 4573 4603 4665 4792 4816 4824 4874 4892 5128 5141 5153 5175 5197 5218 5419 5459 5577 5581 5716 5748 6002 6010 6064 6081 6283 6364 6520 6664 6666 6710 6753 
#module 456 size: 12 bs: 1.08141
348 1531 1617 2120 2369 2633 2836 3168 3507 3977 6048 6425 
#module 457 size: 99 bs: 0.936413
32 37 184 238 241 362 392 576 587 596 614 636 647 709 715 732 886 946 949 1141 1153 1158 1197 1220 1398 1412 1433 1669 1679 1766 1833 1945 2197 2255 2324 2374 2389 2497 2561 2596 2605 2642 2763 2859 2864 3045 3134 3200 3238 3306 3314 3374 3559 3605 3607 3612 3647 3718 3730 3797 3850 3924 4022 4144 4187 4220 4230 4343 4405 4483 4533 4676 4730 4731 4853 4962 5046 5298 5347 5459 5555 5781 5802 5952 5988 6020 6030 6090 6143 6181 6280 6302 6321 6429 6514 6613 6657 6827 6866 
#module 458 size: 12 bs: 0.751664
1544 2435 2822 2963 3365 3868 4641 4871 5509 5550 6011 6715 
#module 459 size: 9 bs: 0.923046
804 1751 2614 3447 3472 3532 5508 5537 6462 
#module 460 size: 9 bs: 0.634529
1455 1563 1761 3782 5953 6249 6297 6330 6337 
#module 461 size: 6 bs: 0.74096
1818 2181 3506 3905 5981 6092 
#module 462 size: 11 bs: 0.726841
16 96 1813 1972 2020 3313 3657 3694 4492 4505 6513 
#module 463 size: 21 bs: 0.390331
1037 1743 1845 2021 2220 2745 3049 3088 3308 3635 3986 4737 4866 4998 5163 5167 5362 5517 6043 6430 6872 
#module 464 size: 125 bs: 0.277713
4 40 56 179 279 305 389 436 460 463 573 610 653 685 808 988 1107 1193 1324 1339 1362 1437 1498 1542 1588 1643 1819 1823 1862 1864 1910 1924 1948 1964 2009 2024 2093 2127 2179 2207 2235 2273 2302 2324 2406 2415 2549 2593 2790 2898 2945 3011 3037 3050 3117 3184 3261 3408 3418 3441 3487 3522 3560 3569 3575 3615 3708 3819 3870 3976 4017 4054 4092 4101 4135 4164 4247 4268 4274 4306 4323 4515 4517 4529 4558 4561 4712 4885 4906 4926 5096 5117 5134 5164 5177 5190 5197 5307 5431 5446 5451 5487 5571 5619 5628 5658 5740 5806 5950 5984 6034 6070 6073 6090 6102 6237 6342 6504 6528 6537 6541 6706 6753 6797 6880 
