#module 0 size: 6 bs: 0.00152023
333 2223 2467 3295 6167 6819 
#module 1 size: 3 bs: 0.0474581
651 4726 5735 
#module 2 size: 4 bs: 0.0612317
138 1573 2003 3163 
#module 3 size: 22 bs: 0.332144
10 351 492 730 1187 1422 1843 1971 1983 2996 3216 3245 3719 4100 4969 5270 5698 5798 6366 6417 6712 6912 
#module 4 size: 4 bs: 0.940675
524 918 4038 4845 
#module 5 size: 4 bs: 0.334602
3096 3531 4387 5250 
#module 6 size: 6 bs: 0.751872
633 2122 2789 3615 4016 4420 
#module 7 size: 7 bs: 0.481491
324 917 3205 4526 4763 4839 6756 
#module 8 size: 6 bs: 0.793733
1660 2623 2830 3941 4468 6556 
#module 9 size: 10 bs: 0.940689
91 243 1366 2496 2606 3650 4397 4809 4867 4904 
#module 10 size: 23 bs: 0.337246
295 796 807 861 1064 1076 1091 1240 1520 1523 1569 1652 1703 1712 3032 3392 3778 4374 4736 5950 5953 6322 6795 
#module 11 size: 5 bs: 0.71316
680 1587 3668 5862 6023 
#module 12 size: 16 bs: 0.127189
728 729 1446 1564 2541 2731 2846 3021 3041 5501 5797 5904 6051 6158 6381 6411 
#module 13 size: 16 bs: 0.178168
32 59 1227 1441 1637 2780 2958 3083 3320 3858 4728 4796 5337 5694 6255 6384 
#module 14 size: 31 bs: 1.05779
69 298 379 611 647 910 951 1621 1959 2849 2930 3258 3409 3441 3458 3914 3936 4303 4346 4465 5193 5204 5230 5427 5492 5889 6043 6484 6619 6725 6892 
#module 15 size: 9 bs: 0.467334
1153 1200 1438 1738 3345 4019 5168 5719 5726 
#module 16 size: 5 bs: 0.411082
2018 2615 4634 5052 6595 
#module 17 size: 82 bs: 0.594766
281 282 397 562 641 808 851 974 1038 1077 1103 1148 1174 1192 1211 1272 1347 1486 1566 1577 1609 1731 1904 1987 2294 2439 2627 2955 2982 3120 3158 3196 3216 3221 3271 3315 3331 3351 3369 3400 3440 3537 3574 3657 3803 3818 3823 3884 3960 3980 4068 4126 4192 4230 4253 4388 4665 4789 4804 4844 4979 4990 5020 5160 5562 5690 5725 5821 5836 5856 5976 6038 6110 6113 6146 6230 6263 6305 6405 6478 6497 6628 
#module 18 size: 17 bs: 0.21065
169 830 1963 2041 2393 2584 2790 2927 3903 4558 4966 4987 5496 5533 5644 5827 6772 
#module 19 size: 27 bs: 0.298489
104 189 250 484 559 754 912 1409 1791 1946 2527 3100 3267 3366 3612 3648 3831 4352 4816 4932 4963 5379 5963 6191 6300 6580 6806 
#module 20 size: 34 bs: 1.01099
38 265 872 1170 1479 2243 2269 2314 2327 2343 2418 2957 3028 3104 3282 3489 3896 4086 4149 4402 4545 4622 5051 5304 5476 5600 5700 5816 5870 5939 5945 6117 6319 6820 
#module 21 size: 41 bs: 0.891776
233 527 538 576 590 790 962 992 1021 1244 1642 1668 1702 1875 2040 2099 2510 2513 2526 2651 2677 2704 2742 3402 3418 4306 4604 4625 4861 4951 5071 5206 5921 6000 6027 6050 6173 6258 6392 6659 6856 
#module 22 size: 67 bs: 1.09162
26 98 301 479 603 768 791 1282 1460 1547 1679 1688 1707 1711 2025 2179 2261 2360 2433 2524 2574 2608 2724 2804 3100 3218 3260 3280 3397 3549 3622 3938 3981 4024 4119 4200 4348 4362 4396 4419 4440 4460 4750 4825 4840 4874 5095 5116 5159 5183 5303 5355 5416 5479 5507 5552 5555 5677 6033 6069 6196 6210 6262 6308 6333 6622 6921 
#module 23 size: 51 bs: 0.294833
180 278 285 322 330 604 821 892 968 1069 1144 1161 1163 1228 1425 1608 1640 2066 2138 2171 2192 2196 2381 2473 2474 2699 2844 3125 3321 3335 3423 3502 3522 3911 3977 4026 4161 4244 4288 4364 4461 5019 5359 5481 5778 5796 5967 6231 6569 6775 6793 
#module 24 size: 68 bs: 0.994085
195 262 453 471 807 1162 1276 1291 1320 1436 1442 1486 1549 1569 1601 1605 1652 1674 1818 1911 1913 2214 2348 2379 2515 2604 2706 2870 2943 2975 3032 3088 3127 3155 3346 3392 3536 3753 3778 3796 3982 4006 4154 4319 4363 4662 4734 4740 4760 4906 5214 5327 5354 5731 5845 5950 6057 6185 6205 6238 6282 6315 6322 6432 6482 6485 6578 6597 
#module 25 size: 29 bs: 0.679795
70 239 592 659 849 972 1120 1121 1308 1450 1459 1526 2148 2224 2972 2997 3089 3156 3512 4168 4318 4682 4713 5842 5974 5998 6281 6440 6644 
#module 26 size: 48 bs: 0.354114
4 167 273 376 435 482 498 504 545 554 689 779 890 949 1144 1298 1824 1935 2011 2082 2444 2462 2672 2840 3194 3222 3255 3598 3636 4017 4365 4366 4392 4496 4556 4860 5124 5617 5676 5893 6065 6653 6671 6709 6716 6891 6909 6918 
#module 27 size: 160 bs: 0.100179
66 110 129 137 144 161 163 201 210 226 313 378 416 515 533 585 618 667 688 697 716 871 878 913 975 988 991 1092 1138 1190 1247 1263 1353 1364 1434 1453 1514 1585 1694 1771 1790 1852 1863 1870 1876 1917 1923 1941 2028 2188 2254 2274 2288 2305 2311 2321 2385 2517 2573 2576 2595 2602 2619 2668 2742 2880 2908 2990 3008 3016 3030 3061 3065 3086 3091 3114 3146 3190 3235 3360 3361 3372 3440 3486 3488 3499 3530 3591 3617 3633 3644 3687 3754 3907 3910 3917 3919 3999 4037 4077 4114 4216 4219 4224 4234 4306 4324 4509 4604 4614 4679 4733 4739 4748 4787 4900 4918 4936 4953 5010 5037 5045 5066 5179 5187 5231 5254 5265 5288 5306 5364 5369 5372 5468 5554 5594 5632 5686 5825 5840 5917 5928 5978 5982 6114 6131 6160 6258 6427 6467 6527 6630 6659 6673 6694 6710 6728 6755 6790 6802 
#module 28 size: 25 bs: 1.0736
42 337 363 505 1154 1394 1498 1544 2090 2208 2447 2479 2697 3469 3528 3875 3916 4980 5033 5199 5472 5743 6061 6303 6547 
#module 29 size: 45 bs: 0.643406
77 142 309 326 349 502 695 857 938 943 1147 1492 1503 1509 1649 1871 2070 2337 2847 2920 2923 2928 3105 3296 3491 3726 3990 4158 4547 4716 4729 5143 5292 5477 5844 5907 6059 6332 6389 6403 6580 6668 6677 6757 6919 
#module 30 size: 21 bs: 0.153696
1076 1268 1474 1699 1732 1820 2454 2656 2698 2832 3053 3243 3841 3866 4730 4965 5881 6039 6097 6180 6241 
#module 31 size: 37 bs: 1.08425
111 305 448 501 766 895 1052 1236 1250 1369 1542 1643 1659 1793 1864 1964 1968 2078 2376 2621 2752 2791 3302 3487 3980 4059 4142 4474 4785 4862 5090 5400 5926 5983 6519 6571 6613 
#module 32 size: 60 bs: 0.441835
113 133 143 230 245 290 369 400 887 1096 1232 1457 1627 1630 1700 1713 1760 2190 2362 2421 2732 2810 2820 2895 2956 3251 3313 3350 3454 3561 3888 3908 3948 4249 4305 4430 4445 4469 4504 4565 4579 4684 4688 4808 4846 5077 5155 5253 5264 5295 5929 6232 6270 6431 6516 6562 6592 6605 6638 6922 
#module 33 size: 31 bs: 0.736768
34 295 476 796 807 940 958 1064 1091 1300 1629 1657 1710 1712 2395 2491 2723 2754 2779 3064 4201 4736 5287 5471 5671 5695 5805 5951 6026 6328 6795 
#module 34 size: 40 bs: 0.528299
6 25 39 451 788 863 1127 1233 1405 1578 1792 1806 1907 2077 2217 2461 2764 2773 3003 3085 3238 3297 3448 3485 3597 3789 3976 3994 4228 4270 4667 4694 4751 5096 5106 5150 5192 5643 6034 6709 
#module 35 size: 62 bs: 0.29059
155 240 382 643 646 673 718 777 839 896 966 1013 1137 1225 1241 1302 1372 1874 1909 1934 1938 2324 2414 2455 2457 2464 2552 2676 2766 2871 2965 3210 3224 3299 3355 3496 3501 3540 3582 3639 4282 4316 4322 4483 4491 4575 4788 4821 4924 5266 5450 5513 5595 5624 5795 6162 6201 6463 6511 6642 6695 6780 
#module 36 size: 36 bs: 0.280498
88 162 308 481 519 537 817 1011 1225 1266 1302 1457 1531 1547 1950 2057 2060 2333 2383 2676 3355 4050 4483 4684 4822 4846 4900 4972 5082 5410 5595 5703 5787 6004 6090 6706 
#module 37 size: 62 bs: 0.10238
122 168 200 310 448 723 865 1181 1288 1479 1912 1993 2015 2054 2126 2178 2277 2314 2378 2401 2509 2750 2798 2945 3015 3017 3151 3182 3302 3474 3489 3517 3602 3637 3896 3997 3998 4053 4103 4294 4343 4379 4568 4775 4780 4794 4879 4912 5051 5334 5340 5423 5609 5667 6117 6299 6345 6571 6588 6729 6859 6906 
#module 38 size: 82 bs: 0.981504
104 257 366 460 501 785 848 945 1009 1074 1117 1301 1305 1448 1633 1661 1670 1848 1878 1907 2162 2272 2332 2367 2484 2490 2670 2692 2740 2809 2845 2994 3133 3161 3239 3347 3395 3415 3439 3459 3483 3963 4129 4269 4304 4353 4361 4370 4415 4428 4443 4660 4881 4926 4952 4958 4989 5073 5100 5104 5106 5408 5417 5449 5588 5593 5655 5711 5748 5914 6077 6204 6276 6280 6424 6503 6570 6750 6792 6827 6852 6875 
#module 39 size: 75 bs: 0.549722
156 385 561 623 628 706 805 816 852 870 1010 1073 1082 1090 1259 1413 1516 1783 1834 1947 2086 2168 2170 2201 2300 2365 2478 2514 2555 2582 2611 2617 2889 3018 3074 3187 3241 3276 3337 3358 3586 3660 3850 3932 4001 4223 4278 4386 4399 4405 4505 4635 4792 4909 5157 5209 5276 5335 5508 5652 5696 5706 5758 5767 5880 5897 5913 5923 6031 6121 6367 6421 6501 6553 6846 
#module 40 size: 68 bs: 0.599926
112 176 327 409 614 1102 1109 1223 1349 1455 1457 1532 1630 1656 1682 1733 2065 2555 2625 2687 2762 2783 2897 2935 2976 3018 3024 3117 3227 3290 3340 3613 3629 3781 3797 3815 3867 3877 4042 4255 4403 4413 4554 4606 4650 4684 4737 4738 4827 4894 5029 5186 5607 5659 5785 5787 5932 5970 6025 6058 6149 6246 6372 6379 6397 6421 6707 6762 
#module 41 size: 46 bs: 0.758593
102 118 256 297 557 648 700 742 1036 1612 1759 2042 2092 2157 2446 2500 2531 2554 2556 2569 3173 3563 3656 3743 4082 4085 4162 4323 4334 4478 4806 4908 5012 5131 5222 5299 5716 5729 5752 5786 5800 6060 6415 6450 6740 6751 
#module 42 size: 13 bs: 0.784393
271 384 387 425 724 1017 1072 2014 2019 2097 2664 3353 6195 
#module 43 size: 15 bs: 0.644774
76 276 625 1501 2318 2533 2589 2954 4261 4608 4764 4968 5975 6129 6791 
#module 44 size: 14 bs: 0.285624
35 423 1580 1851 2238 3420 3749 3779 3930 4433 4703 4711 5858 5869 
#module 45 size: 11 bs: 0.630614
244 457 1789 2286 3826 4041 4284 4885 5220 5956 6288 
#module 46 size: 97 bs: 1.03976
48 86 249 277 344 583 656 744 855 1005 1037 1243 1270 1338 1376 1581 1610 1624 1687 1723 1729 1750 1758 1775 1869 1916 1919 1980 1981 2022 2024 2160 2334 2347 2355 2375 2441 2565 2739 2842 2894 2962 3198 3249 3268 3275 3285 3288 3329 3371 3413 3498 3587 3649 3680 3711 3852 4081 4242 4277 4291 4344 4384 4389 4401 4452 4479 4826 4853 4939 4962 4976 4996 5015 5101 5172 5377 5411 5456 5586 5736 5772 5990 6123 6135 6165 6310 6393 6601 6725 6739 6741 6776 6778 6807 6829 6903 
#module 47 size: 78 bs: 0.340473
53 80 148 172 216 283 594 645 770 775 967 1152 1215 1243 1246 1289 1402 1493 1502 1736 1762 1772 1781 1795 1805 1961 1966 1991 2095 2242 2322 2392 2495 2827 2890 2913 2970 3043 3287 3373 3480 3567 3585 3812 3848 3929 4273 4313 4321 4328 4470 4546 4564 4578 4582 4588 4803 4815 4864 5060 5144 5342 5362 5518 5590 5616 5788 5844 6081 6102 6135 6175 6304 6357 6376 6500 6554 6567 
#module 48 size: 116 bs: 0.123
15 125 126 190 194 253 338 365 388 437 494 579 622 624 636 657 752 860 942 984 989 1085 1104 1293 1365 1620 1634 1812 1890 1910 2093 2114 2175 2265 2280 2284 2362 2419 2508 2558 2568 2579 2689 2694 2722 2749 2760 2777 2794 2808 2850 2885 2950 3122 3232 3301 3305 3324 3454 3468 3516 3533 3747 3777 3804 3955 3984 4010 4095 4252 4327 4339 4368 4414 4574 4647 4800 4871 4887 4976 4985 5005 5072 5113 5130 5171 5184 5226 5387 5458 5485 5500 5540 5610 5740 5934 5964 5968 6075 6084 6089 6161 6192 6211 6229 6320 6388 6507 6526 6582 6590 6606 6854 6863 6869 6876 
#module 49 size: 58 bs: 0.698593
100 165 417 900 906 960 1066 1097 1106 1189 1262 1333 1449 1525 1681 1714 1752 1767 1940 2084 2207 2328 2538 2575 2590 2753 3137 3178 3304 3426 3800 3810 3964 4204 4497 4628 4677 4701 4717 5087 5287 5426 5529 5564 5602 5633 5649 5687 5721 5791 6306 6404 6447 6481 6643 6683 6809 6810 
#module 50 size: 53 bs: 0.424972
2 22 36 96 343 389 420 809 1026 1094 1527 1625 1664 2325 2503 2532 2618 2712 2770 2781 2793 2851 2868 2949 3026 3038 3154 3640 3647 3854 4057 4265 4562 4706 4988 5070 5084 5207 5239 5244 5289 5572 5789 5918 5969 5973 6001 6137 6239 6334 6617 6826 6857 
#module 51 size: 12 bs: 0.588918
1145 1437 1592 1914 2944 3143 3322 3580 4417 4583 5817 6908 
#module 52 size: 27 bs: 0.913361
638 847 939 1201 1533 1628 2711 2767 2814 2872 2972 3736 4139 4817 5195 5224 5325 5396 5756 5814 5855 6321 6499 6531 6545 6584 6726 
#module 53 size: 112 bs: 1.08469
9 183 231 326 338 364 440 462 509 536 640 653 698 726 769 840 955 1083 1183 1257 1292 1342 1358 1555 1646 1720 1735 1780 1787 1811 1919 2007 2046 2106 2130 2131 2135 2200 2235 2267 2301 2357 2386 2404 2424 2560 2566 2688 2727 2865 3048 3072 3139 3150 3192 3202 3212 3329 3332 3362 3463 3520 3596 3711 3822 3824 3912 3975 3993 4045 4182 4277 4345 4450 4592 4639 4651 4762 4772 4847 4884 4890 4974 4996 5013 5043 5127 5141 5188 5218 5318 5386 5488 5490 5672 5723 5752 5775 5808 5910 6011 6105 6122 6256 6273 6390 6442 6454 6560 6586 6639 6851 
#module 54 size: 36 bs: 0.314819
207 299 369 904 1206 1348 1349 1406 1508 1948 1992 2074 2233 2746 3056 3130 3478 3492 3556 3732 3834 3885 3969 4127 4268 4907 4973 5011 5374 5563 5637 5704 6171 6178 6461 6528 
#module 55 size: 121 bs: 0.724932
151 211 279 336 496 561 572 628 674 675 681 719 764 797 854 1000 1076 1169 1188 1217 1234 1245 1287 1310 1415 1418 1464 1541 1548 1590 1599 1624 1636 1648 1783 1796 1833 1888 1892 1896 1899 1925 1927 1928 2068 2072 2120 2203 2206 2349 2350 2353 2475 2493 2565 2613 2695 2698 2776 2815 2889 2905 2963 3062 3090 3113 3201 3370 3377 3412 3445 3461 3542 3573 3614 3727 3750 3785 4121 4138 4180 4198 4222 4241 4314 4425 4484 4549 4630 4722 4802 4829 4992 5018 5020 5024 5065 5109 5267 5357 5358 5382 5459 5503 5548 5875 5903 6097 6133 6180 6206 6228 6241 6380 6558 6576 6579 6583 6700 6739 6811 
#module 56 size: 33 bs: 0.229174
270 627 682 1028 1031 1059 1461 2215 2713 2723 2744 2765 2854 3780 3795 3801 3802 3806 4031 4595 4675 5149 5418 5442 5498 5766 5842 5853 5882 6029 6253 6285 6839 
#module 57 size: 39 bs: 0.410723
3 7 11 72 109 581 825 1099 1396 1439 1483 1725 1768 2123 2323 2886 2953 3160 3588 3606 3843 4140 4189 4551 4803 4895 5167 5229 5525 5651 5792 5846 5906 6006 6115 6419 6439 6562 6699 
#module 58 size: 15 bs: 0.505845
258 410 1252 1294 3168 3553 3564 3742 3946 4371 5136 5366 6529 6625 6701 
#module 59 size: 26 bs: 0.970819
177 692 731 952 1129 1318 1877 2303 2593 2595 2619 2757 3091 3270 3788 3808 4379 5233 5277 5460 5506 5510 6134 6462 6694 6898 
#module 60 size: 35 bs: 0.762722
153 196 204 232 406 1022 1387 1473 1497 1588 1957 2481 2717 2852 2998 3056 3692 3694 3732 3836 4127 4268 4336 4446 4535 4542 4824 4854 5021 5298 6103 6260 6525 6528 6784 
#module 61 size: 57 bs: 0.414075
37 124 421 529 683 693 813 864 876 1054 1107 1197 1208 1240 1420 1529 1652 1703 1807 1814 1837 2550 2715 2764 2782 2823 2932 2964 2967 3157 3291 3297 3406 3424 3555 3630 3723 4400 4820 4922 5294 5305 5343 5397 5645 5650 5653 5780 5872 5991 6052 6198 6205 6309 6422 6456 6828 
#module 62 size: 23 bs: 0.530246
37 395 589 743 813 888 1029 1095 1213 1480 1495 2588 2771 2882 3075 3886 5037 5668 5908 6022 6480 6785 6866 
#module 63 size: 49 bs: 1.08298
70 291 434 560 617 712 999 1086 1120 1309 1323 1339 1350 1428 1489 1507 1517 1530 1623 1825 1893 2397 2972 2986 3051 3317 3791 3798 4318 4534 4547 4690 4761 4927 4993 5162 5169 5275 5312 5440 5708 5776 5784 5857 5898 5977 6600 6763 6797 
#module 64 size: 48 bs: 0.688811
391 402 677 701 736 956 1007 1230 1258 1665 1930 2000 2127 2309 2352 2477 2578 2792 3060 3177 3354 3362 3515 3869 3942 3988 4008 4013 4102 4109 4333 4639 4795 5086 5413 5424 5429 5584 5958 6070 6203 6330 6383 6407 6434 6445 6744 6871 
#module 65 size: 91 bs: 0.293349
87 293 393 543 602 642 661 663 668 686 741 801 881 944 983 1016 1151 1283 1351 1381 1404 1416 1429 1757 1895 1903 1942 2043 2133 2145 2219 2246 2272 2298 2370 2387 2412 2506 2570 2607 2639 2647 2653 2947 3134 3189 3263 3264 3395 3485 3514 3524 3609 3664 3665 3767 3952 4005 4040 4169 4310 4340 4427 4451 4476 4627 4843 4898 4935 4970 4994 5416 5462 5491 5524 5577 5738 5773 5839 5896 5971 6021 6202 6225 6276 6339 6518 6621 6648 6743 6916 
#module 66 size: 68 bs: 0.781878
78 316 471 514 535 796 853 1465 1478 1486 1488 1500 1577 1614 1617 1748 1949 2189 2194 2248 2415 2482 2498 2581 2700 2893 3029 3055 3099 3119 3181 3518 3739 3784 3799 3803 3872 4033 4036 4093 4163 4347 4536 4615 4652 4744 5176 5180 5273 5280 5350 5353 5421 5493 5730 5888 5976 6009 6083 6098 6119 6179 6224 6242 6363 6479 6513 6833 
#module 67 size: 110 bs: 0.516251
168 353 357 469 486 608 670 811 877 889 1001 1209 1375 1403 1408 1571 1629 1631 1867 1926 1958 2137 2161 2165 2172 2181 2191 2225 2342 2384 2409 2422 2662 2681 2729 2862 2866 2925 2936 3140 3330 3487 3541 3546 3678 3751 3845 4049 4051 4088 4089 4137 4149 4155 4199 4208 4312 4317 4330 4359 4394 4408 4434 4686 4768 4798 4907 4930 4946 5107 5175 5178 5211 5314 5339 5391 5486 5606 5612 5622 5638 5707 5753 5761 5887 5931 5957 6003 6010 6088 6108 6213 6244 6261 6267 6331 6350 6441 6443 6471 6486 6544 6545 6561 6632 6652 6763 6799 6917 6920 
#module 68 size: 40 bs: 0.989904
28 274 398 407 1265 1372 1400 1412 1672 2158 2166 2408 2414 2551 2594 2701 2714 2887 3199 3312 3497 3653 3873 4207 4280 4390 4391 4464 4852 4875 4983 5004 5380 5811 6080 6162 6374 6391 6664 6760 
#module 69 size: 54 bs: 0.47436
119 208 247 319 376 452 637 846 873 949 1670 1785 1908 2010 2083 2306 2332 2643 2791 2869 2884 3000 3014 3161 3188 3262 3316 3374 3410 3485 3601 3645 3731 4248 4304 4308 4325 4362 4581 4896 4952 5081 5466 5531 5799 5933 5993 6013 6087 6128 6490 6494 6541 6548 
#module 70 size: 94 bs: 0.623595
49 74 123 237 306 394 434 442 792 911 919 932 1024 1032 1035 1084 1199 1323 1345 1350 1392 1398 1468 1517 1530 1582 1616 1731 1744 1753 1797 1800 1825 2048 2227 2249 2313 2400 2402 2811 2816 2860 2879 2941 2952 2982 2986 3042 3098 3350 3430 3466 3627 3781 3805 3953 4175 4547 4561 4569 4597 4632 4671 4690 4991 5118 5148 5160 5234 5338 5376 5430 5440 5469 5543 5630 5648 5663 5715 5724 5739 5927 5977 6016 6036 6094 6144 6249 6318 6430 6534 6629 6803 6860 
#module 71 size: 57 bs: 0.873325
46 145 193 260 323 367 403 432 740 767 818 822 829 941 1009 1012 1159 1195 1239 1253 1427 1667 1936 1994 2125 2268 2520 2537 2553 2580 2624 2812 2900 3004 3261 3352 4018 4020 4059 4279 4305 4541 4589 4896 4967 5014 5215 5284 5336 5400 5606 5807 5944 6082 6116 6727 6788 
#module 72 size: 94 bs: 0.626111
47 135 160 235 321 332 447 530 542 598 978 1036 1096 1295 1378 1538 1561 1655 1691 1722 1777 1778 2093 2117 2202 2275 2398 2411 2428 2488 2519 2530 2562 2569 2632 2721 2784 2788 2805 2864 2948 3141 3164 3393 3427 3438 3446 3476 3568 3620 3769 3824 3859 3925 4085 4184 4326 4639 4784 4943 4997 5011 5034 5067 5103 5125 5133 5161 5299 5326 5395 5429 5437 5556 5569 5647 5699 5771 5786 5830 5866 5938 6214 6311 6365 6408 6599 6669 6678 6719 6781 6830 6843 6888 
#module 73 size: 53 bs: 0.23747
197 206 531 753 783 836 995 1261 1271 1307 1334 1801 2012 2035 2049 2073 2134 2141 2216 2346 2799 2819 2839 2857 3106 3431 3655 3782 3813 3816 3851 3915 4015 4092 4099 4243 4438 4783 4797 4855 5202 5212 5502 5693 5751 6066 6120 6148 6269 6602 6604 6641 6915 
#module 74 size: 39 bs: 0.652424
523 568 705 744 781 855 1338 1729 1746 1812 1981 2183 2334 2339 2354 2422 2460 2542 2824 2962 3071 3249 3587 3924 4221 4543 4599 5076 5083 5117 5741 5834 5941 6170 6393 6698 6711 6754 6918 
#module 75 size: 71 bs: 0.461382
19 142 188 212 218 246 312 328 774 778 799 1020 1149 1156 1184 1254 1258 1293 1562 1689 1890 2008 2044 2055 2235 2253 2430 2431 2468 2499 2674 2710 2877 2881 3193 3272 3348 3408 3490 3608 3681 3730 3804 3849 4014 4339 4367 4473 4577 4639 4720 4801 5042 5094 5508 5658 5674 5727 5911 6085 6364 6367 6469 6575 6603 6626 6649 6693 6759 6896 6910 
#module 76 size: 33 bs: 0.927512
267 495 531 567 593 691 804 880 898 1423 1607 2628 2669 2968 3327 3356 3421 3500 3534 3846 3943 4275 4351 4435 5025 5299 5345 5713 5952 6495 6502 6703 6816 
#module 77 size: 117 bs: 1.0573
1 45 57 359 405 414 430 466 469 522 556 616 666 670 735 750 814 907 1019 1209 1395 1403 1430 1477 1613 1773 1779 1857 1989 2096 2139 2184 2193 2293 2304 2331 2336 2341 2423 2436 2492 2598 2626 2841 2874 2966 2973 3001 3148 3209 3231 3248 3317 3382 3398 3539 3546 3576 3600 3672 3710 3751 3820 3892 3983 4017 4149 4199 4258 4267 4292 4317 4330 4332 4383 4394 4508 4761 4774 4777 4793 4872 4879 4907 4984 5046 5069 5170 5189 5211 5368 5373 5385 5441 5447 5457 5482 5515 5568 5876 5891 6078 6177 6200 6291 6317 6436 6441 6486 6504 6517 6549 6627 6651 6669 6808 6812 
#module 78 size: 52 bs: 0.280249
79 223 254 422 516 587 745 1047 1121 1126 1285 1308 1526 1635 1701 1920 1970 2224 2358 2634 2926 2938 3472 3535 3684 3715 3758 3793 4485 4659 4682 4713 4790 4939 5185 5360 5448 5473 5495 5842 5873 5874 6041 6071 6092 6095 6264 6268 6281 6286 6413 6640 
#module 79 size: 60 bs: 0.758775
54 75 248 262 453 737 1018 1030 1034 1060 1327 1346 1452 1463 1504 1513 1743 1829 1913 2108 2111 2149 2174 2437 2561 2706 2707 2763 2765 2937 2942 2943 2979 2988 3155 3229 3560 3570 3752 4087 4356 4683 4704 4717 5080 5242 5290 5297 5470 5592 5710 5816 5864 6047 6100 6277 6609 6732 6848 6923 
#module 80 size: 84 bs: 0.903593
99 115 198 370 504 528 554 786 902 971 1168 1391 1393 1417 1629 1698 1705 1784 2002 2009 2033 2093 2137 2225 2275 2331 2340 2342 2489 2525 2682 2690 2702 2833 2862 2933 3020 3222 3253 3255 3289 3313 3330 3456 3527 3541 3891 3922 3937 3962 3970 4116 4170 4208 4298 4392 4410 4525 4556 4873 4878 4925 4943 4975 5078 5098 5201 5286 5550 5622 5793 5810 5887 6005 6279 6292 6409 6515 6561 6662 6680 6705 6716 6920 
#module 81 size: 87 bs: 0.896467
136 146 184 335 347 352 373 415 439 461 584 601 679 757 948 1010 1133 1278 1306 1388 1575 1653 1669 1786 1898 2062 2172 2187 2209 2295 2296 2330 2417 2521 2544 2592 2620 2625 2687 2783 2863 2912 3018 3035 3077 3211 3328 3365 3368 3403 3416 3507 3511 3566 3638 3898 4079 4104 4255 4331 4448 4449 4481 4490 4619 4786 4961 4986 5057 5446 5451 5483 5515 5642 5684 5774 5985 6025 6420 6421 6464 6523 6696 6724 6836 6861 6905 
#module 82 size: 13 bs: 0.142234
242 418 520 1466 2660 2796 3025 3708 4501 4699 5614 5763 6676 
#module 83 size: 1 bs: 1
65 
#module 84 size: 1 bs: 1
2959 
#module 85 size: 1 bs: 1
97 
#module 86 size: 1 bs: 1
6314 
#module 87 size: 1 bs: 1
192 
#module 88 size: 1 bs: 1
2855 
#module 89 size: 1 bs: 1
377 
#module 90 size: 1 bs: 1
5415 
#module 91 size: 1 bs: 1
518 
#module 92 size: 1 bs: 1
3847 
#module 93 size: 1 bs: 1
982 
#module 94 size: 1 bs: 1
13 
#module 95 size: 1 bs: 1
1654 
#module 96 size: 1 bs: 1
1186 
#module 97 size: 1 bs: 1
1841 
#module 98 size: 1 bs: 1
3174 
#module 99 size: 1 bs: 1
1965 
#module 100 size: 1 bs: 1
541 
#module 101 size: 1 bs: 1
2173 
#module 102 size: 1 bs: 1
5153 
#module 103 size: 1 bs: 1
5954 
#module 104 size: 1 bs: 1
2545 
#module 105 size: 1 bs: 1
5068 
#module 106 size: 1 bs: 1
3523 
#module 107 size: 1 bs: 1
2308 
#module 108 size: 1 bs: 1
3679 
#module 109 size: 1 bs: 1
1218 
#module 110 size: 1 bs: 1
3786 
#module 111 size: 1 bs: 1
3783 
#module 112 size: 1 bs: 1
4151 
#module 113 size: 1 bs: 1
4436 
#module 114 size: 1 bs: 1
5660 
#module 115 size: 1 bs: 1
5142 
#module 116 size: 1 bs: 1
6247 
#module 117 size: 1 bs: 1
5781 
#module 118 size: 1 bs: 1
2992 
#module 119 size: 1 bs: 1
3605 
#module 120 size: 1 bs: 1
5912 
#module 121 size: 1 bs: 1
3906 
#module 122 size: 1 bs: 1
459 
#module 123 size: 1 bs: 1
1118 
#module 124 size: 1 bs: 1
463 
#module 125 size: 1 bs: 1
4437 
#module 126 size: 1 bs: 1
472 
#module 127 size: 1 bs: 1
3349 
#module 128 size: 1 bs: 1
5093 
#module 129 size: 1 bs: 1
1039 
#module 130 size: 1 bs: 1
2901 
#module 131 size: 1 bs: 1
1045 
#module 132 size: 1 bs: 1
1454 
#module 133 size: 1 bs: 1
1171 
#module 134 size: 1 bs: 1
6720 
#module 135 size: 1 bs: 1
1185 
#module 136 size: 1 bs: 1
1229 
#module 137 size: 1 bs: 1
1414 
#module 138 size: 1 bs: 1
1242 
#module 139 size: 1 bs: 1
6787 
#module 140 size: 1 bs: 1
1363 
#module 141 size: 1 bs: 1
4641 
#module 142 size: 1 bs: 1
1485 
#module 143 size: 1 bs: 1
2680 
#module 144 size: 1 bs: 1
6506 
#module 145 size: 1 bs: 1
1618 
#module 146 size: 1 bs: 1
6093 
#module 147 size: 1 bs: 1
1647 
#module 148 size: 1 bs: 1
4524 
#module 149 size: 1 bs: 1
2907 
#module 150 size: 1 bs: 1
2315 
#module 151 size: 1 bs: 1
3704 
#module 152 size: 1 bs: 1
5681 
#module 153 size: 1 bs: 1
2516 
#module 154 size: 1 bs: 1
3961 
#module 155 size: 1 bs: 1
2559 
#module 156 size: 1 bs: 1
2633 
#module 157 size: 1 bs: 1
2610 
#module 158 size: 1 bs: 1
5989 
#module 159 size: 1 bs: 1
4194 
#module 160 size: 1 bs: 1
2743 
#module 161 size: 1 bs: 1
3623 
#module 162 size: 1 bs: 1
5008 
#module 163 size: 1 bs: 1
3136 
#module 164 size: 1 bs: 1
6837 
#module 165 size: 1 bs: 1
3451 
#module 166 size: 1 bs: 1
5841 
#module 167 size: 1 bs: 1
3770 
#module 168 size: 1 bs: 1
6324 
#module 169 size: 1 bs: 1
3883 
#module 170 size: 1 bs: 1
5151 
#module 171 size: 1 bs: 1
4453 
#module 172 size: 1 bs: 1
6913 
#module 173 size: 1 bs: 1
5618 
#module 174 size: 1 bs: 1
5794 
#module 175 size: 1 bs: 1
6452 
#module 176 size: 1 bs: 1
6593 
