#module 0 size: 5 bs: 0.00914247
2314 2573 4224 5303 5468 
#module 1 size: 5 bs: 0.101056
3725 4424 5565 5673 6142 
#module 2 size: 4 bs: 0.65303
1076 2932 5751 6512 
#module 3 size: 6 bs: 0.442995
552 1665 2321 4761 5464 5946 
#module 4 size: 4 bs: 0.350728
1143 3243 5951 6902 
#module 5 size: 5 bs: 0.807488
486 566 1287 1797 6535 
#module 6 size: 4 bs: 0.260888
1545 1602 1706 5984 
#module 7 size: 6 bs: 0.488625
962 3016 3501 3617 4129 6824 
#module 8 size: 41 bs: 0.502153
273 665 693 785 876 890 982 1102 1226 1633 1714 2111 2252 2464 2484 2615 2621 2638 2842 2969 3165 3316 3539 3727 4053 4259 4280 4862 4887 4963 5222 5599 5610 5631 5645 5754 5884 5902 6019 6588 6849 
#module 9 size: 20 bs: 0.287524
200 1462 1954 1993 2103 2368 2702 3116 3653 4020 4044 4050 4148 4442 4745 5101 5371 5792 6350 6353 
#module 10 size: 54 bs: 0.513122
3 144 336 456 458 489 538 588 598 712 720 724 801 906 1069 1323 1877 1974 2208 2281 2541 2567 2774 2907 2983 3017 3107 3251 3334 4119 4171 4184 4195 4448 4456 4630 4635 4703 4889 4905 5125 5268 5299 5411 5734 5764 5852 5906 5967 5991 6074 6112 6438 6501 
#module 11 size: 132 bs: 0.435761
28 47 106 155 163 227 305 390 411 449 537 551 646 777 783 821 837 923 981 997 1009 1120 1163 1179 1189 1198 1248 1302 1312 1313 1386 1397 1492 1495 1644 1702 1739 1830 1833 1858 1875 2017 2027 2039 2128 2167 2289 2445 2543 2557 2658 2676 2681 2699 2716 2736 2737 2764 2795 2815 2921 2934 3045 3082 3096 3101 3115 3133 3170 3261 3314 3319 3378 3485 3582 3597 3701 3810 3866 3897 4030 4045 4118 4125 4162 4166 4354 4365 4366 4461 4496 4521 4756 4815 4975 5010 5014 5030 5279 5434 5446 5452 5517 5520 5557 5613 5635 5853 5878 6075 6092 6160 6206 6212 6264 6270 6289 6361 6394 6397 6425 6432 6446 6453 6454 6461 6568 6636 6680 6760 6785 6802 
#module 12 size: 90 bs: 0.584432
104 183 185 189 197 361 391 661 672 752 836 859 975 1036 1071 1227 1231 1253 1298 1352 1420 1487 1501 1504 1597 1628 1741 2044 2101 2129 2148 2172 2393 2407 2420 2628 2644 2685 2889 2973 3000 3009 3046 3103 3112 3150 3308 3467 3469 3536 3745 4039 4082 4185 4408 4467 4534 4565 4580 4584 4657 4777 4844 4855 4870 4996 5095 5135 5183 5224 5276 5392 5456 5501 5528 5634 5753 5766 5808 5885 6078 6146 6218 6314 6398 6418 6509 6574 6746 6915 
#module 13 size: 12 bs: 0.647253
548 711 1450 2057 2763 2834 4970 5270 5669 5672 5769 6364 
#module 14 size: 34 bs: 0.716452
39 124 372 451 859 1337 1468 1679 1689 1745 1936 1982 2110 2455 2795 2901 3236 3262 3292 3450 3584 3635 4030 4036 4054 4197 4225 4440 5062 5370 5996 6571 6785 6878 
#module 15 size: 12 bs: 0.993642
729 938 1070 2504 2689 3025 3515 3595 4880 5134 6401 6484 
#module 16 size: 27 bs: 0.87874
187 446 682 1295 1451 1864 2711 3191 3225 3254 3417 3513 3954 4349 4381 4832 4834 5149 5624 6110 6194 6405 6424 6474 6551 6557 6851 
#module 17 size: 40 bs: 0.183479
38 304 398 895 1034 1184 1305 1321 1424 1695 1753 2620 2802 2824 3162 3317 3322 3590 3854 3888 3939 4062 4121 4202 4914 4925 5031 5038 5176 5197 5320 5587 5839 5973 6110 6116 6295 6424 6627 6789 
#module 18 size: 85 bs: 0.785041
13 144 190 293 336 342 414 456 545 583 588 677 721 724 830 836 849 1069 1231 1251 1255 1401 1483 1544 1735 1877 1956 2030 2098 2126 2149 2208 2253 2383 2393 2581 2585 2644 2695 2774 2907 2961 2973 3009 3080 3112 3229 3265 3338 3373 3388 3573 3920 4448 4467 4471 4587 4630 4631 4635 4703 4867 4884 4916 4981 4991 5268 5299 5411 5551 5685 5866 5906 5920 5967 5986 6046 6181 6207 6314 6416 6438 6601 6732 6915 
#module 19 size: 15 bs: 0.890095
84 1077 1165 1175 1202 1455 1594 2757 2873 3134 3436 3798 3827 4633 6757 
#module 20 size: 36 bs: 0.902459
222 432 442 592 1295 1574 1592 1954 1997 2458 2477 2711 3075 3470 3475 3513 3665 3867 4002 4089 4177 4381 4828 5074 5091 5166 5800 5874 6021 6110 6298 6392 6405 6424 6557 6596 
#module 21 size: 60 bs: 0.848481
116 299 582 642 730 745 779 788 1034 1162 1228 1233 1449 1480 1521 1524 1548 1554 1586 1963 1973 2029 2083 2112 2135 2456 2771 2809 2876 2918 2991 3325 3349 3958 4207 4262 4372 4525 4831 4979 5119 5242 5462 5463 5523 5544 5562 5661 5784 5872 6030 6032 6205 6213 6307 6332 6482 6635 6687 6909 
#module 22 size: 31 bs: 0.372699
791 889 1084 1185 1247 1506 1520 1625 1896 2160 2269 2424 2425 2772 2825 3534 3570 3996 4345 4445 4595 4863 5395 5579 6046 6225 6265 6330 6481 6650 6719 
#module 23 size: 22 bs: 0.956579
202 438 629 772 1052 1060 1132 1770 2209 2217 2734 2947 3616 3792 3923 4315 4785 4875 5233 6052 6134 6734 
#module 24 size: 30 bs: 0.832013
173 208 493 870 941 1120 1207 1352 1704 1929 2310 2385 2515 2544 2669 2766 3235 3619 4059 4131 4320 4365 4771 4913 4946 5261 5340 5686 6432 6826 
#module 25 size: 34 bs: 1.09098
105 260 320 587 671 1600 1616 1726 1766 1850 1935 2150 2157 2284 2556 2701 2749 2954 2990 3344 4016 4362 4531 4591 4730 4873 5188 5258 5516 5838 6141 6507 6561 6677 
#module 26 size: 43 bs: 0.39233
214 441 723 960 993 1062 1177 1527 1636 2092 2193 2236 2427 2738 2785 2929 2996 3032 3196 3206 3359 3506 3662 3953 4078 4188 4621 4788 4881 5103 5214 5426 5502 5697 5888 6222 6280 6477 6500 6536 6542 6604 6845 
#module 27 size: 58 bs: 1.09664
15 42 253 341 437 509 523 556 579 660 797 804 1075 1218 1346 1376 1606 1639 1699 1756 1887 1928 1977 2127 2190 2348 2414 2597 2704 2722 2739 3004 3012 3285 3533 3559 3633 3679 3736 3903 4058 4139 4265 4413 4579 4647 5032 5072 5434 5459 5628 5689 5694 5738 6050 6166 6238 6736 
#module 28 size: 106 bs: 0.652314
81 238 375 408 421 471 473 669 692 694 798 831 867 974 1009 1048 1122 1151 1157 1167 1181 1260 1283 1384 1442 1444 1454 1674 1716 1734 1737 1807 1902 2018 2142 2171 2214 2226 2246 2247 2254 2408 2432 2499 2516 2517 2552 2656 2740 2765 2782 3050 3057 3100 3119 3153 3224 3284 3300 3396 3459 3517 3608 3842 3853 3886 3922 3926 3944 4026 4073 4094 4097 4337 4387 4390 4666 4733 4888 5055 5079 5163 5250 5305 5314 5328 5359 5372 5420 5445 5498 5607 5780 5783 5804 6185 6212 6300 6456 6635 6654 6673 6709 6773 6827 6847 
#module 29 size: 34 bs: 0.420332
43 209 378 799 1026 1173 1371 1899 2230 2278 2898 2917 3180 3481 3487 3640 4083 4178 4429 4530 4594 4818 4949 5045 5053 5182 5681 5702 6259 6311 6333 6480 6615 6667 
#module 30 size: 20 bs: 0.547307
493 817 991 1096 1619 1694 2186 2225 2551 2563 2975 3910 4216 4491 4511 4823 4919 5950 6226 6362 
#module 31 size: 95 bs: 0.919939
301 419 453 487 589 598 605 619 630 689 857 900 1149 1290 1480 1542 1578 1675 1681 1710 1728 1738 1752 1881 2001 2013 2052 2091 2168 2245 2271 2300 2357 2528 2640 2980 3029 3069 3085 3110 3173 3291 3355 3365 3375 3432 3447 3472 3545 3551 3597 3600 3810 3907 3914 3957 3991 4047 4163 4426 4592 4625 4667 4717 4731 4743 5004 5049 5051 5087 5106 5333 5510 5520 5535 5609 5791 5802 5843 5964 5965 6013 6034 6107 6151 6282 6408 6435 6447 6452 6510 6610 6682 6683 6709 
#module 32 size: 5 bs: 0.850464
1624 1646 3546 5047 5458 
#module 33 size: 14 bs: 0.223686
828 1285 1575 2094 2735 2951 3443 3883 4799 4857 4865 5687 6872 6873 
#module 34 size: 15 bs: 0.318307
82 631 1141 1466 2356 3642 4285 4477 4697 4709 5317 5349 5632 6126 6622 
#module 35 size: 8 bs: 0.54693
678 1110 1159 3626 4732 5248 6076 6369 
#module 36 size: 27 bs: 0.51079
184 349 577 891 928 1296 1903 1946 2043 2086 2145 2156 2165 2279 2872 3342 3346 3826 4399 4532 4890 5083 5699 5925 6341 6518 6879 
#module 37 size: 111 bs: 0.317313
125 157 162 243 249 282 377 428 602 607 688 722 754 778 929 964 977 1252 1259 1264 1350 1352 1361 1398 1404 1413 1632 1700 1777 1809 1924 1958 1986 2402 2491 2505 2555 2581 2635 2639 2719 2731 2831 2999 3014 3036 3042 3074 3087 3198 3239 3397 3473 3535 3541 3563 3624 3643 3672 3758 3902 3916 3917 4032 4128 4153 4218 4261 4500 4539 4593 4620 4637 4640 4658 4695 4716 4859 4908 4929 5058 5118 5145 5364 5406 5431 5480 5505 5509 5590 5677 5730 5909 5926 5959 5981 6007 6150 6253 6275 6293 6354 6491 6543 6577 6621 6695 6701 6715 6724 6907 
#module 38 size: 26 bs: 0.582789
276 521 726 930 1058 1116 1604 1788 1908 2140 2248 2299 2360 2858 3950 4075 4124 4220 4869 5331 5575 5857 6605 6628 6661 6838 
#module 39 size: 26 bs: 0.629408
70 383 576 699 727 2199 2370 2562 2732 2871 2949 3211 3218 3502 3676 3749 4071 4659 4708 4848 5181 5663 6405 6539 6671 6678 
#module 40 size: 54 bs: 0.264933
46 52 53 339 448 580 685 753 868 877 971 1344 1439 1607 1680 1711 1743 1772 1854 1901 1989 2038 2244 2440 2526 2780 2839 2911 3001 3159 3542 4019 4111 4182 4228 4245 4408 4481 4651 4682 4845 5362 5447 5574 5625 5945 5986 5994 6172 6319 6553 6620 6703 6808 
#module 41 size: 41 bs: 0.841243
417 634 645 807 854 914 1066 1108 1158 1326 1390 1411 1572 1605 1641 1947 2075 2080 2089 2509 2972 2988 3341 3682 3820 3855 3898 4122 4172 4191 4269 4517 4958 5542 5846 5850 5858 6029 6272 6403 6600 
#module 42 size: 70 bs: 0.996215
34 58 60 93 99 170 475 616 669 770 794 845 1667 1688 1860 1876 1929 1952 1953 2035 2166 2303 2481 2511 2541 2729 2807 2830 2896 2908 3032 3050 3059 3359 3388 3667 3899 3928 3998 4034 4043 4056 4097 4188 4227 4268 4272 4379 4621 4831 4912 5011 5155 5189 5256 5336 5432 5435 5538 5592 5664 5864 5876 5888 6038 6144 6376 6477 6710 6813 
#module 43 size: 112 bs: 0.430702
1 21 177 186 187 323 394 549 675 731 740 935 1155 1275 1282 1304 1359 1374 1458 1460 1476 1493 1495 1508 1538 1699 1708 1719 1744 1751 1857 1870 1880 1966 1972 1978 2053 2054 2097 2105 2145 2146 2151 2157 2268 2286 2316 2435 2502 2524 2619 2666 2752 2867 2924 3116 3138 3181 3316 3468 3480 3493 3503 3538 3562 3588 3592 3738 3759 3830 3857 3863 4105 4107 4361 4433 4497 4506 4628 4636 4713 4726 4793 4868 4895 4902 5110 5142 5243 5306 5315 5330 5341 5650 5675 5813 5834 5955 6310 6432 6467 6498 6593 6594 6607 6641 6642 6690 6742 6765 6795 6890 
#module 44 size: 45 bs: 0.147013
32 102 333 356 585 897 989 1009 1220 1496 1763 2234 2288 2361 2540 2886 2931 3108 3252 3598 3752 3860 3872 3959 4298 4359 4415 4740 4953 4957 5057 5161 5499 5569 5638 5825 5894 5995 6139 6188 6304 6323 6496 6788 6815 
#module 45 size: 107 bs: 0.460375
39 62 90 222 316 432 442 468 507 571 725 768 784 910 931 935 969 970 1056 1173 1208 1267 1320 1340 1355 1370 1400 1446 1574 1689 1695 1723 2002 2205 2259 2273 2319 2324 2448 2458 2462 2479 2587 2650 2879 2899 2930 3031 3054 3058 3078 3088 3111 3136 3300 3475 3497 3583 3611 3665 3683 3739 3821 3909 3981 4089 4098 4117 4156 4177 4208 4283 4309 4327 4350 4381 4730 4798 5039 5071 5074 5174 5193 5212 5284 5374 5544 5722 5788 5789 5799 5947 6021 6049 6229 6279 6379 6391 6427 6433 6474 6485 6546 6691 6778 6792 6909 
#module 46 size: 7 bs: 0.285921
922 1063 1246 1372 3852 4101 6162 
#module 47 size: 27 bs: 0.8521
161 465 856 1723 2412 2649 3215 3290 3326 3527 3847 4112 4324 4610 4755 4882 5166 5207 5554 5583 5705 5712 6060 6406 6537 6916 6922 
#module 48 size: 9 bs: 0.293086
1653 1999 2275 2469 4192 4281 5722 6390 6513 
#module 49 size: 28 bs: 0.88696
879 907 1291 1648 2026 2138 2387 2452 2789 3309 3441 3565 3838 4067 4108 4232 4247 4430 4489 4619 4790 5154 5309 5854 6225 6656 6711 6798 
#module 50 size: 12 bs: 0.832183
261 715 2760 2833 2964 3028 3161 4306 4310 4679 5136 6750 
#module 51 size: 27 bs: 0.367929
105 501 529 827 968 1197 1415 1547 1608 1683 2147 2158 2380 2709 2728 3440 3448 3478 3873 4362 5129 5150 5604 6396 6505 6602 6664 
#module 52 size: 45 bs: 0.491395
54 147 151 201 478 858 996 1023 1123 1136 1164 1241 1256 1324 1634 1684 1719 1835 2107 2377 2548 2717 3030 3364 3430 3811 3864 4214 4631 4721 4734 4882 4883 4988 5123 5832 5859 6148 6325 6552 6597 6625 6675 6829 6840 
#module 53 size: 200 bs: 0.690598
63 90 101 107 129 133 169 217 224 234 262 303 324 329 345 389 395 474 490 506 507 527 534 627 638 656 670 676 720 732 749 820 838 911 937 953 1017 1022 1030 1121 1140 1237 1240 1365 1395 1405 1472 1474 1498 1513 1537 1559 1593 1603 1629 1630 1670 1787 1831 1889 1909 1915 1980 1988 2113 2115 2120 2270 2312 2332 2367 2376 2388 2400 2453 2459 2495 2506 2571 2607 2663 2675 2820 2837 2849 2994 3013 3015 3033 3068 3203 3204 3237 3393 3424 3445 3454 3492 3495 3589 3604 3644 3686 3689 3702 3707 3717 3818 3893 3975 3988 4007 4018 4087 4150 4171 4181 4239 4256 4305 4310 4329 4435 4457 4498 4499 4509 4537 4586 4601 4629 4663 4694 4729 4755 4769 4809 4822 4825 4827 4861 4870 4936 4977 4989 4994 5025 5040 5048 5061 5089 5139 5167 5191 5192 5202 5251 5259 5300 5386 5418 5493 5559 5572 5633 5655 5666 5668 5747 5788 5828 5953 5958 5992 5997 6037 6097 6154 6229 6236 6241 6255 6274 6287 6301 6321 6326 6334 6368 6525 6548 6556 6585 6611 6648 6653 6706 6746 6805 6918 
#module 54 size: 43 bs: 0.113892
397 628 746 790 844 872 1221 1485 1502 1628 1778 2071 2164 2784 2877 3202 3411 3558 3568 3692 3865 3908 3941 4095 4157 4321 4533 4718 4803 5050 5173 5190 5235 5337 5342 5525 5616 5720 6168 6256 6294 6338 6754 
#module 55 size: 31 bs: 1.07794
240 472 535 622 710 776 1020 1317 1431 1519 1955 1992 2006 3008 3040 3586 3753 4114 4398 4739 5291 5511 5924 6011 6204 6216 6228 6787 6800 6825 6844 
#module 56 size: 74 bs: 0.971585
97 126 289 357 366 423 435 600 601 1029 1041 1044 1068 1379 1470 1489 1587 1622 1642 1698 1708 1869 1914 1930 1933 1938 1950 2339 2350 2365 2394 2474 2493 2580 2594 2664 2703 2715 2984 3135 3162 3183 3263 3275 3366 3552 3722 3773 3907 4145 4349 4412 4441 4451 4471 4483 4502 4638 4687 4742 4774 4881 4896 5020 5743 5842 5944 6073 6107 6110 6267 6342 6482 6861 
#module 57 size: 15 bs: 0.693173
263 313 1746 1840 2661 2684 2880 3019 3915 3969 4449 5105 5819 6232 6886 
#module 58 size: 152 bs: 0.860012
57 114 136 140 141 145 146 176 197 206 267 270 292 409 413 422 459 560 625 830 878 881 892 915 984 1010 1042 1088 1089 1133 1148 1303 1335 1423 1580 1582 1615 1631 1727 1780 1793 1798 1816 1853 1900 1942 1994 2098 2108 2170 2181 2235 2294 2404 2533 2558 2644 2677 2743 2773 2800 2818 2835 2857 2859 2864 2926 2944 2986 3026 3121 3129 3305 3306 3410 3431 3461 3463 3494 3505 3692 3704 3737 3777 3789 3882 3887 4001 4014 4126 4133 4249 4297 4321 4329 4358 4360 4401 4404 4423 4526 4540 4563 4568 4574 4608 4723 4789 4971 5026 5076 5108 5131 5138 5200 5224 5246 5322 5467 5468 5601 5605 5618 5717 5735 5736 5798 5829 5903 5956 5980 6024 6095 6197 6234 6372 6375 6479 6503 6504 6531 6544 6560 6562 6564 6639 6662 6699 6769 6804 6807 6896 
#module 59 size: 65 bs: 0.312338
106 138 179 301 407 453 489 599 627 826 838 997 1095 1301 1302 1448 1464 1501 1579 1990 2192 2261 2300 2513 2561 2744 2764 2862 3082 3096 3219 3239 3334 3432 3469 3485 3701 3831 3866 4209 4288 4582 4737 4946 4959 5107 5146 5196 5389 5402 5446 5517 5688 5691 5764 5863 6133 6140 6143 6292 6446 6453 6461 6680 6802 
#module 60 size: 51 bs: 0.631136
31 274 469 505 737 809 846 902 973 1042 1142 1215 1281 1368 1392 1550 1565 1623 1871 2209 2318 2630 2632 2758 3125 3205 3270 3328 3401 3427 3685 3715 3880 4120 4289 4503 4524 4546 4567 4596 4992 5216 5274 5413 5521 5898 6271 6457 6458 6497 6676 
#module 61 size: 48 bs: 1.00893
205 211 342 384 551 584 615 847 918 987 1040 1090 1107 1156 1280 1481 1672 1984 2233 2437 2814 2866 3197 3444 3449 3477 3937 4138 4636 4637 4684 4753 4758 4815 4928 4973 5063 5289 5470 5537 5716 5765 5810 5826 6297 6366 6724 6830 
#module 62 size: 40 bs: 0.517665
12 24 733 757 811 998 1277 1503 1546 1599 1849 1897 1998 2570 2940 3083 3171 3638 3657 3673 3782 3829 3839 3901 4066 4152 4165 4176 4624 4886 5060 5530 5535 5595 5811 5941 5962 6146 6186 6317 
#module 63 size: 41 bs: 0.238885
35 530 558 570 716 841 933 1081 1305 1425 1539 1685 2059 2080 2155 2163 2468 2637 2692 3439 3457 3750 3980 4255 4280 4334 4525 4691 4756 4766 4926 4954 5070 5263 5423 5481 5892 6303 6465 6633 6722 
#module 64 size: 89 bs: 0.889292
104 475 681 695 759 912 1021 1115 1229 1507 1593 1667 1715 1760 1786 1847 2040 2120 2260 2292 2403 2427 2490 2535 2541 2729 2807 2844 2847 2892 2896 2925 2945 3160 3178 3288 3386 3504 3575 3621 3787 3832 3871 4034 4061 4090 4136 4188 4272 4379 4506 4518 4641 4665 4693 4830 4831 4846 4898 4912 4972 4975 5008 5155 5170 5221 5336 5373 5455 5637 5732 5823 5864 5876 6055 6067 6082 6132 6144 6169 6285 6388 6477 6606 6696 6761 6767 6784 6831 
#module 65 size: 16 bs: 1.08934
6 477 1239 1242 1799 1983 2065 2132 2331 2708 5494 5786 6306 6366 6381 6712 
#module 66 size: 76 bs: 0.986221
196 278 306 484 574 765 833 859 1039 1095 1168 1298 1417 1420 1501 1504 1731 1759 2005 2069 2232 2261 2262 2454 2520 2764 2850 3053 3106 3362 3485 3536 3658 3701 3856 3866 3966 3984 4003 4143 4331 4333 4565 4582 4753 4787 4844 5041 5095 5220 5320 5357 5389 5402 5476 5517 5519 5556 5648 5660 5691 6039 6092 6113 6133 6138 6140 6292 6334 6446 6453 6461 6471 6680 6802 6889 
#module 67 size: 113 bs: 0.626498
2 8 83 84 110 123 180 210 319 347 387 590 624 714 839 848 920 1004 1150 1254 1306 1313 1347 1385 1397 1491 1529 1530 1557 1568 1707 1755 1939 2028 2076 2131 2169 2204 2302 2332 2355 2376 2386 2446 2475 2574 2650 2658 2721 2745 2751 2761 2838 2934 2963 3077 3133 3172 3418 3434 3445 3531 3604 3687 3691 3740 3835 3844 3925 3979 4052 4077 4141 4164 4243 4277 4316 4341 4444 4457 4461 4808 4860 4923 4999 5165 5203 5205 5228 5321 5478 5512 5698 5787 5910 5960 6036 6044 6052 6062 6091 6103 6198 6371 6449 6492 6530 6545 6568 6580 6602 6631 6700 
#module 68 size: 28 bs: 0.628368
76 93 115 286 613 925 1085 1364 1658 1876 2182 2511 2713 2793 3156 3803 4010 4092 4392 4578 5144 5156 5184 5213 5515 6038 6170 6813 
#module 69 size: 41 bs: 0.341971
297 683 703 805 904 905 1053 1310 1596 1598 1669 1736 1996 2219 2521 2797 3070 3177 3850 4060 4190 4339 4408 4473 4516 4552 4573 4676 4826 4851 4927 5399 5419 5581 5781 5803 5805 5954 6233 6343 6499 
#module 70 size: 163 bs: 0.504001
36 40 96 112 114 140 141 145 199 244 253 283 296 307 311 341 344 409 418 443 679 691 700 709 798 814 853 863 878 901 972 1000 1005 1043 1133 1148 1303 1334 1377 1383 1526 1555 1563 1573 1631 1664 1727 1796 1817 1855 1942 2011 2022 2108 2174 2175 2191 2197 2211 2294 2450 2497 2517 2521 2559 2575 2604 2633 2680 2687 2773 2836 2893 3010 3117 3248 3313 3357 3371 3374 3379 3390 3451 3507 3576 3585 3680 3698 3730 3742 3767 3805 3809 3822 3965 3971 4014 4017 4063 4080 4093 4139 4241 4249 4278 4284 4297 4318 4321 4370 4404 4528 4542 4568 4617 4683 4752 4813 4893 4921 4971 5001 5018 5076 5121 5192 5246 5252 5273 5280 5324 5421 5454 5503 5533 5540 5584 5619 5695 5740 5782 5840 5887 5891 5979 5980 5999 6031 6048 6200 6260 6263 6352 6375 6483 6516 6549 6612 6613 6619 6622 6651 6910 
#module 71 size: 133 bs: 0.969643
11 27 29 47 64 74 85 225 228 231 244 247 276 338 348 369 386 388 396 406 452 467 572 606 626 657 735 786 967 1067 1112 1183 1522 1621 1654 1673 1703 1783 1836 1847 1852 1858 1919 1991 2125 2198 2228 2231 2249 2345 2354 2374 2378 2466 2582 2725 2754 2759 2808 2842 2850 2897 2926 2950 3128 3139 3210 3213 3330 3361 3369 3394 3460 3490 3494 3499 3557 3595 3649 3661 3694 3718 3790 3813 3861 3876 3893 3975 4155 4215 4312 4319 4375 4396 4458 4545 4552 4613 4653 4696 4872 5032 5059 5102 5185 5219 5276 5421 5496 5504 5552 5553 5594 5640 5643 5718 5793 5795 5822 5831 5868 5922 6041 6042 6254 6344 6375 6429 6468 6567 6643 6711 6745 
#module 72 size: 17 bs: 0.998229
399 604 789 1265 1319 1668 1844 2324 2358 2522 2618 3120 3153 3479 5019 6189 6870 
#module 73 size: 44 bs: 0.447926
154 420 533 664 766 866 1201 1523 1771 1964 2048 2285 2645 2647 2826 2938 2943 2957 3048 3076 3123 3194 3312 3428 3509 3599 3705 3706 3771 3862 4073 4186 4960 5090 5404 5561 5641 5711 6196 6488 6523 6868 6898 6924 
#module 74 size: 71 bs: 0.226135
18 225 380 426 480 637 662 762 810 812 963 1111 1125 1148 1182 1219 1223 1281 1368 1381 1410 1507 1724 2164 2218 2295 2359 2382 2418 2533 2609 2636 3021 3140 3195 3264 3305 3310 3354 3387 3437 3438 3514 3524 3574 3747 3836 3952 3970 4200 4301 4505 4736 4856 5200 5235 5265 5304 5335 5441 5563 5642 5644 5814 5861 5915 6081 6117 6698 6727 6730 
#module 75 size: 21 bs: 1.09505
415 848 965 1327 1437 1851 2095 2118 3122 3142 3283 3323 3368 5007 5195 5292 5365 5401 5830 5837 6258 
#module 76 size: 69 bs: 0.608362
175 232 271 312 502 509 575 581 732 835 942 979 1059 1225 1515 1620 1727 1781 1848 2087 2179 2206 2301 2411 2576 2694 2718 2827 2856 2985 3002 3034 3092 3217 3261 3329 3376 3512 3571 3664 3693 3819 3982 3990 4230 4252 4385 4454 4556 4603 4678 4776 4836 4869 5210 5227 5253 5758 5763 5841 5875 5879 6056 6526 6527 6581 6646 6708 6914 
#module 77 size: 73 bs: 0.671203
89 220 340 461 514 547 609 684 894 919 1038 1053 1073 1147 1211 1353 1393 1534 1563 1596 1757 1918 1959 2032 2068 2078 2256 2441 2478 2589 2777 2786 2955 3018 3274 3537 3613 3622 3629 3655 3710 3743 3780 3875 4072 4169 4235 4414 4571 4673 4760 4768 4812 4850 4948 5329 5419 5430 5484 5543 5549 5593 5671 5709 5724 5725 5757 6237 6250 6418 6668 6717 6857 
#module 78 size: 105 bs: 0.873496
15 34 41 178 293 300 332 545 633 652 677 717 718 721 782 921 1011 1024 1119 1191 1203 1251 1274 1293 1316 1427 1509 1553 1650 1666 1775 1841 1843 1877 1878 1886 1890 2003 2012 2018 2098 2171 2223 2297 2417 2581 2584 2585 2622 2790 2852 2885 2942 2961 2972 3035 3098 3371 3384 3388 3464 3490 3656 3675 3709 3804 3858 3881 3931 3974 4166 4518 4527 4538 4587 4778 4810 4831 4912 4991 5028 5130 5231 5264 5281 5328 5360 5393 5438 5466 5509 5602 5685 5726 6128 6190 6191 6207 6211 6220 6314 6409 6419 6423 6647 
#module 79 size: 43 bs: 0.563831
14 105 221 475 536 620 713 742 764 803 917 1027 1045 1170 1445 1518 1574 1712 1846 2315 2341 2342 2431 2545 2816 2823 3144 3179 3627 3796 4090 4098 4355 4375 4924 5142 5232 5453 5541 5733 5785 6400 6455 
#module 80 size: 56 bs: 0.680817
73 182 235 562 1178 1235 1273 1549 1574 1612 1754 1862 1882 1894 2079 2212 2220 2369 2599 2887 2919 3006 3069 3187 3321 3406 3713 3755 3823 3849 3885 4006 4212 4375 4421 4436 4541 4701 4780 4952 5269 5301 5378 5453 5461 5622 5706 5742 5801 5845 5908 6194 6227 6519 6626 6812 
#module 81 size: 119 bs: 0.933256
11 104 198 226 371 541 571 573 596 751 774 851 871 969 1003 1032 1045 1129 1134 1158 1199 1212 1286 1367 1414 1433 1440 1447 1499 1535 1626 1632 1657 1671 1761 1805 1865 1906 1957 2007 2024 2047 2091 2104 2311 2317 2325 2333 2346 2410 2489 2596 2648 2746 2747 2752 2860 2897 2978 3005 3031 3184 3407 3472 3544 3989 4092 4170 4173 4237 4270 4301 4314 4353 4408 4524 4549 4559 4589 4760 4802 4877 4901 5017 5066 5074 5113 5132 5144 5184 5348 5356 5492 5529 5625 5634 5678 5680 5723 5739 5869 5883 5932 5942 5966 5987 6058 6245 6266 6356 6383 6385 6467 6483 6555 6694 6764 6766 6806 
#module 82 size: 46 bs: 0.161346
236 386 896 1138 1363 1430 1471 1475 1541 1627 1663 1805 1858 1859 1934 1951 2042 2243 2602 2668 2903 3166 3201 3280 3297 3350 3383 3521 3639 3834 3846 4418 5027 5707 5731 5778 5912 6235 6246 6356 6463 6630 6685 6758 6768 6797 
#module 83 size: 118 bs: 0.658222
193 204 251 269 380 382 450 491 526 539 650 658 659 662 668 719 819 925 952 976 1028 1046 1097 1196 1214 1258 1269 1270 1333 1336 1354 1410 1421 1476 1732 1768 1769 1897 1921 1942 2050 2075 2196 2221 2330 2382 2451 2486 2686 2832 2848 2895 3020 3031 3038 3060 3145 3195 3233 3510 3666 3695 3734 3802 3808 3841 3879 3894 4022 4024 4076 4168 4211 4287 4438 4465 4476 4487 4547 4590 4624 4661 4757 4763 4920 4943 5065 5086 5088 5104 5204 5254 5257 5408 5674 5708 5741 5748 5940 5991 6015 6035 6067 6080 6163 6177 6324 6473 6575 6609 6718 6747 6777 6780 6859 6874 6882 6892 
#module 84 size: 37 bs: 0.166511
66 195 223 618 667 883 988 1092 1250 1315 1434 1721 1923 1941 2178 2185 2267 2308 2316 2742 3086 3234 3289 4130 4193 4294 4405 4656 4976 5022 5187 5278 5626 5931 6027 6131 6595 
#module 85 size: 116 bs: 0.524293
48 205 259 293 295 325 367 401 464 603 623 738 884 957 1032 1040 1079 1117 1176 1225 1271 1332 1349 1411 1512 1672 1805 1819 1821 1858 1873 1884 1925 1932 2004 2031 2051 2064 2109 2187 2204 2276 2363 2370 2384 2487 2813 2814 2821 2909 2933 2940 2974 3036 3065 3067 3130 3223 3227 3406 3419 3529 3575 3652 3669 3724 3800 3815 3838 3840 3949 3968 4049 4099 4149 4307 4469 4577 4606 4636 4642 4711 4753 4764 4815 4840 4928 4942 5036 5069 5152 5159 5247 5313 5316 5330 5415 5474 5489 5620 5621 5714 5767 5807 5821 5916 6152 6297 6326 6480 6665 6666 6705 6724 6867 6899 
#module 86 size: 167 bs: 1.03525
100 131 171 251 254 419 462 513 543 560 589 598 605 639 654 660 687 689 738 743 811 843 893 900 949 1013 1033 1109 1161 1179 1194 1206 1216 1222 1234 1236 1408 1560 1584 1774 1828 1845 1962 2084 2091 2183 2207 2293 2304 2357 2395 2398 2528 2623 2629 2637 2656 2670 2798 2909 2936 2952 2979 2981 2982 3029 3041 3045 3058 3118 3199 3220 3268 3365 3403 3415 3486 3503 3519 3545 3593 3597 3712 3716 3744 3757 3810 3821 3914 3963 3978 4065 4066 4147 4174 4204 4242 4250 4254 4302 4308 4363 4364 4410 4453 4494 4507 4508 4585 4599 4612 4668 4669 4670 4692 4715 4717 4794 4837 4872 4874 4878 4891 4897 4907 5004 5087 5099 5143 5273 5277 5287 5302 5361 5471 5520 5535 5564 5802 5843 5919 5928 5930 5941 5964 5965 5976 6026 6231 6242 6308 6328 6359 6363 6380 6422 6431 6447 6475 6476 6510 6569 6573 6584 6610 6616 6645 
#module 87 size: 47 bs: 0.669625
310 350 374 412 578 875 1478 1500 1525 1662 1767 1940 2075 2287 2336 2390 2579 2770 2937 3303 3347 3380 3442 3609 3666 3799 3874 3896 3927 3964 3991 4004 4011 4031 4231 4744 4838 5006 5294 6382 6591 6636 6809 6862 6900 6911 6921 
#module 88 size: 30 bs: 0.224221
49 130 266 268 516 1152 1482 1516 1692 1920 2153 2381 2389 2627 3756 3790 4068 4356 4662 4986 5310 5564 5665 6147 6359 6410 6637 6687 6745 6844 
#module 89 size: 64 bs: 0.859496
19 37 321 410 429 496 555 813 913 927 934 954 975 1186 1264 1309 1369 1399 1436 1803 1815 1822 1847 1944 2056 2121 2161 2322 2480 2807 2995 3131 3302 3471 3491 3580 3591 3634 3748 3765 3817 3877 3908 4041 4084 4113 4330 4332 4597 4688 4725 4983 4984 5114 5162 5293 5325 5614 5658 5790 6001 6238 6249 6335 
#module 90 size: 151 bs: 0.616164
57 69 121 202 232 352 386 454 503 525 540 542 644 818 874 886 946 1018 1041 1054 1093 1135 1153 1210 1262 1299 1350 1444 1452 1477 1497 1610 1635 1647 1735 1814 1837 1907 2063 2072 2096 2100 2224 2238 2277 2280 2344 2581 2585 2617 2626 2667 2682 2690 2733 2819 2868 2875 2915 2948 2960 3064 3143 3192 3231 3301 3363 3421 3495 3520 3525 3578 3648 3660 3676 3683 3708 3732 3751 3764 3769 3776 3878 3887 3920 3956 3986 4103 4134 4144 4167 4203 4358 4459 4480 4504 4524 4562 4634 4689 4715 4753 4767 4853 4864 4871 4917 4997 5042 5056 5128 5158 5177 5223 5229 5347 5366 5375 5417 5437 5485 5526 5550 5578 5644 5690 5701 5713 5773 5849 5877 5899 5911 5937 6028 6051 6124 6179 6193 6197 6339 6428 6514 6579 6603 6679 6739 6793 6848 6864 6880 
#module 91 size: 63 bs: 0.212599
257 287 316 330 392 604 643 673 706 734 992 1106 1154 1187 1400 1813 1876 1924 1985 1990 2000 2002 2099 2124 2137 2188 2320 2548 2678 3086 3146 3381 3416 3770 3976 4098 4201 4208 4219 4222 4233 4251 4348 4394 4425 4478 4569 4572 4900 4918 4941 5071 5311 5518 5617 5824 5904 6228 6427 6624 6638 6672 6909 
#module 92 size: 86 bs: 1.09809
25 67 94 192 229 337 354 381 406 433 434 459 476 510 512 518 563 621 717 756 803 816 899 1012 1047 1166 1238 1257 1263 1276 1567 1697 1733 1911 1916 2032 2215 2220 2362 2461 2472 2671 2706 2755 2768 3024 3084 3102 3109 3163 3193 3276 3299 3452 3556 3596 3639 3683 3723 3760 4088 4378 4490 4562 4622 4645 4805 4909 5272 5342 5351 5422 5453 5627 5639 5679 5693 5963 6025 6082 6090 6104 6209 6358 6493 6655 
#module 93 size: 112 bs: 0.182795
61 110 129 150 191 210 291 453 481 559 869 944 994 1001 1009 1151 1172 1195 1203 1244 1300 1454 1533 1551 1629 1798 1807 1926 1943 1960 2028 2171 2246 2260 2328 2372 2513 2532 2588 2590 2673 2714 2723 2750 2760 2922 2964 2986 3037 3051 3126 3132 3212 3224 3318 3352 3404 3418 3420 3532 3587 3691 3886 3932 3999 4164 4308 4335 4464 4495 4581 4666 4686 4705 4719 4760 4808 4825 4896 4967 5009 5073 5116 5124 5165 5269 5305 5363 5379 5403 5478 5615 5804 5820 5853 5865 5886 5938 6072 6159 6160 6212 6240 6268 6327 6437 6586 6635 6673 6697 6823 6885 
#module 94 size: 74 bs: 0.21992
10 86 143 167 246 343 445 702 773 852 1118 1352 1362 1378 1484 1676 1687 1818 2008 2159 2220 2333 2343 2423 2470 2515 2537 2651 2697 2851 2855 2958 3052 3247 3259 3327 3343 3674 3677 3763 3764 3924 3972 4038 4326 4388 4411 4422 4622 4664 4804 4913 5098 5223 5255 5424 5606 5659 5836 5862 5899 5900 5949 5966 6061 6239 6320 6420 6443 6491 6495 6712 6843 6895 
#module 95 size: 29 bs: 0.397047
17 22 444 767 806 844 932 1205 1357 1510 1511 1655 1690 1701 1718 1872 2536 2888 3073 3127 3208 3273 3377 3900 4956 4974 6313 6779 6841 
#module 96 size: 43 bs: 0.252458
134 203 504 532 750 840 940 1008 1051 1100 1297 1350 1506 1543 1617 1693 1794 1810 1829 2037 2116 3063 3070 3147 3632 3785 4384 4439 4508 4649 4754 5367 5534 5544 5611 5651 5957 6098 6298 6395 6629 6858 6913 
#module 97 size: 73 bs: 0.819764
37 56 207 298 370 496 653 687 796 813 829 834 1029 1035 1104 1176 1186 1206 1245 1309 1360 1443 1445 1479 1703 1740 1761 1794 1820 1930 1976 2070 2433 2467 2510 2716 2807 3155 3399 3412 3471 3671 3737 3918 3973 3994 4025 4029 4102 4159 4204 4223 4543 4611 4646 5209 5405 5416 5490 5545 5546 5714 5881 5985 6012 6225 6238 6296 6360 6533 6711 6774 6796 
#module 98 size: 41 bs: 0.750618
111 277 565 696 725 1169 1212 1272 1288 1531 2017 2091 2154 2406 3472 3670 3907 4173 4234 4327 4382 4391 4594 4680 4823 4951 4955 5288 5350 5529 5761 5789 6009 6107 6485 6608 6667 6709 6775 6866 6909 
#module 99 size: 29 bs: 0.712835
416 499 674 697 824 1037 1514 1601 1643 1677 1917 2241 2405 2527 2654 2668 3114 3190 3668 4296 4300 4748 4765 4866 5286 5529 5600 5855 6047 
#module 100 size: 11 bs: 0.220025
165 936 1785 1789 2229 2264 2817 4210 4472 4724 6105 
#module 101 size: 13 bs: 0.803352
617 1638 1722 1945 2514 2779 3398 3607 3781 3807 4273 4816 6145 
#module 102 size: 36 bs: 0.318927
71 163 494 522 690 737 966 1101 1131 1142 1331 1392 2177 2968 3086 3238 3244 3328 3353 3555 3641 3703 3801 4064 4289 4945 5179 5226 5239 5339 5495 5521 5777 6003 6649 6833 
#module 103 size: 137 bs: 0.398507
20 50 109 132 216 230 245 256 265 285 328 355 402 425 561 701 741 744 775 808 815 860 948 951 1080 1083 1171 1232 1249 1284 1407 1441 1497 1577 1581 1614 1720 1729 1750 1826 1834 1966 1979 1981 2046 2106 2119 2129 2136 2265 2266 2323 2327 2349 2371 2465 2538 2566 2603 2624 2657 2660 2801 2840 2962 2966 3072 3185 3216 3249 3271 3287 3295 3332 3337 3446 3498 3500 3528 3594 3612 3615 3630 3711 3783 3786 3816 3859 4183 4238 4258 4317 4323 4377 4482 4533 4615 4735 4800 4801 4847 4849 4962 4998 5015 5021 5141 5230 5296 5319 5323 5326 5377 5385 5443 5624 5647 5726 5972 6043 6161 6175 6184 6202 6337 6357 6393 6502 6506 6517 6524 6663 6723 6741 6816 6819 6856 
#module 104 size: 34 bs: 0.923789
128 213 218 554 705 1289 1465 1505 1569 1791 2022 2060 2130 2691 2906 3186 3240 3248 3413 3547 3784 4012 4013 4609 4773 5387 5541 5752 5848 6286 6336 6582 6759 6814 
#module 105 size: 66 bs: 0.900899
23 61 166 176 302 322 331 373 382 519 559 707 944 1016 1074 1078 1440 1459 1532 1747 1808 1960 2066 2260 2353 2547 2565 2683 2778 2788 2822 2829 2891 3037 3094 3200 3306 3577 3918 3929 3932 3962 4035 4165 4187 4267 4371 4427 4702 4795 5080 5238 5266 5271 5318 5548 5719 6072 6159 6384 6459 6490 6649 6762 6799 6883 
#module 106 size: 89 bs: 0.877318
212 255 353 455 495 520 526 659 663 825 904 910 950 1031 1105 1146 1172 1270 1279 1312 1322 1461 1488 1566 1576 1585 1611 1684 1709 1732 1905 2005 2016 2033 2062 2196 2305 2347 2407 2439 2451 2471 2485 2672 2775 2776 2832 2844 2863 2870 2910 2916 3007 3095 3255 3392 3399 3400 3566 4475 4590 4623 4920 4932 5088 5104 5153 5204 5228 5254 5391 5409 5477 5649 5655 5692 5715 5737 5982 6022 6322 6327 6335 6386 6478 6534 6644 6730 6777 
#module 107 size: 33 bs: 0.153678
163 439 494 498 508 690 1094 1101 1131 1314 1457 1562 1884 2257 2821 3238 3402 3569 3949 3995 4455 4895 5002 5152 5330 5474 5968 6017 6472 6592 6665 6713 6877 
#module 108 size: 1 bs: 1
6550 
#module 109 size: 1 bs: 1
611 
#module 110 size: 1 bs: 1
5547 
#module 111 size: 1 bs: 1
4140 
#module 112 size: 1 bs: 1
2606 
#module 113 size: 1 bs: 1
6897 
#module 114 size: 1 bs: 1
1812 
#module 115 size: 1 bs: 1
4416 
#module 116 size: 1 bs: 1
4135 
#module 117 size: 1 bs: 1
4217 
#module 118 size: 1 bs: 1
6153 
#module 119 size: 1 bs: 1
4070 
#module 120 size: 1 bs: 1
6224 
#module 121 size: 1 bs: 1
5597 
#module 122 size: 1 bs: 1
5856 
#module 123 size: 1 bs: 1
3157 
#module 124 size: 1 bs: 1
1904 
#module 125 size: 1 bs: 1
882 
#module 126 size: 1 bs: 1
640 
#module 127 size: 1 bs: 1
1802 
#module 128 size: 1 bs: 1
6291 
#module 129 size: 1 bs: 1
2085 
#module 130 size: 1 bs: 1
4091 
#module 131 size: 1 bs: 1
2593 
#module 132 size: 1 bs: 1
6811 
#module 133 size: 1 bs: 1
6010 
#module 134 size: 1 bs: 1
5033 
#module 135 size: 1 bs: 1
1403 
#module 136 size: 1 bs: 1
2283 
#module 137 size: 1 bs: 1
3462 
#module 138 size: 1 bs: 1
1137 
#module 139 size: 1 bs: 1
5566 
#module 140 size: 1 bs: 1
1561 
#module 141 size: 1 bs: 1
4627 
#module 142 size: 1 bs: 1
3554 
#module 143 size: 1 bs: 1
4639 
#module 144 size: 1 bs: 1
92 
#module 145 size: 1 bs: 1
5577 
#module 146 size: 1 bs: 1
4246 
#module 147 size: 1 bs: 1
850 
#module 148 size: 1 bs: 1
5728 
#module 149 size: 1 bs: 1
3043 
#module 150 size: 1 bs: 1
5744 
#module 151 size: 1 bs: 1
2034 
#module 152 size: 1 bs: 1
3044 
#module 153 size: 1 bs: 1
4650 
#module 154 size: 1 bs: 1
2700 
#module 155 size: 1 bs: 1
250 
#module 156 size: 1 bs: 1
2512 
#module 157 size: 1 bs: 1
4295 
#module 158 size: 1 bs: 1
5779 
#module 159 size: 1 bs: 1
5064 
#module 160 size: 1 bs: 1
4930 
#module 161 size: 1 bs: 1
3845 
#module 162 size: 1 bs: 1
103 
#module 163 size: 1 bs: 1
2970 
#module 164 size: 1 bs: 1
2805 
#module 165 size: 1 bs: 1
3728 
#module 166 size: 1 bs: 1
5755 
#module 167 size: 1 bs: 1
4290 
#module 168 size: 1 bs: 1
6415 
#module 169 size: 1 bs: 1
4046 
#module 170 size: 1 bs: 1
6054 
#module 171 size: 1 bs: 1
3961 
#module 172 size: 1 bs: 1
3425 
#module 173 size: 1 bs: 1
3912 
#module 174 size: 1 bs: 1
612 
#module 175 size: 1 bs: 1
5003 
#module 176 size: 1 bs: 1
758 
#module 177 size: 1 bs: 1
2959 
#module 178 size: 1 bs: 1
6402 
#module 179 size: 1 bs: 1
5444 
#module 180 size: 1 bs: 1
5921 
#module 181 size: 1 bs: 1
2274 
#module 182 size: 1 bs: 1
2971 
#module 183 size: 1 bs: 1
4244 
#module 184 size: 1 bs: 1
2976 
#module 185 size: 1 bs: 1
6120 
#module 186 size: 1 bs: 1
6085 
#module 187 size: 1 bs: 1
346 
