#module 0 size: 2 bs: 1.11022e-16
10 253 
#module 1 size: 4 bs: 3.29221e-05
208 220 402 512 
#module 2 size: 3 bs: 4.91024e-11
67 227 233 
#module 3 size: 7 bs: 9.51878e-101
83 166 176 218 265 303 450 
#module 4 size: 4 bs: 0.0792878
136 241 436 550 
#module 5 size: 5 bs: 2.366e-12
272 300 329 359 533 
#module 6 size: 7 bs: 1.97335e-08
1 30 65 217 279 296 519 
#module 7 size: 7 bs: 4.47433e-11
86 206 249 376 479 500 559 
#module 8 size: 7 bs: 5.55112e-16
13 46 58 147 275 317 543 
#module 9 size: 7 bs: 1.32235e-06
36 52 88 265 437 485 552 
#module 10 size: 8 bs: 4.06006e-101
33 157 240 257 371 453 561 600 
#module 11 size: 7 bs: 3.76479e-06
32 41 100 165 351 417 461 
#module 12 size: 4 bs: 4.90084e-101
2 40 186 242 
#module 13 size: 4 bs: 2.44249e-15
3 35 160 588 
#module 14 size: 5 bs: 1.444e-08
6 17 36 325 487 
#module 15 size: 10 bs: 0.502069
115 189 222 252 292 322 457 470 542 566 
#module 16 size: 9 bs: 0.584126
66 78 179 196 226 279 386 468 546 
#module 17 size: 9 bs: 0.844206
36 63 108 158 232 319 367 456 468 
#module 18 size: 21 bs: 0.472449
25 42 118 161 193 209 230 237 307 342 343 353 370 385 428 431 439 444 484 492 598 
#module 19 size: 16 bs: 0.457375
15 37 47 99 122 125 130 191 210 327 330 340 345 349 520 547 
#module 20 size: 14 bs: 0.408341
8 49 85 117 163 421 445 447 472 491 513 578 579 603 
#module 21 size: 7 bs: 0.903377
236 267 326 357 517 567 568 
#module 22 size: 5 bs: 0.658634
5 129 225 452 573 
#module 23 size: 6 bs: 0.980889
144 155 239 268 471 528 
#module 24 size: 13 bs: 0.794309
94 97 104 130 150 228 261 297 340 344 375 391 559 
#module 25 size: 16 bs: 0.506308
60 76 80 104 105 122 130 185 224 328 340 397 438 446 499 597 
#module 26 size: 12 bs: 0.464009
26 45 112 133 228 270 308 340 355 375 524 558 
#module 27 size: 14 bs: 0.347248
27 77 127 131 153 351 372 388 401 423 502 541 571 585 
#module 28 size: 18 bs: 0.989197
3 18 57 64 82 107 273 277 377 476 485 507 522 536 540 551 554 592 
#module 29 size: 3 bs: 0.820177
274 442 469 
#module 30 size: 11 bs: 0.71354
13 51 171 282 290 378 383 398 409 411 462 
#module 31 size: 6 bs: 1.01611
51 119 143 198 429 433 
#module 32 size: 7 bs: 0.346238
90 174 175 199 463 549 564 
#module 33 size: 13 bs: 0.783039
4 44 121 173 255 256 258 263 368 387 393 426 602 
#module 34 size: 11 bs: 0.148791
14 80 291 293 294 321 346 396 454 526 561 
#module 35 size: 3 bs: 0.340375
54 441 607 
#module 36 size: 15 bs: 0.911991
61 75 181 194 219 247 295 299 306 311 373 418 419 532 548 
#module 37 size: 6 bs: 0.930129
5 71 381 478 488 528 
#module 38 size: 15 bs: 1.03241
128 138 177 221 286 287 347 389 415 416 435 455 459 482 489 
#module 39 size: 7 bs: 0.79321
81 143 244 313 395 474 530 
#module 40 size: 10 bs: 1.00603
38 41 62 139 180 259 383 504 531 558 
#module 41 size: 3 bs: 1.09374
55 124 605 
#module 42 size: 6 bs: 0.220558
58 87 95 202 281 301 
#module 43 size: 13 bs: 1.06002
15 45 59 102 210 245 330 340 374 422 448 562 590 
#module 44 size: 8 bs: 0.953966
152 158 238 316 390 508 514 521 
#module 45 size: 7 bs: 1.0795
69 172 207 296 357 364 517 
#module 46 size: 6 bs: 1.083
11 89 149 334 394 407 
#module 47 size: 14 bs: 0.655499
28 108 110 164 203 223 232 283 309 323 367 400 404 538 
#module 48 size: 3 bs: 1.06024
79 183 424 
#module 49 size: 7 bs: 0.480175
72 103 323 414 494 509 516 
#module 50 size: 10 bs: 0.613868
19 103 126 168 170 250 280 414 523 539 
#module 51 size: 14 bs: 0.587578
22 45 53 140 270 302 361 382 466 544 556 580 589 604 
#module 52 size: 5 bs: 0.939834
118 408 425 443 584 
#module 53 size: 7 bs: 0.824215
77 278 341 373 486 502 557 
#module 54 size: 7 bs: 1.05095
212 285 356 392 427 511 572 
#module 55 size: 10 bs: 0.249143
114 213 231 279 305 314 338 358 366 430 
#module 56 size: 7 bs: 0.439415
74 100 235 248 333 405 483 
#module 57 size: 6 bs: 1.07562
182 200 339 404 543 601 
#module 58 size: 9 bs: 0.904097
96 101 187 234 318 362 458 515 518 
#module 59 size: 4 bs: 0.256985
186 360 451 545 
#module 60 size: 7 bs: 0.297305
109 156 205 352 354 503 593 
#module 61 size: 5 bs: 0.465317
92 243 358 440 498 
#module 62 size: 5 bs: 0.226591
159 167 410 477 532 
#module 63 size: 15 bs: 0.725719
43 84 93 100 151 213 246 297 312 417 490 505 527 563 586 
#module 64 size: 11 bs: 0.457649
20 23 58 142 166 192 197 271 284 303 332 
#module 65 size: 11 bs: 0.604918
120 123 127 135 184 315 434 467 506 529 594 
#module 66 size: 9 bs: 0.527687
24 50 201 229 254 266 553 564 599 
#module 67 size: 11 bs: 0.757447
56 91 116 148 162 201 269 320 337 412 419 
#module 68 size: 13 bs: 0.227401
16 98 113 145 146 169 211 214 260 262 296 336 460 
#module 69 size: 7 bs: 0.929864
9 21 204 465 493 535 555 
#module 70 size: 13 bs: 0.31571
29 31 68 118 215 251 284 298 365 369 384 496 525 
#module 71 size: 10 bs: 0.966581
7 45 134 141 169 190 304 363 432 565 
#module 72 size: 10 bs: 0.873486
39 73 165 348 350 380 403 510 534 569 
