#module 0 size: 10 bs: 1.83383e-101
48 161 163 185 271 343 559 624 676 711 
#module 1 size: 27 bs: 2.22045e-16
4 63 102 105 285 293 325 355 369 376 453 454 458 468 472 528 545 679 689 705 807 822 842 870 877 913 919 
#module 2 size: 9 bs: 0.00429665
51 191 390 415 425 734 762 816 900 
#module 3 size: 10 bs: 0.02485
387 433 535 589 668 671 764 848 875 986 
#module 4 size: 20 bs: 4.55191e-15
33 38 58 64 104 111 282 295 344 358 391 487 646 668 721 731 744 825 926 946 
#module 5 size: 11 bs: 0.000243466
116 349 368 404 444 530 804 841 916 934 987 
#module 6 size: 56 bs: 0.000257706
18 67 90 97 123 127 134 141 143 169 188 209 216 236 241 250 253 300 308 352 366 402 414 436 448 462 463 464 499 506 512 514 570 591 593 626 640 642 698 699 702 710 735 748 757 767 768 883 888 903 906 935 936 969 979 981 
#module 7 size: 11 bs: 0.00054283
8 19 42 49 288 327 378 409 718 796 977 
#module 8 size: 22 bs: 3.16683e-10
59 80 133 140 232 245 246 322 395 421 440 457 544 585 644 647 728 764 809 882 957 975 
#module 9 size: 7 bs: 0.0955214
111 243 358 514 565 868 923 
#module 10 size: 17 bs: 0.000759847
5 46 70 117 130 290 397 504 662 667 719 750 761 766 826 909 921 
#module 11 size: 10 bs: 0.000615841
368 370 382 412 540 612 692 693 814 942 
#module 12 size: 16 bs: 4.04908e-08
18 33 64 134 322 414 488 643 709 716 727 731 813 849 874 895 
#module 13 size: 16 bs: 1.2903e-06
11 86 128 142 371 488 560 716 732 774 849 850 890 904 943 987 
#module 14 size: 19 bs: 9.26246e-101
87 119 215 384 391 416 608 627 635 641 656 721 729 786 797 819 887 951 962 
#module 15 size: 20 bs: 1.34247e-10
64 119 199 215 330 339 384 391 416 429 514 522 699 744 778 797 867 903 945 951 
#module 16 size: 19 bs: 0.0144502
19 48 117 211 237 257 300 324 378 467 518 639 777 805 837 839 879 940 973 
#module 17 size: 9 bs: 2.09042e-06
58 208 270 278 321 549 550 765 938 
#module 18 size: 29 bs: 2.22793e-06
12 36 60 78 128 168 219 227 372 413 419 474 494 495 516 527 580 634 637 638 658 659 665 802 867 883 934 936 963 
#module 19 size: 9 bs: 0.0209679
221 285 388 426 542 788 791 949 979 
#module 20 size: 28 bs: 1.28601e-05
10 55 83 96 101 142 197 206 208 210 379 398 442 601 637 650 683 745 770 830 834 840 850 902 943 948 955 983 
#module 21 size: 31 bs: 7.3603e-06
89 120 146 149 157 159 172 181 202 224 281 301 304 336 366 457 510 543 589 611 651 657 660 669 800 809 824 855 865 920 963 
#module 22 size: 27 bs: 2.35457e-11
30 36 37 42 87 135 245 298 308 351 375 385 387 396 478 493 544 649 692 753 778 797 819 917 935 936 951 
#module 23 size: 23 bs: 6.27703e-08
26 125 179 193 213 238 243 287 308 354 371 497 517 526 569 579 610 616 840 845 885 895 916 
#module 24 size: 21 bs: 1.54538e-09
87 138 328 412 457 465 490 499 501 527 536 586 604 624 637 668 712 721 773 939 962 
#module 25 size: 8 bs: 0.00073627
299 444 483 517 571 574 812 863 
#module 26 size: 33 bs: 0.000577574
22 50 79 82 120 149 203 220 268 331 333 345 362 494 553 585 614 620 640 644 752 763 801 809 861 882 888 892 899 914 959 975 981 
#module 27 size: 12 bs: 0.000146086
82 138 171 184 235 274 683 723 778 785 897 912 
#module 28 size: 13 bs: 0.000426392
143 171 184 235 496 565 644 655 785 791 912 939 969 
#module 29 size: 9 bs: 0.00613218
162 315 483 502 524 526 547 705 774 
#module 30 size: 15 bs: 0.343536
76 169 212 235 310 312 350 375 486 513 619 702 735 940 961 
#module 31 size: 18 bs: 0.988338
85 99 298 422 445 476 485 553 582 593 703 725 781 782 814 858 883 925 
#module 32 size: 54 bs: 0.336293
12 29 39 76 103 141 145 148 159 165 183 206 231 240 242 244 251 272 276 283 293 317 342 348 356 364 399 411 417 418 424 427 431 451 508 512 553 557 607 612 619 622 678 716 769 780 803 804 818 834 855 905 941 956 
#module 33 size: 41 bs: 0.206397
13 75 85 100 111 117 139 168 173 194 236 237 282 287 289 292 295 329 330 344 353 357 421 474 525 538 555 587 593 614 628 663 677 681 694 781 784 802 881 884 907 
#module 34 size: 29 bs: 0.823456
19 55 156 164 197 200 205 210 230 261 341 383 396 450 530 533 576 650 670 745 751 755 760 834 850 871 943 966 983 
#module 35 size: 54 bs: 0.666599
15 51 52 59 80 84 88 98 107 124 144 170 214 232 266 303 319 333 349 394 410 428 440 456 476 524 537 555 575 581 584 587 588 596 599 609 613 621 625 628 695 746 747 762 776 799 803 817 841 893 900 915 930 980 
#module 36 size: 22 bs: 1.05174
3 27 62 89 112 118 347 439 470 485 492 498 590 602 638 652 700 713 730 843 898 919 
#module 37 size: 16 bs: 0.134552
7 57 65 104 193 204 255 269 323 344 531 546 645 708 875 967 
#module 38 size: 28 bs: 0.914571
4 34 50 71 110 115 118 124 157 159 211 240 251 279 318 346 348 381 406 507 592 595 717 738 742 758 790 811 
#module 39 size: 15 bs: 0.390049
56 249 263 311 337 340 346 375 554 653 730 737 772 844 944 
#module 40 size: 12 bs: 0.234444
2 93 128 165 166 168 547 605 632 726 886 917 
#module 41 size: 17 bs: 0.972897
39 89 103 108 234 240 334 379 411 459 481 484 543 576 851 971 972 
#module 42 size: 25 bs: 0.322376
14 141 142 149 207 256 345 363 386 488 584 629 715 722 728 815 849 856 931 947 948 951 958 971 972 
