#module 0 size: 3 bs: 0.000246992
9951 10460 11106 
#module 1 size: 13 bs: 2.3261e-05
1376 1714 2371 2741 3348 3544 3559 4868 5962 7559 8195 8440 11011 
#module 2 size: 12 bs: 0.000439278
499 3431 4529 7498 8887 8916 9415 9429 10047 10156 10181 10267 
#module 3 size: 2 bs: 5.16166e-06
961 4100 
#module 4 size: 3 bs: 9.86031e-101
3017 6550 11145 
#module 5 size: 6 bs: 7.45244e-101
1535 2421 7041 8529 10981 12613 
#module 6 size: 3 bs: 0.032667
397 6256 9287 
#module 7 size: 2 bs: 1.7164e-07
9173 9178 
#module 8 size: 2 bs: 2.47812e-11
3569 12019 
#module 9 size: 3 bs: 9.99201e-16
3978 4185 7592 
#module 10 size: 4 bs: 3.32732e-11
100 8601 9871 10249 
#module 11 size: 3 bs: 9.66835e-07
6724 7210 12678 
#module 12 size: 15 bs: 0.00980595
1087 2711 2898 3412 4194 4646 5069 5156 5191 6116 6195 6291 6766 10875 11551 
#module 13 size: 5 bs: 9.12983e-101
3817 4587 5099 6617 8412 
#module 14 size: 4 bs: 5.2702e-101
2169 3021 3855 8394 
#module 15 size: 10 bs: 3.18204e-06
2870 3240 3424 3954 4035 7462 7926 10014 10622 12995 
#module 16 size: 7 bs: 0.0530373
867 2477 3120 4020 5417 9258 10882 
#module 17 size: 3 bs: 0.012479
1105 1277 1650 
#module 18 size: 2 bs: 4.79154e-08
1336 7429 
#module 19 size: 7 bs: 5.83863e-101
2819 6316 7792 7793 7996 8812 9048 
#module 20 size: 3 bs: 1.47641e-09
1430 5733 6195 
#module 21 size: 3 bs: 4.43338e-09
2633 3421 3444 
#module 22 size: 11 bs: 1.20491e-05
727 827 2004 2174 3908 6098 6723 7402 8559 10904 12293 
#module 23 size: 39 bs: 0.00487898
34 106 119 244 474 542 950 1099 1246 1294 1717 4201 4412 4474 4612 4672 4952 4986 5061 5573 5653 5921 6233 6341 6892 7350 7639 8071 8191 9185 9669 10035 10080 10106 10691 10939 10971 11209 11582 
#module 24 size: 8 bs: 0.0891097
400 1080 6142 7432 7649 9254 10778 11395 
#module 25 size: 7 bs: 3.29883e-101
2785 3301 4420 4782 9578 10461 11157 
#module 26 size: 2 bs: 3.68336e-09
2646 2647 
#module 27 size: 21 bs: 4.29194e-101
1433 3827 3837 4168 4172 4693 5420 5604 5694 5702 6082 6144 6166 6692 7057 7453 7773 8079 9389 9942 10223 
#module 28 size: 7 bs: 1.51634e-101
3604 4602 7802 7994 8980 9458 11178 
#module 29 size: 9 bs: 0.000830238
497 1496 2697 3768 5281 5877 6969 8425 8770 
#module 30 size: 3 bs: 0.00195869
1679 8257 8781 
#module 31 size: 3 bs: 6.11951e-09
5159 5698 8624 
#module 32 size: 7 bs: 0.0281101
4901 5020 7608 9422 9721 10919 11191 
#module 33 size: 8 bs: 5.18644e-101
1313 2621 2789 4632 7493 8490 9308 9593 
#module 34 size: 3 bs: 5.18456e-09
5211 9390 10007 
#module 35 size: 6 bs: 0.0026288
379 5867 7892 8857 10447 11482 
#module 36 size: 3 bs: 1.56689e-07
1919 2385 2409 
#module 37 size: 6 bs: 2.94098e-13
997 1499 7728 8254 8492 10137 
#module 38 size: 10 bs: 4.37649e-101
529 977 3206 3207 4475 5918 6275 7398 8011 9688 
#module 39 size: 61 bs: 0.021289
47 316 1197 1410 1464 1515 1909 2074 2111 2547 2551 2614 2998 3054 3366 3575 3621 3640 3688 3851 3909 4448 4523 4599 4708 4806 4891 5139 5700 5721 5964 7127 7167 7230 7363 7394 7552 8073 8074 8693 8711 8748 8792 8828 8949 9016 9350 9391 9489 9516 9851 10124 10324 10463 10484 10693 10915 11124 12582 12667 12881 
#module 40 size: 9 bs: 8.18764e-101
1616 2787 6312 7573 8434 8506 8827 10068 11265 
#module 41 size: 4 bs: 3.68336e-09
1650 2132 11883 12214 
#module 42 size: 57 bs: 5.99282e-101
10 36 375 578 834 1182 1295 1513 1613 1647 1926 2035 2289 2456 2759 2766 2825 2882 2915 3219 3410 3603 4282 4584 4719 4746 4829 4978 5076 5082 5110 5292 5422 5425 5591 5802 6132 6349 7288 7634 8439 8478 8714 8761 9211 9624 9708 9808 9884 9921 9986 10343 10684 10887 11106 12716 12782 
#module 43 size: 4 bs: 2.60439e-05
4232 4528 5018 8410 
#module 44 size: 10 bs: 1.71951e-101
1908 2180 2858 4558 5695 5876 6231 6688 8956 10869 
#module 45 size: 8 bs: 0.000156058
349 1293 4200 6522 7658 8696 10195 12088 
#module 46 size: 5 bs: 9.68338e-101
2628 9243 10007 10695 11193 
#module 47 size: 6 bs: 4.53326e-05
2070 2101 4170 6377 7809 12492 
#module 48 size: 2 bs: 0.0201636
8430 8431 
#module 49 size: 2 bs: 3.23802e-06
4001 4948 
#module 50 size: 3 bs: 0.000890318
5460 6071 10145 
#module 51 size: 5 bs: 0.0953309
898 1224 6023 7424 8101 
#module 52 size: 21 bs: 0.00528734
174 794 1212 2493 2740 2843 3194 4630 4656 5250 5464 6131 6214 6572 7051 7228 7612 9248 9560 9717 11501 
#module 53 size: 19 bs: 1.2292e-101
60 1941 2109 3507 4335 5017 5099 5285 6230 6231 6279 6727 9171 10566 10869 10954 11027 11114 12397 
#module 54 size: 8 bs: 6.3203e-07
210 1428 1458 2718 5134 5783 6390 7042 
#module 55 size: 25 bs: 0.021683
562 602 1452 1474 1689 1969 2118 2553 2963 3321 4157 4291 4440 4733 5600 5818 5909 6598 6768 7496 8004 9077 9870 10279 11053 
#module 56 size: 14 bs: 0.0160427
686 1135 2316 2377 2673 3132 3182 3188 3789 4077 5020 5459 7692 13006 
#module 57 size: 11 bs: 7.025e-101
308 2061 2463 3986 3990 5673 6070 9593 10132 10174 10582 
#module 58 size: 18 bs: 0.00619023
113 1066 1425 2265 4446 5194 6314 6468 6548 7036 8127 8328 10532 11031 11120 11269 11576 12514 
#module 59 size: 17 bs: 3.66374e-15
143 326 690 2060 2312 2377 2380 2382 3674 4962 5512 6005 7318 8199 8437 8987 10019 
#module 60 size: 7 bs: 0.460567
3 446 608 2409 5623 7630 9408 
#module 61 size: 12 bs: 0.613187
762 1293 2802 3408 4090 4685 5051 7870 9341 9344 12088 12790 
#module 62 size: 9 bs: 0.179286
302 364 1707 4926 7327 7654 9813 11556 12475 
#module 63 size: 5 bs: 0.448222
1383 2481 3272 5259 8372 
#module 64 size: 4 bs: 0.865527
1532 3786 4578 5346 
#module 65 size: 6 bs: 0.974012
428 451 1226 1656 4676 4766 
#module 66 size: 6 bs: 0.473592
3260 6107 6623 7788 9544 12447 
#module 67 size: 16 bs: 0.909594
1070 1168 2958 3127 3845 4085 4591 7190 7509 7688 7896 9027 9239 10445 10734 11019 
#module 68 size: 11 bs: 0.835416
1008 2436 3472 7406 7564 8200 8645 9591 9906 10291 10733 
#module 69 size: 36 bs: 0.374341
231 261 804 1928 1955 2095 2640 2645 2713 2768 3342 3715 3854 4115 4217 4814 5445 6361 6971 7304 7472 7615 8075 8299 8558 8562 8671 8736 8813 9442 10098 11429 11554 11558 11733 12514 
#module 70 size: 3 bs: 0.885866
2367 9723 9891 
#module 71 size: 24 bs: 1.04788
213 782 896 1124 1824 3041 3590 3637 4135 4144 4597 4879 6589 7141 7194 7394 9310 9437 9438 9460 9517 9886 9935 10206 
#module 72 size: 31 bs: 0.219881
137 1023 2461 2682 3108 3624 4234 4495 4908 5295 5612 5854 6046 6402 6554 6982 7274 7361 7474 8070 8128 8326 8399 8669 8946 8971 9162 9264 9721 10694 10735 
#module 73 size: 13 bs: 0.146099
1915 2554 2960 3470 3996 4534 5163 5661 6155 6684 7331 8424 8720 
#module 74 size: 5 bs: 0.173929
3841 4920 5428 9097 9262 
#module 75 size: 4 bs: 0.825898
218 2027 4752 4753 
#module 76 size: 7 bs: 0.422302
1650 3129 3131 3135 5381 10511 12672 
#module 77 size: 18 bs: 1.06191
904 1639 2433 2778 4136 4535 5337 5829 6482 6581 7103 7373 7869 8283 9422 9651 10974 12158 
#module 78 size: 28 bs: 1.04119
278 351 523 572 576 653 1544 1966 2480 3193 3389 3839 4632 4862 6172 6344 6694 6745 7114 7131 7839 8142 8316 8374 8398 8490 9308 9696 
#module 79 size: 14 bs: 0.735865
46 1183 1973 3145 4069 4169 4379 5311 5484 6384 7022 7584 8174 11104 
#module 80 size: 23 bs: 0.749374
816 2284 2354 2779 2857 2900 3960 4464 4654 4963 5210 5279 5595 5677 6078 6308 7506 7794 8322 8443 9211 9394 12510 
#module 81 size: 25 bs: 0.533497
1003 1065 1255 1459 1781 1841 2788 3289 3816 4164 4312 5449 5613 5849 6090 6382 6827 6924 6960 7184 7720 7789 8708 8848 10625 
#module 82 size: 14 bs: 0.54078
947 1147 1208 3810 4246 4454 5633 7011 8154 8331 9164 10201 10883 13006 
#module 83 size: 12 bs: 0.697861
186 389 927 1698 2058 3734 4686 4715 10281 10286 11572 11595 
#module 84 size: 14 bs: 0.186299
978 2008 2924 4150 4549 4684 6619 7260 7385 8054 8585 10392 11161 12514 
#module 85 size: 9 bs: 0.589355
803 2191 2958 3686 5727 7454 7508 8448 10680 
#module 86 size: 12 bs: 0.268807
551 941 1634 1745 2089 4365 4807 6245 7278 7634 9375 10558 
#module 87 size: 10 bs: 0.50402
1274 1275 1648 2955 3186 4294 5064 6514 6652 9007 
#module 88 size: 34 bs: 0.852974
188 516 596 721 1468 2444 2665 2971 3113 3180 3748 3780 4227 4683 4884 5112 5674 5691 5780 6266 6340 6664 6935 7010 7056 7181 7819 8389 8690 8755 8991 9611 10551 11545 
#module 89 size: 50 bs: 0.556159
122 601 976 1014 1042 1094 1202 1427 1489 2148 2455 2472 2970 3326 3371 3512 3555 3563 3662 3747 3792 3856 3963 4071 4248 4283 4287 4923 5402 5783 6022 6154 6424 6671 6694 7203 8340 8622 8737 8774 9247 9413 9588 9784 9957 10264 10757 10931 11571 11878 
#module 90 size: 10 bs: 0.24332
459 824 2816 4162 4407 4539 6706 9604 9813 10834 
#module 91 size: 9 bs: 0.936036
1771 3554 3781 4119 8111 8722 8759 9761 10851 
#module 92 size: 37 bs: 0.287069
41 90 160 384 436 729 900 1440 1762 1901 2039 2071 2123 2780 2797 3033 3036 3422 4670 4866 4985 5067 5359 5676 5968 6035 6084 6270 6445 6453 7374 8375 9147 9302 10040 10157 11419 
#module 93 size: 16 bs: 0.796471
1048 1659 2541 3582 3583 3654 3964 4029 4078 4867 6520 6715 8498 9300 9373 10823 
#module 94 size: 12 bs: 0.788993
16 161 364 3415 4475 4962 5918 6957 9215 10202 10525 10834 
#module 95 size: 27 bs: 0.948886
109 548 1052 1169 1344 1662 2598 3370 3442 3475 3800 4303 4630 4774 4775 5057 5783 5792 6198 7199 7519 9441 10663 10823 10868 11158 12505 
#module 96 size: 14 bs: 0.221312
217 309 918 1345 1532 2710 4575 4731 6322 7189 7689 7745 7902 9596 
#module 97 size: 5 bs: 0.837445
3627 3636 5041 6155 6162 
#module 98 size: 5 bs: 0.492735
2252 3147 3148 3149 11048 
#module 99 size: 14 bs: 0.681716
579 1360 1619 1896 2191 2793 3334 6746 7602 8106 8257 9878 10103 10267 
#module 100 size: 23 bs: 0.994492
260 432 508 2844 3507 3690 4763 5017 5997 6038 6100 6230 6604 6727 6909 8263 8265 8412 8957 9073 10823 11114 12953 
#module 101 size: 29 bs: 0.840271
766 1302 2106 2144 2700 2749 2784 3107 3137 3239 3502 4358 5046 5343 5753 5925 6563 6720 7142 7534 7623 7739 7864 8171 8562 8933 9973 10510 10741 
#module 102 size: 23 bs: 0.950389
430 682 1519 1743 1850 2782 2967 3513 3630 4959 5508 5518 5602 5628 6330 7674 7923 8885 8952 9288 9332 9637 10741 
#module 103 size: 7 bs: 0.247947
1876 2391 2991 2992 6290 8581 11157 
#module 104 size: 31 bs: 0.750392
111 715 880 1280 1640 1734 2400 2907 3252 3297 3418 3629 4213 4430 6141 6985 7103 7118 7335 8608 8716 8872 9208 9561 9795 10133 10235 10835 12559 12855 13006 
#module 105 size: 86 bs: 0.559766
36 131 375 774 865 1276 1420 1664 1721 1785 1879 1926 1929 2069 2122 2291 2467 2766 2915 2927 3219 3280 3351 3395 3603 3648 3718 4584 4593 4651 4713 4719 4746 4915 4925 4978 5107 5109 5110 5198 5348 5350 5397 5425 5591 6048 6227 6307 6321 6345 6347 6549 6724 7550 7728 8302 8397 8402 8439 8478 8593 8616 8714 8810 8929 8992 9030 9052 9382 9483 9700 9708 9808 10021 10084 10190 10226 10242 10684 10715 10765 10965 11106 11125 12873 12937 
#module 106 size: 27 bs: 0.851697
486 907 990 1996 2838 3122 3126 3600 3723 3728 4372 4421 4991 5034 5058 5089 5153 5364 5482 5880 7202 7531 8982 9097 9667 10679 11147 
#module 107 size: 38 bs: 1.03005
377 550 759 857 1348 1351 1632 1996 2090 2187 2190 2191 2195 2213 2215 2219 2838 3530 4091 4517 4778 4969 4991 5034 5447 5492 5511 5666 6285 7188 7545 8396 9270 9378 9679 9835 10134 11029 
#module 108 size: 13 bs: 0.47608
575 2758 2800 4158 6846 7561 7918 9416 10137 11007 11142 11393 11556 
#module 109 size: 38 bs: 0.854188
124 127 510 774 1015 1635 2122 2339 2825 2849 2876 2927 3128 3393 3410 3544 3872 4165 4406 6085 6241 6317 6869 7277 7536 7551 7640 7927 8440 8459 9145 9383 9700 9933 10232 10604 11213 11591 
#module 110 size: 34 bs: 0.558519
181 467 934 1703 2516 3175 3921 4014 4064 4142 4360 4450 4876 5412 5470 6408 6764 7008 7043 7274 7299 8274 8728 9167 9936 10234 10300 10469 10549 10659 10826 10902 11541 12575 
#module 111 size: 6 bs: 0.299843
5578 6329 6332 6538 8882 10191 
#module 112 size: 37 bs: 1.07264
532 1968 2130 2133 3166 3493 4200 4339 4340 5461 5684 6100 6260 6522 7255 7289 8453 8531 8536 8556 8656 8893 9255 9290 9816 10111 10829 11037 11058 11070 11084 11117 11137 11279 12302 12969 13004 
#module 113 size: 18 bs: 0.785064
306 1200 1749 2860 2964 3387 3676 4011 4525 4999 5273 6218 6477 6777 6937 8600 10605 10639 
#module 114 size: 60 bs: 0.988669
51 121 413 506 507 556 563 655 1072 1102 1285 1297 1524 1896 2019 2023 2599 2616 2851 3312 3332 3333 3918 3936 3958 4053 4070 4432 4682 5450 5478 5647 5863 5995 6106 6433 6442 6474 7169 7216 7264 7346 7480 7644 8139 8158 8277 8487 8744 8820 8941 9547 9743 10267 10472 10800 10885 11171 11445 11660 
#module 115 size: 32 bs: 0.548144
355 790 1187 1408 1924 2393 2764 2852 3169 3599 4480 5008 5168 5331 6338 6416 6782 7439 7853 7854 8386 8387 8555 8571 8683 9380 9694 9873 10213 11111 11112 12867 
#module 116 size: 20 bs: 0.434894
211 510 2089 2101 2835 3459 4084 4370 4779 5708 6983 7440 7551 7728 8096 9002 9145 10753 11142 11152 
#module 117 size: 10 bs: 0.248926
32 1846 2559 3612 3949 5504 6944 8346 9594 9876 
#module 118 size: 15 bs: 1.04109
652 859 1395 2938 2958 4058 4843 5489 7037 8190 8311 8785 9138 9871 12505 
#module 119 size: 13 bs: 0.784753
232 824 1522 1549 4162 4407 6815 7522 7984 9165 10356 11388 11556 
#module 120 size: 23 bs: 0.203376
885 959 1021 1155 2097 2267 2650 3308 3340 3673 4845 5068 5208 6399 6922 7167 7555 7746 7906 8351 8738 8783 10550 
#module 121 size: 18 bs: 0.815583
714 1854 2959 3354 3613 4716 6235 6478 6765 7409 8186 9275 9361 9409 9752 10114 10518 13010 
#module 122 size: 12 bs: 0.549115
101 1539 2192 2215 2796 3734 5586 8623 9123 9904 11143 11165 
#module 123 size: 7 bs: 0.951655
2457 2643 6293 7557 7775 7776 11196 
#module 124 size: 25 bs: 0.399598
203 205 595 1095 1894 3484 4218 4514 5155 5156 5266 5773 5875 6261 7703 8551 9666 9745 9821 10096 10413 10661 10814 11138 12609 
#module 125 size: 30 bs: 0.61861
1564 1618 1689 1751 2682 3101 3883 3895 4037 4072 4170 4343 4579 4907 5430 5856 6046 6471 6750 6863 6864 7742 8041 8565 8772 10175 10792 10884 11447 12291 
#module 126 size: 10 bs: 0.403902
216 1708 2559 2735 3262 7491 10153 10267 12972 13006 
#module 127 size: 18 bs: 0.250172
705 1095 2101 2352 3269 3872 4514 4860 5155 5461 6317 7067 7958 9322 9819 10661 10814 11436 
#module 128 size: 25 bs: 0.444848
107 395 692 811 897 1407 1436 1454 1665 2089 2886 2887 3257 3500 3522 3847 4002 4704 6076 7837 8245 8695 9570 10296 12950 
#module 129 size: 9 bs: 0.737232
317 1956 2693 2845 4472 4524 6167 6400 11400 
#module 130 size: 26 bs: 0.247744
207 1689 1946 2983 3196 3763 3891 4035 4512 4826 6254 6255 6376 7215 7524 7525 7922 8278 8596 8910 9944 10512 10631 10791 10894 11382 
#module 131 size: 11 bs: 0.902864
767 1030 1612 2101 2610 3742 5073 6297 6883 7565 10908 
#module 132 size: 22 bs: 0.168188
1347 2061 2793 2872 3834 4805 5673 6130 6217 6348 7253 7638 7728 9552 9682 10103 10174 10493 10582 10830 11042 11411 
#module 133 size: 12 bs: 0.797596
124 127 2607 3468 3861 7536 8499 8696 9830 10519 11711 11814 
#module 134 size: 13 bs: 0.973812
828 977 1902 2055 2090 3160 4323 5360 6365 6621 9523 11261 11513 
#module 135 size: 9 bs: 0.475696
327 2944 2952 2969 3646 3684 6097 6491 9791 
#module 136 size: 20 bs: 0.305962
1036 1486 1695 2400 3649 3882 4637 5379 5479 5528 5617 6359 6952 7384 8234 8673 9036 9402 9540 12997 
#module 137 size: 45 bs: 0.571034
292 596 1007 1139 1170 1872 1880 2031 2160 2665 2837 3007 3056 4520 4910 5060 5112 5174 5355 5942 6077 6138 6158 6369 6436 6664 6935 7056 7384 7465 7537 7627 7659 8666 9399 9479 9555 9584 9768 9771 10133 10196 10704 11283 12865 
#module 138 size: 23 bs: 0.856873
402 547 1720 1815 2843 4096 4571 4572 4588 4979 4993 5838 6131 6572 6590 7589 7884 7970 8110 8445 9248 10619 10823 
#module 139 size: 11 bs: 0.82731
528 611 1908 3463 4558 5003 5581 7635 7672 8541 10929 
#module 140 size: 41 bs: 0.616403
29 252 458 797 983 1253 1798 1885 2121 2617 2929 2969 3171 3244 4214 4754 5357 5408 5552 5779 6364 6497 6511 6767 7042 7085 7378 7492 7802 7994 8134 8368 8496 8969 9186 9458 9484 9761 10029 10911 11715 
#module 141 size: 13 bs: 0.312357
2 2130 4489 5684 5878 5985 6522 6820 8934 10405 10823 11261 12618 
#module 142 size: 25 bs: 0.444418
1119 1706 2695 2957 3223 3276 3303 3341 3347 3498 4137 4236 4800 5685 5734 6027 6573 8055 8791 9658 10210 10220 10982 11118 12635 
#module 143 size: 138 bs: 0.233402
142 329 452 604 673 833 894 938 995 1077 1247 1289 1296 1508 1654 1748 1792 1805 1866 1935 1988 2165 2404 2568 2574 2699 2716 2781 3057 3088 3096 3164 3210 3277 3405 3417 3436 3452 3457 3461 3472 3477 3488 3502 3679 3683 3716 3807 3816 3900 3906 3935 4006 4018 4059 4106 4135 4160 4254 4292 4342 4355 4359 4473 4480 4509 4606 4642 4678 4889 4918 4964 5091 5197 5349 5501 5537 5539 5585 5757 5845 5846 5933 5949 6018 6118 6127 6535 6601 6667 7113 7211 7303 7313 7314 7389 7697 7814 7815 7930 7934 8046 8214 8323 8730 8790 8803 9072 9136 9159 9363 9368 9447 9459 9512 9524 9662 9807 9820 10328 10388 10652 10730 10845 10907 10956 10995 11092 11121 11147 11155 11424 12162 12249 12591 12642 12889 12905 
#module 144 size: 15 bs: 1.02974
370 2147 2700 3203 5019 5131 6525 6563 6790 7534 8171 8401 9294 9468 9835 
#module 145 size: 12 bs: 0.538418
712 827 2415 2958 3424 3908 5786 5918 6098 6621 8934 10007 
#module 146 size: 11 bs: 1.0074
345 779 1993 2101 4469 5714 7563 9998 11308 11355 11719 
#module 147 size: 17 bs: 0.653869
2134 2365 2387 2446 3818 5017 5684 6093 6727 6870 6871 8224 8293 8330 9960 10823 12602 
#module 148 size: 35 bs: 0.360793
256 257 413 857 1661 1874 1975 2063 2176 2370 2483 2630 2793 2822 3028 3510 4171 4865 5451 5478 6106 6130 7216 7533 7556 8195 8442 8668 8678 9079 9120 9490 10504 10874 12515 
#module 149 size: 20 bs: 0.971808
359 1320 1614 2194 2653 2786 3794 3904 4222 4971 5632 5887 6174 7711 7801 7883 8961 9338 10228 10239 
#module 150 size: 11 bs: 0.671784
1864 2652 3916 4591 5783 8032 8078 8331 8876 9410 9695 
#module 151 size: 55 bs: 0.809345
172 192 361 438 473 773 1254 2579 2845 2922 3932 3961 4080 4176 4233 4427 4458 4461 4539 4601 4636 4712 4958 5283 5506 5535 5663 5852 6268 6459 6911 7200 7298 7337 7561 7727 7772 7838 8150 8417 8527 8615 8968 9041 9162 9440 9604 9836 10218 10371 10454 10654 10823 10881 11710 
#module 152 size: 30 bs: 0.826824
637 972 1892 2182 2270 2615 2879 3146 3478 3533 3816 4163 4618 5086 5415 5566 5963 6504 6797 7135 7194 7227 7707 8069 8420 8734 9422 10292 10624 12891 
#module 153 size: 20 bs: 1.00336
541 1690 1893 2423 2721 2834 3157 3585 4377 4401 5186 5465 5569 6344 7514 7607 7913 7914 8084 11245 
#module 154 size: 7 bs: 0.657057
694 2462 2835 4811 6719 9226 11410 
#module 155 size: 24 bs: 1.06286
1430 2328 2418 2448 2767 3050 3385 3386 4335 4940 5826 5885 5981 5987 6150 6153 6365 7434 7435 7563 8680 10108 11446 12297 
#module 156 size: 41 bs: 0.267368
183 704 1122 1865 2145 2448 2801 2847 3385 3386 3397 3811 4505 5173 5499 5769 5817 5857 6197 6229 6286 7050 7154 7442 7629 8436 8580 8873 8967 9214 9580 9718 10041 10060 10123 10557 10862 11006 11206 11418 11451 
#module 157 size: 21 bs: 0.50597
226 254 925 2139 3226 3962 5033 5345 6100 6157 6617 6623 6716 6718 6727 7635 8860 10866 10957 12264 12953 
#module 158 size: 13 bs: 0.67069
839 2888 3576 4639 4920 6231 6514 7780 8475 8672 8853 9212 12397 
#module 159 size: 29 bs: 1.00177
400 535 635 824 911 1149 1254 2128 2730 2984 3952 4293 5054 5319 5568 5633 5709 5766 5852 6828 6834 8047 8305 8836 9165 10356 10579 10672 10822 
#module 160 size: 33 bs: 1.06843
103 1115 1439 1693 1741 1976 2168 2184 2275 2735 3418 3756 4856 5251 5308 6209 6852 7255 7657 7858 8030 8504 9246 9894 10382 10746 11038 11311 12488 12697 12843 12972 13006 
#module 161 size: 22 bs: 0.139744
1206 1770 2100 2206 3088 3114 3733 3966 4400 5085 5765 5908 6063 6226 9006 9457 9677 9687 9969 10119 10388 11127 
#module 162 size: 19 bs: 0.423436
376 849 878 1825 2806 3040 3403 3535 4249 5386 5973 6669 7464 9348 10204 10240 11049 11687 11688 
#module 163 size: 41 bs: 0.718019
209 225 326 369 499 568 1552 1697 2060 2065 2073 2312 2377 2378 2380 2382 2383 2384 2386 2387 2388 2735 3162 3765 3775 3913 4189 4661 4701 4870 4878 5179 6428 7318 8483 9246 10611 11310 11340 12972 13006 
#module 164 size: 16 bs: 0.627865
152 373 1019 1959 2138 2470 3578 3869 4893 5959 6025 6344 6900 8923 9414 11635 
#module 165 size: 36 bs: 0.426484
870 875 1347 1458 1494 1505 1587 1634 2649 2778 2961 3134 3853 4333 4341 4522 4670 4914 4965 5209 5280 5783 5993 6132 6205 6335 6809 7634 7817 8476 8748 9113 10519 10568 11142 11696 
#module 166 size: 32 bs: 0.538431
853 1127 1476 2251 2262 2284 2376 2779 2798 2945 3079 3767 4047 4464 4963 5180 5210 5217 5808 6059 6594 6628 7083 8003 8279 8322 8443 9101 9211 9863 11243 12712 
#module 167 size: 28 bs: 0.315262
35 1428 1555 1591 1597 1768 2368 3212 3485 3755 3759 3988 4180 4579 4674 5227 5387 5862 6023 6481 6773 7362 8557 9026 9979 9991 10329 10781 
#module 168 size: 12 bs: 0.736386
537 1117 2084 4779 5443 6561 7504 7735 9046 10262 10643 11571 
#module 169 size: 28 bs: 0.524067
695 1555 1591 1597 1689 1768 1937 2205 2953 2954 2969 3101 3552 4403 4579 5227 5712 5862 5879 6750 6863 6884 7259 8617 9026 9941 12095 12291 
#module 170 size: 30 bs: 0.725226
147 479 764 1092 1358 1359 2761 2791 2880 2963 3739 4101 5117 5405 5408 5496 5735 5984 6304 6701 6863 6945 7179 7741 7784 8261 8557 9397 9419 11614 
#module 171 size: 92 bs: 0.667961
442 453 465 708 985 1153 1278 1726 1740 1891 1920 1980 1997 2110 2441 2627 2637 2677 2829 2951 2967 3130 3198 3214 3327 3511 3550 3609 3853 3946 3955 3988 3995 4007 4035 4046 4092 4280 4286 4367 4389 4419 4591 4649 4758 4917 5140 5515 5538 5576 5659 5737 5811 6023 6434 6658 6736 6744 6773 7015 7174 7256 7286 7362 7381 7441 7476 7597 7614 7758 8762 9047 9113 9182 9298 9397 9502 9546 9702 10140 10333 10354 10362 10574 10617 10717 10978 11233 11448 11491 11498 11712 
#module 172 size: 38 bs: 0.313542
606 1564 1729 1980 2137 2758 2980 3865 4244 4540 4615 4840 4966 5336 5438 5691 5951 6092 6181 7013 7166 7274 7391 7420 7684 7822 7826 7988 8012 8710 8931 9209 9417 9712 10209 10309 10352 11142 
#module 173 size: 25 bs: 0.418832
491 1859 2083 2222 2240 2414 3426 3474 3876 4092 5199 5232 6464 6566 6918 6967 7954 8049 8704 8724 8788 8978 9545 9660 10274 
#module 174 size: 15 bs: 0.667451
262 1237 1714 1862 1961 2842 3132 4537 6050 7062 7477 8590 8635 8745 9343 
#module 175 size: 28 bs: 1.0934
209 374 1956 2066 2067 2311 2317 2371 2373 2375 2379 2387 3441 4447 4609 4868 5017 6133 6906 6913 8135 8749 8808 9034 9912 10662 10891 11353 
#module 176 size: 9 bs: 0.523898
274 2068 2380 2408 4044 5325 5593 7571 9013 
#module 177 size: 14 bs: 0.490055
2941 3744 3771 4270 4508 4604 5341 6586 6964 8545 8565 8881 8892 9825 
#module 178 size: 15 bs: 0.176534
951 1023 1213 1287 2430 2638 5764 6295 6528 7410 7544 8031 8528 10709 11456 
#module 179 size: 26 bs: 0.622174
775 1722 1943 1998 2411 3290 3838 3992 5017 6131 6177 6231 6386 6526 8332 8628 9071 9111 9529 10199 10703 10803 10899 10905 10930 11150 
#module 180 size: 18 bs: 0.995976
1001 3111 3118 6243 6391 7656 7729 7932 10058 10142 10750 10793 10811 11074 11276 11576 12039 12577 
#module 181 size: 153 bs: 0.429684
43 68 94 144 180 315 334 352 482 622 793 809 963 996 1086 1125 1144 1175 1204 1270 1309 1411 1624 1640 1643 1706 1712 1735 1918 2001 2114 2157 2272 2292 2389 2739 2753 2783 2866 2934 3129 3139 3247 3365 3369 3373 3589 3647 3661 3708 3732 3782 3805 3821 3824 3902 4005 4012 4054 4143 4304 4316 4334 4371 4477 4480 4577 4772 4847 4873 4935 4942 5040 5111 5132 5141 5154 5229 5277 5365 5662 5806 5824 5829 5919 5937 6004 6007 6014 6415 6616 6694 7330 7360 7427 7446 7473 7480 7591 7624 7705 7797 7799 7855 7857 7888 8016 8228 8285 8407 8435 8442 8452 8463 8563 8579 8805 8852 8901 9082 9089 9144 9272 9360 9367 9421 9510 9589 9598 9703 9734 9985 10067 10107 10198 10238 10404 10506 10522 10592 10629 10751 10779 10914 10972 11243 11262 11379 11514 12549 12586 12648 12670 
#module 182 size: 40 bs: 0.885519
22 133 166 301 344 426 645 1224 1301 1834 1845 2136 2316 2681 3271 3360 3737 3822 5614 5629 5646 5976 6057 6199 6350 6560 6883 7384 7486 8823 8896 9289 9345 9964 10825 10925 11139 11338 11463 11989 
#module 183 size: 161 bs: 0.316168
95 123 190 206 220 359 521 540 718 790 862 1060 1174 1205 1227 1241 1305 1377 1466 1481 1483 1572 1791 1932 1979 2024 2142 2186 2188 2189 2193 2209 2212 2215 2216 2221 2253 2294 2406 2737 2855 2883 2918 2950 3095 3124 3200 3204 3205 3290 3580 3591 3599 3776 3788 3794 3796 3852 3857 3867 3914 3917 3989 3993 4033 4429 4468 4487 4590 4622 4631 4641 4703 4704 4718 4780 4969 4971 5114 5221 5252 5263 5367 5400 5441 5453 5494 5559 5707 5740 5887 6216 6274 6300 6372 6499 6553 6567 6659 6835 6848 7072 7235 7263 7292 7316 7358 7377 7407 7426 7483 7513 7549 7554 7570 7595 7743 7832 7997 8309 8349 8376 8392 8393 8466 8771 8815 8845 8891 8922 9091 9175 9199 9253 9338 9475 9495 9514 9548 9576 9594 9790 9840 9981 10079 10116 10193 10337 10344 10433 10480 10677 10970 11069 11126 11372 11639 11664 11994 12595 12663 
#module 184 size: 111 bs: 0.261266
7 21 28 184 590 812 820 886 986 1098 1219 1378 1554 1576 1577 1599 1816 1827 1840 1907 2242 2321 2506 2525 2676 2783 2910 2923 2936 2937 3116 3224 3231 3356 3490 3524 3656 4126 4172 4174 4366 4435 4443 4459 4668 4669 4735 4815 4849 4949 5036 5047 5070 5084 5232 5308 5339 5396 5486 5510 5526 5643 5656 5752 5754 5836 5895 5907 5952 5958 6114 6212 6507 6612 6639 6673 6968 7102 7233 7289 7481 7494 7683 7818 8051 8125 8324 8472 8494 8606 8789 8855 8883 8935 8947 9009 9211 9587 9644 9924 9929 10094 10250 10310 10402 10515 10673 11450 11966 12382 12756 
#module 185 size: 137 bs: 0.297154
64 76 159 172 191 204 274 280 360 488 618 687 698 953 1023 1039 1103 1151 1257 1316 1567 1569 1686 1687 1714 1729 1819 1927 1981 2060 2080 2103 2272 2287 2432 2435 2508 2635 2682 2846 2854 2862 2956 3086 3139 3320 3449 3464 3565 3587 3698 3721 3736 3772 3793 3828 3865 3932 4073 4345 4495 4638 4665 4705 4731 4762 4824 4887 4945 5015 5185 5212 5242 5429 5476 5477 5691 5816 5862 6003 6250 6327 6336 6344 6370 6443 6451 6531 6534 6586 6724 6731 7006 7040 7383 7415 7474 7571 7736 7834 7856 7861 7938 7989 8012 8023 8172 8654 8710 8743 8802 8990 9045 9066 9075 9189 9202 9209 9325 9376 9622 9754 10130 10158 10209 10321 10357 10422 10613 10707 10712 11083 11142 11169 11188 11265 11266 
