#module 0 size: 2 bs: 2.76136e-101
2278 4594 
#module 1 size: 2 bs: 2.11158e-101
160 3952 
#module 2 size: 2 bs: 9.35892e-101
884 5063 
#module 3 size: 2 bs: 1.98875e-101
4715 6723 
#module 4 size: 2 bs: 3.93328e-101
3954 6176 
#module 5 size: 10 bs: 1.11895e-11
717 728 1000 1053 1236 2184 2286 3131 5055 5324 
#module 6 size: 2 bs: 2.75461e-101
537 5194 
#module 7 size: 4 bs: 5.86997e-101
2967 3342 3982 6669 
#module 8 size: 14 bs: 3.44285e-102
791 886 1738 1757 1810 2062 3143 3471 4291 4369 4462 5106 5677 5716 
#module 9 size: 3 bs: 3.5321e-101
2345 2787 2813 
#module 10 size: 2 bs: 7.62014e-101
1212 4757 
#module 11 size: 2 bs: 8.98652e-101
4084 4701 
#module 12 size: 2 bs: 9.11721e-101
807 5187 
#module 13 size: 3 bs: 7.53098e-101
2671 3657 4772 
#module 14 size: 2 bs: 2.1019e-101
2425 3594 
#module 15 size: 2 bs: 5.36857e-101
1407 3586 
#module 16 size: 22 bs: 6.58805e-11
184 1433 1437 1554 1625 1931 2123 2157 2432 2817 3023 3417 3444 3497 3521 3593 3734 3909 4252 5164 5366 5594 
#module 17 size: 4 bs: 9.56525e-101
1151 3181 4472 6536 
#module 18 size: 24 bs: 2.40613e-101
162 370 762 889 1027 1206 1456 1589 1693 1770 2005 2524 2988 3257 3282 3928 3968 4154 4692 4886 4990 5414 6629 6838 
#module 19 size: 3 bs: 2.55502e-09
2984 3910 4584 
#module 20 size: 2 bs: 8.09353e-14
1397 1846 
#module 21 size: 3 bs: 9.9072e-101
3625 4570 4774 
#module 22 size: 4 bs: 1.77983e-11
35 457 5140 6562 
#module 23 size: 8 bs: 7.00632e-101
1134 2176 3268 4069 4817 5111 5258 5680 
#module 24 size: 4 bs: 6.06446e-101
2890 2906 3058 3580 
#module 25 size: 5 bs: 9.89762e-101
1046 3965 4064 4078 6347 
#module 26 size: 3 bs: 6.43279e-101
1483 3430 3662 
#module 27 size: 3 bs: 9.29319e-102
296 4537 5919 
#module 28 size: 35 bs: 4.42317e-101
1 71 735 777 1721 2011 2098 2129 2274 2299 2309 2507 3231 3323 3514 3823 4200 4361 4385 4414 4415 4476 4577 4924 5231 5440 5531 5540 5773 6027 6150 6310 6455 6598 6635 
#module 29 size: 7 bs: 8.34374e-101
128 1221 1557 2925 3157 3317 5852 
#module 30 size: 3 bs: 3.1856e-101
3249 3280 6500 
#module 31 size: 6 bs: 9.16994e-101
78 547 597 4263 5167 5255 
#module 32 size: 10 bs: 4.7128e-102
108 1118 1949 1968 2044 2342 2620 3900 4340 6626 
#module 33 size: 2 bs: 2.91293e-101
2340 4566 
#module 34 size: 2 bs: 3.61715e-101
2083 2350 
#module 35 size: 21 bs: 3.22486e-12
101 898 1402 2093 2118 2324 2477 2790 2862 2967 3075 3184 3210 3622 4017 4054 4515 4517 4934 5005 5307 
#module 36 size: 3 bs: 3.85533e-101
540 4213 4564 
#module 37 size: 9 bs: 6.4562e-101
214 304 683 2716 3495 4139 4238 4271 5221 
#module 38 size: 2 bs: 4.33353e-101
5421 5478 
#module 39 size: 5 bs: 2.87704e-101
3235 4108 4203 5597 5851 
#module 40 size: 7 bs: 4.34012e-101
2554 4904 5618 5922 6141 6266 6381 
#module 41 size: 74 bs: 2.08904e-07
298 392 432 482 483 495 685 747 754 799 808 989 1251 1433 1542 1643 1659 1827 1961 1966 1990 2093 2123 2179 2280 2302 2324 2584 2606 2642 2833 2898 3023 3025 3116 3132 3177 3184 3441 3522 3575 3664 3708 3817 3838 4066 4101 4135 4197 4389 4459 4517 4558 4712 4880 5078 5085 5116 5134 5356 5487 5571 5620 5660 5737 5898 5914 5934 6244 6423 6541 6590 6664 6817 
#module 42 size: 5 bs: 1.14618e-102
2236 2915 4930 5722 6680 
#module 43 size: 2 bs: 9.62457e-101
324 2610 
#module 44 size: 21 bs: 8.88178e-15
113 538 868 1081 1137 1637 1822 2847 3202 3443 3904 4221 4378 4401 4540 4783 5197 5227 5241 5860 6602 
#module 45 size: 6 bs: 8.80039e-101
2433 3132 3262 3312 5504 6112 
#module 46 size: 3 bs: 3.99685e-101
479 3567 4265 
#module 47 size: 3 bs: 1.08446e-101
677 2582 3884 
#module 48 size: 7 bs: 6.34506e-101
405 632 1263 1404 2863 3860 5515 
#module 49 size: 5 bs: 9.85878e-14
3975 4770 4870 5995 6860 
#module 50 size: 6 bs: 8.64528e-101
229 338 1867 3848 4345 5674 
#module 51 size: 22 bs: 2.58944e-07
385 439 602 603 1020 1393 1980 2342 2486 2526 2577 2674 3030 3361 3900 4056 4336 4460 4888 5254 6567 6709 
#module 52 size: 5 bs: 3.64278e-101
3897 5336 5807 6137 6211 
#module 53 size: 3 bs: 1.70601e-102
76 1688 5709 
#module 54 size: 32 bs: 1.70494e-101
248 263 284 293 424 603 661 783 1133 1546 1547 1588 2012 2048 2223 2872 3001 3271 3369 3456 3618 3743 4200 4273 4302 4921 5087 5622 6491 6590 6664 6738 
#module 55 size: 2 bs: 1.99194e-101
871 4082 
#module 56 size: 7 bs: 2.82171e-102
630 2339 3128 3676 4364 4776 4794 
#module 57 size: 2 bs: 3.19644e-101
16 3062 
#module 58 size: 15 bs: 1.6796e-102
4 71 131 530 1428 1894 2096 2565 2887 3017 4126 4336 4868 5512 6603 
#module 59 size: 23 bs: 1.69734e-06
124 267 439 669 754 823 1331 1425 1624 2061 2373 2473 3059 3090 3303 3447 3554 5405 5439 5761 5994 6309 6810 
#module 60 size: 29 bs: 9.36805e-101
33 48 117 267 495 630 669 1386 1437 1672 1792 2538 2612 3061 3194 3361 3619 4053 4158 4242 4367 4388 4391 4949 4954 4959 5171 6509 6650 
#module 61 size: 10 bs: 2.22045e-16
91 260 357 2060 3532 4064 4951 5272 5886 6272 
#module 62 size: 14 bs: 3.80041e-07
76 513 558 831 1186 1230 1268 1719 2896 3807 4571 4992 5753 6304 
#module 63 size: 43 bs: 0.011189
439 599 799 886 915 989 1079 1262 1547 1588 1669 1694 1738 1746 1887 1961 1986 2179 2324 2432 2517 2612 2632 2700 3023 3143 3156 3369 3619 3640 3711 3892 4163 4391 4428 4530 4787 4874 4974 5629 6010 6269 6738 
#module 64 size: 21 bs: 1.06359
472 879 1089 1099 1216 1318 1615 1919 2000 2316 2882 3124 3404 3826 4190 4201 4216 4994 5758 6035 6533 
#module 65 size: 18 bs: 0.323884
48 117 267 669 849 1514 1960 2538 3059 3865 4263 4301 4391 4778 4804 4959 5704 6592 
#module 66 size: 14 bs: 0.882538
323 362 724 941 1999 2533 2580 3938 4782 4887 5114 5331 5408 5544 
#module 67 size: 13 bs: 0.879914
120 1495 1549 2101 2628 2669 2692 3166 3174 3470 4524 4813 6827 
#module 68 size: 18 bs: 0.282203
571 579 904 1338 1682 2169 2355 2686 3784 4413 4627 5284 5324 5933 5958 5980 6292 6569 
#module 69 size: 4 bs: 0.350547
3538 4901 5246 5957 
#module 70 size: 3 bs: 0.688865
2754 3327 6124 
#module 71 size: 10 bs: 0.998391
370 672 1032 2190 3047 4838 5548 5810 6444 6793 
#module 72 size: 6 bs: 0.728218
1983 2633 3767 5600 5726 5874 
#module 73 size: 20 bs: 0.781249
319 582 640 774 789 1068 1676 1793 1988 2042 2274 3127 4174 4760 6129 6267 6331 6518 6582 6725 
#module 74 size: 9 bs: 0.282627
170 369 1753 2739 3730 3922 5866 5908 6095 
#module 75 size: 5 bs: 0.583778
132 991 1952 5549 6486 
#module 76 size: 3 bs: 0.77155
867 4526 4793 
#module 77 size: 5 bs: 1.09674
512 2406 3688 5409 5553 
#module 78 size: 9 bs: 0.314921
2006 2084 3920 4317 5526 5869 6229 6591 6704 
#module 79 size: 9 bs: 0.47474
110 417 1029 2609 2779 3598 4699 5471 6052 
#module 80 size: 3 bs: 0.195866
226 909 1121 
#module 81 size: 7 bs: 0.835248
2441 2482 3564 4797 5393 6561 6910 
#module 82 size: 7 bs: 0.792298
9 102 609 818 2926 4467 5591 
#module 83 size: 7 bs: 0.378028
415 544 563 3425 4493 4602 4662 
#module 84 size: 11 bs: 0.323117
45 611 633 930 1211 1335 3165 3279 3691 4499 6858 
#module 85 size: 3 bs: 0.673053
452 2050 3491 
#module 86 size: 16 bs: 0.894629
158 572 636 741 1322 2024 2140 2861 3310 3519 4226 4964 4974 5037 6695 6919 
#module 87 size: 9 bs: 0.161153
216 839 1305 1571 2376 4455 4872 5446 6416 
#module 88 size: 14 bs: 0.389568
746 1440 1863 2136 2694 2706 2755 3234 3913 4560 5169 5281 5424 5643 
#module 89 size: 8 bs: 0.815618
372 509 1415 1673 1861 3028 3151 5131 
#module 90 size: 29 bs: 0.585957
188 390 416 605 825 897 1198 1383 1405 1674 1982 2288 2736 2759 2773 2972 3297 3445 3533 3609 4093 4157 4802 4896 6094 6110 6195 6327 6785 
#module 91 size: 6 bs: 0.234453
384 528 1215 1356 1781 6777 
#module 92 size: 37 bs: 0.848384
408 598 761 1184 1594 1828 1991 1998 2071 2276 2656 2660 2698 2757 2854 2873 3074 3080 3246 3266 3269 3485 3590 3825 4150 4237 4276 4601 4756 5452 5602 5803 5992 6047 6186 6570 6692 
#module 93 size: 13 bs: 0.144886
522 637 1581 1811 2032 2377 2431 2778 4183 4676 5272 6086 6157 
#module 94 size: 11 bs: 1.09834
119 947 1126 1778 2850 3751 3985 4014 5960 6321 6825 
#module 95 size: 13 bs: 0.738213
6 259 2040 2475 2822 2974 3218 3836 5046 5677 6045 6534 6706 
#module 96 size: 47 bs: 0.858342
178 254 525 623 696 729 1203 1319 1430 1872 2056 2106 2218 2295 2391 2393 2449 2566 2572 2622 2680 2709 3081 3110 3130 3248 3553 3557 3656 3869 3994 3999 4059 4096 4184 4541 4663 4738 5430 5457 5574 5579 5759 5846 5911 6153 6369 
#module 97 size: 21 bs: 0.908731
50 590 644 1455 1474 1599 2007 2099 2412 2444 2682 2986 3507 3578 4116 4121 4225 4556 4615 5019 6839 
#module 98 size: 9 bs: 0.223787
19 282 321 1209 1981 3388 5590 6234 6705 
#module 99 size: 108 bs: 0.699002
25 34 53 60 62 80 151 210 230 233 347 356 425 454 478 526 531 785 814 914 1031 1227 1260 1276 1502 1541 1564 1573 1578 1620 1652 1956 1965 2068 2203 2208 2359 2385 2604 2619 2648 2731 2769 2849 2867 2879 2885 2904 3034 3139 3254 3331 3356 3420 3525 3710 3746 3793 3798 3835 3886 4130 4148 4162 4179 4198 4376 4379 4429 4582 4619 4675 4694 4809 4873 4895 4939 5089 5199 5207 5251 5257 5266 5276 5314 5342 5572 5698 5805 5943 5970 5973 6133 6183 6200 6251 6268 6318 6335 6525 6565 6568 6597 6616 6686 6726 6775 6780 
#module 100 size: 21 bs: 0.485301
603 1038 1199 1554 1574 1583 2035 2106 2191 2454 3183 3319 3677 4653 4677 4798 5546 5821 6362 6601 6741 
#module 101 size: 7 bs: 0.918252
2438 3123 4562 5118 5399 5884 6493 
#module 102 size: 12 bs: 0.114758
56 413 920 1691 1820 2127 2266 3569 3964 5806 6340 6501 
#module 103 size: 15 bs: 0.826705
105 1089 1335 2432 2945 2958 3027 3388 3403 3723 3781 4780 5032 6104 6237 
#module 104 size: 11 bs: 0.157816
575 1621 2209 3129 3387 3652 4861 5896 5952 5966 5979 
#module 105 size: 23 bs: 0.599816
398 468 475 1176 1378 1655 1918 1971 2059 2468 2800 2978 3125 3419 3769 3947 4050 4058 5016 6148 6163 6479 6869 
#module 106 size: 9 bs: 0.148235
520 1602 2715 3298 3882 4309 5206 5211 5253 
#module 107 size: 26 bs: 0.546657
149 344 738 1066 1067 1798 1905 2159 2232 2293 2735 2797 3024 3092 3155 4004 4063 4073 4592 4800 4942 5325 6001 6016 6072 6382 
#module 108 size: 3 bs: 0.339273
2358 2442 2505 
#module 109 size: 12 bs: 0.875433
35 118 690 1091 1603 1680 2481 2630 3879 4651 4783 5948 
#module 110 size: 5 bs: 0.591569
157 2448 4060 4970 6529 
#module 111 size: 14 bs: 0.328971
570 945 946 1016 1403 1561 3502 3541 4336 4622 5086 5993 6450 6461 
#module 112 size: 8 bs: 0.522738
1002 1261 1307 1948 2175 2949 3172 3440 
#module 113 size: 4 bs: 0.498212
1090 3715 5536 6698 
#module 114 size: 5 bs: 1.02446
1352 4539 4827 6419 6544 
#module 115 size: 31 bs: 0.159243
153 384 543 734 793 805 890 1020 1297 1326 1390 1865 1897 1980 2129 2200 2654 2702 3252 3562 4388 4495 4919 5350 5461 5892 6032 6093 6378 6633 6674 
#module 116 size: 7 bs: 0.555477
1849 2653 3472 4519 5056 5364 6462 
#module 117 size: 19 bs: 0.504317
397 494 984 1349 1388 1684 1695 2045 2676 3130 4138 4912 5146 5152 5505 5742 5744 5959 6623 
#module 118 size: 8 bs: 1.019
1073 2555 2557 2815 2860 3506 4387 6365 
#module 119 size: 4 bs: 0.552225
1995 2796 4027 5193 
#module 120 size: 4 bs: 0.480906
1660 3500 5829 5841 
#module 121 size: 10 bs: 0.71894
896 1010 1179 1592 1632 2300 2602 4057 4311 5696 
#module 122 size: 10 bs: 1.08976
1223 1508 1537 1635 2225 2561 3238 4731 5143 6332 
#module 123 size: 4 bs: 0.221882
409 2430 3311 5663 
#module 124 size: 5 bs: 1.05194
256 1664 2054 3775 6765 
#module 125 size: 8 bs: 0.607558
139 410 1582 3285 4660 5018 5897 6772 
#module 126 size: 8 bs: 0.445473
23 95 1614 1728 2841 3595 4505 5950 
#module 127 size: 6 bs: 0.529429
720 2793 2830 2950 3759 6766 
#module 128 size: 5 bs: 1.09173
1509 1759 2185 2333 5910 
#module 129 size: 6 bs: 0.672897
721 1724 3274 3787 3885 5443 
#module 130 size: 42 bs: 0.242595
161 420 591 616 711 772 787 834 948 1187 1442 1506 1519 1805 1882 2160 2385 2795 3057 3145 3186 3192 3401 3705 3991 4123 4186 4256 4494 4720 4759 4823 4834 5228 5372 5527 5649 5764 5825 5921 6118 6295 
#module 131 size: 11 bs: 0.761768
518 892 1809 2261 2876 3188 4346 4583 5674 5699 6025 
#module 132 size: 4 bs: 0.486116
9 3083 4094 6682 
#module 133 size: 4 bs: 0.670649
811 2635 4279 5556 
#module 134 size: 7 bs: 0.789403
249 1899 2161 2853 4638 4779 5265 
#module 135 size: 24 bs: 0.801262
202 574 686 1012 1082 1166 1639 1942 2349 2758 2766 2814 2932 2976 3063 3078 3565 3669 4127 4533 5023 6007 6017 6145 
#module 136 size: 5 bs: 0.474221
1303 1535 3223 3318 4094 
#module 137 size: 4 bs: 0.129551
426 569 5369 6476 
#module 138 size: 10 bs: 0.312089
755 2910 2939 3918 4478 5255 5403 5984 6398 6586 
#module 139 size: 7 bs: 1.0356
1296 3012 3113 3684 3866 6115 6308 
#module 140 size: 20 bs: 0.724909
716 837 1396 1437 1562 1943 2279 2485 2880 3017 3887 4554 4906 5013 5150 5164 5484 5676 6210 6743 
#module 141 size: 15 bs: 0.247021
74 306 529 618 1369 1424 1934 2164 2368 3532 4011 5625 5938 5996 6679 
#module 142 size: 6 bs: 0.934051
751 1305 1937 2238 2574 3885 
#module 143 size: 4 bs: 0.269953
276 464 3489 4290 
#module 144 size: 4 bs: 0.971338
2356 2627 2912 4403 
#module 145 size: 20 bs: 0.817067
136 208 586 816 1279 1878 2039 2284 3122 3308 3358 3972 4377 4786 5515 5532 6034 6356 6508 6724 
#module 146 size: 15 bs: 0.483668
116 281 1735 1855 2198 2206 2568 3671 3766 4331 4507 4948 5868 6085 6393 
#module 147 size: 12 bs: 0.135198
449 503 1691 1876 3357 3699 4110 4520 5100 5650 5996 6026 
#module 148 size: 21 bs: 0.370358
20 227 413 760 822 1270 1704 1884 2255 2331 3377 3830 3989 4095 4104 4762 4812 5411 5711 6277 6645 
#module 149 size: 8 bs: 1.00903
1498 1557 1606 3242 4318 4773 5852 6828 
#module 150 size: 24 bs: 0.941128
715 745 791 922 1243 1257 2013 2311 2543 2578 2624 2782 3449 3467 3503 3903 4147 4335 4397 4462 4497 6452 6456 6471 
#module 151 size: 9 bs: 0.344697
311 810 1792 2162 2533 2987 5233 6238 6573 
#module 152 size: 4 bs: 0.546762
1018 3469 4271 5937 
#module 153 size: 6 bs: 0.626305
846 1773 1859 2900 3114 5125 
#module 154 size: 12 bs: 0.193904
301 899 1042 1731 3107 3160 4233 4792 5060 5344 5881 6488 
#module 155 size: 14 bs: 0.303073
640 1848 2571 2845 2866 3136 3827 3917 4419 4481 4936 5389 5509 6459 
#module 156 size: 11 bs: 0.405234
628 1420 3484 4525 5117 5212 5397 5772 6410 6758 6764 
#module 157 size: 9 bs: 0.894887
2336 2551 3993 4451 5370 5722 5951 6643 6660 
#module 158 size: 6 bs: 0.514286
991 2046 2491 5377 6393 6555 
#module 159 size: 36 bs: 0.71128
340 419 592 619 976 1351 1363 1451 1525 2180 2282 2325 2528 2668 3161 3180 4118 4152 4232 4447 4755 4846 5006 5184 5286 5352 5418 5427 5649 5674 5738 5780 5783 6259 6422 6496 
#module 160 size: 5 bs: 0.358857
3659 4043 5360 6245 6313 
#module 161 size: 4 bs: 0.782956
4748 5654 5695 6362 
#module 162 size: 6 bs: 0.526383
148 235 593 3845 5095 5709 
#module 163 size: 27 bs: 0.422504
460 610 1670 1864 2142 2415 2461 2600 2677 2831 3119 3487 3560 3819 3896 4117 4515 4529 5294 5638 5658 6077 6202 6528 6753 6797 6880 
#module 164 size: 5 bs: 0.875628
737 1225 3036 3524 4716 
#module 165 size: 5 bs: 1.08412
710 2601 4794 4904 5954 
#module 166 size: 30 bs: 0.977167
142 353 836 1117 1460 1799 2008 2273 2459 2553 3031 3046 3335 4151 4211 4250 4394 4400 4462 4842 4995 5021 5075 5082 5220 5563 6048 6734 6801 6847 
#module 167 size: 13 bs: 0.876091
131 374 752 758 1436 2503 3025 3774 3995 4111 4245 5201 6301 
#module 168 size: 10 bs: 1.08641
342 1628 2504 3631 3901 4107 4492 4693 4751 5790 
#module 169 size: 5 bs: 0.630463
1362 3261 4926 5451 6802 
#module 170 size: 3 bs: 1.09369
1003 2183 4996 
#module 171 size: 5 bs: 0.471975
939 2193 2562 2835 5110 
#module 172 size: 9 bs: 0.480161
61 246 876 981 3354 3574 3914 4613 4914 
#module 173 size: 9 bs: 0.388284
228 934 1807 2636 3267 4503 6102 6323 6472 
#module 174 size: 9 bs: 0.64682
667 713 2488 2595 4820 5541 5789 6099 6235 
#module 175 size: 5 bs: 0.857562
1252 1712 2074 3805 4943 
#module 176 size: 17 bs: 0.570566
549 653 937 1181 1643 1921 1923 2118 2226 2324 2688 4054 5307 5619 5823 6114 6604 
#module 177 size: 7 bs: 0.98562
648 1106 1147 2132 2697 3322 4384 
#module 178 size: 16 bs: 0.478322
38 360 683 1337 1504 1505 1584 1723 2892 2992 3693 3695 5262 5270 5435 6355 
#module 179 size: 4 bs: 0.657699
2440 4332 4359 5313 
#module 180 size: 6 bs: 0.739161
2376 2411 3187 3294 3992 5094 
#module 181 size: 22 bs: 0.976099
414 444 731 813 828 994 1069 1501 1510 1533 1626 1737 2641 2785 2832 2973 3295 3633 4228 4535 4920 6747 
#module 182 size: 11 bs: 0.47974
169 536 1238 2230 2305 4042 4136 5045 5817 6713 6843 
#module 183 size: 11 bs: 0.28373
192 448 1281 1552 2470 3141 4331 4635 4797 5136 5467 
#module 184 size: 11 bs: 0.178563
52 90 255 608 1229 1258 1482 3313 3724 5177 5798 
#module 185 size: 4 bs: 0.156256
631 2398 5639 6013 
#module 186 size: 6 bs: 0.327874
2215 2725 3288 4498 5119 5565 
#module 187 size: 7 bs: 0.461143
269 474 1242 1935 3219 3874 4418 
#module 188 size: 6 bs: 1.08619
1647 3117 3800 5861 6381 6641 
#module 189 size: 3 bs: 0.707446
125 5422 5785 
#module 190 size: 5 bs: 0.931772
1154 1856 2752 3535 4422 
#module 191 size: 11 bs: 0.710947
442 506 2267 2728 2780 4500 4668 5244 5510 6483 6557 
#module 192 size: 15 bs: 0.440518
459 600 1008 2120 2365 3216 3346 3459 4386 4407 5489 6116 6126 6515 6659 
#module 193 size: 4 bs: 1.0494
1826 2953 3021 3981 
#module 194 size: 3 bs: 0.924407
1381 4333 4718 
#module 195 size: 10 bs: 0.755716
716 1001 1194 2137 2944 3089 3274 4205 4739 6651 
#module 196 size: 12 bs: 1.05441
1022 1830 1860 1928 2492 3498 4656 4986 5644 5978 6364 6576 
#module 197 size: 4 bs: 0.459289
1092 1128 3012 4532 
#module 198 size: 16 bs: 0.462727
40 313 463 1796 1850 1908 1914 2170 2913 3329 3737 4023 5033 5072 5677 5926 
#module 199 size: 128 bs: 0.946841
82 144 147 257 366 412 428 553 639 645 659 750 776 779 797 840 848 862 901 902 904 927 975 1049 1083 1085 1165 1314 1320 1461 1479 1559 1567 1572 1601 1699 1720 1858 1896 1926 2018 2091 2212 2379 2419 2483 2587 2644 2667 2825 2840 2891 2975 2999 3260 3383 3415 3429 3432 3481 3545 3555 3686 3716 3733 3768 3864 3877 4065 4074 4145 4148 4257 4350 4353 4381 4461 4506 4604 4631 4642 4647 4678 4679 4717 4791 4850 4854 5029 5030 5070 5165 5267 5277 5279 5305 5328 5349 5645 5661 5681 5815 5828 5842 5947 5967 5976 6039 6062 6083 6185 6198 6241 6334 6395 6427 6428 6485 6503 6526 6545 6589 6610 6618 6625 6676 6730 6826 
#module 200 size: 27 bs: 0.907066
3 502 595 1608 1761 1970 2015 2077 2380 3344 3374 3516 3679 3782 3820 3876 3915 4089 4212 4664 5626 5634 5953 6249 6297 6330 6337 
#module 201 size: 126 bs: 1.03819
114 159 325 359 382 451 621 643 790 823 850 894 932 955 958 980 1253 1283 1295 1399 1467 1515 1551 1630 1747 1769 1814 1950 1975 1984 2012 2089 2098 2106 2129 2211 2244 2254 2309 2334 2439 2502 2572 2611 2680 2687 2730 2751 2760 2799 2833 2938 3005 3146 3176 3239 3256 3326 3337 3364 3389 3390 3441 3474 3700 3709 3889 3953 3998 4112 4131 4155 4272 4294 4295 4307 4341 4381 4399 4404 4430 4530 4568 4577 4865 4899 4950 4966 5042 5066 5071 5079 5172 5173 5213 5231 5307 5335 5466 5511 5587 5589 5636 5679 5717 5763 5836 5888 5945 6027 6089 6168 6190 6240 6252 6307 6338 6353 6463 6563 6624 6635 6665 6895 6903 6906 
#module 202 size: 24 bs: 1.06448
26 43 234 499 969 1120 1312 1475 2443 2579 2934 3118 4281 4444 4489 4547 4732 5107 5269 5791 5858 6411 6492 6923 
#module 203 size: 6 bs: 0.430427
900 1095 1940 2016 5285 6822 
#module 204 size: 19 bs: 0.593288
177 196 624 950 1997 2991 3336 3742 3940 4071 4347 4915 5542 5786 6376 6442 6531 6537 6688 
#module 205 size: 17 bs: 0.406367
72 489 642 1473 1665 2047 2064 3393 4710 4730 4884 5162 5293 5618 5922 6381 6562 
#module 206 size: 9 bs: 0.797678
99 165 1339 1853 1901 3612 3849 4768 5557 
#module 207 size: 12 bs: 0.774402
247 604 1304 1470 1789 2105 2613 2768 4299 5862 6069 6908 
#module 208 size: 5 bs: 0.84502
77 1271 2269 6560 6851 
#module 209 size: 6 bs: 0.460399
4039 4527 4667 5632 5719 6293 
#module 210 size: 33 bs: 0.481662
155 782 992 1391 1417 1497 1530 1677 1768 1775 1862 1944 2188 2247 2264 2418 2550 2732 3350 3371 3563 3670 3679 3687 4051 4640 4801 5074 5358 5380 5462 5635 6162 
#module 211 size: 14 bs: 0.809197
447 1033 1324 2865 3681 4469 4811 4839 5432 5730 5939 6085 6286 6328 
#module 212 size: 90 bs: 0.43989
36 97 237 270 350 352 446 864 893 935 990 1047 1097 1142 1164 1237 1301 1332 1368 1475 1491 1512 1543 1558 1785 1805 1967 1989 2072 2128 2229 2249 2306 2323 2328 2332 2407 2534 2607 2964 3069 3091 3097 3118 3379 3392 3457 3458 3604 3727 3839 4122 4191 4204 4210 4319 4444 4457 4479 4657 4699 4713 4729 4790 4867 5036 5084 5287 5315 5321 5323 5367 5588 5615 5739 5760 5985 5991 6029 6138 6227 6285 6294 6399 6408 6447 6481 6605 6687 6883 
#module 213 size: 5 bs: 0.868275
4453 4891 4925 5552 6800 
#module 214 size: 5 bs: 0.270749
1658 2650 5001 5037 5383 
#module 215 size: 35 bs: 0.330208
39 303 800 1048 1788 2078 2447 2585 2711 2844 2858 3153 3217 3408 3641 3754 3786 3930 4045 4167 4219 4293 4723 5156 5176 5274 5363 5379 5830 5928 6126 6130 6769 6783 6784 
#module 216 size: 10 bs: 0.120132
501 926 1306 1402 1756 2207 2831 2911 4249 5723 
#module 217 size: 8 bs: 0.908106
308 505 1663 1665 2598 4048 4468 6756 
#module 218 size: 10 bs: 0.827988
73 1485 1888 2679 4300 4393 4971 6299 6445 6922 
#module 219 size: 9 bs: 0.125229
317 1057 1334 1783 3512 3859 3907 5479 6394 
#module 220 size: 13 bs: 0.413344
129 812 1141 1765 2135 3004 3134 3531 4192 5132 5575 6246 6375 
#module 221 size: 8 bs: 0.940148
106 1979 2173 2230 3010 4119 4440 6639 
#module 222 size: 9 bs: 0.460466
699 712 778 3035 3496 3912 6051 6547 6791 
#module 223 size: 10 bs: 0.833833
175 613 675 1908 2962 3104 3573 4207 4878 6513 
#module 224 size: 8 bs: 0.524606
3115 3253 3599 4253 5174 5533 5853 6203 
#module 225 size: 15 bs: 0.741096
47 612 1231 1357 1587 1780 2333 2651 3178 3620 4284 5494 5703 6040 6815 
#module 226 size: 7 bs: 0.71394
68 322 742 2522 4038 4735 6759 
#module 227 size: 15 bs: 0.189162
718 872 1054 1915 2057 2103 2362 3712 3936 4013 4758 5456 6223 6279 6504 
#module 228 size: 17 bs: 0.318764
42 260 951 1836 2320 2556 2560 3121 3195 3554 3890 3963 4008 4424 5024 5559 5707 
#module 229 size: 14 bs: 0.176121
15 942 943 1873 2026 2723 3396 4288 4824 4977 5264 5610 6435 6475 
#module 230 size: 3 bs: 1.04957
225 2038 4012 
#module 231 size: 11 bs: 0.758939
508 917 928 3247 3605 4109 5530 5603 5629 5683 6059 
#module 232 size: 6 bs: 0.104868
244 1299 2474 5255 5671 6620 
#module 233 size: 4 bs: 0.520599
300 302 3934 5936 
#module 234 size: 13 bs: 0.328127
1544 2044 2435 2822 2963 3365 4641 4904 5141 5480 5550 5782 6011 
#module 235 size: 13 bs: 0.474968
32 57 576 1412 1746 2224 3559 3977 4053 4821 4853 5272 6103 
#module 236 size: 7 bs: 0.783197
1767 3108 3423 3868 4108 5851 6510 
#module 237 size: 19 bs: 0.562248
960 1408 1583 1800 1996 2079 2256 2297 2317 3291 3577 4515 4781 4997 5104 5568 5676 5773 6405 
#module 238 size: 28 bs: 0.312878
305 310 620 625 1315 1717 1755 1976 2299 2437 2514 3042 3239 3414 3632 4414 5099 5121 5124 5154 5158 5773 5989 6000 6005 6215 6455 6671 
#module 239 size: 38 bs: 0.449197
279 534 717 1193 1288 1431 1819 1863 1910 1964 2136 2828 3050 3195 3418 3536 3958 3970 3976 4092 4134 4144 4164 4223 4247 4274 4304 4561 4939 5096 5122 5169 6048 6073 6292 6342 6354 6646 
#module 240 size: 5 bs: 0.65485
418 1842 3584 5832 6765 
#module 241 size: 14 bs: 0.825425
222 424 603 1622 1777 2260 3135 4090 4689 5179 6379 6524 6599 6901 
#module 242 size: 11 bs: 0.170581
375 1787 1870 2552 3190 3891 4075 4398 4882 6551 6694 
#module 243 size: 9 bs: 0.793454
434 1278 1713 2657 2734 4456 5221 5317 5435 
#module 244 size: 19 bs: 0.258543
647 1143 1881 1968 2290 2315 2532 2848 3621 3906 4171 4173 4280 4383 4504 4992 5159 6523 6678 
#module 245 size: 5 bs: 0.172308
670 1114 1416 2405 2718 
#module 246 size: 7 bs: 0.745233
953 2095 2303 2672 5382 5725 6179 
#module 247 size: 8 bs: 0.482234
17 339 747 2438 2625 3228 4053 5368 
#module 248 size: 16 bs: 0.677055
285 541 888 986 1735 1736 3367 3451 3648 3971 4484 4656 4986 5178 6364 6811 
#module 249 size: 22 bs: 0.261937
31 580 636 1812 2453 2993 3018 3233 3378 3647 3696 3701 3878 3924 4024 4608 5016 5147 5660 5672 5804 6642 
#module 250 size: 18 bs: 0.417817
316 580 673 1706 2536 3018 3426 3439 3557 3701 3732 3790 4826 5246 5351 5378 6151 6642 
#module 251 size: 8 bs: 0.809577
921 1385 1574 1689 1818 4518 5053 6554 
#module 252 size: 13 bs: 0.918556
1259 1916 2373 3540 3817 4080 5039 5288 5496 5797 5806 6119 6348 
#module 253 size: 15 bs: 0.288945
58 72 286 308 397 1473 1932 2131 3370 3552 4608 5219 5278 5473 6261 
#module 254 size: 43 bs: 0.974934
150 182 533 683 814 985 1104 1110 1112 1782 1886 2111 2277 2351 2396 2424 2664 2901 2951 3041 3162 3232 3240 3802 3902 3943 4030 4139 4255 4271 4542 4585 4625 4876 4910 4941 5137 5157 5444 5891 6371 6675 6861 
#module 255 size: 13 bs: 0.54912
1414 1925 1929 2055 2884 3086 3269 3483 4009 4098 4287 6308 6506 
#module 256 size: 26 bs: 0.52439
200 539 732 743 1078 1190 1409 1758 2382 2516 2544 3175 3200 3660 3916 4338 4450 4916 5230 5655 5693 6082 6134 6467 6612 6733 
#module 257 size: 10 bs: 0.799098
2150 2478 3962 5007 5110 5303 6250 6280 6521 6792 
#module 258 size: 9 bs: 0.481427
991 2370 3643 4006 4475 4634 5778 5875 6208 
#module 259 size: 17 bs: 0.775298
638 763 1178 1903 2219 2493 2527 3170 3209 3276 3529 3745 4358 4841 5423 5941 5998 
#module 260 size: 14 bs: 0.244966
403 660 1219 1244 1786 1963 3052 3278 3284 3362 4363 4975 5796 6617 
#module 261 size: 12 bs: 0.561329
46 108 888 1084 1350 1624 1920 2614 3140 3532 4426 5856 
#module 262 size: 25 bs: 0.878069
271 373 386 481 594 1071 1150 1375 1485 1784 2198 2221 2298 2545 3203 3287 3391 3741 3894 3935 4137 4847 4983 5247 6262 
#module 263 size: 4 bs: 0.508137
2511 2997 4105 5167 
#module 264 size: 13 bs: 0.87373
145 1426 1591 1839 2094 2317 3040 3349 3942 4282 4435 6668 6744 
#module 265 size: 12 bs: 0.750805
775 2857 3120 3126 3400 3957 3997 4932 5312 5659 6474 6714 
#module 266 size: 11 bs: 1.03866
18 1893 2044 2531 4337 4795 5621 5889 6015 6385 6615 
#module 267 size: 19 bs: 1.06122
85 189 198 201 788 1282 1413 1556 2241 2791 3275 3978 4120 4967 5540 5823 6088 6317 6566 
#module 268 size: 28 bs: 0.802951
12 48 445 730 1140 1282 1336 1763 1930 2833 3231 3303 3424 3554 4015 4391 4491 4643 4880 4909 5019 5148 5890 5914 6015 6033 6579 6891 
#module 269 size: 8 bs: 0.291646
973 1102 1225 3144 3425 4390 4705 6581 
#module 270 size: 6 bs: 0.137356
134 240 1759 1869 4467 6116 
#module 271 size: 31 bs: 0.74994
268 495 669 769 799 881 1007 1400 1629 1641 1790 1909 1921 2486 2573 2617 3094 3143 3173 3681 3825 4055 4209 4796 4917 5044 5052 5067 6225 6326 6771 
#module 272 size: 8 bs: 0.693001
552 991 1129 1180 2540 3824 6358 6389 
#module 273 size: 11 bs: 0.510793
393 550 802 1170 2509 3029 3466 3634 4624 5200 5745 
#module 274 size: 20 bs: 0.911128
287 521 1353 2073 2343 2489 2747 2982 3055 3070 3111 3642 4181 4610 4711 4848 5357 5662 6056 6702 
#module 275 size: 5 bs: 0.192257
882 1392 2021 3308 5167 
#module 276 size: 21 bs: 0.219137
179 684 736 1569 1707 2426 2877 4354 4362 4458 4550 4661 4851 5236 5339 5500 5762 5972 6300 6332 6546 
#module 277 size: 4 bs: 0.604848
798 1469 2960 6790 
#module 278 size: 6 bs: 0.423515
152 554 663 906 4544 6794 
#module 279 size: 4 bs: 0.900312
2283 3051 3463 6242 
#module 280 size: 6 bs: 1.04529
241 407 946 1766 4343 6224 
#module 281 size: 8 bs: 0.263748
1156 2452 3627 4579 5423 6053 6391 6583 
#module 282 size: 9 bs: 0.194329
735 1373 1732 2319 2354 3675 4490 5653 6774 
#module 283 size: 14 bs: 0.698309
843 1096 2053 2319 2618 2823 3259 3883 4753 4881 5561 6312 6406 6556 
#module 284 size: 15 bs: 0.139435
207 264 1904 2143 2217 3527 3908 4029 4221 4684 4764 5499 6191 6532 6577 
#module 285 size: 8 bs: 0.581584
371 910 1841 2121 4609 5186 6049 6221 
#module 286 size: 6 bs: 0.939752
615 880 4306 5637 5775 6549 
#module 287 size: 17 bs: 0.92774
242 510 803 1160 1173 1981 2361 2594 2946 3185 3394 3589 3739 3850 4326 6346 6862 
#module 288 size: 6 bs: 1.06158
1376 1813 2020 3561 4128 6913 
#module 289 size: 7 bs: 0.235594
2408 3572 4334 4524 4763 6207 6685 
#module 290 size: 10 bs: 0.689324
81 1687 1981 2027 2703 3828 4132 4700 5616 6038 
#module 291 size: 24 bs: 0.498122
238 462 601 733 753 915 1579 1669 1931 2174 2559 2836 3061 3438 3499 4162 4470 4833 4962 5021 5378 5611 6020 6270 
#module 292 size: 11 bs: 0.513322
2137 2801 2995 4913 5054 5348 5382 6181 6478 6760 6885 
#module 293 size: 8 bs: 1.01712
708 1076 1746 1751 2387 4656 6144 6736 
#module 294 size: 13 bs: 0.957004
195 1269 2023 2110 2234 2471 3297 4314 4372 5252 5885 6206 6213 
#module 295 size: 22 bs: 0.872365
972 1465 1477 1555 1590 1801 1808 2729 3002 3148 3332 3829 4093 4178 4563 4955 5337 5340 5453 6113 6182 6498 
#module 296 size: 4 bs: 0.229573
1653 3169 4509 6497 
#module 297 size: 7 bs: 0.531606
184 470 1033 1581 1834 4864 4907 
#module 298 size: 10 bs: 1.09523
1804 3601 3690 5416 5675 6527 6761 6796 6856 6876 
#module 299 size: 11 bs: 0.646335
874 916 1340 1610 1685 3881 4767 4858 5017 5668 5669 
#module 300 size: 13 bs: 0.100085
1662 1783 2310 3261 3274 3567 3979 5198 5528 5848 6320 6621 6654 
#module 301 size: 11 bs: 0.480173
21 243 381 466 590 3450 3611 4254 5205 6125 6482 
#module 302 size: 24 bs: 0.498306
66 385 439 644 917 1393 1548 1622 2189 2412 2435 2486 2577 2674 3206 3578 4056 4454 4460 4888 5540 5767 5782 6567 
#module 303 size: 15 bs: 1.09005
51 131 697 1116 1612 1837 2235 2384 2634 3476 3600 3704 5355 5672 5946 
#module 304 size: 19 bs: 0.301573
1542 1643 2093 2179 2395 2523 2816 3146 3411 3417 3646 4001 4415 4731 4974 5182 5672 6662 6708 
#module 305 size: 3 bs: 0.367447
3571 5573 6770 
#module 306 size: 7 bs: 0.417623
2125 2521 3899 4342 4575 5058 6390 
#module 307 size: 7 bs: 0.592772
559 666 2182 2240 3610 4765 4882 
#module 308 size: 4 bs: 0.731399
1154 1527 1634 6117 
#module 309 size: 14 bs: 0.358584
577 1705 1855 2122 2383 2724 2883 3012 3500 3808 4133 4246 4720 5517 
#module 310 size: 8 bs: 1.03394
688 1024 1188 2720 2777 3437 4767 5702 
#module 311 size: 14 bs: 0.1748
72 603 1158 1622 1777 1939 2186 2998 4869 5216 5849 5968 6508 6901 
#module 312 size: 4 bs: 0.29185
274 4375 6050 6844 
#module 313 size: 5 bs: 1.09013
3445 3639 4586 5309 6392 
#module 314 size: 14 bs: 0.251218
171 827 2414 2614 3532 3629 3649 3651 4733 4987 5508 5731 6567 6715 
#module 315 size: 6 bs: 0.596898
332 865 2034 4449 5651 6637 
#module 316 size: 10 bs: 0.592557
146 429 1167 1404 2525 3479 4126 5700 5826 6559 
#module 317 size: 10 bs: 1.05836
278 3011 3345 3847 4113 5718 6070 6170 6584 6614 
#module 318 size: 4 bs: 0.141184
253 695 2886 4046 
#module 319 size: 10 bs: 0.364417
1038 2029 2125 2141 3542 4648 6434 6439 6443 6649 
#module 320 size: 8 bs: 0.900533
606 1716 3296 4441 5872 6060 6649 6739 
#module 321 size: 5 bs: 0.753307
678 700 4103 4908 5942 
#module 322 size: 17 bs: 0.750485
202 952 1012 1166 1565 1576 1617 1934 2164 2663 2744 3380 4011 5088 5359 6595 6878 
#module 323 size: 10 bs: 0.838439
109 1118 1265 2003 2017 2783 3258 5754 6120 6902 
#module 324 size: 10 bs: 0.17009
176 1649 1957 3478 3765 5488 5515 6189 6275 6386 
#module 325 size: 14 bs: 0.988641
768 1644 2336 3096 3198 3526 3867 4900 5493 5554 5901 6489 6813 6859 
#module 326 size: 9 bs: 0.964717
181 701 869 1119 1273 3758 4528 4860 6107 
#module 327 size: 5 bs: 0.49475
1618 3626 5809 6055 6711 
#module 328 size: 17 bs: 0.125136
297 913 1310 1422 1650 3537 3597 4050 4160 4266 4406 4671 5334 5748 5795 6366 6737 
#module 329 size: 75 bs: 0.759614
126 141 167 411 587 599 691 756 804 888 997 1195 1207 1238 1262 1354 1365 1366 1459 1474 1734 1735 1887 1985 2149 2248 2603 2630 2714 2870 3098 3328 3452 3498 3694 3713 3822 3826 3842 3853 3932 3967 4163 4193 4195 4240 4305 4368 4436 4534 4545 4591 4775 4806 4825 5214 5223 5261 5396 5620 5746 5834 6003 6044 6046 6175 6361 6673 6697 6711 6740 6773 6835 6866 6877 
#module 330 size: 6 bs: 0.166567
1321 2563 2670 4815 5400 6074 
#module 331 size: 24 bs: 0.861463
87 459 727 1171 1679 1851 2495 2531 3243 3292 3834 3923 4269 4637 4935 5050 5375 5886 5920 6431 6491 6627 6648 6731 
#module 332 size: 10 bs: 0.594424
250 448 1877 3760 4021 5341 5576 5827 6010 6520 
#module 333 size: 7 bs: 0.164546
676 1055 1628 3213 3290 3330 4258 
#module 334 size: 16 bs: 0.57513
299 603 748 1437 1993 2041 3017 3090 3393 4183 4336 4437 4517 5366 5454 6164 
#module 335 size: 7 bs: 1.02136
389 2808 3939 4019 4366 5245 5454 
#module 336 size: 25 bs: 0.25116
24 89 312 679 768 1131 1213 1760 2165 3014 3576 3692 3826 4166 4423 4596 5582 5749 5751 5768 5949 6347 6361 6421 6661 
#module 337 size: 6 bs: 0.346183
1317 1631 2308 3099 4645 6397 
#module 338 size: 7 bs: 0.379076
320 709 780 1197 3314 5555 6178 
#module 339 size: 5 bs: 0.773183
291 5280 5687 6067 6282 
#module 340 size: 10 bs: 0.146265
1062 1740 2088 2750 2914 3806 5520 5535 6179 6888 
#module 341 size: 4 bs: 0.432196
854 2301 2499 6651 
#module 342 size: 11 bs: 0.393651
115 2153 2245 2322 3149 3212 3265 4010 4466 5038 5040 
#module 343 size: 6 bs: 0.332571
622 2079 2172 3169 5826 6080 
#module 344 size: 6 bs: 0.489784
2629 2886 4630 4634 6108 6510 
#module 345 size: 15 bs: 0.101318
76 112 493 870 2195 2294 2497 2708 3499 3607 3615 3682 3832 6188 6607 
#module 346 size: 6 bs: 0.158573
530 2100 3757 4392 5558 6631 
#module 347 size: 28 bs: 0.840164
41 245 418 557 783 1241 1355 1360 1772 2012 2120 2146 3271 3273 3369 3513 4200 4292 4302 4364 4405 4999 5087 5617 6123 6264 6491 6727 
#module 348 size: 34 bs: 0.925711
439 545 770 820 1428 1836 1911 1946 2069 2298 2445 2900 3142 3167 3237 3241 3523 3539 3613 4046 4137 4516 4847 5051 5068 5512 5606 6136 6158 6363 6404 6627 6668 6799 
#module 349 size: 13 bs: 0.868726
548 706 2480 2549 3431 4097 5161 5385 6166 6231 6260 6400 6451 
#module 350 size: 10 bs: 0.488024
328 387 523 1017 1274 2375 3384 4659 4986 5248 
#module 351 size: 39 bs: 0.42908
184 485 915 949 1077 1153 1398 2197 2227 2374 2389 2596 2605 2642 2864 3306 3368 3647 3718 3797 3870 4022 4187 4220 4483 5057 5459 5664 5988 6020 6030 6090 6143 6302 6425 6514 6613 6657 6703 
#module 352 size: 8 bs: 0.739998
573 826 968 1302 2210 4041 5525 6216 
#module 353 size: 15 bs: 0.984615
67 1149 1272 1973 2002 2303 2360 5012 5322 6212 6232 6494 6538 6670 6886 
#module 354 size: 24 bs: 0.589955
83 524 1109 1226 1722 1779 1827 1838 2124 2139 2196 2462 2927 3413 3494 3539 4049 4391 4459 4629 5218 5513 5737 5914 
#module 355 size: 7 bs: 0.968257
391 1729 1959 3534 5769 6719 6793 
#module 356 size: 4 bs: 0.201506
1924 2490 3409 6192 
#module 357 size: 16 bs: 0.313272
2187 2460 2898 2917 3418 3804 4092 4185 4443 4799 5316 5431 5608 5628 6073 6724 
#module 358 size: 45 bs: 0.279533
231 462 595 971 995 1282 1391 1530 1730 1944 2004 2231 2262 2264 2268 2348 2421 2446 2465 2515 2539 2581 2732 2839 3359 3373 3557 3608 3679 3921 4106 4175 4470 4569 4640 4889 5010 5164 5380 5515 5634 5955 6105 6199 6469 
#module 359 size: 7 bs: 0.420002
600 1531 1642 2070 3517 4501 6548 
#module 360 size: 68 bs: 0.586335
55 119 156 173 467 476 556 1051 1316 1553 1619 1675 1718 1927 1972 2054 2364 2369 2401 2427 2479 2579 2652 2704 2706 2811 2856 2896 2902 2971 2983 3072 3131 3145 3208 3339 3421 3434 3630 3683 3685 3777 3948 4107 4149 4161 4576 4616 4691 4777 4788 5291 5354 5420 5437 5563 5623 5701 5728 5847 6018 6187 6325 6339 6432 6465 6484 6812 
#module 361 size: 3 bs: 0.461894
2154 3375 5441 
#module 362 size: 11 bs: 0.304983
1159 1736 2087 3151 3416 3881 4943 5517 5675 5931 6778 
#module 363 size: 14 bs: 0.23985
135 1698 1777 1835 1840 1866 1868 2659 2985 4102 4416 5373 5794 6263 
#module 364 size: 26 bs: 0.542856
142 283 555 875 1556 2127 2251 2792 2990 3020 3046 3071 3226 3324 3490 3636 4063 4439 4832 4981 5450 5503 5543 6262 6374 6501 
#module 365 size: 27 bs: 0.65062
379 655 661 966 989 1015 1138 1174 1432 1659 1774 2043 2066 3056 3239 3263 3386 3762 3982 4297 4402 4972 4981 5011 5185 5982 6873 
#module 366 size: 18 bs: 1.09297
397 654 956 2392 3270 3969 4180 4277 4546 4608 4955 5069 5329 5455 5694 6180 6622 6763 
#module 367 size: 53 bs: 0.285572
75 163 245 394 731 891 1023 1035 1162 1202 1489 1533 1700 1771 1891 1978 2145 2366 2464 2631 2675 2929 2959 3043 3137 3158 3245 3320 3355 3406 3455 3637 3689 3749 3791 3809 4156 4176 4442 4590 4617 4639 4719 4879 5009 5788 5843 5857 5873 6290 6336 6401 6449 
#module 368 size: 46 bs: 0.372698
75 450 532 1035 1060 1130 1157 1275 1298 1315 1472 1489 1771 1902 1947 1994 2028 2145 2214 2402 2655 2675 2765 2888 2973 3158 3251 3289 3320 3414 3473 3637 3791 4176 4719 5715 5873 5929 6071 6139 6215 6248 6401 6600 6690 6900 
#module 369 size: 11 bs: 0.498508
562 1146 1705 1945 2386 2658 3546 4177 4743 4971 6430 
#module 370 size: 5 bs: 0.589936
86 2344 4141 6505 6848 
#module 371 size: 9 bs: 1.02898
103 2621 2803 3815 3996 4132 4686 4752 6473 
#module 372 size: 5 bs: 0.540173
57 131 4686 5551 6691 
#module 373 size: 17 bs: 0.137446
212 367 1413 1450 1816 1993 2977 3212 3222 4165 4312 4408 5047 5522 5607 6015 6693 
#module 374 size: 8 bs: 0.855156
725 1752 2966 3680 3931 4352 4943 6429 
#module 375 size: 20 bs: 0.578186
219 565 584 983 1646 1928 2893 3037 3044 3060 3603 3875 4852 5034 5153 5486 5631 5909 6012 6170 
#module 376 size: 9 bs: 0.906751
1361 1411 1712 1895 4037 4956 5732 5840 5850 
#module 377 size: 9 bs: 0.176555
977 3663 3672 4431 4959 5923 5986 6209 6319 
#module 378 size: 7 bs: 0.191356
175 1941 2509 2889 4438 6172 6266 
#module 379 size: 28 bs: 0.494142
136 209 268 523 1133 1189 1692 1814 1874 2025 2109 2221 2338 2416 2790 3026 3264 3273 3410 3510 3707 3763 4083 4367 5622 5800 6667 6778 
#module 380 size: 9 bs: 0.640188
365 402 1554 2472 3060 3825 4081 4370 6170 
#module 381 size: 11 bs: 0.616028
1434 2829 3372 3937 4026 4267 4344 4531 4898 5624 5903 
#module 382 size: 59 bs: 0.416109
113 127 487 805 817 822 996 1126 1266 1388 1431 1435 1545 1742 1778 1844 1933 2129 2321 2460 2496 2649 2805 2850 3152 3197 3287 3353 3603 3655 3831 3853 3854 3958 4016 4021 4076 4168 4626 4799 4822 4836 4885 4911 4978 5175 5410 5581 5773 5800 5912 6048 6063 6388 6552 6580 6646 6816 6889 
#module 383 size: 34 bs: 0.826249
37 186 388 689 801 1196 1342 1593 1661 1726 2130 2409 2423 2458 2673 2842 3046 3585 3624 3732 3970 4138 4482 4557 4857 4874 5003 5458 5759 5887 6357 6507 6575 6895 
#module 384 size: 7 bs: 0.748069
172 970 1329 3729 5145 5930 6721 
#module 385 size: 10 bs: 0.572883
1813 2163 2576 2875 4239 5035 5802 5807 6058 6522 
#module 386 size: 23 bs: 0.794526
184 1264 1580 1606 1931 1961 2117 2324 2341 2537 2944 3017 3033 3438 3461 3515 4345 5514 5876 5887 6341 6440 6832 
#module 387 size: 4 bs: 0.714053
856 5027 5502 6717 
#module 388 size: 7 bs: 0.909201
1370 1640 1959 2855 4146 5098 5877 
#module 389 size: 20 bs: 1.03435
122 221 744 830 1367 1534 1654 1683 1697 2535 3466 3858 4045 4323 4597 5210 5428 5580 5753 6542 
#module 390 size: 6 bs: 0.711625
562 3032 3217 3792 5614 6719 
#module 391 size: 14 bs: 0.897261
289 979 1308 1671 2155 2189 4298 4893 5130 5298 6011 6141 6776 6787 
#module 392 size: 23 bs: 0.258979
316 388 471 647 819 1189 1217 1388 1874 1974 2025 2109 2342 2788 3026 3410 3510 4083 4369 5015 5085 5622 6343 
#module 393 size: 7 bs: 0.362175
1563 2202 2484 3856 4199 4320 4337 
#module 394 size: 10 bs: 0.35979
607 1974 2019 3281 3301 3352 3674 4355 5105 6840 
#module 395 size: 5 bs: 0.592649
213 596 5975 6636 6722 
#module 396 size: 15 bs: 0.333302
130 681 703 910 1115 1744 1817 2114 2722 4979 5073 5491 5808 6436 6608 
#module 397 size: 5 bs: 0.610273
1382 2745 3179 5243 5961 
#module 398 size: 20 bs: 1.08076
133 617 1005 1080 1135 1291 1678 1823 2285 2881 3202 3227 3454 4140 4628 5026 5224 6368 6433 6578 
#module 399 size: 157 bs: 0.716983
22 27 64 70 96 307 465 558 656 719 773 809 847 863 938 940 1026 1037 1070 1101 1107 1127 1183 1194 1208 1214 1221 1280 1285 1309 1377 1481 1532 1534 1541 1616 1675 1743 1745 1824 1845 1880 1898 1955 2022 2108 2119 2213 2222 2257 2337 2364 2404 2420 2439 2554 2568 2662 2681 2685 2691 2746 2756 2763 2896 2897 2969 2980 3049 3068 3088 3103 3135 3328 3385 3635 3668 3685 3706 3722 3736 3748 3812 3885 3986 4044 4072 4085 4172 4235 4283 4289 4395 4502 4512 4520 4543 4574 4578 4598 4600 4623 4681 4688 4696 4703 4708 4737 4806 4849 4866 4933 4998 5076 5135 5163 5188 5224 5238 5296 5301 5362 5501 5516 5519 5532 5538 5562 5640 5647 5650 5689 5724 5740 5752 5781 5822 5956 5987 6041 6042 6043 6159 6160 6161 6187 6197 6255 6409 6574 6619 6677 6711 6807 6872 6879 6886 
#module 400 size: 5 bs: 0.830191
1471 3073 5059 5392 6426 
#module 401 size: 37 bs: 1.03608
10 218 290 585 740 974 1019 1088 1384 1410 1570 1598 1922 1977 2081 2410 2558 2608 3221 3299 3397 3925 4005 4202 4365 4425 4490 4588 4924 5217 5593 5688 5916 6193 6634 6701 6779 
#module 402 size: 20 bs: 1.07529
380 421 542 671 1058 1148 1890 2067 3133 3596 3779 4230 4922 5419 5962 5963 6499 6655 6716 6870 
#module 403 size: 36 bs: 0.69677
363 379 424 668 967 1021 1133 1607 2031 2171 2268 2583 2632 2642 2927 3082 3132 3376 3441 3492 4050 4308 4337 4508 4789 4843 4935 5087 5127 5218 5748 6121 6296 6367 6652 6909 
#module 404 size: 253 bs: 0.298213
5 49 136 177 183 185 206 207 211 326 329 334 336 348 358 361 396 461 477 490 492 519 551 561 566 567 568 574 583 588 589 626 658 674 722 781 784 792 806 821 823 824 832 835 842 844 919 931 954 988 996 1025 1050 1122 1217 1238 1248 1254 1267 1367 1395 1516 1651 1680 1690 1708 1709 1711 1727 1741 1748 1749 1815 1904 1912 1917 1936 1939 1954 1969 1977 1992 2012 2039 2144 2147 2194 2216 2281 2338 2347 2352 2417 2455 2466 2508 2575 2596 2638 2727 2749 2818 2819 2852 2902 2903 2919 3000 3013 3027 3043 3056 3085 3100 3105 3112 3199 3215 3250 3262 3300 3335 3338 3412 3427 3433 3436 3490 3498 3507 3508 3511 3527 3587 3603 3614 3623 3697 3725 3731 3770 3773 3776 3796 3816 3818 3833 3852 3857 3888 3908 3919 3940 3949 3950 3961 4076 4086 4088 4170 4209 4214 4217 4218 4219 4222 4229 4251 4351 4356 4496 4565 4573 4581 4603 4652 4672 4680 4695 4714 4740 4786 4792 4803 4863 4871 4915 4969 4976 4980 4988 4989 5008 5048 5052 5144 5190 5202 5232 5282 5371 5402 5447 5464 5465 5481 5490 5524 5577 5598 5605 5686 5712 5720 5733 5801 5808 5814 5831 5839 5865 5878 5893 5972 6028 6031 6076 6079 6098 6135 6142 6149 6178 6217 6226 6352 6360 6380 6454 6480 6516 6520 6550 6668 6689 6712 6732 6769 6799 6816 6845 6849 6888 
#module 405 size: 17 bs: 0.575333
94 473 641 1733 1833 1892 2228 3064 3333 3804 4258 4330 4535 4649 4905 6383 6585 
#module 406 size: 19 bs: 0.612538
306 443 657 1043 2009 2369 2878 3079 3168 3520 3647 3649 3955 4620 5109 5456 5534 5912 6647 
#module 407 size: 9 bs: 0.485168
791 817 1171 1317 2080 4462 4874 6471 6806 
#module 408 size: 111 bs: 0.340564
142 168 204 251 309 316 395 430 538 644 766 967 1113 1220 1256 1259 1266 1286 1293 1400 1427 1622 1638 1742 1790 1806 1909 1936 2012 2076 2120 2158 2167 2263 2265 2296 2318 2371 2417 2428 2577 2596 2632 2637 2733 2742 2776 2792 2869 2874 2905 2933 3087 3095 3167 3173 3211 3218 3224 3273 3335 3402 3477 3505 3527 3544 3587 3665 3703 3941 3959 3973 3984 4207 4208 4209 4360 4410 4439 4593 4665 4816 4836 4843 4884 4892 4963 5127 5128 5218 5490 5524 5577 5620 5622 5642 6002 6015 6028 6064 6065 6075 6081 6121 6271 6283 6425 6666 6710 6727 6753 
#module 409 size: 7 bs: 0.468491
1052 1668 2220 3422 5840 6146 6517 
#module 410 size: 30 bs: 0.665966
193 294 402 436 1144 1443 1609 1624 1750 1863 2243 2517 2520 2586 2836 2900 3794 4514 4532 5401 5512 5609 5779 5851 6096 6165 6362 6588 6804 6855 
#module 411 size: 9 bs: 0.630445
1294 1913 2291 3437 3765 4589 5518 5810 6735 
#module 412 size: 4 bs: 0.992962
1250 2312 4321 4928 
#module 413 size: 10 bs: 0.100556
939 1414 1575 2678 2996 3667 4555 5007 5927 5944 
#module 414 size: 14 bs: 0.898608
232 444 2166 2593 3944 4215 4268 4301 4339 5209 5434 5770 6023 6177 
#module 415 size: 10 bs: 0.298524
860 1536 3147 3363 3644 4067 4366 4636 6022 6122 
#module 416 size: 7 bs: 0.387423
635 2181 3856 3905 5981 6092 6601 
#module 417 size: 48 bs: 0.383192
18 121 465 589 664 692 1072 1234 1277 1289 1423 1486 1607 1776 1951 1990 2260 2304 2462 2786 2956 3059 3366 3577 3661 3764 3980 4085 4091 4229 4270 4285 4325 4477 4736 4938 5210 5395 5537 5569 5627 5664 5735 6045 6184 6254 6745 6891 
#module 418 size: 13 bs: 0.563625
3255 3349 3446 3573 3658 3893 4002 4047 4098 4207 4890 5412 6654 
#module 419 size: 5 bs: 0.612288
1703 1794 2689 5584 5750 
#module 420 size: 19 bs: 0.137852
614 1433 1669 1754 1961 2324 2432 2859 3017 3045 3171 3201 3317 3515 3658 4243 4782 4958 5347 
