#module 0 size: 4 bs: 0.215801
1143 3243 5951 6902 
#module 1 size: 8 bs: 0.153891
312 552 1665 2321 3745 4761 5464 5946 
#module 2 size: 20 bs: 0.741729
196 278 484 765 1731 1759 2069 2520 3658 3856 3966 4003 4031 4143 4331 4787 5519 5660 6113 6138 
#module 3 size: 4 bs: 0.582841
1464 3219 6774 6838 
#module 4 size: 8 bs: 0.483294
287 320 2954 4016 4531 5258 6561 6677 
#module 5 size: 9 bs: 0.155613
617 1638 1722 1945 2514 3607 3781 3807 4816 
#module 6 size: 5 bs: 0.765389
3725 4424 5565 5673 6142 
#module 7 size: 6 bs: 0.545711
962 3016 3501 3617 4129 6824 
#module 8 size: 5 bs: 0.943905
1653 1999 3319 4192 5722 
#module 9 size: 6 bs: 0.599526
1179 1216 3823 4254 4410 5930 
#module 10 size: 13 bs: 0.276922
1166 1233 1524 2029 2083 2112 2135 2876 3100 4372 5463 5523 5954 
#module 11 size: 30 bs: 1.01584
47 155 228 390 411 997 1020 1198 1291 1384 1492 1644 1702 2039 2128 2167 2346 2381 2557 3378 4166 4496 4745 4815 4975 5014 5371 6425 6656 6826 
#module 12 size: 127 bs: 1.00269
19 60 176 192 214 271 370 371 429 555 575 625 628 663 746 770 824 844 872 913 934 954 1229 1264 1296 1309 1354 1399 1410 1439 1482 1485 1492 1502 1562 1628 1778 1815 1847 1848 1957 2056 2071 2121 2161 2164 2301 2368 2480 2558 2633 2738 2807 2835 2860 2877 2995 3070 3131 3172 3184 3202 3357 3376 3383 3471 3504 3568 3580 3591 3621 3634 3639 3692 3765 3790 3817 3832 3908 4014 4113 4157 4252 4270 4321 4330 4360 4423 4533 4597 4653 4688 4718 4725 4753 4771 4776 4803 4813 4983 5045 5050 5114 5162 5190 5235 5293 5325 5337 5342 5525 5614 5669 5726 5804 6222 6256 6280 6289 6294 6335 6526 6530 6560 6682 6754 6910 
#module 13 size: 7 bs: 0.67994
236 2086 3004 3898 4068 4242 5738 
#module 14 size: 7 bs: 0.276423
2314 2573 2736 3129 4224 5303 5468 
#module 15 size: 9 bs: 0.875949
261 2760 2833 2964 3028 4306 4310 4679 6750 
#module 16 size: 20 bs: 0.52739
203 621 630 1487 1728 2110 2990 3000 3026 3075 3397 3487 3558 3600 3995 4387 4954 6013 6398 6408 
#module 17 size: 57 bs: 0.534843
52 53 339 448 580 685 752 753 805 868 877 971 1439 1607 1743 1772 1854 1901 1989 2244 2497 2521 2526 2628 2780 2839 2996 3001 3159 3542 4019 4111 4182 4228 4408 4481 4651 4682 4845 4921 5041 5362 5373 5447 5574 5625 5695 5753 5908 5986 5994 6172 6409 6553 6620 6703 6808 
#module 18 size: 45 bs: 0.897544
43 124 209 286 378 1026 1173 1371 1899 2182 2230 2278 2505 2793 2898 2917 3180 3481 3640 3669 3715 3922 4083 4092 4178 4429 4530 4577 4594 4818 4919 4949 5045 5053 5182 5681 5702 5795 6110 6170 6311 6333 6480 6615 6667 
#module 19 size: 33 bs: 0.661852
39 124 372 451 859 1337 1468 1679 1689 1745 1936 2080 2455 2795 2871 2901 3236 3262 3292 3450 3584 3635 4030 4036 4054 4197 4225 4440 5062 5370 5941 5996 6878 
#module 20 size: 22 bs: 0.240969
907 1084 1648 1896 2138 2387 2452 3309 3441 3838 4067 4108 4232 4247 4430 4489 4863 5154 5854 6225 6656 6719 
#module 21 size: 57 bs: 0.139633
200 445 529 827 870 1118 1163 1295 1443 1462 1466 1547 1683 1954 1993 1997 2017 2103 2158 2299 2368 2380 2677 2702 2709 2728 2808 3082 3116 3448 3463 3653 3670 3873 4020 4044 4148 4234 4326 4411 4442 4828 4997 5129 5371 5604 6061 6075 6270 6350 6353 6394 6396 6443 6602 6764 6900 
#module 22 size: 83 bs: 0.793772
106 138 179 407 453 489 826 1039 1095 1120 1135 1298 1301 1302 1420 1423 1480 1501 1504 1579 2212 2232 2261 2262 2407 2513 2561 2588 2622 2676 2744 2764 2872 2981 3015 3053 3096 3106 3334 3383 3430 3432 3485 3536 3701 3866 4209 4582 4737 4743 4872 5107 5135 5203 5389 5402 5446 5476 5517 5648 5668 5688 5691 5742 5764 6092 6133 6140 6148 6218 6292 6334 6446 6453 6461 6471 6602 6625 6675 6680 6746 6802 6829 
#module 23 size: 8 bs: 0.532599
2094 2951 3443 4799 4857 5687 6872 6873 
#module 24 size: 40 bs: 0.730314
54 101 147 151 201 478 858 996 1023 1123 1136 1164 1241 1256 1324 1634 1684 1719 1835 2107 2377 2548 2717 3364 3811 3864 4214 4478 4631 4721 4734 4882 4883 4988 5123 5832 5859 6325 6552 6597 
#module 25 size: 33 bs: 0.677854
105 170 221 475 620 742 764 1027 1045 1276 1445 1712 1846 2226 2315 2823 3006 3179 3627 3796 4090 4098 4421 4609 4924 5142 5541 5686 5706 5733 5845 6455 6814 
#module 26 size: 11 bs: 0.230027
227 305 537 646 821 1830 1875 2445 2699 4366 4521 
#module 27 size: 43 bs: 0.12521
13 49 521 554 930 1255 1441 1680 1791 1982 2092 2140 2236 2248 2372 2632 2723 2784 2983 3186 3240 3413 3662 3950 3953 4013 4075 4124 4220 5103 5124 5214 5502 5857 6151 6294 6431 6500 6542 6564 6604 6628 6699 
#module 28 size: 33 bs: 0.151504
155 375 390 601 624 768 1287 1384 1974 1977 2205 2789 2899 2949 3300 3375 3860 4073 4166 4283 4623 5305 5371 5374 5677 5799 5804 6300 6379 6654 6656 6673 6827 
#module 29 size: 23 bs: 0.474617
202 438 629 772 1052 1132 1770 2038 2209 2217 2734 2947 3616 3792 3923 4315 4785 4875 5233 5452 6052 6134 6734 
#module 30 size: 62 bs: 0.1466
89 220 268 340 461 514 609 684 894 919 1038 1053 1073 1211 1353 1482 1516 1563 1596 1692 1918 1959 2011 2068 2078 2441 2478 2786 2955 3018 3537 3613 3629 3655 3710 3718 3756 3790 3875 4126 4235 4269 4414 4760 4812 4927 4948 5329 5419 5421 5484 5724 5725 5757 5852 5942 5979 6410 6418 6687 6745 6844 
#module 31 size: 23 bs: 0.581626
260 418 587 1600 1616 1726 1850 1935 2150 2157 2284 2556 2749 4591 4730 4873 5188 5516 5838 5891 6141 6265 6507 
#module 32 size: 15 bs: 0.566378
38 304 1034 1068 1321 1470 1489 2824 3162 3939 4121 4914 5320 5973 6110 
#module 33 size: 43 bs: 0.396055
270 273 665 693 785 890 982 1102 1226 1633 1714 1816 2111 2252 2464 2615 2621 2638 2842 2969 3165 3316 3727 4053 4259 4280 4862 4887 4963 5222 5599 5610 5631 5645 5754 5884 5902 6019 6042 6074 6588 6612 6849 
#module 34 size: 24 bs: 0.945457
746 790 840 872 1502 1506 1520 1617 2269 2424 2425 3411 3534 3539 3570 3865 3908 4345 4445 5050 5302 6046 6330 6481 
#module 35 size: 10 bs: 0.503528
165 458 1785 1789 2229 2264 4184 4210 4472 6501 
#module 36 size: 9 bs: 0.710857
767 1527 2929 3032 3359 4621 5291 5888 6536 
#module 37 size: 7 bs: 0.388122
1110 1159 3626 4732 5248 6076 6369 
#module 38 size: 25 bs: 0.469025
197 415 585 672 836 1036 1231 1597 1851 2148 2393 2644 2800 2973 3009 3112 3122 3410 3505 4580 5292 5692 6188 6815 6915 
#module 39 size: 45 bs: 0.654884
32 102 333 356 897 989 1009 1080 1220 1496 1763 2234 2287 2288 2303 2537 2540 2886 2931 3291 3565 3598 3752 3842 3872 3959 4318 4359 4415 4740 4768 4953 4957 5010 5057 5161 5499 5825 5894 5949 5995 6139 6206 6323 6496 
#module 40 size: 28 bs: 1.06799
76 282 455 547 1250 1421 1566 1576 2016 2256 2305 2330 2371 2775 2848 3171 3399 3400 3931 4076 4169 4673 4788 4932 5649 6473 6478 6575 
#module 41 size: 41 bs: 0.362201
116 238 299 433 582 642 713 730 745 779 788 1521 1548 1554 1586 1963 1973 2432 2456 2809 2991 3325 3349 3958 4262 4831 5119 5462 5480 5562 5661 5784 5872 6030 6032 6205 6213 6332 6482 6635 6717 
#module 42 size: 116 bs: 0.984201
58 73 99 104 475 652 669 715 759 782 845 912 1115 1260 1302 1327 1507 1650 1667 1688 1715 1760 1766 1786 1860 1929 1952 1953 2035 2040 2120 2132 2260 2490 2541 2589 2729 2807 2830 2844 2847 2896 2908 2925 3040 3050 3059 3142 3160 3161 3178 3274 3288 3323 3368 3386 3388 3575 3667 3709 3758 3787 3899 3902 3928 3998 4034 4043 4061 4090 4097 4136 4188 4227 4268 4272 4379 4451 4506 4518 4541 4620 4665 4846 4898 4912 4972 5007 5008 5125 5155 5170 5195 5221 5256 5336 5360 5365 5432 5435 5664 5732 5823 5838 5864 5876 6055 6082 6128 6144 6169 6388 6477 6710 6784 6831 
#module 43 size: 75 bs: 0.896707
175 259 293 325 439 464 508 603 623 712 738 884 1117 1225 1672 1781 1821 1873 1884 2031 2064 2109 2281 2363 2403 2487 2821 2909 2933 2940 2974 3065 3227 3419 3529 3575 3632 3652 3724 3815 3838 3840 3949 3968 4049 4149 4577 4642 4711 4764 4840 4942 5036 5152 5159 5247 5253 5316 5330 5415 5474 5489 5620 5621 5767 5879 5916 6232 6665 6666 6696 6705 6713 6812 6899 
#module 44 size: 81 bs: 0.622344
111 277 316 565 643 696 725 992 1118 1154 1162 1169 1221 1228 1355 1400 1449 1531 1695 1723 1788 1813 1876 1908 1917 1924 1990 2000 2002 2099 2137 2188 2304 2320 2406 2479 2691 2918 3008 3086 3114 3381 3416 3770 3886 3907 3976 4098 4114 4173 4208 4219 4233 4251 4327 4425 4572 4594 4596 4900 4941 4951 4955 5071 5212 5288 5311 5372 5600 5617 5789 5824 5872 5904 6009 6204 6228 6427 6485 6775 6909 
#module 45 size: 66 bs: 0.389046
310 350 374 412 578 1010 1478 1500 1525 1662 1756 1767 2052 2075 2336 2390 2509 2579 2859 2880 2909 2937 3017 3347 3380 3398 3442 3609 3666 3799 3896 3927 3964 3991 4001 4004 4119 4133 4195 4231 4273 4332 4394 4617 4744 4752 4757 4838 5006 5177 5294 5542 5564 5690 5956 5980 5999 6034 6186 6382 6591 6624 6809 6862 6911 6921 
#module 46 size: 198 bs: 0.100579
63 90 101 107 129 133 169 217 224 234 262 303 324 329 345 389 395 474 490 506 507 527 534 627 638 656 670 676 720 732 749 820 838 911 937 953 1017 1022 1030 1035 1121 1140 1237 1240 1248 1365 1395 1472 1474 1498 1513 1537 1559 1593 1603 1629 1630 1670 1787 1831 1909 1915 1980 1988 2113 2115 2120 2166 2270 2312 2332 2367 2376 2388 2400 2453 2459 2495 2506 2571 2607 2663 2701 2820 2837 2849 2862 2994 3013 3015 3033 3203 3204 3237 3393 3424 3445 3454 3492 3495 3589 3604 3686 3689 3702 3707 3717 3818 3893 3975 3988 4007 4018 4087 4150 4171 4181 4239 4256 4288 4305 4435 4457 4496 4498 4499 4509 4586 4601 4629 4630 4663 4694 4729 4755 4769 4809 4822 4825 4827 4861 4870 4936 4977 4989 4994 5025 5040 5048 5061 5139 5167 5191 5192 5210 5259 5300 5386 5418 5493 5559 5572 5633 5655 5668 5747 5788 5828 5953 5958 5992 5997 6037 6097 6154 6229 6236 6241 6255 6274 6287 6301 6321 6326 6334 6368 6525 6548 6556 6585 6611 6648 6690 6706 6746 6761 6805 6918 
#module 47 size: 110 bs: 0.721749
6 39 62 90 222 316 354 432 442 468 477 507 571 725 784 910 931 935 969 970 1056 1062 1173 1208 1239 1267 1320 1340 1370 1400 1446 1574 1689 1695 1723 1985 2002 2254 2259 2273 2324 2448 2458 2462 2477 2587 2650 2879 2899 3031 3054 3058 3078 3088 3111 3136 3300 3417 3475 3497 3583 3611 3665 3683 3739 3821 3909 3981 4089 4098 4117 4156 4177 4208 4309 4327 4350 4381 4730 4798 5039 5071 5074 5174 5193 5212 5284 5374 5544 5722 5786 5788 5789 5799 5947 6021 6049 6229 6279 6379 6391 6427 6433 6474 6485 6546 6691 6778 6792 6909 
#module 48 size: 112 bs: 0.942014
11 104 198 226 343 571 573 596 751 774 851 871 969 1003 1032 1129 1134 1158 1199 1212 1215 1286 1367 1414 1433 1440 1499 1535 1565 1626 1632 1657 1671 1761 1865 1957 2007 2024 2104 2193 2311 2317 2325 2333 2410 2461 2596 2746 2752 2897 2978 3031 3184 3268 3472 3520 3877 3956 3989 4092 4167 4170 4173 4237 4301 4314 4353 4408 4549 4559 4589 4760 4802 4877 4901 5017 5026 5066 5074 5113 5132 5144 5150 5348 5356 5391 5492 5529 5625 5634 5659 5678 5680 5723 5739 5830 5837 5869 5883 5932 5942 6058 6245 6266 6356 6385 6467 6497 6694 6764 6766 6806 
#module 49 size: 9 bs: 0.207704
1063 1246 1372 1522 2892 3852 4101 5922 6162 
#module 50 size: 37 bs: 0.120347
146 469 505 809 846 973 1042 1242 1368 1565 1799 1871 2209 2318 2319 2630 2735 3125 3270 3328 3427 3559 3685 3880 4503 4992 5216 5274 5401 5413 5455 6271 6381 6457 6458 6661 6676 
#module 51 size: 31 bs: 0.537493
493 817 991 1058 1119 1619 1694 2186 2225 2551 2563 2766 2922 2975 3910 4216 4245 4391 4511 4823 4967 5323 5554 5945 5950 6060 6126 6226 6361 6362 6605 
#module 52 size: 41 bs: 0.908787
449 487 777 783 837 981 1189 1312 1534 1739 1830 1833 2027 2658 2676 2795 2934 3082 3092 3115 3170 3217 3235 3261 3582 4354 4365 4756 4917 5030 5279 5635 6075 6264 6394 6397 6454 6636 6708 6760 6785 
#module 53 size: 43 bs: 0.167147
161 432 465 856 1450 1709 1723 1757 1886 2412 2458 2649 2747 3005 3215 3326 3475 3527 3847 4112 4125 4177 4207 4324 4610 4882 5091 5101 5166 5207 5549 5583 5705 5712 6392 6400 6406 6468 6482 6537 6555 6596 6922 
#module 54 size: 23 bs: 0.32035
184 349 577 891 928 1296 1903 1946 2043 2145 2156 2165 2279 3211 3346 3826 4532 4890 5083 5925 6341 6518 6879 
#module 55 size: 27 bs: 0.948237
766 853 938 1031 1168 1624 1646 1672 2127 2866 3025 3303 3342 3515 3546 3547 3874 4138 4542 4684 4880 4973 5047 5264 5313 5458 5537 
#module 56 size: 256 bs: 0.441728
15 17 34 41 81 82 144 178 190 293 300 332 336 342 398 414 421 456 467 503 532 536 545 583 588 616 631 633 652 677 678 681 692 717 718 721 724 782 830 833 849 921 922 964 1000 1011 1021 1041 1069 1141 1153 1157 1185 1191 1203 1251 1274 1293 1316 1350 1357 1401 1427 1444 1454 1483 1484 1492 1509 1544 1549 1553 1610 1635 1650 1666 1688 1735 1775 1841 1843 1877 1878 1890 1956 2003 2012 2018 2030 2096 2098 2126 2171 2208 2214 2223 2297 2315 2344 2382 2383 2417 2469 2502 2541 2581 2584 2585 2617 2620 2644 2695 2722 2729 2772 2774 2807 2819 2825 2852 2875 2885 2896 2907 2911 2915 2942 2961 2972 2999 3035 3036 3059 3068 3080 3098 3143 3229 3265 3284 3301 3338 3371 3373 3384 3388 3450 3464 3490 3495 3573 3608 3656 3675 3730 3751 3764 3804 3858 3876 3881 3887 3920 3974 4056 4072 4166 4281 4285 4358 4382 4448 4467 4471 4477 4524 4527 4538 4539 4567 4587 4622 4635 4665 4689 4693 4703 4709 4771 4810 4864 4884 4905 4913 4981 4991 5028 5056 5130 5223 5231 5268 5281 5299 5300 5317 5328 5340 5349 5366 5378 5395 5402 5438 5461 5466 5509 5526 5538 5551 5602 5685 5726 5773 5849 5866 5877 5906 5955 5967 6140 6150 6179 6185 6190 6191 6207 6220 6253 6285 6314 6319 6416 6419 6423 6428 6438 6513 6525 6601 6606 6647 6679 6715 6732 6848 
#module 57 size: 24 bs: 0.689534
257 330 392 499 659 673 674 706 1106 1187 1870 2124 2257 2863 3114 3146 3430 3773 4201 4348 4569 4918 6672 6798 
#module 58 size: 112 bs: 0.526262
1 21 177 186 187 323 394 549 675 731 740 794 935 960 1155 1275 1282 1304 1359 1374 1436 1458 1460 1493 1495 1508 1538 1699 1708 1719 1744 1751 1857 1870 1880 1966 1972 1978 2001 2053 2054 2097 2105 2146 2151 2268 2316 2435 2524 2619 2666 2867 2924 3138 3181 3196 3316 3468 3480 3493 3503 3538 3562 3588 3592 3738 3830 3857 3863 4011 4078 4107 4361 4433 4497 4506 4636 4713 4726 4793 4868 4895 5110 5142 5189 5243 5306 5315 5330 5341 5592 5650 5675 5813 5834 5955 6310 6376 6432 6467 6498 6593 6594 6607 6641 6642 6690 6742 6765 6795 6845 6890 
#module 59 size: 24 bs: 0.551969
437 556 579 660 804 1346 1606 1928 1940 2739 3012 3679 3736 4222 4826 5072 5173 5459 5689 5694 6238 6653 6736 6799 
#module 60 size: 127 bs: 0.566607
11 27 29 64 74 85 231 244 247 276 306 338 348 388 396 406 523 599 606 626 657 735 786 967 1112 1183 1437 1542 1604 1621 1654 1703 1836 1852 1919 1991 2095 2118 2190 2198 2228 2231 2374 2378 2414 2454 2466 2582 2597 2673 2684 2725 2754 2759 2842 2850 2897 2926 3128 3139 3210 3213 3251 3330 3361 3362 3369 3394 3396 3460 3494 3499 3533 3557 3595 3633 3649 3661 3694 3813 3861 3883 3924 4058 4134 4155 4215 4333 4375 4396 4458 4545 4579 4613 4653 4664 4686 4696 4869 5032 5059 5102 5219 5220 5276 5496 5504 5552 5553 5594 5616 5643 5793 5822 5831 5868 6041 6042 6050 6254 6344 6375 6429 6567 6643 6711 6745 
#module 61 size: 42 bs: 0.98747
187 265 446 682 895 1283 1295 1451 1614 1864 1920 2491 2624 2660 2711 2840 3191 3198 3225 3254 3470 3513 3954 4317 4381 4832 4925 5031 5149 5176 5624 6110 6175 6286 6401 6405 6424 6551 6557 6627 6789 6851 
#module 62 size: 43 bs: 0.993636
205 342 384 520 551 584 615 847 918 1040 1090 1107 1280 1417 1481 1672 1984 2233 2253 2276 2437 2814 3197 3444 3449 3477 3937 4637 4753 4758 4928 5063 5289 5470 5716 5765 5810 5826 6297 6366 6592 6724 6830 
#module 63 size: 182 bs: 0.50272
100 131 195 245 254 301 419 462 486 513 543 560 589 598 605 619 639 654 689 743 784 811 835 843 857 876 893 949 1013 1033 1109 1149 1161 1179 1194 1222 1232 1234 1236 1290 1315 1408 1440 1512 1560 1578 1681 1702 1710 1752 1774 1797 1845 1889 1962 2013 2168 2183 2207 2245 2271 2293 2300 2323 2357 2360 2395 2398 2528 2623 2629 2670 2779 2798 2815 2827 2921 2936 2952 2979 2980 2982 3041 3058 3067 3101 3110 3199 3302 3355 3365 3403 3415 3447 3486 3503 3519 3551 3593 3597 3712 3744 3757 3914 3957 3963 3978 4047 4065 4163 4250 4302 4308 4319 4363 4426 4453 4537 4592 4599 4612 4625 4668 4669 4670 4692 4717 4731 4778 4794 4874 4878 4897 4907 4976 5004 5049 5051 5087 5089 5099 5202 5277 5302 5333 5361 5426 5510 5520 5609 5640 5791 5802 5843 5919 5928 5930 5931 5941 5964 5965 5976 6026 6231 6242 6308 6328 6359 6380 6422 6431 6435 6447 6452 6475 6476 6510 6535 6573 6610 6616 6866 
#module 64 size: 110 bs: 1.07973
2 8 83 84 110 123 180 210 212 319 347 387 399 590 714 839 848 920 1004 1076 1150 1254 1306 1313 1347 1385 1397 1491 1529 1530 1557 1568 1707 1755 1939 2028 2076 2169 2204 2355 2386 2446 2475 2658 2672 2721 2751 2761 2838 2934 2963 3077 3133 3172 3418 3434 3445 3531 3687 3691 3740 3835 3844 3925 3979 4052 4077 4141 4164 4243 4277 4316 4341 4444 4456 4461 4808 4923 4959 4999 5165 5205 5228 5321 5478 5512 5579 5648 5787 5807 5910 5960 6036 6044 6062 6091 6103 6198 6371 6449 6478 6492 6530 6545 6568 6580 6602 6631 6700 6867 
#module 65 size: 108 bs: 0.344456
3 20 109 132 183 216 230 256 285 328 402 425 510 561 701 744 808 860 948 1060 1083 1171 1214 1249 1284 1407 1497 1577 1581 1720 1729 1979 1981 2046 2119 2129 2136 2172 2265 2302 2327 2349 2465 2538 2566 2567 2603 2657 2777 2962 2966 3206 3216 3249 3271 3287 3332 3337 3446 3498 3615 3630 3783 3786 3816 3859 3974 4183 4238 4258 4323 4377 4482 4533 4615 4683 4735 4777 4847 4849 4855 4889 4962 5015 5021 5141 5230 5377 5411 5443 5456 5647 6161 6168 6184 6324 6357 6393 6502 6506 6509 6517 6619 6663 6723 6741 6816 6856 
#module 66 size: 38 bs: 1.04544
397 444 844 965 994 1205 1465 1510 1511 1545 1602 1655 1690 1701 1706 1718 1872 2164 2536 2661 2888 3127 3273 3377 3900 4095 4803 4956 4974 5235 5525 5720 5968 5984 6313 6338 6754 6841 
#module 67 size: 49 bs: 1.0389
12 24 251 491 719 733 757 811 910 998 1046 1116 1277 1503 1546 1599 1849 1897 1998 2192 2347 2354 2570 2832 2930 2940 3020 3083 3506 3638 3657 3673 3782 3829 4066 4152 4176 4624 4886 5060 5257 5331 5409 5535 5595 5811 5962 6022 6317 
#module 68 size: 126 bs: 0.32871
193 204 255 256 269 353 380 382 450 526 539 650 658 668 801 819 825 925 952 976 1028 1097 1146 1169 1245 1258 1269 1270 1279 1322 1333 1336 1476 1732 1768 1769 1897 1921 1942 2050 2062 2065 2075 2131 2196 2221 2448 2451 2486 2678 2686 2745 2776 2832 2844 2895 2910 2916 2932 3038 3057 3060 3095 3145 3195 3233 3255 3392 3510 3666 3695 3734 3802 3808 3841 3879 3894 4022 4168 4211 4287 4392 4438 4465 4487 4547 4590 4661 4763 4867 4916 4920 4943 5065 5086 5088 5104 5204 5254 5408 5632 5655 5708 5737 5748 5920 5940 5991 6015 6035 6067 6143 6146 6163 6177 6322 6512 6534 6609 6718 6777 6780 6859 6874 6882 6892 
#module 69 size: 34 bs: 0.365585
130 266 1152 1518 1920 2125 2153 2389 2545 2574 2627 3756 3790 3901 4164 4355 4356 4662 4808 4902 4986 5165 5310 5478 5564 5665 5698 5820 6147 6359 6586 6637 6687 6745 
#module 70 size: 54 bs: 0.406946
14 182 235 562 695 875 1047 1178 1235 1272 1273 1574 1612 1754 1862 1882 1894 1911 2220 2431 2599 2816 2887 2919 3069 3187 3299 3406 3556 3885 4002 4006 4212 4375 4378 4422 4436 4780 4952 5269 5301 5351 5378 5453 5461 5622 5681 5785 5800 5801 5900 6194 6227 6626 
#module 71 size: 158 bs: 0.268461
61 110 129 150 191 210 291 421 452 453 481 559 576 625 867 869 936 944 974 994 1001 1009 1048 1122 1151 1167 1172 1181 1195 1203 1244 1280 1300 1454 1533 1551 1629 1798 1807 1905 1926 1943 1960 2005 2028 2103 2142 2154 2161 2171 2246 2247 2260 2328 2361 2372 2408 2411 2513 2516 2532 2536 2588 2590 2681 2694 2723 2740 2750 2760 2817 2888 2964 2978 2986 3034 3037 3108 3119 3126 3132 3212 3224 3252 3289 3318 3352 3404 3418 3420 3459 3532 3587 3853 3886 3929 3932 3962 3999 4026 4308 4335 4413 4464 4495 4581 4666 4705 4719 4724 4733 4760 4805 4825 4888 4896 4967 5009 5073 5079 5116 5124 5269 5305 5363 5379 5403 5445 5498 5569 5615 5638 5701 5804 5840 5853 5865 5886 5938 6072 6159 6160 6212 6240 6268 6304 6327 6437 6586 6610 6635 6638 6664 6673 6697 6779 6788 6885 
#module 72 size: 149 bs: 0.762116
31 57 121 180 202 352 386 503 525 540 542 644 874 886 897 946 1018 1041 1054 1093 1153 1210 1262 1299 1350 1444 1452 1477 1497 1610 1635 1647 1719 1735 1814 1837 1907 2063 2072 2096 2100 2160 2224 2277 2280 2344 2348 2585 2617 2626 2682 2733 2834 2868 2875 2915 2948 2960 3064 3166 3177 3192 3231 3301 3338 3363 3495 3525 3594 3648 3660 3676 3708 3732 3751 3764 3769 3878 3887 3920 3986 4103 4120 4144 4167 4203 4358 4459 4480 4504 4524 4539 4562 4620 4634 4689 4715 4753 4767 4853 4864 4871 5042 5128 5158 5223 5229 5347 5366 5375 5378 5417 5437 5485 5526 5543 5550 5578 5644 5701 5713 5773 5849 5877 5898 5899 5911 5937 5955 6028 6051 6124 6179 6181 6193 6197 6339 6364 6428 6514 6579 6603 6645 6679 6685 6739 6793 6864 6880 
#module 73 size: 44 bs: 0.196314
154 213 420 501 533 664 866 1196 1523 1674 1771 2048 2285 2645 2647 2765 2826 2938 2943 2957 3048 3123 3194 3312 3402 3428 3440 3509 3599 3862 4073 4186 4476 4960 5090 5359 5561 5641 6196 6488 6523 6868 6898 6924 
#module 74 size: 38 bs: 0.534357
70 383 592 699 727 1184 1197 1255 1753 2370 2372 2562 2723 3218 3322 3502 3552 3676 3749 4071 4469 4708 4834 4848 5124 5181 5250 5663 5751 5839 5886 6110 6116 6405 6539 6671 6678 6847 
#module 75 size: 37 bs: 0.820779
208 240 267 472 535 622 710 776 932 1317 1344 1431 1519 1955 1992 2006 2356 3040 3208 3329 3499 3586 3753 3831 4398 4739 5511 5829 5924 6011 6216 6544 6767 6787 6800 6825 6844 
#module 76 size: 48 bs: 0.419014
50 109 112 355 741 775 815 951 1729 1750 1826 1834 2106 2150 2266 2286 2801 3072 3185 3295 3500 3507 3528 3612 3713 3820 3969 4238 4265 4284 4298 4735 4800 4801 4962 4998 5230 5296 5319 5326 5385 5912 5972 6043 6202 6337 6819 6886 
#module 77 size: 20 bs: 0.22157
604 789 1265 1319 1415 1668 1844 2324 2358 2522 2618 3153 3479 4362 5019 5556 5575 6039 6189 6870 
#module 78 size: 15 bs: 0.545507
46 401 1201 1737 1964 3705 3706 3771 3926 4585 5404 5438 5711 5780 5783 
#module 79 size: 42 bs: 0.269545
185 296 361 391 661 729 746 1070 1075 2044 2101 2420 2504 2685 2689 2782 3046 3103 3308 3467 3469 3578 3711 3941 3965 4082 4185 4312 4534 4996 5134 5136 5324 5392 5501 5540 5808 6078 6352 6484 6574 6857 
#module 80 size: 75 bs: 0.799672
97 126 289 357 366 423 435 600 1029 1041 1044 1379 1470 1587 1622 1642 1698 1708 1734 1869 1914 1930 1933 1938 1950 2339 2350 2365 2394 2474 2484 2580 2594 2664 2703 2715 2984 3135 3162 3173 3183 3263 3275 3321 3366 3722 3755 3849 3907 4145 4349 4412 4441 4471 4483 4502 4638 4687 4701 4742 4774 4881 4896 5020 5743 5763 5842 6073 6107 6145 6267 6342 6482 6519 6861 
#module 81 size: 26 bs: 0.253455
93 115 613 726 925 1085 1364 1658 1876 2511 2713 2858 3156 3803 4010 4092 4578 4860 5144 5156 5184 5213 5515 6038 6650 6813 
#module 82 size: 39 bs: 0.358527
48 243 295 367 899 957 1032 1079 1117 1271 1332 1349 1819 1906 1925 1932 2004 2051 2384 2813 2909 2974 3036 3130 3223 3529 3800 3968 4099 4307 4606 4640 4642 5069 5430 5821 5863 6152 6701 
#module 83 size: 69 bs: 0.236474
42 56 198 386 572 774 806 896 1363 1430 1447 1448 1471 1475 1488 1541 1569 1605 1627 1673 1711 1738 1805 1858 1887 1934 1951 2042 2047 2489 2602 2648 2668 2903 3114 3120 3280 3283 3297 3350 3407 3521 3574 3639 3834 3846 4130 4418 5017 5026 5027 5196 5680 5699 5707 5731 5778 5858 5987 6235 6245 6356 6420 6463 6630 6685 6758 6768 6806 
#module 84 size: 93 bs: 0.233329
36 40 114 136 140 141 145 302 307 311 454 519 530 671 700 709 798 814 841 863 878 881 972 1005 1133 1148 1303 1573 1631 1664 1727 1793 1855 1942 1994 2108 2170 2174 2191 2404 2450 2517 2604 2633 2743 2773 2864 3094 3117 3121 3313 3357 3390 3576 3642 3789 4014 4080 4093 4249 4255 4297 4321 4329 4358 4360 4370 4385 4401 4568 4574 4971 5001 5070 5246 5266 5533 5605 5726 5840 5980 6031 6200 6260 6479 6526 6549 6613 6622 6633 6662 6804 6896 
#module 85 size: 46 bs: 0.83504
369 637 797 828 831 1067 1088 1285 1575 1615 1639 1699 2026 2175 2275 2292 2499 2535 2722 2785 2944 3285 3512 3777 3780 3871 3984 4105 4370 4413 4540 4608 4647 4865 5121 5163 5309 5434 5607 5628 5637 5741 6081 6132 6390 6608 
#module 86 size: 74 bs: 0.279082
18 225 274 380 426 480 662 723 762 799 810 812 902 963 1111 1125 1182 1219 1223 1281 1368 1381 1410 1507 1724 2164 2218 2249 2295 2359 2382 2533 2609 2636 2690 3021 3140 3195 3264 3310 3354 3387 3437 3438 3514 3524 3747 3836 3839 3952 4200 4505 4571 4736 4850 4856 5235 5265 5304 5335 5441 5563 5644 5814 5861 5915 6017 6117 6237 6258 6306 6698 6727 6730 
#module 87 size: 205 bs: 0.885537
10 25 67 69 86 94 143 167 223 229 246 337 381 406 434 441 476 512 518 541 563 702 711 717 756 773 803 816 852 917 923 1012 1024 1118 1147 1156 1238 1257 1263 1352 1362 1378 1386 1393 1567 1592 1676 1677 1687 1697 1733 1818 1869 1916 1957 2008 2032 2079 2159 2185 2187 2199 2215 2220 2243 2310 2331 2333 2341 2342 2343 2362 2369 2423 2470 2472 2485 2493 2515 2544 2563 2651 2671 2697 2706 2708 2732 2737 2755 2768 2786 2790 2823 2851 2855 2958 3024 3030 3052 3076 3084 3102 3109 3118 3144 3163 3193 3247 3259 3276 3290 3314 3327 3343 3452 3544 3596 3619 3622 3639 3674 3677 3683 3723 3743 3763 3867 3970 3972 4038 4045 4050 4059 4088 4131 4162 4300 4388 4490 4546 4562 4611 4622 4628 4645 4659 4680 4804 4909 4913 4946 5098 5185 5223 5232 5255 5272 5422 5424 5453 5477 5494 5534 5593 5606 5613 5627 5639 5642 5659 5671 5679 5693 5709 5792 5823 5836 5862 5874 5944 5955 5963 5966 6025 6082 6090 6104 6209 6211 6239 6250 6259 6320 6358 6383 6491 6493 6495 6505 6655 6667 6712 6843 6895 6916 
#module 88 size: 98 bs: 0.880269
22 57 140 141 145 176 206 292 409 413 422 459 830 878 915 984 1089 1133 1148 1303 1335 1405 1474 1580 1582 1615 1631 1727 1780 1816 1853 1900 1942 2108 2181 2235 2418 2667 2675 2714 2773 2818 2835 2857 3121 3305 3306 3379 3421 3431 3461 3692 3704 3737 3882 3887 4249 4297 4321 4329 4358 4360 4404 4526 4563 4608 4723 4789 4971 5076 5108 5131 5138 5200 5224 5246 5251 5322 5467 5601 5618 5666 5717 5735 5736 5798 5903 5980 6024 6095 6197 6234 6372 6504 6531 6562 6639 6769 
#module 89 size: 40 bs: 0.157537
297 683 703 904 905 1310 1598 1669 1736 1783 1996 2219 2440 2521 2797 3070 3177 3850 4060 4190 4339 4408 4473 4516 4552 4573 4619 4676 4970 5399 5419 5581 5781 5803 5805 6105 6112 6233 6343 6499 
#module 90 size: 81 bs: 0.982227
232 263 271 321 502 509 575 581 683 732 818 927 942 975 979 1059 1218 1299 1515 1606 1620 1727 1803 1822 1983 2087 2179 2206 2228 2440 2480 2481 2576 2704 2856 2889 2985 3002 3034 3073 3121 3376 3491 3571 3644 3664 3693 3748 3819 3903 3915 3982 3990 4060 4084 4094 4203 4230 4408 4454 4556 4603 4678 4836 5227 5528 5758 5841 5875 6056 6080 6105 6166 6503 6524 6526 6527 6581 6646 6807 6914 
#module 91 size: 45 bs: 0.26163
417 516 634 645 807 854 914 1066 1108 1158 1305 1326 1390 1411 1572 1641 1692 1947 2057 2080 2089 2972 2988 3341 3439 3457 3682 3855 3996 4122 4172 4191 4269 4517 4641 4697 4958 5672 5846 5850 6029 6272 6403 6600 6687 
#module 92 size: 15 bs: 0.916381
538 1305 1424 2802 3317 3590 3854 3888 4062 4202 4399 5038 5197 5587 6295 
#module 93 size: 36 bs: 0.490259
207 653 687 829 892 1176 1360 1443 1445 1479 1761 1820 1976 2070 2433 2510 3671 3737 3973 4025 4029 4159 4223 4494 4543 5143 5270 5405 5416 5545 5546 5714 5881 6238 6360 6533 
#module 94 size: 119 bs: 0.229081
125 157 162 377 428 602 607 688 722 754 778 830 929 941 977 1096 1207 1247 1252 1259 1264 1350 1352 1361 1398 1404 1413 1625 1632 1636 1700 1704 1777 1809 1815 1924 1958 1986 2098 2238 2385 2402 2491 2505 2555 2581 2635 2639 2669 2719 2731 2831 3014 3036 3042 3051 3074 3087 3234 3239 3473 3535 3563 3624 3643 3672 3759 3760 3916 3917 4032 4128 4153 4218 4261 4320 4491 4500 4539 4593 4637 4656 4658 4695 4716 4859 4908 4929 5058 5118 5145 5261 5350 5364 5406 5431 5505 5509 5590 5730 5761 5909 5926 5959 5981 6007 6150 6275 6293 6354 6491 6543 6577 6621 6695 6715 6724 6823 6907 
#module 95 size: 40 bs: 0.333449
35 408 558 570 716 933 1081 1425 1539 1685 1902 2059 2080 2155 2163 2289 2468 2637 2692 3045 3439 3750 3980 4174 4280 4334 4525 4691 4756 4766 4926 5263 5423 5697 5892 6303 6465 6722 6747 6773 
#module 96 size: 106 bs: 0.186804
100 171 254 419 449 471 473 598 660 687 694 734 796 893 900 940 993 1008 1013 1170 1206 1236 1288 1442 1584 1608 1675 1716 1828 1881 2084 2091 2528 2543 2552 2637 2656 2716 2798 2909 3029 3085 3101 3220 3300 3365 3457 3478 3517 3519 3545 3597 3712 3716 3732 3810 3821 3886 3897 3944 4118 4147 4204 4337 4364 4390 4453 4507 4667 4717 4837 4891 5055 5106 5273 5287 5314 5393 5420 5471 5481 5510 5520 5530 5535 5557 5609 5635 5791 5802 5878 5964 5965 6107 6282 6307 6363 6408 6447 6456 6569 6584 6610 6616 6683 6709 
#module 97 size: 58 bs: 0.867109
37 298 370 410 429 496 504 750 791 813 834 889 906 1008 1100 1104 1186 1264 1309 1369 1399 1740 1810 1815 1829 1944 1976 2037 2149 2322 2345 2467 2716 2807 3147 3399 3412 3471 3817 3994 4041 4102 4384 4595 4646 4851 4984 5658 5790 5957 5985 6001 6012 6225 6238 6249 6386 6796 
#module 98 size: 26 bs: 0.895648
189 859 1071 1253 1298 1420 1504 1532 1741 2147 2770 3150 3776 4024 4565 4584 4657 4844 4886 5095 5146 5183 5357 5674 5885 6398 
#module 99 size: 41 bs: 0.796786
313 416 576 697 1037 1138 1177 1251 1514 1601 1643 1663 1840 1859 2241 2405 2527 2602 2654 2668 3019 3114 3190 3201 3344 3668 4296 4449 4748 4765 4866 5105 5286 5529 5551 5819 5855 6047 6246 6394 6797 
#module 100 size: 64 bs: 0.921835
23 61 166 322 331 373 382 559 566 574 707 944 1016 1074 1078 1227 1334 1440 1459 1747 1808 1960 2066 2260 2353 2547 2565 2640 2683 2778 2788 2822 2829 2891 2945 3037 3200 3577 3918 3932 4035 4165 4187 4267 4371 4427 4702 4795 5080 5238 5271 5318 5548 5719 5782 6072 6159 6384 6459 6490 6649 6762 6840 6883 
#module 101 size: 22 bs: 0.711041
84 950 1077 1105 1165 1175 1202 1455 1594 2757 2870 2873 3007 3134 3436 3798 3827 4475 4633 5153 5715 6757 
#module 102 size: 94 bs: 0.778382
96 128 199 218 253 283 341 344 443 679 691 705 901 1043 1289 1376 1377 1383 1505 1526 1555 1563 1746 1796 1817 2022 2060 2130 2197 2211 2294 2439 2559 2575 2680 2687 2718 2763 2836 2893 2906 2950 3010 3107 3248 3374 3451 3585 3680 3698 3742 3767 3784 3805 3809 3822 3965 3971 4012 4014 4017 4063 4139 4241 4278 4528 4773 4893 5011 5018 5252 5280 5324 5387 5421 5454 5503 5584 5619 5718 5740 5752 5848 5887 6048 6263 6336 6483 6516 6582 6651 6668 6759 6910 
#module 103 size: 56 bs: 0.348817
134 173 211 249 495 750 879 987 1051 1172 1297 1323 1350 1461 1543 1611 1693 1794 1930 2033 2116 2212 2471 2771 3063 3155 3541 3566 3785 4439 4508 4649 4754 4790 4979 5063 5209 5242 5367 5490 5518 5544 5611 5651 5766 5801 5982 6098 6298 6395 6629 6644 6711 6858 6889 6913 
#module 104 size: 51 bs: 0.290585
28 71 163 494 498 522 690 737 966 1101 1131 1142 1331 1392 1457 1550 1623 2177 2427 2758 2968 3086 3205 3238 3244 3328 3353 3401 3555 3641 3703 3801 4039 4064 4289 4945 5002 5179 5226 5239 5339 5495 5521 5777 6003 6296 6472 6571 6649 6833 6877 
#module 105 size: 38 bs: 0.865825
66 548 618 667 883 968 988 1092 1094 1314 1434 1585 1721 1923 1941 2178 2267 2308 2316 2742 3086 3289 3569 4130 4193 4294 4405 4455 4830 5022 5187 5278 5626 5734 5769 6027 6131 6595 
#module 106 size: 1 bs: 1
6550 
#module 107 size: 1 bs: 1
611 
#module 108 size: 1 bs: 1
5547 
#module 109 size: 1 bs: 1
4140 
#module 110 size: 1 bs: 1
2606 
#module 111 size: 1 bs: 1
6897 
#module 112 size: 1 bs: 1
1812 
#module 113 size: 1 bs: 1
4416 
#module 114 size: 1 bs: 1
4135 
#module 115 size: 1 bs: 1
4217 
#module 116 size: 1 bs: 1
6153 
#module 117 size: 1 bs: 1
4070 
#module 118 size: 1 bs: 1
6224 
#module 119 size: 1 bs: 1
5597 
#module 120 size: 1 bs: 1
5856 
#module 121 size: 1 bs: 1
3157 
#module 122 size: 1 bs: 1
1904 
#module 123 size: 1 bs: 1
882 
#module 124 size: 1 bs: 1
640 
#module 125 size: 1 bs: 1
1802 
#module 126 size: 1 bs: 1
6291 
#module 127 size: 1 bs: 1
2085 
#module 128 size: 1 bs: 1
4091 
#module 129 size: 1 bs: 1
2593 
#module 130 size: 1 bs: 1
6811 
#module 131 size: 1 bs: 1
6010 
#module 132 size: 1 bs: 1
5033 
#module 133 size: 1 bs: 1
1403 
#module 134 size: 1 bs: 1
2283 
#module 135 size: 1 bs: 1
3462 
#module 136 size: 1 bs: 1
1137 
#module 137 size: 1 bs: 1
5566 
#module 138 size: 1 bs: 1
1561 
#module 139 size: 1 bs: 1
4627 
#module 140 size: 1 bs: 1
3554 
#module 141 size: 1 bs: 1
4639 
#module 142 size: 1 bs: 1
92 
#module 143 size: 1 bs: 1
5577 
#module 144 size: 1 bs: 1
4246 
#module 145 size: 1 bs: 1
850 
#module 146 size: 1 bs: 1
5728 
#module 147 size: 1 bs: 1
3043 
#module 148 size: 1 bs: 1
5744 
#module 149 size: 1 bs: 1
2034 
#module 150 size: 1 bs: 1
3044 
#module 151 size: 1 bs: 1
4650 
#module 152 size: 1 bs: 1
2700 
#module 153 size: 1 bs: 1
250 
#module 154 size: 1 bs: 1
2512 
#module 155 size: 1 bs: 1
4295 
#module 156 size: 1 bs: 1
5779 
#module 157 size: 1 bs: 1
5064 
#module 158 size: 1 bs: 1
4930 
#module 159 size: 1 bs: 1
3845 
#module 160 size: 1 bs: 1
103 
#module 161 size: 1 bs: 1
2970 
#module 162 size: 1 bs: 1
2805 
#module 163 size: 1 bs: 1
3728 
#module 164 size: 1 bs: 1
5755 
#module 165 size: 1 bs: 1
4290 
#module 166 size: 1 bs: 1
6415 
#module 167 size: 1 bs: 1
4046 
#module 168 size: 1 bs: 1
6054 
#module 169 size: 1 bs: 1
3961 
#module 170 size: 1 bs: 1
3425 
#module 171 size: 1 bs: 1
3912 
#module 172 size: 1 bs: 1
612 
#module 173 size: 1 bs: 1
5003 
#module 174 size: 1 bs: 1
758 
#module 175 size: 1 bs: 1
2959 
#module 176 size: 1 bs: 1
6402 
#module 177 size: 1 bs: 1
5444 
#module 178 size: 1 bs: 1
5921 
#module 179 size: 1 bs: 1
2274 
#module 180 size: 1 bs: 1
2971 
#module 181 size: 1 bs: 1
4244 
#module 182 size: 1 bs: 1
2976 
#module 183 size: 1 bs: 1
6120 
#module 184 size: 1 bs: 1
6085 
#module 185 size: 1 bs: 1
346 
