867	882	549	769	192	737	640	875	1140	544	537	407	974	214	396	576	262	600	732	704	595	1267	402	299	372	717	1149	277	349	806	627	917	91	792	525	457	615	628	810	304	999	298	676	124	35	997	633	1373	565	753	931	908	868	366	569	456	244	245	1296	1294	521	100	532	332	336	334	310	106	591	647	
257	454	684	467	256	141	56	339	786	131	718	381	761	465	1282	460	187	651	225	901	645	1218	406	891	869	346	363	170	694	78	411	90	451	223	998	459	758	920	667	713	382	443	128	249	1271	541	799	398	596	930	843	906	581	733	34	196	1170	1216	602	234	329	598	351	698	342	821	52	657	315	306	427	307	726	1078	1031	1333	121	918	296	199	122	804	871	376	333	321	720	139	675	416	914	
937	117	695	364	49	76	270	825	108	543	682	370	762	1325	198	545	539	1013	146	960	674	529	975	1064	1308	1285	1001	1086	989	377	854	1368	1342	983	129	919	802	392	280	354	752	884	68	461	235	723	747	956	87	331	229	809	660	206	422	186	604	727	748	932	62	550	86	858	387	774	553	889	63	216	12	80	929	379	327	288	92	1253	308	158	264	844	954	1071	1352	852	303	88	1150	593	797	1093	861	65	1275	401	1007	1356	709	776	251	292	886	872	1190	763	279	1058	511	958	
410	24	904	1136	572	1033	1141	524	1021	680	558	860	1006	371	592	770	654	22	1132	1177	1015	353	166	850	976	1142	1099	948	276	295	555	892	153	1028	679	424	842	337	126	283	313	756	144	53	687	564	1228	771	903	1016	1321	833	939	834	1339	447	33	583	795	1008	1273	197	272	554	1217	911	574	562	367	241	150	535	822	439	109	474	220	952	6	811	571	1284	157	1354	560	832	101	1219	201	95	442	189	358	278	711	855	26	629	476	82	597	120	70	397	1115	1053	224	578	355	497	921	885	152	656	1040	533	356	164	57	857	417	933	156	712	1272	341	133	773	648	123	59	458	735	384	1362	1202	449	167	261	963	79	1376	585	789	607	1277	162	699	233	805	764	309	273	736	31	744	324	
136	378	51	662	134	745	877	483	184	814	58	145	361	689	463	618	237	538	620	260	5	800	559	603	210	966	540	672	452	54	471	345	27	520	433	168	1018	218	635	211	69	374	314	812	312	373	140	673	316	490	119	230	263	608	250	1349	440	148	980	829	1276	238	347	428	438	888	475	1112	275	1043	491	928	1302	1372	714	1029	1223	910	391	227	81	678	984	575	107	819	836	567	666	1009	67	866	621	385	1127	801	632	350	25	1022	1000	820	734	96	552	784	1025	957	468	1338	
147	796	1121	1240	388	683	177	338	75	655	722	446	893	970	408	151	290	895	896	663	23	664	383	996	849	636	587	688	631	702	450	881	462	830	755	912	252	409	1334	1246	1017	193	359	368	568	831	135	556	969	2	
473	254	601	330	909	730	102	671	357	653	236	526	798	823	790	228	
466	287	258	949	740	985	176	232	195	190	115	222	289	874	30	163	580	221	
127	394	530	55	
322	616	512	165	72	
