#module 0 size: 3 bs: 0.000502782
2803 3213 10566 
#module 1 size: 6 bs: 0.0563468
3029 5165 6279 8033 8836 9882 
#module 2 size: 5 bs: 0.00661102
3663 6068 10245 10699 10853 
#module 3 size: 3 bs: 8.4861e-12
1263 7237 7705 
#module 4 size: 3 bs: 0.0123676
2642 6096 7639 
#module 5 size: 3 bs: 0.0635472
6583 8568 8979 
#module 6 size: 4 bs: 0.0114341
3529 3636 3817 10910 
#module 7 size: 3 bs: 0.00496238
2602 3728 7040 
#module 8 size: 3 bs: 3.88578e-14
2416 3011 11535 
#module 9 size: 3 bs: 0.0285912
4996 6711 9745 
#module 10 size: 5 bs: 0.902069
3423 3833 3974 6457 8123 
#module 11 size: 5 bs: 0.221264
3624 4035 6380 8877 9006 
#module 12 size: 4 bs: 0.474745
1842 3801 5538 10544 
#module 13 size: 4 bs: 0.925498
1089 6812 7866 9224 
#module 14 size: 4 bs: 0.436978
5557 6538 7464 8281 
#module 15 size: 5 bs: 0.804062
6144 6863 8635 9852 10717 
#module 16 size: 5 bs: 0.620167
1501 2537 6098 6593 8688 
#module 17 size: 7 bs: 0.58527
3744 4361 4697 6528 6751 7141 7696 
#module 18 size: 5 bs: 0.229941
1466 6707 9755 10783 11224 
#module 19 size: 4 bs: 0.122147
6300 6627 6934 9359 
#module 20 size: 5 bs: 0.46604
6138 7027 7699 10636 12782 
#module 21 size: 4 bs: 0.698887
6879 7998 8378 11550 
#module 22 size: 7 bs: 0.755677
6 966 4273 5239 7681 12077 12661 
#module 23 size: 38 bs: 1.05333
1269 1289 1383 1631 1668 2260 2718 2815 2852 3309 3378 3766 4031 4162 4281 4803 4823 4962 5012 5482 5556 6216 6559 6770 7090 7422 7662 7879 8135 8312 8449 8704 10038 10163 10929 11220 11342 11519 
#module 24 size: 7 bs: 0.391302
5092 7190 7305 7838 8361 8948 11361 
#module 25 size: 59 bs: 0.324093
865 926 1230 1697 1985 2090 2177 2435 2616 2700 2850 2851 3026 3181 3185 3213 3684 3827 4209 4726 4727 4733 4768 4941 5480 5697 5710 5881 5946 6485 6612 6945 6965 6974 7023 7160 7441 7460 7486 7644 7721 7813 7977 8208 8269 8390 8653 9044 9161 9185 9623 9793 10213 10430 10468 10591 10730 10860 11067 
#module 26 size: 4 bs: 0.814782
70 1055 1198 3970 
#module 27 size: 6 bs: 0.889006
1220 4230 7265 8933 9093 10311 
#module 28 size: 4 bs: 0.43977
3658 6021 8977 9276 
#module 29 size: 13 bs: 0.849188
2653 3510 3869 4942 5611 9371 9390 9551 9669 9806 9925 11501 12228 
#module 30 size: 11 bs: 0.768498
802 942 1321 3358 4000 5298 5377 7025 8603 10225 10859 
#module 31 size: 10 bs: 0.342662
957 3846 3963 5787 7123 7458 7463 8832 9241 9368 
#module 32 size: 14 bs: 0.979664
1484 2583 5045 5284 5737 5833 6562 6582 6754 7259 7737 10020 10073 10805 
#module 33 size: 13 bs: 0.340373
1103 3061 3328 4862 5152 5816 6298 6396 7081 7435 7884 8352 8412 
#module 34 size: 6 bs: 0.579446
1931 2824 4534 6855 8324 10631 
#module 35 size: 19 bs: 0.606092
972 1520 3627 3638 4736 4794 5217 6203 6256 6386 6830 7694 8335 8976 9098 9727 10564 10813 11371 
#module 36 size: 10 bs: 0.404748
2808 2838 3009 7178 7410 9408 9702 11369 11657 12644 
#module 37 size: 23 bs: 0.583786
50 760 2398 2983 3429 3522 4216 4776 5000 5414 6044 6665 7108 7566 8260 8967 9444 9558 10044 10647 10729 10811 10865 
#module 38 size: 27 bs: 0.378507
42 2318 2498 2613 2759 3395 3656 3679 5047 5401 5581 6142 6495 6922 7012 7129 7206 7719 7984 8057 8606 8637 9409 10526 10645 11453 11932 
#module 39 size: 37 bs: 0.903455
766 1725 2157 2158 2513 2765 2902 3054 4452 4680 4720 5133 5359 5486 5631 5808 6311 6411 6578 7604 7714 8660 8935 9099 9182 9741 10103 10115 10275 10396 10947 11115 11230 11699 11949 12158 12510 
#module 40 size: 66 bs: 0.598646
867 1234 1277 1379 1830 2012 2204 2222 2409 2427 2471 2679 2715 2874 2877 2953 3082 3153 3319 3405 3910 4087 4519 4541 4562 4600 4660 4679 5061 5249 5443 5451 5640 5925 5980 6051 6088 6198 6226 7043 7064 7282 7361 7617 7912 8158 8511 9250 9273 9294 9394 9521 9526 9586 9667 9694 9888 10228 10441 10518 10583 11239 11411 11442 11571 12429 
#module 41 size: 21 bs: 0.466477
1847 1912 3247 3452 3780 4132 4659 5534 6431 8037 8217 8455 9625 9678 9707 9938 10605 10692 10700 10809 13010 
#module 42 size: 27 bs: 0.435553
815 1024 1563 2473 2971 3092 3979 4256 4420 4603 5568 5854 6409 6679 7095 7228 7648 7732 7735 7913 9169 9320 9357 9758 10718 11380 12870 
#module 43 size: 5 bs: 0.128448
4307 5278 5299 6937 9714 
#module 44 size: 13 bs: 0.336495
906 1121 2207 2253 4051 4231 4255 4347 4382 4651 5043 9662 9766 
#module 45 size: 52 bs: 1.0246
76 785 850 897 1009 1398 2060 2114 2278 2321 2458 2529 2763 2822 2875 3154 3163 3175 3236 3509 3746 4005 4113 4304 4460 4725 4739 4795 4844 5463 5526 5937 6292 6709 6725 6781 6826 7335 7723 7919 8271 8828 9080 9270 9449 9619 9836 10054 10303 10481 10735 11161 
#module 46 size: 171 bs: 1.07549
4 883 913 915 1006 1136 1322 1499 1528 1549 1557 1596 1619 1634 1655 1667 1717 1733 1863 1952 1982 2053 2089 2101 2124 2270 2361 2397 2453 2479 2501 2505 2659 2691 2744 2758 2835 2861 2958 2968 2980 3060 3147 3249 3265 3363 3383 3391 3459 3469 3495 3556 3687 3829 3835 3841 3933 3978 3986 4044 4091 4223 4254 4287 4370 4398 4399 4408 4417 4470 4548 4565 4630 4654 4668 4732 4837 4960 4993 5030 5041 5064 5091 5110 5142 5194 5231 5318 5334 5452 5458 5555 5587 5609 5639 5664 5708 5714 5742 5748 5768 5815 6217 6253 6262 6317 6329 6374 6390 6392 6600 6690 6817 6822 6847 6866 6928 7199 7578 7610 7641 7642 7645 7907 7932 7936 7960 8008 8040 8086 8148 8309 8351 8421 8441 8476 8584 8590 8601 8878 9002 9145 9268 9322 9343 9375 9427 9453 9544 9546 9566 9649 9868 9998 10049 10077 10202 10277 10404 10461 10543 10581 10862 11256 11261 11372 11393 11405 11695 11708 12495 
#module 47 size: 22 bs: 0.26064
1014 1057 1508 2202 2213 4921 4922 4958 4970 5707 6070 6160 6239 7233 7367 7568 9024 9250 9792 10130 10583 10620 
#module 48 size: 8 bs: 0.261006
2685 3518 3792 6163 6199 8707 9851 10023 
#module 49 size: 63 bs: 0.84786
1031 1178 1464 1702 2241 2260 2347 2705 3033 3309 3355 3977 4029 4110 4247 4336 4456 4515 4528 4825 5012 5182 5233 5332 5341 5482 5530 5600 5701 6216 6356 6384 6458 6770 6932 7008 7077 7662 7685 7710 7837 8099 8296 8449 8602 8763 9057 9193 9484 9553 9650 9754 9971 9980 10014 10051 10359 10515 10584 10712 11220 11266 11364 
#module 50 size: 36 bs: 0.663196
822 845 1311 1474 1541 1813 2665 2723 2789 2804 2891 3045 3281 4429 4665 5051 5442 5979 6202 6250 7105 7427 7501 7623 7865 8074 8356 8553 8747 8998 9255 9491 9708 10083 10332 10999 
#module 51 size: 27 bs: 0.165072
51 886 1066 1091 1353 2026 2396 2469 2957 3087 3160 3586 4246 4642 4919 5255 5476 5861 6798 8586 8984 9101 9305 10224 10402 10457 12683 
#module 52 size: 60 bs: 0.184858
12 781 1380 1392 1495 1589 1705 1780 1818 1938 2482 2494 2549 2650 2729 3170 3616 4072 4169 4173 4228 4509 4521 4943 5070 5081 5162 5562 5579 5758 5769 6265 7135 7146 7158 7380 7677 7886 8364 8644 8774 8876 9121 9148 9205 9208 9814 9849 9935 10136 10369 10433 10593 10634 10720 11140 11268 11664 12882 12889 
#module 53 size: 48 bs: 0.910332
13 759 825 1010 1033 1748 1808 1833 1924 2032 2148 2781 2859 3024 3144 3161 3613 3809 3830 3893 4031 4143 4297 4380 4928 4947 4969 5093 5426 5852 5869 6418 6741 7104 7328 7797 8258 8570 8686 9071 9308 9327 9503 9720 10143 10222 11223 12782 
#module 54 size: 53 bs: 0.55169
22 847 1038 1181 1256 1378 1669 1904 1964 2420 2520 2994 3221 4146 4453 4552 4677 4843 4899 5094 5188 5466 5818 5890 5973 6111 6236 6271 6951 7074 7128 7243 7377 7439 7500 7683 7857 7927 8227 8434 8618 8926 9183 9231 9633 9772 10211 10289 10448 10551 10678 10854 12992 
#module 55 size: 24 bs: 0.443288
72 1045 1346 2030 2353 2407 2470 3103 3573 4137 4315 4341 5400 6531 6533 6736 6954 7982 8630 9277 9512 9838 10769 11415 
#module 56 size: 57 bs: 0.928402
994 1292 1441 1496 1966 2532 2631 3015 3027 3059 3115 3210 3339 3390 3464 3554 4363 4701 5459 5497 5542 5694 5743 5764 5778 5801 6047 6090 6192 6498 6698 6763 6830 6914 6935 7085 7102 7184 7708 8021 8109 8186 8241 8723 8854 9027 9209 9350 9640 9750 9809 9873 10104 10514 10610 10632 11145 
#module 57 size: 62 bs: 0.937952
795 1119 1188 1431 1864 1974 2084 2193 2457 2542 2573 3527 3622 3760 3950 3982 4210 4237 4499 4764 4876 4881 4882 5323 5479 5505 5522 5628 5804 5864 5951 6133 6197 6206 6302 6537 7094 7383 7384 7744 7792 7888 8038 8245 8316 8327 8575 9541 9768 9771 9846 9893 10133 10329 10791 10814 11073 11096 11656 12685 12950 13055 
#module 58 size: 56 bs: 0.798767
53 79 894 1065 1257 1775 1824 1851 2353 2531 2558 2732 2746 2747 2845 3036 3135 4039 4166 4308 4310 4389 4840 4944 5400 5483 5529 5779 5783 5850 5891 6331 6533 6795 6889 6917 7198 7429 8144 8210 8405 8550 8703 8725 8983 8985 9472 9864 10293 10455 10565 10844 10907 10931 11099 11395 
#module 59 size: 28 bs: 0.755074
891 1128 1147 1337 2025 2339 2903 3076 3767 3988 4710 5167 5448 6316 6492 7621 7676 7881 7992 8203 8385 9291 9442 9712 9872 10066 10947 12590 
#module 60 size: 38 bs: 0.17938
1109 1463 1607 1855 2170 2182 2648 3266 3725 3751 3785 4741 4778 4995 5207 5814 5956 6129 6259 6343 7245 7618 7627 7954 8389 8459 8483 9608 9629 9829 9874 9993 10066 10206 10379 10516 11208 11541 
#module 61 size: 21 bs: 0.545446
945 1168 1243 1815 1847 2816 2844 2996 3012 3019 3536 4920 5058 6134 6230 6303 6423 7314 8445 10248 10318 
#module 62 size: 9 bs: 0.709232
1421 1679 2560 4107 4217 7976 10247 10470 10920 
#module 63 size: 50 bs: 0.802746
57 1061 1189 1191 1350 1704 1801 1876 1888 2035 2134 2335 2662 2964 3049 3401 3442 3497 3765 3794 3834 4074 4222 4397 4525 4570 4622 4775 5003 5127 5277 5372 5434 5658 5997 6419 6543 6765 7153 7175 7502 7726 7884 7966 7971 8010 8190 8216 8709 10053 
#module 64 size: 18 bs: 1.00643
1319 1986 3701 3995 4401 4842 4896 6333 6804 6871 6993 7048 7646 8715 9540 9590 10603 10701 
#module 65 size: 39 bs: 0.789353
1348 1963 2302 2313 2811 3451 3992 4067 4184 4192 4395 4503 4562 4622 4637 4682 4931 5380 5751 5989 6323 6361 6968 7173 7596 7606 7980 8011 8141 8555 8670 8784 9660 9840 9871 11400 11883 12170 12995 
#module 66 size: 27 bs: 0.524998
28 1010 1335 1620 1862 2787 3117 3659 3802 4480 5321 5525 5899 5943 6357 6370 6526 6915 7847 7893 8325 8478 9304 10107 10121 10371 11207 
#module 67 size: 42 bs: 1.05811
991 1444 1786 1790 2341 2346 2372 2942 3024 3560 3905 4104 4140 4259 4301 4400 4414 4459 4809 5719 6169 6270 6534 7511 7536 7709 7981 8091 8371 8575 8673 8738 8845 9020 9068 9172 9900 10452 10887 11128 12494 13065 
#module 68 size: 28 bs: 0.268645
892 1108 1725 2159 2173 2297 2449 2789 2866 2913 2918 3186 5532 5808 6411 6578 6619 6853 7538 7798 8199 8250 8660 9186 9257 10600 11230 11949 
#module 69 size: 29 bs: 0.642514
866 1014 1504 2223 2886 3001 3006 3037 4959 5246 5878 6594 6958 6966 7073 7147 7282 7589 7661 7796 8679 8748 9086 9361 9526 10444 10771 10847 12885 
#module 70 size: 19 bs: 0.775928
1034 2792 4116 4302 5158 5407 5548 5718 6006 6274 7034 7746 7977 8360 8610 9166 9803 9964 10179 
#module 71 size: 36 bs: 0.867891
1382 1571 1970 2140 3155 3172 3312 3433 3449 3710 3847 3934 4283 4751 4916 5007 5222 5478 5811 5873 6083 6687 6760 7697 7946 8270 8829 8842 8889 9614 9753 9920 10003 10164 10343 10952 
#module 72 size: 29 bs: 0.988833
914 1162 1362 1427 1435 1729 2509 2564 2789 2819 3661 3666 3748 4019 4265 4647 4797 4863 5492 7230 7762 7868 8155 8348 9278 9608 9765 10999 12573 
#module 73 size: 6 bs: 0.621406
1018 4350 5872 8963 10360 10961 
#module 74 size: 6 bs: 0.513227
2444 6033 7271 7295 7996 10651 
#module 75 size: 15 bs: 0.518492
1104 3031 3517 3845 4001 4167 5890 6176 7475 9142 9243 9425 10176 10290 12690 
#module 76 size: 19 bs: 0.585989
2465 2867 3089 4061 4573 4982 5150 5263 5484 7482 8145 8388 8474 9288 10270 10621 10745 10979 12813 
#module 77 size: 13 bs: 1.01359
3206 3409 3540 3822 4322 4746 7219 7415 7549 9508 9948 10668 11009 
#module 78 size: 7 bs: 0.908005
1180 2389 4836 4992 5086 8311 11419 
#module 79 size: 36 bs: 1.00332
980 1021 1087 1422 1662 1908 2188 2246 2433 2461 2786 2795 2797 2842 4372 4580 4864 4908 5037 5121 5178 5191 5255 5319 5666 6118 6567 8129 8392 8749 9177 9672 9694 9870 9949 10172 
#module 80 size: 32 bs: 0.353484
962 1026 1639 1652 1781 2592 3427 3436 3582 4379 5375 5606 5896 5931 6175 6523 6564 6945 7540 7706 8891 9107 9603 9656 10052 10097 10132 10338 10703 11123 11206 11625 
#module 81 size: 34 bs: 0.351136
1300 2115 2423 2450 2734 3234 3277 3375 3564 3584 3848 4391 4627 4895 4957 5947 5961 5969 6909 7572 7937 8060 8953 9149 9549 9601 9688 9744 9978 10050 10122 10772 11079 11194 
#module 82 size: 57 bs: 0.11777
1090 1439 1522 1563 1576 1685 1758 1867 2439 2566 2686 2864 2890 2999 3309 3341 3533 3837 4029 4456 4560 4582 4814 5166 5189 5270 5363 5398 5437 5568 5600 5698 6194 6218 6884 7648 7671 7944 8062 8234 8284 8448 8556 8613 8848 9057 9134 9298 9370 9402 9929 10056 10833 11095 11576 12635 12870 
#module 83 size: 68 bs: 0.977732
5 10 851 996 1023 1492 1599 1646 1656 1737 1810 1841 1904 1905 2152 2165 2183 2245 2311 2554 2578 2707 3056 3276 3584 3699 3739 3934 3949 4037 4636 5144 5260 5420 5466 5738 5862 5907 6515 6521 6574 6689 6851 6924 7026 7165 7267 7565 7683 7692 7888 8154 8285 8300 8379 8395 9164 9331 9389 9459 9553 9753 10122 10215 10579 10633 11168 11342 
#module 84 size: 51 bs: 0.620694
807 870 1381 1750 1904 2031 2227 2647 3008 3050 3296 3342 3602 3993 4057 4362 4378 4465 4677 5310 5364 5411 5466 5686 5734 6079 6236 6313 6521 6787 6808 6954 6985 7156 7683 7836 8130 8551 8618 8622 9075 9468 9757 9923 10078 10319 10746 10780 11136 12523 12977 
#module 85 size: 51 bs: 0.468319
960 1195 1237 1444 1498 1905 2338 2346 2491 2760 2868 2915 3067 3473 3592 3883 4142 4156 4384 4579 4764 4805 4904 5201 5479 5522 5535 5745 5903 5968 6206 7888 8024 8091 8575 8711 8738 8782 8793 8845 9020 9092 9192 9241 9802 9828 9944 10137 10282 10858 10886 
#module 86 size: 24 bs: 0.121229
2344 2768 2778 4055 4938 5433 5901 5942 6288 6469 6601 6701 6720 7122 7214 7446 8510 8872 9336 9709 10063 10151 10219 10932 
#module 87 size: 42 bs: 0.919948
1097 1321 1338 1537 1583 1734 1899 2110 2184 2429 2620 3182 3254 3609 3691 3980 4563 4856 4871 4956 5387 5401 5749 5883 6304 6399 6506 6743 6828 6861 7019 7157 7967 8220 8222 8608 9445 9500 9824 9873 10038 10381 
#module 88 size: 74 bs: 0.600724
778 830 1101 1113 1218 1221 1283 1429 1590 1818 1920 1954 1971 2373 2395 2549 2941 2952 3245 3357 3501 3534 3715 4032 4064 4249 4526 4615 4874 4953 5279 5361 5382 5643 6172 6511 6686 6712 7007 7016 7055 7111 7215 7320 7842 8037 8058 8125 8133 8171 8174 8180 8315 8343 8390 8527 8909 9104 9775 9965 10323 10427 10504 10743 10904 11022 11107 11201 11581 11705 12006 12642 12896 12902 
#module 89 size: 45 bs: 0.978672
774 1519 1612 2137 2475 3128 3173 3554 3557 3757 4020 4360 4621 4642 5296 5430 5497 5502 5622 5889 6007 6117 6835 6931 7810 7935 7992 8051 8182 8661 8720 8837 8951 9238 9585 9709 9830 10062 10102 10196 10420 11119 11169 11214 11453 
#module 90 size: 41 bs: 0.628261
55 898 1201 1229 1543 1652 1767 1948 2145 3010 3249 3649 4025 4159 4277 4329 4742 5082 5101 5275 5839 5912 6049 6488 6545 6946 7371 7524 7580 7622 7833 8341 8348 8354 8492 8994 9499 10214 11210 12297 12860 
#module 91 size: 23 bs: 0.352283
1222 1280 1394 1557 1616 2099 2228 2257 2517 2660 2927 4781 4886 5429 5608 6996 7223 8639 8856 9203 9966 10125 10398 
#module 92 size: 31 bs: 0.994445
57 1318 1784 1907 2095 2311 3114 3268 3290 3862 4966 5138 5614 5842 6041 6157 6214 6358 6410 6472 6746 6769 6839 6857 7191 7509 7648 7926 8254 9756 9906 
#module 93 size: 25 bs: 0.512724
1262 2485 2508 2551 3286 3924 4054 4586 5268 5477 5868 5869 6414 6425 6430 6597 7060 7852 7982 8235 8592 10855 10871 10992 11245 
#module 94 size: 42 bs: 0.545336
932 962 1102 1652 1873 3228 3427 3430 3568 4215 4496 4646 4798 4857 4933 5169 5447 5606 5647 5767 5849 6180 6862 6872 6945 7486 7512 7643 8002 8286 8350 8726 8788 9107 9875 10132 10259 10703 10872 11074 11643 11660 
#module 95 size: 41 bs: 0.624828
1172 1295 1760 1901 1914 2148 2175 2360 2636 3058 3087 3203 3204 3392 3538 3591 3898 4079 4374 4569 4812 4923 5087 5735 6130 6492 6903 7330 7366 8243 8390 8498 8696 8755 9123 9299 9513 10105 10143 10258 13019 
#module 96 size: 48 bs: 0.111721
8 1544 1580 1804 2057 2184 2778 3035 3268 3331 3414 4001 4783 5014 5439 5481 5559 5716 5741 5764 5924 5926 5942 6201 6241 6472 6494 6581 6601 6873 7186 7396 8104 8153 8156 8163 8176 8209 8222 8665 8874 9632 9659 9709 10026 10218 10755 11006 
#module 97 size: 46 bs: 0.403453
1550 1586 1837 1887 1930 1951 3043 3475 3793 3819 4511 4535 4731 4811 4822 4902 4970 6637 6638 6705 6970 7115 7750 7889 7950 8172 8450 8523 8768 9011 9210 9489 9568 9607 10011 10046 10189 10372 10486 10488 10576 10707 10747 10965 11114 12492 
#module 98 size: 66 bs: 0.479775
1081 1593 1613 1692 1712 1789 2067 2139 2263 2265 2669 2713 2883 2950 3543 3588 3603 3736 3790 3835 3996 4006 4199 4211 4340 4438 4655 4821 4873 5248 5349 5508 5555 5595 5762 5770 5831 5898 5910 6023 6332 6473 6577 6920 6976 6989 7131 7230 7244 7272 7462 7701 7758 7914 7930 8110 8672 8938 9982 10175 10407 10534 10643 10795 10879 10922 
#module 99 size: 30 bs: 0.554656
879 1071 1193 1297 1583 1670 1892 2031 2459 2506 3342 3831 4057 4910 4946 5291 5462 6375 7260 7370 8015 8146 8277 8491 9047 9547 9635 10129 10469 10531 
#module 100 size: 30 bs: 0.1285
1558 1602 2304 2969 3808 3811 3935 4272 5728 6046 6113 6181 6301 6931 7211 7454 7602 7682 7747 7770 8113 8305 8856 9179 9496 9528 9854 10618 10628 10808 
#module 101 size: 24 bs: 0.868818
1217 1273 1410 2391 2515 2772 3187 3222 3417 3604 3945 4096 4729 5073 6483 6654 7137 7718 7947 8112 9079 9311 10149 10788 
#module 102 size: 33 bs: 1.066
1465 1569 1645 1769 2617 3151 3745 4236 4696 4913 5072 5352 5592 6061 6114 6624 6864 6921 6985 7036 7239 7332 7760 7988 8404 8924 8962 9463 10116 10272 10439 10536 11649 
#module 103 size: 26 bs: 0.92668
1000 1336 1409 2202 2301 2308 3338 4052 4100 4643 4903 4968 5237 5820 6109 6648 7168 7584 7638 8306 8780 9737 10148 10875 10982 11232 
#module 104 size: 26 bs: 0.35826
823 1395 1633 1891 2027 2166 2432 2504 3904 4557 4984 5109 6213 6308 7187 7575 7615 7655 8950 9338 9819 10029 10203 10582 10757 10881 
#module 105 size: 84 bs: 0.456631
811 869 1040 1043 1143 1177 1239 1359 1526 1592 1653 1749 1753 1756 1798 1836 1939 2034 2568 2681 2720 2726 2914 3118 3157 3218 3425 3595 3648 3758 3769 3854 3964 3967 4004 4070 4096 4220 4224 4270 4327 4365 4431 5046 5053 5144 5185 5404 5435 5733 5807 5871 6029 6139 6441 6516 7017 7045 7152 7212 7451 7715 7870 7931 8849 8915 9171 9284 9342 9348 9912 9961 10045 10273 10282 10336 10662 10842 10886 11106 11121 11245 11338 12933 
#module 106 size: 83 bs: 0.573377
15 873 958 1005 1176 1414 1608 1684 1718 1759 1810 1927 1995 3389 3445 3594 3936 3938 4034 4147 4267 4316 4636 4664 4769 4771 5285 5357 5519 5613 5642 5773 5806 6103 6401 6641 6999 7339 7379 7456 7530 7565 7657 8044 8161 8409 8493 8607 8683 8797 8799 8940 9000 9536 9610 9612 9624 9724 9773 9970 10041 10382 10460 10508 10671 10692 10705 10756 10775 10801 10804 10836 10863 11097 11107 11164 11465 11962 12447 12700 12891 12905 12982 
#module 107 size: 57 bs: 0.4842
767 782 886 899 955 1902 2058 2169 2230 2392 2415 2511 2636 2796 2847 2850 2851 2894 2951 2957 2970 3030 3160 3204 3351 4106 4278 4663 4737 4756 4787 6101 6185 6233 6289 7585 8252 8506 8895 9199 9230 9254 9305 9369 9436 9523 9655 9801 9845 9883 10072 10084 10384 10843 10872 11070 11216 
#module 108 size: 26 bs: 0.748713
764 854 1642 2338 2571 2624 2718 2806 3046 3503 3702 4156 5012 5104 5750 6524 6730 7024 8268 8745 9818 10142 10295 10682 11003 11220 
#module 109 size: 48 bs: 0.794331
901 1144 1644 1731 1898 2086 2435 2477 2526 2907 2928 3192 3477 3478 3742 4045 4354 4394 4553 4882 5065 5564 5621 5733 5881 6009 6207 6542 6677 6750 6793 6974 7264 7378 7441 7600 7721 7830 8017 8580 8582 8790 9134 9991 10730 10989 11025 11611 
#module 110 size: 78 bs: 0.363747
806 1072 1208 1240 1468 1751 1891 1973 2023 2186 2283 2351 2432 2516 2579 3150 3646 3734 4016 4102 4134 4170 4218 4457 4566 4772 4901 4945 4984 5160 5308 5552 5566 5691 5712 5824 6152 6209 6213 6312 6348 6453 6468 6610 6724 6784 6841 7103 7167 7193 7207 7338 7573 7615 7727 7858 7917 8528 8756 8820 8862 9041 9066 9162 9318 9338 9545 9609 9671 9821 10029 10123 10166 10187 10366 10380 10527 11163 
#module 111 size: 56 bs: 0.491958
21 872 1169 1277 1422 1552 1648 1895 1929 2069 2105 2132 2273 2370 2766 2858 2888 2944 3196 3291 3683 3860 4377 4600 4745 4839 4865 4915 4973 4979 5475 5612 5670 6024 6293 6639 6646 6799 6980 7110 7504 7522 7628 7634 8435 8511 8558 9021 9032 9548 9955 9989 10007 10415 11146 11572 
#module 112 size: 66 bs: 1.03135
52 76 792 1017 1019 1106 1279 1545 1586 1887 2104 2393 2415 2467 2634 2769 2831 2841 2884 2967 3042 3068 3084 3362 3412 3443 3647 3886 4392 4672 4728 4835 4970 5289 5633 5976 6128 6155 6307 6338 6407 6633 6709 6725 6979 7114 7163 7514 7581 8373 8596 9143 9214 9367 9513 9559 9604 10389 10620 10666 10688 10918 11130 11160 12595 12944 
#module 113 size: 84 bs: 0.659239
39 67 1068 1268 1288 1291 1374 1561 1604 1605 1736 1778 1791 1860 1917 2486 2498 2546 3094 3103 3132 3269 3427 3494 3567 3649 3896 4048 4148 4290 4296 4315 4319 4330 4619 4623 4767 4999 5211 5248 5427 5518 5627 5759 5799 5851 6500 6501 6592 6684 6685 6700 6902 6984 7000 7192 7222 7250 7430 7665 7753 7788 7924 7969 8005 8117 8136 8151 8468 9191 9245 10016 10088 10192 10221 10254 10438 10482 10496 10613 10906 11185 11271 11700 
#module 114 size: 42 bs: 0.237448
844 873 946 1803 2474 2483 2731 2977 3252 3407 4326 4393 4797 5520 5560 5573 5845 6636 7126 8097 8223 8721 8840 8996 9151 9286 9363 9565 10004 10190 10294 10414 10508 10645 10684 10711 10724 10774 10826 10939 11017 11470 
#module 115 size: 18 bs: 0.620876
953 1508 1834 1889 2301 2575 2777 2881 3222 3825 4485 4820 4970 7304 9345 9598 9697 10284 
#module 116 size: 98 bs: 0.339159
16 34 799 952 1235 1305 1467 1792 1967 2002 2179 2189 2190 2256 2466 2563 2575 2641 2648 2749 2833 2872 2892 3181 3244 3426 3579 3669 3802 4135 4305 4473 4543 4596 4614 4741 4954 5028 5136 5199 5350 5693 5753 5789 6135 6146 6191 6225 6722 6726 6854 7093 7166 7231 7421 7532 7713 7806 7943 8070 8096 8244 8437 8450 8509 8732 8746 9111 9117 9126 9129 9154 9195 9398 9626 9717 9722 9786 9839 10037 10491 10503 10681 10694 10714 10850 10934 10990 11013 11135 11178 11267 11336 11447 11551 11604 12015 12555 
#module 117 size: 54 bs: 1.08701
17 988 1059 1139 1225 1314 1502 1521 1571 1677 1827 2047 2155 3134 3685 3953 4351 4382 4581 4598 4684 4934 4936 5227 5389 5590 5592 5656 5667 6013 6045 6123 6153 6400 6899 6985 7149 7301 7336 7359 7733 8083 9122 9331 9476 10012 10193 10256 10264 10469 10592 10802 10948 11864 
#module 118 size: 47 bs: 0.748087
837 1023 1096 2016 2152 3052 3056 3220 3437 3444 3474 3574 3699 3976 4038 4040 4325 4419 4435 4556 4849 4953 4965 5131 5496 6586 7063 7113 7267 7738 7978 7994 8046 8154 8452 9088 9205 9260 9389 9423 10240 10512 10588 10623 10779 10784 11010 
#module 119 size: 44 bs: 0.823883
849 1249 1290 1452 1460 1599 1918 2135 2489 2496 2550 2654 2924 3100 3130 3332 3642 3805 4064 4325 5238 5265 5376 5867 5949 6212 6773 6829 6990 7014 7378 8042 8102 8345 9232 9848 9999 10422 10764 10812 11136 11335 11704 12681 
#module 120 size: 48 bs: 0.745593
786 911 938 1077 1334 1424 1509 1723 1962 2183 2692 3017 3454 3709 4233 4458 4680 5416 5533 5819 5825 5963 6084 6094 6252 6296 6381 6631 7032 7125 7325 7539 7957 8079 8232 8500 8539 8552 8621 8947 9023 9063 9140 9256 9502 10027 10320 10615 
#module 121 size: 73 bs: 0.310235
75 813 1010 1050 1069 1299 1565 1626 1629 1682 1710 2093 2144 2349 2503 2725 2762 2855 2896 2919 2942 2984 3141 3195 3219 3304 3505 3631 3641 3784 3864 3999 4295 4335 4381 4459 4815 4905 5079 5156 5326 5403 5408 5619 5752 5868 5953 6040 6532 6898 6906 6986 7056 7299 7344 7626 7664 7883 8140 8375 8761 8965 9105 9165 9450 9588 9753 10065 10182 10487 10857 10889 10973 
#module 122 size: 54 bs: 0.272593
38 54 57 936 1039 1352 1804 1839 1850 1956 2070 2221 2236 2287 2355 2361 2460 2638 2643 2721 2925 3442 3676 3759 3794 3806 3834 3872 3919 4002 4203 4222 4388 4774 5193 5489 5498 5506 5803 6110 6254 6350 6739 7050 8489 8597 8762 8817 9103 9681 9832 10753 11001 11405 
#module 123 size: 58 bs: 0.682761
810 1578 1877 2161 2492 2701 2722 2910 3015 3069 3149 3262 3314 3461 3464 3465 3524 3542 4049 4071 4077 4206 4312 4838 5022 5089 5123 5707 5954 6569 6626 6663 7085 7233 7703 7929 7963 8132 8169 8319 8331 8471 8614 8757 9242 9297 9396 9397 9478 9639 10042 10196 10335 10608 10624 11032 11457 12534 
#module 124 size: 42 bs: 0.181772
1208 1256 1341 1425 1446 1459 1649 1722 1921 2010 2049 2136 2706 3703 3962 5409 5830 5865 7005 7408 7422 7765 8312 8617 8719 8899 9012 9061 9274 9401 9647 10043 10351 10506 10587 10658 10854 10870 11173 11475 11488 11715 
#module 125 size: 20 bs: 0.567291
1446 1996 3080 4345 4709 5112 5528 5765 5895 6373 6963 8357 8615 8765 9460 9812 9981 10208 11258 11448 
#module 126 size: 40 bs: 0.423404
882 920 1209 2468 2567 2686 2728 2940 3013 3198 3930 4456 4546 4555 4722 4723 5580 5774 6028 6470 6962 7001 7118 7417 7476 7693 7724 8805 8841 8894 9106 9452 9466 9969 10002 10642 10689 10851 10897 11190 
#module 127 size: 38 bs: 0.444233
1361 1590 1683 1822 1971 2579 2727 2908 3550 3714 4102 4451 4601 4639 5186 5266 5346 5884 5905 6010 6172 6477 6512 7095 7111 7126 7192 7216 7846 7995 8528 8816 9066 9206 9338 10527 10633 10904 
#module 128 size: 46 bs: 0.142002
1058 1133 1170 1185 1588 1689 1846 2218 2317 2493 2934 3713 3971 4089 4169 4259 4693 5068 5135 5356 5562 5615 5812 6143 6384 8082 8165 8283 8372 8494 8543 8657 8777 8805 8876 8968 9457 9458 10014 10100 10139 10345 10509 10792 11878 12756 
#module 129 size: 46 bs: 0.42224
1093 1639 1674 2054 2494 2695 3091 3101 3480 3554 3868 4450 4754 5100 5283 5542 5793 5932 6016 6248 6287 6327 6421 6490 6661 6768 6824 7143 7208 7406 8663 8676 8923 8991 9130 9188 9209 9534 9645 9704 9795 10432 10475 10625 11189 11870 
#module 130 size: 74 bs: 0.844163
43 811 816 1063 1389 1536 1682 1773 2042 2092 2331 2452 2519 2710 2735 2785 2998 3129 3131 3189 3370 3422 3435 3641 3774 3927 3967 4022 4093 4195 4324 4339 4576 4855 4975 5274 5316 5399 5440 5465 5620 5763 5829 6014 6140 6266 6339 6404 6541 6747 6898 6918 7185 7472 7536 7789 7794 7875 7964 7985 8001 8966 9167 9184 9759 9808 9972 10357 10374 10832 10973 11002 11639 12293 
#module 131 size: 62 bs: 0.32923
919 964 1203 1211 1253 1298 1388 1397 1448 1457 1597 1657 1694 1757 1802 2040 2442 2978 3242 3257 3388 3446 3485 4176 4205 4208 4437 4518 4524 4766 5306 5347 5393 5402 5603 6156 6529 6987 7021 7022 7051 7088 7254 7345 7670 7795 7821 8118 8264 8559 8886 8910 9070 9376 9780 10333 10614 10926 11006 11016 11159 13004 
#module 132 size: 55 bs: 0.25819
1843 2598 2962 3081 3426 3800 3816 3891 4105 4264 4410 4425 4507 4817 5001 5025 5034 5176 5207 5624 6219 6246 6268 6844 6883 6897 7065 7224 7520 7579 8410 8437 8517 8529 8781 8905 8952 8974 9028 9651 9725 9842 9877 9987 10048 10183 10301 10659 10766 10836 10949 10990 11273 11498 12063 
#module 133 size: 45 bs: 0.659033
1057 1320 1568 1615 2300 2357 2523 2739 2836 2874 2877 2953 3082 3111 3859 3908 4084 4501 4600 4608 4780 4973 5589 6198 6226 6239 6551 6729 7110 7613 8050 8540 9053 9133 9173 9345 9354 9365 9369 9976 9989 10195 10596 10799 11112 
#module 134 size: 73 bs: 0.260841
1023 1096 1154 1167 1411 1480 1527 1555 1646 1656 1816 1918 1942 1969 1978 2051 2123 2152 2243 2267 2385 2439 2737 3056 3075 3232 3255 3270 3426 3444 3481 3699 3969 3976 4037 4443 5049 5319 5420 5431 5877 6220 6297 6706 7267 7319 7692 7742 7942 8056 8154 8345 8613 8640 8724 9157 9216 9279 9389 9435 9441 9481 9498 9848 10122 10168 10215 10229 10430 10958 11010 11109 11473 
#module 135 size: 80 bs: 0.944241
62 864 921 956 1105 1160 1250 1315 1701 1774 1817 2210 2225 2258 2387 2908 2922 3064 3385 3408 3431 3531 3572 3664 3690 3750 3797 4078 4082 4127 4448 4451 5039 5042 5293 5385 5464 5713 5717 5744 5987 6132 6477 6591 6938 7052 7216 7698 7712 7763 7824 7828 8108 8167 8187 8191 8262 8292 8346 8641 8959 8964 9026 9153 9483 9574 9765 10391 10663 10759 10787 10975 11081 11151 11334 11383 11678 12641 12874 12881 
#module 136 size: 42 bs: 0.503034
788 883 1132 2149 2324 3458 3504 3928 4121 4344 4494 4899 5094 5164 5244 5456 5993 6017 6099 6277 7927 7975 8076 8100 8455 8652 8683 8809 8926 9090 9613 9616 9713 9844 9958 9970 10211 10388 10986 11193 11240 11246 
#module 137 size: 84 bs: 0.415221
74 804 881 930 951 974 1015 1124 1345 1368 1440 2274 2425 2635 2677 2930 3085 3180 3246 3441 3571 3832 3879 3937 4112 4268 4289 4357 4455 4464 4542 4567 4631 4683 4691 4717 4730 4806 4829 4934 5096 5206 5840 5841 6250 6265 6327 6631 6865 6881 6936 6978 6994 7119 7273 7767 8023 8041 8081 8184 8307 8363 8692 8882 8901 9036 9256 9382 9502 9654 9657 9677 9850 9899 10015 10106 10199 10413 10627 10654 11138 11139 11868 12652 
#module 138 size: 43 bs: 0.544201
1015 1085 1270 1949 2798 3121 3299 3300 3450 3823 3984 4291 4338 4547 4605 4631 4675 4700 4963 5317 5418 5553 5724 6349 6379 6422 6464 7100 7119 7226 7231 7755 7840 8105 8420 8492 8558 8636 10627 11031 11233 11447 12555 
#module 139 size: 84 bs: 0.374697
26 994 1080 1232 1547 1828 2187 2627 2680 2719 2770 2929 3145 3170 3191 3224 3272 3471 3489 3590 3712 3777 4168 4320 4334 4484 4536 4545 4616 4790 4802 5006 5107 5113 5220 5234 5304 5356 5488 5663 5858 6064 6087 6221 6450 6520 6525 6584 6653 6658 6735 6972 7229 7257 7620 7720 7754 7799 7829 7901 8193 8198 8310 8320 8461 8644 8770 8772 9049 9211 9431 9556 9936 9969 9977 10341 10451 10462 10550 10722 10733 10758 10767 11362 
#module 140 size: 46 bs: 0.987569
20 32 69 939 1062 1133 1145 1363 1433 1589 1675 2033 2205 2627 2714 3076 3190 3535 3894 4119 4407 4810 5237 6064 6148 6168 6467 6744 7046 7054 7312 7491 7754 8643 8758 8835 8890 8937 8990 10104 10310 10710 10751 10897 11145 12584 
#module 141 size: 45 bs: 0.914165
1159 1455 1498 1546 2039 2478 2526 2706 2717 3499 3598 3639 3670 3732 3861 4149 4383 4403 4447 4805 4850 5340 5454 5747 5782 5902 5928 6141 6299 6876 6905 6998 7182 7221 7892 7904 8003 8121 8221 8811 9050 9144 9774 10858 10876 
#module 142 size: 19 bs: 0.788899
8 990 2057 2788 3053 3689 4444 4597 4671 4788 4980 5924 7082 7307 7535 7553 9901 10218 12712 
#module 143 size: 56 bs: 0.764009
791 948 981 1088 1622 1636 1653 1724 1754 2151 2346 2455 2487 2748 2760 3496 3612 3997 4053 4070 4271 4433 4478 4547 4675 4770 5103 5141 5225 5243 5336 5821 5855 5863 5950 6037 6364 6517 7015 7053 7666 7983 8067 8147 8303 8760 8826 9239 9309 9648 9692 9984 10348 10416 11004 11611 
#module 144 size: 39 bs: 0.427518
922 947 1681 1818 1920 2336 2406 2480 2733 2761 2987 3455 3675 3756 4099 4428 4930 5131 5203 5216 5490 6004 6048 6526 7071 7347 7390 7711 7923 8045 8180 8452 8579 9039 9068 9291 9775 10773 12880 
#module 145 size: 35 bs: 0.856494
909 1293 1503 1661 1715 1976 2172 2463 2587 2589 2818 3400 3956 4413 4870 5145 5412 5988 7547 8267 8387 8446 8453 8626 8802 9055 9333 9587 9649 10079 10204 10598 10978 11133 11152 
#module 146 size: 42 bs: 0.14412
834 1054 1067 1126 1127 1199 1291 1330 1373 1791 1860 2298 3014 3482 3695 4257 4537 4571 4587 4766 4845 5273 5406 5509 5856 6229 6396 6617 6869 7298 7334 7877 8048 8173 8178 8358 8638 9247 9280 10572 11532 13027 
#module 147 size: 25 bs: 0.202973
833 1042 1840 2775 3092 3359 3500 5212 5407 6274 6337 6778 7059 7142 7324 7528 7918 7928 8059 8187 8256 10626 11188 12510 12589 
#module 148 size: 40 bs: 0.689107
796 797 931 1116 1156 1782 2126 2437 3119 3377 3873 3920 4276 4285 4826 5075 5143 5381 5448 5554 5672 6054 6683 6702 7292 7357 7551 7633 8634 8928 8932 8942 9339 9350 9487 9810 9975 10186 10401 11575 
#module 149 size: 56 bs: 1.0896
827 1107 1272 1529 1879 1968 2013 2130 2176 2232 2275 2286 2661 2879 3164 3212 3235 3493 3698 3852 4011 4111 4641 4891 5218 5661 6231 6242 6243 6260 6459 6652 6771 6801 6803 7255 7477 7589 7660 8321 8521 8680 8693 8838 8893 9004 9025 9155 9269 9315 9578 10493 10957 11463 11499 12264 
#module 150 size: 40 bs: 0.394166
846 916 1223 1568 1666 2268 2504 2632 2776 2887 3907 4007 4163 4390 5108 5247 5675 6224 6232 7595 7652 8475 8479 8518 8680 8859 8867 8934 8950 9399 9415 9589 9886 10099 10582 10757 10881 10882 11435 11438 
#module 151 size: 56 bs: 0.875223
1025 1131 1247 1256 1328 1541 1575 1663 2880 2990 3150 3264 3302 3491 3954 3969 4452 4532 5122 5305 5409 5715 6576 6827 6951 7243 7270 7342 7408 7474 7702 7730 7855 7987 8225 8577 9137 9183 9231 9318 9356 9434 9531 9651 10123 10160 10171 10314 10349 10551 10607 10781 10839 10966 11085 11815 
#module 152 size: 36 bs: 0.719288
1057 1647 2127 2793 4583 4585 4628 4661 4893 4978 6200 6224 6233 6249 6551 6721 6749 7518 8237 8386 8399 8538 8659 8670 8698 8752 8784 9289 9365 9670 9683 10156 10501 10602 10776 13062 
#module 153 size: 21 bs: 1.09943
1261 2854 2893 3086 3241 4266 4859 4918 5513 5786 6039 6183 6227 7538 7619 7867 9530 10159 10386 10725 11021 
#module 154 size: 35 bs: 0.628842
49 905 1108 1593 1696 1960 2038 2323 2449 2472 2564 3380 3448 4245 4269 4286 4482 4529 4662 4932 4948 5295 5455 5532 6499 6874 7781 8190 8265 8808 8853 9293 9301 10191 11196 
#module 155 size: 48 bs: 0.141829
64 771 842 1004 1787 2075 2675 2791 2839 2846 3126 3323 3525 3570 3677 3707 3853 3870 4179 4232 4466 4559 4833 4903 5778 5857 6165 6187 6335 6371 6384 6388 7046 7976 8707 8751 8990 9693 9790 9942 10039 10157 10324 10362 10483 10710 10754 12792 
#module 156 size: 86 bs: 0.299479
7 758 985 986 1074 1141 1246 1391 1511 1621 1856 1932 2068 2108 2345 2614 2882 3070 3074 3225 3240 3274 3288 3289 3346 3836 4024 4103 4471 4538 4610 4618 5252 5374 5478 5558 5637 5681 5761 6107 6245 6302 6352 6405 6434 6550 6908 6986 7026 7169 7209 7210 7266 7303 7358 7382 7389 7397 7438 7723 7826 7854 7951 8277 8314 8423 8722 8815 8828 8975 9022 9030 9264 9355 9406 9761 9918 10520 10622 10653 10660 10762 10988 11197 11443 12726 
#module 157 size: 41 bs: 0.937666
66 968 1192 1227 1258 1365 1443 1592 2991 3216 3496 3768 4093 4421 4489 4846 4847 5029 5181 5213 5301 5546 5944 6030 6753 6806 6901 6910 7047 7144 8084 8137 8239 9552 9665 10499 11134 11451 11490 12958 13039 
#module 158 size: 77 bs: 0.34519
790 1031 1047 1086 1276 1320 1347 1417 1815 1997 2174 2180 2219 2272 2781 2816 2848 3120 3162 3327 3452 3453 3733 4356 4483 4575 4576 4584 4661 4667 4782 4906 4920 4927 4928 4935 4991 5245 5246 5361 6159 6198 6228 6345 6479 6553 6589 6635 6640 7521 7569 7635 7962 8152 8170 8293 8342 8355 8395 8473 8545 8794 9136 9265 9345 9378 9418 9555 9683 9807 9889 10473 10822 11088 11712 12039 12169 
#module 159 size: 34 bs: 0.319986
826 970 1098 1525 1653 1730 2703 2979 3253 3496 3592 3625 4014 4298 4547 4590 4881 5065 5438 5524 5628 5756 5811 6417 6671 7010 7145 7592 7722 8499 9524 9541 10891 10919 
#module 160 size: 33 bs: 0.560428
20 1003 1147 1259 1304 1380 1606 1779 2064 2254 2359 2390 2843 3335 3726 3761 4150 4175 5120 5241 5923 5990 6471 7348 8219 8914 9159 9696 9763 9849 10785 10873 11566 
#module 161 size: 35 bs: 0.649102
13 891 1130 1186 1402 1671 1977 2052 2187 3250 3259 3315 3767 3922 4041 4092 5052 5157 5226 7020 7116 7215 7627 7678 8021 8045 8106 8114 8120 8364 8619 9062 9582 9706 10933 
#module 162 size: 79 bs: 0.846819
22 33 35 903 949 961 1110 1254 1273 1281 1301 1490 1566 1708 2142 2160 2378 2391 2515 2534 2810 3292 3297 3417 3502 3512 3521 3941 4234 4436 4599 4784 4937 5007 5311 5469 5689 5732 5906 6186 6238 6278 6281 6443 6445 6878 6895 7130 7280 7313 7323 7354 7374 7483 7766 7812 7947 8197 8588 8723 8767 8786 9040 9091 9170 9330 9407 9772 9811 9876 10118 10223 10367 10376 10546 10677 10815 11788 12327 
#module 163 size: 67 bs: 1.0627
14 865 926 1135 1230 1809 2181 2394 2412 2437 2631 2682 2700 2709 2790 2851 2970 3023 3185 3204 3280 3348 3652 3791 3827 4050 4115 4800 4879 4926 5154 5468 5591 5646 6104 6237 6442 6563 6650 6761 7353 7365 7468 8014 8018 8128 8192 8269 8326 8368 8390 8440 8443 8553 8920 8997 9109 9716 9794 10213 10392 10426 10519 10827 10861 10996 12937 
#module 164 size: 24 bs: 0.817917
2 1525 1886 2906 2955 3815 3897 4133 4371 4804 5219 5811 5929 6502 7004 7386 7839 8456 8668 8737 8773 9366 9624 10251 
#module 165 size: 74 bs: 1.05946
59 73 860 975 1001 1028 1078 1122 1203 1306 1393 1584 1852 1925 1953 1959 2040 2244 2333 3107 3446 3931 4017 4239 4422 4522 4550 4699 4791 4819 5010 5038 5084 5158 5253 5300 5373 5523 5618 5687 5739 5741 5771 5999 6122 6258 6561 6953 6964 7479 7831 7868 7959 8019 8549 8656 8669 8728 8930 9019 9034 9138 9432 9464 9630 9752 9780 9986 10141 10147 10292 10614 11188 11556 
#module 166 size: 40 bs: 0.430854
1189 1332 1720 1743 1773 1910 2343 2348 2535 2562 3239 3826 3931 4109 4845 5597 5625 5755 5847 6036 6480 6900 7035 7202 7218 7668 7843 7851 8032 8085 8141 8181 8709 8972 9200 10316 10450 11340 11883 12293 
#module 167 size: 29 bs: 0.955852
41 1020 1173 1366 1729 2134 2569 2669 3109 3359 3396 3798 4126 4139 5272 6904 7086 7087 7324 7809 7979 8611 9296 9600 9919 10375 10517 10981 11215 
#module 168 size: 53 bs: 0.168673
1100 1244 1776 1845 2913 2916 3118 3199 3697 4425 4490 4681 4702 4716 5343 5399 5423 5599 5746 5780 6026 6478 6530 6539 6674 7029 7048 7092 7171 7198 7769 8009 8157 8175 8204 8266 8301 8477 8508 8576 8668 8875 8881 9096 9287 9492 9734 9863 10001 10120 10370 12899 13039 
#module 169 size: 64 bs: 0.25952
1222 1890 1894 1994 2072 2099 2637 2668 2690 2832 2847 3044 3681 3731 4284 4453 4889 4897 4914 4955 5492 5635 5794 5936 5960 6573 6843 6957 7227 7605 7786 8093 8140 8415 8418 8436 8483 8484 8486 8490 9059 9176 9190 9283 9451 9469 9490 9542 9703 10117 10206 10538 10777 10796 10943 10947 11115 11148 11259 11459 11693 11701 11765 12510 
#module 170 size: 25 bs: 0.500704
835 1214 1805 1928 2472 3488 3620 3754 4194 4430 5274 5754 5792 5813 5967 5992 6540 7058 7375 8710 8875 9919 10818 10928 10980 
#module 171 size: 33 bs: 0.584929
1095 1542 1975 1984 2044 3644 3889 4355 4780 4909 5397 5616 5660 5685 5984 6385 6487 6489 6669 6952 7078 7203 8206 8322 8338 8380 8681 9419 9679 9689 11032 12609 12666 
#module 172 size: 54 bs: 0.306596
789 1165 1230 1278 1310 1714 1735 1832 1835 1880 1985 1998 2018 2163 2255 2312 2831 2849 3040 3051 3278 3419 3779 3901 4023 4101 4673 4747 4768 4807 4892 5005 5074 5994 6734 7490 7588 7909 8208 8251 8417 8431 8542 9139 9421 9674 9799 10087 10255 10328 10337 11011 11217 11552 
#module 173 size: 56 bs: 0.780544
3 1255 1333 1486 1559 1796 1827 1918 2008 2243 2289 2414 3100 3123 3943 3969 4280 4325 4591 4796 4852 4866 5280 5420 5442 5521 5890 6324 7080 7109 7772 8160 8452 8800 8961 9031 9128 9279 9389 9479 9550 9557 9783 10126 10238 10344 10409 10437 10623 10721 10958 11010 11098 11335 11704 11710 
#module 174 size: 257 bs: 0.764444
777 843 875 885 893 909 967 973 979 1012 1094 1114 1155 1158 1175 1206 1271 1356 1408 1420 1426 1436 1485 1505 1531 1533 1598 1618 1628 1635 1638 1665 1744 1747 1806 1869 1919 1933 1936 1987 2029 2046 2062 2076 2079 2082 2097 2103 2154 2240 2313 2325 2402 2428 2454 2462 2476 2495 2541 2544 2570 2640 2674 2782 2800 2827 2837 2863 2973 3062 3105 3138 3152 3207 3260 3366 3372 3397 3399 3410 3462 3466 3532 3547 3575 3593 3618 3635 3672 3717 3718 3851 3906 3956 3989 3994 4003 4043 4062 4181 4196 4252 4258 4274 4279 4299 4373 4379 4418 4442 4446 4520 4530 4626 4695 4724 4740 4853 4877 5059 5082 5139 5145 5150 5179 5302 5331 5367 5540 5541 5544 5593 5630 5659 5720 5766 5768 5822 5827 5828 5844 5909 5957 5998 6058 6161 6247 6261 6286 6377 6424 6507 6508 6509 6558 6579 6622 6667 6691 6758 6831 6946 6956 6981 6983 6992 7038 7072 7155 7164 7274 7275 7283 7287 7322 7371 7381 7425 7436 7449 7452 7525 7615 7625 7629 7700 7823 7878 7953 7958 8047 8098 8122 8131 8138 8148 8228 8297 8340 8341 8381 8454 8462 8512 8544 8735 8743 8822 8936 9043 9082 9083 9263 9310 9377 9381 9471 9477 9486 9573 9603 9608 9656 9663 9691 9710 9833 9879 9916 9933 10057 10112 10131 10205 10226 10244 10338 10377 10471 10513 10533 10679 10728 10841 10878 10914 10938 10977 10978 10991 11007 11077 11206 11413 11436 12019 12679 
#module 175 size: 45 bs: 1.05485
868 1111 1423 1560 1878 1883 1915 1940 2284 2540 3376 4008 4154 4243 4306 4808 5021 5875 5904 6005 6475 6797 7098 7372 7443 7488 7684 7767 7802 8008 8807 8903 8970 9132 9237 10015 10313 10349 10454 10484 10560 10577 10697 10838 12861 
#module 176 size: 31 bs: 0.32693
29 1664 1713 2772 2945 2982 3261 3522 4321 4609 4613 4776 4905 4997 5040 5487 5918 5935 6151 6314 7317 7881 7938 8787 9251 10253 10597 10729 10865 10947 11113 
#module 177 size: 81 bs: 0.143025
852 1344 1376 1475 1617 1775 1831 2027 2078 2147 2247 2377 2401 2633 2741 2746 2830 2921 2948 3208 3484 3486 3544 3559 3686 3808 3812 3899 3900 4165 4777 4907 4998 5224 5250 5290 5335 5358 5370 5413 5449 5500 5527 5572 5617 5853 6018 6264 6336 6416 6481 6608 6858 6917 7083 7126 7140 7174 7249 7437 7507 7876 8210 8229 8257 8278 8377 8531 8868 9085 9560 9891 10076 10124 10128 10403 10574 10617 10830 10894 11205 
#module 178 size: 34 bs: 0.196189
773 812 1627 1765 2635 2819 2913 3097 3511 3915 4158 4455 4542 4683 5351 5991 6250 6268 6881 7392 7576 7908 7987 8275 8349 8562 9651 9654 9784 9910 10183 10354 12506 12865 
#module 179 size: 30 bs: 0.197428
960 1407 1431 1893 2548 2552 2825 2963 3308 3420 3838 4036 4282 4396 4568 4703 5155 5286 5700 5709 6234 6556 6644 7049 7492 9275 9418 9561 10068 11595 
#module 180 size: 37 bs: 0.377134
1017 1308 1548 2576 2595 2622 2636 2828 2865 2889 3281 3321 3415 3991 4117 4445 4753 4989 5020 6326 6338 6713 7335 7412 7545 8242 8282 8823 9042 9143 9178 9244 9485 9564 9622 10807 11438 
#module 181 size: 55 bs: 0.259644
769 858 1041 1093 1732 3017 3282 3789 3827 4172 4178 4197 4207 4260 4343 4349 4364 4387 5510 5531 6003 6015 6016 6065 6649 6740 6990 7609 7689 7716 7729 8079 8370 8384 8400 8647 8708 8804 9001 9514 9584 9733 9735 10185 10234 10424 10475 10554 10625 10810 10913 11110 11191 11218 12862 
#module 182 size: 52 bs: 0.211929
71 1017 1140 1228 1274 1412 1413 1726 1932 2112 2206 2281 2445 2577 2801 3041 3148 3273 3674 3771 4497 4658 4706 5183 6085 6211 6454 6651 6950 7177 7352 7356 7543 7562 7583 8308 8313 8320 8470 8634 8650 8684 8971 9100 9424 9662 9894 10648 11260 11425 11840 12746 
#module 183 size: 35 bs: 0.575621
842 1004 1885 2146 2724 2750 2846 3018 3194 3251 3892 4047 4128 4253 4262 4635 4694 4713 4967 5205 5324 5436 7046 7329 7455 7723 7826 8557 9180 9259 9873 9905 10971 11272 12792 
#module 184 size: 33 bs: 0.555122
964 1303 1415 1595 1693 1821 1857 1970 2369 2699 3057 3142 3311 3421 3541 3716 3881 3914 4244 4828 5024 5669 5671 6355 6943 8625 8628 9300 9324 9591 10477 10722 11379 
#module 185 size: 120 bs: 0.779675
2 30 56 882 895 940 984 1051 1166 1385 1524 1641 1777 1897 2102 2117 2141 2319 2326 2371 2502 2696 2799 2809 2817 2937 2960 2975 3072 3083 3106 3258 3438 3520 3828 4013 4083 4191 4275 4447 4544 4690 4940 5056 5126 5210 5309 5314 5342 5515 5539 5551 5582 5583 5788 5797 6001 6121 6427 6527 6598 6633 6642 6656 6676 7150 7240 7302 7465 7487 7647 7748 7791 7805 7845 7948 7974 8006 8039 8115 8149 8201 8226 8633 8702 8897 8946 9018 9037 9078 9110 9245 9266 9455 9504 9513 9676 9698 9841 9996 10108 10222 10428 10511 10541 10565 10599 10674 10798 10846 10901 10983 11168 11504 11667 11702 11790 12249 12638 12794 
#module 186 size: 38 bs: 0.146921
793 2074 2116 2736 2853 3585 3701 3764 3871 4028 4030 4757 5119 5391 5499 5683 5832 6436 6455 6465 6575 6805 6893 7541 7771 7916 7991 8333 8871 8982 9219 9232 9272 9417 9533 10146 10325 10734 
#module 187 size: 1 bs: 1
776 
#module 188 size: 1 bs: 1
4949 
#module 189 size: 1 bs: 1
1488 
#module 190 size: 1 bs: 1
8824 
#module 191 size: 1 bs: 1
5329 
#module 192 size: 1 bs: 1
6273 
#module 193 size: 1 bs: 1
928 
#module 194 size: 1 bs: 1
6433 
#module 195 size: 1 bs: 1
1030 
#module 196 size: 1 bs: 1
10030 
#module 197 size: 1 bs: 1
1125 
#module 198 size: 1 bs: 1
8428 
#module 199 size: 1 bs: 1
1396 
#module 200 size: 1 bs: 1
2171 
#module 201 size: 1 bs: 1
2028 
#module 202 size: 1 bs: 1
6306 
#module 203 size: 1 bs: 1
2196 
#module 204 size: 1 bs: 1
10134 
#module 205 size: 1 bs: 1
2197 
#module 206 size: 1 bs: 1
2784 
#module 207 size: 1 bs: 1
2310 
#module 208 size: 1 bs: 1
4056 
#module 209 size: 1 bs: 1
2381 
#module 210 size: 1 bs: 1
4440 
#module 211 size: 1 bs: 1
2813 
#module 212 size: 1 bs: 1
10638 
#module 213 size: 1 bs: 1
3601 
#module 214 size: 1 bs: 1
8908 
#module 215 size: 1 bs: 1
3640 
#module 216 size: 1 bs: 1
4353 
#module 217 size: 1 bs: 1
3866 
#module 218 size: 1 bs: 1
8075 
#module 219 size: 1 bs: 1
4118 
#module 220 size: 1 bs: 1
10092 
#module 221 size: 1 bs: 1
4885 
#module 222 size: 1 bs: 1
10713 
#module 223 size: 1 bs: 1
5676 
#module 224 size: 1 bs: 1
9344 
#module 225 size: 1 bs: 1
6184 
#module 226 size: 1 bs: 1
10232 
#module 227 size: 1 bs: 1
6346 
#module 228 size: 1 bs: 1
8255 
#module 229 size: 1 bs: 1
6655 
#module 230 size: 1 bs: 1
10445 
#module 231 size: 1 bs: 1
7364 
#module 232 size: 1 bs: 1
10178 
#module 233 size: 1 bs: 1
7804 
#module 234 size: 1 bs: 1
7822 
#module 235 size: 1 bs: 1
7814 
#module 236 size: 1 bs: 1
10495 
#module 237 size: 1 bs: 1
7899 
#module 238 size: 1 bs: 1
11203 
#module 239 size: 1 bs: 1
8101 
#module 240 size: 1 bs: 1
10194 
#module 241 size: 1 bs: 1
8304 
#module 242 size: 1 bs: 1
9410 
#module 243 size: 1 bs: 1
9125 
#module 244 size: 1 bs: 1
12645 
#module 245 size: 1 bs: 1
9281 
#module 246 size: 1 bs: 1
10393 
#module 247 size: 1 bs: 1
9880 
#module 248 size: 1 bs: 1
11385 
