#module 0 size: 2 bs: 0.0795051
2305 4720 
#module 1 size: 2 bs: 1.30336e-05
5612 6755 
#module 2 size: 2 bs: 9.73462e-11
1090 2726 
#module 3 size: 3 bs: 0.027877
1552 2784 6401 
#module 4 size: 4 bs: 1.90724e-10
1525 2104 2108 3746 
#module 5 size: 5 bs: 1.01483e-06
839 1184 1594 1595 5951 
#module 6 size: 4 bs: 1.27676e-14
83 3477 4666 6528 
#module 7 size: 6 bs: 3.39473e-12
173 720 2803 5882 6346 6833 
#module 8 size: 3 bs: 2.6239e-12
957 3228 3899 
#module 9 size: 3 bs: 9.43734e-12
4247 4248 5176 
#module 10 size: 2 bs: 4.78337e-08
463 4608 
#module 11 size: 2 bs: 5.35838e-12
1990 6856 
#module 12 size: 3 bs: 2.15741e-10
5267 5731 5734 
#module 13 size: 5 bs: 0.00102977
221 585 5150 5372 6329 
#module 14 size: 12 bs: 1.24345e-14
536 2193 3276 3463 3470 3707 3759 4130 4828 5094 6137 6320 
#module 15 size: 2 bs: 1.73182e-05
2828 2829 
#module 16 size: 15 bs: 4.66738e-13
960 964 970 1128 1174 1176 1177 1180 2146 2706 3944 4538 5292 5626 6492 
#module 17 size: 2 bs: 0.0310606
5583 6525 
#module 18 size: 2 bs: 0.00258407
3697 6278 
#module 19 size: 2 bs: 0.0371711
779 5211 
#module 20 size: 49 bs: 0.0291321
191 300 374 400 422 433 958 1028 1437 1567 1578 1719 1866 2066 2328 2459 2638 2673 2734 2774 2961 2984 3032 3039 3383 3436 3480 3792 3802 3879 3925 3980 4186 4263 4354 4559 4643 5026 5029 5107 5238 5739 6034 6036 6509 6536 6640 6758 6893 
#module 21 size: 4 bs: 1.41398e-08
2314 5742 6384 6545 
#module 22 size: 4 bs: 1.82007e-06
54 1615 2847 5240 
#module 23 size: 5 bs: 1.26742e-10
968 3910 4852 6311 6542 
#module 24 size: 3 bs: 9.3302e-12
2 2647 4757 
#module 25 size: 8 bs: 8.91662e-08
60 656 1880 2120 3041 4257 4701 6655 
#module 26 size: 14 bs: 0.0255132
656 2668 2676 3847 4657 5223 5560 5578 5885 5894 6227 6285 6301 6338 
#module 27 size: 6 bs: 0.00080758
582 1443 2849 3918 4679 6427 
#module 28 size: 3 bs: 2.16044e-101
2658 5551 6806 
#module 29 size: 4 bs: 1.48858e-11
1455 2606 2851 4806 
#module 30 size: 14 bs: 0.00544625
590 639 1576 1691 2548 2553 2670 2848 3783 5055 5632 6476 6630 6841 
#module 31 size: 15 bs: 7.71946e-101
41 882 996 1013 2293 3011 3750 4078 4145 4147 4153 4744 5544 6634 6683 
#module 32 size: 18 bs: 0.00978096
837 853 1031 1204 1405 1494 1707 2002 2579 2596 3379 3881 3884 4495 5035 5462 6481 6867 
#module 33 size: 14 bs: 0.00515012
492 730 1017 1132 1170 1422 1843 1971 1983 2904 4697 5111 5270 6712 
#module 34 size: 3 bs: 8.8391e-08
6182 6426 6738 
#module 35 size: 11 bs: 0.000122239
1467 2295 2384 2785 3024 3832 4898 4990 5838 5841 6902 
#module 36 size: 8 bs: 1.96165e-12
1746 1747 2684 2749 4589 5725 6268 6479 
#module 37 size: 5 bs: 1.11022e-16
1037 2851 3166 5785 6110 
#module 38 size: 52 bs: 1.66787e-101
7 105 361 434 596 657 682 874 945 1004 1109 1230 1435 1442 1486 1554 1758 2018 2515 2682 2712 2807 2824 2979 3044 3065 3279 3281 3394 3521 3869 3885 4516 4683 4747 5182 5269 5298 5453 5480 6010 6054 6058 6111 6141 6163 6204 6306 6378 6531 6649 6738 
#module 39 size: 2 bs: 0.0111171
4217 6406 
#module 40 size: 7 bs: 0.014589
1196 3204 3985 4573 4897 5891 6692 
#module 41 size: 3 bs: 2.85856e-05
1743 3643 5389 
#module 42 size: 22 bs: 0.00958426
49 276 291 815 1191 1374 1729 1805 2157 2438 3580 3711 4222 4284 4651 4705 4841 4885 5131 6063 6338 6616 
#module 43 size: 8 bs: 2.02936e-09
1772 2286 2347 2354 3324 4634 6497 6500 
#module 44 size: 15 bs: 3.89244e-10
380 609 710 1203 1561 2506 2637 2661 2672 2676 4055 4308 4357 5563 6882 
#module 45 size: 11 bs: 0.274946
292 1535 1886 2455 2756 3532 3725 3776 3842 4178 6640 
#module 46 size: 8 bs: 0.804279
927 2424 2691 3563 4908 5541 6423 6814 
#module 47 size: 17 bs: 0.637766
171 900 1008 1716 1940 2851 2937 3457 3570 3716 4011 4717 5408 5564 5802 6107 6636 
#module 48 size: 17 bs: 0.968486
228 406 496 842 1214 2032 2784 3420 3603 4500 4700 5048 5114 5199 5402 6153 6814 
#module 49 size: 24 bs: 0.398526
188 607 719 744 857 1197 1501 2064 2154 2437 2628 3221 3417 3430 3789 3878 4047 4590 4754 4821 5004 5079 5784 5975 
#module 50 size: 13 bs: 0.620379
1295 1924 2317 2491 2680 3420 3442 3463 4337 4548 5199 5456 6645 
#module 51 size: 3 bs: 0.911714
314 4040 5662 
#module 52 size: 15 bs: 0.524012
157 1497 1683 2016 2575 2607 2988 3029 3097 3232 3317 3572 4464 5622 5692 
#module 53 size: 11 bs: 1.03022
765 2111 2185 2297 2400 2543 3050 3283 3634 5692 6616 
#module 54 size: 9 bs: 0.30371
2222 2473 4515 5236 5237 6244 6275 6822 6848 
#module 55 size: 44 bs: 1.02404
34 282 303 427 601 933 936 963 1169 1325 1335 1820 1834 2264 2276 2290 2359 2370 2612 2782 3297 3313 3431 3560 3641 3721 3953 3978 4438 4557 4646 4749 5085 5111 5167 5520 5596 5968 6074 6338 6598 6647 6780 6804 
#module 56 size: 42 bs: 0.555434
20 496 549 712 804 886 901 1980 2019 2136 2150 2241 2347 2404 2432 2830 3285 3533 3817 3909 4473 4592 4656 4813 4849 4929 4978 4985 5056 5227 5385 5457 5478 5620 6081 6179 6206 6315 6506 6583 6592 6651 
#module 57 size: 30 bs: 0.108485
179 671 966 1272 1725 2149 2266 2331 2365 2417 2565 2623 2907 3270 3306 3931 4156 4176 4336 4359 4509 4526 5164 5728 6175 6307 6354 6468 6613 6894 
#module 58 size: 46 bs: 1.06717
209 257 375 578 1018 1229 1241 1582 1828 1829 1854 1986 2124 2156 2211 2262 2294 2316 2517 2702 2703 2885 3262 3291 3321 3358 3661 4116 4131 4465 4780 4926 5106 5206 5387 5466 5492 5773 5778 5886 5967 6090 6186 6671 6828 6851 
#module 59 size: 19 bs: 0.722954
266 354 693 1359 1907 1926 2025 2160 2528 2844 2845 3358 3778 4461 5330 5903 6519 6635 6828 
#module 60 size: 22 bs: 0.910412
319 453 532 1503 1634 2379 2783 2840 3330 3387 4303 4429 4580 4613 4620 5226 5357 5865 6149 6471 6709 6724 
#module 61 size: 6 bs: 0.541453
626 2489 2685 3767 4584 6287 
#module 62 size: 12 bs: 0.298027
41 882 996 3059 3178 3673 3799 4153 6474 6681 6722 6857 
#module 63 size: 23 bs: 1.08386
864 1013 1034 1081 1512 1700 1701 3220 3457 3464 3569 3713 3716 3799 3800 4128 4153 5129 5604 6188 6636 6683 6862 
#module 64 size: 42 bs: 0.210852
132 215 296 372 422 738 763 909 1342 1490 1580 1752 1950 1966 1976 2022 2208 2281 2287 2347 2493 2589 2834 3131 3249 3335 3358 3440 3527 3917 3960 4001 4567 4627 4723 4735 5481 5809 5938 6053 6478 6651 
#module 65 size: 52 bs: 1.03816
129 517 560 597 897 971 997 1290 1294 1334 1598 1637 2076 2206 2257 2573 2621 2671 2722 2798 2864 2919 3086 3328 3468 4073 4311 4412 4436 4483 4586 5028 5438 5451 5470 5505 5525 5601 5607 5640 5812 5844 5931 5947 6123 6264 6368 6537 6566 6792 6872 6909 
#module 66 size: 35 bs: 0.235997
88 332 664 759 828 977 1059 1456 1464 1842 1855 1899 1944 2230 2386 2902 2990 3147 3350 3458 3595 3663 3860 3969 4280 4837 4845 5015 5210 5447 5459 5502 5619 5966 6340 
#module 67 size: 33 bs: 0.268228
235 527 569 674 730 1147 1160 1495 1505 1522 1687 1872 1971 2439 2601 2682 2866 2940 3681 3708 3808 4148 4246 4644 5270 5364 5840 6043 6173 6247 6324 6794 6832 
#module 68 size: 12 bs: 0.521312
148 154 166 551 1785 1886 1946 1958 3701 4872 5144 6915 
#module 69 size: 13 bs: 0.515057
339 599 618 1501 2436 4214 4233 4307 4969 5726 6383 6789 6827 
#module 70 size: 46 bs: 0.168835
34 117 126 692 906 936 963 1107 1169 1250 1344 1357 1461 1483 1619 1834 2276 2290 2311 2312 2370 2574 2782 2899 3297 3313 3560 3696 3721 3783 4474 4646 4653 4695 4749 5085 5111 5271 5416 5470 5994 6269 6338 6450 6598 6867 
#module 71 size: 31 bs: 0.677405
23 214 647 712 851 1219 1569 1570 1577 1583 1665 1880 2129 2133 2708 2775 2814 3265 3414 3633 3984 4106 4258 4358 4498 4619 5156 5342 5436 5650 6199 
#module 72 size: 10 bs: 0.922674
864 1918 2994 3643 3800 4744 4769 5328 6669 6683 
#module 73 size: 28 bs: 1.09825
80 405 555 783 1003 1581 1775 2466 3213 3226 3268 3369 3505 3898 4179 4358 4389 4652 5068 5199 5220 5296 5490 5613 5740 5911 6177 6657 
#module 74 size: 25 bs: 0.604339
474 824 982 1040 1043 1044 1054 1574 2804 3445 3981 4177 4454 4547 4594 4690 5792 5864 6075 6077 6259 6271 6456 6538 6723 
#module 75 size: 38 bs: 0.709931
339 534 1007 1158 1311 1501 1721 2377 2391 2444 2480 2610 2681 2724 2941 2964 3027 3081 3177 3201 3273 3420 3553 3826 3964 4462 4564 4804 4873 5318 5725 5757 5902 6390 6458 6615 6643 6846 
#module 76 size: 19 bs: 0.606964
691 796 831 1288 2295 2341 2376 2903 3503 3514 4009 4058 4144 5198 5297 5371 5810 5987 6610 
#module 77 size: 22 bs: 0.478525
254 1234 1671 1894 2032 2481 2650 2955 3406 3555 3926 4034 4509 5195 5614 5639 5725 5756 5788 6063 6431 6562 
#module 78 size: 11 bs: 0.769416
70 147 321 1057 1509 1627 1684 2910 5899 5900 6142 
#module 79 size: 22 bs: 0.222275
217 875 891 986 1343 1353 1400 2075 2097 2209 2469 2867 3293 3389 4642 5030 5419 5465 5516 6252 6800 6849 
#module 80 size: 123 bs: 0.822955
59 104 145 182 192 378 429 430 592 687 789 879 990 1016 1025 1049 1210 1351 1391 1392 1401 1452 1454 1639 1658 1677 1693 1714 1750 1815 1882 1890 1904 1913 1916 1927 1938 1948 2068 2072 2098 2172 2179 2248 2254 2324 2364 2394 2434 2522 2560 2563 2564 2641 2728 2754 2778 2935 3005 3053 3218 3224 3295 3357 3359 3493 3549 3550 3589 3598 3611 3657 3727 3735 3796 3896 4013 4021 4041 4114 4149 4196 4406 4420 4528 4535 4536 4582 4689 4738 4784 4856 4893 4934 4938 5003 5092 5243 5503 5511 5591 5678 5710 5723 5805 5856 5916 5944 5948 6028 6031 6100 6109 6348 6370 6453 6546 6558 6560 6703 6742 6861 6877 
#module 81 size: 26 bs: 0.554387
114 940 1080 1104 1451 1511 1564 2292 2355 2632 2967 3115 3132 3452 3688 3703 3855 4061 4083 4151 4470 4664 4843 5193 5272 6895 
#module 82 size: 7 bs: 1.00626
1529 1793 3174 4184 5266 5282 5663 
#module 83 size: 16 bs: 0.652995
961 1204 1257 1686 2380 2883 3158 4365 4456 4667 4671 5556 5800 6297 6561 6718 
#module 84 size: 25 bs: 0.557647
280 353 438 658 713 750 821 1453 1670 1951 2038 2200 3021 3344 3416 3871 4770 4811 4923 4924 4930 5558 5831 6017 6561 
#module 85 size: 28 bs: 0.686333
541 660 748 1699 1891 2130 2470 2842 2894 2958 3159 3818 4257 4497 4547 4579 4606 4706 4885 4888 5264 5302 5593 5688 5799 6075 6238 6394 
#module 86 size: 11 bs: 0.75887
418 419 683 923 1571 1732 2523 4004 5344 5635 6654 
#module 87 size: 16 bs: 1.05548
160 1478 1590 2436 2966 3420 3975 4138 4544 5593 5885 6001 6104 6268 6479 6609 
#module 88 size: 11 bs: 0.949087
471 704 2553 2968 3783 4726 4805 5043 5153 5288 6457 
#module 89 size: 16 bs: 0.668637
715 868 1022 1349 1360 2035 2041 2750 3016 3103 3407 3712 3749 3755 5135 6650 
#module 90 size: 16 bs: 0.140942
239 895 1012 1239 1997 2223 2921 3098 3277 3619 3662 3881 4269 5287 5584 5884 
#module 91 size: 20 bs: 1.02898
357 1248 1681 1868 2195 2442 2747 3120 3761 3881 4165 4407 4415 4731 4874 5074 5191 5225 5816 6644 
#module 92 size: 5 bs: 0.607758
392 1457 1737 4211 6745 
#module 93 size: 55 bs: 0.560675
276 338 562 830 835 976 1132 1178 1369 1459 1606 1679 1712 1928 2117 2315 2334 2375 2765 3111 3274 3682 3702 3739 3751 3765 3810 3902 3915 4016 4112 4293 4368 4372 4447 4579 4756 4758 4936 5194 5439 5634 5875 5923 5973 5976 5997 6083 6235 6270 6310 6543 6594 6603 6905 
#module 94 size: 25 bs: 0.490679
134 206 970 1092 1304 1355 1541 1782 1812 1965 2037 2179 2375 2437 2479 2964 3248 3996 4551 5377 5659 6138 6153 6616 6751 
#module 95 size: 24 bs: 0.291832
57 479 568 712 1568 1581 1825 1978 2007 2073 2419 2521 2731 2816 3398 3714 3989 4595 5874 5889 5912 6174 6343 6819 
#module 96 size: 34 bs: 0.663484
15 67 342 390 437 818 942 1011 1132 1349 1381 1794 1849 2115 2183 2452 2629 3627 3686 3779 3886 4039 4044 4257 5002 5522 5566 5801 5842 6191 6197 6612 6779 6809 
#module 97 size: 13 bs: 0.888771
185 673 730 991 2226 2323 3300 3812 3875 4375 4511 4618 6472 
#module 98 size: 25 bs: 0.682087
298 991 1081 1097 1934 2458 2551 2552 2663 3099 3300 4517 4790 4951 5277 5321 5323 5336 5341 5825 6408 6605 6710 6802 6918 
#module 99 size: 19 bs: 0.680624
630 916 1625 1663 2024 2212 2284 3031 4107 4364 4525 4910 5733 5862 5995 6263 6286 6313 6772 
#module 100 size: 35 bs: 0.131602
341 892 965 1127 1167 1171 1172 1175 1180 1181 1202 1744 1745 1806 1906 2180 2620 2635 2731 2909 2910 3738 4272 4276 5069 5471 5513 5555 5655 5860 6064 6146 6158 6518 6589 
#module 101 size: 9 bs: 0.855556
469 717 3242 3314 3894 5319 5421 5963 6917 
#module 102 size: 28 bs: 0.208859
613 1041 1051 1056 1231 1354 1463 1864 1865 2112 2740 2838 3390 3844 4065 4696 4830 5260 5261 5388 5635 5689 5704 5783 5869 6212 6309 6753 
#module 103 size: 22 bs: 1.07874
1461 1853 1997 2058 2192 2716 2863 2949 3082 3450 3653 4131 4235 4487 4842 4980 5971 6046 6255 6447 6785 6795 
#module 104 size: 21 bs: 0.359697
556 756 815 1299 1416 2175 2193 2465 2598 3198 3500 3571 3711 4222 4450 4651 4801 4841 5199 6338 6502 
#module 105 size: 11 bs: 0.119136
377 1500 2078 3643 3716 3799 4274 5158 5250 5605 5679 
#module 106 size: 6 bs: 0.649857
1009 1222 2715 3800 4074 5343 
#module 107 size: 23 bs: 0.343436
88 415 583 677 678 999 1182 1573 1688 1692 1847 1891 2413 3742 3852 4238 4732 5031 5276 5454 5488 6062 6115 
#module 108 size: 15 bs: 0.429412
227 852 1245 1555 1891 2179 3420 3620 4180 4482 5025 5253 5319 5464 6133 
#module 109 size: 25 bs: 0.692201
64 734 883 1179 1181 1421 1995 2749 2980 3114 3302 3545 3737 4047 4833 4904 4957 5200 5273 5420 5538 5754 6498 6589 6670 
#module 110 size: 16 bs: 0.202289
607 871 1132 1165 1197 1349 2138 2154 2194 2252 2259 3221 3712 4455 4741 5985 
#module 111 size: 59 bs: 0.381198
254 710 730 735 800 967 992 1094 1211 1213 1265 1347 1358 1502 1508 1515 1656 1695 1743 1910 1988 2004 2065 2102 2114 2143 2161 2235 2273 2570 2736 2814 2837 2873 2917 3153 3216 3312 3339 3815 3869 4018 4055 4151 4156 4599 4705 4886 4914 4997 5393 5450 5468 5681 5752 5863 6078 6414 6549 
#module 112 size: 16 bs: 0.131744
969 1140 1771 2929 3184 3679 3691 4320 4566 5064 5242 5417 5600 5683 6581 6791 
#module 113 size: 16 bs: 1.03184
100 503 1030 1201 1560 1897 2256 2371 3715 4076 5188 5499 5592 5711 6134 6212 
#module 114 size: 36 bs: 0.854839
75 515 751 858 872 1186 1440 1507 1710 1835 2015 2363 2641 2964 2999 3034 3101 3244 3606 3777 3936 4166 4190 4225 4617 4883 4884 5017 5188 5232 5233 5340 5351 6052 6135 6318 
#module 115 size: 39 bs: 0.131807
29 291 336 381 518 745 919 1112 1183 1761 1796 1948 2048 2091 2329 2360 2386 3172 3175 3233 3443 4029 4131 4646 4690 4719 4887 5196 5271 5356 5537 5777 5855 6029 6237 6256 6567 6661 6777 
#module 116 size: 25 bs: 0.459744
978 1039 1058 1575 1674 2000 2001 2385 2433 2848 3419 3763 3821 3994 4612 4662 4903 4981 5187 6322 6511 6694 6790 6828 6883 
#module 117 size: 116 bs: 0.599229
87 124 196 272 305 393 421 446 493 514 538 573 575 684 747 937 1038 1042 1053 1057 1082 1114 1194 1356 1378 1418 1466 1509 1528 1612 1676 1684 1689 1740 1875 1998 2008 2052 2147 2162 2164 2180 2196 2202 2207 2210 2260 2263 2345 2390 2645 2666 2717 2746 2752 2753 2794 2795 2806 2849 2973 3068 3110 3140 3160 3235 3261 3298 3326 3338 3374 3472 3484 3575 3748 3791 3831 3840 3849 3905 4033 4340 4379 4503 4520 4537 4593 4605 4647 4670 4722 4809 4814 4816 4840 4868 5264 5489 5518 5533 5562 5747 5836 5850 5920 5980 6117 6375 6379 6419 6438 6527 6690 6733 6852 6879 
#module 118 size: 25 bs: 0.959951
625 1434 2187 2220 2234 2650 2676 2682 2736 3004 3212 3289 3613 3876 3903 4338 4509 4602 4810 4864 4973 5589 5887 5955 6059 
#module 119 size: 32 bs: 0.142234
42 304 449 628 709 740 1234 1572 1919 2084 2187 2650 2676 2768 2955 2969 3119 3284 3531 3557 3749 3881 3954 4333 4356 4869 4891 5407 5510 5661 6268 6366 
#module 120 size: 25 bs: 0.930134
628 948 1403 1501 1935 2122 2245 2349 2441 2448 2554 2708 3133 3555 3557 4014 5011 5184 5348 5639 5677 5874 6593 6646 6750 
#module 121 size: 71 bs: 0.980764
123 420 596 682 695 773 841 874 876 1004 1111 1237 1331 1442 1549 1554 1758 1799 1845 1922 2018 2049 2216 2712 2719 2801 2807 2824 2932 2979 3064 3065 3223 3258 3279 3281 3394 3797 3854 3865 3882 4030 4151 4693 4805 5182 5241 5244 5269 5367 5384 5440 5453 5514 5587 5629 5651 5665 5866 5872 5926 6054 6058 6306 6531 6550 6569 6687 6738 6847 6912 
#module 122 size: 107 bs: 0.632293
5 14 19 44 85 95 138 150 216 229 299 316 323 494 620 632 648 797 805 814 863 870 922 1088 1094 1135 1173 1200 1277 1377 1431 1544 1551 1559 1651 1678 1778 1959 2006 2151 2170 2250 2408 2418 2443 2538 2617 2818 2860 2889 2959 3012 3022 3087 3136 3145 3196 3215 3320 3337 3427 3438 3490 3491 3498 3537 3588 3618 3649 3973 3998 4070 4090 4118 4310 4388 4401 4485 4622 4654 4791 4847 4906 4984 5171 5265 5271 5376 5539 5557 5569 5637 5695 5716 5793 5992 6128 6166 6170 6203 6330 6357 6404 6771 6855 6864 6873 
