#module 0 size: 4 bs: 4.13047e-06
208 713 912 1029 
#module 1 size: 3 bs: 7.99852e-07
106 206 971 
#module 2 size: 5 bs: 2.90272e-05
307 312 354 1285 1366 
#module 3 size: 10 bs: 0.505949
95 143 278 309 341 360 386 648 656 795 
#module 4 size: 11 bs: 1.02916
22 23 24 63 371 378 664 895 896 904 1006 
#module 5 size: 13 bs: 0.28721
65 192 230 308 490 601 668 743 794 867 984 1333 1377 
#module 6 size: 22 bs: 0.178124
82 197 244 405 414 475 659 720 725 833 858 899 950 965 996 1015 1018 1019 1053 1170 1295 1296 
#module 7 size: 15 bs: 1.06284
59 108 133 187 253 417 629 656 736 788 805 825 889 1209 1323 
#module 8 size: 5 bs: 0.290084
289 314 341 458 1033 
#module 9 size: 5 bs: 0.304973
145 346 966 1284 1321 
#module 10 size: 13 bs: 0.397251
74 169 295 366 379 614 667 684 844 873 962 972 1009 
#module 11 size: 24 bs: 0.835423
220 277 333 359 438 471 628 677 681 696 710 747 802 838 854 874 880 913 937 953 978 1041 1275 1302 
#module 12 size: 17 bs: 0.860009
53 62 138 164 181 273 283 529 575 639 651 687 742 791 911 984 1338 
#module 13 size: 20 bs: 0.5673
68 75 125 153 216 227 251 258 285 310 352 395 398 512 755 939 954 1099 1276 1356 
#module 14 size: 25 bs: 0.62297
165 219 255 279 315 354 356 367 372 381 397 431 459 532 621 643 649 722 739 763 818 819 877 902 906 
#module 15 size: 10 bs: 1.04131
90 240 243 325 334 411 491 721 856 881 
#module 16 size: 8 bs: 0.284559
20 33 66 196 483 775 842 1196 
#module 17 size: 9 bs: 0.724326
276 305 361 428 446 612 860 952 1221 
#module 18 size: 11 bs: 0.242731
5 272 406 441 460 464 662 718 857 979 1339 
#module 19 size: 11 bs: 0.901137
33 120 125 189 222 254 609 618 630 1372 1373 
#module 20 size: 32 bs: 0.802129
31 60 80 150 159 170 203 223 326 347 437 447 505 535 564 592 604 607 654 756 761 771 897 921 936 976 1132 1136 1190 1222 1240 1352 
#module 21 size: 10 bs: 0.979021
167 249 282 321 421 588 630 712 947 975 
#module 22 size: 11 bs: 1.09154
48 123 205 216 474 719 892 999 1007 1014 1271 
#module 23 size: 17 bs: 0.483026
49 54 68 69 78 92 105 114 129 153 350 573 582 641 737 806 909 
#module 24 size: 7 bs: 0.884262
73 260 336 353 559 834 1043 
#module 25 size: 48 bs: 1.00759
19 34 64 67 89 100 110 111 187 217 245 294 298 303 322 338 362 389 445 449 475 521 525 530 599 613 616 653 732 770 772 786 812 853 885 910 933 967 968 998 1000 1008 1021 1030 1093 1264 1276 1354 
#module 26 size: 11 bs: 0.460773
66 112 221 299 392 627 642 665 769 1013 1363 
#module 27 size: 9 bs: 0.970603
401 457 683 816 837 878 881 958 1048 
#module 28 size: 16 bs: 0.733891
70 157 225 229 262 351 357 391 539 549 571 600 603 697 814 994 
#module 29 size: 14 bs: 0.319015
57 184 379 427 526 556 615 685 724 744 884 907 980 1078 
#module 30 size: 11 bs: 0.907328
116 251 268 305 388 426 612 760 804 890 1228 
#module 31 size: 46 bs: 1.07691
6 12 87 101 118 127 139 151 194 233 241 318 324 343 349 394 407 419 439 440 531 536 538 551 557 577 583 591 617 636 652 657 678 694 714 716 717 773 821 841 872 1031 1274 1282 1294 1315 
#module 32 size: 12 bs: 0.851901
131 182 238 306 383 558 609 701 797 935 948 1326 
#module 33 size: 8 bs: 0.641339
126 149 213 299 393 522 768 804 
#module 34 size: 13 bs: 0.384742
183 256 497 554 568 670 679 700 824 912 956 977 1025 
#module 35 size: 12 bs: 0.800428
107 130 274 304 373 585 733 855 870 898 947 1370 
#module 36 size: 9 bs: 0.823845
185 258 280 372 711 818 819 828 850 
#module 37 size: 7 bs: 0.335622
168 177 236 726 774 796 1349 
#module 38 size: 32 bs: 0.207826
35 160 180 198 207 246 287 292 330 364 368 448 533 540 605 658 663 686 735 750 801 818 821 822 862 875 903 928 955 1115 1293 1325 
#module 39 size: 28 bs: 0.461663
28 36 86 111 147 284 288 297 396 455 462 473 524 545 555 560 562 595 635 671 734 766 849 864 901 933 1011 1020 
#module 40 size: 31 bs: 0.790453
56 163 212 259 301 317 328 358 390 400 413 420 451 467 532 559 566 581 615 651 682 699 702 745 757 759 808 888 919 951 1016 
#module 41 size: 27 bs: 0.944
17 81 135 152 213 228 271 275 320 325 345 382 576 597 598 608 631 666 748 749 832 863 963 1001 1132 1318 1353 
#module 42 size: 21 bs: 0.110686
1 91 99 102 103 235 296 300 348 375 624 676 715 738 794 830 859 893 908 1149 1283 
#module 43 size: 12 bs: 0.99456
58 119 137 293 370 454 470 541 578 752 823 905 
#module 44 size: 36 bs: 0.560596
113 117 132 210 224 250 264 269 286 327 376 443 472 523 528 533 537 567 596 611 622 632 633 706 730 740 762 799 917 949 997 1164 1177 1272 1273 1298 
#module 45 size: 14 bs: 0.727149
15 25 30 98 214 319 452 553 594 695 809 817 820 851 
#module 46 size: 21 bs: 0.40134
27 50 72 125 134 226 242 248 329 352 434 534 582 655 753 932 1012 1086 1121 1224 1253 
#module 47 size: 19 bs: 0.678862
52 71 79 94 188 200 267 446 476 561 575 615 639 692 722 727 731 790 1258 
#module 48 size: 13 bs: 0.46778
2 140 179 291 316 380 465 569 647 876 938 974 1071 
#module 49 size: 10 bs: 0.972095
284 290 403 410 416 424 453 701 824 985 
#module 50 size: 22 bs: 0.746398
13 16 26 158 195 238 270 522 563 572 620 650 690 708 758 792 794 881 886 960 1218 1267 
#module 51 size: 36 bs: 0.10057
32 76 136 202 211 342 387 408 425 432 433 435 522 544 546 574 623 645 672 705 728 751 783 787 815 827 839 866 960 987 1010 1026 1028 1120 1267 1355 
#module 52 size: 20 bs: 0.727145
20 38 92 122 142 176 190 205 398 402 463 527 548 593 746 800 829 900 1022 1023 
#module 53 size: 19 bs: 0.532714
37 51 55 97 121 146 191 339 575 579 651 673 688 703 765 798 831 882 1202 
#module 54 size: 35 bs: 0.934804
29 124 156 161 199 218 232 252 261 369 374 379 425 466 468 565 610 626 689 704 723 767 784 803 821 840 852 861 869 894 909 914 957 1017 1246 
#module 55 size: 10 bs: 1.07123
3 344 409 461 585 589 644 675 855 878 
#module 56 size: 11 bs: 0.652878
29 144 377 436 586 637 741 829 920 934 962 
#module 57 size: 5 bs: 1.05139
335 693 707 871 970 
#module 58 size: 12 bs: 1.09079
109 231 337 354 363 430 442 550 552 704 969 1362 
#module 59 size: 13 bs: 0.120265
5 115 128 310 422 520 608 701 718 729 764 810 930 
#module 60 size: 36 bs: 0.583305
18 77 88 141 154 201 234 257 331 332 375 404 450 456 543 587 590 640 660 674 691 776 794 811 836 868 891 915 931 988 1058 1112 1150 1183 1277 1325 
#module 61 size: 18 bs: 0.304798
61 268 302 313 350 355 365 385 399 580 606 619 634 646 709 789 916 1092 
