#module 0 size: 6 bs: 0.02343
333 2223 2467 3295 6167 6819 
#module 1 size: 4 bs: 0.0128529
242 520 4501 6676 
#module 2 size: 22 bs: 0.00712997
10 351 492 730 1187 1422 1843 1971 1983 2996 3216 3245 3719 4100 4969 5270 5698 5798 6366 6417 6712 6912 
#module 3 size: 9 bs: 0.285659
1455 1532 1656 2935 2976 3797 3877 4737 6707 
#module 4 size: 6 bs: 0.442677
633 2122 2789 3615 4016 4420 
#module 5 size: 4 bs: 0.279688
3096 3531 4387 5250 
#module 6 size: 15 bs: 0.917283
836 995 1271 1334 1801 2799 3106 3431 3851 4243 4438 5212 5502 5751 6602 
#module 7 size: 6 bs: 0.494861
816 1592 2168 3358 3586 4223 
#module 8 size: 5 bs: 0.415322
6 1127 2077 2773 4694 
#module 9 size: 5 bs: 0.800929
2531 3173 4079 5222 6060 
#module 10 size: 5 bs: 0.750352
324 917 3205 4839 6797 
#module 11 size: 11 bs: 0.630159
98 791 1254 1936 2025 2393 2524 3553 3564 5479 5677 
#module 12 size: 28 bs: 1.09048
285 529 693 864 876 1285 1807 1824 2575 2682 2715 3085 3291 3406 3424 3555 3723 3789 4366 4400 4820 5098 5150 5294 5343 5397 5893 6052 
#module 13 size: 12 bs: 0.932938
169 1963 2041 2584 2790 2927 4558 4966 4987 5496 5644 6772 
#module 14 size: 6 bs: 0.200383
189 754 1283 4361 5963 6743 
#module 15 size: 37 bs: 0.656044
38 265 524 918 1170 1348 1479 1912 2243 2269 2314 2327 2343 2957 3104 3489 3896 4086 4149 4402 4545 4622 4845 5051 5211 5304 5396 5476 5600 5700 5816 5870 5945 6117 6319 6441 6820 
#module 16 size: 28 bs: 0.28505
471 514 796 853 1478 1500 1577 1614 1748 1818 2189 2194 2248 2581 2700 2750 3029 3055 3799 3803 3872 4536 4744 5273 5350 6242 6363 6833 
#module 17 size: 7 bs: 0.611724
971 1705 2002 3253 3456 4975 5793 
#module 18 size: 37 bs: 0.2455
59 232 276 1227 1387 1441 1538 1637 1948 1957 2074 2530 2780 3056 3083 3320 3732 3834 3836 3858 4127 4268 4542 4728 4796 4997 5021 5637 5694 5771 6103 6178 6255 6384 6464 6528 6719 
#module 19 size: 27 bs: 0.223871
584 1925 2134 2141 2417 2863 2893 3041 3127 3158 3382 3518 4314 4615 4619 4630 5353 5421 5451 5493 5730 5774 5975 6009 6224 6513 6648 
#module 20 size: 5 bs: 0.681833
680 1587 3668 5862 6023 
#module 21 size: 9 bs: 0.430918
1408 1617 2468 2870 3272 3678 4930 5612 6603 
#module 22 size: 13 bs: 1.0605
91 243 829 1366 1791 2496 2606 3650 3831 4397 4809 4904 5014 
#module 23 size: 39 bs: 0.724749
42 70 291 505 560 999 1018 1086 1120 1154 1323 1350 1394 1428 1507 1517 1530 1623 1631 1825 2447 2986 3051 3317 3469 3791 3798 3916 4318 4547 4927 5162 5275 5440 5743 5977 6277 6600 6763 
#module 24 size: 10 bs: 0.823228
535 567 691 1102 3117 4042 5025 5280 6119 6628 
#module 25 size: 66 bs: 0.251743
53 148 258 319 335 522 616 666 801 846 881 967 1246 1393 1670 1672 1762 1785 1898 1961 2209 2216 2295 2306 2370 2489 2598 2607 2890 2912 2913 3021 3035 3264 3289 3316 3416 3480 3585 3742 3812 3848 3891 3946 4017 4328 4427 4470 4803 4875 4980 5060 5081 5144 5788 5810 5971 6087 6158 6339 6374 6436 6500 6515 6622 6641 
#module 26 size: 39 bs: 0.48141
193 403 1236 1253 1417 1629 2137 2225 2340 2342 2624 2702 2812 2862 3020 3330 3541 3922 3970 4059 4170 4208 4298 4525 4541 4873 5201 5286 5550 5606 5622 5671 5778 5800 5887 6279 6561 6701 6920 
#module 27 size: 81 bs: 0.355786
66 129 233 313 378 515 527 533 538 576 590 790 878 962 992 1021 1129 1244 1353 1642 1668 1694 1702 1875 1876 1877 2028 2099 2274 2321 2510 2513 2526 2651 2668 2677 2742 2908 3114 3190 3235 3270 3360 3361 3402 3418 3617 3687 3999 4077 4224 4306 4324 4379 4509 4604 4614 4625 4787 4861 4951 5045 5066 5206 5468 5917 5921 6000 6004 6027 6050 6114 6173 6258 6392 6659 6710 6728 6755 6802 6856 
#module 28 size: 62 bs: 0.876829
163 180 278 322 330 604 821 892 968 991 1069 1161 1163 1228 1247 1351 1425 1434 1608 1609 1640 1790 2066 2138 2171 2192 2196 2305 2381 2473 2474 2699 2844 3125 3321 3335 3423 3502 3522 3911 3977 4161 4234 4244 4288 4364 4461 4748 5265 5359 5364 5481 5554 5796 5897 5967 5978 6131 6231 6630 6775 6793 
#module 29 size: 58 bs: 0.395796
257 643 646 777 779 839 848 966 1013 1137 1163 1225 1253 1364 1460 1661 1852 1863 2018 2171 2464 2552 2615 2676 2809 2965 3053 3133 3210 3224 3239 3355 3372 3486 3522 3582 3919 4050 4129 4316 4322 4415 4483 4634 4750 4821 4924 4936 5019 5410 5513 5593 5595 6569 6595 6642 6750 6780 
#module 30 size: 67 bs: 1.0736
281 562 641 808 851 974 1017 1038 1077 1174 1192 1211 1261 1347 1486 1566 1577 1731 1904 1987 2294 2439 2955 2982 3120 3181 3216 3221 3271 3331 3351 3369 3400 3440 3574 3655 3657 3803 3823 3884 3914 4068 4126 4230 4253 4388 4665 4677 4844 4979 4990 5020 5193 5562 5690 5725 5821 5836 5856 5976 6113 6146 6195 6230 6405 6478 6497 
#module 31 size: 56 bs: 0.292371
100 417 900 906 960 1028 1066 1097 1106 1333 1346 1525 1681 1752 1767 1940 2046 2084 2207 2328 2560 2767 2854 3137 3800 3810 3964 4033 4036 4093 4182 4204 4497 4628 4677 4717 5043 5176 5287 5426 5529 5564 5602 5633 5649 5687 5721 5766 5791 6404 6447 6481 6578 6643 6683 6809 
#module 32 size: 23 bs: 0.48258
102 204 1250 1588 2033 2178 2527 2717 3061 3289 3527 4116 4334 4336 4352 4958 5286 5298 5379 5800 5913 6409 6450 
#module 33 size: 25 bs: 0.366634
298 379 611 647 910 951 2849 2930 3258 3409 3441 3458 3914 3936 4303 4346 4465 5193 5204 5230 5427 5889 6043 6619 6892 
#module 34 size: 58 bs: 0.124027
54 77 142 309 326 349 462 502 509 559 695 857 938 943 1005 1147 1294 1323 1492 1503 1509 1513 1517 1649 1871 2070 2148 2337 2847 2923 2928 3089 3105 3296 3324 3371 3516 3684 3990 4547 4729 4800 5072 5143 5292 5366 5477 5586 5907 6059 6332 6389 6413 6580 6677 6757 6829 6919 
#module 35 size: 82 bs: 0.772049
104 119 208 247 376 452 501 637 689 873 912 949 1117 1302 1670 1908 2010 2083 2125 2246 2272 2332 2484 2643 2670 2672 2692 2791 2869 2884 3000 3014 3100 3161 3188 3262 3347 3366 3374 3410 3483 3485 3645 3648 3731 4129 4248 4304 4308 4325 4362 4581 4816 4896 4952 5408 5417 5466 5531 5588 5643 5655 5799 5807 5914 5933 5993 6013 6077 6087 6128 6204 6276 6280 6490 6494 6503 6541 6548 6750 6827 6875 
#module 36 size: 46 bs: 0.712079
19 76 212 218 231 293 675 737 774 778 888 1020 1149 1213 1254 1562 1758 1775 1942 2253 2415 2499 2727 2776 2967 3143 3268 3536 3560 3612 4417 4683 4885 5042 5078 5183 5253 5524 5533 5674 5817 6033 6051 6381 6411 6649 
#module 37 size: 56 bs: 0.820467
122 168 200 310 448 723 865 1181 1288 1409 1993 2015 2054 2126 2314 2336 2378 2401 2509 2798 2945 3017 3151 3182 3474 3489 3517 3602 3637 3896 3997 3998 4053 4103 4294 4343 4379 4568 4775 4780 4794 4879 4912 5051 5340 5423 5609 5667 6117 6299 6345 6588 6729 6754 6859 6906 
#module 38 size: 29 bs: 0.489923
36 1488 1625 2189 2418 2498 2532 2581 2700 3055 3099 3119 3158 3282 3315 3739 4042 4163 4347 4615 5350 5353 5707 5975 6098 6119 6179 6242 6628 
#module 39 size: 45 bs: 0.254773
176 409 614 1010 1109 1349 1358 1457 1630 1682 2555 2625 2687 2783 2897 3018 3227 3290 3328 3340 3629 3638 3781 3815 3867 4255 4403 4554 4684 4738 4827 5338 5410 5607 5785 5787 5932 5970 6025 6058 6246 6372 6379 6397 6421 
#module 40 size: 51 bs: 0.794268
156 461 623 805 852 860 870 1073 1082 1090 1259 1287 1516 2201 2300 2478 2514 2582 2617 3074 3187 3241 3276 3337 3660 3850 3908 3932 4386 4405 4505 4635 4792 5157 5209 5276 5335 5508 5652 5706 5758 5767 5923 6031 6089 6121 6501 6516 6553 6828 6846 
#module 41 size: 44 bs: 0.872566
1 57 414 430 469 670 674 814 1209 1375 1403 1779 1857 2139 2206 2562 2966 3248 3546 3576 3710 3845 4051 4053 4199 4267 4284 4317 4330 4394 4774 5069 5211 5441 5563 6244 6291 6331 6350 6441 6486 6669 6678 6808 
#module 42 size: 40 bs: 0.949929
198 504 528 543 554 602 645 741 786 902 1168 1391 1707 2033 2082 2178 2246 2277 2412 2574 2653 2833 2840 2933 2947 3026 3222 3348 3527 3962 4116 4496 4874 5416 5491 6005 6010 6292 6544 6662 
#module 43 size: 67 bs: 0.672513
273 366 367 376 460 498 785 890 945 949 1009 1074 1144 1151 1301 1305 1448 1633 1670 1878 1907 2162 2246 2272 2484 2490 2740 2845 2994 3161 3194 3395 3415 3439 3485 3601 3963 3994 4269 4310 4353 4365 4428 4443 4476 4581 4660 4751 4881 4926 4952 4989 5073 5096 5100 5106 5124 5449 5462 5655 5711 5748 5896 6276 6424 6709 6852 
#module 44 size: 24 bs: 1.07608
28 274 366 398 407 460 1265 1412 1848 2166 2408 2551 2594 2701 3199 3312 3497 3653 4270 4280 4391 4983 5380 5811 
#module 45 size: 44 bs: 0.651316
69 536 592 640 659 712 840 972 1047 1121 1126 1257 1308 1450 1526 1750 2130 2224 2634 2723 2877 2881 2926 2997 3512 3715 3758 3822 4534 4682 4713 5013 5473 5492 5842 5974 5998 6071 6268 6281 6286 6440 6484 6640 
#module 46 size: 40 bs: 0.797816
183 223 328 337 344 363 482 496 640 1342 1502 1544 1949 1966 1991 2090 2095 2208 2301 2404 2479 2688 2697 2926 3072 3105 3150 3408 3528 3535 4651 5033 5490 5910 5911 6108 6357 6547 6567 6570 
#module 47 size: 25 bs: 0.1861
25 39 451 788 863 1233 1405 1578 1792 1806 1907 2217 2461 3003 3238 3448 3459 3597 3808 3976 4228 4667 5150 5192 6034 
#module 48 size: 100 bs: 0.1836
26 28 276 301 393 543 603 625 729 767 768 1282 1298 1427 1446 1501 1564 1679 1688 1895 1903 2145 2246 2261 2360 2533 2541 2589 2607 2608 2724 2731 2770 2781 2804 2841 2846 2954 2973 3134 3189 3218 3260 3263 3280 3397 3491 3514 3549 3609 3622 3665 3672 3981 3984 4024 4119 4169 4200 4261 4348 4396 4419 4440 4451 4460 4464 4608 4825 4840 4843 4874 4970 4988 5004 5095 5116 5136 5159 5289 5303 5416 5446 5501 5552 5555 5738 5797 5904 6069 6129 6196 6210 6262 6308 6333 6668 6791 6916 6921 
#module 49 size: 104 bs: 0.614602
66 110 129 137 144 161 201 210 226 378 416 585 618 667 688 697 716 871 878 913 952 975 988 1092 1138 1190 1453 1514 1585 1771 1870 1917 1923 1941 2188 2254 2288 2311 2385 2517 2573 2576 2595 2602 2619 2880 2990 3008 3016 3030 3086 3114 3146 3235 3488 3499 3530 3591 3633 3644 3687 3754 3907 3910 3917 4037 4077 4114 4216 4219 4224 4733 4739 4900 4918 4953 5010 5037 5066 5179 5187 5231 5254 5288 5306 5364 5372 5468 5594 5632 5686 5825 5840 5928 5982 6160 6258 6467 6527 6673 6694 6710 6755 6790 
#module 50 size: 43 bs: 0.461475
11 72 133 207 230 281 299 332 369 598 651 805 904 1096 1206 1508 1648 1691 1992 2721 2788 2956 3130 3251 3301 3478 3492 4425 4565 4726 4907 4973 5011 5077 5155 5374 5704 5735 5880 5968 6171 6431 6461 
#module 51 size: 49 bs: 1.09655
46 88 145 162 260 323 432 481 537 740 941 1011 1159 1239 1253 1266 1302 1531 1547 1667 1950 1994 2057 2060 2125 2333 2520 2553 2900 3261 3352 4018 4020 4279 4305 4822 4896 4972 5082 5284 5676 5703 6004 6082 6090 6116 6706 6727 6788 
#module 52 size: 68 bs: 0.498271
87 479 642 663 668 686 728 753 757 944 983 1016 1381 1404 1416 1429 1548 1757 1942 2012 2043 2049 2219 2298 2318 2322 2370 2387 2475 2506 2570 2639 2647 3035 3062 3090 3524 3556 3566 3664 3898 3952 4005 4006 4121 4340 4427 4763 4764 4786 4797 4898 4935 4968 5024 5226 5524 5577 5773 5797 5839 6021 6202 6225 6339 6518 6621 6836 
#module 53 size: 48 bs: 0.39971
78 99 126 195 290 316 365 530 753 783 861 978 1289 1307 1402 1436 1549 1732 1736 1961 2009 2134 2482 2525 2579 2690 2839 2912 3346 3416 3561 3777 3784 3937 3969 4815 4906 4991 5180 5354 5964 6075 6083 6120 6148 6270 6479 6915 
#module 54 size: 21 bs: 0.723481
872 1621 1701 1814 1920 1959 1970 2375 2938 3472 4081 4384 4389 4485 4790 5360 5448 5874 5939 6092 6725 
#module 55 size: 28 bs: 0.423915
235 415 817 1406 1911 2149 2174 2521 2550 2746 3157 3212 3370 3476 3885 4410 4478 4481 4484 4908 5052 5103 5647 5650 5716 6311 6504 6724 
#module 56 size: 36 bs: 1.04319
7 109 400 1099 1152 1439 1713 1725 1768 2123 2323 2886 3160 3350 3454 3606 3843 3888 4140 4189 4469 4551 4803 4846 4895 5167 5168 5525 5719 5792 5846 5906 6006 6115 6439 6562 
#module 57 size: 37 bs: 0.261877
133 143 230 245 308 400 752 887 1232 1457 1627 2057 2190 2362 2421 2810 2820 2895 2956 3345 3350 3454 4249 4305 4430 4579 4684 4808 4846 5264 5295 5410 5929 6562 6592 6605 6638 
#module 58 size: 24 bs: 0.897716
627 682 1031 1461 2713 2744 2765 3780 3795 3801 3806 4031 4595 4675 5149 5267 5442 5842 5853 5882 6253 6285 6576 6839 
#module 59 size: 72 bs: 0.961584
168 353 486 811 877 889 1001 1571 1629 1867 1893 1926 1958 2161 2165 2181 2191 2384 2409 2422 2662 2681 2729 2866 2925 2936 3071 3140 3751 4049 4088 4089 4137 4149 4312 4359 4408 4434 4543 4679 4686 4768 4798 4907 4946 5107 5175 5178 5314 5339 5486 5609 5638 5753 5761 5834 5931 5957 6003 6088 6213 6261 6267 6441 6443 6471 6482 6545 6632 6652 6799 6917 
#module 60 size: 43 bs: 0.305343
239 277 638 847 849 939 958 1064 1201 1308 1350 1463 1533 1628 1657 1710 1744 2711 2814 2832 2872 2972 3736 3802 3841 4168 4817 5195 5224 5325 5756 5814 5855 5857 5898 5951 6026 6039 6321 6499 6531 6545 6726 
#module 61 size: 56 bs: 0.663104
111 193 305 403 448 766 818 822 895 1009 1052 1244 1253 1369 1542 1643 1659 1668 1793 1864 1964 1968 2040 2078 2376 2537 2621 2624 2752 3015 3239 3302 3474 3980 4040 4059 4142 4370 4434 4474 4785 4862 4994 5090 5104 5215 5334 5400 5606 5807 5926 5983 6013 6519 6571 6613 
#module 62 size: 25 bs: 0.340684
1076 1234 1268 1474 1699 2072 2367 2454 2656 2698 3243 3750 3866 4038 4730 4965 5065 5418 5498 6029 6097 6133 6180 6241 6792 
#module 63 size: 31 bs: 0.609745
37 124 807 813 1107 1197 1208 1405 1520 1523 1652 1703 2133 2160 2764 2779 2782 3032 3297 3598 3630 3886 4374 4922 5805 5872 5950 5991 6123 6322 6456 
#module 64 size: 9 bs: 0.621335
271 384 724 1072 2014 2019 2664 3353 6195 
#module 65 size: 107 bs: 0.145824
2 136 146 167 184 265 335 336 347 352 373 410 439 522 601 679 681 948 1010 1012 1133 1252 1261 1278 1306 1388 1465 1575 1653 1669 1711 1783 1786 1935 2049 2062 2120 2172 2187 2268 2296 2330 2370 2544 2592 2620 2695 2783 2912 3004 3035 3077 3168 3211 3365 3368 3403 3412 3507 3511 3647 3788 3938 3946 4015 4104 4255 4279 4314 4331 4348 4359 4371 4419 4448 4449 4490 4589 4619 4652 4797 4961 4967 4986 4988 5057 5070 5084 5239 5358 5385 5483 5503 5515 5642 5684 5789 5985 6206 6244 6523 6529 6671 6696 6724 6836 6861 
#module 66 size: 10 bs: 0.144159
254 422 516 1635 1837 2358 5185 5495 5873 6264 
#module 67 size: 40 bs: 0.575054
22 343 359 430 1019 2139 2184 2193 2304 2331 2341 2492 2626 2793 2874 3001 3148 3209 3231 3317 3398 3820 3892 4292 4383 4761 4777 4793 4872 5046 5170 5368 5373 5482 5891 6078 6177 6200 6317 6549 
#module 68 size: 62 bs: 0.987738
74 79 123 172 387 394 425 523 792 911 919 932 1024 1032 1035 1084 1199 1215 1392 1468 1582 1731 1753 1789 1797 2097 2249 2400 2704 2811 2816 2920 2941 2952 3042 3043 3098 3229 3430 3466 3953 4041 4221 4569 4632 4716 5076 5118 5148 5160 5220 5234 5614 5630 5724 5739 6144 6249 6334 6417 6430 6628 
#module 69 size: 46 bs: 0.315256
74 80 394 418 770 825 911 932 1223 1457 1466 1493 1630 1700 1733 2065 2249 2337 2660 2762 2796 2920 3025 3042 3708 3925 4158 4445 4688 4699 4738 4855 5186 5430 5590 5614 5651 5763 5929 6061 6304 6334 6403 6534 6699 6762 
#module 70 size: 76 bs: 1.00774
160 297 391 402 495 593 677 701 736 742 898 956 1007 1230 1258 1607 1612 1660 1665 1930 2000 2127 2309 2352 2446 2477 2500 2556 2578 2623 2628 2792 2830 3060 3177 3354 3356 3362 3515 3534 3656 3846 3869 3941 3942 3988 4008 4013 4102 4109 4333 4450 4468 4592 4795 4963 5086 5299 5413 5424 5429 5584 5713 5752 5786 5958 6070 6203 6383 6407 6434 6445 6556 6744 6751 6871 
#module 71 size: 87 bs: 0.807423
183 250 326 338 364 440 509 536 653 698 726 769 907 955 1083 1183 1292 1342 1555 1720 1735 1780 1787 1811 2007 2106 2131 2135 2200 2235 2267 2357 2386 2404 2424 2566 2865 3048 3072 3139 3150 3192 3202 3332 3362 3463 3520 3596 3711 3912 3975 3993 4045 4155 4277 4345 4577 4639 4651 4762 4772 4847 4884 4974 4996 5043 5127 5141 5188 5218 5386 5488 5672 5775 5808 6105 6122 6273 6300 6390 6442 6454 6560 6583 6586 6639 6851 
#module 72 size: 14 bs: 0.815378
165 1085 2011 2538 3178 3426 4139 4701 5071 5087 6065 6306 6584 6810 
#module 73 size: 65 bs: 0.778543
118 197 206 256 297 531 701 742 1000 1334 1415 1612 1759 2000 2035 2073 2157 2203 2346 2446 2500 2554 2556 2819 2857 2958 2963 3542 3655 3656 3782 3813 3816 3915 4015 4092 4099 4162 4323 4438 4450 4783 4806 5020 5083 5131 5202 5299 5337 5693 5729 5752 5786 6066 6228 6269 6303 6415 6420 6495 6579 6602 6604 6740 6751 
#module 74 size: 30 bs: 0.979902
35 49 237 306 423 442 1517 1580 1851 2048 2227 2238 2879 2894 3420 3627 3749 3779 3930 4433 4597 4671 4703 4711 5648 5663 5715 5858 5869 5927 
#module 75 size: 84 bs: 0.938026
28 32 155 240 382 388 559 622 643 657 673 718 740 777 896 966 1013 1137 1195 1225 1241 1372 1400 1874 1909 1934 1938 2114 2158 2324 2414 2455 2457 2464 2676 2714 2760 2766 2815 2871 2887 3224 3299 3355 3496 3501 3540 3582 3639 3873 4026 4207 4282 4316 4322 4327 4390 4391 4483 4491 4575 4788 4821 4852 4867 4924 4967 5266 5450 5552 5595 5624 5795 5807 5944 6080 6162 6201 6391 6463 6511 6664 6695 6760 
#module 76 size: 59 bs: 0.222867
53 113 148 183 216 283 583 594 1153 1200 1376 1438 1738 1762 1772 1781 1795 1805 2242 2392 2495 2732 2827 2913 2970 3287 3373 3567 3812 3929 3948 4019 4273 4321 4470 4504 4546 4564 4578 4582 4588 4803 4864 4962 5144 5342 5362 5518 5616 5726 6081 6102 6135 6175 6376 6554 6778 6903 6922 
#module 77 size: 94 bs: 0.207655
48 86 435 583 656 705 744 855 984 989 1037 1243 1270 1338 1581 1610 1624 1723 1729 1869 1888 1916 1919 1980 1981 2022 2024 2334 2347 2354 2441 2508 2565 2739 2754 2842 2962 3198 3249 3275 3285 3288 3329 3413 3498 3587 3649 3680 3711 3726 3852 3924 4241 4242 4253 4277 4291 4344 4389 4401 4452 4479 4826 4853 4939 4976 4996 5015 5101 5172 5199 5377 5411 5456 5540 5610 5723 5736 5772 5934 5990 6135 6165 6170 6310 6393 6507 6601 6739 6741 6776 6807 6876 6918 
#module 78 size: 69 bs: 0.410351
96 162 389 519 568 745 809 1026 1262 1449 1526 1527 1531 1664 2179 2183 2325 2397 2437 2503 2590 2618 2712 2851 2868 2949 3024 3038 3154 3156 3640 3793 3854 4265 4562 4606 4659 4738 4894 5029 5169 5207 5244 5289 5290 5303 5312 5355 5469 5507 5543 5572 5592 5918 5969 6001 6016 6036 6041 6058 6095 6137 6239 6334 6617 6706 6803 6826 6905 
#module 79 size: 48 bs: 0.990998
45 88 405 466 545 556 608 735 750 1154 1395 1430 1547 1613 1773 1989 2096 2286 2293 2331 2355 2383 2423 2433 2444 2462 3209 3539 3600 3826 3983 4017 4258 4332 4508 4972 4984 5189 5385 5457 5515 5568 5876 5956 6090 6517 6627 6651 
#module 80 size: 31 bs: 0.405871
34 138 295 476 807 940 1059 1064 1091 1189 1300 1573 1712 1714 2003 2215 2395 2491 2723 2754 2779 3064 3163 3304 4201 4736 5287 5471 5695 6328 6795 
#module 81 size: 46 bs: 0.922399
123 394 434 617 1309 1323 1339 1345 1350 1392 1398 1489 1517 1530 1616 1731 1800 1825 2313 2402 2860 2941 2982 2986 3098 3805 3953 4175 4547 4561 4690 4993 5160 5234 5376 5440 5630 5708 5776 5784 5844 5977 6094 6318 6629 6860 
#module 82 size: 93 bs: 0.491338
15 125 194 253 437 494 624 636 752 860 942 984 1104 1184 1293 1365 1620 1634 1760 1812 1890 1910 2044 2093 2175 2265 2280 2362 2419 2421 2508 2558 2568 2689 2694 2777 2794 2808 2850 2885 2950 3122 3232 3324 3454 3468 3533 3587 3804 3955 4010 4095 4252 4339 4368 4399 4413 4414 4871 4887 4985 5005 5130 5184 5264 5387 5458 5485 5500 5540 5610 5740 5881 5929 5934 6084 6089 6161 6192 6211 6229 6288 6364 6388 6469 6507 6526 6582 6590 6606 6863 6869 6876 
#module 83 size: 54 bs: 0.271903
75 248 262 420 453 1030 1034 1060 1094 1327 1452 1504 1681 1743 1829 2108 2111 2561 2706 2707 2753 2763 2765 2937 2942 2943 2979 2988 3155 3229 3752 3802 3982 4057 4087 4356 4704 5080 5176 5214 5242 5297 5470 5710 5864 5888 5973 6047 6100 6609 6732 6848 6857 6923 
#module 84 size: 36 bs: 0.313711
153 190 196 406 579 1022 1473 1497 1812 1820 1957 2284 2481 2722 2749 2852 2998 3305 3587 3692 3694 4446 4535 4574 4647 4824 4854 5113 5171 6260 6320 6525 6606 6711 6784 6854 
#module 85 size: 42 bs: 0.198001
3 447 542 581 902 1096 1295 1477 1722 2093 2117 2202 2233 2275 2428 2436 2519 2525 2784 2805 2948 3141 3164 3313 3427 3438 3568 3588 4326 4435 4784 4943 5067 5161 5229 5395 5447 5830 6599 6680 6781 6888 
#module 86 size: 19 bs: 0.890347
4 357 890 1687 2161 3255 3487 3636 4392 4556 4860 5107 5391 5617 6653 6709 6716 6891 6909 
#module 87 size: 71 bs: 0.944664
142 188 246 312 385 484 557 706 799 1145 1293 1413 1437 1689 1834 1914 1946 1947 2086 2170 2235 2365 2430 2431 2611 2674 2710 2905 2944 3267 3322 3563 3681 3730 3849 4001 4014 4082 4323 4339 4367 4473 4577 4583 4639 4720 4801 4925 4932 5094 5318 5508 5658 5674 5727 5767 5827 5911 6085 6121 6191 6330 6367 6575 6625 6693 6759 6806 6896 6908 6910 
#module 88 size: 70 bs: 0.519223
244 270 421 453 457 587 592 659 683 876 1054 1162 1169 1240 1276 1291 1420 1442 1459 1486 1529 1569 1601 1605 1674 1778 1896 1913 2214 2348 2379 2411 2515 2706 2823 2932 2964 2975 3155 3392 3570 3753 3778 3796 4154 4319 4363 4760 5305 5327 5645 5653 5731 5780 5842 5845 5953 6057 6185 6198 6205 6238 6282 6309 6315 6422 6482 6485 6597 6644 
#module 89 size: 48 bs: 0.625524
211 561 572 628 719 797 1217 1245 1310 1418 1464 1541 1599 1648 1783 1796 1833 1899 1927 1928 2068 2349 2350 2353 2613 2889 3113 3201 3445 3461 3573 3727 4138 4198 4222 4549 4722 4802 4992 5018 5382 5459 5548 5875 5903 6558 6739 6811 
#module 90 size: 42 bs: 0.461387
148 151 336 561 628 681 764 775 854 1188 1278 1396 1483 1498 1636 1783 1892 2120 2493 2624 2669 2695 2889 2953 3377 3412 3580 3743 3785 3875 4180 4313 4829 5109 5357 5358 5472 5503 6206 6380 6419 6700 
#module 91 size: 30 bs: 0.153462
395 416 589 618 743 1029 1092 1095 1263 1320 1495 2379 2588 2771 2882 3065 3075 3088 4662 4734 4740 5037 5125 5187 5369 5908 6427 6480 6785 6866 
#module 92 size: 25 bs: 0.336083
177 692 731 1029 1318 1480 2303 2593 2604 3028 3091 3788 5037 5233 5277 5460 5506 5510 5668 6022 6134 6432 6462 6694 6898 
#module 93 size: 63 bs: 0.814426
112 282 327 397 562 614 781 851 1038 1103 1148 1211 1223 1272 1630 1746 2183 2339 2460 2542 2627 2757 2824 2955 2982 3024 3193 3196 3369 3537 3613 3629 3747 3767 3818 3884 3960 4192 4230 4413 4554 4599 4627 4650 4706 4789 4804 5117 5659 5725 5741 5836 5941 6038 6110 6149 6232 6246 6263 6305 6549 6698 6812 
#module 94 size: 78 bs: 0.924128
47 135 160 267 321 447 542 557 598 648 700 804 880 1036 1096 1378 1423 1561 1612 1655 1777 2042 2092 2398 2488 2519 2562 2569 2628 2632 2784 2864 2948 2968 3327 3393 3421 3438 3446 3500 3620 3769 3824 3846 3859 3943 4085 4184 4275 4323 4326 4351 5012 5034 5133 5299 5326 5345 5437 5556 5569 5699 5713 5771 5786 5866 5938 5952 6214 6365 6408 6502 6599 6703 6781 6816 6830 6843 
#module 95 size: 35 bs: 0.952842
9 115 231 249 279 370 385 661 830 1156 1590 1646 1698 1784 2008 2055 2580 3490 3608 3614 3903 4278 4526 4878 4890 4909 5336 5386 5672 5696 6011 6256 6626 6705 6756 
#module 96 size: 1 bs: 1
65 
#module 97 size: 1 bs: 1
2959 
#module 98 size: 1 bs: 1
97 
#module 99 size: 1 bs: 1
6314 
#module 100 size: 1 bs: 1
192 
#module 101 size: 1 bs: 1
2855 
#module 102 size: 1 bs: 1
377 
#module 103 size: 1 bs: 1
5415 
#module 104 size: 1 bs: 1
518 
#module 105 size: 1 bs: 1
3847 
#module 106 size: 1 bs: 1
982 
#module 107 size: 1 bs: 1
13 
#module 108 size: 1 bs: 1
1654 
#module 109 size: 1 bs: 1
1186 
#module 110 size: 1 bs: 1
1841 
#module 111 size: 1 bs: 1
3174 
#module 112 size: 1 bs: 1
1965 
#module 113 size: 1 bs: 1
541 
#module 114 size: 1 bs: 1
2173 
#module 115 size: 1 bs: 1
5153 
#module 116 size: 1 bs: 1
5954 
#module 117 size: 1 bs: 1
2545 
#module 118 size: 1 bs: 1
5068 
#module 119 size: 1 bs: 1
3523 
#module 120 size: 1 bs: 1
2308 
#module 121 size: 1 bs: 1
3679 
#module 122 size: 1 bs: 1
1218 
#module 123 size: 1 bs: 1
3786 
#module 124 size: 1 bs: 1
3783 
#module 125 size: 1 bs: 1
4151 
#module 126 size: 1 bs: 1
4436 
#module 127 size: 1 bs: 1
5660 
#module 128 size: 1 bs: 1
5142 
#module 129 size: 1 bs: 1
6247 
#module 130 size: 1 bs: 1
5781 
#module 131 size: 1 bs: 1
2992 
#module 132 size: 1 bs: 1
3605 
#module 133 size: 1 bs: 1
5912 
#module 134 size: 1 bs: 1
3906 
#module 135 size: 1 bs: 1
459 
#module 136 size: 1 bs: 1
1118 
#module 137 size: 1 bs: 1
463 
#module 138 size: 1 bs: 1
4437 
#module 139 size: 1 bs: 1
472 
#module 140 size: 1 bs: 1
3349 
#module 141 size: 1 bs: 1
5093 
#module 142 size: 1 bs: 1
1039 
#module 143 size: 1 bs: 1
2901 
#module 144 size: 1 bs: 1
1045 
#module 145 size: 1 bs: 1
1454 
#module 146 size: 1 bs: 1
1171 
#module 147 size: 1 bs: 1
6720 
#module 148 size: 1 bs: 1
1185 
#module 149 size: 1 bs: 1
1229 
#module 150 size: 1 bs: 1
1414 
#module 151 size: 1 bs: 1
1242 
#module 152 size: 1 bs: 1
6787 
#module 153 size: 1 bs: 1
1363 
#module 154 size: 1 bs: 1
4641 
#module 155 size: 1 bs: 1
1485 
#module 156 size: 1 bs: 1
2680 
#module 157 size: 1 bs: 1
6506 
#module 158 size: 1 bs: 1
1618 
#module 159 size: 1 bs: 1
6093 
#module 160 size: 1 bs: 1
1647 
#module 161 size: 1 bs: 1
4524 
#module 162 size: 1 bs: 1
2907 
#module 163 size: 1 bs: 1
2315 
#module 164 size: 1 bs: 1
3704 
#module 165 size: 1 bs: 1
5681 
#module 166 size: 1 bs: 1
2516 
#module 167 size: 1 bs: 1
3961 
#module 168 size: 1 bs: 1
2559 
#module 169 size: 1 bs: 1
2633 
#module 170 size: 1 bs: 1
2610 
#module 171 size: 1 bs: 1
5989 
#module 172 size: 1 bs: 1
4194 
#module 173 size: 1 bs: 1
2743 
#module 174 size: 1 bs: 1
3623 
#module 175 size: 1 bs: 1
5008 
#module 176 size: 1 bs: 1
3136 
#module 177 size: 1 bs: 1
6837 
#module 178 size: 1 bs: 1
3451 
#module 179 size: 1 bs: 1
5841 
#module 180 size: 1 bs: 1
3770 
#module 181 size: 1 bs: 1
6324 
#module 182 size: 1 bs: 1
3883 
#module 183 size: 1 bs: 1
5151 
#module 184 size: 1 bs: 1
4453 
#module 185 size: 1 bs: 1
6913 
#module 186 size: 1 bs: 1
5618 
#module 187 size: 1 bs: 1
5794 
#module 188 size: 1 bs: 1
6452 
#module 189 size: 1 bs: 1
6593 
