#module 0 size: 2 bs: 7.86551e-101
160 3952 
#module 1 size: 2 bs: 6.00797e-101
884 5063 
#module 2 size: 2 bs: 1.12254e-101
5802 6849 
#module 3 size: 2 bs: 4.26004e-101
2235 5148 
#module 4 size: 3 bs: 0.000119098
2055 5267 5597 
#module 5 size: 2 bs: 9.48977e-101
5502 6717 
#module 6 size: 2 bs: 7.92133e-101
4751 4838 
#module 7 size: 5 bs: 2.57234e-101
175 1310 1495 1941 5418 
#module 8 size: 5 bs: 3.60248e-07
625 2437 2765 3632 6671 
#module 9 size: 4 bs: 9.17793e-101
818 1794 2340 4566 
#module 10 size: 2 bs: 9.31284e-101
3285 3651 
#module 11 size: 3 bs: 4.88786e-101
677 2582 3884 
#module 12 size: 2 bs: 2.99304e-101
1212 4757 
#module 13 size: 3 bs: 7.5138e-101
1018 3469 5937 
#module 14 size: 2 bs: 3.12662e-101
4305 5396 
#module 15 size: 18 bs: 6.11833e-101
193 334 824 1642 1727 1748 1749 2003 2045 2347 2881 3056 3508 5224 5232 5303 5686 5878 
#module 16 size: 3 bs: 3.63756e-102
2182 2739 6416 
#module 17 size: 2 bs: 3.66306e-101
2356 2912 
#module 18 size: 5 bs: 4.01507e-102
1924 2079 4141 4355 6192 
#module 19 size: 3 bs: 6.10291e-101
2551 5722 6680 
#module 20 size: 2 bs: 4.47963e-101
340 2050 
#module 21 size: 2 bs: 3.21585e-101
532 1450 
#module 22 size: 3 bs: 5.20362e-101
246 324 4384 
#module 23 size: 15 bs: 6.38314e-102
397 494 984 1388 1684 1695 2676 3130 5146 5152 5505 5742 5744 5959 6623 
#module 24 size: 10 bs: 2.12115e-101
520 1602 2715 2860 3298 3965 4309 4543 5206 5253 
#module 25 size: 12 bs: 1.89367e-101
745 791 2543 2578 3503 4147 4462 4497 5745 6229 6452 6471 
#module 26 size: 4 bs: 8.49992e-101
2026 2917 2973 5194 
#module 27 size: 2 bs: 5.17153e-101
589 3085 
#module 28 size: 4 bs: 2.22045e-16
1215 2054 2756 6524 
#module 29 size: 2 bs: 3.78556e-101
386 2298 
#module 30 size: 14 bs: 4.25818e-101
41 471 557 1772 2146 3513 4292 4364 4999 5603 5617 6123 6264 6727 
#module 31 size: 14 bs: 5.00961e-101
56 413 896 920 1436 1820 2127 2266 3172 3569 3964 5806 6340 6501 
#module 32 size: 5 bs: 3.99915e-101
1786 2793 2950 3586 4934 
#module 33 size: 3 bs: 2.30918e-101
712 3437 5769 
#module 34 size: 5 bs: 3.24781e-101
15 2723 2929 6177 6435 
#module 35 size: 3 bs: 2.29838e-101
61 876 2182 
#module 36 size: 2 bs: 6.77427e-101
4001 6160 
#module 37 size: 4 bs: 5.55112e-16
994 1407 3586 3982 
#module 38 size: 7 bs: 1.27828e-101
939 2193 2312 3310 4213 5590 5868 
#module 39 size: 21 bs: 2.87502e-10
379 655 661 989 1015 1138 1174 1432 1659 2066 3056 3239 3263 3386 4297 4402 4423 4635 4972 5011 6873 
#module 40 size: 3 bs: 9.86229e-101
1209 1632 4901 
#module 41 size: 4 bs: 7.41665e-10
416 1315 3414 5434 
#module 42 size: 2 bs: 2.55923e-101
274 3639 
#module 43 size: 4 bs: 8.10143e-101
2651 3938 6053 6086 
#module 44 size: 11 bs: 2.15816e-101
209 1692 1749 2872 3707 3763 5127 5622 5794 6779 6807 
#module 45 size: 28 bs: 1.40998e-14
33 267 669 743 789 1270 1437 1677 1704 2538 2612 3194 3619 3817 3830 3875 4081 4095 4158 4367 4391 4517 4954 4959 5171 5232 5986 6509 
#module 46 size: 3 bs: 7.67659e-101
1118 2610 4455 
#module 47 size: 4 bs: 6.12327e-101
426 562 2750 5614 
#module 48 size: 3 bs: 7.63561e-101
3183 3267 6231 
#module 49 size: 12 bs: 2.22823e-05
323 1961 2859 3171 3201 3599 4782 4958 4974 5629 5876 6203 
#module 50 size: 21 bs: 1.5812e-06
124 267 439 669 754 823 1331 1425 2061 2373 2473 3059 3090 3303 3554 5405 5439 5761 5994 6309 6810 
#module 51 size: 8 bs: 3.8162e-102
1275 1626 1902 1994 2402 6067 6394 6526 
#module 52 size: 8 bs: 4.51232e-101
717 728 1000 1053 2184 2286 5055 5324 
#module 53 size: 3 bs: 1.05266e-101
3538 5246 5957 
#module 54 size: 5 bs: 6.62703e-12
605 3297 3609 4093 4802 
#module 55 size: 13 bs: 1.17119e-10
384 528 548 1337 1437 1781 2817 3017 3521 5164 5366 5594 6777 
#module 56 size: 4 bs: 3.76401e-101
2154 3962 4005 4365 
#module 57 size: 3 bs: 1.73005e-101
854 2499 6651 
#module 58 size: 8 bs: 2.34938e-102
429 1273 1428 2509 2691 3388 6172 6266 
#module 59 size: 2 bs: 9.4928e-101
2088 5535 
#module 60 size: 5 bs: 2.73115e-102
1549 2101 3166 4524 5054 
#module 61 size: 5 bs: 2.89442e-101
3681 4469 4774 5761 6328 
#module 62 size: 8 bs: 3.03814e-101
1160 1599 2141 3542 5574 6268 6434 6443 
#module 63 size: 10 bs: 7.8179e-101
32 392 630 2343 3128 3312 4676 4794 5504 5954 
#module 64 size: 11 bs: 3.24299e-101
2007 2788 3216 4922 5419 5963 6178 6655 6716 6779 6870 
#module 65 size: 11 bs: 9.70129e-101
207 264 2143 3527 3908 4029 4221 4684 4764 6108 6532 
#module 66 size: 72 bs: 0.0708775
129 260 501 584 623 654 725 956 968 1171 1272 1473 1545 1607 1755 1814 1851 1948 2070 2344 2430 2448 2531 2671 2828 2949 2960 3035 3264 3502 3643 3800 3884 3914 3924 3969 4092 4151 4269 4277 4284 4290 4387 4410 4484 4503 4518 4533 4594 4637 4695 4822 4997 5086 5100 5147 5174 5581 5669 5849 5861 6103 6158 6180 6216 6238 6254 6356 6433 6527 6574 6648 
#module 67 size: 23 bs: 9.89872e-101
388 620 1295 1848 1949 2011 2098 2620 3611 3622 3649 3804 4138 4415 4541 5124 5172 5231 5354 5759 6459 6507 6895 
#module 68 size: 8 bs: 0.512691
417 1029 2609 3598 4395 4723 6052 6802 
#module 69 size: 15 bs: 0.73776
1089 1335 2432 2945 2958 3027 3291 3388 3403 3723 3781 4780 5032 6104 6237 
#module 70 size: 12 bs: 0.250321
45 128 611 633 930 1211 1335 1719 3165 3691 4499 6858 
#module 71 size: 6 bs: 1.04862
1606 2537 3296 4887 5941 6489 
#module 72 size: 7 bs: 0.286059
161 997 1072 3903 6046 6075 6456 
#module 73 size: 3 bs: 0.812334
1276 3436 6226 
#module 74 size: 9 bs: 0.336376
64 241 708 1751 2215 3249 3280 6500 6736 
#module 75 size: 9 bs: 0.463439
1115 1817 2114 3770 4667 4711 5073 5733 5810 
#module 76 size: 6 bs: 0.618104
278 1223 2387 4104 4235 6369 
#module 77 size: 8 bs: 1.01296
1134 2176 3268 4069 4817 5111 5258 5680 
#module 78 size: 10 bs: 0.399465
3 1761 3516 3782 4212 5953 6249 6297 6330 6337 
#module 79 size: 9 bs: 0.915152
614 1754 2598 3045 3224 3730 3812 6134 6391 
#module 80 size: 13 bs: 0.685762
247 604 1304 1789 2198 2269 2613 2768 4379 4570 5508 5839 5862 
#module 81 size: 9 bs: 0.605504
22 172 391 756 1752 1959 3032 4390 6510 
#module 82 size: 4 bs: 0.846254
1008 1880 5287 5780 
#module 83 size: 4 bs: 0.973707
1352 4539 4827 6419 
#module 84 size: 9 bs: 0.163903
464 1106 1470 1620 2132 4384 5421 5478 6497 
#module 85 size: 6 bs: 0.948109
57 1724 3253 4253 5533 6588 
#module 86 size: 11 bs: 0.255737
550 802 1170 1417 2509 3029 3466 3634 4624 5200 5896 
#module 87 size: 8 bs: 0.549964
554 1248 2305 2686 3459 3796 5447 6376 
#module 88 size: 18 bs: 0.906777
48 117 267 669 849 1514 1960 2538 3059 3865 4263 4301 4391 4778 4804 4959 5704 6592 
#module 89 size: 10 bs: 0.181139
17 1221 1498 1557 1746 3157 3242 3317 4773 5852 
#module 90 size: 25 bs: 0.905223
1569 1707 2179 2311 2443 2523 2877 3664 3692 4293 4354 4362 4547 4550 4661 4851 5078 5116 5184 5236 5500 5762 5972 6300 6546 
#module 91 size: 7 bs: 0.762531
631 1914 2101 2692 4041 4813 6554 
#module 92 size: 38 bs: 0.208047
163 245 394 891 1023 1202 1501 1891 1978 2366 2464 2631 2929 3043 3245 3355 3406 3455 3689 3749 3809 4156 4442 4514 4590 4617 4639 4651 4783 4879 4920 5009 5788 5843 5857 6290 6336 6449 
#module 93 size: 10 bs: 1.08004
450 557 1091 1157 1355 2959 3608 4265 5770 6759 
#module 94 size: 7 bs: 0.507963
57 1672 1792 3061 4242 4681 4949 
#module 95 size: 12 bs: 0.903017
185 342 1051 1628 2504 3631 3901 4107 4492 4693 5790 5930 
#module 96 size: 10 bs: 0.387154
249 1159 1861 2087 2653 3151 3412 3416 3500 4088 
#module 97 size: 13 bs: 0.900666
402 447 1354 1807 1979 2477 3185 3237 3526 4344 4976 6102 6323 
#module 98 size: 9 bs: 0.338499
977 1010 1179 1592 2602 3995 4057 5696 5740 
#module 99 size: 4 bs: 0.970662
415 2038 3327 3491 
#module 100 size: 11 bs: 1.01696
1003 2183 2226 3413 3519 3697 4531 4996 5205 5457 6534 
#module 101 size: 13 bs: 0.842127
20 640 1848 2571 2845 3373 3827 3917 4419 4481 5389 5509 6459 
#module 102 size: 6 bs: 0.499976
1649 3478 3564 3910 4584 5515 
#module 103 size: 11 bs: 0.372714
32 576 667 1412 1571 2224 3559 3977 4053 4821 4853 
#module 104 size: 7 bs: 0.594304
632 3108 3235 4108 4609 5403 5851 
#module 105 size: 11 bs: 0.420483
89 699 712 778 3496 5893 6051 6508 6547 6791 6860 
#module 106 size: 11 bs: 0.925269
960 1840 3426 3642 3808 3881 4133 4246 4848 5548 5668 
#module 107 size: 8 bs: 0.633283
171 1095 1261 1265 2003 2017 3611 5754 
#module 108 size: 43 bs: 0.254901
150 182 533 814 985 1110 1112 1269 1723 1782 1886 2111 2234 2277 2351 2396 2424 2664 2901 2951 3041 3162 3232 3240 3802 3902 3943 4030 4139 4255 4271 4542 4585 4625 4910 4941 5137 5157 5266 5891 6176 6371 6861 
#module 109 size: 5 bs: 0.69082
476 2202 2484 3479 4199 
#module 110 size: 9 bs: 0.107659
173 2704 3421 3773 4777 5291 5701 5908 6825 
#module 111 size: 24 bs: 0.978325
294 306 1144 1443 1624 2243 2345 2449 2520 2586 2747 3662 3794 5401 5609 5779 6007 6096 6165 6206 6362 6659 6804 6855 
#module 112 size: 3 bs: 0.926971
529 3970 6095 
#module 113 size: 13 bs: 0.172072
18 385 439 819 1393 2486 2577 2674 4056 4091 4336 4460 4888 
#module 114 size: 18 bs: 0.392995
1433 1625 2123 2157 2584 2817 3023 3417 3521 3593 3734 3909 3967 4252 5116 5164 5594 6461 
#module 115 size: 9 bs: 0.240394
485 751 1118 2585 3342 3567 3993 4615 5370 
#module 116 size: 4 bs: 0.387357
1128 2083 2350 3766 
#module 117 size: 7 bs: 0.507777
3060 3372 4026 4267 4898 4915 5624 
#module 118 size: 23 bs: 0.833252
99 135 222 424 603 1622 1777 2221 2260 2998 3001 3135 3288 3743 4295 4416 4689 5119 5179 6379 6599 6651 6901 
#module 119 size: 8 bs: 0.166712
826 1302 2169 2210 4024 4686 5451 5525 
#module 120 size: 5 bs: 0.597586
371 1708 2338 4351 6436 
#module 121 size: 14 bs: 0.147392
575 1621 1844 2209 3013 3129 3387 3652 4861 5481 5952 5966 5979 6544 
#module 122 size: 10 bs: 0.622425
442 506 1104 2267 2728 2780 4500 5244 5510 6483 
#module 123 size: 5 bs: 0.359536
213 596 5975 6636 6722 
#module 124 size: 18 bs: 0.6373
599 791 886 888 1262 1876 1887 2013 2700 3467 4163 4335 4397 4428 4462 5261 6269 6471 
#module 125 size: 24 bs: 0.656545
398 468 475 1378 1655 1918 1971 2059 2421 2468 2800 2978 3125 3419 3858 3947 4050 4058 5016 5948 6142 6148 6479 6869 
#module 126 size: 5 bs: 0.638993
744 830 2004 3466 5076 
#module 127 size: 5 bs: 0.229946
2281 2671 3657 4193 4772 
#module 128 size: 6 bs: 0.451505
1236 5118 5467 5712 5731 5801 
#module 129 size: 26 bs: 0.765282
149 344 738 1066 1067 1798 1905 2159 2232 2293 2735 2797 3024 3092 3155 4004 4063 4073 4592 4800 4942 5325 6001 6016 6072 6382 
#module 130 size: 6 bs: 0.814116
418 1842 3584 5193 5832 6765 
#module 131 size: 7 bs: 0.438178
919 1665 2047 2064 4710 5162 6562 
#module 132 size: 7 bs: 0.14534
134 1151 4043 5360 5751 6245 6313 
#module 133 size: 31 bs: 0.273784
153 384 520 543 734 793 805 890 1020 1297 1326 1390 1865 1897 1952 1980 2654 2702 3252 3562 4027 4388 4495 4919 5350 5461 6032 6093 6378 6633 6674 
#module 134 size: 13 bs: 1.05737
842 1685 2481 3217 3308 3786 3792 4045 5274 5830 6493 6783 6784 
#module 135 size: 24 bs: 0.446378
77 686 1012 1082 1166 1220 1678 1942 2349 2545 2733 2758 2766 3063 3565 3669 4127 4208 4533 4574 5023 5642 6145 6191 
#module 136 size: 12 bs: 0.286559
214 304 2716 2734 2951 3495 3954 4238 5221 5444 6176 6675 
#module 137 size: 4 bs: 0.42971
1471 1977 5059 6426 
#module 138 size: 5 bs: 0.47662
177 1640 2855 3641 5098 
#module 139 size: 6 bs: 1.08886
1296 2474 3113 3684 6308 6506 
#module 140 size: 5 bs: 0.683322
3897 5336 5807 6137 6522 
#module 141 size: 6 bs: 0.584558
612 979 1231 3328 5703 6040 
#module 142 size: 5 bs: 0.551317
95 452 2829 3806 5453 
#module 143 size: 17 bs: 0.530496
372 617 760 1270 1884 2331 3377 3830 3989 4762 4812 5411 5536 5711 6346 6406 6645 
#module 144 size: 33 bs: 0.818701
283 481 555 642 733 937 1556 2120 2127 2251 2386 2792 2903 3020 3071 3324 3535 3536 3636 3712 4304 4439 4470 4832 5382 5450 5503 5543 5551 6099 6121 6262 6374 
#module 145 size: 12 bs: 0.16811
141 281 835 1361 1855 2046 2206 2491 3671 5377 6393 6555 
#module 146 size: 5 bs: 0.420584
479 737 2526 3036 3524 
#module 147 size: 19 bs: 0.342951
16 225 1554 2257 2454 2831 3431 3825 4355 4712 4756 5161 5385 5695 6124 6260 6262 6392 6451 
#module 148 size: 8 bs: 1.02378
688 1024 1188 2122 2720 2777 4767 5702 
#module 149 size: 12 bs: 0.10436
1324 2198 2405 3062 4331 4588 4811 4839 4948 5432 5730 6085 
#module 150 size: 8 bs: 0.478449
253 695 2914 3626 3991 4217 5598 6409 
#module 151 size: 5 bs: 0.9206
405 1252 1263 2074 3860 
#module 152 size: 40 bs: 0.376947
242 420 550 591 616 750 787 834 948 1442 1506 1805 1882 2160 2288 2795 2975 3057 3145 3186 3401 3705 4123 4186 4256 4494 4647 4720 4759 4834 5228 5267 5527 5649 5764 5825 6118 6270 6295 6610 
#module 153 size: 37 bs: 0.56776
113 206 414 450 538 690 868 1080 1081 1137 1637 1731 1822 1823 2466 2847 3202 3251 3443 3454 3689 3904 4140 4221 4228 4378 4401 4540 5197 5211 5227 5241 5860 6368 6520 6550 6602 
#module 154 size: 4 bs: 0.628032
2358 2442 2505 4770 
#module 155 size: 14 bs: 0.76887
112 311 503 940 1025 1856 2987 2991 4544 4870 5616 5853 6038 6246 
#module 156 size: 11 bs: 0.415903
1415 1482 2370 3199 4113 4240 4475 5044 5778 5875 6208 
#module 157 size: 27 bs: 0.232424
460 610 1670 1864 2032 2142 2415 2461 2482 2677 2913 3119 3143 3461 3487 3819 3896 4072 4117 5294 5638 5658 6077 6262 6753 6797 6880 
#module 158 size: 4 bs: 0.846581
244 770 2426 5051 
#module 159 size: 5 bs: 0.758071
2408 2876 3002 4763 5558 
#module 160 size: 13 bs: 0.366645
473 664 718 721 3366 3620 3764 4325 4733 4882 5428 5866 6542 
#module 161 size: 30 bs: 0.111207
285 387 541 628 986 1022 1243 1928 3363 3367 3451 3523 3816 3971 4084 4400 4484 4503 4656 4659 4986 5178 5248 5644 5768 5909 6166 6536 6811 6851 
#module 162 size: 6 bs: 0.352507
583 2852 3300 4680 5282 5464 
#module 163 size: 23 bs: 0.154226
83 524 1109 1226 1722 1779 1827 1838 2124 2139 2196 2462 2927 3494 3539 4049 4391 4459 4629 5218 5513 5737 5914 
#module 164 size: 13 bs: 0.261889
636 780 1057 1322 2024 2140 2361 4648 4964 4974 5037 5288 5724 
#module 165 size: 20 bs: 1.08821
467 1214 1316 1675 2401 2652 2856 2902 2971 3434 3683 3948 4149 4616 5210 5623 5847 6045 6325 6484 
#module 166 size: 22 bs: 0.94756
24 472 879 1089 1216 1318 1615 1919 2000 2162 2316 2882 3404 3826 4146 4190 4201 4216 4994 5758 6035 6549 
#module 167 size: 5 bs: 0.523351
2426 2555 2557 2815 6365 
#module 168 size: 5 bs: 0.116364
2985 4090 5733 6328 6732 
#module 169 size: 8 bs: 0.273553
981 3096 3198 3891 3972 4900 5901 6576 
#module 170 size: 12 bs: 0.651451
195 367 429 2103 2110 2471 4314 4493 5607 6017 6213 6693 
#module 171 size: 5 bs: 0.826747
308 410 569 2079 2858 
#module 172 size: 12 bs: 1.08572
421 542 671 1890 2067 3596 3779 4502 5238 5962 6655 6870 
#module 173 size: 5 bs: 0.965098
536 2230 2813 4042 6713 
#module 174 size: 12 bs: 0.967326
307 1414 1639 1767 1925 1929 2884 3086 3098 4098 5051 6741 
#module 175 size: 7 bs: 0.481718
1158 2433 3262 3312 4066 5356 6112 
#module 176 size: 7 bs: 0.988699
157 3082 3675 4060 4970 6529 6687 
#module 177 size: 6 bs: 0.28528
474 1694 1935 3219 3411 5001 
#module 178 size: 7 bs: 0.391364
55 828 2392 2561 3270 6622 6763 
#module 179 size: 5 bs: 0.750477
132 991 5549 6486 6843 
#module 180 size: 3 bs: 0.728905
3313 4779 6513 
#module 181 size: 3 bs: 0.563532
156 1208 2364 
#module 182 size: 7 bs: 0.954802
1718 3033 3633 3715 5887 6440 6832 
#module 183 size: 13 bs: 1.07638
2336 2365 2706 3144 3346 3440 3764 4332 4386 4716 4914 6116 6515 
#module 184 size: 7 bs: 0.810615
226 909 1121 2029 4078 5565 5957 
#module 185 size: 6 bs: 0.990287
2482 2527 3301 4987 5393 6561 
#module 186 size: 6 bs: 0.840136
4203 4527 5632 5719 6293 6848 
#module 187 size: 7 bs: 0.783174
1119 1273 3758 4126 4528 4860 6107 
#module 188 size: 7 bs: 0.839007
1267 1899 2161 2853 4701 5517 5654 
#module 189 size: 10 bs: 0.626046
21 243 271 381 588 3450 4254 4344 6125 6482 
#module 190 size: 7 bs: 0.335753
573 2630 3011 3345 3882 6070 6584 
#module 191 size: 5 bs: 0.591224
61 1599 3354 3574 6902 
#module 192 size: 13 bs: 0.966406
450 942 943 1873 2026 2163 3396 3648 4288 4824 4977 5610 6475 
#module 193 size: 12 bs: 1.08709
47 106 301 310 1591 3374 4173 4967 4988 5344 5373 6919 
#module 194 size: 17 bs: 0.33906
843 1096 1589 1732 2053 2319 2618 3028 3259 3282 4692 4753 4881 5414 5561 6312 6556 
#module 195 size: 11 bs: 0.714053
752 758 2503 2549 3025 4197 4245 4306 4346 5201 6301 
#module 196 size: 12 bs: 1.04411
105 208 1291 1835 3190 3228 4116 4613 5626 6042 6531 6694 
#module 197 size: 10 bs: 1.02319
518 1809 2261 3117 4243 4270 4583 5699 5709 5785 
#module 198 size: 11 bs: 0.116346
101 606 1587 1606 2333 3573 4758 5834 5848 6439 6815 
#module 199 size: 11 bs: 0.959548
900 1491 1940 2016 2306 2779 4932 5285 5732 5985 6822 
#module 200 size: 24 bs: 0.433256
369 465 701 882 1076 2439 2554 2625 3111 3706 3769 3907 4085 4289 4578 4736 4871 5520 5562 5640 5683 6161 6375 6807 
#module 201 size: 14 bs: 0.530225
165 1102 1553 3336 3484 3842 4623 4696 5110 5383 6232 6445 6608 6886 
#module 202 size: 17 bs: 1.04469
709 1052 1894 2220 3134 3238 3422 3607 3888 4218 5012 5057 5781 6159 6514 6517 6703 
#module 203 size: 7 bs: 0.410607
256 670 1336 2996 3667 5301 5868 
#module 204 size: 7 bs: 0.796821
2376 2411 3294 3992 4010 4455 5094 
#module 205 size: 18 bs: 0.644736
49 211 567 722 1148 1709 1951 2786 3234 3384 3857 4229 4356 4565 5753 6012 6079 6126 
#module 206 size: 16 bs: 0.593628
972 1465 1477 1801 2249 2729 3148 3332 3829 4178 4563 4876 5337 5340 6113 6332 
#module 207 size: 5 bs: 1.08877
177 1382 3179 5243 5961 
#module 208 size: 8 bs: 0.437569
600 955 2150 2165 2819 3042 4403 4449 
#module 209 size: 4 bs: 0.906611
32 710 2601 4904 
#module 210 size: 7 bs: 0.587577
1647 2478 2482 5007 5364 6250 6792 
#module 211 size: 6 bs: 0.83804
3269 3358 4005 4105 4352 5602 
#module 212 size: 10 bs: 0.551552
2006 2084 2814 3920 4317 5526 5869 6542 6591 6704 
#module 213 size: 20 bs: 0.883285
620 899 1392 1976 2460 2514 2823 3073 3239 3265 3818 3994 4185 4385 4414 5045 5316 5989 6000 6455 
#module 214 size: 11 bs: 0.682434
856 1459 1532 2568 4600 4708 5027 5186 5663 5689 5822 
#module 215 size: 6 bs: 0.536632
615 880 1042 2967 4981 5775 
#module 216 size: 9 bs: 0.278699
232 444 1298 2166 3776 3944 4215 4339 6023 
#module 217 size: 7 bs: 0.625886
269 1242 1759 1935 3489 4418 4718 
#module 218 size: 10 bs: 0.684305
70 1194 2137 2944 3089 4126 4205 4346 5853 6524 
#module 219 size: 7 bs: 0.330043
512 1381 1455 1826 1870 2862 4384 
#module 220 size: 11 bs: 0.411829
1018 1278 1713 1808 2734 4271 4456 4891 4955 5317 6498 
#module 221 size: 9 bs: 0.412963
227 3427 4046 5145 5371 5662 6098 6125 6799 
#module 222 size: 9 bs: 0.819659
9 102 216 803 1869 2574 3589 4192 4467 
#module 223 size: 18 bs: 0.768645
135 298 432 495 920 1936 1966 1990 2898 3116 3124 3394 3838 4852 5408 5716 6650 6664 
#module 224 size: 15 bs: 0.316017
6 115 170 876 1002 1753 2245 2322 3149 3188 3433 3659 3922 5038 5040 
#module 225 size: 16 bs: 0.308786
19 122 221 860 1367 1534 1697 2733 3005 4323 4597 5210 5428 5580 6439 6473 
#module 226 size: 10 bs: 0.326404
402 871 1508 1635 2225 2339 2472 4082 4731 5143 
#module 227 size: 6 bs: 0.432525
2629 2886 4051 4630 4634 5865 
#module 228 size: 6 bs: 0.786582
90 2095 4181 6212 6352 6639 
#module 229 size: 22 bs: 0.393314
656 1107 1167 1285 1349 1535 2337 2420 2969 3408 3685 3722 3736 3774 3986 4358 4714 4806 5532 5752 5987 6255 
#module 230 size: 6 bs: 0.436359
320 1197 3200 3314 3790 5555 
#module 231 size: 4 bs: 1.01415
336 494 2875 4239 
#module 232 size: 4 bs: 1.02152
772 2377 3730 4103 
#module 233 size: 16 bs: 0.184359
466 1257 1422 1733 1833 1892 2228 2470 2861 3623 3804 4649 5212 5950 6383 6585 
#module 234 size: 7 bs: 0.224281
2087 3765 4251 5216 5537 6560 6735 
#module 235 size: 10 bs: 0.190337
552 1129 1180 1673 2194 2540 3824 3930 5517 6358 
#module 236 size: 5 bs: 0.827681
1653 3075 3206 4454 4509 
#module 237 size: 35 bs: 1.02565
155 736 782 992 1391 1497 1530 1768 1775 1862 1944 2188 2247 2264 2418 2465 2550 2732 3350 3371 3563 3670 3679 3687 3915 4640 4801 4803 5074 5358 5380 5420 5462 5635 6162 
#module 238 size: 15 bs: 0.315419
602 1279 2342 3030 3361 3900 4852 4959 5254 5408 5923 5978 6650 6695 6709 
#module 239 size: 3 bs: 1.02432
3083 3318 4094 
#module 240 size: 5 bs: 0.491979
798 1183 1774 2960 6790 
#module 241 size: 7 bs: 0.843527
119 1048 2672 3160 3985 4014 4543 
#module 242 size: 9 bs: 0.539743
18 804 973 1225 3385 4705 4872 6567 6581 
#module 243 size: 6 bs: 0.94193
312 523 577 1046 1099 2724 
#module 244 size: 4 bs: 0.543552
938 1070 1745 3112 
#module 245 size: 13 bs: 0.213774
684 1038 1219 1303 1537 1786 2077 3174 3284 3362 4363 4975 6617 
#module 246 size: 12 bs: 0.452098
1671 2189 2681 3856 5130 5298 5331 5746 5767 6058 6619 6787 
#module 247 size: 8 bs: 0.678301
470 1581 1834 2015 2480 2635 4864 5639 
#module 248 size: 6 bs: 0.156781
2100 3470 3572 4334 4907 5423 
#module 249 size: 10 bs: 0.463581
586 816 1238 1734 2039 2284 3498 3923 4786 5733 
#module 250 size: 33 bs: 0.969939
419 592 619 976 1351 1363 1451 1525 2180 2282 2325 2528 2668 3161 3180 4118 4152 4232 4447 4586 4755 5006 5286 5309 5352 5427 5674 5738 5783 5850 6259 6422 6496 
#module 251 size: 31 bs: 0.205783
158 167 660 691 801 910 1685 1893 2096 2149 2248 2297 2870 3037 3452 3879 4534 4545 4636 4767 4775 5214 5568 5620 6063 6175 6209 6431 6697 6835 6877 
#module 252 size: 11 bs: 0.988739
874 916 950 1610 2787 3131 4383 4858 6508 6745 6806 
#module 253 size: 7 bs: 0.935469
148 235 595 719 2635 3845 4662 
#module 254 size: 15 bs: 0.610663
299 637 748 1078 1993 2041 3090 3170 3594 4086 4183 4468 5939 5993 6164 
#module 255 size: 15 bs: 0.827784
26 396 784 1312 2579 2934 3118 3691 4444 4547 4732 5269 5858 6411 6492 
#module 256 size: 79 bs: 0.688036
36 43 97 234 237 270 350 499 711 893 969 1047 1097 1120 1142 1164 1237 1301 1332 1368 1411 1456 1475 1512 1558 1785 1967 1989 2072 2119 2229 2323 2328 2332 2407 2534 2607 2964 3069 3091 3097 3379 3392 3457 3458 3839 4122 4281 4319 4479 4489 4657 4699 4713 4729 4790 4867 5036 5084 5107 5276 5315 5321 5323 5588 5615 5739 5760 5791 5814 6029 6138 6285 6294 6399 6481 6605 6883 6923 
#module 257 size: 7 bs: 0.202262
565 935 3727 4453 4925 5552 6800 
#module 258 size: 6 bs: 0.296584
1158 1612 1756 1970 4408 5797 
#module 259 size: 17 bs: 0.391673
493 1408 1426 1800 1996 2079 2256 2360 2679 3577 4233 4369 4781 5104 5293 5798 6405 
#module 260 size: 8 bs: 0.31159
1001 1156 3627 4524 4579 4776 6053 6583 
#module 261 size: 11 bs: 0.439347
73 300 1244 1485 2213 3934 4285 4300 4393 4564 5936 
#module 262 size: 7 bs: 0.919161
544 1299 3425 4602 5501 5877 6472 
#module 263 size: 9 bs: 0.63118
1114 1280 1299 1365 2997 4044 5519 5671 6620 
#module 264 size: 29 bs: 1.00317
99 429 495 603 949 1158 1294 1414 1913 1939 1946 2061 2106 2221 2318 2320 2751 3132 3269 3430 4340 4416 4435 5034 5431 5518 5968 6089 6494 
#module 265 size: 14 bs: 0.936418
226 570 1158 1403 1561 3364 3541 4195 4336 4622 5086 5158 5949 6388 
#module 266 size: 18 bs: 0.705342
618 952 1166 1369 1424 1565 1934 2164 2368 3215 3380 3955 4011 5088 5625 5938 5996 6734 
#module 267 size: 5 bs: 0.66663
276 1154 1634 4422 6117 
#module 268 size: 6 bs: 0.825691
559 666 2240 3610 4765 4882 
#module 269 size: 4 bs: 0.408969
313 2117 4023 6343 
#module 270 size: 7 bs: 0.105714
522 637 1898 2431 2944 3279 6157 
#module 271 size: 5 bs: 0.573613
609 678 700 5296 6394 
#module 272 size: 10 bs: 0.837148
339 747 1469 2438 4053 4097 4318 5368 5884 6182 
#module 273 size: 11 bs: 0.926562
131 192 1116 1717 2634 2650 2925 3600 4024 5650 6454 
#module 274 size: 11 bs: 0.27052
836 945 946 1766 2219 3506 4333 4437 6400 6447 6450 
#module 275 size: 5 bs: 0.956956
32 407 1837 4343 6224 
#module 276 size: 13 bs: 0.365061
658 1293 1868 1949 1968 1974 2342 3052 3440 3900 5015 5995 6626 
#module 277 size: 15 bs: 0.565519
31 316 580 1706 2536 3018 3439 3701 3732 5016 5660 5861 6641 6642 6646 
#module 278 size: 6 bs: 0.337118
1631 4905 5069 5455 5694 6151 
#module 279 size: 22 bs: 1.03483
184 238 462 1579 1617 1669 2056 2174 2559 2836 3044 3061 3438 4470 4562 4794 4841 4962 5021 5057 6020 6090 
#module 280 size: 13 bs: 0.286327
530 675 1282 1430 2069 3104 3524 4126 4207 4424 4878 5606 6603 
#module 281 size: 11 bs: 0.303841
1370 1640 1744 2191 2278 2511 2575 3012 4730 6362 6698 
#module 282 size: 15 bs: 1.05379
697 1141 1251 2179 2395 2816 3184 3322 3646 5182 5487 5672 6005 6662 6708 
#module 283 size: 12 bs: 0.193473
365 508 755 2910 2939 2984 3918 4688 4740 5984 6398 6586 
#module 284 size: 17 bs: 0.28101
282 847 1780 2094 3553 3658 4002 4458 4593 4865 5230 5636 5789 6202 6207 6210 6654 
#module 285 size: 13 bs: 0.157028
510 753 1362 1509 2594 3261 3850 4820 4833 5584 5750 6234 6862 
#module 286 size: 6 bs: 0.449726
1258 1397 1582 3534 3759 6670 
#module 287 size: 10 bs: 0.643928
52 255 608 1229 1846 2866 4082 4917 5177 5798 
#module 288 size: 120 bs: 0.592885
25 34 53 60 62 80 151 210 230 233 347 356 425 434 446 454 478 526 531 561 641 785 814 914 1031 1090 1095 1227 1260 1481 1502 1504 1541 1564 1573 1578 1617 1652 1770 1849 1920 1956 2068 2203 2359 2385 2604 2619 2648 2657 2731 2736 2769 2849 2867 2879 2885 2904 3034 3137 3139 3254 3331 3356 3420 3525 3710 3746 3793 3798 3886 4130 4148 4162 4179 4191 4198 4212 4376 4429 4563 4582 4619 4675 4694 4809 4873 4895 5089 5187 5199 5207 5251 5257 5314 5342 5572 5698 5740 5805 5885 5943 5970 5973 5991 6133 6183 6200 6251 6318 6335 6525 6565 6568 6597 6616 6686 6726 6775 6780 
#module 289 size: 39 bs: 0.854656
231 462 502 595 971 995 1033 1282 1608 1730 2231 2262 2268 2348 2446 2465 2515 2539 2581 2839 3344 3359 3444 3876 3921 4089 4106 4175 4312 4569 4664 4889 5010 5634 5955 6105 6199 6469 6577 
#module 290 size: 10 bs: 0.643843
57 1334 1612 1783 2603 4498 5198 5528 6320 6691 
#module 291 size: 9 bs: 0.793668
250 448 1877 3760 4359 5576 5827 6557 6669 
#module 292 size: 19 bs: 1.03471
414 444 731 813 994 1069 1162 1533 1737 2209 2641 2785 2832 3295 4228 4535 5608 6290 6690 
#module 293 size: 5 bs: 0.418347
953 1555 2662 5422 6421 
#module 294 size: 11 bs: 0.809082
653 1542 1643 2093 2118 2324 3210 4054 4515 4885 5307 
#module 295 size: 50 bs: 0.701875
374 436 463 482 483 685 808 1588 1827 2302 2324 2898 3119 3441 3522 3560 3575 3708 3817 4017 4101 4135 4164 4389 4459 4515 4529 4558 4712 4880 4906 5116 5134 5164 5197 5571 5638 5658 5737 5898 5914 5934 6244 6423 6504 6528 6541 6590 6753 6817 
#module 296 size: 13 bs: 0.194289
547 597 3021 3051 3346 3425 3971 3982 4263 4299 4849 5493 5982 
#module 297 size: 22 bs: 1.09727
268 1133 1189 1814 1874 2025 2109 2221 2790 3026 3264 3273 3410 3510 3832 4083 4367 4438 4546 4869 5085 6667 
#module 298 size: 5 bs: 0.772363
939 1729 2562 2835 6614 
#module 299 size: 5 bs: 0.203828
906 3040 4478 5355 6522 
#module 300 size: 11 bs: 0.196246
1176 1377 2301 2521 2669 2778 2783 3629 4653 5058 6025 
#module 301 size: 6 bs: 0.731381
375 1787 3213 4021 4398 5516 
#module 302 size: 6 bs: 0.206038
2440 4075 4119 4472 4933 6120 
#module 303 size: 8 bs: 0.6497
839 2236 2479 2552 6044 6478 6551 6747 
#module 304 size: 15 bs: 0.812879
409 1281 1552 1841 2121 2627 3060 3141 3688 4331 4507 4635 5136 6049 6221 
#module 305 size: 38 bs: 0.6445
363 379 424 668 926 967 1021 1133 1409 1527 1607 2031 2171 2620 2927 3231 3376 3441 3492 4308 4337 4508 4577 4789 4935 5087 5218 5231 5889 5946 6015 6150 6310 6367 6598 6652 6724 6909 
#module 306 size: 16 bs: 0.345374
297 913 1195 1650 3537 4050 4160 4266 4406 4671 5334 5748 5795 6003 6366 6737 
#module 307 size: 9 bs: 0.616788
461 519 1519 1741 4230 5117 5144 5329 6480 
#module 308 size: 9 bs: 0.33533
863 1618 2621 2897 3626 6041 6179 6197 6888 
#module 309 size: 21 bs: 0.392171
549 747 1181 1194 1921 1923 2118 2688 2790 2915 3849 3878 3924 4054 4451 5307 5619 5823 6114 6604 6744 
#module 310 size: 9 bs: 1.01662
139 712 781 1217 2414 4660 5018 5412 6772 
#module 311 size: 10 bs: 0.564936
1305 1603 1937 3274 3660 4214 4826 5749 6187 6347 
#module 312 size: 13 bs: 0.78088
86 108 136 375 1238 2620 3580 3894 4009 5015 5826 6275 6626 
#module 313 size: 24 bs: 0.655719
799 928 989 1079 1547 1722 1961 1986 2612 3156 3247 3369 3619 3640 3892 4109 4391 4530 4787 5530 5603 5629 6059 6738 
#module 314 size: 9 bs: 0.458353
321 537 1662 1688 2310 3979 5176 6621 6695 
#module 315 size: 15 bs: 0.804457
181 513 558 831 1186 1230 1268 1719 2576 2896 3630 3807 4571 4992 6304 
#module 316 size: 133 bs: 0.592687
82 110 144 147 257 366 412 428 553 574 639 645 659 776 779 797 807 840 848 862 901 902 904 927 975 1049 1083 1085 1165 1314 1320 1461 1479 1559 1567 1572 1601 1699 1720 1858 1896 1926 2018 2091 2212 2379 2419 2483 2587 2644 2667 2825 2840 2891 2975 2999 3260 3383 3415 3429 3432 3481 3545 3555 3676 3686 3716 3733 3768 3822 3864 3877 4065 4074 4145 4257 4350 4353 4381 4461 4506 4604 4631 4642 4678 4679 4717 4791 4850 4854 5029 5030 5070 5106 5165 5277 5279 5305 5349 5499 5631 5645 5661 5681 5815 5828 5842 5947 5967 5976 6039 6050 6062 6083 6185 6198 6241 6286 6334 6395 6427 6428 6485 6545 6589 6610 6618 6625 6676 6730 6826 6844 6910 
#module 317 size: 9 bs: 0.303844
426 569 1062 2222 2864 2883 4703 5369 6559 
#module 318 size: 16 bs: 1.03863
319 582 696 774 867 1068 1793 1988 2274 3127 4138 4526 4760 4793 6582 6725 
#module 319 size: 39 bs: 0.863026
75 291 352 1035 1060 1130 1472 1489 1771 1902 1947 2028 2145 2214 2655 2675 2765 2888 3158 3289 3320 3473 3632 3637 3791 4176 4719 5121 5715 5873 5929 6071 6139 6215 6248 6401 6600 6690 6900 
#module 320 size: 22 bs: 0.436439
50 127 590 644 1474 2099 2412 2682 2986 3258 3507 3578 3610 4121 4225 4377 4555 4556 5019 5544 6425 6839 
#module 321 size: 33 bs: 0.174815
118 121 934 1234 1277 1289 1423 1486 1607 1776 1860 2184 2304 2462 2956 3059 3622 3661 4017 4208 4268 4938 4981 5328 5395 5569 5627 5735 6048 6184 6364 6847 6891 
#module 322 size: 13 bs: 0.850338
103 449 1691 1705 1955 2746 3357 3815 4110 5224 5253 6026 6723 
#module 323 size: 8 bs: 0.53251
1038 1404 1654 1812 3296 5700 6060 6341 
#module 324 size: 16 bs: 0.932646
212 1213 1760 2380 2727 3014 3100 4368 4596 4884 5410 5582 5881 6361 6661 6773 
#module 325 size: 38 bs: 0.268485
188 202 390 825 897 1198 1383 1405 1491 1576 1700 1982 2120 2663 2736 2744 2759 2773 2932 2972 2980 3078 3378 3835 4157 4896 5359 6094 6110 6195 6227 6282 6327 6408 6474 6595 6785 6878 
#module 326 size: 10 bs: 0.132344
176 735 1957 3440 3997 5488 5651 6135 6189 6386 
#module 327 size: 5 bs: 0.230303
302 2953 3068 3981 5167 
#module 328 size: 12 bs: 0.831097
116 706 970 1329 3729 4287 5437 6261 6673 6711 6721 6908 
#module 329 size: 11 bs: 0.106365
184 392 915 2324 2341 3017 3061 3515 5347 5504 5514 
#module 330 size: 10 bs: 0.851626
235 869 875 1687 1981 2027 2703 4128 5095 6827 
#module 331 size: 4 bs: 0.422796
240 332 3688 5809 
#module 332 size: 11 bs: 0.375663
587 703 865 1159 1736 1816 3133 4545 5675 6488 6503 
#module 333 size: 12 bs: 0.85792
1804 2173 2714 3409 3601 4279 4589 5416 6527 6761 6796 6856 
#module 334 size: 9 bs: 0.537449
638 679 1017 1238 1571 2613 4908 5007 5942 
#module 335 size: 8 bs: 0.519411
622 720 1949 2862 2967 3169 3965 4981 
#module 336 size: 8 bs: 0.172943
125 556 1999 2398 5494 6432 6631 6685 
#module 337 size: 5 bs: 0.635634
2122 2217 3437 5392 6069 
#module 338 size: 22 bs: 1.03602
271 594 954 1071 1150 1711 1784 2221 2525 2545 2900 3203 3255 3287 3391 3490 3741 3935 4969 4983 5247 5821 
#module 339 size: 13 bs: 0.789368
108 540 1259 1916 2373 2754 3540 4080 5039 5454 5496 6119 6124 
#module 340 size: 9 bs: 1.01476
1974 3010 3674 4440 4519 5105 5796 6813 6840 
#module 341 size: 9 bs: 0.981996
2801 3123 4041 5272 5348 5399 6181 6760 6885 
#module 342 size: 17 bs: 0.812577
66 87 598 601 1467 1911 2043 2187 2872 3115 3599 3709 3762 3889 4431 4893 6319 
#module 343 size: 29 bs: 0.150007
72 579 603 1199 1562 1583 2035 2106 2191 2195 2198 2535 3141 3319 3603 3677 3757 4006 4638 4677 4798 4846 4971 5265 5546 6362 6476 6601 6741 
#module 344 size: 14 bs: 0.244985
562 679 1146 1705 1945 2658 3546 3561 4177 4743 4971 6430 6719 6913 
#module 345 size: 8 bs: 0.153235
23 96 1728 1972 3694 4505 5718 5950 
#module 346 size: 11 bs: 0.900135
40 1793 1796 1850 1908 2153 2170 2509 4342 5072 6705 
#module 347 size: 8 bs: 1.06597
1385 1983 2633 3767 5600 5726 5874 6211 
#module 348 size: 13 bs: 0.990119
91 357 540 809 1281 1353 1660 2060 3192 4064 4951 5886 6272 
#module 349 size: 35 bs: 0.229096
27 568 692 1037 1101 1127 1309 1365 1616 1743 1824 1845 2108 2155 3049 3088 3105 3635 3668 4512 4598 4737 4866 4998 5163 5362 5538 5753 5995 6043 6385 6615 6677 6712 6872 
#module 350 size: 3 bs: 0.423762
2185 3278 5910 
#module 351 size: 5 bs: 0.483585
2095 2966 3680 4989 6429 
#module 352 size: 5 bs: 0.544594
624 1830 3483 3912 4748 
#module 353 size: 16 bs: 0.634456
196 950 1788 1997 3742 3940 3961 4071 4166 4915 5542 5786 5931 6442 6537 6688 
#module 354 size: 18 bs: 0.764847
374 439 716 837 1190 1396 1943 2279 2485 2880 3446 3887 4015 4466 4554 5013 5676 6743 
#module 355 size: 6 bs: 0.415749
2291 2441 4042 5790 6499 6505 
#module 356 size: 9 bs: 0.823482
136 1735 3625 3932 4347 4825 6267 6766 6794 
#module 357 size: 12 bs: 0.37213
130 681 806 1680 2019 2722 3833 4172 4979 5253 5471 5808 
#module 358 size: 14 bs: 0.755167
1388 1544 2435 2822 2963 3365 4477 4641 4904 4912 5141 5550 6011 6471 
#module 359 size: 7 bs: 0.182814
1575 2659 2678 3944 4102 4609 5007 
#module 360 size: 10 bs: 0.101907
1026 1250 2595 3613 4082 4321 4928 5067 6088 6778 
#module 361 size: 38 bs: 0.233751
37 443 915 949 1077 1153 1158 1398 2197 2374 2389 2596 2605 2642 2811 3004 3168 3306 3718 3797 3870 4022 4187 4220 4483 4620 5131 5459 5557 5861 5988 6030 6143 6302 6425 6514 6613 6657 
#module 362 size: 7 bs: 0.770457
2034 3576 4423 5651 5851 6637 6682 
#module 363 size: 26 bs: 0.859956
51 85 189 201 403 411 563 593 1413 1716 2186 2791 3222 3874 3893 3978 4591 5198 5540 5823 5849 6015 6080 6317 6533 6764 
#module 364 size: 10 bs: 0.355793
966 1173 2632 3597 4180 5409 6075 6296 6456 6740 
#module 365 size: 22 bs: 0.233562
133 617 792 1005 1135 1678 1732 2285 2410 2624 2881 3120 3126 3227 3883 3957 4628 5026 5224 6508 6578 6629 
#module 366 size: 11 bs: 1.08649
81 126 1614 1703 2689 2841 3329 4298 4575 5033 6141 
#module 367 size: 8 bs: 0.616929
1321 2563 2670 4493 4715 4815 5400 6074 
#module 368 size: 10 bs: 0.480425
289 1548 1590 2803 3499 3682 3859 4013 4795 6013 
#module 369 size: 4 bs: 1.06016
1386 1646 3557 4959 
#module 370 size: 10 bs: 1.07549
956 2054 2294 3647 3775 4788 5128 5577 6081 6679 
#module 371 size: 7 bs: 0.716589
655 763 1915 5185 5264 5280 5687 
#module 372 size: 18 bs: 0.959575
32 389 1058 1580 1728 1784 2808 3250 3825 3939 4019 4082 4366 5245 5454 5512 6103 6876 
#module 373 size: 9 bs: 0.948959
1339 1853 1888 1901 3612 4039 4222 4768 6299 
#module 374 size: 10 bs: 0.510686
489 773 812 3688 3787 3885 5188 5443 5637 5647 
#module 375 size: 12 bs: 0.44984
509 676 988 1055 2752 3290 3330 3690 3748 4258 5341 6689 
#module 376 size: 9 bs: 0.368417
719 2022 2354 2580 2636 2763 4283 5339 6573 
#module 377 size: 22 bs: 0.106801
429 1839 2032 2034 2123 2125 2141 2415 2600 3212 3276 3349 3942 4026 4279 4282 4345 4435 4857 5556 6082 6601 
#module 378 size: 21 bs: 0.440402
287 521 1927 2021 2073 2453 2745 2977 3055 3070 3107 3311 3532 3949 4610 4983 5357 5829 5841 6056 6702 
#module 379 size: 19 bs: 0.919015
46 647 827 1084 1340 1350 1997 2614 3058 3140 3447 3649 3713 4136 4581 4987 5491 5856 6715 
#module 380 size: 12 bs: 0.398113
120 2172 2628 3174 3512 3737 3805 4226 4436 5313 6439 6828 
#module 381 size: 8 bs: 0.378005
226 229 338 1281 2697 3848 3937 6389 
#module 382 size: 14 bs: 0.586767
67 78 1017 1149 2002 2303 2679 5247 5255 5322 5718 6144 6494 6538 
#module 383 size: 3 bs: 0.71496
1811 4132 4739 
#module 384 size: 10 bs: 0.531716
768 1043 1644 2444 3177 3867 4843 5554 5956 6859 
#module 385 size: 48 bs: 0.588178
487 817 822 996 1193 1435 1531 1742 1763 1787 1866 1933 1998 2129 2321 2496 2497 2805 3152 3353 3418 3517 3603 3655 3804 3831 3853 3854 4016 4092 4168 4415 4501 4836 4911 4939 4978 5175 5773 5897 6027 6073 6379 6548 6552 6724 6816 6889 
#module 386 size: 4 bs: 0.881888
477 657 1357 2136 
#module 387 size: 4 bs: 0.82387
296 3368 4537 5919 
#module 388 size: 7 bs: 0.195855
94 1786 2509 4441 6060 6649 6739 
#module 389 size: 23 bs: 0.796461
51 226 572 613 872 1016 1054 1147 1207 2057 2362 2384 3333 3828 3856 3936 4408 4853 5202 5456 5563 5591 6320 
#module 390 size: 8 bs: 0.16241
1307 1420 4525 5209 5397 5772 6410 6758 
#module 391 size: 8 bs: 0.267886
380 466 1360 1692 2416 2725 5800 6580 
#module 392 size: 14 bs: 0.14247
259 403 2040 2475 2974 3218 3276 3438 3836 5046 5677 5723 6010 6706 
#module 393 size: 21 bs: 0.476864
74 76 822 1306 1658 1750 2200 2708 2889 3512 3739 4019 4676 5119 5188 5467 5677 5926 6444 6607 6776 
#module 394 size: 4 bs: 1.06821
505 1663 4048 6756 
#module 395 size: 52 bs: 0.332236
72 397 408 482 761 1184 1594 1609 1632 1750 1765 1828 1991 2061 2071 2276 2475 2517 2656 2660 2698 2757 2854 2873 3074 3080 3246 3266 3326 3485 3590 3595 3644 4150 4237 4532 4601 4608 4752 5035 5307 5452 5512 5803 5851 5992 5998 6047 6186 6362 6570 6692 
#module 396 size: 67 bs: 0.120997
10 152 162 218 290 365 393 585 663 740 762 775 889 974 1019 1027 1088 1206 1373 1410 1543 1570 1598 1693 1712 1922 2081 2383 2524 2558 2608 2857 2988 3221 3233 3257 3299 3397 3400 3724 3925 3928 3931 3968 4154 4202 4280 4425 4490 4886 4924 4943 4990 5217 5312 5593 5653 5659 5688 5916 6193 6634 6701 6714 6721 6774 6838 
#module 397 size: 6 bs: 0.276624
921 1574 1689 1818 2042 4648 
#module 398 size: 19 bs: 0.310327
219 225 365 827 983 1750 2893 3681 3817 4081 4703 5056 5153 5486 5851 6124 6170 6277 6348 
#module 399 size: 11 bs: 0.878441
674 1749 3508 3950 4219 4573 4608 4668 4792 5060 5804 
#module 400 size: 12 bs: 0.606788
746 1440 1863 2136 2694 2755 3339 3913 4560 5169 5281 5643 
#module 401 size: 4 bs: 0.544625
3571 3899 6390 6770 
#module 402 size: 17 bs: 0.458985
42 951 1836 2069 2320 2556 2560 3121 3554 3890 3963 4008 4268 4424 5456 5559 5707 
#module 403 size: 28 bs: 0.929431
179 459 572 607 727 1043 1158 1679 2057 2105 2495 3017 3649 3834 3848 3963 4291 4562 4935 5375 5504 5886 5920 6279 6491 6627 6649 6731 
#module 404 size: 12 bs: 0.361866
362 810 941 1308 1792 2238 2361 2533 4405 4913 5664 6055 
#module 405 size: 17 bs: 0.725754
4 576 1867 2565 2593 2863 2946 2998 3438 3996 4026 4268 4868 4958 6069 6082 6601 
#module 406 size: 34 bs: 0.815355
39 303 800 821 870 1740 1954 2078 2227 2447 2452 2508 2638 2679 2711 2818 2844 3153 3731 3754 4081 4209 4516 5052 5156 5190 5363 5379 5821 5928 6130 6668 6769 6816 
#module 407 size: 7 bs: 0.834932
370 846 1830 1895 4037 4956 5840 
#module 408 size: 26 bs: 0.949116
12 48 179 445 730 898 1140 1437 1930 1968 2382 2493 2833 3424 3554 3820 4466 4491 4504 4643 4880 4909 5890 5914 6033 6579 
#module 409 size: 45 bs: 0.18595
204 251 309 395 430 766 1113 1286 1638 1806 1983 1988 2012 2158 2263 2280 2371 2428 2637 2742 2776 2869 2874 2905 3127 3211 3477 3544 3665 3703 3973 3984 4174 4276 4603 4665 4816 4892 5611 6002 6064 6129 6271 6283 6518 
#module 410 size: 28 bs: 0.392381
439 545 551 754 820 1428 1836 2198 2445 2545 2906 3142 3167 3237 3241 3539 3894 4137 4170 4491 4847 5068 5512 5720 6136 6363 6404 6627 
#module 411 size: 5 bs: 0.665334
1773 1859 3114 3352 5125 
#module 412 size: 60 bs: 0.937724
5 168 183 326 329 361 490 492 566 626 844 931 1050 1122 1254 1375 1395 1427 1483 1516 1651 1815 1912 2144 2296 2352 2417 2455 2596 2865 2919 2962 3000 3402 3511 3587 3852 3959 3980 4209 4496 4672 4963 4980 5008 5048 5402 5465 5490 5524 5605 5644 5831 6028 6031 6149 6225 6521 6668 6710 
#module 413 size: 15 bs: 0.458051
495 1624 2490 3431 3663 4006 4019 4426 4797 5575 5927 5944 6080 6776 6922 
#module 414 size: 21 bs: 0.190758
715 791 817 922 1126 1588 1738 1757 1778 1810 2062 2080 2782 2850 3143 3471 3711 3751 5677 5960 6321 
#module 415 size: 21 bs: 0.784819
471 647 1143 1881 1968 2290 2315 2532 2788 2848 3621 3866 3906 4171 4407 4926 4992 5159 5233 6523 6678 
#module 416 size: 30 bs: 1.07221
113 207 257 348 361 443 822 1131 1266 1270 1274 1388 1928 2147 2216 2255 2360 2375 2933 3505 3614 3958 4076 4443 4626 4656 5644 6073 6709 6816 
#module 417 size: 52 bs: 0.914737
1 20 71 620 777 788 1384 1721 1814 1910 2011 2044 2098 2129 2299 2300 2309 2507 3099 3136 3187 3231 3323 3514 3611 3804 3823 4200 4361 4414 4415 4476 4577 4645 4930 4936 4939 5099 5154 5231 5307 5440 5489 5531 5540 5773 6027 6150 6310 6455 6635 6724 
#module 418 size: 13 bs: 0.583545
741 811 892 1908 1963 2093 2680 3636 3736 4392 4878 5024 5114 
#module 419 size: 7 bs: 0.17114
1178 3615 3672 4370 5573 5725 6756 
#module 420 size: 20 bs: 0.226841
169 713 1271 1690 2283 2425 2488 2890 3122 3269 3423 3463 3919 5541 5817 5821 5903 6242 6521 6845 
#module 421 size: 9 bs: 0.43305
459 1679 1931 2123 3243 3292 4962 5050 5053 
#module 422 size: 7 bs: 0.14976
68 322 742 2522 3103 4038 4735 
#module 423 size: 7 bs: 0.572165
2830 2950 4520 5722 5951 6643 6660 
#module 424 size: 102 bs: 0.143193
114 159 325 359 382 451 621 643 790 823 850 894 932 958 1253 1283 1319 1399 1515 1551 1630 1747 1769 1878 1950 1975 1984 1985 2012 2089 2244 2254 2334 2502 2606 2611 2687 2730 2760 2799 2833 2938 3146 3176 3256 3281 3326 3337 3389 3390 3441 3474 3700 3953 3998 4112 4131 4155 4272 4294 4307 4341 4381 4399 4404 4530 4568 4899 4950 4966 5042 5066 5071 5173 5213 5335 5466 5511 5587 5589 5679 5717 5763 5836 5888 5922 5945 6089 6168 6190 6217 6240 6252 6307 6338 6353 6463 6563 6624 6665 6903 6906 
#module 425 size: 123 bs: 0.50752
109 145 146 178 228 254 328 388 525 620 623 677 689 729 917 947 980 1203 1264 1295 1319 1510 1639 1661 1664 1676 1872 1917 1969 1995 2106 2157 2176 2211 2218 2295 2301 2342 2391 2406 2420 2423 2458 2489 2520 2566 2572 2583 2622 2673 2680 2685 2709 2749 2796 2842 2887 3046 3081 3087 3110 3178 3209 3231 3248 3449 3476 3622 3656 3745 3868 3869 3900 3975 3999 4059 4067 4096 4111 4326 4358 4430 4481 4530 4541 4557 4652 4663 4700 4738 4842 4851 4995 5017 5079 5082 5150 5172 5351 5378 5430 5458 5480 5484 5553 5563 5579 5759 5846 5892 5911 5995 6076 6089 6122 6153 6163 6188 6223 6331 6507 6879 6895 
#module 426 size: 32 bs: 0.574519
248 263 284 293 424 603 673 783 1133 1546 1547 1698 1874 2012 2048 2167 2223 3271 3369 3456 3618 3743 4200 4273 4302 4921 5087 5218 6263 6491 6590 6738 
#module 427 size: 13 bs: 0.971548
189 198 788 1282 1413 1556 2241 3223 3275 4120 5540 5823 6566 
#module 428 size: 29 bs: 0.255757
142 353 1117 1460 1799 2008 2273 2459 2553 3031 3226 3335 3376 4211 4250 4394 4995 5021 5075 5082 5135 5220 5563 6048 6397 6734 6801 6847 6866 
#module 429 size: 36 bs: 0.891345
316 1241 1256 1742 1904 2012 2492 2933 2995 3095 3167 3273 3287 3338 3505 3826 3936 3941 3984 4050 4330 4439 4443 4450 4573 4874 5127 5581 5621 5748 6015 6121 6364 6366 6612 6733 
#module 430 size: 34 bs: 0.962845
1356 1366 1619 2009 2369 2393 2427 2878 2983 3072 3079 3197 3208 3520 3699 3725 3777 4161 4576 4691 5109 5446 5534 5693 5728 5912 6018 6339 6380 6425 6465 6516 6647 6812 
#module 431 size: 29 bs: 0.205296
171 186 1133 1196 1342 1593 1726 2076 2130 2265 2409 2990 3585 3624 3649 3704 4360 4482 4526 4799 5003 5172 5782 6065 6280 6357 6507 6575 6666 
#module 432 size: 19 bs: 0.371662
35 571 1338 1682 2169 2355 3784 3847 4167 4413 4627 5223 5284 5424 5933 5958 5980 6292 6569 
#module 433 size: 25 bs: 0.213399
268 495 769 799 881 1007 1400 1629 1641 1790 1909 1921 2573 2617 3094 3143 3173 3825 4055 4209 4423 4796 5052 6326 6771 
#module 434 size: 5 bs: 0.595727
1032 2190 3047 5810 6793 
#module 435 size: 17 bs: 0.883985
58 72 286 308 457 1932 2131 2926 3370 3552 4608 5140 5219 5278 5473 5618 6381 
#module 436 size: 5 bs: 0.851079
1416 2718 3472 4012 6462 
#module 437 size: 16 bs: 0.46578
1306 1402 1716 1756 2135 2207 2635 2831 2911 3497 4249 4863 5132 5479 5723 6360 
#module 438 size: 13 bs: 0.988743
229 338 373 1073 1158 1317 1903 2308 3099 3529 3696 4311 4345 
#module 439 size: 22 bs: 0.80875
38 360 683 1337 1505 1584 1808 1965 2023 2208 2892 2992 3693 3695 4139 4372 5252 5262 5270 5435 6176 6355 
#module 440 size: 9 bs: 0.348478
648 1563 1683 2982 3181 3375 4184 4320 5441 
#module 441 size: 12 bs: 0.107959
635 2181 2317 2382 2404 3064 3856 3905 4375 5981 6092 6366 
#module 442 size: 12 bs: 0.133156
317 837 1993 3174 3393 4047 4165 4648 4890 5047 5522 5872 
#module 443 size: 25 bs: 0.732992
672 864 990 1092 1187 1434 1668 1674 1805 1923 2005 2128 2288 2976 3445 3533 3604 4204 4210 4457 4823 5367 5372 5921 6146 
#module 444 size: 12 bs: 1.05961
832 1376 1728 1813 2020 2154 3147 4656 6022 6115 6235 6736 
#module 445 size: 24 bs: 0.400464
117 200 539 724 732 746 996 1536 1758 2516 2544 2993 3175 3531 3605 3916 4174 4338 4360 4439 4916 5005 5655 6467 
#module 446 size: 40 bs: 0.98048
113 279 305 358 534 777 1193 1288 1431 1819 1910 1964 1973 1992 2175 2649 2828 3050 3195 3418 3958 3976 4092 4134 4144 4164 4223 4247 4274 4304 4415 4561 5096 5122 5328 5628 6034 6073 6342 6354 
