174	351	85	345	208	318	423	250	269	60	365	343	494	232	543	380	508	98	54	312	484	52	602	273	187	348	482	261	313	200	39	357	33	601	284	378	455	369	125	454	131	118	579	201	34	239	
224	4	136	68	119	301	13	27	441	31	240	298	451	464	507	192	28	599	506	473	8	210	195	534	570	30	486	164	296	467	186	147	460	355	227	332	436	209	23	24	
589	362	367	537	396	399	100	352	499	126	391	303	202	557	398	569	525	346	565	172	48	170	397	245	308	404	21	291	428	523	
162	418	430	193	498	267	64	276	268	278	488	222	528	220	553	309	339	212	135	372	554	20	366	448	
597	490	577	83	598	578	89	563	585	445	82	206	492	392	552	603	474	287	513	215	146	493	593	50	518	581	387	229	323	478	411	10	84	111	439	595	546	274	191	433	65	316	145	155	7	477	99	133	394	292	322	117	105	337	190	444	447	333	540	374	536	320	572	421	393	62	388	78	248	606	252	37	381	
285	203	151	304	509	293	405	121	16	359	427	277	500	328	556	5	234	558	67	181	385	383	542	483	207	438	280	3	256	353	214	472	143	514	510	290	442	41	166	468	458	32	189	574	74	49	349	45	198	401	
272	204	96	470	517	86	218	344	294	59	330	161	244	485	548	251	567	137	368	440	130	571	216	584	249	88	375	364	247	213	138	156	185	302	42	340	354	264	425	97	566	426	469	435	549	306	12	178	449	108	123	271	300	463	72	456	237	526	
225	258	51	573	471	604	504	390	9	415	36	453	462	459	547	115	233	315	466	592	94	531	434	491	386	
370	53	160	80	197	165	319	538	46	163	61	134	413	112	168	535	211	402	422	476	66	205	561	286	576	
437	377	196	350	361	295	289	38	406	243	
588	495	481	575	311	446	395	379	122	228	
81	140	77	389	321	139	
180	120	587	305	
260	341	171	342	
