#module 0 size: 13 bs: 0.0490593
72 165 211 322 372 473 512 574 616 762 843 1008 1202 
#module 1 size: 7 bs: 2.73758e-08
27 81 763 836 1009 1029 1043 
#module 2 size: 8 bs: 0.0394137
67 107 224 261 350 583 866 975 
#module 3 size: 17 bs: 3.07639e-08
177 290 408 446 450 462 587 631 655 664 683 688 702 722 800 867 881 
#module 4 size: 26 bs: 0.000119952
90 102 228 234 236 254 329 330 331 338 357 374 473 526 601 653 671 730 790 798 799 823 855 888 909 929 
#module 5 size: 11 bs: 3.54407e-08
148 227 385 567 632 928 984 1112 1223 1302 1372 
#module 6 size: 35 bs: 9.59854e-101
30 109 115 163 176 190 195 221 222 224 232 258 287 288 289 357 359 466 467 497 578 580 667 687 730 740 764 805 833 874 903 949 985 1028 1273 
#module 7 size: 9 bs: 0.0170474
273 309 564 607 699 736 1018 1021 1053 
#module 8 size: 8 bs: 0.00397115
52 223 321 391 491 675 1127 1277 
#module 9 size: 76 bs: 0.000239906
35 76 91 100 106 124 131 192 214 225 244 245 257 262 270 277 290 298 299 304 310 332 334 336 363 366 372 396 402 407 408 456 457 460 467 521 525 532 537 544 549 565 569 576 591 595 600 615 628 633 640 664 676 704 717 732 737 753 769 786 867 868 869 875 882 896 901 908 917 931 974 997 1140 1149 1267 1294 
#module 10 size: 7 bs: 2.31061e-06
70 120 397 597 655 963 1115 
#module 11 size: 6 bs: 0.000232923
135 338 359 636 969 970 
#module 12 size: 23 bs: 2.71695e-05
23 75 147 151 193 218 383 388 538 568 663 664 796 830 831 849 893 895 896 1121 1141 1240 1246 
#module 13 size: 21 bs: 0.387966
150 157 241 353 447 535 564 592 771 789 811 903 1015 1016 1018 1021 1033 1177 1228 1284 1321 
#module 14 size: 26 bs: 0.799153
65 69 90 121 145 254 272 287 401 410 416 433 440 647 674 733 792 797 957 980 1007 1025 1275 1282 1296 1349 
#module 15 size: 61 bs: 0.376859
52 56 78 90 122 139 141 170 187 196 199 223 234 235 256 296 306 307 315 316 329 333 339 342 346 351 376 377 381 411 427 451 454 465 559 581 598 602 645 651 657 684 694 698 718 720 726 733 761 804 821 871 891 918 998 1031 1078 1170 1216 1282 1333 
#module 16 size: 30 bs: 0.334627
6 12 22 23 24 106 162 166 337 371 556 572 585 654 663 709 795 806 822 842 895 896 939 976 1006 1017 1132 1136 1142 1177 
#module 17 size: 39 bs: 0.826171
26 31 95 101 153 166 189 201 276 278 295 355 358 410 424 440 442 476 558 560 629 680 711 744 832 833 850 855 860 892 904 932 948 952 1099 1141 1219 1339 1354 
#module 18 size: 55 bs: 0.218053
53 57 59 79 82 109 120 123 133 144 152 156 164 167 224 261 272 283 313 341 355 356 417 449 458 497 524 533 555 571 574 578 583 597 648 656 679 712 735 756 764 770 773 805 833 857 885 921 933 952 1028 1040 1272 1273 1376 
#module 19 size: 59 bs: 0.209724
5 25 51 54 58 75 96 119 134 136 140 145 184 210 218 237 238 250 260 263 275 339 373 433 451 452 463 471 483 490 538 540 552 559 575 587 603 608 618 620 635 662 666 689 714 718 734 745 784 800 801 819 820 829 877 910 1000 1018 1022 
#module 20 size: 13 bs: 0.899503
2 33 193 233 554 574 621 834 911 1202 1217 1228 1362 
#module 21 size: 19 bs: 0.124691
55 58 127 252 290 359 368 373 394 409 530 615 755 809 888 912 1334 1338 1362 
#module 22 size: 35 bs: 0.653858
34 82 128 131 225 249 257 363 382 398 443 449 451 459 460 467 541 559 578 596 667 713 758 776 786 799 843 872 886 901 906 914 920 930 1271 
#module 23 size: 28 bs: 0.994259
49 108 117 146 158 198 270 308 324 327 364 370 377 406 660 674 682 762 802 844 889 937 998 1093 1218 1325 1352 1356 
#module 24 size: 15 bs: 0.732868
126 197 220 258 347 367 384 439 474 562 702 881 996 1018 1349 
#module 25 size: 32 bs: 0.262286
62 129 216 230 251 279 292 387 511 529 550 553 593 774 776 809 852 858 919 954 958 989 1001 1058 1064 1071 1086 1190 1253 1285 1308 1342 
#module 26 size: 57 bs: 0.518149
63 68 76 80 86 87 88 92 129 186 206 229 235 264 270 280 303 331 349 354 377 379 392 422 461 529 539 543 545 581 604 627 654 663 674 695 723 727 747 748 752 802 810 825 854 884 919 929 956 960 975 983 999 1013 1150 1368 1373 
#module 27 size: 31 bs: 0.456357
27 51 54 136 168 218 223 312 314 345 361 378 428 433 438 452 468 475 520 538 540 559 672 673 678 812 814 849 861 966 1276 
