#module 0 size: 16 bs: 0.0113983
165 177 210 248 549 589 608 613 622 662 810 836 861 892 1030 1295 
#module 1 size: 58 bs: 0.000160262
2 80 96 106 107 150 188 193 211 251 297 326 347 371 383 398 416 447 535 547 564 584 592 604 607 628 654 691 697 698 702 728 741 771 834 842 862 899 903 934 935 952 967 996 1015 1017 1018 1021 1025 1142 1209 1217 1219 1284 1296 1321 1352 1367 
#module 2 size: 90 bs: 5.62898e-05
68 71 74 104 110 115 129 135 136 141 142 151 153 162 169 198 214 230 252 256 264 288 301 302 304 320 338 361 364 367 372 373 392 393 397 398 416 430 440 450 457 466 539 550 579 582 616 617 631 640 657 663 666 689 694 696 713 718 724 740 752 758 802 821 827 837 841 851 856 858 863 878 896 904 932 947 954 967 969 1000 1013 1017 1025 1031 1092 1209 1276 1296 1302 1362 
#module 3 size: 66 bs: 0.000632676
13 15 19 22 24 28 35 37 64 66 221 241 253 273 316 369 441 444 454 505 532 593 621 626 632 644 720 768 835 844 883 887 921 937 971 977 980 987 989 995 1001 1015 1042 1053 1058 1071 1086 1105 1112 1121 1150 1157 1164 1190 1221 1222 1228 1246 1258 1294 1308 1315 1338 1360 1370 1372 
#module 4 size: 14 bs: 0.74388
58 348 470 612 683 792 825 828 853 929 930 976 1218 1325 
#module 5 size: 180 bs: 0.723483
53 56 57 59 65 70 79 95 101 109 112 113 120 121 123 133 139 143 144 147 149 152 156 158 159 163 164 166 167 168 185 186 187 189 194 195 199 201 209 218 223 224 225 237 255 261 272 274 276 278 281 282 283 287 289 295 306 309 313 314 322 333 341 342 343 344 355 356 357 358 360 385 386 391 403 405 408 417 421 424 434 442 446 448 449 458 467 476 497 512 520 524 531 533 534 536 544 552 553 554 555 571 572 574 578 583 590 597 602 603 605 610 625 629 634 647 648 655 656 659 661 668 670 678 679 687 699 711 712 725 735 736 743 745 754 756 759 764 770 773 795 796 801 805 822 833 839 850 857 860 865 866 874 879 882 885 889 910 933 948 955 968 973 975 985 1010 1012 1014 1019 1026 1028 1040 1127 1272 1273 1326 1339 1351 1354 1357 
#module 6 size: 49 bs: 0.582133
54 55 190 206 208 215 227 239 249 299 307 368 384 390 428 439 462 468 519 540 565 566 581 585 619 623 627 672 710 748 749 760 769 783 784 813 818 829 840 868 869 916 917 920 972 982 1092 1276 1297 
#module 7 size: 24 bs: 0.839809
148 228 234 259 312 325 375 426 427 435 462 543 557 688 726 746 794 799 801 816 867 877 902 984 
#module 8 size: 42 bs: 0.425098
50 76 131 140 180 197 265 280 290 315 359 362 370 400 409 433 452 465 523 568 586 594 611 614 620 665 671 768 811 815 832 893 906 912 919 956 958 974 1283 1349 1366 1368 
#module 9 size: 113 bs: 0.93151
51 88 89 92 98 105 124 126 127 130 148 155 165 176 202 205 210 216 222 232 235 236 246 250 254 286 293 310 317 318 328 329 330 331 332 335 380 389 395 410 413 419 422 429 431 438 455 464 471 472 473 525 528 530 556 563 573 575 576 577 588 591 618 622 624 630 633 637 643 645 646 662 673 677 690 693 700 715 729 730 731 732 733 737 739 750 755 765 789 804 814 826 855 870 873 886 888 894 901 905 909 912 956 970 986 994 999 1029 1140 1252 1295 1304 1333 
#module 10 size: 45 bs: 0.839961
5 52 55 178 207 208 212 215 227 233 238 244 257 271 303 337 345 350 354 363 365 374 379 396 412 428 437 459 540 651 734 741 762 775 806 913 918 920 951 1020 1078 1141 1334 1376 1377 
#module 11 size: 71 bs: 0.985992
60 62 63 71 81 91 117 118 135 136 141 151 169 214 229 243 256 268 277 292 298 300 304 327 346 352 353 387 393 414 419 430 443 457 527 551 569 595 596 599 601 609 616 653 660 682 685 689 695 696 707 744 753 758 761 791 800 812 819 820 821 831 838 849 852 856 894 908 970 979 1216 
#module 12 size: 45 bs: 0.433172
110 118 142 162 200 214 219 229 258 292 298 301 302 305 311 353 373 381 385 393 407 522 526 579 615 649 657 658 663 666 714 722 740 753 766 786 807 827 876 890 898 900 915 1264 1363 
#module 13 size: 37 bs: 0.748907
1 90 115 116 125 132 146 202 245 264 293 302 310 338 378 400 418 456 461 466 538 628 630 639 658 676 684 737 747 755 787 859 875 997 1029 1267 1302 
#module 14 size: 74 bs: 0.624195
3 6 49 61 69 73 77 78 100 102 103 108 119 128 145 161 179 184 217 220 247 262 268 269 285 294 319 339 343 349 376 399 402 426 432 445 453 460 475 521 526 529 537 541 551 561 567 598 635 636 641 647 767 788 798 800 808 823 830 872 907 928 931 938 953 960 961 966 978 998 1009 1264 1353 1363 
#module 15 size: 65 bs: 1.08746
3 61 67 69 73 75 77 88 92 93 98 102 138 191 192 217 220 260 263 296 329 330 394 399 411 422 423 426 432 436 464 473 511 541 542 560 561 567 570 587 600 606 652 681 686 692 750 751 757 772 788 814 823 830 854 872 905 914 961 962 1011 1140 1149 1220 1353 
#module 16 size: 42 bs: 0.757847
48 86 87 134 141 153 230 231 279 324 364 366 377 406 425 440 463 469 474 490 545 546 548 609 653 664 689 694 703 704 706 709 717 723 803 819 824 895 896 983 1013 1022 
#module 17 size: 77 bs: 0.106747
111 114 122 154 157 160 182 183 196 203 213 233 270 284 288 291 297 308 321 401 474 519 535 545 558 559 562 580 644 650 651 667 669 674 675 680 705 719 724 742 763 797 802 806 809 817 824 843 858 864 871 878 880 887 891 911 932 936 949 950 957 965 971 977 982 988 1006 1008 1016 1042 1221 1223 1271 1275 1282 1362 1369 
#module 18 size: 77 bs: 0.763089
7 10 14 20 23 25 29 34 42 46 181 323 340 382 415 790 964 981 1027 1032 1033 1039 1041 1053 1071 1093 1115 1120 1132 1177 1183 1224 1234 1246 1253 1265 1266 1268 1269 1270 1293 1298 1299 1300 1301 1303 1304 1305 1306 1307 1316 1317 1319 1320 1322 1324 1327 1328 1329 1330 1331 1332 1335 1336 1337 1340 1341 1358 1359 1361 1364 1365 1371 1373 1374 1375 1378 
#module 19 size: 105 bs: 0.697927
4 10 11 12 14 16 17 18 21 25 26 27 30 31 32 33 34 36 38 50 72 82 94 97 99 137 170 204 226 236 240 242 266 267 275 334 336 351 388 404 420 451 455 483 491 505 563 568 638 642 671 673 701 708 716 721 727 738 774 776 793 844 855 881 884 897 909 921 939 956 959 963 1007 1023 1024 1033 1043 1048 1053 1064 1071 1093 1099 1112 1115 1136 1170 1183 1196 1202 1224 1228 1234 1240 1246 1274 1277 1283 1285 1318 1323 1342 1350 1355 1356 
