#module 0 size: 29 bs: 0.987755
61 68 108 122 150 181 185 188 221 228 236 280 286 309 344 362 380 389 391 401 404 425 434 441 455 506 550 577 605 
#module 1 size: 35 bs: 1.07385
105 109 139 173 227 232 250 267 282 286 298 299 313 330 349 365 378 388 390 391 432 436 449 470 480 488 491 531 534 556 565 573 594 596 604 
#module 2 size: 49 bs: 0.362008
11 34 43 54 56 59 69 72 74 85 97 100 103 113 119 123 132 133 151 155 178 192 237 252 258 292 300 302 303 307 348 368 369 372 386 393 406 409 421 479 496 501 515 523 548 566 589 591 603 
#module 3 size: 39 bs: 0.729027
4 17 18 23 33 41 55 70 121 138 144 145 153 157 176 182 203 209 226 259 260 284 288 301 329 333 341 359 364 400 412 417 429 466 498 520 529 544 549 
#module 4 size: 32 bs: 0.35665
23 27 29 40 60 112 209 217 219 220 234 235 236 240 246 275 282 288 295 318 320 334 344 367 418 423 440 448 452 462 533 562 
#module 5 size: 57 bs: 0.425788
7 25 30 71 79 83 96 102 127 146 159 163 166 168 177 190 202 206 208 210 211 222 224 229 239 242 247 251 254 256 276 281 287 289 291 321 327 363 397 402 413 415 437 439 473 493 494 497 511 513 524 551 555 574 576 587 595 
#module 6 size: 10 bs: 0.568617
14 77 92 216 274 317 447 467 560 561 
#module 7 size: 16 bs: 0.538343
45 53 143 272 283 294 308 370 375 396 503 518 539 547 581 585 
#module 8 size: 28 bs: 0.744054
8 13 16 101 104 124 174 238 244 269 277 285 293 296 335 338 351 438 461 463 468 484 485 517 556 578 579 598 
#module 9 size: 16 bs: 0.85359
46 64 75 81 134 198 215 223 270 487 504 512 538 541 542 546 
#module 10 size: 50 bs: 0.900452
14 29 36 38 62 67 95 154 162 171 179 183 196 200 214 235 253 255 267 279 295 298 316 324 332 337 339 347 376 382 410 428 432 455 458 462 471 483 490 506 507 522 526 527 528 534 540 562 599 607 
#module 11 size: 29 bs: 0.138999
47 87 91 125 136 137 148 180 191 233 243 248 310 383 399 451 457 469 476 482 530 552 563 570 575 582 584 586 590 
#module 12 size: 81 bs: 0.97516
5 6 9 10 20 22 24 26 31 32 35 39 51 58 65 76 78 80 89 102 110 118 120 126 140 141 149 156 161 169 170 186 187 201 213 231 241 245 262 263 265 266 269 273 290 304 314 331 346 353 360 361 371 373 381 385 395 407 416 420 422 424 431 442 444 445 450 459 460 502 505 510 512 525 532 557 564 571 583 592 606 
#module 13 size: 36 bs: 0.191232
3 15 24 35 51 57 89 114 128 149 158 162 164 172 183 213 214 231 241 278 293 297 339 366 384 410 427 428 454 458 514 521 522 564 568 599 
#module 14 size: 39 bs: 0.800266
1 63 66 88 98 113 129 147 184 194 197 204 207 212 225 261 268 319 336 354 355 356 358 375 377 403 405 426 435 453 464 477 486 500 519 543 558 563 588 
#module 15 size: 44 bs: 0.15514
2 12 19 50 82 84 90 93 111 133 142 152 155 160 199 271 306 312 315 322 326 328 336 343 345 392 394 408 411 414 472 474 478 481 486 492 495 509 536 537 553 580 593 602 
#module 16 size: 42 bs: 1.01454
21 28 37 42 48 63 87 99 107 130 135 167 195 230 233 257 264 305 311 325 340 342 357 398 419 446 456 457 465 474 475 499 508 516 518 539 545 552 559 569 572 597 
#module 17 size: 44 bs: 0.68067
44 49 52 73 81 84 86 87 94 106 107 111 115 116 117 131 165 175 189 193 197 198 205 218 249 323 350 352 374 379 387 399 430 433 443 473 489 535 551 554 567 593 600 601 
