#module 0 size: 6 bs: 0.00520278
3029 5165 6279 8033 8836 9882 
#module 1 size: 9 bs: 0.00810592
2838 3009 7178 7410 9408 9702 11369 11657 12644 
#module 2 size: 3 bs: 0.0954233
1263 7237 7705 
#module 3 size: 3 bs: 0.0443128
2416 3011 11535 
#module 4 size: 3 bs: 1.20872e-07
2642 6096 7639 
#module 5 size: 4 bs: 0.0048223
3529 3636 3817 10910 
#module 6 size: 6 bs: 0.0668562
1931 2824 4534 6855 8324 10631 
#module 7 size: 3 bs: 0.0635471
6583 8568 8979 
#module 8 size: 3 bs: 0.0572276
1156 5672 7102 
#module 9 size: 10 bs: 0.00711099
1103 3061 4862 5152 5816 6298 7081 7435 8352 8412 
#module 10 size: 3 bs: 0.00175203
2803 3213 10566 
#module 11 size: 6 bs: 0.801313
62 2225 11334 11678 12641 12685 
#module 12 size: 5 bs: 0.672096
1685 1867 8062 10056 11095 
#module 13 size: 5 bs: 0.292313
3624 4035 6380 8877 9006 
#module 14 size: 14 bs: 1.01695
2344 2768 4055 4938 5433 5942 6701 7122 8872 9336 10063 10151 10219 10932 
#module 15 size: 5 bs: 0.257298
6144 6863 8635 9852 10717 
#module 16 size: 4 bs: 0.138541
1089 6812 7866 9224 
#module 17 size: 6 bs: 0.893042
7190 7305 7838 8361 8948 11361 
#module 18 size: 5 bs: 0.750158
1466 6707 9755 10783 11224 
#module 19 size: 6 bs: 1.06077
4163 4942 5560 8479 8934 11435 
#module 20 size: 11 bs: 0.249666
830 1429 2483 6121 7007 7320 8474 8871 9288 10504 10743 
#module 21 size: 13 bs: 0.401892
2465 2867 4061 4573 4982 5150 5484 8145 10270 10621 10745 10979 12813 
#module 22 size: 7 bs: 0.175111
3744 4697 5954 6528 6751 7141 7696 
#module 23 size: 4 bs: 0.816676
3658 6021 8977 9276 
#module 24 size: 27 bs: 0.444739
1095 1542 1975 1984 2044 4569 4780 4909 5397 5616 5660 5685 5984 6385 6489 6952 7203 8322 8338 8380 8681 9419 9679 9689 11032 12609 12666 
#module 25 size: 10 bs: 1.01196
957 3846 3963 5787 7123 7458 7463 8832 9241 9368 
#module 26 size: 4 bs: 0.83985
6879 7998 8378 11550 
#module 27 size: 13 bs: 0.15657
1484 5045 5284 5737 5833 6562 6582 6754 7259 7737 10020 10073 10805 
#module 28 size: 33 bs: 0.836237
1295 1464 1760 1914 2148 2260 2532 2828 2852 3033 3204 3538 3591 3898 4031 4079 4374 5087 5182 5482 5735 6130 6216 7330 8390 8449 8696 9123 9299 10143 10392 10807 13019 
#module 29 size: 6 bs: 0.77924
3999 4271 4335 6906 9450 9588 
#module 30 size: 19 bs: 0.872657
1100 1262 1268 2485 2508 2551 3924 4586 5001 5046 6597 7060 7852 7982 8235 8592 9758 10855 10992 
#module 31 size: 26 bs: 0.14401
964 1802 1970 2369 2736 3585 3697 3701 3871 4028 4030 4757 5499 5832 6455 6465 7771 7916 7991 8456 8625 8982 9417 10164 10734 11379 
#module 32 size: 43 bs: 1.09341
901 1144 1644 1731 1921 2086 2114 2477 2526 2928 2937 2990 3192 3477 3478 3742 3969 4354 4394 4795 5564 6009 6750 6793 6826 6827 6974 7264 7378 7600 7721 7730 7830 8271 8580 8582 8790 9134 9991 10123 10512 10989 11025 
#module 33 size: 27 bs: 0.333712
1015 1085 1270 1843 3299 3450 3823 4291 4338 4700 5317 5418 5553 5724 5864 6197 7100 7119 7226 7231 7755 8558 8636 9541 10627 11031 11447 
#module 34 size: 28 bs: 0.344855
833 1034 1214 1463 1855 1986 2792 3500 3922 4116 4428 4896 5407 5548 6006 6274 7034 7746 7928 7977 8610 8909 9287 9590 9803 9964 10773 11208 
#module 35 size: 48 bs: 0.760873
21 872 1169 1552 1648 1895 1929 2105 2132 2273 2370 2766 2858 2888 3196 3291 3683 3860 4377 4682 4745 4839 4865 4915 4979 5670 6024 6293 6639 6646 6980 7504 7522 7628 7634 7796 7926 8129 9021 9032 9053 9177 9548 9955 9976 10007 11112 11572 
#module 36 size: 15 bs: 0.802363
52 1545 2393 3084 3362 3412 4728 5633 6155 6407 7187 9390 9559 10389 12944 
#module 37 size: 31 bs: 0.247678
1568 2357 2471 2523 2739 2766 2877 2953 3111 3908 4501 4608 4668 4973 5142 5589 6551 6729 7613 8050 8540 8698 9173 9354 9365 9369 9989 10195 10441 10596 10799 
#module 38 size: 20 bs: 0.356043
1293 1503 1715 1976 2287 2463 2587 2715 2818 3400 4322 5412 5988 7547 8191 8267 8626 8802 10870 11133 
#module 39 size: 43 bs: 0.266415
76 792 1017 1106 1279 2104 2112 2577 2769 2831 2841 2967 3647 3886 4392 4753 4835 4856 5289 5976 6338 6633 6709 6725 7114 7163 7514 7545 8470 8596 8650 9024 9143 9254 9305 9794 10054 10481 10620 10688 10918 11130 11160 
#module 40 size: 20 bs: 0.564499
1681 2336 2480 2761 2987 3455 4099 4930 5216 5490 6004 7071 7390 7711 7857 7923 8473 8579 9039 11364 
#module 41 size: 37 bs: 0.398868
915 1136 1528 1667 2101 2501 2505 2758 3060 3265 3841 3978 4223 4388 4565 5194 5318 5458 5587 5639 5748 5815 6847 6866 7199 7641 7936 8590 8878 9343 9427 9546 10277 10581 10862 11261 11405 
#module 42 size: 13 bs: 0.384579
1588 2468 4710 4809 5719 6316 7621 9402 10066 10452 10689 12006 12015 
#module 43 size: 61 bs: 0.878436
795 826 1119 1188 1431 1565 1864 1974 2084 2193 2457 2542 2573 2717 3195 3527 3592 3760 3784 3861 3950 3982 4233 4237 4764 4850 4876 4881 5522 5628 5804 5902 5951 6206 6299 6302 6986 6998 7094 7275 7383 7384 7744 7888 8038 8245 8327 8575 9192 9541 9676 9768 9771 9846 9893 10133 10329 10791 10814 12950 13055 
#module 44 size: 17 bs: 1.02485
28 1439 1949 2372 2798 3141 3533 4605 4675 5437 7093 7511 7709 7855 8217 8375 8732 
#module 45 size: 37 bs: 0.928868
891 922 1130 1147 1209 1337 1550 1977 2025 2033 2052 2093 2339 2903 3076 3767 3988 5167 5774 6492 7417 7678 7881 7992 8045 8203 8385 8758 8965 9291 9431 9712 9872 10550 10897 10933 11145 
#module 46 size: 44 bs: 0.287867
892 914 1108 1181 1217 1362 1435 1750 2173 2509 2789 2819 2891 3041 3045 3604 3661 3666 4019 4044 4146 4429 4647 4732 4797 4945 5520 5865 5973 7156 7230 7377 7538 7762 7798 7878 8155 8348 8434 8491 9487 9530 9608 10999 
#module 47 size: 48 bs: 0.873915
1393 2040 2244 2486 2638 2659 2691 2775 3363 3451 3593 4239 4522 4630 4724 4819 5212 5253 5373 5523 5555 5658 6132 6392 6690 6778 6858 6964 7000 7059 7479 7528 7918 8059 8187 8656 8728 8930 9138 9278 9432 9464 9986 10141 10147 11188 11556 12589 
#module 48 size: 30 bs: 0.743932
57 1318 1784 2095 2964 3114 3290 3331 3862 4580 4775 4966 5138 5614 5842 6157 6214 6358 6410 6472 6769 6857 7153 7175 7191 7509 7648 8254 8489 9906 
#module 49 size: 6 bs: 0.105403
1018 4350 5872 8963 10360 10961 
#module 50 size: 32 bs: 1.03278
55 898 1201 1543 1652 2145 3249 3649 4159 4277 4329 4742 5101 5275 6049 6375 6534 6545 6946 7206 7524 7580 7622 7833 8341 8348 8354 8492 8994 9499 11210 12860 
#module 51 size: 22 bs: 0.93993
53 852 1065 1257 1851 2401 2845 2902 3036 4039 4308 4310 5779 6331 7429 7714 8144 8550 8725 9472 9560 10907 
#module 52 size: 64 bs: 0.701081
5 10 766 851 1038 1077 1492 1502 1599 1737 1904 1905 2165 2311 2554 2578 2707 3739 3935 4307 4532 4636 4677 4843 5189 5260 5278 5364 5416 5466 5738 5862 5907 6236 6515 6521 6924 6937 7128 7165 7377 7500 7683 8285 8300 8379 8618 9164 9331 9459 9553 9714 9753 9756 9920 9923 10160 10215 10579 10633 10678 10966 11342 12523 
#module 53 size: 58 bs: 0.197025
789 865 926 1135 1230 1697 1835 1880 1985 1998 2090 2177 2435 2450 2616 2700 2850 3026 3181 3213 3278 3427 3827 4209 4726 4727 4733 4768 4941 5697 5710 5946 6180 6563 6612 6945 6965 6974 7023 7441 7460 7486 7721 7937 7977 8208 8251 8390 9044 9161 9185 9793 10430 10468 10591 10730 10860 11067 
#module 54 size: 22 bs: 0.61473
816 1261 2452 2785 2893 3080 4265 4576 4859 4918 4975 5398 5829 6227 6339 7619 9099 9378 10357 10973 11002 11815 
#module 55 size: 16 bs: 0.842656
1050 2349 2503 2519 2725 2896 3286 4381 4815 5619 5752 5868 6266 7056 10857 10889 
#module 56 size: 45 bs: 0.328303
1090 1269 1383 1522 1563 1631 1668 2566 2815 3309 3378 3437 3480 3766 3837 4029 4162 4281 4435 4456 4582 4803 4814 4823 4962 5363 5568 5600 6218 6770 7063 7113 7535 7648 7879 8046 8312 8704 9057 9260 9423 10163 11519 11576 12870 
#module 57 size: 26 bs: 0.505139
1067 1126 1199 1220 1330 1373 2207 2298 2312 2884 3695 3764 4013 4101 4230 5856 6869 7004 7265 7298 7334 8173 8178 8933 10311 13027 
#module 58 size: 54 bs: 0.693196
926 1230 1548 2412 2437 2622 2631 2682 2700 2790 2851 2894 2970 3023 3185 3204 3321 3586 3652 4115 4800 4879 4926 4984 5154 5468 5611 5646 6101 6442 6485 6761 7353 7365 7644 8014 8018 8192 8269 8390 8443 8553 8653 8997 9143 9545 9635 9716 9794 10213 10384 10519 10827 10861 
#module 59 size: 48 bs: 0.950708
14 1165 1221 1280 1283 1376 1714 1898 2127 2147 2394 2709 2741 2808 2952 3280 3348 3544 3559 3598 3715 4615 4907 5005 5382 5411 5591 6104 6237 6650 6712 6996 7468 7904 7984 8128 8315 8326 8440 8920 9109 9793 10078 10426 10996 11011 11705 12937 
#module 60 size: 43 bs: 0.961362
42 844 873 946 1412 1726 1954 2060 2613 3058 3252 3445 4326 5806 6142 6495 6636 7012 7842 7948 8037 8223 8607 8637 8748 9086 9409 9565 9625 9669 10258 10508 10526 10605 10645 10692 10700 10826 11017 11425 11470 12228 13010 
#module 61 size: 22 bs: 0.952453
1381 1509 2227 2647 3008 3296 3602 3993 4465 5310 5533 5686 5734 6079 6236 6313 6787 9075 9757 10319 10746 12523 
#module 62 size: 45 bs: 0.110628
6 1097 1321 1338 1537 1675 1734 1899 2110 2184 2429 2620 3068 3182 3520 3609 3691 3980 4047 4871 4956 5239 5298 5387 5401 5749 6506 6743 6828 6861 7019 7025 7046 7157 7967 8220 8222 8608 8976 9445 9500 9824 9873 10038 10381 
#module 63 size: 43 bs: 0.167092
1544 1580 2137 2184 2778 3035 3414 4001 4642 4679 4783 4871 5263 5430 5439 5559 5924 5926 5942 6047 6201 6469 6581 6601 6743 6873 7082 7186 7214 7366 7396 7446 8104 8156 8222 8665 8755 8837 8874 9659 9709 9830 10105 
#module 64 size: 49 bs: 0.659209
1159 1166 1237 1415 1455 1498 1546 1627 2039 2526 2795 3018 3142 3258 3311 3639 3670 3732 3828 4142 4149 4383 4403 4447 4805 5201 5335 5340 5454 5745 5747 5782 6876 6905 6943 7221 7892 8003 8121 8221 8711 8811 9144 9698 9774 10674 10858 10886 10983 
#module 65 size: 56 bs: 0.368634
932 962 1102 1781 1831 1873 2851 2921 2970 3228 3430 3436 3568 4215 4345 4496 4646 4798 4857 4933 5169 5375 5447 5647 5767 5849 5896 5946 6175 6373 6862 6872 6945 7512 7643 8286 8350 8603 8726 8765 8840 9107 9460 9875 9981 10097 10132 10259 10703 10711 10796 10872 11074 11123 11643 11660 
#module 66 size: 33 bs: 0.804498
79 1775 1824 2531 2558 2746 2747 2998 3484 4166 4220 4389 4840 4944 5483 5754 5783 5850 5967 6795 6889 7185 7198 8405 8703 9284 9864 10293 10455 10844 10928 11099 11395 
#module 67 size: 39 bs: 0.901668
796 955 1116 1310 1809 2126 2163 2181 2255 2437 3051 3119 3779 3791 4276 4285 4826 5143 5381 5554 6054 6683 7103 7292 7357 7551 7633 8184 8752 8862 8928 8942 9023 9139 9289 9886 10337 10420 11575 
#module 68 size: 33 bs: 1.01169
1140 1274 1413 2206 2281 2445 2801 3148 3273 3674 3771 3901 4051 4497 4658 4706 5183 6085 6950 7177 7352 7356 7543 7562 7583 7733 8308 8684 8971 9662 9894 10328 11260 
#module 69 size: 29 bs: 0.510841
980 1087 1662 2188 2246 2433 2461 2797 3860 4372 4864 4891 4908 5121 5178 5319 5666 6118 6200 6567 7575 7660 8129 8475 8749 9672 9870 10172 10602 
#module 70 size: 46 bs: 0.777185
41 835 1192 1227 1244 1696 1776 2472 2564 3118 3135 3448 3620 4430 4716 5213 5274 5343 5477 5599 5792 5944 6414 6478 6533 6539 6540 6674 7048 7092 7171 7375 7769 7985 8157 8175 8204 8266 8875 8881 8985 10001 10120 10370 10981 13039 
#module 71 size: 14 bs: 0.569262
1409 3338 3904 4052 4100 4643 4968 6109 6648 7638 8306 8542 8780 10982 
#module 72 size: 24 bs: 0.414497
1239 1653 1749 2526 2568 2914 3499 4004 4224 4553 4881 4882 5065 5144 5404 5435 5621 5733 5871 6207 6677 6934 7699 9961 
#module 73 size: 22 bs: 0.559434
3031 3300 3517 3845 4001 4167 4494 5556 5890 6068 6176 7422 7443 7475 9142 9425 10176 10245 10290 10853 12690 12861 
#module 74 size: 89 bs: 0.566502
8 919 964 990 1078 1203 1211 1253 1298 1388 1397 1448 1457 1597 1657 1757 1791 1953 2040 2057 2978 3242 3268 3446 3485 3822 3889 3910 4176 4208 4437 4518 4524 4597 4766 4980 5211 5306 5347 5393 5402 5481 5603 5741 6122 6156 6494 6529 6561 6968 7021 7022 7051 7088 7254 7307 7345 7549 7553 7681 7795 7821 8019 8118 8149 8153 8163 8176 8209 8264 8559 8665 8886 8897 8910 9070 9376 9632 9780 10026 10218 10333 10614 10668 10926 10931 11006 11016 11159 
#module 75 size: 31 bs: 0.335418
1503 1642 1694 1717 2270 2589 2958 3687 3859 3986 4084 4091 4408 4413 4654 4837 5110 6217 7578 7641 8446 8584 9145 9375 9587 9650 10079 10461 10598 11372 11708 
#module 76 size: 71 bs: 0.867921
49 895 1043 1063 1177 1299 1682 1713 2042 2092 2710 2735 2855 2919 3131 3304 3370 3422 3435 3603 3631 3641 3774 3927 3964 3967 4022 4093 4195 4286 4324 4327 4339 4431 4948 5079 5133 5316 5399 5440 5465 5763 5780 5797 6140 6404 6541 6747 6898 6918 7045 7140 7451 7626 7789 7794 7875 7964 8001 8256 8966 9096 9167 9184 9665 9759 10499 10662 10973 11639 12293 
#module 77 size: 22 bs: 0.622985
866 1025 1328 2069 2766 3001 3006 4959 5246 5878 6966 7073 7147 7282 7589 7661 8679 9361 9526 10444 10847 12885 
#module 78 size: 59 bs: 0.444787
920 1178 1446 1996 2686 2728 2890 2940 3355 3837 3930 3977 4029 4247 4336 4456 4722 4825 5233 5270 5332 5341 5528 5580 5600 6028 6356 6458 6470 6932 6962 6963 7001 7008 7390 7671 7685 7724 7837 8046 8296 8602 8763 8841 8894 9057 9106 9452 9484 9754 9812 9980 10002 10208 10359 10374 10642 10851 10897 
#module 79 size: 48 bs: 0.780645
2 66 968 1365 1443 1525 1730 1767 2991 3496 3836 4093 4371 4421 4489 4681 4846 4847 4932 4933 5029 5103 5213 5301 5546 6030 6679 6753 6901 6910 7144 7224 7392 7947 8009 8137 8239 8562 8668 8669 9552 9876 10044 11134 11451 11490 12297 12958 
#module 80 size: 18 bs: 0.659057
1235 2513 3128 3244 3429 4045 4400 4621 4963 5883 6304 6542 6835 7840 8420 9026 10647 11233 
#module 81 size: 8 bs: 0.49087
1051 6033 8039 8633 8946 9110 10084 11168 
#module 82 size: 61 bs: 0.650729
827 1272 1529 1968 2027 2130 2176 2223 2232 2275 2286 2661 2879 3164 3212 3235 3493 3698 3728 3852 3907 4011 4111 4893 5675 6231 6232 6243 6260 6459 6652 6771 6801 7255 7477 7521 7589 7655 8321 8475 8521 8680 8693 8838 8867 8893 8950 9004 9025 9155 9269 9315 9415 9589 10493 10582 10881 10957 11463 11499 12264 
#module 83 size: 34 bs: 0.900372
807 1256 1378 1425 1649 1722 2049 2157 3511 4452 4507 5122 5305 5359 5409 5715 5991 6111 6951 7243 7270 7767 8577 8781 9117 9137 9183 9356 9434 9842 10484 10551 11085 11488 
#module 84 size: 154 bs: 0.808503
875 885 973 1012 1094 1114 1175 1348 1356 1408 1420 1426 1436 1485 1505 1531 1533 1638 1665 1744 1747 1806 1869 1933 1936 2029 2062 2076 2103 2313 2462 2476 2544 2570 2640 2674 2837 2863 3062 3105 3152 3207 3260 3372 3397 3399 3410 3466 3532 3547 3635 3717 3718 3989 3994 4003 4043 4062 4181 4196 4252 4258 4274 4299 4401 4418 4520 4530 4626 4695 4877 5082 5150 5302 5367 5540 5544 5593 5630 5664 5766 5822 5827 5828 5839 5909 5957 6058 6247 6286 6424 6507 6508 6509 6579 6691 6758 6831 6946 6956 6981 6983 6992 7038 7072 7164 7274 7283 7287 7322 7425 7449 7525 7625 7710 7823 8047 8148 8340 8341 8381 8544 8735 9043 9082 9263 9377 9381 9471 9477 9603 9608 9656 9663 9710 9833 9879 9933 10057 10112 10131 10226 10244 10377 10513 10841 10878 10914 10977 11077 11206 11436 12019 12679 
#module 85 size: 40 bs: 0.898828
788 945 1132 1195 2149 2324 2360 2868 2996 3012 3019 3458 3504 3663 3838 3883 3928 4344 5058 5244 5456 5535 6099 6277 7160 8455 8462 8683 9085 9616 9844 9970 10137 10211 10248 10388 10986 11193 11240 11246 
#module 86 size: 23 bs: 1.02204
1725 2158 2159 2866 3186 4266 4720 5808 6411 6578 8660 8935 9182 9741 10115 10396 11021 11115 11230 11699 11949 12158 12510 
#module 87 size: 73 bs: 0.259079
54 867 1234 1277 1379 1422 1552 1830 1839 1908 1929 2012 2204 2221 2222 2409 2427 2537 2653 2679 2874 2877 2944 3082 3153 4087 4338 4519 4541 4562 4600 4660 4679 5061 5249 5443 5451 5475 5925 5980 6051 6088 6198 6254 6593 6799 7043 7361 7617 7912 8158 8435 8511 8688 9250 9273 9294 9394 9521 9586 9667 9694 9888 9989 10228 10441 10518 11146 11239 11411 11442 11571 12429 
#module 88 size: 51 bs: 0.103162
1167 1480 1558 1569 1758 2123 2385 2907 2969 2999 3075 3255 3478 3811 5166 5311 5608 5689 5881 6007 6046 6113 6194 6481 6884 6957 7077 7682 7721 7770 7944 8017 8056 8305 8448 8613 8724 8848 8856 9298 9854 9929 10398 10430 10618 10628 10632 10785 10833 11109 12635 
#module 89 size: 25 bs: 0.709931
1583 2506 2759 3254 3395 3656 3679 4262 5047 5291 5377 5401 5462 5581 6922 7129 7260 7719 8057 8220 8606 9047 9547 11453 11840 
#module 90 size: 67 bs: 0.460464
810 1576 1578 1877 2161 2492 2701 2722 2910 3015 3069 3149 3262 3314 3377 3461 3464 3465 3524 3542 3873 4049 4071 4077 4206 4312 4838 4922 5022 5089 5123 5358 5707 6416 6569 6626 6663 6669 7078 7085 7233 7703 7929 7935 7963 8169 8319 8331 8471 8614 8757 9024 9242 9297 9339 9396 9397 9639 10042 10196 10608 10624 10771 11032 11267 11457 12534 
#module 91 size: 91 bs: 0.195801
806 1072 1208 1240 1468 1541 1590 1751 1891 1973 2186 2283 2351 2432 2516 2579 3150 3206 3302 3646 3734 4102 4121 4134 4170 4218 4457 4566 4746 4772 4901 4984 5160 5186 5308 5566 5691 5712 5824 5993 6152 6209 6213 6256 6312 6348 6453 6468 6610 6724 6784 6841 7167 7193 7207 7270 7338 7573 7615 7706 7727 7730 7765 7858 7917 8099 8100 8528 8756 8820 9041 9066 9162 9318 9338 9508 9609 9671 9809 9821 9958 10029 10123 10166 10187 10366 10380 10527 10818 11163 11475 
#module 92 size: 54 bs: 0.868853
850 897 1009 1856 2278 2304 2321 2458 2529 2763 2822 2875 3154 3163 3175 3236 3441 3509 3847 4005 4304 4460 4725 4739 4751 4844 5864 5937 6292 6379 6464 6781 7335 7602 7723 7798 7919 8076 8271 8828 8829 9080 9270 9355 9449 9619 9836 9918 10303 10362 10413 10735 11161 11415 
#module 93 size: 28 bs: 0.713065
764 854 1842 2338 2571 2624 2718 2806 3046 3503 3702 4156 4528 5012 5750 6730 7024 7090 7662 8268 8745 9027 10142 10295 10712 11003 11220 12661 
#module 94 size: 30 bs: 0.305585
30 2326 3438 3830 4083 4380 4812 5093 5104 5268 5480 6138 6141 6418 6431 6524 6676 6741 7027 7845 7974 8570 9078 9090 9720 9734 10636 10682 11667 12782 
#module 95 size: 44 bs: 0.858344
13 849 1218 1718 1927 2373 2389 2492 2791 2941 3058 3247 3259 3445 3501 3780 3845 4034 4064 4874 5643 6511 6641 7040 7055 7215 7379 7842 8037 8044 8106 8125 8133 8174 8311 8364 9001 9104 9478 9625 11022 11107 11419 11581 
#module 96 size: 24 bs: 0.833817
7 1074 1141 1511 1621 2108 2345 2614 2882 3240 3622 4024 4103 4471 4618 5505 6133 6302 7169 7792 7854 8316 9022 12726 
#module 97 size: 34 bs: 0.476143
1300 1635 2115 2423 2734 3234 3277 3375 3564 3584 3848 3851 4391 4627 4957 5299 5947 5961 5969 6909 7572 8060 8284 8953 9149 9496 9549 9601 9688 9744 10050 10427 10772 11079 
#module 98 size: 55 bs: 0.694986
791 948 981 1069 1088 1622 1636 1653 1724 1754 1756 2151 2346 2455 2748 2760 3452 3612 4053 4433 4770 5141 5225 5243 5326 5336 5408 5821 5855 5863 5950 6037 6364 6517 7015 7053 7137 7347 7666 7931 7983 8067 8147 8303 8760 8826 9239 9309 9359 9540 9692 10348 10416 11004 11611 
#module 99 size: 62 bs: 0.175162
51 1091 1298 1353 1395 1679 2026 2057 2166 2213 2396 2560 2631 2685 2957 3160 3339 3405 3518 3586 3677 3792 4107 4217 4246 4537 4557 4563 4587 4642 5014 5255 5476 5716 5778 5925 6163 6165 6187 6199 6241 6308 6702 6763 6798 7568 7581 8234 8586 8707 8951 9101 9250 9851 10023 10224 10247 10402 10420 10457 10470 10483 
#module 100 size: 51 bs: 1.04624
56 782 899 1066 1091 2058 2148 2175 2268 2371 2415 2636 2796 2817 2847 2859 3027 3087 3203 3204 3893 3992 4919 4928 4947 4991 5056 5539 5861 5901 6288 6361 6979 7064 7104 7328 8498 8510 8984 9305 9308 9513 9794 10143 10222 10483 10620 10843 10882 11504 12683 
#module 101 size: 38 bs: 0.111819
12 20 1003 1259 1304 1547 1779 2254 2359 3145 3315 3335 3616 3726 3761 3802 4119 4150 4168 4175 4810 5162 5241 5923 5990 6471 7348 7491 7677 7754 8132 8219 8914 9159 9763 10850 11566 11664 
#module 102 size: 52 bs: 0.357111
22 847 1038 1669 1883 1964 2420 2520 2665 2880 2994 3221 3376 4146 4552 4677 4899 5094 5188 5309 5314 5818 6017 6039 6111 6236 6271 6951 7074 7128 7377 7439 7488 7927 8008 8618 8652 8926 9231 9613 9633 9713 9996 10043 10211 10289 10448 10541 10678 11702 11715 12992 
#module 103 size: 113 bs: 0.707899
1344 1361 1475 1590 1617 1683 1773 1822 1891 1971 2027 2078 2247 2377 2432 2442 2473 2546 2579 2633 2727 2830 2908 2948 3423 3550 3686 3714 3808 3826 3833 3899 3974 4102 4165 4275 4451 4601 4639 4777 4984 5186 5224 5266 5346 5370 5413 5449 5500 5527 5557 5603 5617 5853 5905 5929 6010 6018 6172 6264 6336 6457 6477 6512 6538 6608 7083 7095 7111 7126 7140 7150 7174 7192 7216 7249 7464 7507 7846 7913 7995 8011 8123 8210 8229 8257 8281 8377 8528 8531 8816 8868 8950 9066 9206 9338 9419 9455 9528 9578 9819 9891 10124 10403 10527 10574 10617 10633 10830 10894 10904 11205 11380 
#module 104 size: 36 bs: 0.24701
868 1111 1181 1560 1907 1940 2284 3376 4243 4808 5021 5875 5904 6005 6041 6619 6839 6853 7098 7684 7767 8199 8227 8807 8903 8970 9132 9186 10015 10313 10454 10560 10577 10600 10697 10838 
#module 105 size: 28 bs: 0.623779
1223 1276 1912 2219 2272 3129 4264 4584 4667 4782 4906 4927 4935 6001 6589 7312 7962 8130 8342 8395 8477 8794 9265 9555 9972 10846 12039 12169 
#module 106 size: 68 bs: 0.492343
811 826 869 1040 1098 1143 1592 1653 1730 1753 1798 1836 1873 1939 2487 2681 2720 2726 3157 3216 3218 3425 3496 3595 3648 3769 3854 3997 4070 4096 4210 4270 4365 4478 4933 5185 5647 5756 5807 6029 6302 6441 6516 7017 7045 7152 7212 7715 7870 7931 8788 8849 8915 9171 9342 9623 9648 9912 9984 10045 10273 10282 10842 10871 10891 11106 11245 11338 
#module 107 size: 21 bs: 0.521357
1586 1837 1887 2634 3042 4731 4822 4970 6128 7750 8373 9214 9367 9568 9604 10046 10189 10707 10747 10965 11114 
#module 108 size: 18 bs: 0.549969
38 870 1878 2460 3050 3147 5372 5609 7372 7767 7802 8597 8809 9681 9745 10415 10753 12977 
#module 109 size: 43 bs: 0.644275
785 879 1009 1071 1193 1246 1297 1602 1670 1892 1948 2023 2253 2682 2789 3342 3831 3879 4057 4651 4725 4737 4910 4946 5206 5526 5681 5728 6550 7370 8015 8097 8146 8277 8491 9151 9547 9550 10083 10129 10531 10536 10735 
#module 110 size: 30 bs: 0.950131
797 931 1336 1782 2459 2475 2832 3920 4276 4484 5075 5448 5554 6454 7168 7693 7723 7826 8634 8890 8932 9350 9487 9810 9873 9975 10186 10401 10648 11169 
#module 111 size: 38 bs: 0.993204
1130 1292 1671 1705 1966 2187 2494 2843 3059 3250 3554 3726 4228 4320 5542 5663 5694 5801 6287 6421 6490 6686 6698 6914 7116 7184 7257 7380 7829 8021 8198 8241 8343 8364 8619 9209 10369 10610 
#module 112 size: 71 bs: 0.927547
22 949 1301 1394 1557 1616 2142 2228 2257 2391 2515 2517 2534 2660 2927 3115 3239 3521 3941 3945 3949 4109 4234 4363 4436 4555 4599 4619 4677 4781 4784 4843 4886 4937 5007 5164 5469 6036 6186 6445 6498 6654 6878 7211 7280 7323 7374 7377 7483 7718 8588 8639 8723 8767 8786 8856 9040 9091 9203 9407 9541 9750 9772 9966 10051 10125 10367 10376 10780 10815 12327 
#module 113 size: 58 bs: 0.99175
849 1113 1249 1290 1452 1460 1599 1731 1920 2008 2010 2135 2489 2496 2654 2853 3100 3130 3341 3642 3801 3805 3943 4064 4325 4443 4591 4866 5238 5265 5279 5376 5538 5867 5949 6773 6829 6990 7014 7378 8042 8046 8345 9232 9479 9848 9999 10126 10323 10422 10512 10764 10854 11136 11173 11335 11704 12681 
#module 114 size: 48 bs: 0.738276
812 845 1131 1311 1541 1813 2723 2789 2804 2854 3045 3081 3097 4665 4683 5442 5513 5979 6181 6250 6301 7105 7109 7128 7342 7454 7474 7623 8225 8335 8356 8517 8998 9100 9179 9255 9257 9424 9491 9654 9708 10171 10332 10386 10538 10544 10725 12063 
#module 115 size: 85 bs: 0.207762
16 34 799 952 1305 1467 1967 2002 2179 2189 2190 2256 2575 2641 2648 2749 2787 2833 2872 2892 3181 3426 3579 3669 3777 3802 4105 4135 4305 4543 4596 4614 4741 4954 5136 5199 5350 5693 5753 5789 6135 6146 6191 6225 6722 6726 7166 7421 7520 7532 7713 7806 7943 8070 8244 8437 8450 8478 8509 8746 9126 9129 9154 9195 9626 9717 9786 9839 9877 10037 10314 10491 10503 10681 10694 10714 10934 10990 11013 11135 11336 11447 11551 11604 12555 
#module 116 size: 52 bs: 0.289598
822 823 846 1273 1278 1410 1414 1474 1735 2378 2467 2504 2776 3222 3443 3512 4007 4390 4664 4807 5051 5108 5245 5247 5732 6238 6281 6307 6443 6895 7354 7427 7501 7595 7865 8074 8112 8518 8721 8859 9050 9098 9399 9524 9811 9876 10666 10757 10836 11438 12595 12865 
#module 117 size: 75 bs: 0.309975
12 32 64 69 939 953 994 1000 1062 1133 1145 1363 1433 1441 1589 1779 1780 2075 2308 2317 2493 2627 2714 2729 3190 3198 3210 3323 3335 3535 3707 3853 3870 3894 4092 4179 4232 4355 4407 4466 4546 4723 4903 5120 5226 5237 5820 5857 6148 6168 6262 6388 6467 6744 7054 7491 7584 7996 8643 8751 8937 8990 9693 9697 9942 10039 10104 10157 10310 10324 10345 10710 10751 10754 12642 
#module 118 size: 32 bs: 0.805343
947 1392 1818 1920 2550 2971 3245 3417 3534 3675 4526 4581 4603 5718 6048 6270 6300 6483 6627 6671 6985 7592 7732 8058 8260 8800 9068 9166 10225 10764 11201 12902 
#module 119 size: 54 bs: 0.245836
1465 1569 1645 1769 2016 2031 2047 2395 2617 3052 3151 3574 3745 3976 4236 4362 4696 4849 4913 4965 5043 5210 6061 6114 6427 6436 6746 6808 6864 6881 6921 6985 7036 7239 7332 7760 7836 7978 7988 8404 8527 8622 8924 8962 9370 9463 9766 9948 9978 10012 10439 11194 11649 12896 
#module 120 size: 84 bs: 1.0235
20 26 797 882 1080 1232 1303 1787 1828 2102 2187 2205 2627 2680 2846 2929 3013 3170 3191 3224 3225 3272 3471 3489 3590 3712 4117 4253 4334 4484 4536 4545 4616 4690 4701 4790 5006 5024 5107 5113 5220 5234 5304 5488 5858 6064 6087 6221 6450 6520 6653 6735 6972 7118 7229 7620 7723 7754 7799 7826 7901 8193 8310 8320 8461 8634 8644 8770 8772 8805 8835 9049 9211 9556 9936 9969 9977 10341 10451 10462 10722 10733 10758 10767 
#module 121 size: 82 bs: 0.191762
17 938 974 988 1139 1314 1423 1440 1521 1571 1677 1827 2155 2274 2425 2583 2635 2924 3134 3180 3241 3571 4154 4243 4289 4306 4351 4382 4567 4598 4631 4684 4691 4934 5086 5222 5227 5389 5590 5592 5656 5786 5867 6013 6045 6084 6123 6183 6400 6865 6899 6994 7301 7336 7359 7538 7767 7867 8023 8041 8083 8539 9122 9237 9331 9406 9476 9502 9657 9677 9850 10015 10106 10193 10199 10256 10320 10413 10469 10802 11342 11864 
#module 122 size: 51 bs: 0.86614
826 961 970 1520 1525 1730 1970 2703 2762 2977 2979 3195 3253 3505 3592 3625 3710 3815 3934 3953 4133 4283 4298 4547 4590 4804 5072 5438 5510 5524 5811 6417 6502 6532 6893 7010 7145 7344 7592 7722 7766 7946 8499 9105 9165 9272 9614 9753 10164 10919 10948 
#module 123 size: 71 bs: 0.219954
35 802 903 1110 1254 1281 1382 1490 1566 1571 1670 1708 1970 2140 2160 2810 3172 3297 3312 3433 3449 3502 3521 3710 3847 3881 3934 4234 4283 4436 4599 4618 4729 4784 4916 5007 5222 5469 5478 5583 5681 5873 5906 6083 6153 6278 6687 6760 7130 7483 7697 7812 7946 8197 8270 8277 8842 8889 9330 10003 10118 10223 10343 10546 10592 10677 10815 10952 11009 11788 11932 
#module 124 size: 57 bs: 0.304817
778 781 1101 1170 1380 1392 1495 1780 1818 2482 2549 2650 2729 3170 4169 4173 4191 4249 4521 4943 5052 5070 5081 5157 5203 5562 5579 5758 5769 6265 7016 7135 7146 7158 7886 8364 8644 8774 8876 9121 9148 9205 9466 9706 9814 9849 9935 9965 10136 10433 10593 10634 10720 11140 11268 12882 12889 
#module 125 size: 33 bs: 0.860164
813 1147 1186 1225 1402 1606 1792 2064 2390 3644 3984 4295 5321 6422 6487 6573 7020 7618 7627 8096 8120 8360 8991 9062 9582 9629 9696 9829 10179 10182 10487 10514 10873 
#module 126 size: 59 bs: 0.205358
43 50 991 1444 1786 1790 2218 2341 2346 2487 2760 2827 2942 2983 3024 3560 3900 3905 3997 4104 4140 4216 4301 4384 4579 4855 4904 5250 5414 5572 5821 5968 6044 6169 6517 6665 7108 7437 7536 7981 8091 8371 8575 8673 8738 8745 8967 9020 9068 9092 9172 9558 9900 10065 10076 10811 11128 12494 13065 
#module 127 size: 76 bs: 0.835807
758 985 986 1246 1391 1398 1421 1595 1856 1932 1970 2699 2724 3070 3074 3289 3346 3746 4113 4538 4610 4635 4967 5252 5374 5463 5478 5558 5637 5761 6107 6245 6352 6405 6434 6908 6986 7026 7209 7210 7266 7303 7358 7382 7389 7397 7438 7723 7826 7951 8313 8314 8423 8628 8722 8815 8828 8975 9030 9355 9406 9449 9551 9761 9905 9918 10520 10622 10653 10660 10762 10920 10988 11197 11443 11501 
#module 128 size: 56 bs: 0.314194
75 774 1519 1612 3173 3390 3554 3557 3757 4020 4050 4272 4360 4621 4642 5296 5430 5459 5497 5502 5622 5743 5764 5889 5931 6007 6090 6117 6192 6399 6931 6935 7708 7810 7992 8051 8109 8182 8186 8661 8720 8856 8951 9238 9585 9640 9709 10062 10102 10196 10808 11119 11214 11453 12590 13004 
#module 129 size: 31 bs: 0.462922
1308 2032 2576 2595 2636 2865 2889 3281 3321 3415 3869 3991 4897 4989 5020 6202 6326 6713 7335 7412 8114 8242 8282 8823 9042 9178 9244 9485 9564 9622 9925 
#module 130 size: 51 bs: 0.518496
4 1081 1350 1596 1634 1692 1712 1888 1982 2053 2067 2263 2361 2486 2883 2950 3383 3736 3933 4211 4340 4438 4655 4873 4960 5091 5248 5334 5595 5742 5770 6023 6110 6332 6577 6578 6928 7131 7462 7701 7924 7932 8110 8638 9868 10077 10175 10202 10795 10879 11256 
#module 131 size: 75 bs: 0.134359
996 1023 1096 1154 1411 1527 1555 1646 1656 1816 1841 1897 1942 1969 1978 2051 2152 2243 2245 2439 2737 2975 3056 3220 3232 3270 3276 3358 3444 3481 3699 3969 3976 4000 4037 5049 5420 5431 5877 6220 6297 6409 6574 6624 6689 6706 6851 7228 7267 7302 7319 7692 7742 7942 8154 8345 8640 9088 9157 9169 9216 9389 9441 9481 9498 10122 10168 10215 10229 10623 10779 11010 11473 12447 12794 
#module 132 size: 61 bs: 0.519176
837 942 1480 1846 1920 2016 3052 3444 3474 3713 3976 4016 4038 4040 4173 4419 4443 4556 4849 4953 5043 5070 5131 5352 5496 5765 5895 6114 6143 7738 7748 7791 7978 7994 8046 8082 8165 8357 8494 8527 8765 8923 9205 9311 9389 9441 9557 9812 10116 10240 10272 10512 10588 10784 10788 10901 11010 11258 11448 12756 12905 
#module 133 size: 139 bs: 0.300823
769 972 1026 1041 1093 1334 1407 1424 1639 1674 1732 2054 2183 2494 2502 2592 2695 2809 2930 3017 3091 3101 3208 3282 3454 3582 3627 3684 3709 3789 3827 3868 4172 4178 4197 4207 4260 4343 4349 4364 4379 4387 4450 4709 4736 4754 4794 4806 4895 5100 5217 5283 5531 5542 5552 5582 5793 5825 5840 5932 6003 6015 6016 6065 6203 6248 6252 6381 6490 6523 6525 6527 6564 6584 6631 6649 6661 6691 6740 6768 6824 6830 7143 7208 7406 7465 7539 7540 7609 7694 7729 7957 8079 8228 8232 8370 8384 8400 8647 8663 8676 8692 8708 8804 8891 9063 9130 9188 9209 9256 9514 9534 9584 9645 9704 9727 9733 9735 9795 9899 10052 10185 10234 10424 10432 10475 10554 10625 10810 10913 11110 11189 11191 11218 11371 11625 11656 11870 12862 
#module 134 size: 47 bs: 0.394858
1014 1019 1057 1501 1508 1615 1633 1834 2202 2213 2301 2357 2575 2777 2836 2881 3825 4132 4485 4600 4921 4958 4959 4970 5109 5707 6070 6098 6160 6198 6199 6239 6249 7110 7147 7233 7304 7367 7568 9250 9345 9598 9737 9792 10130 10583 10875 
#module 135 size: 63 bs: 0.125411
759 790 1031 1086 1320 1417 1504 1615 1889 1997 2174 2180 2219 2223 2300 2602 2632 2781 2791 2848 2886 3037 3247 3452 3510 4356 4575 4576 4661 4820 4923 4928 4978 5245 5246 5361 6159 6228 6559 6594 6635 6749 8170 8171 8399 8538 8545 8748 8905 9133 9136 9345 9683 9707 9807 9889 10148 10284 10776 10809 11232 11712 13062 
#module 136 size: 46 bs: 0.347409
1173 1244 1258 1359 1389 1536 2331 2348 2732 3109 3189 3380 3448 3758 3768 4269 4490 4662 5181 5295 5455 5620 5763 6014 6139 6617 6806 6874 6904 7058 7472 7781 7979 8084 8216 8265 8301 8611 8853 9301 9348 9600 9808 10336 10718 10832 
#module 137 size: 81 bs: 0.893837
864 956 1105 1160 1175 1203 1250 1315 1319 1701 1774 1817 1852 1953 2210 2258 2387 2908 2922 3064 3089 3319 3385 3408 3531 3540 3572 3664 3690 3748 3750 3797 4078 4082 4273 4448 4451 4931 5039 5042 5293 5373 5464 5713 5717 5744 5751 6132 6477 6591 6938 7216 7646 7698 7712 7763 7824 8108 8167 8262 8346 8555 8641 9153 9483 9574 9630 9765 9840 10391 10663 10759 10787 10975 11073 11081 11151 11383 12170 12881 12995 
#module 138 size: 47 bs: 0.778688
59 73 860 975 1028 1203 1306 1584 1845 1925 1959 2918 3107 3897 3979 3995 4017 4422 4550 4699 4791 5010 5038 5084 5158 5253 5300 5618 5999 6258 6337 6871 6953 7142 7386 7596 7868 7959 8549 8737 9019 9492 9630 9752 10292 10603 10626 
#module 139 size: 52 bs: 0.952663
858 2598 2962 3426 3800 3816 3891 4264 4302 4410 4425 4473 4560 4817 5025 5034 5176 5207 5624 6219 6246 6268 6386 6685 6844 6883 6897 7065 7093 7520 7579 8410 8437 8529 8952 8974 9028 9651 9722 9725 9987 10048 10183 10301 10659 10766 10836 10949 10990 11273 11362 11498 
#module 140 size: 34 bs: 0.758125
67 1288 1374 1605 1736 2486 2546 3649 3896 4025 4330 4623 4767 5211 6501 6592 6684 6902 7000 7222 7250 7430 7753 7788 8151 8468 9191 9245 10016 10221 10482 10564 10613 10906 
#module 141 size: 79 bs: 0.751138
1128 1162 1222 1803 1890 1894 1901 1994 2072 2099 2637 2690 3044 3392 3488 3681 3731 4284 4453 4889 4897 4914 4955 4969 4997 5429 5448 5487 5492 5635 5794 5918 5936 5960 5992 6492 6843 6903 7223 7227 7605 7676 7786 7881 8093 8140 8243 8415 8418 8436 8483 8484 8486 8490 8710 9059 9190 9283 9451 9490 9542 9703 10117 10206 10538 10777 10943 10947 10980 11115 11148 11259 11459 11693 11701 11765 12327 12510 13019 
#module 142 size: 82 bs: 0.391617
41 833 905 1020 1042 1366 1427 1593 1720 1729 1789 1805 1928 1960 2038 2134 2139 2323 2449 2569 2669 2713 3359 3396 3754 3790 4006 4139 4194 4199 4245 4482 4529 4821 4842 4863 5272 5349 5532 5762 5813 5831 5898 5910 6333 6804 6920 6976 6989 6993 7047 7086 7087 7230 7244 7272 7324 7747 7758 7809 7831 7868 7914 7930 8250 8672 8808 8938 9296 9919 9982 10375 10407 10517 10534 10643 10701 10922 11188 11196 11215 12573 
#module 143 size: 50 bs: 0.961518
72 894 1045 1127 1291 1346 1791 1860 2030 2353 2407 2470 2486 3086 3103 3144 3482 3486 3573 4137 4290 4315 4341 4445 4797 5400 5509 5529 5627 6229 6531 6533 6736 6917 6954 7538 7798 7982 8048 8630 8747 9277 9512 9622 9838 10159 10254 10643 10769 12933 
#module 144 size: 88 bs: 1.0131
834 1001 1039 1054 1250 1613 1704 1850 1876 1956 2070 2236 2265 2335 2355 2453 2643 2662 2744 2925 3010 3014 3132 3328 3543 3588 3676 3765 3794 3806 3812 3834 3835 3919 3996 4074 4203 4222 4257 4470 4571 4587 4774 4996 5003 5037 5064 5092 5191 5193 5212 5273 5434 5489 5498 5506 5508 5509 5587 5612 5640 5771 5803 5854 6254 6396 6419 6473 6543 6711 6739 7050 7052 7175 7199 7877 8358 8489 8762 9093 9247 9280 9435 9832 10053 10572 11001 11405 
#module 145 size: 86 bs: 0.991201
815 1024 1061 1122 1189 1191 1332 1801 1886 1910 2035 2134 2333 2343 2535 2562 2788 2906 3049 3092 3107 3401 3442 3497 3798 3931 4067 4126 4256 4397 4420 4525 4570 4622 4671 4775 4845 5003 5127 5219 5406 5597 5625 5658 5687 5847 5891 6499 6765 6900 7035 7175 7202 7218 7502 7668 7726 7735 7843 7851 7884 7966 7971 8010 8032 8085 8141 8181 8190 8709 8972 9034 9138 9200 9293 9320 9357 9366 10191 10450 10859 11188 11340 11400 11532 11883 
#module 146 size: 37 bs: 0.811543
54 936 1352 1804 1839 2302 2460 2721 2811 3442 3676 3759 3794 3806 3834 3872 4002 4503 4622 5277 5380 5489 5587 5739 5741 5997 6323 6350 6739 7173 7606 7980 8709 8817 9103 11405 12495 
#module 147 size: 9 bs: 0.685317
1743 1857 3057 3962 4998 5755 6480 6987 7876 
#module 148 size: 29 bs: 0.490198
15 2018 2182 2719 2849 2881 3040 3187 3419 4023 4041 4892 5074 6734 7482 7588 7720 7909 8388 8417 8431 8483 8715 10004 10087 10190 10255 11208 11217 
#module 149 size: 52 bs: 1.09878
17 70 930 951 1055 1059 1180 1736 2466 2546 2563 3053 3094 3132 3685 3689 4072 4148 4305 4319 4444 4560 4597 4730 4788 4802 4836 4936 4992 5028 5759 5799 6488 6500 6658 6854 7665 7969 8113 8136 8206 8307 8615 9111 9398 9786 9901 10438 10654 11178 11185 12712 
#module 150 size: 73 bs: 0.672898
74 793 921 1368 1930 1951 1963 2116 2469 2677 2955 3043 3292 3388 3431 3475 3793 3819 3832 3871 4008 4127 4147 4464 4511 4535 4811 4902 5119 5987 6575 6637 6638 6705 6720 6805 6970 7115 7149 7541 7670 7716 7828 7889 7950 8172 8292 8333 8523 8768 8901 8959 8964 8982 9011 9061 9210 9219 9489 9533 10011 10128 10146 10264 10325 10372 10486 10488 10576 10707 10755 10865 12492 
#module 151 size: 55 bs: 0.695609
39 940 1341 1385 2136 2141 2318 2319 2706 2916 3072 3106 3199 3257 3269 3409 3446 3915 4158 4542 5423 5746 5788 5845 5851 5865 5928 6026 6530 6598 7029 7219 7415 7576 7788 7987 8138 8508 8576 8702 8719 8899 8983 9037 9647 9841 10120 10192 10254 10506 10587 10599 10839 12077 12899 
#module 152 size: 227 bs: 0.871514
777 843 875 883 893 909 913 967 973 979 1006 1155 1206 1229 1271 1322 1499 1531 1549 1598 1618 1619 1628 1638 1655 1661 1667 1733 1744 1863 1919 1933 1952 1976 1987 2029 2046 2076 2079 2082 2089 2097 2124 2172 2240 2325 2397 2402 2428 2454 2479 2495 2541 2544 2782 2800 2835 2861 2968 2973 2980 3138 3366 3391 3410 3459 3462 3469 3495 3532 3547 3556 3575 3618 3672 3718 3829 3906 3956 3989 4044 4091 4184 4254 4274 4279 4287 4370 4373 4379 4398 4399 4417 4418 4442 4446 4548 4695 4740 4742 4853 4993 5030 5041 5059 5139 5145 5179 5231 5302 5331 5367 5452 5541 5659 5664 5708 5714 5720 5768 5844 5912 5998 6058 6161 6253 6261 6317 6329 6374 6377 6390 6424 6509 6558 6600 6622 6667 6758 6817 6822 6831 6956 6983 7155 7274 7287 7371 7381 7436 7452 7578 7610 7625 7629 7642 7645 7700 7878 7907 7953 7958 7960 8040 8086 8098 8122 8131 8148 8278 8297 8309 8351 8387 8421 8441 8453 8454 8476 8512 8601 8735 8743 8822 8936 9002 9055 9083 9263 9268 9310 9322 9333 9453 9486 9544 9566 9573 9649 9663 9710 9818 9916 9998 10049 10112 10131 10205 10214 10338 10404 10461 10471 10543 10679 10728 10841 10938 10978 10991 11007 11077 11152 11206 11393 11413 11695 
#module 153 size: 54 bs: 0.799912
1068 1561 1604 1652 1778 1917 2154 2474 2498 2567 2731 3407 3427 3649 3896 4048 4205 4326 4393 4999 5385 5427 5518 5573 5606 6591 6636 6700 6945 6984 7486 7813 8002 8005 8117 8223 8854 8996 9107 9286 9363 9565 9691 10088 10294 10414 10645 10684 10699 10724 10826 10939 11017 11271 
#module 154 size: 105 bs: 0.459187
6 33 958 966 1005 1107 1176 1289 1459 1608 1684 1759 1810 1995 2074 2344 2668 3155 3327 3389 3594 3766 3936 3938 4014 4047 4264 4267 4316 4636 4702 4769 4771 4940 5218 5285 5357 5391 5519 5613 5642 5683 5773 5884 6026 6103 6345 6401 6640 6999 7005 7313 7339 7456 7530 7565 7647 7652 7657 7975 8135 8161 8409 8493 8617 8683 8773 8797 8799 8838 8940 9000 9025 9176 9272 9536 9610 9612 9624 9724 9773 9970 10041 10251 10382 10460 10658 10671 10705 10756 10774 10775 10801 10804 10836 10863 10929 11097 11164 11465 11962 12447 12700 12891 12982 
#module 155 size: 15 bs: 0.48701
1031 1702 2241 2347 2540 2705 4515 4703 5530 5700 6644 6797 9971 10051 11266 
#module 156 size: 70 bs: 0.807564
804 881 1124 1345 1440 1723 1938 2274 2425 2930 3085 3246 3357 3494 3638 3937 4112 4268 4289 4296 4357 4464 4509 4631 4717 4806 4829 4934 5040 5096 5579 5667 5840 5841 6265 6311 6314 6327 6349 6631 6936 6978 7158 7273 7476 7689 8081 8105 8363 8692 8882 8901 9036 9170 9208 9256 9382 9502 9677 9850 9899 10413 10428 10496 11138 11139 11342 11700 11868 12652 
#module 157 size: 75 bs: 0.469291
767 886 916 1021 1647 1666 1879 1902 2169 2176 2230 2392 2511 2786 2793 2842 2850 2887 2951 3030 3351 4106 4278 4583 4585 4628 4641 4663 4672 4756 4787 5661 6101 6185 6224 6233 6242 6289 6551 6721 7518 7585 8237 8252 8386 8392 8506 8659 8670 8784 8895 9199 9230 9369 9371 9436 9468 9523 9655 9660 9670 9672 9801 9806 9845 9870 9883 9949 10072 10099 10156 10203 10501 11070 11216 
#module 158 size: 42 bs: 0.289358
1198 1335 1588 1620 1786 1833 1862 3117 3659 3703 3756 3970 4032 4378 4414 4459 4480 5525 5899 5943 6357 6370 6526 6915 7847 7893 8325 8478 8551 8845 9012 9274 9304 9775 10107 10371 10851 10887 11190 11207 11878 12880 
#module 159 size: 45 bs: 0.45195
13 825 1010 1033 1748 1808 1924 2032 2491 2859 2915 3067 3130 3161 3332 3473 3613 3809 4143 4297 5323 5426 5479 5522 5852 5869 5903 6206 6370 6425 6537 7888 8258 8575 8686 8782 8793 9071 9327 9503 9828 9944 11096 11223 13055 
#module 160 size: 55 bs: 0.105047
773 812 1181 1247 1305 1560 1575 1663 1765 1832 1840 2013 2297 2913 2990 3264 3491 3954 3969 4673 4747 5351 5830 5994 6576 6619 6803 7408 7490 7576 7702 7908 7987 8199 8275 8349 8368 9243 9401 9421 9531 9651 9674 9784 9799 9910 10121 10160 10349 10351 10354 10607 10781 11552 12506 
#module 161 size: 63 bs: 0.365876
3 906 1121 1255 1333 1486 1559 1796 1827 1918 2243 2253 2267 2289 2406 2414 2733 2864 3121 3123 3969 4231 4255 4280 4325 4347 4455 4591 4796 4852 5280 5420 5442 5521 6212 6324 6586 7080 7109 7772 8102 8160 8452 8800 8961 9031 9128 9279 9389 9479 9654 9783 10238 10344 10409 10437 10623 10721 10812 10958 11010 11098 11710 
#module 162 size: 46 bs: 0.205724
771 842 1004 1496 1885 2146 2675 2750 2839 2846 3194 3251 3274 3288 3525 3570 3892 4128 4232 4253 4361 4559 4694 4713 5022 5205 5324 5436 5778 6335 6371 7046 7329 7455 7826 7976 8556 8557 9180 9259 9457 9790 10335 10971 11272 12792 
#module 163 size: 45 bs: 0.54806
1058 1133 1145 1185 1380 1689 2218 2934 3126 3971 4089 4110 4259 4693 4833 5068 5112 5135 5167 5356 5615 5701 5812 6384 8180 8283 8372 8543 8657 8777 8968 9193 9457 9458 9775 10014 10100 10139 10509 10515 10584 10792 11566 11878 12584 
#module 164 size: 106 bs: 0.910776
960 984 1047 1104 1158 1168 1172 1243 1320 1347 1815 1847 1893 2117 2548 2552 2799 2816 2825 2844 2963 2996 3012 3019 3082 3120 3162 3308 3420 3452 3453 3536 3733 4036 4192 4282 4395 4396 4483 4568 4575 4637 4659 4870 4906 4920 4927 4928 4991 5058 5155 5246 5286 5290 5515 5534 5709 5989 6134 6198 6226 6230 6234 6303 6423 6479 6553 6556 6958 7049 7314 7492 7569 7635 7797 7805 8024 8115 8152 8201 8293 8355 8445 8455 9266 9275 9418 9561 9607 9678 9802 9871 9938 10068 10149 10204 10318 10473 10533 10813 10822 11088 11595 11712 12638 12874 
#module 165 size: 33 bs: 0.392261
786 911 1915 1962 2692 2765 3054 3567 4458 4680 5486 5631 5819 5963 6094 6296 6475 7032 7125 7325 7604 8500 8539 8552 8621 8947 9140 9502 10027 10103 10275 10615 12249 
#module 166 size: 38 bs: 0.144345
71 1109 1228 1463 1607 1964 2170 2770 3266 3725 3751 3785 4778 4995 5207 5698 5814 5956 6129 6211 6259 6343 6651 7245 7627 7954 8320 8389 8459 8483 9608 9874 9993 10066 10379 10516 11541 12746 
#module 167 size: 53 bs: 0.213502
29 760 1626 1629 1664 1710 1713 2144 2398 2772 2945 2982 2984 3219 3261 3522 3864 4321 4609 4613 4776 4905 5000 5073 5156 5403 5487 5918 5935 5953 6040 6151 7299 7317 7566 7664 7881 7883 7938 8140 8761 8787 9079 9251 9442 9444 9469 10253 10597 10729 10865 10947 11113 
#module 168 size: 65 bs: 0.394597
1415 1524 1526 1641 1653 1693 1730 1777 1821 2034 2068 2444 2478 2696 2960 3083 3118 3157 3421 3541 3716 3914 4054 4244 4447 4499 4544 4828 5053 5126 5342 5551 5669 5671 6355 6430 6642 6656 6674 6998 7182 7240 7271 7295 7487 7839 8006 8226 9018 9264 9300 9324 9504 9591 9863 10108 10316 10477 10511 10565 10651 10798 10876 11121 11790 
#module 169 size: 1 bs: 1
776 
#module 170 size: 1 bs: 1
4949 
#module 171 size: 1 bs: 1
1488 
#module 172 size: 1 bs: 1
8824 
#module 173 size: 1 bs: 1
5329 
#module 174 size: 1 bs: 1
6273 
#module 175 size: 1 bs: 1
928 
#module 176 size: 1 bs: 1
6433 
#module 177 size: 1 bs: 1
1030 
#module 178 size: 1 bs: 1
10030 
#module 179 size: 1 bs: 1
1125 
#module 180 size: 1 bs: 1
8428 
#module 181 size: 1 bs: 1
1396 
#module 182 size: 1 bs: 1
2171 
#module 183 size: 1 bs: 1
2028 
#module 184 size: 1 bs: 1
6306 
#module 185 size: 1 bs: 1
2196 
#module 186 size: 1 bs: 1
10134 
#module 187 size: 1 bs: 1
2197 
#module 188 size: 1 bs: 1
2784 
#module 189 size: 1 bs: 1
2310 
#module 190 size: 1 bs: 1
4056 
#module 191 size: 1 bs: 1
2381 
#module 192 size: 1 bs: 1
4440 
#module 193 size: 1 bs: 1
2813 
#module 194 size: 1 bs: 1
10638 
#module 195 size: 1 bs: 1
3601 
#module 196 size: 1 bs: 1
8908 
#module 197 size: 1 bs: 1
3640 
#module 198 size: 1 bs: 1
4353 
#module 199 size: 1 bs: 1
3866 
#module 200 size: 1 bs: 1
8075 
#module 201 size: 1 bs: 1
4118 
#module 202 size: 1 bs: 1
10092 
#module 203 size: 1 bs: 1
4885 
#module 204 size: 1 bs: 1
10713 
#module 205 size: 1 bs: 1
5676 
#module 206 size: 1 bs: 1
9344 
#module 207 size: 1 bs: 1
6184 
#module 208 size: 1 bs: 1
10232 
#module 209 size: 1 bs: 1
6346 
#module 210 size: 1 bs: 1
8255 
#module 211 size: 1 bs: 1
6655 
#module 212 size: 1 bs: 1
10445 
#module 213 size: 1 bs: 1
7364 
#module 214 size: 1 bs: 1
10178 
#module 215 size: 1 bs: 1
7804 
#module 216 size: 1 bs: 1
7822 
#module 217 size: 1 bs: 1
7814 
#module 218 size: 1 bs: 1
10495 
#module 219 size: 1 bs: 1
7899 
#module 220 size: 1 bs: 1
11203 
#module 221 size: 1 bs: 1
8101 
#module 222 size: 1 bs: 1
10194 
#module 223 size: 1 bs: 1
8304 
#module 224 size: 1 bs: 1
9410 
#module 225 size: 1 bs: 1
9125 
#module 226 size: 1 bs: 1
12645 
#module 227 size: 1 bs: 1
9281 
#module 228 size: 1 bs: 1
10393 
#module 229 size: 1 bs: 1
9880 
#module 230 size: 1 bs: 1
11385 
