581	655	
25	255	638	535	
895	978	
172	411	164	123	889	677	656	762	465	557	143	405	237	115	433	343	251	230	961	941	390	97	496	742	740	940	472	735	279	623	480	
892	207	325	
80	419	498	569	796	252	32	893	353	652	966	128	526	899	824	284	827	371	882	791	235	916	
522	969	
394	719	672	410	293	286	274	149	276	523	354	355	233	540	13	399	648	970	571	884	551	692	297	132	324	103	887	909	982	278	305	612	
567	428	688	317	849	205	139	127	595	69	673	55	46	219	585	
643	812	
804	445	
3	
525	
294	
860	
795	
797	
545	871	560	312	52	19	575	746	130	63	214	577	702	600	561	667	528	921	403	311	781	99	587	98	440	124	182	22	923	432	803	913	636	81	21	482	221	837	622	628	645	566	559	920	7	102	515	64	980	
939	
764	
774	890	539	239	363	142	108	937	70	26	315	680	178	583	29	730	750	257	173	460	375	527	402	453	333	177	825	163	414	76	38	231	619	912	
582	596	
446	
249	
439	
487	61	
404	
308	
200	
760	694	532	378	963	599	340	310	765	949	500	485	529	17	437	681	900	75	744	820	384	111	197	314	793	731	898	79	137	406	924	146	218	319	547	458	206	647	216	389	792	269	888	337	112	49	263	417	543	33	156	703	133	922	953	451	534	504	28	977	15	436	845	925	906	51	554	769	481	512	229	594	708	544	35	752	159	470	383	82	565	
593	
198	
584	431	193	843	461	4	475	452	715	344	320	691	634	979	155	464	416	372	971	973	125	855	168	801	45	322	591	87	713	73	426	682	307	674	985	287	553	204	336	85	145	789	386	346	382	911	72	723	240	96	683	31	292	117	492	777	663	300	
650	
330	
550	
241	
201	
976	
640	
350	
11	
334	950	169	850	457	951	449	718	261	101	799	876	296	227	975	689	483	531	162	119	589	304	91	222	174	754	120	942	225	967	983	603	459	592	473	67	250	915	632	
488	
16	
104	
40	
39	
295	
298	270	
356	
396	339	
720	
447	
958	
862	502	
88	
658	
938	376	100	617	904	519	513	745	175	864	395	71	105	282	743	537	265	209	153	232	277	441	574	934	598	116	362	926	807	2	456	894	466	987	959	424	248	187	631	714	842	624	360	254	34	601	610	84	443	964	641	649	615	351	639	68	737	160	352	280	621	243	875	776	247	826	189	510	210	245	579	345	58	788	
908	
679	684	
546	
686	
144	767	107	772	614	709	186	234	467	757	782	749	268	514	879	301	728	476	608	653	877	863	54	814	434	524	866	179	773	184	215	830	341	808	753	786	497	
306	
217	
506	
839	
486	
157	613	
751	
508	
902	
869	
872	
716	
77	
