#module 0 size: 71 bs: 0.683024
2 12 18 25 52 53 63 80 82 98 141 157 166 172 193 197 220 223 230 235 248 253 264 268 269 281 282 315 332 395 402 422 427 430 476 478 497 514 518 525 546 553 575 576 612 616 646 652 655 668 673 679 692 726 771 782 791 797 819 820 843 861 871 882 910 913 930 967 979 987 988 
#module 1 size: 25 bs: 1.02066
62 66 91 122 244 265 306 341 346 365 380 413 519 561 571 602 624 630 680 730 829 842 872 906 923 
#module 2 size: 80 bs: 0.855243
9 10 15 28 32 33 41 49 59 76 85 103 108 112 113 116 119 132 133 135 146 162 175 181 190 212 227 234 236 241 266 270 276 286 334 356 359 363 377 398 411 446 451 452 461 464 473 493 499 500 509 529 539 551 558 567 592 603 608 618 637 656 672 677 691 696 753 790 796 806 809 831 845 847 884 897 898 924 933 986 
#module 3 size: 72 bs: 0.616738
31 48 96 99 109 124 126 137 138 158 180 198 206 239 251 277 290 292 307 336 338 345 351 368 370 376 378 386 388 399 404 424 431 437 439 458 468 475 485 488 490 495 505 534 640 658 663 681 683 684 712 715 722 736 775 788 815 817 821 840 849 863 885 889 899 909 910 946 955 961 969 985 
#module 4 size: 69 bs: 0.291182
31 45 75 96 108 123 128 131 142 150 161 165 168 173 175 178 190 198 206 219 226 256 277 287 322 336 345 353 357 360 386 387 404 408 409 421 424 437 439 451 468 475 488 490 495 544 552 589 593 658 681 712 715 752 767 777 817 846 849 866 884 887 889 891 910 918 944 969 975 
#module 5 size: 63 bs: 0.186983
15 26 28 35 43 68 103 135 139 155 175 179 182 209 222 247 250 254 255 272 283 284 296 318 319 335 337 339 349 358 411 419 444 459 486 507 512 515 554 578 596 638 674 685 686 694 709 713 728 751 760 765 780 828 844 846 867 894 915 920 925 954 966 
#module 6 size: 59 bs: 0.964398
56 100 104 118 159 188 215 260 293 294 302 311 317 320 355 361 367 384 401 403 429 441 455 474 487 494 517 526 568 580 605 621 623 628 639 647 651 662 665 697 698 718 725 747 769 795 830 836 837 839 848 860 900 908 929 947 965 974 985 
#module 7 size: 76 bs: 0.807381
16 64 71 93 105 121 130 144 169 170 177 195 211 213 216 229 257 263 273 304 308 324 326 329 342 390 417 423 433 442 454 462 484 491 496 506 508 510 528 538 545 550 564 581 584 597 613 633 643 653 667 682 710 731 744 745 786 792 800 805 808 816 827 835 838 853 865 883 888 904 905 927 935 963 981 984 
#module 8 size: 27 bs: 0.713124
4 23 24 51 92 114 214 297 312 313 443 449 483 489 502 536 556 560 661 688 704 739 763 773 822 859 893 
#module 9 size: 31 bs: 0.124779
50 61 88 167 174 252 303 350 365 369 393 397 401 406 420 523 537 540 580 606 611 689 695 716 734 776 878 911 941 949 972 
#module 10 size: 57 bs: 1.03641
5 9 14 32 83 89 90 94 95 110 116 127 132 136 149 183 192 217 224 246 259 274 276 296 298 334 359 392 405 407 410 426 436 447 456 467 472 492 533 535 572 582 587 590 596 615 629 670 719 723 727 733 754 787 825 876 932 
#module 11 size: 79 bs: 0.945429
13 20 22 55 81 86 87 101 117 120 125 133 153 218 245 267 302 310 328 355 364 381 391 394 432 450 453 465 470 482 504 526 527 532 541 548 555 562 574 585 609 636 645 647 650 651 654 671 707 711 721 724 732 735 746 793 794 795 803 804 807 812 813 830 832 874 879 890 895 919 926 934 939 943 947 957 965 968 970 
#module 12 size: 35 bs: 0.484318
29 34 47 61 160 184 189 191 194 267 343 373 400 428 453 466 477 501 537 557 563 573 579 583 609 631 642 651 740 755 770 869 870 928 983 
#module 13 size: 35 bs: 1.00515
1 27 36 60 74 111 202 243 249 280 326 382 396 415 440 471 524 564 591 607 624 626 633 699 772 781 810 826 838 850 852 877 880 921 980 
#module 14 size: 52 bs: 0.728769
3 8 11 33 38 58 133 146 153 163 182 203 228 237 275 340 348 356 362 412 414 416 418 435 457 465 469 498 503 511 610 617 634 666 669 700 702 738 746 750 757 778 789 825 851 855 862 890 924 937 948 976 
#module 15 size: 58 bs: 0.345645
7 17 39 69 73 79 84 102 123 129 140 145 152 156 168 186 187 197 200 204 232 261 295 321 325 330 331 344 366 379 454 542 544 547 594 620 627 641 644 649 701 708 720 741 758 777 834 881 887 892 903 910 916 936 950 953 975 978 
#module 16 size: 68 bs: 0.855796
5 6 19 21 30 46 54 67 70 97 132 192 196 210 231 259 271 278 279 285 288 299 301 309 314 327 328 333 334 352 381 389 392 434 438 473 481 498 504 531 549 559 565 566 569 582 588 590 598 601 604 675 678 703 706 707 717 766 774 801 864 876 886 901 922 932 966 973 
#module 17 size: 70 bs: 0.270765
17 42 57 65 77 81 107 143 147 148 154 164 176 199 207 221 258 291 295 300 305 316 323 325 347 374 379 385 425 479 513 530 586 599 625 632 635 648 650 659 660 687 693 699 705 714 737 742 744 749 756 762 794 798 811 823 841 858 875 881 896 912 914 917 938 942 953 956 964 977 
#module 18 size: 58 bs: 1.04939
78 106 115 134 171 185 201 225 232 233 238 240 249 261 262 289 321 371 372 375 448 463 480 499 516 521 522 543 570 577 595 600 614 622 633 657 676 690 729 748 759 783 802 824 833 854 856 857 868 886 902 907 951 952 958 959 962 971 
#module 19 size: 40 bs: 0.198468
37 40 44 72 151 205 208 242 300 323 347 354 366 383 396 445 460 520 619 664 743 761 764 768 779 784 785 799 814 818 857 873 916 931 940 945 952 956 960 982 
