#module 0 size: 13 bs: 0.000901524
72 165 211 322 372 473 512 574 616 762 843 1008 1202 
#module 1 size: 6 bs: 1.498e-06
81 763 836 1009 1029 1043 
#module 2 size: 30 bs: 9.10692e-07
34 128 131 225 249 257 321 363 382 398 443 459 460 467 541 596 667 675 713 758 786 799 843 901 906 914 920 930 1218 1271 
#module 3 size: 11 bs: 3.24718e-12
70 120 233 397 597 655 834 963 1115 1202 1362 
#module 4 size: 8 bs: 7.20529e-05
33 109 554 574 621 911 1217 1228 
#module 5 size: 35 bs: 1.12388e-12
30 109 115 163 176 190 195 221 222 224 232 258 287 288 289 357 359 466 467 497 578 580 667 687 730 740 764 805 833 874 903 949 985 1028 1273 
#module 6 size: 26 bs: 0.000119952
90 102 228 234 236 254 329 330 331 338 357 374 473 526 601 653 671 730 790 798 799 823 855 888 909 929 
#module 7 size: 5 bs: 0.00138039
135 359 636 969 970 
#module 8 size: 8 bs: 0.0207948
67 107 224 261 350 583 866 975 
#module 9 size: 13 bs: 0.00476802
126 221 230 252 263 279 283 466 553 593 850 852 1018 
#module 10 size: 13 bs: 0.000560014
147 245 257 290 460 549 615 755 769 875 912 996 1334 
#module 11 size: 32 bs: 1.07183e-05
23 151 177 383 388 408 446 450 462 538 568 631 663 664 683 688 702 722 796 800 830 831 849 867 881 893 895 896 1121 1141 1240 1246 
#module 12 size: 6 bs: 2.17227e-05
55 127 290 394 530 615 
#module 13 size: 26 bs: 0.767942
65 69 90 121 145 254 272 287 401 410 416 433 440 647 674 733 792 797 957 980 1007 1025 1275 1282 1296 1349 
#module 14 size: 22 bs: 1.09635
126 197 220 273 309 347 367 384 439 447 474 535 562 564 699 736 771 996 1018 1021 1053 1228 
#module 15 size: 64 bs: 0.370386
27 52 56 78 86 90 122 139 141 170 187 196 199 223 234 235 256 296 306 307 315 316 329 333 339 342 346 351 376 377 381 411 427 451 454 465 581 598 602 645 651 657 684 694 698 718 720 726 733 761 802 804 821 869 871 891 918 998 1031 1078 1170 1216 1282 1333 
#module 16 size: 54 bs: 0.434193
53 57 59 79 82 109 120 123 133 144 152 156 164 167 224 261 272 283 313 341 356 417 449 458 497 524 533 555 571 574 578 583 597 648 656 679 712 735 756 764 770 773 805 857 885 921 933 939 1028 1040 1142 1272 1273 1376 
#module 17 size: 29 bs: 0.746089
49 80 108 117 146 158 198 270 308 324 327 364 370 377 406 539 660 674 682 762 802 844 889 937 998 1093 1325 1352 1356 
#module 18 size: 30 bs: 0.203428
6 150 241 312 353 371 497 564 572 585 592 607 654 687 771 789 903 921 1006 1015 1016 1018 1021 1033 1132 1136 1142 1177 1277 1321 
#module 19 size: 42 bs: 0.523066
26 31 95 101 153 166 189 201 276 278 295 355 358 387 410 424 440 442 476 558 560 629 680 711 744 774 832 833 850 855 858 860 892 904 932 948 952 1099 1141 1219 1339 1354 
#module 20 size: 27 bs: 0.549886
22 23 24 162 337 371 383 392 556 572 654 663 664 709 795 800 806 822 842 895 896 976 1006 1017 1132 1240 1246 
#module 21 size: 50 bs: 0.419671
27 51 54 75 136 145 148 168 218 227 238 312 314 345 361 378 385 428 433 438 451 452 468 471 475 520 538 540 559 567 603 620 632 635 672 673 678 812 814 910 928 966 984 1018 1112 1141 1223 1276 1302 1372 
#module 22 size: 7 bs: 1.05108
2 147 157 193 811 1142 1284 
#module 23 size: 52 bs: 0.201238
12 63 68 76 87 129 186 206 229 235 264 270 280 303 331 349 354 391 422 461 491 529 539 543 545 604 627 654 695 723 727 747 748 752 802 810 825 854 861 884 919 929 956 960 975 983 999 1013 1127 1150 1368 1373 
#module 24 size: 31 bs: 0.80616
62 88 92 129 216 251 292 377 379 392 511 529 550 776 809 872 886 919 954 958 989 1001 1058 1064 1071 1086 1190 1253 1285 1308 1342 
#module 25 size: 66 bs: 1.01864
35 76 91 100 106 108 124 177 192 214 244 262 277 298 299 304 310 332 334 336 366 372 396 402 407 446 450 456 457 462 521 525 532 537 544 565 569 576 591 595 600 628 633 640 664 676 704 717 732 737 745 753 867 868 869 882 896 908 917 931 974 997 1140 1149 1267 1294 
#module 26 size: 56 bs: 1.01892
5 25 54 58 75 96 119 134 136 140 145 184 210 218 237 250 256 260 263 275 339 373 433 451 452 463 471 483 490 538 540 552 559 575 603 608 618 620 662 666 689 714 718 734 784 800 801 819 820 829 877 1000 1018 1022 1216 1354 
#module 27 size: 11 bs: 0.49263
58 359 368 373 409 483 587 809 888 1338 1362 
