#module 0 size: 10 bs: 4.73188e-101
2320 3100 3194 3914 5307 6641 6922 8195 9066 9910 
#module 1 size: 2 bs: 2.98107e-101
8047 10206 
#module 2 size: 2 bs: 6.78296e-102
7610 8318 
#module 3 size: 3 bs: 1.57602e-101
5377 9127 9635 
#module 4 size: 2 bs: 5.04846e-101
9854 11509 
#module 5 size: 3 bs: 6.09186e-101
2785 4133 6671 
#module 6 size: 3 bs: 1.41967e-101
5753 6629 7565 
#module 7 size: 4 bs: 6.32827e-15
1615 1826 5459 6583 
#module 8 size: 3 bs: 4.93507e-101
2198 6460 7997 
#module 9 size: 4 bs: 2.36341e-101
2048 4237 6693 9162 
#module 10 size: 4 bs: 7.98491e-101
1753 6479 7780 10623 
#module 11 size: 2 bs: 1.163e-101
8615 10535 
#module 12 size: 6 bs: 1.04829e-06
1086 1271 7916 8462 9728 10149 
#module 13 size: 3 bs: 9.1823e-101
1797 5895 11481 
#module 14 size: 17 bs: 3.68849e-07
621 1221 2683 3184 3982 4249 4288 5436 6168 6316 7306 7442 7844 7977 8804 8856 9304 
#module 15 size: 3 bs: 2.01935e-101
982 1513 2304 
#module 16 size: 2 bs: 4.18252e-101
726 8825 
#module 17 size: 2 bs: 8.6183e-101
1113 5168 
#module 18 size: 2 bs: 5.92098e-101
1911 3840 
#module 19 size: 2 bs: 1.82517e-101
3232 3669 
#module 20 size: 5 bs: 2.81233e-101
3133 3235 5223 5694 9111 
#module 21 size: 18 bs: 2.67561e-101
72 694 783 903 1720 1827 2462 2557 3386 3663 4571 5390 5432 7182 8336 8727 9423 10942 
#module 22 size: 3 bs: 7.64067e-101
2216 6050 9630 
#module 23 size: 4 bs: 5.1812e-101
3560 5036 7509 9300 
#module 24 size: 11 bs: 4.74757e-101
1853 2674 3639 5951 7020 7244 9814 10914 11123 11141 13018 
#module 25 size: 3 bs: 8.81359e-102
2449 3117 7145 
#module 26 size: 2 bs: 6.39477e-101
143 7423 
#module 27 size: 2 bs: 5.93116e-101
5676 6154 
#module 28 size: 4 bs: 2.22493e-101
2101 2822 8850 10576 
#module 29 size: 2 bs: 6.78464e-101
3808 5616 
#module 30 size: 2 bs: 7.80688e-101
8181 11571 
#module 31 size: 2 bs: 9.51493e-101
3354 3710 
#module 32 size: 2 bs: 3.43872e-101
2352 6969 
#module 33 size: 2 bs: 5.50869e-101
8132 9232 
#module 34 size: 2 bs: 9.92759e-101
1065 6930 
#module 35 size: 2 bs: 2.86035e-101
1148 9548 
#module 36 size: 2 bs: 3.42632e-101
8330 11498 
#module 37 size: 9 bs: 6.65377e-101
1825 2714 4807 6381 7575 7878 9131 10778 10870 
#module 38 size: 3 bs: 8.70907e-101
4688 7279 10729 
#module 39 size: 13 bs: 4.52383e-101
648 1460 3240 3969 5576 5634 5791 6646 8009 8026 8164 9624 10124 
#module 40 size: 2 bs: 5.78222e-101
208 271 
#module 41 size: 10 bs: 2.02781e-07
4661 4846 5389 5710 5983 7452 7554 9737 9853 12725 
#module 42 size: 9 bs: 9.12015e-101
437 5643 9114 9163 9804 9859 10767 10849 12590 
#module 43 size: 4 bs: 2.68611e-101
1782 4468 7027 9224 
#module 44 size: 2 bs: 8.75233e-101
1114 8082 
#module 45 size: 2 bs: 7.18283e-101
10546 10978 
#module 46 size: 2 bs: 4.34342e-101
688 2324 
#module 47 size: 2 bs: 1.79205e-101
6211 7361 
#module 48 size: 2 bs: 3.99755e-101
2555 3226 
#module 49 size: 4 bs: 2.57701e-101
8130 8775 9439 11481 
#module 50 size: 3 bs: 2.72963e-101
299 5276 11442 
#module 51 size: 9 bs: 3.33067e-16
945 1566 1789 4498 7438 8970 8984 9356 9681 
#module 52 size: 7 bs: 1.60649e-13
231 839 1474 7661 8569 9131 10662 
#module 53 size: 2 bs: 3.47896e-101
4447 6355 
#module 54 size: 4 bs: 9.05364e-101
4473 5141 7492 9551 
#module 55 size: 5 bs: 2.46661e-101
1927 3860 5483 6695 10337 
#module 56 size: 6 bs: 8.79388e-101
1697 4046 6574 6711 6923 11255 
#module 57 size: 7 bs: 1.03813e-101
630 3081 3776 3910 5378 5472 10847 
#module 58 size: 3 bs: 5.69768e-101
5006 7648 11104 
#module 59 size: 6 bs: 9.11988e-101
515 2969 3567 4831 5358 10168 
#module 60 size: 22 bs: 0.0142814
318 1053 1630 2990 3643 4165 4764 5057 5306 5461 5910 6078 6176 6734 7087 7972 7994 8245 8542 8887 10532 11962 
#module 61 size: 9 bs: 4.64945e-08
1427 1814 2522 3037 3573 4117 4971 7943 10382 
#module 62 size: 3 bs: 7.10792e-101
6571 7058 7800 
#module 63 size: 6 bs: 2.34257e-14
1529 4072 5451 5944 5977 6642 
#module 64 size: 20 bs: 2.33521e-07
300 318 638 652 717 727 867 1630 2744 4036 4222 4764 5099 5419 7877 8650 9219 9593 10195 11465 
#module 65 size: 11 bs: 9.37266e-101
594 606 1053 1381 3661 4530 5763 6479 8912 9479 10577 
#module 66 size: 4 bs: 4.44878e-101
3952 5652 9224 10468 
#module 67 size: 8 bs: 7.88108e-101
1597 2696 3993 4543 4940 8266 9624 10844 
#module 68 size: 4 bs: 2.70621e-101
2030 3296 5755 7625 
#module 69 size: 2 bs: 9.4509e-101
1346 6848 
#module 70 size: 5 bs: 5.30517e-101
2429 3338 8231 8581 9536 
#module 71 size: 4 bs: 1.7683e-09
1914 2584 2808 5623 
#module 72 size: 2 bs: 4.78806e-101
6212 8305 
#module 73 size: 4 bs: 5.78734e-101
856 2604 7453 10275 
#module 74 size: 4 bs: 9.8778e-101
7355 7417 10938 12880 
#module 75 size: 15 bs: 8.50745e-101
165 300 611 1630 1818 3759 4241 4370 5149 5225 5899 6009 7714 10241 10832 
#module 76 size: 3 bs: 0.333532
433 3826 7563 
#module 77 size: 16 bs: 0.72762
1295 2176 2526 3163 3292 4504 4612 6183 6190 7190 8369 8526 8689 9342 10209 10916 
#module 78 size: 23 bs: 0.937506
60 458 1026 1274 1317 1460 2351 3252 3969 4066 4949 5285 5291 5576 5909 6242 6932 8026 8955 9087 9236 9851 11073 
#module 79 size: 34 bs: 0.149741
899 1156 1430 1726 2563 3279 3440 3508 3791 3878 3962 4326 4567 4613 4707 4860 5051 5146 5157 6599 6616 7406 7719 7941 8538 9274 9604 9644 9709 9740 10256 10355 10472 11150 
#module 80 size: 8 bs: 0.526167
77 557 4116 4368 6024 6080 6485 6611 
#module 81 size: 6 bs: 0.247935
361 1071 1284 4416 4637 7132 
#module 82 size: 4 bs: 0.834355
1200 1667 1781 2118 
#module 83 size: 5 bs: 0.769724
1405 2473 3220 3432 8554 
#module 84 size: 10 bs: 0.389598
1471 2533 2976 3943 3999 5783 6266 7134 7978 9529 
#module 85 size: 8 bs: 0.741397
473 1666 2421 3541 3865 6132 6499 8834 
#module 86 size: 6 bs: 1.02576
3744 5929 6433 7398 8277 11099 
#module 87 size: 10 bs: 0.657962
1281 1468 2237 4795 5175 5947 8788 9195 9944 11018 
#module 88 size: 3 bs: 0.10929
1193 2529 10415 
#module 89 size: 4 bs: 0.558706
986 2298 6165 8599 
#module 90 size: 54 bs: 0.893719
318 1260 1297 1356 1363 1728 2129 2391 2612 3326 3500 3682 3718 3936 3987 4507 4647 4787 4824 4890 5099 5130 5354 5384 5406 5501 5741 5874 5911 6669 6721 6850 7419 8148 8513 8712 8950 9134 9292 9589 9616 9683 9820 9957 10470 10827 10974 11000 11112 11367 11443 12019 12899 12949 
#module 91 size: 30 bs: 0.822259
243 320 439 657 1395 1835 2098 2356 3130 3161 5190 5209 5350 5660 5696 5717 5950 6833 7238 8110 8216 8260 8579 8989 9591 9979 10029 10447 10569 11708 
#module 92 size: 13 bs: 0.675465
184 1079 2214 3112 3131 4946 5289 5366 7336 8877 8981 10197 10947 
#module 93 size: 11 bs: 0.328759
1028 2805 4665 4840 5972 6408 6647 8378 9079 9375 10231 
#module 94 size: 17 bs: 1.03955
96 304 1580 2049 2676 3130 3838 4056 4115 4481 5213 7080 8115 9774 9950 10629 10744 
#module 95 size: 21 bs: 0.590313
56 1179 1195 1357 2619 2849 3029 3173 4053 4843 4852 4912 4997 6066 6150 6167 7628 10305 10511 10673 11613 
#module 96 size: 6 bs: 0.114629
586 1011 6428 6949 7014 8345 
#module 97 size: 10 bs: 1.08577
822 1660 2213 3720 4300 4733 5497 10155 10699 10889 
#module 98 size: 4 bs: 0.39015
2554 7614 8088 9104 
#module 99 size: 4 bs: 0.735472
2386 8118 8869 10598 
#module 100 size: 3 bs: 0.229235
3125 6110 7669 
#module 101 size: 6 bs: 0.572026
4112 5417 5768 6598 6802 8777 
#module 102 size: 27 bs: 0.599391
166 1373 1626 2028 2103 2691 2972 3236 3382 3829 3835 4143 4338 4577 5369 5867 6035 6058 7723 8142 8299 8582 8672 8706 8728 9007 9919 
#module 103 size: 5 bs: 0.258884
1270 1447 5348 7420 8910 
#module 104 size: 14 bs: 0.597051
1133 1559 2035 2725 2754 2988 4837 5332 6139 7081 7872 8552 9704 10128 
#module 105 size: 6 bs: 0.68354
1331 4396 6665 8635 9088 10647 
#module 106 size: 6 bs: 1.09708
888 1262 1487 2824 2970 10712 
#module 107 size: 25 bs: 0.146844
174 1024 1073 1492 1503 1811 2072 2475 2600 3005 3168 3203 3316 3550 5091 5866 6367 6744 7426 7668 7909 8242 9173 9223 10376 
#module 108 size: 12 bs: 0.156259
1217 1443 2586 2698 2934 3514 3810 7253 8570 8727 9664 10343 
#module 109 size: 13 bs: 0.873436
1833 2228 3549 4051 4349 5138 7169 7308 7467 8969 9147 9753 11377 
#module 110 size: 7 bs: 0.585966
1476 4137 5995 8597 9873 10568 10732 
#module 111 size: 6 bs: 0.729903
3093 3823 3985 6476 6921 10842 
#module 112 size: 6 bs: 0.224382
793 1463 1777 5082 5499 7146 
#module 113 size: 8 bs: 0.532725
1335 1939 3927 5005 5295 6693 8033 9427 
#module 114 size: 59 bs: 0.35968
270 636 704 713 905 1123 1512 1618 1795 2074 2699 2736 2838 2889 3010 3012 3114 3260 3542 3599 3689 3903 3916 3918 4230 4610 5518 5526 5558 5811 5943 6111 6336 6395 6523 6575 6579 6638 6865 6970 7363 7470 7720 7935 7989 8122 8611 8817 9049 9122 9468 10387 10551 10564 10680 10838 10944 11717 12003 
#module 115 size: 22 bs: 0.854432
293 824 996 1134 1872 1988 3015 3277 3520 4075 4246 4883 5199 5449 5677 6036 6765 7903 9494 10140 10381 10724 
#module 116 size: 11 bs: 1.07052
761 3107 3151 4103 4180 4822 5412 7985 10682 10844 11220 
#module 117 size: 9 bs: 0.523541
680 876 1167 5933 7160 8384 9581 10081 10402 
#module 118 size: 5 bs: 0.721332
217 976 2437 3250 10675 
#module 119 size: 6 bs: 0.651697
1265 3076 4412 5410 9324 11222 
#module 120 size: 12 bs: 0.102166
86 700 2347 3377 4361 5820 6297 7596 9852 10287 10746 10802 
#module 121 size: 8 bs: 0.834025
207 565 2525 5829 7094 7680 10491 11171 
#module 122 size: 15 bs: 0.97052
374 1880 3263 4518 5342 6569 6748 7597 7724 8178 8451 8983 9163 9560 11369 
#module 123 size: 5 bs: 0.293356
940 5554 6046 7126 7826 
#module 124 size: 6 bs: 0.982927
1571 2119 3261 3322 4870 8349 
#module 125 size: 12 bs: 0.998985
2373 4307 5143 5252 6398 6900 7468 7514 7871 9042 9486 9811 
#module 126 size: 22 bs: 0.14792
1160 1586 2027 2152 2411 3790 3883 3958 3968 5650 6052 6391 6468 6496 6964 7044 7378 8254 9893 10233 12492 12527 
#module 127 size: 43 bs: 0.841882
205 947 968 1224 1547 1856 1961 2410 2685 2743 2841 2961 3742 3956 3961 4367 4514 4628 4653 4671 4915 5565 6280 6733 7868 8584 9168 9182 9261 9363 9617 9794 9821 9971 10246 10413 10795 10841 11159 11266 11372 11565 12594 
#module 128 size: 4 bs: 0.910801
1690 4734 6377 9315 
#module 129 size: 11 bs: 0.589247
104 329 1655 3110 3182 3866 4586 5154 8422 8466 8676 
#module 130 size: 3 bs: 0.595346
584 795 6420 
#module 131 size: 8 bs: 1.04558
486 1150 2026 3837 4267 5020 8083 8932 
#module 132 size: 3 bs: 0.808265
7930 9242 13055 
#module 133 size: 5 bs: 0.383746
593 3748 5280 8674 10198 
#module 134 size: 18 bs: 0.920415
305 1122 1494 2038 2507 3113 3269 3565 3933 4244 4423 5856 5942 6706 9858 10251 10780 11032 
#module 135 size: 7 bs: 0.22642
2761 5495 6147 6255 7283 7568 10734 
#module 136 size: 16 bs: 0.786428
1282 1369 1525 1614 2945 4030 4207 4299 5059 5541 6142 6366 7079 8421 9566 11006 
#module 137 size: 3 bs: 0.809411
3770 6724 9001 
#module 138 size: 15 bs: 0.698164
1317 1569 1852 2200 3394 3795 5126 6006 6928 7050 7993 8688 8965 10589 10948 
#module 139 size: 17 bs: 0.506345
227 1785 3121 3124 3393 3641 3977 4018 4893 4922 5004 5093 5691 8346 9629 10346 10593 
#module 140 size: 12 bs: 0.254773
261 535 1197 5122 5171 5239 5646 5918 6660 7431 7481 8894 
#module 141 size: 4 bs: 0.526911
489 1228 5639 10641 
#module 142 size: 12 bs: 0.886422
3350 4425 4634 4711 5120 6065 7458 7517 7942 8257 8488 9142 
#module 143 size: 3 bs: 0.919249
4513 8459 10820 
#module 144 size: 9 bs: 1.05212
909 1658 2268 3004 3119 4462 6341 6710 11117 
#module 145 size: 6 bs: 0.567235
1873 3495 4408 5422 7790 11337 
#module 146 size: 8 bs: 0.478364
8 482 515 868 1898 2085 9117 9673 
#module 147 size: 8 bs: 0.317338
868 3605 4019 4907 5160 9149 9673 9914 
#module 148 size: 4 bs: 0.375173
1536 4755 6511 9916 
#module 149 size: 8 bs: 0.645391
3104 3880 4639 4859 7462 8948 9818 10316 
#module 150 size: 3 bs: 0.842375
5316 6856 7984 
#module 151 size: 11 bs: 0.48823
598 1339 1652 2125 2406 2456 2592 4110 4262 8280 9365 
#module 152 size: 3 bs: 0.978591
2146 6015 7880 
#module 153 size: 6 bs: 0.879471
2575 3060 6048 7650 11177 11635 
#module 154 size: 9 bs: 0.49146
964 2645 3334 5063 5116 5487 8464 8839 9668 
#module 155 size: 6 bs: 0.596887
836 1008 6181 6438 10937 12893 
#module 156 size: 10 bs: 0.314874
30 1633 3831 8867 10218 10490 10940 10959 11405 12506 
#module 157 size: 4 bs: 0.132106
1225 5061 6467 9795 
#module 158 size: 32 bs: 0.742425
98 292 421 544 678 847 1436 1915 1947 2252 2596 3054 3317 3318 3449 4214 4778 5321 5923 6371 6600 6825 7102 8282 8397 9260 9373 9380 10457 10666 10715 11168 
#module 159 size: 57 bs: 0.836478
623 665 914 930 952 1194 1604 1649 1717 1766 1787 1951 2167 2425 2670 2786 2981 3137 3238 3510 3632 3998 4297 4794 4991 5186 5196 5395 5426 5603 5851 6404 6447 6463 6577 6729 7322 7548 7805 7856 8011 8024 8236 8267 8521 8664 9032 9041 9174 9360 10088 10861 11014 11113 11231 11643 11936 
#module 160 size: 8 bs: 0.238423
709 908 2580 2822 6025 8371 9197 9220 
#module 161 size: 9 bs: 0.629865
301 344 6018 7756 7786 9172 9234 9775 10234 
#module 162 size: 11 bs: 0.271901
2376 2718 4123 4464 5924 6993 9279 9745 10173 10922 11110 
#module 163 size: 9 bs: 0.169672
1027 1128 4541 5963 7292 8629 9156 9920 10918 
#module 164 size: 6 bs: 0.956484
2506 5013 5404 6525 7874 9630 
#module 165 size: 14 bs: 0.868555
1541 1561 1842 3690 4271 4651 6895 6994 7032 7113 7377 8380 9525 10956 
#module 166 size: 4 bs: 0.461567
2077 3398 4119 9488 
#module 167 size: 13 bs: 0.514916
1768 2622 3435 3437 4283 5000 5067 5656 5813 6550 6576 8609 10443 
#module 168 size: 4 bs: 0.86025
1640 1697 7759 9332 
#module 169 size: 12 bs: 0.227018
183 715 917 2256 3471 3644 4234 5167 6250 8883 9057 10559 
#module 170 size: 4 bs: 0.83028
6614 9159 9645 10014 
#module 171 size: 9 bs: 1.00725
2598 2726 4848 5759 6028 6459 8686 8769 9284 
#module 172 size: 5 bs: 0.856149
2178 3455 3764 9580 9775 
#module 173 size: 9 bs: 0.469399
505 768 1453 1732 2086 2371 5985 7448 8332 
#module 174 size: 43 bs: 0.593474
201 1275 1553 1744 2080 2240 2331 2638 2770 2993 3818 3947 4007 4520 4597 5374 5580 5594 5797 6063 6673 6725 6845 7394 7621 7655 7798 8035 8572 8670 8681 9068 9130 9188 9253 10114 10506 10616 10725 10998 11087 11111 11219 
#module 175 size: 33 bs: 0.476697
551 849 1014 1261 1594 2060 2775 2811 2999 3483 3577 3590 3717 4420 4498 4670 5444 5734 5737 6134 6135 6677 6834 7069 7376 8059 8300 8468 8668 9766 11340 11572 12584 
#module 176 size: 4 bs: 0.562107
608 8551 9296 10670 
#module 177 size: 13 bs: 0.553495
784 804 1126 1677 3085 4287 4292 4380 5163 6559 7390 11169 11258 
#module 178 size: 23 bs: 0.428897
869 974 1050 1788 3486 3772 4400 5296 5811 6375 6548 6873 7153 7666 7876 8000 8189 8273 8785 9964 10686 10769 10945 
#module 179 size: 18 bs: 0.244302
1382 1694 2030 2901 3108 3347 4039 4310 4378 5613 6943 7624 8424 8546 9157 9252 10097 11380 
#module 180 size: 5 bs: 0.408556
1535 1673 3745 8496 10382 
#module 181 size: 6 bs: 0.294867
2915 8760 9135 9673 9696 9889 
#module 182 size: 9 bs: 0.63473
2121 5525 6043 6333 6422 6543 6875 7046 7398 
#module 183 size: 7 bs: 0.768008
2281 3617 5584 6291 7936 10925 12944 
#module 184 size: 8 bs: 0.584152
25 27 718 2449 3040 5379 8759 10821 
#module 185 size: 16 bs: 0.994313
676 1048 1881 3063 3655 4982 5056 5398 6346 7851 8295 8351 8493 8888 10116 10200 
#module 186 size: 7 bs: 0.442259
1714 1748 7205 7697 8896 9347 11589 
#module 187 size: 14 bs: 0.405638
1314 1344 1429 2137 3639 4178 4314 4399 5507 5804 6354 6434 7840 8966 
#module 188 size: 7 bs: 0.981106
67 1564 4163 4566 7430 9487 10931 
#module 189 size: 10 bs: 0.138613
267 2220 2349 4532 6475 7141 7755 9221 12426 13043 
#module 190 size: 11 bs: 1.01334
780 1421 2033 2372 2882 3036 3251 4540 6142 6440 11269 
#module 191 size: 13 bs: 0.713067
242 613 1212 1668 1677 3178 3601 4127 4781 6709 6841 7227 8335 
#module 192 size: 16 bs: 0.586491
85 646 2639 3574 4158 4603 5402 5477 6114 6606 6687 7344 8671 9455 9788 9831 
#module 193 size: 8 bs: 0.576675
1124 3677 3830 7625 7664 8443 8565 10693 
#module 194 size: 12 bs: 0.123889
159 1040 1393 2559 2804 3243 3975 3978 5492 5848 8194 8818 
#module 195 size: 11 bs: 0.492101
1763 3576 3581 4173 4470 4706 6544 8322 8367 8485 9849 
#module 196 size: 8 bs: 0.436699
1207 1724 3855 4961 5066 5228 5807 9146 
#module 197 size: 6 bs: 1.01166
2926 3891 5418 6247 6675 9959 
#module 198 size: 103 bs: 0.900207
133 185 197 330 400 410 435 510 549 775 788 884 1019 1023 1136 1317 1521 1592 1603 1792 1839 1921 1965 2031 2032 2197 2264 2394 2396 2401 2478 2911 2930 2964 3028 3148 3171 3418 3526 3658 3775 3780 4341 4343 4395 4460 4555 4594 4673 4948 4977 5011 5039 5070 5137 5277 5330 5546 5578 5579 5673 5999 6227 6241 6296 6342 6353 6436 6522 6697 7050 7304 7414 7598 7741 7802 7848 8023 8316 8448 8678 8902 8944 8957 8976 9023 9086 9724 9763 9942 9954 10036 10250 10340 10500 10579 10723 10840 10845 11019 11030 11657 12648 
#module 199 size: 12 bs: 0.147613
58 907 1069 2403 3227 3592 3664 3852 4417 4497 6830 10636 
#module 200 size: 16 bs: 0.738734
1809 2126 3320 3645 3722 4129 4276 4838 5491 5731 7179 7456 8071 8373 10810 10816 
#module 201 size: 16 bs: 0.775218
968 1906 2179 2450 3742 4203 4979 5666 5818 6733 7268 7384 9768 9819 10661 10803 
#module 202 size: 11 bs: 0.461761
857 1686 2109 2409 3219 5590 6388 6939 8019 8881 9765 
#module 203 size: 61 bs: 0.190219
139 447 900 938 1068 1080 1357 1426 1840 1922 2094 2290 2292 2359 2512 2702 2787 3270 3733 3882 3938 4042 4083 4109 4146 4293 4515 4696 4864 4924 4939 5073 5254 5364 6196 6233 6369 6549 6881 7120 7239 7325 7388 7393 7449 7807 7894 7896 7940 8093 8207 8222 8262 8331 8700 9294 9422 10213 10331 10458 12249 
#module 204 size: 18 bs: 1.00588
136 307 1072 1277 1440 1518 1632 2221 2893 5740 5982 6199 8278 8937 9539 9540 10620 12545 
#module 205 size: 5 bs: 0.323515
1702 3215 6258 6862 7890 
#module 206 size: 9 bs: 0.959664
2519 3453 4220 5479 5881 6273 6358 9798 10788 
#module 207 size: 11 bs: 1.02334
1565 1687 1861 4026 4224 5202 6425 7712 9528 9824 10587 
#module 208 size: 7 bs: 0.426576
394 1028 2623 5688 6947 7052 12880 
#module 209 size: 4 bs: 0.513892
1853 2177 5080 8683 
#module 210 size: 6 bs: 0.558701
327 3322 7043 8673 8759 9201 
#module 211 size: 11 bs: 0.419151
1127 1177 2650 2959 3950 4335 7256 8837 10100 10223 11024 
#module 212 size: 12 bs: 0.630703
1067 1191 1774 3481 4099 6330 6730 7683 7772 9092 9145 11840 
#module 213 size: 16 bs: 0.267058
621 2267 3944 3982 5436 6098 7977 8750 8804 8851 9545 9667 9687 10181 10987 11475 
#module 214 size: 26 bs: 0.990252
961 975 1391 1759 2043 2165 2548 3578 3899 4189 4996 5128 5322 5463 5766 6141 6454 7435 8253 8858 8987 9675 9767 10684 10967 12756 
#module 215 size: 14 bs: 0.930327
967 1140 1710 2115 2212 3156 3201 3823 5902 5921 6450 7692 7762 10312 
#module 216 size: 11 bs: 0.853642
845 2947 5023 7161 8296 8692 9453 9523 10049 10433 10901 
#module 217 size: 11 bs: 0.650623
14 5178 5739 5868 6054 6323 6545 9015 9164 9836 10192 
#module 218 size: 7 bs: 0.177495
2163 2395 4595 4677 5018 9116 10242 
#module 219 size: 3 bs: 0.647471
2161 2269 7995 
#module 220 size: 4 bs: 0.186108
941 1507 2640 9077 
#module 221 size: 8 bs: 0.595087
369 4424 5201 5528 5809 6935 8621 9750 
#module 222 size: 11 bs: 0.288141
543 2853 3133 5643 6288 6338 6701 7166 7555 7585 10182 
#module 223 size: 11 bs: 0.593941
1106 1263 2037 2166 2483 3990 6986 7277 7921 8722 9781 
#module 224 size: 4 bs: 0.70231
3678 4239 6794 10830 
#module 225 size: 5 bs: 0.39878
1712 4790 6662 9196 10522 
#module 226 size: 5 bs: 0.567669
511 1790 2927 4882 8385 
#module 227 size: 6 bs: 0.144201
2246 4126 5013 7664 8290 8730 
#module 228 size: 11 bs: 0.533211
647 686 2308 3247 3366 4232 4599 6186 7779 10708 10908 
#module 229 size: 7 bs: 0.848836
984 1434 5566 7642 8051 10910 11705 
#module 230 size: 13 bs: 0.954194
480 832 1125 2042 4019 5481 6527 6791 9639 9876 10475 10481 11483 
#module 231 size: 5 bs: 0.178075
124 2662 3345 9233 10765 
#module 232 size: 10 bs: 0.46158
1889 2861 2872 3123 3352 3525 6321 7538 7686 7727 
#module 233 size: 11 bs: 0.483623
36 2606 3315 3461 3704 4608 6325 7297 7656 7682 11183 
#module 234 size: 7 bs: 0.852008
379 454 3246 3375 7447 7544 8818 
#module 235 size: 8 bs: 0.263765
695 1783 3687 4052 4471 9447 10054 10555 
#module 236 size: 3 bs: 0.841865
1292 1455 9524 
#module 237 size: 13 bs: 0.299396
95 1483 1878 2047 3030 3350 3854 5581 5794 6012 8762 9569 10705 
#module 238 size: 10 bs: 0.880898
1176 1465 1998 2868 3552 3571 3812 5969 6130 8995 
#module 239 size: 10 bs: 0.335658
2899 4044 4236 4616 7213 7467 8031 9152 10057 10895 
#module 240 size: 9 bs: 1.04317
1413 4632 5531 8694 9211 9607 9915 10526 11393 
#module 241 size: 5 bs: 1.05591
1672 2508 4064 6088 9400 
#module 242 size: 12 bs: 0.254992
881 3450 3651 6324 7707 7990 8605 9325 9419 9951 10997 11413 
#module 243 size: 6 bs: 0.870961
3023 3395 5266 8428 9382 10334 
#module 244 size: 7 bs: 0.657949
348 3046 3134 4631 7527 8293 10842 
#module 245 size: 8 bs: 0.29416
2420 3067 3210 5076 5703 6335 8801 8999 
#module 246 size: 5 bs: 0.359651
4268 4272 5197 8217 9698 
#module 247 size: 4 bs: 0.239836
140 1864 4046 8080 
#module 248 size: 6 bs: 0.533033
3308 4347 4732 4800 4931 10627 
#module 249 size: 14 bs: 0.196232
16 1848 2009 2142 2385 3474 4041 4337 5103 7148 7744 8595 9503 11086 
#module 250 size: 5 bs: 0.524339
2196 3862 5107 8627 9734 
#module 251 size: 9 bs: 0.995673
1527 3594 3785 5054 7898 8054 8586 9193 10240 
#module 252 size: 32 bs: 0.176816
268 711 1074 1458 1635 2067 2931 3595 3729 3742 4797 4867 5045 5119 5560 5956 5988 6217 6251 6276 6474 7170 8357 8427 8710 8790 8828 8859 9603 9623 9848 9901 
#module 253 size: 5 bs: 0.744443
1698 1708 2565 6643 7997 
#module 254 size: 12 bs: 0.885793
891 2024 2977 3376 4531 6156 7884 8055 8108 9478 10208 10348 
#module 255 size: 7 bs: 0.87714
1018 1185 1686 5317 8089 9647 10541 
#module 256 size: 6 bs: 0.60599
1639 2443 3332 4381 5007 6348 
#module 257 size: 6 bs: 0.49017
15 4195 4223 5311 9101 12885 
#module 258 size: 4 bs: 0.608114
2960 4435 4506 6654 
#module 259 size: 15 bs: 0.832967
937 1865 2393 2511 4373 4999 5980 6240 6944 7082 7534 7535 8017 8170 10893 
#module 260 size: 26 bs: 0.594346
476 1036 1362 1489 1511 1942 2050 2644 3256 3896 3989 4547 5323 5393 5752 6377 6414 6864 7159 7716 7747 8406 8541 10638 11104 11733 
#module 261 size: 5 bs: 0.811361
1689 3189 4328 8802 9514 
#module 262 size: 8 bs: 0.128882
481 3234 3777 5639 5694 6392 10076 10669 
#module 263 size: 6 bs: 0.572845
1147 1372 4315 4770 7857 10602 
#module 264 size: 9 bs: 0.102519
1780 2021 2052 3391 3797 4736 4823 7249 9280 
#module 265 size: 9 bs: 0.632405
585 860 927 1936 2204 3408 4411 5520 6526 
#module 266 size: 5 bs: 0.452381
5071 5282 7221 11694 12641 
#module 267 size: 8 bs: 0.110541
427 2277 3285 3301 5430 6011 7025 8008 
#module 268 size: 10 bs: 0.311852
848 1213 1505 5032 5087 6071 6676 7171 10360 10583 
#module 269 size: 25 bs: 0.317484
173 318 356 548 642 1349 2438 3021 3265 3341 3464 3489 3582 4085 4335 5192 5610 5760 6798 6805 6817 7730 9216 10378 10687 
#module 270 size: 4 bs: 0.259523
427 5188 8144 10245 
#module 271 size: 7 bs: 0.120496
2835 4951 5266 5437 7664 8209 11436 
#module 272 size: 15 bs: 0.290502
347 560 866 1247 1416 3277 3425 4560 5189 5568 6746 7260 8563 10432 10754 
#module 273 size: 11 bs: 0.494521
1609 1794 2439 7015 7502 8056 8374 8662 8721 9435 10175 
#module 274 size: 4 bs: 0.859762
487 9243 9330 9344 
#module 275 size: 14 bs: 0.577872
566 764 789 1710 4549 5840 6631 6929 7270 7382 8820 8954 9918 11497 
#module 276 size: 11 bs: 1.0036
1243 1330 1490 2001 2493 3527 4886 7932 8234 8695 10267 
#module 277 size: 5 bs: 0.519965
1745 3204 5528 7051 7315 
#module 278 size: 7 bs: 0.788193
177 1028 3925 4563 6089 10733 11878 
#module 279 size: 10 bs: 0.452377
1028 3162 3659 3851 5916 5996 8942 9489 11097 11272 
#module 280 size: 10 bs: 0.888336
1771 2780 3355 4810 6278 6455 7211 8704 11205 12726 
#module 281 size: 6 bs: 0.135549
1777 3301 3861 6704 8259 10508 
#module 282 size: 3 bs: 0.733687
5516 6300 9978 
#module 283 size: 4 bs: 0.338464
1749 6357 8581 11840 
#module 284 size: 9 bs: 1.00255
1119 1917 2239 6416 7816 8012 8571 9943 11069 
#module 285 size: 6 bs: 0.691821
1258 2984 4014 5637 7018 9758 
#module 286 size: 17 bs: 0.364072
765 785 1108 2173 2573 2666 3482 3757 3974 3976 4715 4903 5494 5637 8457 8752 9433 
#module 287 size: 7 bs: 1.0587
1039 1732 7264 8135 8717 9099 11010 
#module 288 size: 173 bs: 0.136135
51 203 264 529 800 807 893 896 959 1042 1172 1189 1229 1266 1316 1354 1387 1456 1482 1587 1595 1638 1743 1816 1888 1895 1970 1972 1976 2008 2029 2079 2206 2257 2265 2266 2365 2422 2446 2582 2589 2601 2871 2936 2951 2956 2996 3001 3147 3170 3325 3379 3475 3646 3708 3857 4084 4108 4144 4171 4238 4352 4387 4486 4509 4519 4649 4747 4766 4836 4851 4889 4923 4964 4973 5008 5135 5176 5320 5457 5476 5573 5596 5625 5645 5648 5838 5854 5886 5920 5975 6042 6057 6124 6182 6286 6295 6320 6339 6604 6617 6716 6719 7031 7035 7075 7129 7199 7425 7459 7472 7523 7525 7589 7705 7803 7812 8074 8075 8137 8198 8275 8377 8437 8458 8511 8822 9021 9075 9085 9307 9329 9345 9499 9516 9546 9561 9672 9713 9718 9744 9921 9945 9976 10072 10096 10157 10255 10383 10461 10465 10502 10518 10592 10596 10631 10635 10678 10707 10713 10735 10823 10837 10855 10877 10990 11085 11124 11130 11265 11552 12654 12902 
#module 289 size: 3 bs: 0.566051
3610 7062 8419 
#module 290 size: 23 bs: 1.03717
265 424 1868 2294 3159 3712 4721 5976 6239 6800 7600 7711 8697 8787 9273 9305 9403 9944 10073 10270 10943 11021 12652 
#module 291 size: 15 bs: 0.766045
316 728 1153 1690 1738 2875 4986 5951 6887 7209 7391 8021 8324 9265 11447 
#module 292 size: 8 bs: 0.413123
6560 7300 7379 9151 9960 10414 11209 11712 
#module 293 size: 6 bs: 0.599351
1063 1912 5946 7022 7067 11441 
#module 294 size: 9 bs: 0.761572
3697 4040 4879 5810 6557 6855 7912 8117 8481 
#module 295 size: 3 bs: 0.977924
1616 2476 2494 
#module 296 size: 4 bs: 0.174598
3661 4535 5156 7587 
#module 297 size: 12 bs: 0.173413
1364 2208 3789 4431 5152 5214 5530 5833 5915 9217 9692 10042 
#module 298 size: 6 bs: 0.317647
257 2036 2249 3586 5822 10504 
#module 299 size: 4 bs: 0.461645
2083 3472 3872 6138 
#module 300 size: 10 bs: 0.965288
596 2056 2933 3725 3886 5474 6708 6871 8311 8461 
#module 301 size: 13 bs: 0.177512
487 2389 2817 4093 4101 7372 7529 7905 8036 8214 9161 11100 11497 
#module 302 size: 4 bs: 0.152213
5100 5458 7870 9441 
#module 303 size: 11 bs: 0.508666
1177 1573 3455 4484 4487 7193 7819 8175 9697 10722 11109 
#module 304 size: 9 bs: 0.244886
180 666 667 3608 4451 4629 9649 10057 11448 
#module 305 size: 7 bs: 0.807164
309 622 1509 2965 3206 8229 9051 
#module 306 size: 5 bs: 0.997762
578 4145 6406 7656 9509 
#module 307 size: 5 bs: 0.21022
1721 2898 3512 6221 7412 
#module 308 size: 35 bs: 0.441503
21 1390 1799 2117 2172 2454 2621 2658 2779 2818 2820 2879 4167 4512 5253 5345 5770 5992 6249 6973 7181 7252 7475 7865 8446 8474 8518 9037 9184 9322 10377 10482 10538 10560 12862 
#module 309 size: 5 bs: 0.877924
2383 5879 5954 8906 10291 
#module 310 size: 44 bs: 0.891814
84 516 760 915 977 1180 1230 1955 2182 2219 2413 2418 2788 2975 3418 4074 4211 4463 4908 5075 5195 5373 5682 6061 6155 6731 6816 7403 7439 7455 7491 7694 7829 7862 7910 8016 8039 8795 9264 9346 9369 10265 10501 10567 
#module 311 size: 6 bs: 0.29166
490 2157 2309 6498 9813 10320 
#module 312 size: 13 bs: 0.935217
1319 2747 4474 4753 5118 5243 6772 6962 8543 9386 10282 10809 11488 
#module 313 size: 9 bs: 1.04436
2251 2884 4784 5475 5554 6131 7540 7842 10308 
#module 314 size: 6 bs: 0.394933
1757 3764 3995 5482 7006 9571 
#module 315 size: 6 bs: 0.235686
1912 2487 3867 4002 6663 9857 
#module 316 size: 3 bs: 0.908189
6705 8782 9844 
#module 317 size: 9 bs: 0.517436
3293 4277 5232 5545 5575 6466 6607 7967 9836 
#module 318 size: 6 bs: 1.01383
2387 2658 3446 6418 7168 10321 
#module 319 size: 17 bs: 0.533992
31 522 1784 2002 2076 2284 5443 5551 5553 5782 7049 7123 7316 8525 9058 9473 10717 
#module 320 size: 8 bs: 0.5551
1838 1916 4469 6210 6349 8504 8699 10972 
#module 321 size: 15 bs: 0.171157
778 1520 2196 2312 2604 3364 5416 6819 6927 7710 8246 8401 10119 10298 10783 
#module 322 size: 7 bs: 0.873003
13 762 3271 3719 6113 6356 9319 
#module 323 size: 6 bs: 0.312912
503 1488 2449 3505 4601 8814 
#module 324 size: 5 bs: 1.0018
981 3466 4380 6386 13003 
#module 325 size: 15 bs: 0.842226
1820 1907 1987 2384 3703 3705 4548 4729 7881 7937 8499 8899 9674 9944 9973 
#module 326 size: 14 bs: 0.472535
215 346 992 1993 3420 3753 4652 5365 6013 6220 6560 7418 8178 12609 
#module 327 size: 7 bs: 0.297504
724 1006 1423 3803 3856 5496 10146 
#module 328 size: 9 bs: 1.03763
47 2311 3764 4345 6563 7484 8109 8147 8565 
#module 329 size: 12 bs: 0.866994
333 677 1371 3212 3910 4858 4988 6055 8034 8666 10247 11088 
#module 330 size: 26 bs: 0.682944
403 431 998 2090 2480 2679 3144 3196 4199 4205 4235 4384 4385 4492 4854 5173 6749 7773 8327 9095 9614 9894 10045 10653 10911 11025 
#module 331 size: 7 bs: 0.981677
3288 5234 5906 6151 6987 8289 10083 
#module 332 size: 6 bs: 0.390183
1401 1817 6050 7116 8675 10252 
#module 333 size: 9 bs: 0.718489
466 2095 2919 3967 4092 6956 7785 7821 12639 
#module 334 size: 9 bs: 0.389455
1534 1725 4950 5728 5869 6411 8811 9002 9652 
#module 335 size: 12 bs: 0.474468
929 1415 1584 3465 3839 5339 5827 6702 7237 7522 7742 11029 
#module 336 size: 6 bs: 0.322459
1928 3349 3771 6770 8033 12475 
#module 337 size: 4 bs: 0.175616
1220 1549 5276 7288 
#module 338 size: 7 bs: 1.02999
3019 4134 5002 5272 7013 9590 12933 
#module 339 size: 9 bs: 0.948992
1099 1101 3031 4128 6412 6948 9498 9862 11207 
#module 340 size: 10 bs: 0.25952
27 698 925 1399 2508 4022 4339 7510 8402 9799 
#module 341 size: 10 bs: 0.909931
1578 2594 2730 3333 5840 6487 6695 6821 7258 7541 
#module 342 size: 7 bs: 1.08343
3724 4382 5356 5880 6664 8931 10115 
#module 343 size: 7 bs: 0.768668
1845 3787 4193 6870 7864 8160 10897 
#module 344 size: 16 bs: 0.643467
351 1338 1851 2194 2588 3202 3589 4064 5341 5522 5687 7125 8868 9838 10193 10651 
#module 345 size: 9 bs: 1.09411
3384 4132 5397 6023 7588 8162 10349 10396 10703 
#module 346 size: 17 bs: 0.349536
997 1135 1752 1862 2087 2663 2966 3143 3145 4059 6645 6990 7416 8682 8919 10586 10886 
#module 347 size: 3 bs: 0.77751
4659 7670 8139 
#module 348 size: 10 bs: 0.944271
813 1202 2929 4071 4881 5462 5888 9573 10766 11694 
#module 349 size: 8 bs: 0.628244
922 3039 3502 4850 7370 8857 9309 10899 
#module 350 size: 3 bs: 0.582356
2469 7404 11699 
#module 351 size: 5 bs: 0.986831
1044 4972 6281 8323 10688 
#module 352 size: 8 bs: 0.600837
46 1177 3748 4248 4335 4469 9255 11024 
#module 353 size: 11 bs: 0.479493
32 141 882 1966 2967 3481 5675 5993 7281 7976 10133 
#module 354 size: 3 bs: 0.180268
830 1341 7207 
#module 355 size: 6 bs: 0.521329
462 1627 3820 4865 5948 6426 
#module 356 size: 4 bs: 0.390671
1351 2490 5344 9492 
#module 357 size: 4 bs: 1.07501
5294 5407 6229 10178 
#module 358 size: 5 bs: 1.02793
2681 4049 4457 5340 7274 
#module 359 size: 8 bs: 0.502412
923 1322 3213 4839 5088 5649 7345 7626 
#module 360 size: 6 bs: 0.372702
1528 2821 5258 5754 7447 10828 
#module 361 size: 5 bs: 0.790328
1398 1737 7208 8576 9975 
#module 362 size: 10 bs: 1.01124
2190 3390 3807 3954 4371 5421 6349 7262 10488 10839 
#module 363 size: 9 bs: 0.196193
1836 2903 6868 6923 7317 9786 10001 10762 10763 
#module 364 size: 7 bs: 0.696051
1493 2614 3255 4409 6131 6313 9259 
#module 365 size: 14 bs: 1.03356
1203 2624 4202 4745 4887 5121 5271 5587 6256 6774 7084 7914 8529 10186 
#module 366 size: 14 bs: 0.356037
576 877 895 2227 2455 2760 3337 4495 4966 5319 7617 8975 10020 10023 
#module 367 size: 8 bs: 1.07037
906 1038 4844 4884 6712 6808 8943 9859 
#module 368 size: 6 bs: 0.950582
1425 1427 5624 5714 7511 8580 
#module 369 size: 3 bs: 0.498028
1557 5270 6521 
#module 370 size: 17 bs: 0.612603
571 1500 2407 2527 3401 3439 3634 5503 5764 7015 7112 8827 9721 9747 10306 10706 11031 
#module 371 size: 18 bs: 0.298087
679 820 990 1832 2856 4062 5387 6032 6723 6756 7285 7447 8040 8238 8647 10439 10491 10505 
#module 372 size: 4 bs: 0.803789
3761 4169 6095 8231 
#module 373 size: 12 bs: 0.955317
1526 3013 3064 3506 4209 4755 5763 6651 7457 8348 8978 10772 
#module 374 size: 9 bs: 0.32063
773 2543 3548 4054 4243 6853 8141 10737 10800 
#module 375 size: 10 bs: 0.860497
391 1981 2800 2914 3155 3858 4804 5626 7078 11442 
#module 376 size: 6 bs: 0.912653
1833 4828 5430 8339 9331 9750 
#module 377 size: 3 bs: 0.214303
492 3828 6209 
#module 378 size: 4 bs: 1.07215
4028 4827 5926 10044 
#module 379 size: 4 bs: 0.955466
7010 9361 9931 9961 
#module 380 size: 9 bs: 0.527361
1360 1716 2007 2649 4642 5077 5349 5935 11157 
#module 381 size: 7 bs: 0.137716
2012 2735 4122 4592 6524 6959 7519 
#module 382 size: 4 bs: 0.186676
2427 3088 3557 8725 
#module 383 size: 31 bs: 0.933853
334 382 802 1090 1196 1249 1685 1919 2515 2723 2767 3893 4124 4561 4863 5745 5971 6067 6222 6786 7099 8642 8806 9176 9249 9800 10107 10487 10605 11026 11584 
#module 384 size: 25 bs: 0.962127
66 389 786 1829 2910 3092 4081 4529 4744 5065 5212 5621 6235 7056 7248 7328 7681 7729 7879 8283 8812 10300 10985 11451 12523 
#module 385 size: 7 bs: 0.689998
3 810 2313 2342 7834 10264 10624 
#module 386 size: 31 bs: 0.441261
649 681 956 1142 1161 1240 1384 2523 2990 3179 3208 3294 3436 3767 5064 5065 5096 5241 5511 5631 5784 6828 7622 7801 8304 8508 9083 9465 9901 10532 10964 
#module 387 size: 28 bs: 0.98045
879 1092 1452 1548 2126 2321 3116 3591 3595 3951 4529 4646 4959 5078 5359 5506 5749 7200 7257 7657 7717 7811 8020 8070 8368 9742 10637 10771 
#module 388 size: 15 bs: 0.554748
771 890 1020 1530 2625 2943 3487 4569 4984 5133 5697 6349 6982 9671 10660 
#module 389 size: 5 bs: 0.75181
1780 3374 5442 6506 10272 
#module 390 size: 34 bs: 0.179816
472 537 991 1085 1499 1787 2078 2262 2687 2954 2998 3186 3380 3468 3566 3694 3907 4351 4499 5346 5593 6400 6799 6918 7240 7397 7652 7914 8321 8362 8935 9089 9967 10866 
#module 391 size: 29 bs: 0.631067
48 50 463 826 1452 2520 3416 3546 3563 3595 3623 3627 3782 3966 4088 4206 4821 5213 6859 6901 7226 7886 8964 9420 9922 10062 10375 10406 10834 
#module 392 size: 13 bs: 0.581339
295 705 2116 2120 3073 3988 4031 6051 6085 6376 6585 8503 8885 
#module 393 size: 6 bs: 0.731917
4350 4932 7866 8107 10887 12635 
#module 394 size: 12 bs: 0.282248
35 2483 3889 4398 4433 5089 5370 6417 6627 7307 7946 11097 
#module 395 size: 23 bs: 0.865678
7 561 573 581 811 873 1255 1983 2829 3080 5132 6070 6108 6738 6896 7429 7514 8106 8409 8549 8573 9200 9712 
#module 396 size: 8 bs: 0.175085
1076 1599 3758 4166 4885 7902 8522 9570 
#module 397 size: 10 bs: 1.01304
1459 3805 7804 7864 7934 8140 8886 9071 10700 12595 
#module 398 size: 5 bs: 1.00464
3739 6537 9016 10279 11083 
#module 399 size: 6 bs: 0.409054
1560 4528 4717 7424 10039 10484 
#module 400 size: 22 bs: 0.843173
211 456 485 493 494 699 1486 1606 2991 3138 3167 3822 4841 5216 5704 6090 6264 7611 7709 8856 9658 10920 
#module 401 size: 11 bs: 0.855257
2025 2238 2301 3518 4575 5826 6532 6623 9533 10543 10581 
#module 402 size: 3 bs: 0.9241
1411 3281 4358 
#module 403 size: 9 bs: 0.849364
335 1552 2003 3551 7077 7673 8010 8119 10460 
#module 404 size: 11 bs: 0.859351
69 763 1999 3751 3824 3921 5876 6148 8769 9295 10434 
#module 405 size: 4 bs: 0.214253
2675 3470 6185 11441 
#module 406 size: 3 bs: 0.185127
583 1641 10048 
#module 407 size: 5 bs: 1.08759
491 1005 2708 4070 4093 
#module 408 size: 7 bs: 0.508301
1824 2186 5429 7607 7991 10831 11163 
#module 409 size: 11 bs: 0.764574
864 1433 1539 3150 3454 3724 5699 5979 6007 7901 12591 
#module 410 size: 13 bs: 0.403807
367 541 1960 2135 2385 2778 2987 3280 3305 3387 6589 7551 9186 
#module 411 size: 3 bs: 0.748719
9414 10067 11215 
#module 412 size: 6 bs: 0.3035
23 822 5478 6508 7267 10463 
#module 413 size: 6 bs: 0.611912
1124 3129 5591 8923 9135 12746 
#module 414 size: 9 bs: 0.693263
1280 1403 1847 2354 6920 7339 9479 9621 12264 
#module 415 size: 14 bs: 0.901649
1704 1984 2701 3020 3056 3473 3650 4962 6047 6558 7420 7543 10466 10785 
#module 416 size: 6 bs: 0.848989
2343 2530 5046 7005 8174 9102 
#module 417 size: 3 bs: 0.53465
791 1377 2572 
#module 418 size: 15 bs: 0.309853
442 1611 1819 1852 2325 2377 3052 3676 5373 5532 6261 6942 7104 8860 9981 
#module 419 size: 9 bs: 0.755495
1405 2777 2799 4296 5620 6898 7789 8434 10162 
#module 420 size: 6 bs: 1.00699
3191 5410 5538 5672 6657 7769 
#module 421 size: 7 bs: 1.01412
102 2295 3736 5598 6184 6639 9175 
#module 422 size: 6 bs: 0.993257
239 1139 1896 3503 4943 6478 
#module 423 size: 3 bs: 0.966398
4621 9009 10425 
#module 424 size: 17 bs: 0.829386
587 654 806 2593 3698 4198 5455 6082 6393 6978 7703 7771 8830 9390 9625 10051 10996 
#module 425 size: 4 bs: 0.765311
3211 6011 8800 8852 
#module 426 size: 15 bs: 0.206716
787 1577 3794 3996 4161 5043 5743 5769 6691 8842 10031 10103 10341 11228 11428 
#module 427 size: 4 bs: 0.525022
1514 1703 1994 9970 
#module 428 size: 9 bs: 0.339728
233 1533 3353 3975 8646 8862 10054 10930 11251 
#module 429 size: 12 bs: 0.654717
33 145 619 1399 3922 4135 4494 4680 7999 8306 8833 10591 
#module 430 size: 21 bs: 0.490568
1227 1559 1875 2419 2980 3402 4217 4895 6138 6312 6580 6919 7034 8797 9158 9508 9798 9999 10292 10789 10992 
#module 431 size: 37 bs: 0.936367
314 383 620 973 1155 1244 1343 1352 2677 3463 3665 4216 4554 4812 5151 5193 5351 5632 5898 6052 6311 6432 6578 6590 6922 7888 8038 8053 8081 8205 9210 9678 9763 9893 11106 11162 11435 
#module 432 size: 4 bs: 0.72909
22 4600 9941 10476 
#module 433 size: 16 bs: 0.75639
518 562 1418 3169 3233 3561 3809 3870 4212 5052 5261 7926 7955 8656 10358 10689 
#module 434 size: 16 bs: 0.26157
802 1081 1107 1689 3477 3667 3684 5808 5919 6455 6728 6910 7967 8029 8084 10993 
#module 435 size: 18 bs: 0.58518
963 1882 2058 2509 2653 2668 2696 3135 3209 4141 4543 6773 7899 8219 8982 9276 9288 10791 
#module 436 size: 5 bs: 0.460547
633 4427 4702 5762 6893 
#module 437 size: 6 bs: 0.564366
2320 2585 3813 4230 7750 9074 
#module 438 size: 57 bs: 0.229337
54 75 318 341 411 432 894 924 934 1183 1532 1608 1610 1821 2408 2496 3132 3396 3863 4061 4149 4200 4308 4383 4529 4618 4754 4772 5078 5278 5627 5730 5970 6337 6546 7024 7112 7157 7183 7466 7717 7879 8007 8856 8918 9496 9733 9783 9986 10164 10462 10632 10858 10898 10926 10971 12678 
#module 439 size: 11 bs: 0.807668
1900 2791 3190 4363 7418 8072 8495 9047 9091 9316 11334 
#module 440 size: 6 bs: 1.05017
354 1581 3784 4112 6686 9013 
#module 441 size: 5 bs: 0.980014
1445 3058 3544 7684 8535 
#module 442 size: 5 bs: 0.934495
1270 3630 4050 8716 8882 
#module 443 size: 9 bs: 0.342258
1210 1238 3229 5180 5900 5927 6593 8200 9985 
#module 444 size: 12 bs: 0.817001
922 2837 3042 3876 3959 4139 6564 7247 8794 9267 10628 11012 
#module 445 size: 5 bs: 0.336692
3166 5993 6917 8264 8882 
#module 446 size: 8 bs: 0.860519
392 1598 1854 2041 3525 5114 6189 8365 
#module 447 size: 25 bs: 1.08092
1378 1563 1732 2093 2635 3139 4500 4529 4701 5964 6003 6706 6966 7514 7938 8792 8826 9189 9194 9535 9584 10846 10936 12297 12494 
#module 448 size: 19 bs: 1.08964
381 689 720 1466 3459 3516 4415 4582 5391 6076 6161 6317 6879 7119 7319 8891 9969 10375 10449 
#module 449 size: 7 bs: 0.961649
308 1699 3174 5417 6349 6384 8614 
#module 450 size: 8 bs: 0.429155
2569 3083 5123 5328 5659 7105 8435 10240 
#module 451 size: 19 bs: 0.448804
1222 1740 3106 3527 4029 5619 5793 6541 6924 7028 7266 7971 8133 8389 8592 9417 9536 10483 11591 
#module 452 size: 13 bs: 0.415215
360 390 798 2149 3128 4121 4455 4511 4572 6708 6784 7564 7667 
#module 453 size: 6 bs: 0.18338
1184 2030 4197 6476 7691 8209 
#module 454 size: 6 bs: 0.755599
3635 5335 7017 7311 10276 10750 
#module 455 size: 9 bs: 0.789807
1167 2660 3158 4024 5698 7032 8773 9297 10477 
#module 456 size: 7 bs: 0.897422
1033 2510 3426 3793 5371 7383 9033 
#module 457 size: 17 bs: 0.347966
530 2296 3268 4466 4692 4902 5629 5928 7312 7758 8640 9026 9226 10514 10531 10913 10999 
#module 458 size: 12 bs: 0.3628
1223 1866 2505 2646 3035 4723 4779 5808 6688 7526 10121 12944 
#module 459 size: 3 bs: 0.827257
721 5423 10622 
#module 460 size: 5 bs: 0.360739
714 815 1175 1758 6602 
#module 461 size: 15 bs: 0.554275
3142 3291 3340 4639 5875 6120 6254 6674 7019 7992 8353 9810 9846 10230 11410 
#module 462 size: 4 bs: 0.511096
1484 3328 8971 9055 
#module 463 size: 8 bs: 0.410758
1350 4078 5337 5510 7097 7189 8813 10955 
#module 464 size: 3 bs: 0.810648
1380 7521 10351 
#module 465 size: 20 bs: 0.133588
322 1166 1174 1427 1953 2143 2270 2758 3585 4406 4436 4467 5403 6409 6419 6520 7086 10041 10626 10768 
#module 466 size: 16 bs: 1.0186
1209 1656 2501 2516 2665 3409 3975 5765 6045 6728 7027 7769 8608 9991 10833 12663 
#module 467 size: 7 bs: 0.455639
1056 2473 3217 3485 4016 7139 8953 
#module 468 size: 31 bs: 0.427442
857 966 1119 2141 2472 2746 3219 3436 3643 3799 4088 4285 4700 4811 5281 5309 5405 5779 6759 7044 7170 7184 7405 7429 8033 8114 9177 9465 10147 10319 10532 
#module 469 size: 9 bs: 0.486992
26 2896 4573 5636 6659 8404 8480 9115 10884 
#module 470 size: 20 bs: 0.211605
1188 1469 2375 2955 3751 4298 4403 4475 4990 5309 5552 6021 6060 6094 7794 8105 8791 9598 9600 11001 
#module 471 size: 13 bs: 1.02923
883 1414 1791 1969 2254 2793 3423 5399 5466 7319 8453 9955 10077 
#module 472 size: 9 bs: 0.60805
1515 2224 4286 6396 6479 7358 7587 7837 7997 
#module 473 size: 11 bs: 0.469853
1170 4156 4624 5607 6109 6202 7396 7688 8080 8675 8904 
#module 474 size: 6 bs: 0.625362
1551 2441 3258 5336 6754 10836 
#module 475 size: 13 bs: 0.117379
1293 2081 2131 2830 4679 5058 5127 6100 6733 8450 10413 10566 11082 
#module 476 size: 14 bs: 0.933129
1540 2380 2407 3638 4273 4935 5850 7220 7721 8116 8387 9928 10286 10371 
#module 477 size: 10 bs: 0.546972
2225 3264 4412 5036 5655 5769 6344 6869 7673 11245 
#module 478 size: 7 bs: 0.652662
2643 2885 3553 4393 4562 6465 9476 
#module 479 size: 4 bs: 0.667734
1021 2568 9343 10934 
#module 480 size: 14 bs: 0.607944
46 829 1448 1545 3095 3832 4019 4269 4313 5689 7659 7689 10544 11709 
#module 481 size: 12 bs: 0.502333
228 1989 3680 5819 6569 7165 7799 7986 8405 9481 11274 12944 
#module 482 size: 18 bs: 0.178893
365 1886 2337 3155 3180 3680 4089 4221 4505 5304 5817 5841 6180 6218 6826 7592 8865 10053 
#module 483 size: 56 bs: 1.02503
153 853 938 2073 2338 2891 2939 3028 3410 3412 3545 3592 3845 4069 4153 4377 4664 4834 4866 5385 5512 5858 5877 6052 6079 6134 6137 6197 6445 6588 6661 6739 7321 7329 7633 7839 8720 8815 8847 8874 8920 8927 8998 9042 9167 9460 9517 9595 9641 9751 9912 9995 10224 10273 10378 12679 
#module 484 size: 5 bs: 0.542236
1335 1622 5015 9775 10606 
#module 485 size: 11 bs: 0.986278
601 1949 3637 3948 6407 7501 8186 9336 9500 11272 12590 
#module 486 size: 17 bs: 0.781112
1381 1450 1660 1956 3344 3769 4405 4496 4863 5525 5853 6019 6868 7266 9857 10407 10904 
#module 487 size: 5 bs: 0.402442
489 926 4735 6827 10928 
#module 488 size: 12 bs: 0.270155
1015 1250 2474 2733 3469 5336 6294 6374 6985 8067 9654 10024 
#module 489 size: 24 bs: 0.307803
809 812 882 939 2703 2924 3448 3972 3973 4762 5994 6177 6640 7021 8166 8317 8372 8772 9293 10764 10858 10896 11412 11495 
#module 490 size: 5 bs: 0.344089
4930 4963 5117 7188 7917 
#module 491 size: 12 bs: 0.509189
1219 1837 2397 3059 3344 3361 5702 6586 7958 8663 9695 10781 
#module 492 size: 20 bs: 0.920998
1764 2097 2660 3200 3874 4545 4989 5460 6062 6262 6567 6835 7863 8618 8845 9404 9689 9693 10448 11210 
#module 493 size: 134 bs: 0.42156
38 332 452 521 532 758 767 769 797 901 979 1009 1012 1030 1062 1082 1159 1173 1239 1283 1323 1419 1424 1504 1590 1801 1840 1885 1990 2211 2232 2682 2734 2846 2848 2870 2907 2957 3082 3360 3519 3558 3559 3679 3693 3848 3949 4091 4295 4346 4413 4446 4490 4609 4636 4666 4814 4826 4835 4868 4901 5170 5218 5220 5392 5396 5500 5533 5633 5678 5952 6067 6069 6228 6350 6427 6653 6722 6767 6793 6961 7068 7072 7154 7228 7306 7389 7441 7518 7553 7594 7735 7764 7838 8210 8304 8342 8426 8432 8436 8440 8523 8557 8601 8655 8835 8905 9109 9299 9323 9410 9415 9431 9510 9555 9559 9867 9879 9953 9980 10070 10093 10259 10515 10654 10677 10749 10752 10799 11067 11155 11256 11340 12645 
#module 494 size: 17 bs: 0.969003
1053 1583 2046 2366 2577 3484 3796 4164 5194 5440 5570 6034 8163 8986 9477 9502 11098 
#module 495 size: 3 bs: 0.358412
1664 8590 9895 
#module 496 size: 7 bs: 0.857795
2854 3871 7500 7701 8243 10058 10094 
#module 497 size: 17 bs: 0.835772
256 592 3275 3389 3843 4236 5367 5642 6327 6380 6960 9046 9446 9521 10404 10863 11092 
#module 498 size: 19 bs: 0.728436
371 614 910 1155 1531 1722 1985 2193 2207 2615 3910 4564 5837 5965 7230 7579 8045 10130 10847 
#module 499 size: 34 bs: 0.302495
64 116 190 1007 1572 1628 1806 2513 2695 2925 3154 3299 3411 3483 3494 3543 4485 4543 5557 5564 6251 6491 6644 6761 6831 7045 7364 7740 8661 9138 9759 10405 10883 12494 
#module 500 size: 20 bs: 0.953749
456 828 841 995 1183 1457 1858 2255 2636 2807 4437 5191 5221 6093 6290 6931 8007 9368 9767 12679 
#module 501 size: 19 bs: 0.360882
528 567 624 641 1132 2750 3336 3359 4697 5217 5618 6002 6390 6747 7140 9034 10359 10773 11371 
#module 502 size: 6 bs: 0.571591
1678 3026 3952 9298 9701 11009 
#module 503 size: 6 bs: 0.249395
474 811 1601 2033 2647 5686 
#module 504 size: 6 bs: 0.178284
413 4556 4850 5098 5895 9407 
#module 505 size: 23 bs: 0.423071
206 710 1333 2541 2741 3419 3631 3836 4929 5109 6171 6535 7471 7485 8350 8556 9327 9450 9840 10356 10784 10929 11182 
#module 506 size: 9 bs: 0.159245
595 1485 1628 2445 2984 3481 5860 7810 8714 
#module 507 size: 7 bs: 0.279726
459 670 872 1093 5208 5310 8660 
#module 508 size: 7 bs: 0.377764
699 4792 5021 5780 8111 9929 10695 
#module 509 size: 12 bs: 0.947963
135 2755 5227 5599 6215 6855 6897 8959 9030 9150 10248 11703 
#module 510 size: 17 bs: 0.761453
18 1485 3100 3221 3452 3529 3635 4177 5619 5861 6273 6924 8382 8876 8968 9063 10191 
#module 511 size: 10 bs: 0.997882
339 555 3214 3612 5800 6836 7979 8086 8776 10825 
#module 512 size: 7 bs: 0.970287
79 1058 1108 3621 4170 5919 9285 
#module 513 size: 10 bs: 1.09476
196 2082 2319 3657 5823 5927 7701 10509 10951 11223 
#module 514 size: 6 bs: 0.876579
2785 3414 4168 6591 7089 7146 
#module 515 size: 16 bs: 0.294429
430 542 1120 1435 1496 1542 4016 4253 5347 5441 6245 6334 8100 9251 9394 9884 
#module 516 size: 6 bs: 0.382997
5908 7804 8907 8923 9204 11242 
#module 517 size: 35 bs: 0.968707
341 534 1105 1115 1326 1778 1849 1937 2108 3941 4240 4380 4698 5053 5079 5134 5585 5801 6090 6143 6213 6529 6538 6863 7042 7085 7873 7895 8059 8939 9100 9355 9467 9591 12874 
#module 518 size: 7 bs: 0.747994
2977 4752 6340 6399 8249 9714 10808 
#module 519 size: 10 bs: 0.373363
716 960 3533 3730 4219 6272 8732 8961 10011 11239 
#module 520 size: 6 bs: 0.13596
209 1940 2323 5789 7900 10864 
#module 521 size: 13 bs: 0.178683
1084 2335 2457 3051 3157 3188 4397 7040 7287 7755 8225 8613 10244 
#module 522 size: 23 bs: 0.580517
150 932 1119 1145 1378 1773 1897 2128 2745 3132 3847 4043 4353 4754 4810 5949 6528 6877 6957 7119 7832 8648 9203 
#module 523 size: 7 bs: 0.543551
1096 1859 2618 3969 4846 6696 8580 
#module 524 size: 31 bs: 0.535894
977 1715 2107 2236 2357 2418 2894 2946 3193 3614 3798 4150 4480 4685 4756 5195 5331 5447 5612 5903 5984 6061 6155 6839 7403 7439 7927 8039 8795 8963 9264 
#module 525 size: 7 bs: 0.77997
5508 5529 5788 8317 8355 9206 12720 
#module 526 size: 4 bs: 0.64575
1438 1631 3038 6814 
#module 527 size: 3 bs: 0.557477
3937 4259 5862 
#module 528 size: 9 bs: 0.192124
854 1205 1324 2694 3895 4004 4630 8087 9871 
#module 529 size: 33 bs: 0.62825
76 580 871 1412 1473 1575 1700 1707 2187 2340 2452 3513 4650 5509 5653 6188 6195 6310 6810 6840 7359 7381 7549 7645 7945 8356 9534 9627 9757 10046 10308 10311 11027 
#module 530 size: 12 bs: 0.240861
109 683 1233 1628 2124 5187 5420 6033 7203 9070 10434 10496 
#module 531 size: 15 bs: 0.201527
169 1734 3311 3640 3908 4104 4705 4849 5401 5785 6312 9483 10835 11225 11383 
#module 532 size: 11 bs: 0.158662
1636 3567 3748 4196 5595 5885 7434 8383 8550 8933 10976 
#module 533 size: 19 bs: 0.307149
194 1025 1980 2671 2710 3685 3832 4853 5485 6573 8308 8740 8818 9403 9691 9924 10165 10372 10558 
#module 534 size: 21 bs: 0.80886
1396 1776 3310 3562 3822 4263 4432 5283 5547 5663 6907 6938 7021 7133 7275 8455 8980 9531 10609 10710 12170 
#module 535 size: 5 bs: 0.467543
994 1188 6153 6995 9512 
#module 536 size: 38 bs: 1.09783
469 1010 1286 1335 1512 1553 1760 1877 2450 3002 3012 3244 3498 3877 3898 3916 4038 4079 4213 4282 4317 4817 5017 5665 6019 6046 6763 6883 7365 7859 8541 8766 8785 9006 9045 9286 10945 11108 
#module 537 size: 9 bs: 0.319586
2151 3421 3968 4579 4739 4796 5273 5413 6757 
#module 538 size: 16 bs: 0.121452
553 1342 1566 1904 2299 4789 5268 5446 5735 5896 6720 6941 7438 7493 7546 8394 
#module 539 size: 50 bs: 0.62559
323 642 649 650 691 966 987 1130 1729 1850 2310 2492 2498 3121 3179 3191 3436 3492 3767 3842 4179 4583 4875 5064 5290 5402 5539 5962 6307 6437 6441 6728 6806 6822 6828 6918 7271 7337 7432 7622 7767 8105 8315 8360 8589 8610 9547 9865 10691 11241 
#module 540 size: 7 bs: 0.634236
1359 4228 5299 5751 6237 7590 8771 
#module 541 size: 13 bs: 1.03912
970 1402 1450 2070 5725 5881 5890 6698 8172 8228 8985 10455 10512 
#module 542 size: 25 bs: 0.423723
78 150 811 1805 1822 2054 2651 3444 3993 4090 4096 5363 5542 5771 5917 6271 6273 7429 7437 7823 8098 8873 9788 10171 10359 
#module 543 size: 9 bs: 0.624621
28 260 1909 2564 2656 3649 5400 7918 8711 
#module 544 size: 23 bs: 0.707586
655 1992 2953 3986 4152 4833 5355 5988 6029 7037 7048 7503 7678 7808 7822 8204 8392 8723 8786 8913 10179 10390 10709 
#module 545 size: 15 bs: 1.00063
1501 2353 2503 3192 4412 4820 5592 5628 5769 6637 7673 9106 10308 10868 11453 
#module 546 size: 17 bs: 0.73679
894 2983 3032 3324 3936 4184 4241 4430 5099 5730 6587 7087 7198 7333 7858 11141 11335 
#module 547 size: 32 bs: 1.00787
213 891 1259 2297 2792 3591 4201 4825 5096 5357 5506 5749 6005 6075 6166 6936 7090 7100 7793 7961 8020 8143 8155 8368 8892 9061 9277 9662 10386 11434 11711 12495 
#module 548 size: 9 bs: 0.285375
2524 2684 5288 7674 7835 9538 9594 11011 11448 
#module 549 size: 7 bs: 0.678122
1719 1779 2481 4354 6740 7334 8628 
#module 550 size: 32 bs: 1.007
851 874 2433 2497 2539 2661 3003 3282 4607 4676 5233 5502 5602 6174 6707 6766 6905 7966 8400 8414 8452 8555 9171 9395 9550 9816 9832 9870 10515 10619 11490 11551 
#module 551 size: 15 bs: 0.74519
782 1510 1674 2517 3620 3935 4312 4318 6554 7303 8125 8363 9364 11840 12712 
#module 552 size: 15 bs: 1.00338
1330 1406 2148 2210 2366 3118 6456 6655 7195 7861 7966 8875 10327 10658 12642 
#module 553 size: 10 bs: 0.905454
1181 3253 3740 4206 5275 8348 8579 9833 10685 13065 
#module 554 size: 24 bs: 0.577872
345 352 1519 2461 2542 2825 2863 3245 3569 3675 4061 4550 5099 6022 6904 7722 8632 8637 8901 8958 8988 9577 10595 10813 
#module 555 size: 8 bs: 0.440825
842 1962 2123 2273 2508 4683 6813 8487 
#module 556 size: 7 bs: 0.123456
1312 4465 6107 8066 8946 9165 10003 
#module 557 size: 12 bs: 0.4053
546 1512 3388 3713 4291 6365 7007 7088 7679 7889 8675 9457 
#module 558 size: 29 bs: 0.743684
582 812 2138 2432 2442 2450 2998 3496 3756 4037 4401 4662 5104 5106 5362 5382 5586 5870 5931 6034 6687 6782 8065 8879 10102 11016 11079 11678 12636 
#module 559 size: 15 bs: 0.371909
792 1653 2138 2253 3057 3993 4611 4731 5554 7261 7374 9018 9890 10779 11678 
#module 560 size: 5 bs: 0.557596
4444 7550 7936 9944 10854 
#module 561 size: 10 bs: 0.6673
236 2485 7217 7687 8431 8494 8854 9247 9606 10614 
#module 562 size: 47 bs: 1.09848
512 631 637 921 976 1330 1353 1637 1862 2472 2717 2746 4325 4448 4976 5166 5204 5212 5662 5671 5683 5836 5917 6027 6482 6745 7053 7321 7685 7794 7809 7854 7885 8105 8724 8766 9202 9256 9465 9685 9864 10002 10126 10211 10662 11273 11338 
#module 563 size: 7 bs: 0.290147
4080 6073 6121 6126 6504 10274 11020 
#module 564 size: 25 bs: 0.779259
839 1155 1818 2013 2024 2044 2250 2746 3359 3577 3597 5151 5247 6056 6904 7530 7700 7942 8691 8992 9374 10132 10556 10876 11106 
#module 565 size: 7 bs: 0.79113
885 1624 1696 5548 6059 6175 6270 
#module 566 size: 6 bs: 0.678298
2724 5084 6788 7354 7462 12293 
#module 567 size: 17 bs: 0.404348
514 3570 4157 4713 5300 5343 5857 5891 6305 8719 9198 9531 9806 9845 10512 11196 11415 
#module 568 size: 13 bs: 0.228237
318 1137 1874 1887 2383 3711 6471 6512 7172 7407 7827 9008 9458 
#module 569 size: 10 bs: 0.113794
210 841 1396 3269 3633 5430 7205 7847 8773 10811 
#module 570 size: 13 bs: 0.234834
1287 2104 2839 4422 5640 6092 7305 7473 7739 8097 8716 9934 11119 
#module 571 size: 5 bs: 0.871494
4900 6517 8258 8403 10606 
#module 572 size: 13 bs: 0.679859
526 1681 2147 2810 3825 6226 6298 7715 8361 8476 8917 11097 13018 
#module 573 size: 9 bs: 0.693365
2111 2241 5086 5796 6370 8145 9745 9865 12636 
#module 574 size: 8 bs: 0.594286
828 1199 3692 3996 7690 7731 8564 8827 
#module 575 size: 51 bs: 0.543863
237 575 790 1310 1715 2181 2199 2219 2223 2236 2314 2357 2558 2757 2828 3025 3239 3433 3501 3618 3774 3859 4131 4510 4527 5250 5438 5486 5747 5913 5989 6216 6764 7173 7583 7591 7629 8864 9143 9396 9650 9881 9948 10017 10086 10392 10453 10770 10970 10975 11135 
#module 576 size: 12 bs: 0.98388
188 497 1975 3053 5179 6267 7059 7156 8048 9994 10982 11635 
#module 577 size: 6 bs: 0.991052
3686 5669 8600 8960 9512 11012 
#module 578 size: 26 bs: 0.499582
589 708 882 1042 1078 1348 1439 2428 2521 2651 2928 3478 3606 5804 6252 6516 6613 6974 7147 7195 7231 8006 10152 10767 10916 12638 
#module 579 size: 9 bs: 0.299283
861 3462 5300 5702 7167 7375 8715 9027 11556 
#module 580 size: 19 bs: 0.841927
225 2361 2719 3750 3816 4107 4294 5792 5941 6000 6501 6954 8302 8515 8633 9062 9896 10977 11007 
#module 581 size: 22 bs: 0.415055
5 341 973 1385 1693 1808 2729 3218 3716 3817 4682 5225 5283 6134 7009 7026 7095 7153 7839 9144 10310 11218 
#module 582 size: 9 bs: 0.936717
1748 3602 4810 5467 5853 6048 6517 8766 9070 
#module 583 size: 13 bs: 0.423501
1660 2550 2916 2999 3822 4030 5683 6516 9069 10127 10370 10857 11272 
#module 584 size: 20 bs: 0.801017
310 1462 1637 1659 2168 2346 2597 3109 3241 3900 4426 7328 7408 7854 8227 9028 9965 10043 10271 10344 
#module 585 size: 151 bs: 1.04987
61 172 312 362 370 377 388 420 434 604 653 779 803 878 919 943 1007 1116 1267 1308 1517 1556 1629 1645 1867 1890 1924 1941 1950 2185 2302 2315 2341 2607 2703 2764 2819 2880 3014 3065 3079 3172 3287 3323 3362 3373 3401 3429 3490 3534 3569 3615 3616 3660 3670 3675 3743 3867 3975 4048 4077 4182 4383 4386 4407 4533 4605 4645 4798 4967 4968 4995 5037 5038 5181 5242 5444 5556 5674 5732 5910 5939 6074 6208 6317 6359 6361 6477 6515 6778 6815 6892 6925 7045 7323 7663 7696 7699 7749 7751 7814 7996 8203 8297 8314 8347 8376 8386 8439 8455 8484 8513 8598 8600 8659 8921 8940 9046 9123 9209 9399 9416 9444 9495 9537 9553 9554 9612 9655 9923 9997 10033 10143 10151 10222 10315 10599 10701 10776 10879 11074 11189 11192 11193 11364 11966 12228 12582 12661 12977 12990 
#module 586 size: 27 bs: 0.806183
222 552 863 1979 2000 2247 2576 2578 2688 3153 3559 3932 4498 4694 4985 5448 5779 5780 6231 6362 6789 7008 7115 7229 8889 10108 10692 
#module 587 size: 25 bs: 0.263398
440 610 1498 1524 2802 3666 3863 3969 4726 4764 5278 5419 5541 5872 5881 6353 6539 8307 8720 9192 9531 10000 10427 10692 12605 
#module 588 size: 16 bs: 0.67087
1211 1273 2333 2707 3540 4921 6373 6918 7647 8266 8365 9848 9963 10336 10674 10853 
#module 589 size: 21 bs: 0.744004
1054 1646 1731 2367 2435 2742 3346 3521 3626 4025 4523 5635 5997 6442 6633 7110 7263 7662 8206 9825 12638 
#module 590 size: 17 bs: 0.326881
319 412 570 634 1102 1650 2145 2689 3822 5619 5853 7809 8221 9504 10634 10671 10891 
#module 591 size: 12 bs: 0.690384
1730 3090 5667 6253 6421 6572 6804 6913 7860 8028 8250 8936 
#module 592 size: 9 bs: 1.01461
467 951 1582 4176 5222 6466 7269 7463 8235 
#module 593 size: 4 bs: 0.361566
317 3919 5302 7852 
#module 594 size: 5 bs: 0.507374
431 475 3242 9362 10871 
#module 595 size: 8 bs: 0.677657
902 1773 5555 6625 6674 7929 10239 10968 
#module 596 size: 16 bs: 0.208745
122 268 1204 1739 2149 2412 3383 3763 4552 4645 4969 6383 6600 7351 8112 9019 
#module 597 size: 11 bs: 0.771605
777 898 1034 1665 6565 7185 7796 8657 9044 10613 10727 
#module 598 size: 4 bs: 0.321972
1226 3017 5490 7557 
#module 599 size: 13 bs: 0.188502
656 931 1918 3587 3799 3924 5434 5529 6748 7133 8001 9906 10919 
#module 600 size: 4 bs: 0.686437
2616 3047 3339 8424 
#module 601 size: 50 bs: 0.395863
120 894 1137 1661 1937 2950 2978 3396 3494 3540 3660 3668 3863 3915 3964 4061 4116 4327 4369 4449 4542 4580 4829 4845 4904 5099 5386 5431 6016 6471 6601 6750 6984 7071 7087 7356 7623 8015 8684 8761 8918 9355 9783 9841 10056 10118 10923 11385 12125 12678 
#module 602 size: 6 bs: 0.56512
441 1241 2569 3255 5537 6582 
#module 603 size: 10 bs: 0.460217
875 1657 4477 4546 5292 6610 7904 10215 10981 11267 
#module 604 size: 25 bs: 0.548932
97 1245 1250 1340 2154 2259 2971 3181 3306 3463 3580 4445 4615 4768 5987 6304 6596 7074 8411 8851 9179 9212 9886 10226 10587 
#module 605 size: 22 bs: 0.743256
417 508 1257 1381 1711 1741 2322 3333 3965 3997 4102 4355 5863 6480 6988 8271 8719 9338 9875 10253 10513 11611 
#module 606 size: 24 bs: 0.276228
106 191 359 1127 1332 1336 1686 2538 3074 3385 4140 4192 5411 5744 6257 6672 7286 8843 9011 9039 9752 9984 10120 10347 
#module 607 size: 23 bs: 0.68428
64 1053 1381 1572 1733 1847 2627 2908 3399 3494 4543 5306 5910 6734 7972 8513 8878 8887 9579 10577 10891 11962 12977 
#module 608 size: 29 bs: 0.798279
150 432 589 783 2700 3259 3449 3968 3984 4442 4461 5363 5405 5582 5967 6090 6509 7047 7218 7380 8179 8286 8381 8696 8856 9239 9720 10196 10517 
#module 609 size: 13 bs: 0.638323
1257 2860 3746 4280 4757 5802 7036 7582 8685 8757 9620 9773 9777 
#module 610 size: 21 bs: 0.762207
144 630 1454 1498 1818 2756 2908 3864 4204 4874 5224 5376 6039 6351 7931 8041 8134 8770 9565 10210 10649 
#module 611 size: 18 bs: 0.908912
559 1214 1375 1619 3324 3509 5445 5910 6219 6669 7016 7063 7333 7877 8737 8887 8958 10565 
#module 612 size: 24 bs: 0.28034
495 1852 2759 2918 3336 4003 4256 4775 5217 5240 5746 6390 6401 6630 7119 7175 7855 8121 8164 9125 9288 9601 10034 10718 
#module 613 size: 6 bs: 0.897241
3524 4233 4357 4760 6752 7775 
#module 614 size: 16 bs: 0.811772
368 1538 2051 3888 3990 5372 5562 5953 6562 7004 7151 7500 7616 8274 9266 9333 
#module 615 size: 3 bs: 0.447127
1422 3624 9357 
#module 616 size: 14 bs: 0.68491
137 1303 1740 2942 3467 3497 3940 4006 4522 6441 6863 7242 10236 11134 
#module 617 size: 18 bs: 0.671618
302 617 640 911 933 2344 2916 3699 4622 5695 5883 6441 8187 8537 10123 10335 11102 11211 
#module 618 size: 22 bs: 0.544107
325 699 878 1231 1381 2551 3333 3473 3479 4000 4638 4810 5046 5647 5655 5808 6484 7133 10007 10108 10337 11216 
#module 619 size: 7 bs: 0.68587
2144 2339 4088 4559 7581 9466 10963 
#module 620 size: 7 bs: 0.479937
328 507 3971 4300 4521 4678 7342 
#module 621 size: 11 bs: 0.495492
1480 1644 2110 3122 4057 6299 6457 8720 8892 9977 10210 
#module 622 size: 15 bs: 0.652133
1374 3381 3606 4024 4035 6516 6768 8006 8077 8408 9020 9096 10319 10640 11473 
#module 623 size: 7 bs: 0.318847
702 1613 3428 4411 5904 8908 10325 
#module 624 size: 22 bs: 0.524363
341 835 1347 1597 2038 3540 4350 4503 4691 5055 5498 5890 6505 6755 6918 6944 7083 7114 7478 8266 9288 9688 
#module 625 size: 11 bs: 0.632776
527 814 2655 3196 3781 7555 10007 10091 10873 10950 11400 
#module 626 size: 7 bs: 0.291891
1041 3097 4019 4373 6797 10408 10751 
#module 627 size: 14 bs: 0.603598
1754 3636 4151 4255 5042 5541 5917 6863 6880 7083 7259 7289 8287 10188 
#module 628 size: 55 bs: 0.56906
343 366 783 847 1318 1428 2304 2574 2753 2990 3032 3449 3531 4023 4384 4842 5045 5074 5085 5139 5183 5323 5408 5630 5708 5803 6064 6448 6472 6641 6909 6953 6967 7130 7131 7181 7353 7547 7963 7968 8176 8213 8329 8333 8368 8991 9268 9742 10277 10284 10369 10755 10758 10819 12605 
#module 629 size: 16 bs: 0.710514
278 722 2451 3100 4224 4443 4995 5806 6173 6540 6779 6787 8639 9531 9845 10012 
#module 630 size: 27 bs: 0.57435
37 274 1045 1309 1567 1850 2346 2500 2651 3768 4252 4534 5112 5334 5763 5970 6037 6067 6268 6661 8285 8310 8456 8768 9544 9717 10644 
#module 631 size: 24 bs: 1.06787
644 1315 1709 3118 4587 4774 5380 5419 5453 5701 5950 6965 7056 7326 7489 7882 8103 8340 8420 9073 9416 9475 9501 10858 
#module 632 size: 122 bs: 0.783658
1 57 158 163 214 371 468 488 513 554 563 831 954 1029 1543 1751 1849 1850 1871 1958 1992 2069 2165 2330 2346 2420 2436 2489 2629 2709 2721 2732 2941 3067 3078 3091 3101 3106 3205 3276 3297 3331 3407 3460 3499 3525 3597 3673 3802 3994 4076 4257 4264 4369 4380 4559 4788 4806 4946 5010 5060 5206 5259 5318 5470 5552 5559 5571 5638 5681 5882 5892 5893 6081 6091 6176 6301 6352 6382 6536 6601 6619 6715 6806 6823 6903 7028 7109 7149 7230 7327 7343 7368 7399 7505 7556 7579 7606 7649 7706 7810 7850 7873 7895 8042 8562 8684 8701 8791 8918 9139 9587 9661 9784 9888 10610 10650 10658 10859 10927 10995 11980 
#module 633 size: 6 bs: 0.137207
2502 2569 3391 3811 4937 6742 
#module 634 size: 107 bs: 0.383807
108 110 569 588 717 852 973 1178 1300 1593 1818 1846 1935 2018 2040 2171 2486 2518 2535 2587 2712 2923 3008 3045 3207 3216 3230 3237 3265 3274 3424 3511 3537 3554 3595 3755 3894 3906 3920 4319 4335 4689 5022 5035 5185 5226 5231 5237 5394 5439 5563 5774 5775 5821 5932 6086 6112 6507 6529 6649 6694 6906 6996 7075 7098 7100 7107 7135 7200 7346 7380 7576 7766 7957 7994 8061 8138 8161 8190 8263 8292 8352 8366 8541 8866 8890 8929 9216 9418 9513 9588 9656 9677 9793 9926 10098 10153 10299 10534 10659 10739 10777 10852 10932 11107 12624 12792 
#module 635 size: 89 bs: 0.304617
12 34 40 690 858 1022 1409 1430 1481 1495 1695 1913 2132 2164 2184 2235 2278 2378 2404 2465 2528 2537 2609 2851 2897 3022 3203 3319 3351 3417 3609 3728 3766 3878 3909 4005 4728 4855 4909 5001 5074 5142 5249 5287 5454 5503 5575 5577 5986 6013 6128 6149 6188 6566 6717 6725 6748 7087 7411 7413 7571 7828 8208 8272 8346 8410 8447 8588 8636 8741 8853 9019 9348 9397 9442 9490 9679 9682 9694 9708 9741 9791 9792 9850 10018 10166 10374 10406 10869 
#module 636 size: 19 bs: 0.268523
839 1299 2242 2450 2916 3068 4138 4141 4290 4526 4633 5705 6023 6123 7954 8364 9761 9958 10318 
#module 637 size: 9 bs: 0.794196
1796 2491 3400 6329 7003 7309 7738 7923 8261 
#module 638 size: 10 bs: 0.238825
7 2583 3642 3930 4956 8559 9518 10122 10225 11072 
#module 639 size: 18 bs: 1.04487
74 357 581 834 892 948 1723 2985 4525 5040 5588 6451 6872 7982 8009 9317 9637 13019 
#module 640 size: 8 bs: 0.335301
531 652 1100 2704 3613 5787 6628 11451 
#module 641 size: 7 bs: 0.780167
2733 4088 4374 6309 6368 6979 8028 
#module 642 size: 15 bs: 0.467373
238 2756 2908 2950 4302 4360 5763 5881 6878 7000 7971 8575 8841 9880 10885 
#module 643 size: 3 bs: 0.138502
3050 3923 5360 
#module 644 size: 19 bs: 0.907973
142 171 1843 2931 3688 3695 3799 4815 4957 5078 6326 6615 7727 8241 8871 10512 10557 10672 11015 
#module 645 size: 14 bs: 0.963316
999 2015 2428 2674 3946 4301 5174 5274 5361 5398 7039 7310 7367 10175 
#module 646 size: 6 bs: 0.8198
572 1315 5499 7836 9225 10761 
#module 647 size: 71 bs: 0.108856
352 525 564 707 818 857 980 1109 1129 1142 1214 1682 1706 1739 2862 3043 3396 3480 3595 3606 3625 3742 3767 3899 4159 4316 4869 4938 4993 5004 5026 5112 5281 5375 5752 6143 6507 6936 7044 7055 7170 7337 7373 7515 7622 7981 8025 8061 8114 8307 8412 8791 8803 9278 9339 9817 9848 10388 10409 10420 10639 10862 10881 10894 11008 11093 11243 11270 11491 12584 12949 
#module 648 size: 19 bs: 0.19706
29 323 1381 2484 3365 4481 5033 5267 5375 5425 6122 6328 6626 7170 7572 8364 10022 10826 12575 
#module 649 size: 61 bs: 0.357831
52 202 323 638 642 1035 1059 1182 1472 1567 1786 2064 2460 2484 2492 2503 2545 2706 2864 2983 3032 3187 3303 3342 3451 3606 3773 3917 4032 4142 4194 4247 4693 4699 4867 4891 5352 5865 5901 6390 6416 6449 6462 6621 6736 6806 6908 8101 8105 8124 8645 8736 8810 9658 9766 9808 10319 10359 10527 10612 10679 
#module 650 size: 69 bs: 0.797189
120 210 539 559 897 1291 1376 1554 1608 1620 1741 1759 2040 2055 2092 2129 2155 2447 2709 2713 2836 2913 3448 3603 3841 3873 4208 4429 4655 5165 5622 5727 5756 5830 5891 5899 6364 6430 6471 6751 6899 6936 7096 7112 7444 7875 7897 7911 7960 8059 8265 8736 8808 8903 8915 8945 9040 9401 9408 10135 10238 10469 10547 10601 10698 10812 11136 11601 12586 
#module 651 size: 31 bs: 1.02796
66 210 1152 1311 1396 1804 2328 2463 2496 3372 3926 4020 4764 5112 5231 5601 6519 7266 7299 7849 7893 8251 8501 9464 9632 9665 9936 10523 10832 11141 11614 
#module 652 size: 19 bs: 0.474174
1417 2289 2329 2693 3286 3747 4910 5268 5852 6846 7194 7196 7506 7627 7818 8099 9181 9531 11145 
#module 653 size: 17 bs: 0.595805
1498 1544 2054 3062 3681 3939 4097 4761 6102 6464 6473 6636 6747 7261 7875 9949 10711 
#module 654 size: 29 bs: 0.580428
488 1088 1366 1946 2040 2978 3202 3449 3767 3802 3842 4356 4401 4481 5308 5542 5552 6528 7119 8042 8114 8150 8407 8602 8724 8791 10455 10650 10966 
#module 655 size: 25 bs: 0.308636
350 432 1088 1282 1622 1944 2068 3802 3806 4001 5185 6236 6287 6964 6992 7011 7702 7931 8286 8381 8791 10323 10329 11031 12881 
#module 656 size: 16 bs: 0.782717
182 2519 2707 3089 3231 4472 4916 6275 6309 6857 6914 7324 7451 7892 8247 9456 
#module 657 size: 28 bs: 0.528493
303 887 1031 1049 1554 1620 1634 1798 2912 2979 3061 3198 3597 3647 3869 5278 5415 5683 5865 5958 6143 6795 6950 7516 7713 9208 10736 10804 
#module 658 size: 13 bs: 0.647775
276 1182 1843 4227 5158 5901 5936 7254 9020 9460 10275 10916 12679 
#module 659 size: 93 bs: 1.00642
6 272 300 446 539 669 1218 1290 1309 1363 1381 1383 1394 1651 1807 1831 1857 1867 2040 2160 2287 2488 2552 3458 3535 3569 3590 3890 3972 4383 4384 4385 4428 4544 4761 4834 4861 4940 5129 5181 5231 5265 5283 5284 5606 5660 5910 6134 6283 6345 6538 6597 6641 6699 6867 6903 6904 7072 7096 7112 7122 7196 7321 7347 7609 7849 7867 7873 7875 8059 8095 8131 8233 8265 8294 8347 8513 8890 8915 9040 9192 9353 9355 9436 9614 9735 9956 10079 10104 10238 10701 11004 11495 
#module 660 size: 46 bs: 0.724685
20 210 216 300 921 924 1302 1554 1572 1608 1933 2040 2209 2280 2531 2703 2913 3071 3195 3532 4709 5182 5385 5736 5959 6017 6087 6116 6123 6144 6736 6904 7271 8256 8265 8703 8766 8856 8977 10082 10527 10728 10747 10832 10888 11593 
#module 661 size: 79 bs: 0.738845
155 157 197 300 558 873 970 1035 1109 1130 1218 1234 1289 1692 2068 2218 2293 2911 2913 2921 3032 3055 3265 3290 3342 3449 3536 4073 4274 4458 4594 4626 4675 4819 5078 5112 5142 5151 5415 5835 6008 6030 6078 6471 6481 6609 6806 6829 7053 7070 7170 7422 7507 7746 7783 7839 7854 7987 8105 8221 8292 8329 8407 8719 8724 8880 9318 9379 9658 9666 9723 9860 10134 10324 10474 10500 11419 11463 12624 
#module 662 size: 20 bs: 0.125092
99 230 579 1001 1098 1441 1451 1973 2553 3572 5034 5050 5236 6031 8044 8104 8270 8617 10317 10403 
#module 663 size: 7 bs: 0.312409
625 3026 5972 6201 7379 11095 12609 
#module 664 size: 15 bs: 0.847919
1447 1938 3312 3652 4231 4245 5561 5614 5641 6265 7089 7313 7469 8630 11694 
#module 665 size: 25 bs: 0.340491
672 907 988 1095 1479 1558 1765 1944 2620 4047 4172 5279 5816 6041 6206 6658 7021 7128 7226 7454 8468 10164 10682 10753 12889 
#module 666 size: 24 bs: 0.349192
1003 1237 1253 2720 3007 3084 3298 3584 3607 3819 4459 4643 4805 5864 5968 5998 6164 6193 6314 8895 9088 9605 9812 11602 
#module 667 size: 24 bs: 0.943071
629 649 972 1612 2075 3087 3185 4606 4801 4809 5019 5083 5511 5973 6828 7290 7409 8158 9098 9110 9289 9485 11540 11701 
#module 668 size: 6 bs: 0.272046
2150 2680 3422 4785 5327 9663 
#module 669 size: 6 bs: 0.655213
3819 6372 7634 8787 9359 9572 
#module 670 size: 17 bs: 0.815866
600 1231 1750 2162 2243 3083 4880 5615 5724 5832 7000 7054 7446 8159 8840 10293 10367 
#module 671 size: 268 bs: 0.531128
39 53 65 273 313 385 461 658 668 675 687 823 843 913 1013 1017 1022 1057 1163 1190 1198 1242 1269 1272 1276 1306 1313 1320 1389 1475 1506 1508 1537 1546 1688 1735 1755 1803 1830 1908 1957 1968 2022 2039 2071 2081 2100 2133 2202 2275 2300 2307 2332 2362 2467 2514 2562 2611 2664 2727 2766 2786 2812 2845 2850 2858 2881 2892 2909 2935 3105 3111 3127 3222 3257 3289 3403 3404 3405 3413 3493 3530 3539 3568 3588 3600 3683 3702 3732 3741 3752 3792 3875 3901 3970 3979 4005 4008 4011 4017 4068 4125 4174 4175 4303 4311 4323 4344 4375 4421 4501 4679 4687 4704 4749 4917 4958 4970 4975 5057 5097 5115 5125 5136 5145 5153 5184 5229 5246 5257 5297 5569 5589 5605 5609 5684 5685 5773 5851 5925 5934 6100 6118 6263 6284 6494 6514 6652 6678 6679 6692 6718 6758 6777 6783 6801 6807 6882 6919 6980 7023 7066 7176 7187 7191 7223 7241 7255 7284 7330 7483 7498 7562 7570 7584 7605 7608 7651 7660 7781 7817 7831 7928 8072 8085 8149 8157 8191 8212 8309 8453 8473 8475 8524 8531 8536 8566 8568 8593 8749 8789 8823 8875 8930 8972 9025 9107 9174 9185 9218 9222 9245 9250 9269 9334 9360 9371 9413 9454 9578 9583 9586 9657 9660 9694 9771 9778 9843 9855 9878 9891 9946 9992 9998 10047 10068 10075 10111 10156 10169 10172 10379 10389 10416 10436 10441 10493 10582 10611 10738 10807 10814 10850 10962 10965 10969 11005 11023 11138 11139 11146 11231 11395 11429 11513 12618 12896 13062 
#module 672 size: 11 bs: 0.776504
1516 2088 3223 3884 5012 5718 6385 7091 9526 10087 10174 
#module 673 size: 12 bs: 0.215987
596 1112 1927 2855 3886 4039 4164 4955 5198 10980 11158 11436 
#module 674 size: 13 bs: 0.716536
618 880 1876 2434 3304 4340 5721 6620 7658 7825 9680 10574 10716 
#module 675 size: 16 bs: 0.185842
1144 1167 1502 1522 1523 2274 2504 4033 4528 4568 6741 7791 7952 8470 9790 9966 
#module 676 size: 26 bs: 0.706322
989 1491 1576 2057 2739 3575 4099 4190 5144 5658 5781 6001 6874 7298 7770 8091 8193 8405 8624 9036 9290 9902 10113 10184 10618 10787 
#module 677 size: 14 bs: 0.323253
364 774 2482 3706 3726 4098 5388 5465 5831 8279 10201 10303 10902 11487 
#module 678 size: 21 bs: 0.263085
574 983 1103 1235 1305 1648 1863 2815 3547 3853 4588 4612 4780 4939 5761 6443 6707 6852 6876 9939 11551 
#module 679 size: 13 bs: 1.00475
2590 2937 6203 6274 6424 7251 7504 8416 8641 9326 9743 10220 10266 
#module 680 size: 21 bs: 0.253004
41 49 93 1110 1328 1477 1793 1812 4154 4537 5549 6207 6486 7386 8230 8240 8765 9515 10010 10584 11445 
#module 681 size: 12 bs: 0.243569
260 1002 1149 1294 2286 5334 6582 7078 10108 10399 10617 12626 
#module 682 size: 15 bs: 0.737682
819 1335 1583 1713 1992 3024 3106 4354 5101 6861 6945 7210 8061 9990 11338 
#module 683 size: 18 bs: 0.560149
152 1437 1444 2099 3248 3254 3368 3456 3963 5574 5824 6648 6656 7001 7615 8489 8734 11788 
#module 684 size: 12 bs: 0.855133
222 263 870 1669 4722 4786 5155 6809 8990 10080 10473 11006 
#module 685 size: 12 bs: 0.25969
1868 2466 3604 3786 4372 5089 5707 6769 7482 7496 8948 10533 
#module 686 size: 25 bs: 0.319186
176 550 1321 1333 1627 1926 1929 2426 2583 4218 4366 4524 5922 6020 6083 6158 6542 6884 8127 8288 9238 10356 10933 10952 12790 
