#module 0 size: 3 bs: 0.0107209
256 4171 8195 
#module 1 size: 13 bs: 3.15848e-07
1376 1714 2371 2741 3348 3544 3559 4868 5962 7559 8195 8440 11011 
#module 2 size: 8 bs: 1.74151e-06
302 364 1707 4926 7327 9813 11556 12475 
#module 3 size: 7 bs: 8.34344e-101
2819 6316 7792 7793 7996 8812 9048 
#module 4 size: 2 bs: 1.47641e-09
8967 11206 
#module 5 size: 4 bs: 3.32732e-11
100 8601 9871 10249 
#module 6 size: 5 bs: 0.000401198
428 451 1226 4676 4766 
#module 7 size: 6 bs: 6.63026e-101
2457 2643 7557 7775 7776 11196 
#module 8 size: 6 bs: 6.47761e-102
4158 6848 7235 9548 11372 11639 
#module 9 size: 28 bs: 0.0138723
885 959 1021 1155 1656 2097 2650 3308 3340 3513 3613 3673 3698 4604 4845 4867 5068 5208 6399 6922 7555 7746 7906 8351 8738 8783 10550 11006 
#module 10 size: 8 bs: 0.00854035
3810 3811 4454 5769 5857 7011 8331 10883 
#module 11 size: 6 bs: 0.0409129
3817 4587 5099 6617 8412 8860 
#module 12 size: 2 bs: 0.0901409
961 4100 
#module 13 size: 2 bs: 0.0685662
4590 4718 
#module 14 size: 2 bs: 0.000305731
8430 8431 
#module 15 size: 3 bs: 0.0062075
2368 2432 3485 
#module 16 size: 2 bs: 0.0189788
3723 3728 
#module 17 size: 3 bs: 0.0880087
2633 3421 3444 
#module 18 size: 2 bs: 5.23803e-13
2138 4862 
#module 19 size: 5 bs: 2.81199e-08
2789 6809 8708 10267 11171 
#module 20 size: 4 bs: 8.10465e-11
635 3373 6464 8051 
#module 21 size: 3 bs: 1.594e-07
528 1205 5581 
#module 22 size: 2 bs: 4.828e-101
6701 6924 
#module 23 size: 3 bs: 1.3937e-101
5811 7758 11513 
#module 24 size: 11 bs: 3.36629e-101
712 827 2415 2958 3424 3908 5918 6098 6621 8934 10007 
#module 25 size: 20 bs: 0.0664219
306 1200 1749 1893 2721 2834 2860 2964 3387 3676 4011 4525 4999 5273 6218 6477 6937 8600 10605 10639 
#module 26 size: 5 bs: 1.10445e-101
759 3021 4778 6723 8396 
#module 27 size: 8 bs: 0.000720419
2134 3507 5017 6617 9073 9544 11114 12447 
#module 28 size: 3 bs: 9.99201e-16
3978 4185 7592 
#module 29 size: 30 bs: 8.96831e-101
10 578 834 1182 1295 1613 2035 2289 2456 2759 2882 3410 4282 4829 5076 5802 6132 6349 7288 7536 7634 8761 9624 9884 9921 9986 10343 10887 12716 12782 
#module 30 size: 11 bs: 6.301e-06
1968 2785 3301 4420 4782 7729 9578 10461 10869 11137 11157 
#module 31 size: 5 bs: 5.05126e-06
4232 4528 5018 8410 9041 
#module 32 size: 7 bs: 1.10041e-05
839 4639 7780 8581 8672 9212 12397 
#module 33 size: 8 bs: 9.15189e-101
1313 2621 2789 4632 7493 8490 9308 9593 
#module 34 size: 6 bs: 4.74476e-101
2628 3686 9243 10007 10695 11193 
#module 35 size: 5 bs: 1.04361e-14
1535 2421 4270 7041 12613 
#module 36 size: 5 bs: 4.3528e-09
3 446 608 5623 9408 
#module 37 size: 7 bs: 0.030391
1135 2888 3946 5895 6090 7855 8805 
#module 38 size: 17 bs: 2.75335e-14
2461 3086 3108 3624 4234 4495 5612 6402 6554 6731 7474 8326 8971 9162 9264 10694 10735 
#module 39 size: 32 bs: 0.0225706
181 467 934 1703 2516 3175 3921 4014 4064 4142 4360 4450 4876 5412 5470 6408 6764 7008 7043 7274 7299 8274 9167 9936 10234 10300 10469 10549 10659 10826 10902 12575 
#module 40 size: 6 bs: 2.13703e-05
2070 2101 4170 6377 7809 12492 
#module 41 size: 20 bs: 6.32866e-06
537 997 1427 1499 3834 4779 6372 7504 7735 8254 8492 9514 10111 10137 10262 10493 10862 10978 11393 11571 
#module 42 size: 12 bs: 0.210224
715 2554 3470 3996 4246 4534 5661 6155 6684 7263 7331 8720 
#module 43 size: 17 bs: 0.409362
1087 2711 2898 3412 4194 4646 4753 5069 5156 5191 5817 6116 6195 6291 6766 10875 11551 
#module 44 size: 15 bs: 0.731315
46 1183 1973 3145 3612 4069 4169 4379 5311 5484 6384 7022 7584 8174 11104 
#module 45 size: 23 bs: 0.32918
602 714 1854 2553 2959 3354 4440 4716 6235 6478 6765 6768 7292 7409 7570 8186 9077 9409 9752 9870 10114 10518 13010 
#module 46 size: 15 bs: 0.93087
453 1997 4007 4280 4917 5617 6434 6736 6952 7015 8815 9182 9702 10333 11233 
#module 47 size: 11 bs: 0.821569
2870 3240 3424 3954 4035 7462 7926 10014 10279 10622 12995 
#module 48 size: 7 bs: 0.611259
859 2938 8311 8785 9138 9871 10405 
#module 49 size: 28 bs: 0.999092
29 207 1208 1946 2983 3763 3891 4035 4072 4512 4826 6254 6255 6376 7215 7524 7525 7922 8278 8596 8910 10512 10631 10791 10894 11126 11382 12095 
#module 50 size: 6 bs: 0.201059
704 3260 6107 6623 7788 12447 
#module 51 size: 3 bs: 0.736522
379 1241 9253 
#module 52 size: 8 bs: 0.811582
186 278 1698 4715 9408 10281 10286 11595 
#module 53 size: 42 bs: 1.03685
106 119 244 474 542 950 1099 1246 1294 1717 4201 4412 4474 4612 4672 4952 4986 5061 5573 5653 5921 6233 6341 6892 7037 7350 7639 8071 8074 8191 9185 9667 9669 10035 10080 10106 10691 10939 10971 11209 11582 12667 
#module 54 size: 7 bs: 0.753631
2955 3186 3841 4920 5428 6514 9262 
#module 55 size: 5 bs: 0.279089
95 1305 2008 2737 3580 
#module 56 size: 12 bs: 0.881056
727 827 2004 2174 2713 3908 6098 6723 7402 8559 10904 12293 
#module 57 size: 12 bs: 0.954523
529 977 3206 3207 4475 5460 5735 5918 6275 7398 8011 9688 
#module 58 size: 14 bs: 0.771677
575 2758 2800 2950 4158 6846 7426 7561 7918 9416 10137 11007 11142 11556 
#module 59 size: 6 bs: 0.937248
127 551 941 6245 7278 10558 
#module 60 size: 13 bs: 0.425944
579 655 1360 1619 2793 3334 7480 7602 8106 8257 8941 9878 10267 
#module 61 size: 8 bs: 0.123556
486 990 4372 5364 5482 7531 8982 10191 
#module 62 size: 13 bs: 0.807728
1293 2802 3408 3964 4090 4685 5051 5684 7870 9341 9344 12088 12790 
#module 63 size: 15 bs: 0.743147
161 232 824 1522 1549 4162 4407 6815 6957 7522 7984 9165 10356 11388 11556 
#module 64 size: 16 bs: 0.68873
1007 1781 1892 2182 2929 3418 5633 5963 6382 7135 7227 7707 8069 8420 8734 10201 
#module 65 size: 46 bs: 0.663189
122 601 976 1014 1042 1094 1489 2148 2455 2472 2693 2970 3326 3371 3512 3555 3747 3856 4071 4248 4283 4287 4571 5252 5402 6022 6154 6424 6671 6694 8340 8452 8622 8737 8774 9247 9413 9588 9784 9957 10264 10629 10757 10931 11571 11878 
#module 66 size: 37 bs: 0.297597
109 548 1052 1169 1197 1227 1344 1662 2598 2652 3370 3442 3475 3563 3788 3800 4303 4630 4774 4775 4923 5057 5489 5538 5559 5783 6198 7199 7203 8190 9441 9695 10663 10868 11158 11571 12505 
#module 67 size: 17 bs: 0.696613
1408 2393 2764 2784 3342 4058 4400 5008 5046 5064 7739 7853 7854 8387 8933 9694 12867 
#module 68 size: 21 bs: 0.779061
1003 1065 1255 1459 1841 3289 4164 4312 5449 5613 5849 6090 6382 6827 6960 7184 7720 7789 7855 8848 10625 
#module 69 size: 7 bs: 0.171379
3737 6077 6567 7465 7627 7659 9479 
#module 70 size: 39 bs: 0.63472
32 1433 1572 1846 3095 3262 3827 3837 3857 3949 4168 4172 4693 5221 5420 5441 5504 5604 5694 5702 6082 6144 6166 6659 6692 6944 7057 7453 7773 8079 9175 9375 9389 9576 9594 9876 9942 9981 10223 
#module 71 size: 71 bs: 0.547618
36 131 375 774 865 1276 1513 1647 1664 1785 1879 1926 2122 2766 2825 2915 2927 3219 3280 3351 3395 3603 3648 4584 4651 4713 4719 4746 4915 4978 5107 5110 5348 5350 5397 5422 5425 5591 6227 6307 6345 6347 7550 7640 8302 8397 8439 8478 8593 8616 8714 8810 8929 8992 9030 9052 9382 9394 9483 9700 9708 9808 10190 10242 10460 10684 10715 10765 10965 11106 12937 
#module 72 size: 11 bs: 0.22746
124 127 2607 3468 3861 7536 8499 8696 9830 11711 11814 
#module 73 size: 7 bs: 0.771064
3627 3636 5041 5430 6155 6162 8772 
#module 74 size: 5 bs: 0.480273
1648 2421 2941 3771 8892 
#module 75 size: 18 bs: 0.393079
1270 2408 3127 3129 3131 3135 4044 5325 5381 5593 6132 6329 6332 8882 8883 9422 9836 10511 
#module 76 size: 17 bs: 0.829906
782 896 1124 1824 3041 4135 4400 4597 6589 7141 7394 9437 9438 9517 9687 9886 10206 
#module 77 size: 25 bs: 0.554126
812 1139 1494 1496 1859 2222 2778 3257 3356 4002 4993 5337 6497 6566 7784 7837 8078 8245 8346 8424 8704 8724 8770 9718 10779 
#module 78 size: 17 bs: 0.410444
828 1650 1902 2090 2130 2194 3160 4323 5985 6365 6621 8845 8934 9523 11261 11513 11883 
#module 79 size: 16 bs: 1.06297
16 364 400 2128 3415 3952 4293 4926 4958 5852 5918 6957 7772 9215 10202 10525 
#module 80 size: 14 bs: 0.941373
803 1348 2132 2191 2958 3686 5447 5585 5659 5727 7508 8448 10680 11429 
#module 81 size: 8 bs: 0.695613
4549 5867 7554 7892 8857 10447 11482 12514 
#module 82 size: 15 bs: 0.831598
978 2265 2924 4150 4684 6468 6548 6619 7260 7385 7473 8585 10392 11161 12514 
#module 83 size: 28 bs: 0.108509
376 1377 1383 1751 1771 1825 1937 2481 3272 3552 3554 3781 4119 5259 6864 7406 8111 8372 8376 8722 8759 9348 9761 9944 9991 10781 10851 11178 
#module 84 size: 19 bs: 0.188742
1001 1815 1998 3118 5266 6243 6391 7118 7656 7932 9821 10058 10750 10793 10811 11074 11276 11576 12039 
#module 85 size: 12 bs: 0.479081
1505 1587 2961 3134 6132 6746 7634 7728 7817 10568 10753 11696 
#module 86 size: 15 bs: 0.152672
211 2101 2835 3459 4084 4370 5708 6983 7440 7551 9002 9145 10604 11142 11152 
#module 87 size: 26 bs: 0.18272
257 413 1661 1975 2023 2483 2630 2793 2822 2851 3958 4682 6130 7216 7533 7556 8158 8442 8668 8678 8744 9079 9120 10504 10800 10874 
#module 88 size: 11 bs: 0.93194
1430 2767 5114 5733 6076 7434 7435 9046 9113 9199 10869 
#module 89 size: 6 bs: 0.601597
1876 2391 2991 2992 6290 11157 
#module 90 size: 8 bs: 0.255395
951 1287 3341 3591 6295 7544 8283 11456 
#module 91 size: 38 bs: 0.263237
355 1206 1654 2100 2106 2144 2574 2855 2951 3057 3088 3114 4137 4236 4400 5343 5765 5908 5925 6226 6361 8054 8214 8299 9275 9361 9512 9658 9662 10845 10982 11092 11118 11121 11554 12514 12635 12672 
#module 92 size: 8 bs: 0.864342
857 5511 6285 9047 9182 9490 10970 11994 
#module 93 size: 10 bs: 0.861574
1347 1458 1679 4965 5280 6773 7634 7728 8476 10519 
#module 94 size: 15 bs: 0.244955
373 541 1893 1959 2721 2834 2860 3585 4377 4401 4588 6344 7607 8084 11245 
#module 95 size: 12 bs: 0.529277
459 773 824 911 2816 4162 4407 4962 8836 9604 9813 10834 
#module 96 size: 31 bs: 0.702625
351 523 572 576 652 653 1175 1544 1966 2480 3157 3193 3365 3389 3839 4005 6014 6172 6344 6694 6745 7114 7131 7638 7839 8142 8316 8374 8398 9288 9696 
#module 97 size: 20 bs: 0.690196
606 1036 1486 1695 1729 2400 3649 3882 4637 4966 5479 5528 7166 7391 8023 8234 8673 9036 9540 12997 
#module 98 size: 35 bs: 0.829942
41 90 160 384 436 729 1440 1762 1901 2071 2123 2780 2797 3033 3036 3422 4670 4866 4985 5067 5359 5676 5968 6035 6084 6270 6445 6453 7374 8375 9147 9302 10040 10157 11419 
#module 99 size: 19 bs: 0.631987
260 432 508 2844 3690 4294 4763 5997 6100 6230 6604 6652 6727 6909 8263 8265 8412 8957 12953 
#module 100 size: 20 bs: 0.501531
1347 2061 2872 3853 4805 5673 5783 6217 6348 7253 7728 8466 9552 9682 10103 10174 10582 10830 11042 11411 
#module 101 size: 8 bs: 0.244433
3744 4270 4508 5341 6586 8545 8565 9825 
#module 102 size: 37 bs: 0.785534
107 220 1122 1665 2448 2847 2918 3050 3431 5499 5578 5981 5987 6538 7050 7154 7442 7498 7629 8293 8436 8580 8887 8916 9214 9380 9415 9429 9580 10041 10047 10060 10123 10156 10181 10557 12297 
#module 103 size: 15 bs: 0.615453
1070 1168 2958 3845 4085 7190 7509 7688 7896 9027 9173 9239 10445 10734 11019 
#module 104 size: 62 bs: 0.4391
34 47 316 875 927 976 1410 1464 1515 1909 2074 2111 2547 2551 2614 3054 3366 3575 3621 3640 3688 3851 3909 4448 4523 4599 4708 4806 4891 5139 5496 5700 5721 5964 6197 7167 7230 7363 7429 7552 8073 8693 8711 8748 8792 8828 8949 9016 9350 9391 9489 9516 9851 10124 10324 10463 10484 10693 10915 11124 12582 12881 
#module 105 size: 15 bs: 1.08504
645 1237 1714 1961 2842 3132 4537 4811 6327 7477 8590 8635 9343 9679 10613 
#module 106 size: 27 bs: 0.324665
317 695 1080 2267 2845 4029 4458 4472 4524 5786 6167 6400 6586 6964 7432 7649 7654 8070 8755 8881 9066 9254 9376 9560 10199 10703 11400 
#module 107 size: 24 bs: 0.265086
562 1452 1474 1689 1969 2118 2963 3321 3590 4157 4291 4733 4843 5163 5600 5818 5909 6598 7496 8004 9410 9460 10480 11053 
#module 108 size: 10 bs: 0.737426
482 1023 1213 2430 2638 4940 5764 6528 8031 10709 
#module 109 size: 5 bs: 0.943557
2786 2787 7573 8434 8506 
#module 110 size: 15 bs: 0.58313
2 349 1274 1275 1293 4200 4489 5684 5878 6522 7658 8696 9007 10195 12088 
#module 111 size: 42 bs: 0.989693
131 865 1015 1095 1420 1721 1929 2069 2291 2467 3280 3718 4406 4593 5082 5109 5198 5292 6085 6307 6317 6321 6327 6549 6724 6869 7550 7551 7728 8096 8402 8593 9030 9145 9322 9383 9933 10021 10226 11125 11213 12873 
#module 112 size: 28 bs: 1.07836
510 694 1635 2339 2462 2835 2849 2876 3128 3393 3544 4165 4925 6048 6241 6719 7277 7551 7927 8440 8459 9145 9226 9933 10084 10232 11410 11591 
#module 113 size: 132 bs: 0.519921
142 329 370 604 673 766 833 894 938 995 1077 1174 1247 1296 1395 1508 1748 1792 1805 1866 1935 1988 2165 2699 2700 2716 2781 2852 3164 3169 3203 3210 3277 3405 3417 3436 3452 3457 3461 3488 3679 3683 3716 3807 3900 3906 3935 4018 4059 4106 4160 4254 4342 4355 4358 4359 4473 4509 4606 4642 4678 4683 4889 4918 4964 5019 5091 5159 5197 5349 5501 5537 5539 5698 5757 5846 6118 6127 6525 6535 6563 6667 6720 6790 7113 7142 7211 7303 7313 7314 7389 7534 7623 7697 7814 7815 7864 7930 7934 8046 8171 8386 8401 8571 8624 8683 8730 8790 8803 9072 9136 9159 9294 9459 9468 9807 9820 10652 10679 10730 10907 10956 10995 11111 11147 11155 11424 12162 12591 12642 12889 12905 
#module 114 size: 16 bs: 0.92878
867 1872 2477 3120 3852 4020 4366 4668 4669 5417 6715 8771 8922 9258 10677 10779 
#module 115 size: 16 bs: 1.00265
60 508 1941 2109 4335 5099 5285 6038 6230 6279 6727 9171 10566 10954 11027 12397 
#module 116 size: 38 bs: 0.484165
174 402 547 794 1212 1720 1815 2493 2740 2843 3194 4630 4656 4979 5250 5464 5569 5792 5838 6131 6214 6572 6590 7051 7228 7519 7589 7612 7884 7970 8110 8445 8728 9248 9560 9717 10619 11501 
#module 117 size: 32 bs: 0.176022
317 438 947 1618 2039 2682 2845 3101 3673 4037 4170 4458 4539 4907 5614 5629 5646 5786 6471 6706 6750 7742 8070 8150 8565 8772 9162 10352 10579 10792 10884 11400 
#module 118 size: 4 bs: 0.329989
2027 6724 7210 12678 
#module 119 size: 51 bs: 0.775541
218 816 1127 2251 2262 2284 2354 2376 2779 2798 2900 2945 3079 3767 3960 4047 4341 4464 4654 4752 4963 5180 5186 5209 5210 5217 5279 5595 5677 5685 5808 6059 6078 6308 6594 6628 7083 7506 7794 8003 8279 8322 8443 9101 9211 9863 9951 10825 11243 12510 12712 
#module 120 size: 7 bs: 0.68428
2423 3917 4096 4572 7514 7913 8728 
#module 121 size: 39 bs: 0.39637
204 262 1151 1170 1336 1468 1862 2080 2761 2857 3993 4520 4701 5405 5674 5942 6003 6050 6158 6322 6884 7062 7181 7383 7410 7537 7549 7689 8323 8695 8745 9006 9164 9561 9584 9973 10133 11283 12865 
#module 122 size: 134 bs: 0.972244
43 68 76 94 180 183 216 315 334 352 793 809 853 963 996 1001 1086 1125 1144 1204 1411 1476 1624 1643 1706 1708 1735 1918 2001 2157 2184 2272 2292 2389 2559 2649 2753 2783 2866 2934 2957 3129 3139 3247 3369 3474 3502 3589 3647 3708 3732 3782 3792 3805 3824 3902 4054 4143 4316 4334 4371 4400 4477 4487 4577 4847 4873 4935 5040 5132 5141 5154 5229 5277 5281 5365 5662 5734 5806 5824 5829 5836 5919 5937 6141 6415 6694 7360 7377 7427 7480 7591 7624 7705 7797 7799 7857 7888 8016 8285 8435 8442 8463 8579 8615 8781 8901 8947 8978 9009 9082 9144 9272 9360 9367 9524 9589 9651 9660 9985 10067 10107 10310 10404 10506 10522 10751 10779 11243 11262 12549 12586 12648 12670 
#module 123 size: 19 bs: 0.959726
907 1770 3122 3126 3600 3733 3966 4115 4421 5058 5085 5089 5153 5880 7202 8562 9097 9969 11558 
#module 124 size: 30 bs: 0.524258
113 1066 1425 3124 3276 4446 5194 5933 6063 6314 7036 8127 8328 8558 8791 8852 9457 9677 9935 10119 10291 10532 11031 11118 11120 11121 11269 11576 12514 12577 
#module 125 size: 24 bs: 0.408093
361 849 878 2806 3040 3171 3403 3535 3755 3759 4249 4427 5386 5973 6669 7381 7464 8563 10204 10240 10574 11049 11687 11688 
#module 126 size: 14 bs: 0.162063
389 1532 1693 1919 2365 2409 2635 2653 3786 3904 4578 5346 6092 7630 
#module 127 size: 11 bs: 0.199595
767 1030 1612 2610 3742 3989 5073 6297 6883 7565 10908 
#module 128 size: 19 bs: 0.49958
137 611 898 1740 2328 4754 4908 5295 5379 5862 6046 6982 7361 7424 8128 8399 8669 8946 9721 
#module 129 size: 69 bs: 0.322411
191 274 280 360 488 516 687 698 721 1023 1687 1714 1722 1819 2068 2272 2287 2846 2854 2862 2980 3113 3139 3320 3565 3587 3674 3721 3736 3748 3772 4345 4638 4705 4884 4887 5212 5242 5476 5515 6231 6250 6266 6327 6340 6534 6586 7415 7571 7819 8172 8437 8743 8991 9066 9075 9189 9325 9622 9754 10175 10321 10328 10357 10422 10707 10712 11083 11169 
#module 130 size: 42 bs: 0.975675
22 133 166 301 344 426 645 779 1153 1224 1301 1834 1845 2031 2136 2316 2635 2681 3271 3360 3737 3822 4630 5976 6057 6199 6350 6560 6883 7384 7486 8823 8896 9289 9345 9964 10825 10925 11139 11338 11463 11989 
#module 131 size: 10 bs: 0.866471
327 2944 2952 2969 3646 3684 6097 6491 6828 9791 
#module 132 size: 14 bs: 0.463009
528 1908 2180 3463 4558 5003 5876 5997 6231 7635 7672 8541 10929 10957 
#module 133 size: 33 bs: 0.162909
192 473 1428 1569 2145 2294 2579 2682 2922 3961 4080 4176 4233 4958 5283 5663 6268 6835 7298 7337 7561 7838 8417 8527 8968 9440 10218 10371 10454 10654 10881 11710 12214 
#module 134 size: 23 bs: 0.86024
535 911 1149 1254 2730 2984 4293 4535 4712 5054 5319 5568 5633 5709 5766 6459 6834 7200 8305 9165 10356 10672 10822 
#module 135 size: 54 bs: 0.255485
521 708 870 1202 1278 1920 2055 2110 2441 2627 2637 2677 2829 2880 3130 3196 3214 3327 3511 3550 3853 3946 3955 3963 3995 4035 4046 4286 4367 4389 4649 5140 5360 5993 6023 7127 7286 7441 7454 7476 7597 9113 9298 9397 9546 10140 10354 10362 10617 10717 11448 11498 11571 11712 
#module 136 size: 16 bs: 0.748815
152 1019 2470 3578 3662 3869 4468 4893 5959 6025 6344 6900 8475 8923 9414 11635 
#module 137 size: 21 bs: 0.693048
308 1874 2061 2063 2176 2370 2463 3028 3510 3986 3990 4865 5451 5673 6070 8195 9593 10132 10174 10582 12515 
#module 138 size: 18 bs: 1.0601
458 797 1253 2121 2953 2954 4214 5357 5408 5779 6767 7042 7492 8368 8969 10029 10911 11715 
#module 139 size: 40 bs: 0.163634
231 261 804 1105 1277 1302 1928 1955 2095 2640 2768 3107 3137 3239 3342 3477 3715 3854 4217 4814 5046 5131 5753 6601 6971 7304 7472 7615 7739 8075 8562 8671 8736 8813 9442 9475 10098 10510 10741 11733 
#module 140 size: 9 bs: 0.254807
1289 2206 4006 4292 5949 6553 10388 10624 11127 
#module 141 size: 24 bs: 0.944979
225 499 568 1135 2316 2377 2383 2387 2446 2673 3132 3162 3182 3654 3765 3789 4461 4661 5020 5459 7692 8666 9373 13006 
#module 142 size: 47 bs: 0.836097
144 491 497 622 682 900 1309 1436 1519 1712 1743 1850 2414 2697 2739 2749 3426 3661 3768 3821 3876 4304 4942 5111 5199 5508 5656 5877 6330 6616 6777 6969 7954 8425 9421 9510 9598 9703 9734 10274 10404 10592 10914 10972 11379 11514 12670 
#module 143 size: 18 bs: 0.652277
886 1119 2695 2737 3223 3341 3347 3498 4800 6027 6573 6612 7446 8055 10210 10220 11450 11966 
#module 144 size: 27 bs: 0.8615
812 904 1639 1859 1918 2222 3356 4136 4477 4901 6482 6566 6581 6852 7102 7103 7373 7869 8047 8704 8724 9422 9929 10919 10974 11191 12158 
#module 145 size: 69 bs: 0.155456
159 172 188 618 1257 1564 1569 1729 1927 1980 2137 2635 2758 2980 3180 3780 3793 3865 3883 3895 3932 4227 4244 4343 4529 4540 4615 4665 4840 4945 5015 5336 5438 5691 5816 5854 5856 5951 6092 6181 6531 7010 7013 7040 7274 7420 7684 7822 7826 7856 7988 8012 8041 8710 8931 8990 9013 9209 9402 9417 9611 9712 10130 10309 10551 11142 11188 11265 11545 
#module 146 size: 44 bs: 0.273031
64 137 159 953 1039 1103 1316 1567 1686 1981 2060 2103 2461 2508 2635 2956 3108 3464 3828 4495 4762 4824 5185 5429 5477 5862 6336 6344 6370 6443 6451 6534 6731 7006 7736 7834 7938 7989 8654 8802 8971 9045 9202 10209 
#module 147 size: 34 bs: 0.536497
143 209 326 369 499 690 790 1697 2060 2065 2073 2377 2378 2380 2382 2384 2386 2388 2646 2647 3188 3775 4189 4575 4703 4870 4878 6428 7318 7407 8483 8529 10611 11310 
#module 148 size: 37 bs: 0.414224
209 775 1722 1943 2068 2385 2411 2846 3449 3576 3992 4073 4447 4636 4676 4705 5017 5179 6177 6231 6386 6526 7861 8332 8628 8853 9071 9075 9111 9189 9529 10142 10357 10899 10905 10930 11150 
#module 149 size: 24 bs: 0.878849
217 309 918 1345 1745 2435 2710 2971 4365 4575 4731 5174 5445 5780 6142 7189 7745 7902 8389 8528 8690 9596 10778 11395 
#module 150 size: 18 bs: 0.371653
1483 1513 1634 2778 2888 2967 2998 4333 4341 4522 4807 4914 4959 6335 6511 9113 10825 10882 
#module 151 size: 47 bs: 0.403053
101 862 1539 1932 2024 2058 2169 2192 2209 2215 2406 2796 3017 3385 3386 3397 3734 3847 3855 4622 4631 4686 4971 5211 5367 5586 5740 6286 6293 6300 6550 7072 7316 7832 8394 8623 8891 9091 9123 9390 9790 9840 9904 10228 11143 11165 11572 
#module 152 size: 12 bs: 1.01435
1147 1865 2791 3739 4101 5117 6304 7741 8154 8680 11614 13006 
#module 153 size: 5 bs: 0.432084
1915 2114 6150 6153 9644 
#module 154 size: 24 bs: 0.233648
111 880 1280 1640 2907 3252 3297 3418 3629 3816 4213 4430 5459 6985 7335 8608 8716 8872 9208 9422 9795 10235 12559 12855 
#module 155 size: 53 bs: 0.508582
205 532 925 1968 2130 2133 2960 3166 3493 4200 4339 4340 4505 4782 4860 4920 5461 5684 5875 6100 6261 6522 7255 7289 8453 8531 8536 8556 8656 8873 8893 9034 9255 9290 9816 10413 10829 10869 11037 11058 11070 11084 11117 11137 11157 11279 11436 11451 12302 12397 12602 12969 13004 
#module 156 size: 11 bs: 0.357575
326 2147 2312 2380 3203 5512 6005 7318 8199 8987 10019 
#module 157 size: 48 bs: 0.704209
452 637 686 972 1023 1734 2270 2404 2568 2615 2645 2879 3096 3146 3303 3478 3530 3533 3637 4077 4163 4618 4958 5020 5086 5386 5415 5566 5845 6004 6046 6504 6731 6797 7194 7608 8101 8407 8562 9363 9368 9591 10158 10198 10292 10835 11541 12891 
#module 158 size: 21 bs: 0.427288
2352 2387 2858 3148 3149 3818 5017 5345 5695 6093 6100 6230 6231 6688 8224 8330 8956 9960 10869 11048 12602 
#module 159 size: 50 bs: 0.653914
35 210 1358 1555 1591 1597 1768 1885 1891 2682 2718 3212 3609 3755 3759 3988 4033 4180 4403 4419 4579 4601 4674 5134 5227 5535 5576 5712 5737 5856 5862 5879 5984 6274 6390 6481 6658 6744 6863 6911 6945 7256 7362 8261 8557 8617 9026 10329 10981 12291 
#module 160 size: 25 bs: 0.265353
252 983 1798 1885 2205 2617 2969 3244 3604 4602 5552 6364 7085 7259 7378 7802 7994 8051 8134 8496 8980 9186 9458 9484 9941 
#module 161 size: 10 bs: 1.05976
1008 2436 3472 6018 7564 8200 8645 9447 9906 10733 
#module 162 size: 17 bs: 0.449073
430 1519 1614 1690 1850 2782 3630 5518 5602 5628 7674 7914 7923 8885 8952 9332 9637 
#module 163 size: 47 bs: 0.543175
147 213 442 465 479 596 764 985 1092 1202 1359 1726 1768 1864 2652 2665 3198 3212 3916 3963 3988 4144 4591 4758 5112 5387 5465 5506 5538 6369 6664 6863 6935 7056 7174 7179 7362 7614 8032 8762 8876 9310 9397 9419 9502 9979 11491 
#module 164 size: 13 bs: 0.780074
2735 2788 3569 7491 8228 9246 10153 10267 11340 12019 12249 12972 13006 
#module 165 size: 19 bs: 0.239828
292 1880 2160 2837 2883 3007 3056 4910 5060 5355 6138 6436 7384 9399 9555 9768 9771 10196 10704 
#module 166 size: 30 bs: 1.03805
377 1351 1632 1996 2090 2186 2187 2190 2191 2195 2213 2216 2219 2838 3796 4969 4991 5034 5492 5666 5707 7188 7358 7545 7743 9270 9378 9835 10134 11029 
#module 167 size: 13 bs: 0.475615
705 3269 3872 4514 5155 5773 7067 7958 8551 9819 10661 10814 12609 
#module 168 size: 53 bs: 0.128351
103 203 397 550 1115 1439 1616 1741 1894 1976 2168 2252 2275 3147 3418 3756 4012 4218 4772 4856 4948 5251 5308 6209 6256 6312 7255 7330 7657 7703 7858 8030 8504 8827 8935 9089 9178 9287 9666 9745 9894 10068 10096 10238 10382 10746 10803 11038 11311 11447 12488 12697 12843 
#module 169 size: 9 bs: 0.106981
345 1993 2101 4469 4641 9998 11308 11355 11719 
#module 170 size: 101 bs: 0.40811
123 190 206 359 537 540 595 692 718 897 1117 1320 1454 1466 1481 1791 1979 2084 2089 2142 2188 2189 2194 2212 2221 2801 2886 2887 3111 3200 3403 3484 3500 3522 3582 3583 3599 3776 3794 3867 3914 4001 4091 4222 4429 4517 4779 5173 5263 5443 5494 5632 5714 5885 5887 6071 6174 6216 6229 6260 6499 6561 6820 6870 6871 7483 7513 7711 7727 7801 7883 7997 8309 8349 8392 8393 8961 9338 10079 10111 10116 10145 10193 10228 10239 10262 10296 10337 10344 10433 10643 11069 11112 11138 11145 11265 11266 11418 11571 12618 12950 
#module 171 size: 28 bs: 0.755622
226 254 1048 1659 2109 2139 2541 3226 3962 4078 5033 6157 6279 6520 6617 6623 6716 6718 7635 8498 8860 9300 10823 10866 10957 12264 12397 12953 
#module 172 size: 121 bs: 0.871781
7 21 28 184 590 762 820 886 986 1098 1187 1219 1378 1554 1576 1577 1599 1816 1827 1840 1907 1924 2083 2240 2242 2321 2433 2506 2525 2676 2783 2910 2923 2936 2937 3116 3224 3231 3490 3524 3656 4092 4126 4172 4174 4435 4443 4459 4480 4735 4815 4849 4949 5036 5047 5070 5084 5168 5232 5308 5331 5339 5396 5486 5510 5526 5643 5752 5754 5836 5877 5907 5952 5958 6007 6114 6212 6338 6416 6507 6639 6673 6782 6918 6967 6968 7233 7289 7439 7481 7494 7683 7818 8016 8049 8051 8125 8324 8472 8494 8555 8606 8788 8789 8855 8883 8947 9009 9211 9545 9587 9873 9924 10094 10213 10250 10402 10515 10673 12382 12756 
#module 173 size: 71 bs: 0.481092
51 121 395 506 507 556 563 811 1060 1072 1102 1285 1297 1407 1524 1896 2019 2023 2063 2193 2253 2370 2599 2616 3312 3332 3333 3918 3936 3958 4053 4070 4432 4682 4704 4780 5400 5450 5451 5453 5478 5647 5863 5995 6106 6205 6433 6442 6474 7169 7264 7346 7595 7644 8139 8158 8277 8487 8744 8820 9495 9547 9570 9743 10472 10800 10885 11445 11660 11664 12595 
#module 174 size: 48 bs: 0.642653
209 374 1552 1956 2066 2067 2311 2317 2367 2371 2373 2375 2378 2379 2386 2387 2418 2444 2635 3204 3205 3290 3441 3838 3913 4609 4868 4879 5017 5826 6092 6133 6359 6906 6913 7563 8135 8749 8808 9723 9891 9912 10108 10662 10891 11353 11446 12663 
