#module 0 size: 4 bs: 7.05669e-07
786 1168 2833 3962 
#module 1 size: 6 bs: 0.0760001
333 2223 2467 3295 6167 6819 
#module 2 size: 4 bs: 0.0345747
242 520 4501 6676 
#module 3 size: 13 bs: 0.0329436
584 2134 2141 2417 2863 2893 3127 5421 5451 5730 6224 6513 6648 
#module 4 size: 3 bs: 2.74158e-07
3157 3630 6828 
#module 5 size: 5 bs: 0.287792
1028 1106 2767 2854 5766 
#module 6 size: 12 bs: 0.560866
1017 1192 3158 3181 3518 3528 3808 4615 5353 5493 5975 6009 
#module 7 size: 4 bs: 0.440681
524 918 4038 4845 
#module 8 size: 8 bs: 0.87945
729 1446 1564 2541 2731 2846 3041 5501 
#module 9 size: 4 bs: 0.859508
3096 3531 4387 5250 
#module 10 size: 6 bs: 1.03848
633 2122 2789 3615 4016 4420 
#module 11 size: 12 bs: 0.441982
169 1963 2041 2584 2790 2927 4558 4966 4987 5496 5644 6772 
#module 12 size: 19 bs: 0.96281
250 912 1409 1791 1946 2527 3100 3267 3366 3648 3831 4352 4816 4963 5116 5379 5799 6191 6300 
#module 13 size: 4 bs: 0.209513
5469 6016 6036 6860 
#module 14 size: 37 bs: 0.520158
262 420 471 796 1465 1478 1500 1614 1681 1818 2111 2194 2248 2515 2700 2712 2763 2937 2942 2988 3029 3099 3799 3872 4033 4536 4744 5176 5214 5273 5476 5888 6179 6242 6363 6848 6857 
#module 15 size: 50 bs: 0.468423
270 453 627 682 1031 1059 1461 1474 1504 1699 2367 2454 2561 2656 2698 2713 2723 2744 2765 2979 3780 3795 3802 3806 3982 4031 4595 4675 4730 4965 5149 5242 5327 5418 5442 5471 5498 5700 5731 5842 5853 5882 6029 6047 6253 6285 6644 6792 6839 6923 
#module 16 size: 30 bs: 0.10613
461 561 1010 1349 1358 2555 2558 2625 2687 2783 2958 3018 3227 3290 3340 3638 3815 4255 4684 4894 5593 5785 5787 5970 6025 6058 6379 6397 6420 6421 
#module 17 size: 33 bs: 0.957169
646 688 848 966 1163 1852 1863 1941 2171 2196 2305 2474 2552 2615 2965 3053 3146 3210 3372 3486 3977 4050 4129 4219 4288 4634 4936 5019 5595 6131 6569 6642 6775 
#module 18 size: 29 bs: 0.41995
7 72 230 400 1099 1439 1713 1725 1768 1994 2313 2323 3160 3350 3454 3606 3843 4189 4551 4803 4846 4927 5525 5704 5792 5846 6006 6115 6562 
#module 19 size: 5 bs: 0.562337
680 1587 3668 5862 6023 
#module 20 size: 31 bs: 0.597418
28 274 398 407 1265 1412 1672 2158 2166 2408 2414 2551 2594 2701 2714 2887 3199 3312 3497 3653 3873 4270 4280 4391 4464 4867 4983 5004 5380 5811 6374 
#module 21 size: 18 bs: 0.706504
535 567 1102 1577 1949 2189 2581 3055 3117 3119 3315 4042 4347 5025 5280 5350 6119 6628 
#module 22 size: 45 bs: 0.898051
28 301 559 603 740 768 1679 1688 1707 2261 2433 2724 2804 3026 3218 3260 3280 3397 3622 3981 4024 4119 4200 4207 4348 4362 4396 4440 4460 4825 4852 5095 5159 5303 5355 5552 5555 6033 6069 6196 6210 6262 6333 6916 6921 
#module 23 size: 23 bs: 0.424234
298 379 647 910 951 2849 2930 3258 3409 3441 3458 3914 3936 4303 4346 4465 5193 5204 5230 5427 5889 6043 6892 
#module 24 size: 27 bs: 0.386069
232 1387 1441 1637 1948 1957 2074 2530 3056 3083 3320 3732 3834 3836 3858 4127 4268 4542 4728 5021 5637 5694 5771 6103 6255 6528 6719 
#module 25 size: 52 bs: 0.149361
47 321 486 1001 1250 1378 1417 1629 1655 1777 2011 2078 2137 2225 2340 2342 2384 2562 2632 2682 2702 3020 3330 3541 3922 3970 4049 4170 4208 4525 4785 4860 4925 5098 5550 5569 5606 5622 5729 5761 5778 5786 5800 5866 5904 6065 6443 6561 6652 6653 6727 6920 
#module 26 size: 24 bs: 0.633455
176 309 409 1227 1455 1532 1656 1733 2707 2847 2897 2935 2976 3797 3877 4158 4684 4737 4855 5864 6384 6707 6762 6896 
#module 27 size: 10 bs: 1.0949
674 1000 1415 2203 2206 2963 3542 5020 6228 6579 
#module 28 size: 61 bs: 0.549859
281 641 808 851 974 1017 1038 1077 1174 1192 1211 1261 1347 1566 1731 1904 1908 1987 2294 2439 2672 2955 2982 3120 3216 3221 3262 3271 3331 3351 3369 3400 3440 3655 3657 3823 3884 4068 4099 4230 4253 4388 4665 4677 4844 4979 4990 5193 5690 5725 5798 5821 5836 5856 5976 6113 6146 6195 6405 6478 6497 
#module 29 size: 24 bs: 0.346804
277 958 1064 1201 1350 1463 1533 1582 1657 1710 1744 2711 2832 3802 3841 5814 5857 5898 5951 6026 6039 6097 6241 6499 
#module 30 size: 56 bs: 1.07239
42 70 237 291 434 505 560 712 849 972 999 1018 1086 1120 1154 1309 1323 1350 1394 1489 1507 1513 1517 1530 1623 1825 2243 2269 2343 2972 2986 3051 3317 3469 3791 3798 4318 4534 4547 4622 4690 4761 5162 5224 5275 5376 5440 5708 5743 5776 5784 5977 6277 6600 6763 6797 
#module 31 size: 11 bs: 0.245103
156 651 852 1082 2201 2478 3850 4635 4726 5735 6031 
#module 32 size: 29 bs: 0.810466
25 39 451 788 863 1127 1233 1405 1578 1792 1806 1907 2072 2217 2461 2845 3003 3238 3448 3459 3597 3789 3976 3994 4228 4667 5150 5192 6034 
#module 33 size: 65 bs: 0.144909
1 4 168 414 430 469 670 814 907 1019 1209 1375 1403 1631 1789 1857 1958 1968 2015 2139 2286 2331 2355 2966 2973 3248 3517 3546 3710 3751 3826 3845 4040 4051 4053 4103 4199 4267 4284 4317 4330 4343 4394 4568 4775 4879 4885 4907 4912 4994 5211 5441 5482 5956 6108 6244 6288 6291 6299 6331 6345 6441 6486 6588 6808 
#module 34 size: 21 bs: 0.86016
638 847 939 1628 2814 2872 2972 3736 4168 4817 5195 5224 5325 5396 5756 5855 6321 6499 6531 6545 6726 
#module 35 size: 99 bs: 0.797825
15 125 194 253 338 388 406 437 494 579 624 816 860 942 984 989 1104 1184 1365 1473 1592 1620 1634 1732 1812 1890 1910 1957 2168 2175 2280 2419 2481 2508 2568 2689 2722 2777 2808 2850 2852 2885 2950 2998 3122 3193 3198 3232 3301 3305 3324 3358 3454 3533 3586 3804 3955 4010 4223 4252 4327 4368 4399 4413 4414 4479 4647 4800 4824 4871 4887 5005 5072 5130 5184 5387 5458 5485 5500 5540 5610 5740 5881 5934 6084 6089 6192 6229 6260 6364 6388 6469 6507 6526 6582 6606 6863 6869 6876 
#module 36 size: 19 bs: 0.200906
872 1621 1701 1920 1959 1970 2375 2938 3472 4081 4384 4485 4790 5360 5448 5874 5939 6092 6725 
#module 37 size: 38 bs: 0.604942
135 235 415 529 817 1406 1814 1911 2149 2174 2521 2550 2575 2746 3085 3370 3476 3789 3885 4400 4410 4478 4481 4484 4820 4908 5052 5103 5267 5343 5397 5647 5650 5703 5716 6504 6576 6724 
#module 38 size: 34 bs: 0.657762
77 142 337 349 502 695 857 938 943 1147 1492 1503 1509 1649 1871 2070 2337 2923 2928 3105 3296 3990 4547 4729 5143 5292 5477 5907 6059 6332 6389 6403 6677 6919 
#module 39 size: 53 bs: 0.102724
6 46 124 167 198 273 285 376 435 482 498 504 545 554 689 779 890 949 1144 1197 1687 1824 1935 2082 2444 2462 2715 2779 2840 3194 3222 3255 3406 3424 3487 3598 3636 4026 4365 4366 4392 4496 4556 5107 5124 5617 5676 5805 5887 5893 6709 6716 6909 
#module 40 size: 62 bs: 0.287531
11 265 611 623 636 805 870 1073 1090 1145 1259 1287 1413 1437 1834 1914 1947 2170 2300 2365 2514 2555 2582 2617 2944 3074 3187 3241 3276 3322 3328 3337 3563 3660 3849 3932 4001 4014 4082 4249 4339 4344 4386 4405 4505 4792 5157 5209 5276 5335 5508 5652 5706 5758 5767 5923 6121 6501 6553 6590 6619 6846 
#module 41 size: 28 bs: 0.977199
207 299 369 904 1206 1348 1508 1538 1992 2233 2788 2948 3130 3427 3478 3492 4326 4907 4973 4997 5011 5067 5077 5374 5563 6171 6461 6464 
#module 42 size: 49 bs: 0.521904
53 80 109 148 223 328 344 775 1342 1376 1498 1502 1544 1735 1762 1811 1966 1991 2090 2095 2208 2479 2495 2688 2697 2997 3043 3192 3585 3812 4045 4313 4803 4847 4864 4884 4974 5472 5488 5490 5614 5844 6061 6175 6376 6554 6560 6567 6570 
#module 43 size: 65 bs: 0.304355
119 122 168 200 310 448 501 723 766 865 1052 1181 1288 1643 1864 1912 1964 1993 2054 2126 2277 2314 2376 2378 2401 2509 2752 2798 2945 3015 3017 3104 3151 3182 3302 3474 3489 3602 3896 3997 3998 4053 4294 4304 4379 4474 4775 4780 4794 4912 5051 5340 5423 5609 5667 5870 5926 6117 6519 6571 6588 6729 6859 6891 6906 
#module 44 size: 51 bs: 0.700368
26 111 305 357 448 766 818 822 895 1052 1236 1244 1250 1369 1542 1643 1659 1668 1793 1864 1964 1968 2040 2078 2376 2621 2812 3302 3487 3980 4059 4142 4370 4434 4474 4785 4840 4862 5071 5090 5215 5334 5391 5400 5926 5983 6013 6065 6308 6571 6613 
#module 45 size: 50 bs: 1.08559
247 376 452 637 873 949 1670 1785 1908 2010 2083 2125 2643 2791 2884 3000 3014 3161 3188 3374 3410 3485 3645 3731 4129 4248 4304 4308 4310 4325 4896 4952 5083 5096 5408 5462 5466 5531 5807 5896 5933 5993 6013 6087 6128 6276 6490 6494 6541 6548 
#module 46 size: 40 bs: 0.154826
188 312 385 462 484 661 706 799 830 1293 2055 2086 2430 2611 2710 2877 2881 2905 3608 3681 3903 4278 4361 4473 4541 4801 4909 4932 5533 5658 5696 5727 6085 6191 6367 6547 6580 6693 6757 6806 
#module 47 size: 77 bs: 0.146299
9 326 338 364 440 509 653 698 726 769 917 955 1083 1292 1555 1720 1780 1787 2007 2046 2106 2135 2235 2267 2357 2386 2404 2424 2560 2566 2580 2865 3048 3072 3139 3150 3202 3332 3362 3463 3520 3596 3711 3912 3975 3993 4182 4277 4345 4651 4762 4772 4839 4996 5043 5127 5141 5218 5336 5386 5562 5672 5775 5808 5910 6122 6230 6256 6273 6390 6442 6454 6583 6586 6639 6756 6851 
#module 48 size: 19 bs: 0.329576
705 744 855 1338 1729 2022 2160 2354 2894 2962 3249 3587 3924 4344 5304 5377 6123 6393 6754 
#module 49 size: 52 bs: 0.819953
104 208 257 403 945 1009 1117 1129 1253 1305 1448 1633 1661 2162 2332 2484 2670 2692 2809 2869 2994 3133 3239 3347 3372 3439 3522 3555 3919 3999 4129 4161 4415 4751 4926 4958 5104 5417 5588 5643 5655 5711 5748 5914 6077 6080 6204 6280 6503 6750 6827 6875 
#module 50 size: 39 bs: 0.281379
37 180 278 322 813 821 892 968 1069 1161 1233 1351 1405 1425 1609 2066 2133 2138 2171 2192 2473 2844 3125 3321 3335 3423 3483 3886 4244 4364 4461 5294 5481 5796 5967 6022 6480 6793 6866 
#module 51 size: 94 bs: 1.00213
2 204 319 366 460 543 602 741 785 801 846 881 967 1074 1151 1246 1283 1301 1381 1393 1474 1670 1848 1878 1942 2033 2178 2246 2272 2306 2367 2489 2574 2607 2653 2656 2717 2740 2947 3134 3189 3243 3264 3316 3348 3395 3415 3527 3601 3609 3665 3848 3866 3891 3963 4116 4169 4269 4328 4353 4428 4443 4476 4581 4660 4730 4874 4875 4881 4952 4965 4989 5060 5070 5073 5081 5100 5286 5298 5416 5449 5491 5655 5788 5810 5971 6010 6276 6424 6436 6515 6544 6641 6852 
#module 52 size: 37 bs: 0.287088
38 177 471 589 692 731 952 1029 1288 1318 1480 1488 2303 2593 2604 2750 2945 3028 3091 3637 3788 5233 5277 5460 5506 5510 5668 6022 6098 6134 6315 6432 6462 6694 6820 6833 6898 
#module 53 size: 47 bs: 0.209631
88 162 260 367 432 481 519 537 740 941 966 1011 1253 1266 1302 1531 1547 1667 1950 2057 2060 2125 2333 2383 2520 2537 2553 2676 2900 4018 4020 4305 4822 4896 4900 4967 4972 5082 5284 5624 5944 6004 6082 6090 6116 6706 6788 
#module 54 size: 75 bs: 1.08176
183 216 283 400 528 583 594 645 770 902 1037 1152 1243 1493 1772 1781 1805 1919 2022 2123 2242 2265 2280 2323 2355 2392 2441 2495 2694 2732 2827 2842 2886 2970 3287 3313 3373 3454 3567 3852 3888 3929 3948 4242 4273 4469 4470 4546 4578 4582 4803 4864 4962 5167 5172 5342 5362 5518 5525 5616 5736 5844 5846 5906 6011 6081 6102 6135 6161 6211 6357 6516 6662 6778 6903 
#module 55 size: 17 bs: 0.341847
113 1153 1200 1438 1689 1738 2431 3345 4019 4321 4367 4504 4588 5168 5719 5726 6922 
#module 56 size: 41 bs: 0.526919
126 163 330 743 991 1092 1095 1228 1263 1434 1495 1640 1790 2311 2381 2474 2579 2588 2699 2882 3065 3075 3088 3488 3907 4234 4662 4733 4740 4748 5037 5265 5359 5364 5369 5554 5897 5908 6075 6630 6785 
#module 57 size: 52 bs: 0.968317
133 143 230 245 308 400 752 887 1232 1457 1627 1630 1700 1760 2057 2077 2190 2362 2421 2773 2810 2820 2895 2956 3290 3350 3454 3629 3908 4305 4430 4579 4684 4694 4738 4808 4846 5077 5264 5295 5410 5785 5787 5929 6058 6232 6246 6270 6562 6592 6605 6638 
#module 58 size: 77 bs: 0.603526
78 87 99 195 316 335 365 642 686 753 783 861 978 983 1289 1307 1402 1404 1416 1436 1548 1549 1736 1757 1942 1961 2009 2043 2049 2216 2298 2370 2387 2468 2482 2525 2570 2647 2690 2839 2890 2912 3035 3346 3416 3431 3480 3524 3664 3777 3784 3851 3937 3952 4005 4363 4427 4720 4797 4815 4906 5057 5180 5354 5738 5839 5964 6021 6083 6120 6148 6225 6479 6518 6603 6621 6915 
#module 59 size: 22 bs: 0.292827
271 384 387 425 514 724 853 1072 2014 2019 2097 2664 2794 3353 3468 3803 4095 4652 4985 6195 6229 6833 
#module 60 size: 12 bs: 0.114174
165 397 1085 2538 3178 3426 4139 4701 5087 6306 6584 6810 
#module 61 size: 68 bs: 0.109388
54 96 118 389 422 516 568 745 809 1026 1094 1262 1346 1449 1527 1664 1916 2179 2325 2437 2503 2590 2618 2712 2770 2781 2851 2868 2949 3024 3038 3154 3156 3640 3647 3801 3854 4057 4265 4562 4606 4659 4988 5029 5207 5239 5244 5289 5290 5495 5507 5543 5572 5592 5789 5842 5873 5918 5969 5973 6001 6058 6137 6239 6617 6803 6826 6905 
#module 62 size: 44 bs: 0.514942
100 417 900 906 960 1066 1097 1333 1525 1681 1752 1767 1940 2084 2207 2328 3137 3800 3810 3964 4036 4093 4204 4497 4628 4677 4717 5287 5426 5529 5564 5602 5633 5649 5687 5721 5791 6404 6447 6481 6578 6643 6683 6809 
#module 63 size: 93 bs: 0.433054
37 244 270 395 421 453 457 683 693 807 864 876 1054 1076 1091 1107 1162 1169 1197 1208 1240 1268 1276 1285 1291 1320 1420 1442 1520 1523 1529 1569 1601 1605 1652 1674 1703 1712 1807 1896 2214 2215 2379 2674 2723 2764 2771 2779 2782 2823 2932 2964 2975 3032 3291 3297 3392 3570 3753 3778 3796 4031 4154 4319 4374 4734 4736 4760 4922 5065 5305 5645 5653 5780 5845 5872 5950 5953 5991 6052 6180 6185 6198 6205 6238 6309 6322 6422 6456 6482 6485 6597 6795 
#module 64 size: 27 bs: 0.611168
34 138 295 476 807 940 1189 1300 1573 1629 1712 1714 2003 2395 2491 2754 2779 3064 3163 3304 3726 4201 4736 4873 5671 5695 6328 
#module 65 size: 106 bs: 0.684319
102 160 256 297 391 402 648 677 701 736 742 804 880 898 956 1007 1036 1230 1258 1423 1612 1660 1665 1759 1930 2000 2127 2309 2352 2446 2477 2554 2556 2569 2578 2623 2628 2669 2792 2830 2968 3060 3140 3177 3327 3354 3356 3362 3421 3500 3515 3534 3656 3743 3824 3846 3869 3941 3942 3943 3988 4008 4013 4085 4102 4109 4275 4323 4333 4334 4351 4450 4468 4577 4592 4795 4798 5086 5131 5299 5326 5337 5345 5413 5424 5429 5584 5713 5752 5786 5938 5958 6203 6383 6415 6434 6445 6450 6502 6556 6575 6703 6744 6751 6816 6871 
#module 66 size: 61 bs: 1.03526
69 79 239 254 422 516 536 587 592 640 659 745 840 1005 1047 1121 1126 1257 1308 1450 1459 1526 1635 1750 1837 1916 2130 2148 2224 2358 2499 2634 2926 3089 3408 3535 3715 3723 3758 3793 3822 4682 4713 5013 5185 5473 5492 5495 5842 5873 5998 6041 6071 6095 6264 6268 6281 6286 6440 6484 6640 
#module 67 size: 44 bs: 0.354345
190 196 406 1022 1206 1473 1497 1820 1948 1957 1992 2074 2284 2481 2749 2852 2998 3056 3130 3692 3694 3732 3836 4127 4268 4336 4446 4574 4824 4854 4973 5113 5171 5637 6103 6178 6260 6320 6461 6525 6528 6606 6784 6854 
#module 68 size: 47 bs: 0.548447
197 206 531 836 995 1271 1307 1334 1748 1801 2035 2073 2157 2346 2392 2446 2500 2780 2799 2819 2857 3106 3431 3782 3813 3816 3851 3915 4015 4092 4162 4243 4438 4783 4806 5202 5212 5222 5502 5693 5751 6066 6269 6303 6602 6604 6740 
#module 69 size: 59 bs: 0.556633
1 22 57 324 343 359 363 430 608 1019 1154 1403 2139 2184 2193 2304 2331 2336 2341 2492 2626 2793 2874 3001 3148 3209 3231 3317 3382 3398 3576 3820 3892 4155 4292 4383 4394 4568 4761 4774 4777 4793 4872 4879 4980 5046 5170 5368 5373 5482 5891 6078 6177 6200 6299 6317 6350 6549 6763 
#module 70 size: 45 bs: 0.197547
123 394 434 617 1323 1339 1345 1350 1392 1398 1489 1517 1530 1616 1731 1800 1825 2313 2397 2402 2860 2941 2982 2986 3098 3781 3805 3953 4175 4561 4993 5160 5169 5234 5312 5338 5440 5630 5715 5977 6094 6144 6318 6534 6629 
#module 71 size: 34 bs: 0.190735
35 49 237 306 423 442 1580 1851 2048 2227 2238 2879 3420 3549 3627 3749 3779 3930 4086 4140 4433 4597 4671 4703 4711 5376 5600 5648 5663 5858 5869 5927 5945 6439 
#module 72 size: 43 bs: 0.489794
75 248 262 453 1030 1034 1060 1327 1452 1486 1743 1829 2108 2111 2706 2707 2753 2765 2943 2988 3155 3229 3752 4087 4356 4402 4683 4704 5080 5297 5470 5710 5816 5888 5973 6047 6057 6100 6282 6319 6609 6732 6848 
#module 73 size: 58 bs: 0.668612
59 290 323 332 447 530 542 598 978 1096 1206 1477 1691 1722 1778 2117 2202 2411 2428 2436 2519 2721 2784 2805 2948 3164 3251 3438 3446 3561 3568 3859 3911 3925 3969 4326 4425 4435 4565 4784 4796 4991 5011 5125 5155 5161 5395 5447 5699 5968 6311 6365 6408 6431 6599 6781 6830 6888 
#module 74 size: 90 bs: 0.870835
47 160 267 321 495 542 557 593 598 691 700 736 898 1036 1096 1183 1295 1378 1423 1561 1607 1612 2042 2092 2200 2398 2488 2519 2530 2531 2562 2569 2628 2632 2784 2864 2948 2968 3173 3356 3446 3500 3534 3620 3656 3769 3824 3846 3859 3869 4079 4085 4184 4326 4351 4639 5012 5034 5133 5188 5299 5326 5345 5429 5437 5556 5569 5699 5713 5771 5786 5830 5866 5938 5952 6060 6070 6214 6330 6407 6408 6434 6495 6502 6703 6781 6816 6830 6843 6910 
#module 75 size: 80 bs: 0.804645
168 353 486 496 811 877 889 1001 1170 1378 1408 1479 1571 1629 1867 1893 1926 1958 2161 2165 2181 2191 2327 2409 2422 2632 2662 2681 2729 2866 2925 2936 2957 3071 3678 3751 4049 4088 4089 4137 4149 4208 4312 4359 4408 4434 4543 4686 4768 4798 4907 4930 4946 5107 5175 5178 5314 5339 5486 5638 5707 5753 5761 5834 5931 5957 6003 6088 6213 6261 6267 6441 6443 6471 6482 6545 6632 6799 6917 6918 
#module 76 size: 93 bs: 0.49564
10 74 80 123 172 351 394 418 492 730 792 825 911 919 932 1024 1032 1035 1084 1187 1199 1215 1392 1422 1466 1468 1731 1753 1797 1843 1971 1983 2065 2249 2400 2660 2762 2796 2811 2816 2920 2941 2952 2996 2997 3025 3042 3043 3098 3245 3371 3430 3466 3512 3708 3719 3953 4041 4100 4445 4569 4632 4688 4699 4716 4969 5118 5148 5160 5220 5234 5270 5430 5590 5614 5630 5651 5698 5724 5739 5763 5844 5974 6249 6304 6334 6366 6417 6430 6699 6712 6762 6912 
#module 77 size: 59 bs: 0.322122
4 42 45 405 452 466 522 556 590 608 616 666 735 750 948 1154 1278 1395 1430 1613 1773 1989 2062 2096 2120 2293 2301 2331 2355 2423 2447 2598 2608 2620 3209 3507 3539 3600 3743 3875 3916 3983 4017 4258 4267 4332 4508 4984 5033 5189 5385 5457 5515 5568 5876 6105 6517 6627 6651 
#module 78 size: 81 bs: 0.853911
211 336 561 572 628 681 719 764 797 854 1188 1217 1234 1245 1278 1310 1396 1418 1464 1541 1590 1599 1636 1648 1783 1796 1833 1888 1899 1927 1928 2068 2120 2349 2350 2353 2493 2565 2613 2889 3113 3201 3377 3445 3461 3573 3580 3614 3727 3743 3750 4138 4180 4198 4222 4241 4314 4549 4583 4722 4802 4829 4992 5018 5094 5109 5318 5358 5382 5459 5503 5548 5875 5903 5911 6133 6380 6558 6700 6739 6811 
#module 79 size: 129 bs: 1.08645
91 98 115 136 146 184 243 258 335 347 352 370 373 410 439 601 641 679 791 829 851 944 948 1012 1133 1211 1252 1261 1278 1294 1306 1366 1388 1460 1575 1653 1669 1698 1711 1784 1786 1898 2012 2025 2062 2172 2187 2209 2268 2295 2296 2330 2393 2418 2496 2506 2524 2544 2592 2606 2620 2783 2955 2982 3004 3021 3077 3120 3168 3211 3221 3282 3365 3368 3369 3403 3507 3511 3553 3564 3574 3650 3739 3742 3884 3938 3946 4104 4126 4331 4371 4397 4419 4448 4449 4490 4545 4589 4750 4809 4878 4904 4961 4986 5014 5057 5084 5136 5366 5483 5515 5555 5642 5677 5684 5827 5836 5985 6158 6210 6339 6523 6529 6625 6671 6696 6701 6705 6861 
#module 80 size: 67 bs: 0.141686
48 86 523 583 656 1037 1243 1270 1581 1610 1624 1723 1869 1919 1980 1981 2024 2131 2334 2347 2355 2565 2739 3198 3268 3275 3285 3288 3329 3413 3498 3649 3680 3684 3711 4277 4291 4389 4401 4452 4826 4853 4939 4976 5015 5101 5199 5411 5456 5540 5586 5723 5736 5772 5990 6135 6165 6170 6310 6413 6601 6739 6741 6776 6778 6807 6829 
#module 81 size: 44 bs: 0.464688
145 276 479 625 729 767 1159 1282 1298 1427 1428 1501 1564 1679 1895 1903 1936 2145 2360 2533 2589 2841 2954 3218 3261 3352 3491 3622 3672 3984 4261 4279 4440 4451 4460 4608 4970 5446 5552 5797 6129 6622 6668 6791 
#module 82 size: 176 bs: 0.5754
66 110 129 137 144 161 201 210 226 233 313 378 416 515 527 533 538 576 585 590 618 667 688 697 716 790 871 878 913 952 962 975 988 992 1021 1129 1138 1190 1244 1247 1353 1364 1453 1514 1585 1642 1668 1694 1702 1771 1870 1875 1876 1877 1917 1923 2028 2099 2188 2254 2274 2288 2321 2385 2498 2510 2513 2517 2526 2573 2576 2595 2602 2619 2651 2668 2677 2704 2742 2757 2880 2908 2990 3008 3016 3030 3086 3091 3114 3146 3190 3235 3270 3360 3361 3402 3418 3440 3499 3502 3530 3591 3617 3633 3644 3687 3754 3910 3917 4037 4077 4114 4216 4221 4224 4306 4324 4379 4509 4604 4614 4625 4679 4739 4787 4861 4900 4918 4951 4953 5010 5037 5045 5066 5076 5179 5187 5206 5231 5254 5288 5306 5364 5372 5468 5594 5632 5686 5825 5840 5917 5921 5928 5978 5982 6000 6004 6027 6050 6114 6160 6173 6258 6392 6427 6467 6527 6659 6673 6694 6710 6728 6755 6790 6802 6856 
#module 83 size: 82 bs: 0.499733
32 155 240 382 393 604 622 643 657 673 718 777 839 896 966 1013 1137 1195 1225 1239 1241 1372 1400 1608 1874 1909 1934 1938 2018 2114 2324 2414 2455 2457 2464 2490 2676 2760 2766 2815 2871 3224 3263 3299 3355 3496 3501 3514 3516 3540 3582 3639 4282 4316 4322 4390 4483 4491 4575 4788 4821 4843 4924 5106 5266 5450 5513 5552 5595 5795 6162 6201 6231 6391 6463 6511 6595 6642 6664 6695 6760 6780 
#module 84 size: 54 bs: 0.131022
53 148 151 193 336 681 854 1278 1483 1548 1646 1762 1795 1892 1925 2120 2322 2370 2475 2624 2695 2912 2913 2953 3035 3062 3090 3412 3480 3556 3566 3785 3812 3898 4121 4314 4564 4619 4630 4786 4803 4890 4895 4898 5144 5226 5357 5358 5503 5774 6206 6419 6500 6836 
#module 85 size: 54 bs: 0.571461
3 153 198 246 447 504 581 902 971 1295 1391 1588 1705 1722 1779 2002 2093 2117 2275 2525 2862 2933 2998 3141 3253 3313 3393 3456 3527 3568 3588 3730 4208 4298 4535 4784 4943 4975 5069 5161 5201 5229 5793 5880 5913 6005 6260 6279 6292 6409 6669 6678 6680 6759 
#module 86 size: 66 bs: 0.976353
112 282 327 562 614 781 851 1038 1103 1109 1148 1223 1272 1516 1630 1682 1746 2044 2183 2339 2460 2542 2627 2824 3024 3196 3290 3537 3613 3629 3747 3767 3818 3867 3960 4192 4230 4403 4413 4554 4599 4627 4650 4706 4789 4804 4827 5117 5186 5607 5659 5725 5741 5932 5941 6038 6110 6149 6246 6263 6305 6372 6549 6698 6711 6812 
#module 87 size: 95 bs: 0.686465
19 36 76 189 212 218 231 249 279 293 663 668 675 686 728 737 754 757 774 778 888 1016 1020 1149 1156 1213 1254 1429 1548 1562 1617 1625 1758 1775 1913 1942 2008 2219 2253 2318 2348 2370 2412 2415 2532 2639 2727 2776 2870 2967 3061 3062 3143 3205 3212 3268 3272 3289 3490 3536 3560 3612 3614 3898 4006 4163 4340 4417 4526 4763 4764 4935 4968 5024 5042 5078 5183 5253 5479 5524 5577 5612 5674 5773 5817 5963 6051 6202 6381 6411 6626 6649 6743 6836 6908 
#module 88 size: 1 bs: 1
65 
#module 89 size: 1 bs: 1
2959 
#module 90 size: 1 bs: 1
97 
#module 91 size: 1 bs: 1
6314 
#module 92 size: 1 bs: 1
192 
#module 93 size: 1 bs: 1
2855 
#module 94 size: 1 bs: 1
377 
#module 95 size: 1 bs: 1
5415 
#module 96 size: 1 bs: 1
518 
#module 97 size: 1 bs: 1
3847 
#module 98 size: 1 bs: 1
982 
#module 99 size: 1 bs: 1
13 
#module 100 size: 1 bs: 1
1654 
#module 101 size: 1 bs: 1
1186 
#module 102 size: 1 bs: 1
1841 
#module 103 size: 1 bs: 1
3174 
#module 104 size: 1 bs: 1
1965 
#module 105 size: 1 bs: 1
541 
#module 106 size: 1 bs: 1
2173 
#module 107 size: 1 bs: 1
5153 
#module 108 size: 1 bs: 1
5954 
#module 109 size: 1 bs: 1
2545 
#module 110 size: 1 bs: 1
5068 
#module 111 size: 1 bs: 1
3523 
#module 112 size: 1 bs: 1
2308 
#module 113 size: 1 bs: 1
3679 
#module 114 size: 1 bs: 1
1218 
#module 115 size: 1 bs: 1
3786 
#module 116 size: 1 bs: 1
3783 
#module 117 size: 1 bs: 1
4151 
#module 118 size: 1 bs: 1
4436 
#module 119 size: 1 bs: 1
5660 
#module 120 size: 1 bs: 1
5142 
#module 121 size: 1 bs: 1
6247 
#module 122 size: 1 bs: 1
5781 
#module 123 size: 1 bs: 1
2992 
#module 124 size: 1 bs: 1
3605 
#module 125 size: 1 bs: 1
5912 
#module 126 size: 1 bs: 1
3906 
#module 127 size: 1 bs: 1
459 
#module 128 size: 1 bs: 1
1118 
#module 129 size: 1 bs: 1
463 
#module 130 size: 1 bs: 1
4437 
#module 131 size: 1 bs: 1
472 
#module 132 size: 1 bs: 1
3349 
#module 133 size: 1 bs: 1
5093 
#module 134 size: 1 bs: 1
1039 
#module 135 size: 1 bs: 1
2901 
#module 136 size: 1 bs: 1
1045 
#module 137 size: 1 bs: 1
1454 
#module 138 size: 1 bs: 1
1171 
#module 139 size: 1 bs: 1
6720 
#module 140 size: 1 bs: 1
1185 
#module 141 size: 1 bs: 1
1229 
#module 142 size: 1 bs: 1
1414 
#module 143 size: 1 bs: 1
1242 
#module 144 size: 1 bs: 1
6787 
#module 145 size: 1 bs: 1
1363 
#module 146 size: 1 bs: 1
4641 
#module 147 size: 1 bs: 1
1485 
#module 148 size: 1 bs: 1
2680 
#module 149 size: 1 bs: 1
6506 
#module 150 size: 1 bs: 1
1618 
#module 151 size: 1 bs: 1
6093 
#module 152 size: 1 bs: 1
1647 
#module 153 size: 1 bs: 1
4524 
#module 154 size: 1 bs: 1
2907 
#module 155 size: 1 bs: 1
2315 
#module 156 size: 1 bs: 1
3704 
#module 157 size: 1 bs: 1
5681 
#module 158 size: 1 bs: 1
2516 
#module 159 size: 1 bs: 1
3961 
#module 160 size: 1 bs: 1
2559 
#module 161 size: 1 bs: 1
2633 
#module 162 size: 1 bs: 1
2610 
#module 163 size: 1 bs: 1
5989 
#module 164 size: 1 bs: 1
4194 
#module 165 size: 1 bs: 1
2743 
#module 166 size: 1 bs: 1
3623 
#module 167 size: 1 bs: 1
5008 
#module 168 size: 1 bs: 1
3136 
#module 169 size: 1 bs: 1
6837 
#module 170 size: 1 bs: 1
3451 
#module 171 size: 1 bs: 1
5841 
#module 172 size: 1 bs: 1
3770 
#module 173 size: 1 bs: 1
6324 
#module 174 size: 1 bs: 1
3883 
#module 175 size: 1 bs: 1
5151 
#module 176 size: 1 bs: 1
4453 
#module 177 size: 1 bs: 1
6913 
#module 178 size: 1 bs: 1
5618 
#module 179 size: 1 bs: 1
5794 
#module 180 size: 1 bs: 1
6452 
#module 181 size: 1 bs: 1
6593 
