#module 0 size: 8 bs: 0.0337669
302 364 1707 4926 7327 9813 11556 12475 
#module 1 size: 3 bs: 2.58715e-12
218 4752 4753 
#module 2 size: 15 bs: 0.00980596
1087 2711 2898 3412 4194 4646 5069 5156 5191 6116 6195 6291 6766 10875 11551 
#module 3 size: 5 bs: 0.000401198
428 451 1226 4676 4766 
#module 4 size: 4 bs: 1.13054e-12
2055 5360 6365 11261 
#module 5 size: 3 bs: 0.000298209
9951 10460 11106 
#module 6 size: 6 bs: 2.917e-07
727 827 2174 3908 6098 7402 
#module 7 size: 3 bs: 0.057889
260 4763 6604 
#module 8 size: 2 bs: 4.79154e-08
1336 7429 
#module 9 size: 6 bs: 3.56991e-09
100 1395 6720 8601 9871 10249 
#module 10 size: 3 bs: 7.98527e-101
4505 8873 11451 
#module 11 size: 3 bs: 9.73958e-06
1532 4578 5346 
#module 12 size: 6 bs: 8.43581e-101
2628 3686 9243 10007 10695 11193 
#module 13 size: 6 bs: 2.25375e-14
528 2004 6723 8559 10904 12293 
#module 14 size: 7 bs: 0.00794729
606 1980 6402 6471 7166 7391 9721 
#module 15 size: 4 bs: 8.21565e-15
1117 6561 8492 9046 
#module 16 size: 5 bs: 1.72242e-101
2252 3147 3148 3149 11048 
#module 17 size: 28 bs: 0.0454572
1430 2328 2418 2767 3431 4940 5259 5602 5826 5885 5981 5987 7434 7435 7473 7498 7563 8887 8916 9006 9375 9415 9429 10047 10108 10156 10181 11446 
#module 18 size: 3 bs: 0.0733026
2633 3421 3444 
#module 19 size: 10 bs: 8.76612e-05
442 2693 4591 7190 7509 7688 9027 9239 10445 11019 
#module 20 size: 7 bs: 9.1527e-101
2819 6316 7792 7793 7996 8812 9048 
#module 21 size: 3 bs: 9.66835e-07
6724 7210 12678 
#module 22 size: 42 bs: 0.0628279
34 106 119 474 542 950 1099 1246 1294 1717 2761 4201 4412 4474 4612 4672 4952 4986 5061 5573 5653 6233 6290 6341 6892 7350 7639 8071 8074 8191 9185 9667 9669 10035 10080 10106 10691 10939 10971 11209 11582 12667 
#module 23 size: 10 bs: 0.000686152
349 1293 4200 5684 6522 7658 8696 9007 10195 12088 
#module 24 size: 2 bs: 0.0231155
2695 11120 
#module 25 size: 6 bs: 9.31219e-101
759 2132 3021 4778 6723 8396 
#module 26 size: 33 bs: 0.000456908
231 261 978 1928 1955 2095 2265 2640 2713 2768 3715 3854 4217 4814 5445 6361 6468 6548 6971 7154 7304 7472 7615 8075 8299 8671 8736 8813 9442 10098 11554 11733 12514 
#module 27 size: 3 bs: 0.000437922
2132 3530 7335 
#module 28 size: 19 bs: 0.000818339
306 1200 1749 2860 2964 3387 3676 4011 4525 4999 5273 6218 6477 6777 6937 7801 8600 10605 10639 
#module 29 size: 6 bs: 5.47849e-08
2448 3385 3386 7407 10611 11340 
#module 30 size: 3 bs: 2.88425e-11
2941 3771 8892 
#module 31 size: 3 bs: 1.68244e-10
2184 5266 9821 
#module 32 size: 14 bs: 1.33763e-101
260 432 508 2844 3690 5997 6100 6909 8263 8265 8412 8957 9073 12953 
#module 33 size: 6 bs: 4.53325e-05
2070 2101 4170 6377 7809 12492 
#module 34 size: 15 bs: 4.00909e-09
529 977 3206 3207 3964 4475 5460 5918 6275 7398 8011 8012 9688 10834 12790 
#module 35 size: 6 bs: 6.2923e-12
997 1499 7728 8254 8492 9002 
#module 36 size: 19 bs: 0.00551911
714 1854 2959 3354 3613 4716 6235 6478 6765 6768 7409 8186 8774 9077 9409 9752 10114 10518 13010 
#module 37 size: 3 bs: 9.99201e-16
3978 4185 7592 
#module 38 size: 25 bs: 6.87123e-05
109 548 1052 1169 1344 1662 2598 2652 3370 3442 3475 3800 4303 4630 4774 4775 5057 5783 6198 7199 9441 10663 10868 11158 12505 
#module 39 size: 10 bs: 0.00370514
217 309 918 1345 1532 2710 4575 7189 7745 9596 
#module 40 size: 8 bs: 9.80913e-101
803 2191 2958 3686 5727 7508 8448 10680 
#module 41 size: 6 bs: 5.46797e-103
4549 5867 7892 8857 10447 11482 
#module 42 size: 9 bs: 0.0233687
1439 2380 2735 4772 5308 8935 9246 12972 13006 
#module 43 size: 13 bs: 9.2792e-101
1015 1420 4406 5082 5292 6085 6317 6869 7551 9145 9383 9933 11213 
#module 44 size: 7 bs: 1.99985e-08
4232 4528 5018 5854 8410 9013 9041 
#module 45 size: 17 bs: 6.46428e-101
1564 1980 2137 2758 3565 4579 4945 5015 5336 5438 5951 7013 7420 7822 7826 9712 10309 
#module 46 size: 27 bs: 6.56999e-05
181 467 934 1703 2516 3175 3921 4014 4064 4142 4360 4450 4876 5412 6764 7008 7043 7274 8274 9936 10234 10300 10469 10659 10826 10902 12575 
#module 47 size: 10 bs: 7.78381e-101
2109 2785 3301 4420 4782 5461 9578 10461 10869 11157 
#module 48 size: 6 bs: 0.000174749
1135 3182 5020 7692 8805 9721 
#module 49 size: 5 bs: 1.3973e-09
793 1918 4477 9929 10094 
#module 50 size: 10 bs: 4.71217e-101
773 824 911 2816 4162 4407 4539 8836 9604 9813 
#module 51 size: 7 bs: 9.99201e-16
1618 4101 4601 5984 7741 8772 12291 
#module 52 size: 48 bs: 0.0417119
183 704 1122 1430 2145 2328 2767 2801 2847 3050 3226 3260 3397 3569 3811 5400 5499 5581 5769 5817 5857 6107 6229 6616 6985 7154 7385 7434 7435 7442 7506 7629 7788 8372 8436 8580 8785 9380 9544 9894 10041 10060 10746 10862 11006 12019 12297 12447 
#module 53 size: 10 bs: 0.0134121
1023 2147 2206 2389 9512 10107 10624 10845 11092 11127 
#module 54 size: 14 bs: 0.332229
1376 1714 2371 2741 3348 3544 3559 4868 5962 7559 8195 8440 8590 11011 
#module 55 size: 15 bs: 0.949002
907 3122 3126 3600 3723 3728 4421 5058 5089 5153 5880 7202 9097 10679 11147 
#module 56 size: 3 bs: 0.3934
379 1241 9253 
#module 57 size: 16 bs: 0.539207
46 1175 1183 1973 3145 3612 4069 4169 4379 5311 5484 6384 7022 7584 8174 11104 
#module 58 size: 12 bs: 0.865286
551 941 1634 1745 2089 2835 4807 6245 7277 7278 7634 10558 
#module 59 size: 96 bs: 1.09621
36 124 127 131 375 774 865 1276 1513 1647 1664 1721 1785 1879 1926 1929 2027 2069 2122 2291 2467 2766 2857 2915 2927 3219 3280 3351 3395 3468 3603 3648 3718 3767 4584 4593 4651 4713 4719 4746 4915 4978 5107 5109 5110 5198 5348 5350 5397 5422 5425 5591 6227 6307 6321 6345 6347 6549 6724 7550 7640 7728 8302 8397 8402 8439 8478 8593 8616 8714 8810 8929 8992 9030 9052 9382 9394 9483 9700 9708 9808 10021 10190 10226 10242 10519 10684 10715 10765 10965 11106 11125 11711 11814 12873 12937 
#module 60 size: 10 bs: 0.248735
828 1876 1902 2090 3160 4323 6621 9523 11261 11513 
#module 61 size: 46 bs: 0.587228
143 209 326 369 499 690 1224 1919 2065 2073 2312 2316 2377 2378 2380 2382 2383 2384 2386 2388 2409 2446 2646 2647 3132 3188 3698 3759 3765 3775 4077 4189 4575 4661 4701 4703 4870 4878 5459 6005 6428 7318 8483 8987 10611 11310 
#module 62 size: 8 bs: 0.259469
2955 3186 3841 4920 5428 6514 8853 9262 
#module 63 size: 13 bs: 0.870211
3 186 278 446 608 1698 2409 4715 5623 9408 10281 10286 11595 
#module 64 size: 4 bs: 0.559809
1846 9178 9688 9876 
#module 65 size: 16 bs: 0.2164
161 232 824 1522 1549 4162 4407 5766 6815 6957 7522 7984 9165 10356 11388 11556 
#module 66 size: 10 bs: 0.926341
1270 3135 6141 6482 6852 7373 8047 8883 9422 9836 
#module 67 size: 14 bs: 0.170821
453 1997 4007 4280 4917 5617 6434 6736 6952 7015 9047 9182 10333 11233 
#module 68 size: 12 bs: 0.117883
1519 1850 3661 4005 4084 4847 4935 5111 5508 6330 10404 11379 
#module 69 size: 8 bs: 0.354685
715 1640 1915 2114 6150 6153 9644 13006 
#module 70 size: 5 bs: 0.151829
1105 1277 1650 6329 6332 
#module 71 size: 11 bs: 0.774496
361 1656 1908 3463 4558 5003 6231 7672 8541 10929 10957 
#module 72 size: 73 bs: 0.617015
51 121 257 413 506 507 556 563 655 857 1072 1102 1285 1297 1661 1896 1975 2019 2023 2483 2599 2616 2630 2822 2851 3312 3332 3333 3918 3936 3958 4053 4070 4432 4682 5450 5478 5647 5863 5995 6106 6433 6442 6474 7169 7216 7264 7346 7480 7533 7556 7644 8139 8158 8277 8487 8668 8678 8744 8820 8941 9079 9120 9490 9547 9743 10267 10472 10504 10800 10885 11445 11660 
#module 73 size: 30 bs: 1.02578
256 351 523 572 576 653 1544 1966 2480 3193 3389 3839 4171 5154 5281 6172 6344 6745 7114 7131 7607 7638 7839 8142 8316 8374 8398 9660 9696 11245 
#module 74 size: 8 bs: 0.439401
1535 2421 3744 4270 7041 8529 10981 12613 
#module 75 size: 35 bs: 0.554204
458 1208 2352 2554 2837 2969 3470 3649 3810 3996 4214 4246 4454 4534 4637 5633 5661 6155 6684 7011 7263 7331 8154 8331 8496 8720 9399 9540 9555 9695 10704 10883 11715 12997 13006 
#module 76 size: 43 bs: 0.275183
209 374 1552 1956 2066 2067 2311 2317 2367 2371 2373 2375 2378 2379 2387 3204 3205 3290 3441 3818 3838 3913 4071 4447 4609 4868 4907 5017 6133 6386 6906 6913 8135 8749 8808 9723 9891 9912 10662 10803 11353 11664 12663 
#module 77 size: 30 bs: 0.955213
816 2251 2284 2354 2779 2798 2900 2945 3960 4047 4464 4654 4963 5180 5186 5210 5279 5595 5677 6059 6078 6308 6594 6628 7794 8279 8322 8443 9211 12510 
#module 78 size: 37 bs: 1.06963
10 377 578 834 1182 1295 1613 2035 2187 2289 2456 2759 2882 4282 4670 4829 5076 5082 5209 5292 5802 6132 6349 6746 7288 7634 8761 9624 9679 9884 9921 9986 10343 10887 12609 12716 12782 
#module 79 size: 5 bs: 0.90911
3867 4222 8392 8393 10079 
#module 80 size: 15 bs: 0.116828
541 1893 2423 2721 2834 3157 3585 4096 4377 4401 4571 4572 7514 7913 7914 
#module 81 size: 10 bs: 0.253844
2924 4150 4684 6619 7260 8463 8585 10392 11161 12514 
#module 82 size: 15 bs: 0.921922
327 2944 2952 2969 3627 3636 3646 3684 5163 5430 6097 6155 6491 6828 9791 
#module 83 size: 39 bs: 0.2893
124 127 510 774 1635 2122 2339 2825 2835 2849 2876 2927 3128 3393 3410 3544 4165 4537 4925 6048 6241 7277 7536 7640 7927 8397 8440 8459 8499 8992 9700 9830 10084 10232 10242 10604 10715 11591 12937 
#module 84 size: 19 bs: 0.552799
694 1237 1476 1714 2462 2835 3132 3134 4811 6132 6327 6719 7477 8635 9226 9343 10232 11410 11591 
#module 85 size: 12 bs: 0.614749
1127 2262 2376 3079 5217 5808 7083 8003 8375 9101 9863 11243 
#module 86 size: 36 bs: 0.199299
41 90 160 384 436 900 1440 1762 1901 2039 2071 2123 2780 2797 3033 3036 3422 4670 4866 4985 5067 5359 5676 5968 6035 6084 6270 6445 6453 7374 8881 9147 9302 10040 10157 11419 
#module 87 size: 9 bs: 0.260957
2089 2457 2643 2886 2887 7557 7775 7776 11196 
#module 88 size: 7 bs: 0.916484
4472 4524 4604 6167 6586 6964 9825 
#module 89 size: 69 bs: 0.22186
47 122 244 316 927 976 1197 1410 1464 1515 1909 2074 2111 2547 2551 2614 2998 3054 3366 3575 3640 3688 3851 3909 4448 4523 4599 4708 4806 4891 5139 5496 5700 5721 5921 5964 6197 6671 6969 7167 7230 7363 7394 7552 8073 8074 8693 8711 8748 8792 8828 8949 9016 9350 9391 9489 9516 9851 10124 10264 10324 10463 10484 10693 10915 11124 11582 12582 12881 
#module 90 size: 9 bs: 0.876629
712 2415 2958 3424 5918 6621 8934 9173 10007 
#module 91 size: 6 bs: 0.752888
1358 3582 3583 3654 6820 9373 
#module 92 size: 20 bs: 0.888134
1001 1943 1998 3118 3576 6243 6391 7118 7656 7729 7932 8475 10058 10750 10793 10811 11074 11276 11576 12039 
#module 93 size: 11 bs: 0.299838
486 990 4372 5364 5482 6731 7531 7902 8982 10191 11429 
#module 94 size: 14 bs: 0.122676
1293 2802 3408 4090 4685 5051 5684 6522 7870 8293 9341 9344 12088 12790 
#module 95 size: 5 bs: 0.894859
103 635 3373 6464 8051 
#module 96 size: 19 bs: 0.845389
254 925 2109 2139 3226 3817 3962 4587 5033 6157 6279 6617 6623 6716 6718 7635 8860 10866 12953 
#module 97 size: 21 bs: 0.39116
601 1014 1094 1489 2455 3326 3512 3555 3856 4287 5489 6424 8190 8545 8622 9413 9784 9957 10931 11571 11878 
#module 98 size: 25 bs: 0.262621
76 216 1065 1255 1459 1708 1841 3289 4164 4312 5449 5613 5849 5879 6090 6827 6924 6960 7184 7720 7789 7855 8848 10267 10625 
#module 99 size: 14 bs: 0.264874
1920 2870 3240 3424 3954 4035 7462 7926 9702 10014 10279 10617 10622 12995 
#module 100 size: 11 bs: 0.727138
2 1968 2130 4489 5684 5878 5985 6522 8934 11261 12618 
#module 101 size: 18 bs: 0.441378
152 373 1019 1524 1959 2470 3578 3869 4468 4588 4893 5673 5959 6025 6344 6900 8923 9414 
#module 102 size: 21 bs: 0.474877
308 1874 2061 2063 2370 2463 3028 3333 3510 3986 3990 4865 5451 5673 6070 6205 9593 10132 10174 10582 12515 
#module 103 size: 95 bs: 0.641062
172 191 274 280 618 687 698 1039 1687 1714 1722 1819 1927 1981 2060 2068 2272 2287 2385 2435 2508 2650 2682 2718 2846 2854 2862 2980 3086 3139 3320 3449 3587 3674 3721 3736 3772 3789 3793 3932 4345 4615 4705 4731 4762 4824 4887 5179 5212 5242 5476 5477 5512 5515 6162 6250 6327 6531 6534 6586 6701 6724 7415 7424 7571 7856 7989 8012 8023 8172 8199 8437 8743 8931 8990 9066 9075 9189 9209 9325 9376 9502 9622 9754 10019 10175 10422 10613 10707 10712 10905 11083 11169 11188 11266 
#module 104 size: 33 bs: 0.775013
174 402 547 1720 1815 2493 2740 2843 3194 4630 4656 4979 5250 5464 5569 5838 6131 6572 6590 7051 7228 7519 7589 7612 7884 7970 8110 8445 8728 9248 9560 9717 10619 
#module 105 size: 30 bs: 0.208509
188 360 516 721 2444 2971 3113 3180 3748 3780 4227 4683 4884 5674 5691 5780 6266 6340 7010 7181 7819 8389 8690 8755 8991 9529 9611 10291 10551 11545 
#module 106 size: 14 bs: 0.445758
790 1408 2393 2764 3342 3599 4958 5008 5381 7853 7854 8387 9694 12867 
#module 107 size: 8 bs: 0.591445
767 1030 1612 2610 3742 5073 6297 7565 
#module 108 size: 14 bs: 0.214427
225 568 1224 2316 2377 2411 2842 3132 3162 3188 4461 4636 4962 8666 
#module 109 size: 13 bs: 0.30708
775 1212 3992 6231 8332 8628 9071 10199 10357 10703 10899 10930 11150 
#module 110 size: 11 bs: 0.615201
159 797 2953 2954 5405 5735 5779 6884 7042 8368 8969 
#module 111 size: 29 bs: 0.897091
226 1908 2139 2180 2387 2858 4558 5017 5345 5684 5695 5876 6093 6100 6230 6231 6688 6727 6870 6871 8224 8330 8956 9960 10869 10957 12264 12602 12953 
#module 112 size: 24 bs: 0.741798
60 1941 2109 2134 2387 3507 4335 5017 5099 5285 5733 6038 6230 6231 6279 6617 6727 9171 10566 10869 10954 11027 11114 12397 
#module 113 size: 19 bs: 0.813679
1693 1876 2365 2387 2391 2635 2991 2992 3786 3904 4639 5614 6092 7630 7780 8581 8672 9212 10352 
#module 114 size: 53 bs: 0.329356
203 205 397 762 1115 1616 1741 1815 2168 2252 2275 2787 3418 3756 4218 4512 4856 4860 4873 4948 5155 5251 5773 5875 6256 6261 6312 7255 7330 7383 7573 7657 7858 8030 8328 8504 8827 9255 9287 9666 9745 10068 10096 10142 10238 10382 10413 11038 11311 12488 12602 12697 12843 
#module 115 size: 6 bs: 0.167985
2730 5578 6538 7050 9214 10123 
#module 116 size: 12 bs: 0.418984
1036 1486 1695 3882 4637 5479 5528 6359 8234 8673 9036 9402 
#module 117 size: 21 bs: 0.387071
1347 2061 2872 3853 4805 5673 5783 6130 6217 6348 7253 7728 8466 9552 9682 10103 10174 10582 10830 11042 11411 
#module 118 size: 14 bs: 0.118085
107 602 897 1454 1665 2553 3257 3500 3522 4002 7837 8245 9870 12950 
#module 119 size: 3 bs: 0.405072
5114 6076 9199 
#module 120 size: 9 bs: 0.567412
292 1254 1880 3624 5633 8101 8615 10201 11482 
#module 121 size: 15 bs: 0.689359
1347 1458 1505 1587 2961 3134 4333 6132 7634 7728 7817 10568 10753 11142 11696 
#module 122 size: 12 bs: 0.763732
1313 2621 2789 3365 4248 4632 6014 6694 7493 8490 9308 9593 
#module 123 size: 22 bs: 0.53442
213 782 896 1124 1824 3041 3590 4135 4144 4597 4879 6589 7141 9310 9437 9438 9460 9517 9886 9935 10206 10550 
#module 124 size: 32 bs: 1.08738
708 839 870 1278 2441 2627 2637 2829 3196 3327 3946 3955 3995 4286 4367 4389 4649 5140 5659 5811 7127 7441 7476 7758 9113 9546 10354 10362 10717 11448 11712 12577 
#module 125 size: 18 bs: 0.250772
317 459 695 1080 2267 2845 4458 5786 6471 6526 6706 7432 7654 7742 7772 9162 10908 11400 
#module 126 size: 24 bs: 1.03974
370 562 1452 1474 1689 1969 2118 2700 3203 4157 4291 4733 5818 6525 6563 6598 6790 7534 8004 8171 8401 9294 9468 11053 
#module 127 size: 27 bs: 0.675954
377 1351 1632 1996 2090 2187 2190 2191 2195 2213 2216 2219 2838 4969 4991 5034 5447 5511 5666 7188 7358 7545 9270 9378 9835 10134 11029 
#module 128 size: 30 bs: 0.206567
491 590 729 1139 1859 2083 2222 2414 2778 2786 3426 3474 4092 4535 4670 4993 5232 5836 6497 6566 6918 6967 8049 8346 8424 8704 8724 8788 8978 10274 
#module 129 size: 7 bs: 0.475097
1008 2436 6018 8200 8645 9447 9906 
#module 130 size: 19 bs: 0.339918
652 859 1348 1395 2938 3334 4058 4843 5064 5159 5698 7037 7286 8311 9138 9871 10140 10405 12505 
#module 131 size: 20 bs: 1.03065
682 1070 1168 1690 1743 2782 3513 3630 3845 4085 5518 5628 7674 7923 8885 8952 9288 9332 9637 10734 
#module 132 size: 15 bs: 0.206211
867 1872 2477 3120 3852 4020 4054 4366 4668 4669 5417 8922 9258 10677 10779 
#module 133 size: 29 bs: 0.61384
147 1042 1202 2148 2472 2970 3130 3371 3550 3563 3662 3747 3792 3916 3963 4283 5402 5538 5783 6022 7179 7203 8340 8737 9247 9410 9588 10757 11498 
#module 134 size: 37 bs: 0.990072
144 491 497 622 1309 1436 1648 1712 2083 2414 2739 2749 3426 3821 3876 4092 4304 4942 5199 5656 6918 6967 7954 8049 8781 8788 9421 9510 9545 9703 9734 10274 10592 10904 10914 10972 12670 
#module 135 size: 18 bs: 0.938871
535 1149 2984 5054 5319 5568 5633 5709 5766 6834 7200 8305 9165 10356 10371 10579 10672 10822 
#module 136 size: 25 bs: 0.160938
579 1003 1360 1619 1679 1896 2138 2191 2793 3853 4371 4862 4914 6809 7480 7602 7888 8106 8257 8708 9113 9878 10267 10874 11171 
#module 137 size: 31 bs: 0.227402
35 213 465 985 1726 1980 2967 3198 3214 3511 3609 4035 4419 4758 5538 5576 5737 6023 6744 7174 7464 7597 7614 8762 8876 9026 9348 10067 10574 10894 11491 
#module 138 size: 25 bs: 0.720643
849 878 898 983 2121 2205 2682 3171 3535 3604 4119 4249 4602 4754 5973 6944 7378 7492 7802 7994 8980 9458 10204 10240 11178 
#module 139 size: 13 bs: 1.09704
575 2758 2800 3621 4158 4779 4840 7918 9416 10137 11142 11393 11556 
#module 140 size: 19 bs: 1.01485
488 1023 2430 2435 4234 4345 4495 4638 4887 5612 6554 7474 8326 8528 8971 9264 10694 10709 10735 
#module 141 size: 34 bs: 0.821435
951 1119 1287 1639 1706 2433 2957 3223 3303 3341 3347 3498 4136 4800 5132 5685 5734 6027 6295 6416 6573 6581 7103 7544 7869 8055 8283 9651 10210 10220 10974 11118 11456 12158 
#module 142 size: 36 bs: 1.08296
113 978 1066 1206 1425 1654 2100 2265 2951 3114 3276 4446 5194 5765 5908 5933 6063 6226 6468 6548 7036 8054 8127 8791 9275 9361 9457 9677 10119 10532 10733 11031 11118 11269 11558 12514 
#module 143 size: 18 bs: 0.366553
479 1092 2791 2963 3739 5117 5408 5465 6154 6304 6945 7784 8154 8452 9164 9397 10629 11614 
#module 144 size: 39 bs: 1.08662
22 133 166 301 344 426 645 1153 1224 1301 1834 1845 2136 2316 2635 2681 3271 3360 3737 3822 5976 6057 6199 6350 6560 6883 7384 7486 8823 8896 9289 9345 9964 10825 10925 11139 11338 11463 11989 
#module 145 size: 42 bs: 0.360442
204 1147 1151 1170 1468 1862 2031 2080 2160 3007 3056 3637 3993 4520 4910 5229 5942 6003 6050 6138 6158 6322 6528 6567 7062 7181 7383 7410 7537 7549 7659 7689 8323 8695 9561 9584 9768 9771 10133 10196 11283 12865 
#module 146 size: 22 bs: 0.85411
1144 1494 1634 2649 2778 2888 2967 4341 4365 4522 4914 4959 4965 5280 5993 6205 6335 6511 8476 9113 9298 10882 
#module 147 size: 25 bs: 0.43704
645 705 1095 2101 2673 3269 3484 3872 4514 5155 5461 6773 7067 7440 7524 7525 7958 8551 9322 9819 10461 10661 10814 10825 11138 
#module 148 size: 25 bs: 0.53098
101 389 1320 1539 2058 2192 2653 2796 3734 4686 4971 5041 5211 5586 6286 6293 8623 8961 9123 9390 9904 10228 11143 11165 11572 
#module 149 size: 115 bs: 0.673305
123 220 359 521 718 862 961 1060 1205 1227 1377 1483 1791 1932 1979 2024 2142 2169 2186 2193 2209 2212 2215 2253 2294 2406 2677 2737 2855 2883 2918 3017 3591 3776 3788 3794 3796 3847 3855 3914 3917 3989 4001 4033 4100 4429 4487 4517 4590 4622 4631 4641 4718 4780 5221 5252 5263 5367 5453 5492 5559 5707 5740 5887 6071 6216 6274 6285 6300 6372 6550 6553 6835 6848 7072 7235 7292 7316 7377 7513 7554 7595 7743 7832 8084 8349 8376 8394 8430 8431 8771 8815 8845 8891 9091 9475 9495 9548 9790 9840 10145 10193 10337 10344 10433 10480 10970 11126 11145 11372 11639 11664 11883 11994 12595 
#module 150 size: 158 bs: 0.91988
142 262 329 355 430 452 604 673 766 833 894 938 995 1077 1174 1187 1247 1289 1296 1508 1748 1792 1805 1866 1924 1935 1988 2165 2404 2574 2638 2699 2716 2781 2852 3057 3088 3096 3124 3164 3169 3210 3277 3369 3405 3417 3436 3452 3457 3461 3472 3488 3502 3679 3683 3716 3807 3816 3900 3906 3935 4006 4018 4059 4106 4160 4254 4292 4342 4355 4359 4473 4480 4509 4606 4642 4678 4889 4918 4964 5019 5091 5168 5197 5331 5349 5501 5537 5539 5585 5757 5845 5846 5937 5949 6118 6127 6338 6535 6667 6782 7113 7142 7211 7260 7303 7313 7314 7389 7439 7623 7697 7814 7815 7864 7930 7934 8046 8214 8386 8555 8571 8624 8683 8730 8745 8790 8803 9072 9136 9159 9368 9459 9524 9598 9662 9807 9820 9873 10213 10328 10388 10652 10730 10907 10956 10995 11111 11112 11121 11147 11155 12162 12249 12591 12642 12889 12905 
#module 151 size: 15 bs: 0.158482
16 161 364 400 2128 3415 3952 4293 4958 5208 5918 6957 9215 10202 10525 
#module 152 size: 41 bs: 0.918549
192 210 438 473 794 1428 2579 2845 2922 3580 3932 3961 4080 4176 4233 4427 4712 5283 5506 5663 5852 6177 6268 6459 6911 7298 7337 7381 7838 8032 8150 8417 8527 8968 9162 9440 10218 10454 10654 10881 11710 
#module 153 size: 16 bs: 0.91319
1007 1781 1892 2182 2477 2929 3418 3816 5963 6382 7135 7227 7707 8069 8420 8734 
#module 154 size: 11 bs: 0.534533
947 5060 6077 6436 7102 7465 7627 8680 9479 10557 13006 
#module 155 size: 15 bs: 0.993613
1048 1659 1865 2541 4029 4078 4867 5792 6520 6715 7570 8498 9300 9580 10823 
#module 156 size: 36 bs: 0.690243
532 1274 1275 1968 2130 2133 3166 3493 4200 4294 4339 4340 6100 6522 6652 7255 7289 7703 8453 8536 8656 8893 9290 9816 10239 10829 11037 11058 11070 11084 11117 11137 11157 11279 12302 13004 
#module 157 size: 73 bs: 0.262486
252 596 764 1359 1555 1591 1597 1689 1768 1798 1864 1885 1891 2110 2368 2432 2617 2665 2682 2880 3101 3244 3321 3485 3755 3988 4046 4180 4403 4579 4674 5112 5134 5174 5227 5337 5355 5379 5387 5535 5552 5600 5856 5862 5909 6364 6369 6390 6481 6658 6664 6669 6750 6863 6935 7056 7085 7256 7362 8041 8078 8134 8261 8557 8617 9186 9397 9419 9484 9941 9979 10329 11501 
#module 158 size: 89 bs: 0.497087
68 180 315 334 352 809 853 963 1001 1086 1125 1204 1411 1624 1643 1735 1976 2001 2008 2157 2753 2783 2866 2937 3139 3247 3490 3589 3647 3708 3732 3782 3805 3824 3902 4012 4143 4316 4334 4480 4577 4901 5040 5084 5141 5277 5365 5396 5526 5662 5806 5824 5836 5919 6314 6415 7360 7446 7480 7591 7705 7797 7799 8016 8435 8494 8579 8789 8852 8855 8901 8947 9009 9082 9089 9144 9272 9360 9367 9589 9985 10310 10522 10751 11262 11514 12549 12586 12712 
#module 159 size: 106 bs: 0.687658
7 21 28 184 812 820 886 986 996 1098 1213 1219 1378 1496 1554 1576 1577 1599 1816 1827 1840 1907 2240 2242 2292 2321 2506 2525 2676 2697 2910 2923 2936 3116 3129 3224 3231 3356 3524 3656 3768 4126 4172 4174 4435 4443 4459 4735 4815 4849 4949 5036 5047 5070 5232 5308 5339 5486 5510 5643 5752 5754 5764 5829 5877 5895 5907 5952 5958 6007 6114 6212 6507 6612 6639 6673 6968 7233 7289 7481 7494 7683 7818 8125 8285 8324 8425 8442 8472 8606 8770 8883 9211 9587 9924 10250 10402 10506 10515 10673 10779 11450 11966 12382 12648 12756 
#module 160 size: 22 bs: 0.111451
880 1280 1689 2106 2568 2907 3252 3297 3629 4430 5386 5925 6046 8608 8872 9208 9363 9591 9795 9944 12559 12855 
#module 161 size: 28 bs: 0.142036
875 885 959 1021 1155 1961 2097 2176 3308 3340 3673 4845 5068 6214 6344 6399 6400 6922 7555 7746 7906 8351 8738 8783 8967 11158 11206 11635 
#module 162 size: 37 bs: 0.551781
345 595 779 904 1894 1993 2101 2960 3212 3403 4469 5712 5714 6209 6846 7561 7727 7896 8434 8506 8531 8556 9034 9594 9998 10891 11007 11049 11137 11308 11355 11436 11687 11688 11719 12697 12969 
#module 163 size: 19 bs: 0.994759
550 1255 1640 1734 2735 2788 3040 3262 4213 4597 6004 7491 8228 8716 10153 10267 10835 12972 13006 
#module 164 size: 22 bs: 0.343195
1433 2559 3827 3837 4168 4172 4693 5420 5604 5694 5702 6082 6144 6166 6692 7057 7453 7773 8079 9389 9942 10223 
#module 165 size: 13 bs: 0.896821
32 1572 3095 3857 3949 5441 5504 6659 9175 9576 9594 9718 9981 
#module 166 size: 8 bs: 0.842923
2408 3127 3131 4044 5325 5593 8882 10511 
#module 167 size: 26 bs: 0.564089
611 1740 4908 5295 5470 6046 6142 6408 6731 6982 7299 7361 7649 8070 8128 8399 8669 8946 9167 9254 10158 10549 10778 11395 11541 12672 
#module 168 size: 30 bs: 0.812601
111 637 686 972 2270 2615 2806 2879 3146 3478 3533 3816 4163 4597 4618 4958 5086 5415 5566 6504 6797 7194 7608 8407 9422 10198 10235 10292 10835 12891 
#module 169 size: 51 bs: 0.462921
43 94 482 804 1302 1614 1770 2144 2645 2784 2934 3107 3137 3239 3342 3477 3733 3966 4115 4137 4236 4358 4400 5046 5085 5131 5343 5753 6601 7427 7454 7624 7739 7857 8031 8558 8562 8563 8933 9658 9687 9969 9973 10510 10741 10919 10982 11191 11424 12214 12635 
#module 170 size: 13 bs: 0.552665
211 510 2089 2607 3459 3861 4370 5708 6983 7551 8096 9145 11152 
#module 171 size: 55 bs: 0.979697
29 207 376 1208 1253 1383 1689 1751 1771 1825 1937 1946 2481 2983 3272 3552 3554 3763 3781 3891 4072 4440 4670 4826 5259 5357 6254 6255 6376 6767 6864 7215 7259 7406 7496 7564 7922 8111 8278 8596 8722 8759 8910 9761 9991 10029 10512 10631 10781 10791 10851 10911 11382 11447 12095 
#module 172 size: 93 bs: 0.429888
64 137 159 191 618 953 1039 1103 1257 1316 1567 1569 1686 1697 1729 2060 2103 2400 2461 2635 2682 2956 2980 3108 3320 3464 3587 3793 3828 3865 3883 3895 4037 4073 4244 4270 4343 4495 4508 4529 4537 4540 4665 4762 4824 4887 4945 4966 5185 5341 5429 5629 5646 5691 5816 5856 5862 6181 6336 6344 6370 6443 6451 6586 7006 7040 7684 7736 7834 7856 7861 7938 7988 7989 8012 8565 8654 8710 8802 8971 9045 9111 9202 9209 9417 10130 10209 10321 10792 10884 11142 11265 11266 
#module 173 size: 62 bs: 0.980579
95 190 206 395 537 540 692 811 1305 1407 1427 1466 1481 2084 2089 2188 2189 2192 2194 2221 2950 3111 3200 3800 3834 4091 4218 4704 4779 4923 5173 5443 5494 5632 6174 6260 6499 7426 7483 7504 7711 7735 7883 7997 8309 9338 9514 9570 10111 10116 10228 10239 10262 10296 10493 10643 10978 11069 11265 11266 11418 11571 
