201	333	34	13	343	454	74	121	358	405	285	434	558	532	169	106	316	181	60	104	16	484	553	458	534	125	506	375	147	338	7	307	549	596	33	
580	97	
538	421	
197	
466	569	61	153	565	418	284	2	269	544	275	352	107	377	27	453	366	52	488	259	102	590	210	95	441	305	371	500	109	139	43	206	38	557	
347	64	237	103	552	
19	145	385	180	245	92	228	211	392	313	35	492	393	524	
348	513	4	601	93	273	250	80	72	355	44	354	177	417	36	349	473	
408	185	
311	595	
85	472	370	581	543	474	172	496	76	499	501	312	105	122	489	445	460	376	
175	368	
345	394	
380	388	
3	
587	571	570	395	449	
111	481	270	215	83	568	45	20	281	205	597	599	517	23	132	320	409	190	605	163	328	117	202	53	414	86	267	200	540	341	415	25	168	67	
579	330	84	66	252	212	89	187	323	123	306	192	407	59	292	94	428	
485	261	
346	
262	
143	
256	
286	40	
239	
49	
178	
115	
390	
326	
116	
209	
10	
193	
442	
287	
11	
62	
247	
213	
443	
263	
585	
521	296	
389	
54	
15	
397	
550	
322	
176	
130	
278	
300	
422	317	224	589	357	467	482	183	79	240	124	230	479	155	101	46	31	151	461	203	572	298	593	604	360	279	42	470	304	559	383	438	129	433	321	277	50	337	22	
507	
386	490	
459	
222	251	100	314	254	413	160	318	266	439	118	131	159	257	342	188	420	561	560	509	229	136	402	
302	
547	
527	
529	
440	
47	
