#module 0 size: 12 bs: 0.00600299
499 3431 4529 7498 8887 8916 9415 9429 10047 10156 10181 10267 
#module 1 size: 2 bs: 0.00275737
961 4100 
#module 2 size: 8 bs: 8.31757e-12
302 364 1707 4926 7327 9813 11556 12475 
#module 3 size: 21 bs: 8.33952e-101
1433 3827 3837 4168 4172 4693 5420 5604 5694 5702 6082 6144 6166 6692 7057 7453 7773 8079 9389 9942 10223 
#module 4 size: 3 bs: 6.01061e-101
2448 3385 3386 
#module 5 size: 4 bs: 3.32732e-11
100 8601 9871 10249 
#module 6 size: 5 bs: 0.000401198
428 451 1226 4676 4766 
#module 7 size: 6 bs: 1.71367e-101
349 1293 7658 9007 10195 12088 
#module 8 size: 8 bs: 7.86469e-101
1313 2621 2789 4632 7493 8490 9308 9593 
#module 9 size: 4 bs: 1.5099e-14
2879 3723 3728 11424 
#module 10 size: 11 bs: 5.07489e-08
2888 3576 4639 4920 5179 6231 6514 8672 8853 9212 12397 
#module 11 size: 5 bs: 6.2891e-10
260 2844 4763 6604 10929 
#module 12 size: 2 bs: 1.71638e-07
9173 9178 
#module 13 size: 5 bs: 2.46907e-101
225 568 3162 4661 8666 
#module 14 size: 3 bs: 0.0325285
1846 9688 9876 
#module 15 size: 10 bs: 8.00914e-101
529 977 3206 3207 5460 5918 6275 7398 8011 9688 
#module 16 size: 5 bs: 1.80292e-05
4214 5114 6076 9199 10869 
#module 17 size: 3 bs: 0.0640355
637 972 10292 
#module 18 size: 3 bs: 3.55402e-07
1734 2615 4163 
#module 19 size: 2 bs: 0.000835405
692 10296 
#module 20 size: 7 bs: 7.84561e-101
2819 6316 7792 7793 7996 8812 9048 
#module 21 size: 6 bs: 5.67461e-101
4158 6848 7235 9548 11372 11639 
#module 22 size: 7 bs: 1.72058e-06
3226 3260 6107 6623 7788 9544 12447 
#module 23 size: 7 bs: 8.52843e-101
2457 2643 6293 7557 7775 7776 11196 
#module 24 size: 10 bs: 9.8939e-07
2109 2785 3301 4420 4782 7729 9578 10461 11137 11157 
#module 25 size: 12 bs: 6.10622e-101
535 2984 5054 5319 5568 5633 5709 5766 7398 9165 10356 10579 
#module 26 size: 3 bs: 9.99201e-16
3978 4185 7592 
#module 27 size: 5 bs: 4.76891e-11
6870 6871 8224 8293 9960 
#module 28 size: 7 bs: 8.63814e-101
3604 4602 7802 7994 8980 9458 11178 
#module 29 size: 8 bs: 1.11022e-16
3171 4754 5973 6944 7378 7994 9458 10204 
#module 30 size: 6 bs: 1.39111e-13
292 1254 1880 3624 8615 11482 
#module 31 size: 5 bs: 4.35279e-09
3 446 608 5623 9408 
#module 32 size: 10 bs: 0.00931062
3530 3533 4618 5086 5386 5415 5566 6504 7194 12891 
#module 33 size: 4 bs: 7.19425e-14
1427 4158 7203 7509 
#module 34 size: 2 bs: 3.83468e-06
206 6499 
#module 35 size: 11 bs: 0.0519667
1289 2206 4006 4292 5949 9512 10388 10624 10845 11092 11127 
#module 36 size: 9 bs: 1.20286e-11
2924 4150 4684 6619 7260 8585 10392 11161 12514 
#module 37 size: 10 bs: 0.0145002
1770 3733 3966 4358 5085 5985 7142 9969 10835 11558 
#module 38 size: 6 bs: 2.49689e-13
1876 2391 2991 2992 8581 11157 
#module 39 size: 14 bs: 0.042111
107 602 897 1454 1665 2553 3257 3500 3522 4002 7837 8245 9870 12950 
#module 40 size: 6 bs: 8.21831e-101
1535 2421 7041 8529 10981 12613 
#module 41 size: 7 bs: 0.00751374
1358 3582 3583 6820 9034 9373 11117 
#module 42 size: 7 bs: 0.0151322
951 1287 5132 6295 7544 8283 11456 
#module 43 size: 5 bs: 1.01059e-06
2145 2800 3796 6329 6332 
#module 44 size: 8 bs: 7.48788e-07
878 3755 3759 4427 5811 7758 11513 11712 
#module 45 size: 16 bs: 0.0694186
1748 1935 2716 3716 4642 5295 5501 6046 6118 6982 7361 7815 8128 8399 8669 8946 
#module 46 size: 26 bs: 0.00772785
217 309 596 918 1345 1864 2665 2710 3321 5112 5174 5816 5909 6077 6369 6664 6935 7056 7189 7627 7659 8078 9479 9596 9771 10142 
#module 47 size: 13 bs: 0.00391199
550 2788 3418 6004 6797 7491 8228 8805 10153 10198 10835 12972 13006 
#module 48 size: 8 bs: 0.00146243
2682 4037 4232 5856 6945 10175 10884 10981 
#module 49 size: 13 bs: 7.32747e-15
191 280 1819 2272 3320 3587 4762 6250 8012 8743 9209 10613 10712 
#module 50 size: 22 bs: 0.055393
32 1572 3095 3857 3949 4505 4940 5060 5441 5504 6297 6436 6659 7896 8873 9006 9175 9576 9594 9981 11245 11451 
#module 51 size: 17 bs: 0.00118466
361 859 1080 1348 1408 2393 2938 4058 4958 7853 7854 8311 8387 9138 9694 9871 12867 
#module 52 size: 5 bs: 0.00237095
606 1980 6402 7166 7391 
#module 53 size: 15 bs: 0.679254
491 1376 1714 2147 2371 2741 3348 3544 3559 4868 5962 7559 8195 8440 11011 
#module 54 size: 6 bs: 0.695617
5826 5981 5987 7563 8680 11446 
#module 55 size: 29 bs: 0.122803
181 467 934 1703 2516 3175 3921 4014 4064 4142 4360 4450 4876 4908 5412 6764 7008 7043 7274 8274 9936 10234 10300 10469 10659 10826 10902 11541 12575 
#module 56 size: 10 bs: 0.966655
186 927 1698 3734 4686 4715 10281 10286 11572 11595 
#module 57 size: 16 bs: 0.226984
1087 2711 2898 3412 4194 4646 5069 5156 5191 5817 6116 6195 6291 6766 10875 11551 
#module 58 size: 43 bs: 1.06859
34 106 119 474 542 950 1099 1246 1294 1717 2761 2951 4201 4412 4474 4612 4672 4952 4986 5061 5573 5653 5921 6233 6290 6341 6892 7350 7639 8071 8074 8191 9185 9667 9669 10035 10080 10691 10939 10971 11209 11582 12667 
#module 59 size: 5 bs: 0.733599
1430 2767 5733 7434 7435 
#module 60 size: 12 bs: 0.562176
2870 3240 3424 3954 4035 7462 7926 9944 10014 10279 10622 12995 
#module 61 size: 8 bs: 0.439118
2941 3771 4524 6586 6964 8881 8892 9825 
#module 62 size: 17 bs: 1.02383
161 232 824 1522 1549 4162 4407 4591 5766 6815 6957 7522 7984 9165 10356 11388 11556 
#module 63 size: 13 bs: 0.692032
1187 1924 4480 5168 5331 6338 6416 6782 7439 8555 9598 9873 10213 
#module 64 size: 9 bs: 0.544891
2 2130 4489 5684 5878 6522 8934 10405 11261 
#module 65 size: 12 bs: 0.710874
727 827 2004 2174 3186 3908 6098 6723 7402 8559 10904 12293 
#module 66 size: 5 bs: 0.321236
3841 4920 5428 9097 9262 
#module 67 size: 16 bs: 0.413814
575 2758 2800 2980 4158 4840 5766 6846 7561 7918 8305 9416 11007 11142 11393 11556 
#module 68 size: 13 bs: 0.403364
211 510 2835 3459 4370 5708 6983 7551 7728 8096 9145 10604 11152 
#module 69 size: 5 bs: 0.737688
1494 2089 2886 2887 9375 
#module 70 size: 13 bs: 0.530487
1008 2436 4115 5933 6018 7564 8200 8645 9447 9591 9906 10291 10733 
#module 71 size: 18 bs: 0.761652
370 1395 1689 2700 3203 3590 5698 6525 6563 6720 6790 7534 8171 8401 8624 9294 9460 9468 
#module 72 size: 17 bs: 0.877937
16 161 364 2845 3415 3952 4475 4962 5918 6400 6957 7772 9215 10202 10525 10834 11400 
#module 73 size: 4 bs: 0.398047
218 2027 4752 4753 
#module 74 size: 67 bs: 0.661823
47 244 316 875 976 1410 1464 1515 1909 2074 2111 2547 2551 2614 3054 3366 3575 3621 3640 3688 3851 3909 4448 4523 4599 4708 4806 4891 5139 5496 5700 5721 5921 5964 6197 6671 7230 7363 7394 7429 7552 7607 8073 8693 8711 8748 8785 8792 8828 8949 9016 9288 9350 9391 9489 9516 9851 10106 10124 10324 10463 10484 10693 10915 11124 12582 12881 
#module 75 size: 15 bs: 0.800389
46 1183 1973 3145 3612 4069 4169 4379 5311 5484 6384 7022 7584 8174 11104 
#module 76 size: 14 bs: 0.472185
122 442 2693 4248 6616 6694 7190 7509 7688 9027 9239 10137 10264 11019 
#module 77 size: 15 bs: 0.618174
453 1997 4007 4280 4917 5617 6434 6736 6952 7015 8815 9182 9702 10333 11233 
#module 78 size: 16 bs: 0.266886
782 896 1124 1824 3041 4135 4400 4597 6589 7141 9437 9438 9517 9687 9886 10206 
#module 79 size: 12 bs: 0.945045
1127 2262 2376 3079 5217 5685 5808 7083 8003 9101 9863 11243 
#module 80 size: 8 bs: 0.608093
2408 3127 3131 4044 5325 5593 8882 10511 
#module 81 size: 16 bs: 0.94333
1007 1781 1892 2182 2477 2929 3816 5633 5963 6382 7135 7227 7707 8069 8420 8734 
#module 82 size: 23 bs: 0.487253
459 635 773 824 911 1254 2816 4162 4407 4539 4636 4962 5633 6706 6828 8836 8935 9162 9604 9813 10822 10834 10881 
#module 83 size: 20 bs: 0.266193
260 432 508 925 1205 2844 3507 3690 5997 6100 6157 6727 6909 8263 8265 8412 8957 9073 11114 12953 
#module 84 size: 18 bs: 0.176749
1001 1815 3118 5194 6243 6391 7118 7656 7932 9821 10058 10750 10793 10811 11074 11276 11576 12039 
#module 85 size: 21 bs: 0.828226
1065 1255 1459 1841 4164 4312 5449 5613 5849 6090 6382 6827 6960 7184 7720 7789 7855 8331 8848 10267 10625 
#module 86 size: 5 bs: 0.780112
355 790 9077 9380 11112 
#module 87 size: 34 bs: 0.834945
188 516 596 721 2160 2287 2444 2971 3113 3180 3748 3780 4227 4683 4884 5112 5674 5691 5780 6266 6340 6664 6935 7010 7056 7181 7819 8389 8690 8755 8991 9611 10551 11545 
#module 88 size: 36 bs: 0.266815
174 402 547 794 1720 1815 2493 2740 2843 3194 4630 4656 4979 5250 5464 5569 5838 6131 6214 6572 6590 7051 7228 7519 7589 7612 7884 7970 8110 8445 8728 9248 9560 9717 10619 11501 
#module 89 size: 7 bs: 0.58956
226 2180 2858 5695 6688 8956 12264 
#module 90 size: 14 bs: 0.970092
528 1908 3463 4558 5003 5581 5876 6231 7635 7672 8541 10869 10929 10957 
#module 91 size: 63 bs: 0.480359
51 121 413 506 507 556 563 655 1072 1102 1285 1297 1896 2019 2023 2063 2370 2599 2616 2630 2851 3312 3332 3333 3918 3936 3958 4053 4070 4432 4682 5450 5451 5478 5647 5863 5995 6106 6433 6442 6474 7169 7216 7264 7346 7644 8139 8158 8277 8487 8744 8820 8941 9079 9120 9547 9743 10267 10472 10800 10885 11445 11660 
#module 92 size: 20 bs: 1.07853
714 1854 2959 3354 3613 4440 4716 6235 6478 6765 6768 7409 7883 8186 8774 9409 9752 10114 10518 13010 
#module 93 size: 20 bs: 0.536874
306 1200 1749 2058 2860 2964 3387 3676 4011 4525 4999 5273 6218 6477 6777 6937 7801 8600 10605 10639 
#module 94 size: 11 bs: 0.473235
803 2191 2958 3686 5727 7454 7508 7674 8448 10680 11429 
#module 95 size: 35 bs: 0.697119
41 90 160 384 436 729 1440 1762 1901 2039 2071 2123 2780 2797 3033 3036 3422 4670 4866 4985 5067 5359 5676 5968 6035 6084 6270 6445 6453 7374 9147 9302 10040 10157 11419 
#module 96 size: 61 bs: 0.965308
708 764 870 1153 1278 1359 1891 1920 2110 2441 2627 2637 2677 2829 2880 3196 3214 3327 3511 3609 3853 3946 3955 3995 4035 4046 4054 4092 4286 4367 4389 4649 5140 5659 5737 5993 6023 6154 7256 7286 7441 7476 7711 8392 8393 9046 9047 9113 9298 9397 9419 9546 10140 10354 10362 10445 10617 10717 11448 11498 11571 
#module 97 size: 8 bs: 0.997713
997 1499 7728 8254 8492 9002 10137 10862 
#module 98 size: 107 bs: 0.766197
142 604 673 686 766 833 894 938 1077 1247 1296 1508 1748 1792 1805 1866 1935 1988 2106 2165 2270 2568 2699 2716 2781 3146 3164 3210 3277 3405 3417 3436 3457 3461 3472 3502 3679 3683 3716 3807 3816 3900 3906 3935 4018 4059 4160 4254 4342 4355 4473 4509 4606 4642 4678 4889 4918 4964 5091 5197 5349 5501 5537 5539 5585 5757 5846 5925 6127 6361 6535 7113 7211 7303 7314 7623 7697 7814 7815 7864 7930 7934 8046 8214 8730 8803 9072 9136 9159 9363 9459 9662 9807 9820 10652 10730 10907 10956 10995 11147 11155 11554 12162 12591 12642 12889 12905 
#module 99 size: 14 bs: 0.995996
458 797 2121 2953 2954 4214 5405 5408 5779 6863 7042 7492 8368 8969 
#module 100 size: 8 bs: 0.375905
486 990 4372 5364 5482 7531 8982 10191 
#module 101 size: 28 bs: 0.843369
144 183 497 590 622 900 1309 1436 1712 2414 2739 2749 3426 3821 4304 4942 5343 5656 6969 7954 9421 9510 9703 9734 10592 10914 10972 12670 
#module 102 size: 9 bs: 0.121338
2574 2764 2852 5381 7389 8386 8571 8683 11111 
#module 103 size: 11 bs: 0.768337
1293 2802 3408 4090 4685 5051 7870 9341 9344 12088 12790 
#module 104 size: 17 bs: 1.01626
1274 1275 1648 2188 2189 2955 4294 5064 5173 5460 5632 5885 6071 6652 10145 10239 11418 
#module 105 size: 76 bs: 0.727638
131 375 865 1276 1664 1721 1785 1926 1929 2035 2069 2291 2456 2467 3219 3280 3351 3395 3648 3718 4584 4593 4651 4713 4719 4746 4779 4915 5082 5107 5109 5110 5198 5292 5348 5350 5397 5591 6085 6132 6227 6307 6321 6327 6549 6724 7550 7728 8302 8397 8402 8593 8616 8714 8810 8929 8992 9030 9382 9483 9708 9951 10021 10190 10226 10242 10684 10715 10765 10887 10965 11106 11125 12678 12873 12937 
#module 106 size: 70 bs: 1.01853
10 36 124 127 375 578 774 834 1182 1295 1513 1613 1647 1926 2122 2289 2759 2766 2882 2915 2927 3219 3410 3468 3603 3767 4282 4341 4584 4719 4746 4829 4978 5076 5107 5110 5422 5425 5591 5802 6345 6347 6349 7288 7536 7640 8302 8439 8478 8499 8696 8714 8761 9052 9624 9700 9708 9808 9830 9921 9986 10190 10343 10460 10684 11106 11711 11814 12716 12782 
#module 107 size: 7 bs: 0.150082
1915 2114 3902 6150 6153 7705 9644 
#module 108 size: 39 bs: 1.00904
278 601 1014 1042 1094 1202 2148 2455 2472 2970 3130 3326 3371 3512 3555 3563 3747 3963 4283 4287 4923 5402 5489 6022 6424 8190 8340 8545 8622 8737 9247 9413 9588 9784 9957 10757 10931 11571 11878 
#module 109 size: 30 bs: 0.394905
60 254 1941 2109 2134 2139 3507 3817 3962 4335 4587 5017 5033 5099 5285 6230 6231 6279 6617 6716 6718 8860 9171 10566 10866 10869 10954 11027 11114 12397 
#module 110 size: 12 bs: 0.307532
76 479 1092 2400 2446 2791 2963 3739 5117 6701 6924 8557 
#module 111 size: 11 bs: 0.703252
551 941 1489 1634 1745 3856 4365 4807 6245 7278 10558 
#module 112 size: 8 bs: 0.698837
2008 4549 5867 7892 8857 10447 11482 12514 
#module 113 size: 36 bs: 0.100338
109 147 548 652 1052 1169 1197 1227 1344 1662 2598 2652 3040 3370 3442 3475 3788 3800 3916 4303 4774 4775 5057 5538 5783 6198 7037 7179 7199 8032 9441 9695 10663 10868 11158 12505 
#module 114 size: 16 bs: 0.319583
541 1690 1893 2423 2721 2834 3157 3585 4096 4377 4401 4571 4572 7514 7913 7914 
#module 115 size: 42 bs: 0.100896
532 1968 2130 2133 2960 3111 3166 3493 4200 4339 4340 4782 4860 4920 5443 5684 6100 6260 6522 7255 7289 8453 8531 8536 8556 8656 8893 9290 9816 10111 10829 10869 11037 11070 11084 11137 11157 11279 12302 12397 12969 13004 
#module 116 size: 24 bs: 0.532741
256 257 857 1661 1975 2483 2822 3510 3936 4171 5478 6106 6130 7533 7556 8139 8195 8442 8487 8668 8678 9490 10504 10874 
#module 117 size: 22 bs: 0.740545
308 1874 2061 2063 2370 2463 3028 3510 3986 3990 4865 5451 5673 6070 6205 7493 7638 9593 10132 10174 10582 12515 
#module 118 size: 11 bs: 0.304003
715 2554 3470 3996 4246 4534 5661 6155 6684 7331 8720 
#module 119 size: 9 bs: 0.124554
3810 4454 5633 7011 8154 9399 9555 10201 10883 
#module 120 size: 35 bs: 0.944347
29 207 1208 1383 1751 1771 1937 1946 2481 3272 3552 3554 3763 3781 4071 4072 4119 4826 5259 5430 6255 6864 7215 7406 8111 8372 8722 8759 8910 9761 9991 10631 10781 10791 10851 
#module 121 size: 25 bs: 0.502646
29 207 1946 2983 3763 3891 4035 4512 4826 6254 6376 7215 7524 7525 7742 7922 8278 8596 8910 10512 10631 10791 10894 11382 12095 
#module 122 size: 62 bs: 0.865937
166 209 775 1212 1224 1687 1722 1943 2060 2136 2176 2267 2316 2378 2385 2411 2432 2673 2846 2862 3271 3744 3789 3838 3992 4073 4447 4472 4508 4636 4676 4705 5017 5179 5212 5341 5515 6162 6167 6177 6231 6386 6526 7040 7780 7861 8172 8332 8628 9071 9075 9111 9189 9529 10142 10199 10357 10703 10899 10905 10930 11150 
#module 123 size: 66 bs: 0.364803
7 28 184 820 986 1125 1219 1378 1576 1577 1599 1827 1907 2321 2525 2676 2697 3224 3231 3247 3356 3524 3656 3768 4126 4172 4174 4366 4435 4668 4669 4735 4815 4849 4949 5036 5047 5070 5232 5308 5339 5510 5752 5754 5877 5907 6507 6639 7233 7481 7683 8051 8324 8425 8472 8494 8606 8789 8855 8883 9587 10250 10673 10751 12382 12756 
#module 124 size: 28 bs: 1.07971
430 682 1070 1168 1519 1743 1850 2782 2958 2967 3513 3630 3845 4085 4959 5140 5465 5508 5518 5628 6330 7923 8885 8952 9332 9637 10592 10734 
#module 125 size: 39 bs: 0.945594
209 374 1956 1993 2066 2067 2311 2317 2367 2371 2373 2375 2378 2379 2386 2387 2418 2635 3290 3441 3765 3913 4609 4878 4879 5017 6133 6906 6913 8135 8749 8808 9723 9891 9912 10108 10662 10891 11353 
#module 126 size: 13 bs: 0.891884
389 1532 1693 1919 2365 2409 2635 3786 3904 4578 5346 6092 7630 
#module 127 size: 7 bs: 0.133798
2070 2101 4170 6377 7809 8436 12492 
#module 128 size: 21 bs: 0.931044
1347 2061 2793 2872 3834 3853 4805 5673 6130 6217 6348 7253 8466 9552 9682 10174 10493 10582 10830 11042 11411 
#module 129 size: 9 bs: 0.884539
767 1030 1612 2610 3742 5073 6883 7565 10908 
#module 130 size: 10 bs: 0.300032
705 1095 1237 2089 2101 5156 6335 7440 9322 11142 
#module 131 size: 14 bs: 1.01556
907 995 3122 3126 3600 4421 5034 5089 5153 5880 7202 9097 10679 11147 
#module 132 size: 12 bs: 0.331908
712 827 2415 2958 3424 3908 5786 5918 6098 6621 8934 10007 
#module 133 size: 31 bs: 0.935264
231 261 978 1928 1955 2095 2265 2640 2713 2768 3715 3854 4217 4814 6468 6548 6971 7304 7385 7472 7615 8075 8299 8463 8671 8736 8813 9442 10098 11733 12514 
#module 134 size: 15 bs: 0.804941
397 1616 1741 3418 4218 4856 6256 7330 8504 9089 9287 10068 10382 11311 12488 
#module 135 size: 50 bs: 0.153555
133 204 262 1147 1151 1170 1336 1468 1862 1872 2080 2368 2650 2857 3007 3056 3637 3993 4144 4520 4701 5355 5942 6003 6050 6138 6158 6322 6528 6884 7062 7181 7383 7410 7537 7549 7689 8323 8695 8745 9164 9310 9529 9561 9584 9768 9935 10133 11283 12865 
#module 136 size: 7 bs: 0.473477
790 1174 2216 3599 5008 5159 7358 
#module 137 size: 34 bs: 0.30756
377 759 1351 1632 1996 2090 2132 2187 2191 2195 2213 2219 2838 3021 4091 4286 4778 4969 4991 5058 5447 5666 6285 7188 7545 8396 9243 9270 9378 9835 10134 10695 11029 11193 
#module 138 size: 26 bs: 0.924317
885 959 1021 1155 1656 1961 2097 2650 3308 3340 3698 4604 4845 4867 5068 5208 6399 6922 7555 7746 7906 8351 8738 8783 10550 11006 
#module 139 size: 10 bs: 0.444377
947 1697 3673 4458 5614 5629 5646 6038 7654 10352 
#module 140 size: 22 bs: 0.468857
351 523 572 576 653 1544 1966 2480 3193 3389 3839 5186 6172 6344 6745 7114 7131 7839 8142 8316 8398 9696 
#module 141 size: 21 bs: 0.250543
1119 1706 2695 2957 3223 3341 3347 3498 4137 4236 4800 5734 6027 6573 8055 9658 10210 10220 10982 11120 12635 
#module 142 size: 33 bs: 0.58969
113 1066 1206 1425 1654 2100 2144 3057 3088 3114 4446 5343 5765 5908 6063 6226 7036 8054 8127 8150 8791 9275 9361 9457 9677 10119 10532 11031 11118 11121 12514 12577 12672 
#module 143 size: 21 bs: 0.419415
562 1253 1452 1474 1689 1969 2118 4157 4291 4733 4843 5357 5600 5818 6598 6767 7496 8004 10029 10911 11053 
#module 144 size: 10 bs: 1.05344
2252 3147 3148 3149 6093 6231 10869 11048 12397 12602 
#module 145 size: 29 bs: 1.06504
22 317 345 595 779 1894 2101 3403 4084 4469 5714 6261 7561 7703 9745 9998 11049 11058 11070 11137 11138 11157 11265 11308 11355 11436 11687 11688 11719 
#module 146 size: 18 bs: 0.110553
252 1798 2205 2617 2969 3244 5552 6364 7085 7259 7378 8134 8496 8772 9186 9484 9941 12095 
#module 147 size: 24 bs: 0.177223
2251 2284 2779 2798 2945 3960 4047 4464 4963 5180 5210 5677 6059 6078 6308 6497 6594 6628 7794 8279 8443 9211 11715 12510 
#module 148 size: 35 bs: 0.276066
1347 1505 1587 1619 1634 1679 2961 2967 2998 3134 4333 4522 4670 4862 4914 4965 5209 6205 6773 7127 7167 7210 7602 7634 7728 7817 7958 8374 8476 8748 9113 10519 10568 11696 12609 
#module 149 size: 17 bs: 0.398629
152 1003 1019 2138 3578 3662 5783 6344 6746 6809 7480 8475 8708 8781 10103 11171 11635 
#module 150 size: 17 bs: 0.938971
828 1650 1902 2055 2090 3160 4323 5360 6365 6621 8417 9523 10957 11261 11513 11883 12214 
#module 151 size: 138 bs: 1.04488
43 68 94 180 216 315 334 352 482 793 809 853 963 996 1001 1023 1086 1135 1144 1175 1204 1213 1411 1476 1624 1643 1706 1708 1735 1918 1998 2001 2157 2272 2292 2389 2559 2638 2753 2783 2806 2866 2934 3129 3139 3276 3369 3478 3502 3589 3647 3708 3732 3782 3792 3805 3824 4143 4316 4334 4371 4577 4772 5040 5084 5141 5154 5229 5277 5281 5365 5526 5662 5764 5806 5824 5829 5895 5919 5937 6007 6141 6314 6415 6694 7360 7446 7473 7480 7591 7608 7624 7799 7857 7888 8016 8031 8285 8328 8407 8435 8442 8579 8852 8901 8947 9009 9082 9144 9272 9360 9367 9524 9589 9651 9660 9929 9985 10067 10094 10107 10235 10238 10310 10506 10522 10592 10709 10779 10919 11262 11269 11514 11576 12549 12586 12648 12712 
#module 152 size: 11 bs: 0.201174
762 1616 2786 2787 4218 5156 6312 7330 7573 8827 10068 
#module 153 size: 18 bs: 1.08223
147 1092 1618 2791 3739 4101 5117 5408 5984 6155 6304 6863 7179 7741 8154 8557 11614 12291 
#module 154 size: 21 bs: 0.907155
329 452 1080 1395 3096 3169 3452 3488 4106 4359 5019 6667 6720 7313 8070 8790 9254 9368 10328 11147 12249 
#module 155 size: 31 bs: 0.948027
804 1302 2645 2784 3107 3137 3239 3303 3342 3477 4137 4236 4400 5046 5131 5445 5753 6601 7427 7739 8558 8562 8563 8933 9658 9973 10510 10741 10982 11191 12635 
#module 156 size: 24 bs: 0.378681
101 395 811 1407 1539 2192 2653 2796 4704 4971 5211 5586 6286 6293 8430 8431 8623 9123 9390 9570 9904 10228 11143 11165 
#module 157 size: 12 bs: 0.335792
377 694 1182 2187 2462 2835 6719 9226 9884 10232 10753 11410 
#module 158 size: 36 bs: 0.576516
203 205 1894 2275 3269 3418 3484 3872 4514 4873 5155 5156 5266 5461 5712 5773 5875 6317 6350 7067 7255 8030 8551 9255 9666 9819 9821 10096 10133 10413 10661 10803 10814 11138 11139 12602 
#module 159 size: 35 bs: 0.843593
143 326 499 690 1552 2065 2073 2312 2316 2377 2380 2382 2383 2384 2388 2646 2647 2735 2842 3132 3775 4077 4189 4575 4870 5018 5459 6428 7318 7407 8410 8483 10611 11310 13006 
#module 160 size: 12 bs: 1.09522
94 839 1614 2649 3365 4005 4847 4935 6014 6694 7624 9414 
#module 161 size: 18 bs: 0.491448
152 373 1019 1524 1959 2470 3578 3869 4468 4588 4893 5673 5959 6025 6344 6900 8923 11635 
#module 162 size: 17 bs: 0.923212
159 1103 1564 2103 3828 4615 5015 5185 6336 6344 6534 6724 7736 7745 7989 9417 10209 
#module 163 size: 8 bs: 0.859274
579 1360 2191 2793 3334 8106 8257 9878 
#module 164 size: 27 bs: 0.859805
64 1316 1567 1686 1729 2956 3464 3828 3895 4244 4270 4529 4540 4665 4966 5429 6181 6370 6443 7006 7684 7834 8654 8802 9045 9202 10130 
#module 165 size: 15 bs: 0.972638
2083 2240 3373 3474 3876 4092 5199 6464 6918 6967 8049 8788 8978 9545 10274 
#module 166 size: 23 bs: 1.03128
103 1115 1439 1976 2031 2168 2184 3756 4012 4948 5251 6209 6883 7657 7858 8330 9246 9894 10746 11038 11447 12697 12843 
#module 167 size: 44 bs: 0.919555
379 704 867 1122 2328 2430 2477 2730 2837 2847 3050 3120 3569 4020 4029 4806 5400 5417 5499 5578 5602 6538 6834 7050 7154 7442 7506 7629 8580 8967 9214 9258 9580 10041 10060 10123 10557 10704 10882 11006 11206 11340 12019 12297 
#module 168 size: 12 bs: 0.247142
1048 1659 1865 2541 3964 4078 5792 6520 6715 8498 9300 10823 
#module 169 size: 6 bs: 0.740465
1270 3135 6852 8047 8883 9836 
#module 170 size: 13 bs: 0.466639
2137 2758 3565 4945 5336 5438 5951 7013 7420 7822 7826 9712 10309 
#module 171 size: 111 bs: 0.16866
137 274 360 400 488 611 618 687 698 898 953 1023 1039 1080 1257 1927 1981 2068 2408 2435 2461 2508 2633 2854 2980 3086 3108 3139 3182 3188 3289 3421 3444 3449 3674 3721 3736 3772 3793 3865 3883 4227 4234 4345 4495 4638 4731 4824 4887 5020 5242 5470 5476 5477 5512 5612 5845 5854 6005 6142 6408 6451 6531 6554 6731 7299 7415 7424 7432 7474 7571 7649 7692 7856 7902 7938 7988 8023 8101 8199 8326 8437 8528 8565 8710 8931 8971 8987 8990 9013 9041 9066 9167 9264 9325 9376 9622 9754 10019 10158 10321 10422 10549 10694 10707 10735 10778 11083 11169 11188 11395 
#module 172 size: 11 bs: 0.55505
301 426 645 1513 1845 2681 2888 5976 8375 10825 10925 
#module 173 size: 16 bs: 0.601524
816 1714 2354 2900 4537 4654 4811 5279 5595 7477 8322 8590 8635 9211 9343 9679 
#module 174 size: 55 bs: 0.439897
172 192 438 473 1149 1428 1458 1569 2128 2294 2352 2404 2579 2682 2922 3101 3578 3932 3961 4080 4176 4233 4293 4528 4535 4539 4601 4712 4907 5283 5535 5663 5852 6268 6459 6911 7042 7200 7298 7337 7561 7727 7838 8527 8968 9162 9440 10218 10371 10454 10654 10672 10792 11463 11710 
#module 175 size: 56 bs: 0.388428
35 210 213 695 878 983 1555 1591 1597 1689 1726 1768 1885 2617 2718 2967 3212 3485 3550 3755 3759 3988 4180 4249 4403 4579 4674 5134 5227 5337 5387 5506 5538 5862 5879 6390 6481 6511 6669 6750 6863 7042 7362 7381 7614 8261 8557 8617 8762 9026 9410 9502 9979 10240 10329 10574 
#module 176 size: 19 bs: 0.774486
1036 1486 1695 2400 3882 4343 4637 5379 5479 5528 6359 6471 6863 7384 8041 8234 8673 9036 9402 
#module 177 size: 14 bs: 0.968095
904 1639 1918 4136 4477 4901 6482 6581 7103 7373 7869 9422 10974 12158 
#module 178 size: 23 bs: 0.916784
812 1139 1496 1859 2222 2778 3356 4993 6566 7102 7465 7784 7797 8346 8424 8452 8704 8716 8724 8770 9718 10629 10779 
#module 179 size: 22 bs: 0.649665
111 880 1280 1640 2907 3252 3262 3297 3629 3811 3816 4213 4430 5769 5857 6985 8608 8872 9208 9795 12559 12855 
#module 180 size: 17 bs: 0.374684
292 344 1007 1834 1880 3737 4910 6057 6199 7486 8896 9289 9345 9964 10196 11338 11989 
#module 181 size: 16 bs: 0.296888
327 2944 2952 2969 3627 3636 3646 3649 3684 5163 6097 6155 6491 9540 9791 12997 
#module 182 size: 68 bs: 0.388667
21 820 886 986 1098 1219 1378 1554 1816 1827 1840 2242 2321 2433 2506 2676 2910 2923 2936 2937 3116 3490 3661 4126 4172 4443 4459 4735 4849 5047 5070 5111 5232 5339 5396 5486 5510 5643 5752 5836 5907 5952 5958 6114 6212 6612 6673 6968 7289 7494 7818 8125 8324 8442 8472 8606 8901 9587 9924 10250 10402 10404 10515 11379 11450 11966 12648 12756 
#module 183 size: 46 bs: 0.158536
124 127 510 774 1015 1420 1635 1879 2122 2339 2607 2825 2835 2849 2876 2927 3128 3393 3410 3544 3861 4165 4406 4925 6048 6241 6317 6869 7277 7536 7551 7640 7927 8440 8459 8499 9145 9383 9394 9700 9830 9933 10084 10232 11213 11591 
#module 184 size: 49 bs: 0.995541
213 376 465 521 849 985 1740 1825 1920 1980 2110 2627 2677 2829 2967 3198 3214 3511 3535 3609 3853 4035 4046 4092 4286 4419 4758 5280 5511 5538 5576 5737 6658 6744 7174 7464 7597 7614 8762 8823 8876 9298 9348 9721 10362 10617 10978 11448 11491 
#module 185 size: 169 bs: 0.359094
95 123 190 220 359 369 537 540 718 862 1060 1105 1117 1241 1277 1301 1305 1320 1377 1466 1481 1483 1791 1932 1979 2024 2084 2142 2169 2186 2190 2192 2193 2194 2209 2212 2215 2221 2253 2406 2628 2737 2801 2855 2883 2918 2950 3017 3124 3200 3204 3205 3360 3397 3580 3591 3654 3776 3794 3818 3822 3847 3852 3855 3867 3914 3917 3989 4001 4033 4222 4429 4461 4487 4517 4590 4622 4631 4641 4703 4704 4718 4780 4969 5041 5221 5252 5263 5345 5367 5453 5492 5494 5559 5707 5735 5740 5887 6174 6216 6229 6274 6300 6372 6550 6553 6560 6561 6567 6835 7072 7263 7292 7316 7335 7377 7426 7483 7504 7513 7554 7570 7595 7735 7743 7832 7997 8084 8309 8349 8376 8394 8434 8506 8771 8845 8891 8922 8961 9091 9253 9338 9475 9495 9514 9594 9745 9790 9840 10079 10116 10193 10262 10337 10344 10433 10480 10643 10677 10970 11069 11126 11145 11266 11664 11994 12595 12618 12663 
