#module 0 size: 6 bs: 0.00770959
333 2223 2467 3295 6167 6819 
#module 1 size: 4 bs: 0.0288945
242 520 4501 6676 
#module 2 size: 11 bs: 0.0168764
1387 1441 2530 3320 3834 4542 4728 5694 5771 6255 6719 
#module 3 size: 13 bs: 0.0329435
584 2134 2141 2417 2863 2893 3127 5421 5451 5730 6224 6513 6648 
#module 4 size: 5 bs: 1.06974
1028 1106 2767 2854 5766 
#module 5 size: 43 bs: 0.553729
388 393 622 657 673 718 777 966 989 1085 1241 1365 1372 1934 1938 2114 2414 2455 2457 2760 2815 2850 2871 3496 3514 3516 3622 3639 3873 3984 4282 4327 4483 4491 4575 5266 5450 5552 5624 6162 6201 6695 6760 
#module 6 size: 9 bs: 0.592418
1455 1532 1656 2935 2976 3797 3877 4737 6707 
#module 7 size: 6 bs: 0.770592
281 651 3478 3850 4726 5735 
#module 8 size: 4 bs: 0.129783
524 918 4038 4845 
#module 9 size: 4 bs: 0.974197
3096 3531 4387 5250 
#module 10 size: 4 bs: 0.429628
32 2018 2615 6595 
#module 11 size: 22 bs: 0.467417
10 351 492 730 1187 1422 1843 1971 1983 2996 3216 3245 3719 4100 4969 5270 5698 5798 6366 6417 6712 6912 
#module 12 size: 8 bs: 0.527209
274 1412 2324 2766 3299 3653 4270 4924 
#module 13 size: 12 bs: 0.138186
169 1963 2041 2584 2790 2927 4558 4966 4987 5496 5644 6772 
#module 14 size: 4 bs: 1.03681
405 2672 3262 4844 
#module 15 size: 7 bs: 0.139892
514 1660 2623 2830 3941 4468 6556 
#module 16 size: 20 bs: 0.242148
59 276 625 1227 1441 1501 1637 2533 2780 2958 3083 3320 3858 4608 4728 4796 5337 5694 6255 6384 
#module 17 size: 6 bs: 0.618016
1127 2077 2773 3994 4694 4751 
#module 18 size: 9 bs: 0.268715
1145 1437 1592 1914 2944 3322 3580 4583 6908 
#module 19 size: 42 bs: 0.371867
113 230 245 308 400 887 1457 1627 1630 1713 1760 2057 2190 2323 2362 2421 2810 2820 2956 3160 3350 3454 3561 3908 4430 4579 4684 4808 4846 5077 5264 5295 5410 5846 5929 5978 6232 6270 6562 6592 6605 6922 
#module 20 size: 46 bs: 0.924564
385 452 557 590 648 706 912 1184 1293 1689 1890 1968 2044 2086 2170 2431 2608 2611 2905 3348 3563 3784 3804 3849 4001 4082 4267 4278 4323 4339 4367 4541 4720 4801 4909 4925 5157 5334 5696 5767 5897 6065 6121 6367 6575 6896 
#module 21 size: 27 bs: 0.406998
471 589 692 731 1029 1318 1320 1480 1877 2593 2604 3028 3091 3270 3788 5233 5277 5506 5510 5668 6134 6238 6315 6432 6462 6694 6833 
#module 22 size: 19 bs: 0.777549
37 124 813 1107 1652 1703 2133 2764 2779 3157 3297 3406 3630 4922 5872 5950 5991 6456 6828 
#module 23 size: 23 bs: 0.353278
420 471 796 1465 1478 1500 1614 1681 1818 2750 2937 2942 3029 3799 3808 3872 4033 4536 4744 5176 5273 6363 6857 
#module 24 size: 5 bs: 0.978546
680 1587 3668 5862 6023 
#module 25 size: 10 bs: 0.662038
674 1000 1415 2203 2206 2963 3542 5020 6228 6579 
#module 26 size: 8 bs: 0.32294
1408 1617 2468 3272 3678 4930 5612 6603 
#module 27 size: 6 bs: 0.492945
1351 4040 4310 4994 5462 5896 
#module 28 size: 39 bs: 0.175066
1 57 414 469 670 814 907 1375 1403 1477 1857 2139 2336 2436 2966 2973 3248 3546 3576 3710 3845 4051 4053 4199 4317 4330 4394 4568 4774 4879 5211 5441 5447 6244 6291 6299 6331 6486 6808 
#module 29 size: 67 bs: 1.00585
99 319 522 594 616 666 753 783 801 846 881 967 978 1246 1283 1289 1381 1393 1402 1670 1672 1736 1772 1785 1961 2216 2306 2370 2489 2598 2890 2912 2913 3035 3264 3289 3316 3416 3480 3585 3742 3848 3891 3946 4017 4328 4427 4470 4582 4815 4875 4980 5060 5081 5144 5774 5788 5810 5971 6087 6120 6148 6374 6436 6515 6622 6641 
#module 30 size: 33 bs: 1.06827
298 611 647 910 951 1621 1814 1920 1959 2375 2849 2930 3258 3409 3441 3458 3914 4081 4303 4389 4465 4790 5125 5193 5204 5230 5427 5874 5889 6043 6619 6725 6892 
#module 31 size: 19 bs: 0.302607
49 237 306 442 2048 2068 2227 2879 3549 3627 4140 4597 4671 5376 5648 5663 5715 5927 6439 
#module 32 size: 21 bs: 1.00654
194 984 1620 2175 2193 2419 2508 2568 3955 4252 4368 5005 5184 5458 5540 5610 5934 6192 6507 6863 6876 
#module 33 size: 66 bs: 0.243515
11 156 461 614 623 805 816 852 870 1010 1073 1082 1090 1109 1259 1413 1516 1682 1834 2168 2201 2300 2478 2514 2555 2582 2617 3018 3074 3187 3241 3276 3290 3328 3337 3358 3660 3867 3932 4223 4386 4399 4405 4505 4635 4792 4827 5209 5276 5335 5508 5607 5652 5706 5758 5923 5932 6031 6089 6121 6372 6379 6501 6553 6811 6846 
#module 34 size: 15 bs: 0.896228
188 799 2235 2430 2531 2710 2877 2881 3681 4473 5658 5674 5727 6085 6910 
#module 35 size: 23 bs: 0.534169
25 39 211 451 788 863 1233 1405 1578 1792 1806 1907 2217 3003 3085 3238 3448 3789 3976 4228 4667 5150 6034 
#module 36 size: 39 bs: 0.643735
301 603 768 1460 1679 1688 1707 2261 2433 2724 2804 3026 3218 3260 3280 3397 3981 4024 4119 4348 4362 4396 4440 4448 4750 4825 5095 5159 5303 5355 5552 5555 6033 6069 6196 6210 6262 6333 6921 
#module 37 size: 24 bs: 0.509288
479 767 1282 1298 1427 1428 1903 2145 2589 2954 3134 3263 3491 3622 4200 4261 4451 4460 4970 5446 5797 6129 6668 6791 
#module 38 size: 74 bs: 0.276806
122 168 353 357 486 496 811 877 889 1001 1571 1629 1824 1867 1926 1958 2015 2161 2181 2191 2409 2662 2681 2729 2866 2925 2936 3140 3487 3517 3751 4049 4088 4089 4137 4149 4312 4359 4408 4434 4686 4768 4798 4907 4946 5107 5175 5178 5314 5339 5391 5486 5609 5638 5707 5753 5761 5926 5931 5957 6003 6088 6213 6261 6267 6345 6441 6443 6471 6482 6545 6632 6799 6917 
#module 39 size: 36 bs: 0.268848
91 243 641 829 851 1077 1211 1366 1566 2496 2606 2752 2955 2982 3120 3221 3369 3574 3650 3657 3884 3963 3980 4126 4253 4388 4397 4474 4809 4867 4904 4979 5014 5655 5836 6478 
#module 40 size: 34 bs: 0.865133
535 567 1102 1488 2189 2248 2498 2581 2694 2700 3041 3055 3099 3117 3119 3158 3315 3518 4042 4163 4347 4615 5025 5280 5350 5353 5493 5975 6009 6098 6119 6179 6242 6628 
#module 41 size: 47 bs: 0.713128
47 321 332 447 542 598 1036 1096 1378 1561 1655 1691 1777 2092 2398 2488 2562 2569 2632 2721 2788 2864 2948 3251 3438 3620 3769 3925 4085 4326 4425 4565 5133 5326 5437 5556 5569 5699 5786 5866 5880 5938 5968 6431 6599 6830 6843 
#module 42 size: 20 bs: 0.128452
250 484 1409 1791 1946 3267 3366 3648 3831 4345 4352 4816 4932 4963 5379 5799 6191 6300 6580 6806 
#module 43 size: 25 bs: 0.718026
37 1076 1268 1474 1634 1699 1732 1820 2367 2454 2656 2698 2740 2782 3243 3866 4730 4965 5418 5881 6097 6180 6241 6792 6852 
#module 44 size: 47 bs: 0.366709
207 246 447 542 598 1096 1206 1295 1358 1538 2202 2428 2519 2746 2784 2788 2805 2948 3164 3393 3427 3438 3446 3824 3859 4326 4639 4997 5011 5034 5067 5155 5395 5699 5771 5830 5938 6214 6311 6365 6408 6421 6464 6599 6781 6830 6888 
#module 45 size: 40 bs: 0.972685
78 87 99 316 642 753 836 861 978 1307 1404 1436 1549 2009 2298 2370 2482 2570 2690 2839 2912 3106 3346 3431 3664 3851 3937 3952 4005 4243 4797 4906 4991 5212 5354 5751 6083 6148 6621 6915 
#module 46 size: 41 bs: 0.444098
87 543 642 661 983 1416 1757 1895 2043 2145 2246 2298 2387 2574 2607 2647 2841 2947 3134 3189 3395 3524 3609 3665 3672 4169 4249 4419 4427 4464 4843 4874 4970 5004 5116 5416 5738 5839 6021 6518 6916 
#module 47 size: 43 bs: 0.643938
19 135 235 290 415 530 817 888 1213 1406 1814 1911 2521 2525 2550 2727 2746 2776 3370 3476 3777 3885 4400 4410 4478 4481 4484 4802 4820 4885 4908 5052 5078 5103 5343 5397 5647 5650 5703 5716 5964 6504 6724 
#module 48 size: 54 bs: 0.636602
28 240 367 382 398 407 460 740 966 1151 1241 1265 1372 1400 1848 1874 1909 2158 2166 2408 2414 2455 2537 2551 2594 2701 2714 2887 3199 3312 3497 3639 4020 4207 4280 4390 4391 4476 4852 4967 4983 5266 5380 5450 5552 5807 5811 5944 6162 6201 6391 6463 6511 6664 
#module 49 size: 36 bs: 1.08945
270 627 682 1031 1059 1076 1169 1285 1420 1461 1523 1896 2072 2215 2713 2723 2765 3392 3778 3780 3795 3806 4031 4675 5065 5442 5471 5498 5842 5853 5882 6029 6039 6180 6285 6309 
#module 50 size: 26 bs: 1.05996
111 305 818 822 1236 1244 1369 1659 1668 1964 2040 2078 2165 2621 2812 4059 4142 4434 4862 5071 5090 5400 5983 6108 6613 6727 
#module 51 size: 46 bs: 0.701094
46 88 145 162 260 323 432 481 537 740 941 1011 1159 1195 1239 1266 1302 1531 1547 1667 1950 1994 2057 2060 2333 2520 2553 2580 2900 3261 4018 4020 4305 4684 4822 4840 4972 5082 5336 5410 6004 6082 6090 6116 6706 6788 
#module 52 size: 30 bs: 0.78787
38 265 1074 1170 1348 1479 1513 2243 2269 2314 2327 2343 2957 3415 3896 4086 4374 4402 4545 4622 5051 5100 5600 5700 5816 5870 5945 6277 6319 6820 
#module 53 size: 36 bs: 1.01797
486 1001 1417 1629 1698 2011 2137 2225 2340 2342 2384 2682 2702 3020 3330 3541 3922 3970 4049 4170 4208 4298 4525 4785 4873 5098 5201 5550 5606 5622 5761 6279 6443 6561 6652 6920 
#module 54 size: 53 bs: 1.06777
100 165 417 900 906 960 1066 1097 1333 1525 1752 1767 1940 2046 2084 2207 2328 2575 2753 3137 3178 3570 3800 3810 3964 4036 4093 4182 4204 4497 4628 4677 4701 4717 5043 5287 5426 5529 5564 5602 5633 5649 5687 5721 5791 6306 6404 6447 6481 6578 6643 6683 6809 
#module 55 size: 46 bs: 0.751468
180 278 322 403 604 821 892 968 1069 1144 1161 1163 1228 1425 1608 1609 1640 2066 2138 2171 2192 2196 2381 2473 2474 2715 2844 3125 3321 3335 3502 3522 3911 3977 4026 4161 4244 4364 4461 5481 5778 5796 5967 6231 6569 6793 
#module 56 size: 21 bs: 0.142579
119 766 895 1052 1542 1643 1793 1864 1964 2376 2791 3302 3374 4304 4474 5083 5334 5466 6013 6519 6571 
#module 57 size: 55 bs: 0.580938
6 167 193 198 273 285 376 435 482 498 504 545 554 689 779 785 890 949 1144 1197 1670 1878 1935 2082 2160 2444 2462 2840 3161 3194 3222 3255 3485 3597 3598 3636 4365 4366 4392 4496 4556 4860 5096 5124 5617 5676 5805 5887 5893 6087 6123 6653 6709 6716 6909 
#module 58 size: 43 bs: 1.08982
216 283 400 528 645 902 995 1152 1200 1391 1438 1738 1805 2323 2392 2732 2827 3313 3373 3454 3888 3929 3948 4019 4273 4321 4469 4504 4564 4578 4582 4588 4864 5167 5518 5525 5616 5726 5880 6081 6161 6516 6662 
#module 59 size: 46 bs: 0.343674
70 291 434 560 712 999 1018 1086 1120 1309 1323 1350 1403 1489 1507 1513 1517 1530 1623 1825 1893 2402 2986 3051 3317 3469 3791 3798 4318 4534 4547 4690 4761 5162 5275 5376 5440 5708 5743 5776 5784 5977 6277 6600 6763 6797 
#module 60 size: 46 bs: 0.791439
155 643 646 839 848 896 966 1013 1137 1163 1225 1852 1863 1941 2274 2464 2552 2676 2965 3053 3210 3224 3355 3372 3486 3501 3540 3582 4050 4129 4219 4288 4316 4322 4483 4634 4788 4821 4924 4936 5019 5595 5795 6642 6775 6780 
#module 61 size: 70 bs: 0.742803
99 153 198 204 447 504 602 741 786 902 971 1168 1250 1393 1588 1705 1722 1779 2002 2009 2033 2093 2117 2178 2275 2331 2412 2525 2527 2653 2717 2833 2862 2933 2998 3061 3141 3253 3289 3456 3527 3568 3820 3962 4116 4208 4336 4535 4784 4824 4943 4975 5069 5161 5286 5298 5491 5793 5800 5913 6005 6010 6211 6260 6292 6409 6544 6669 6678 6680 
#module 62 size: 48 bs: 1.03425
77 142 309 324 349 382 462 502 509 559 695 857 917 938 943 1147 1243 1323 1492 1503 1509 1649 1871 2070 2337 2847 2923 2928 3205 3296 3324 3990 4158 4547 4729 4839 5292 5477 5907 6059 6332 6389 6403 6580 6677 6756 6757 6919 
#module 63 size: 49 bs: 0.872377
208 247 376 637 873 949 1670 1908 2083 2125 2272 2332 2643 2670 2692 2869 2884 3000 3014 3100 3161 3188 3410 3601 3645 3731 4248 4308 4325 4581 4855 4896 4952 5215 5284 5513 5531 5807 5933 5993 6013 6087 6128 6280 6490 6494 6541 6548 6750 
#module 64 size: 83 bs: 0.860105
104 257 366 501 646 848 945 1009 1117 1129 1163 1253 1301 1305 1448 1633 1661 1670 1848 1852 1877 1907 2010 2162 2171 2484 2490 2670 2692 2740 2809 2845 2994 3133 3161 3239 3347 3372 3439 3459 3483 3486 3522 3555 3919 3999 4129 4269 4353 4361 4370 4415 4428 4443 4660 4881 4926 4958 4989 5073 5104 5106 5233 5408 5417 5449 5588 5593 5643 5655 5711 5748 5914 6077 6080 6204 6276 6424 6503 6642 6750 6827 6875 
#module 65 size: 19 bs: 0.416463
138 958 1064 1201 1350 1463 1533 1657 1744 2711 2744 2832 3802 3841 5814 5857 5898 5951 6026 
#module 66 size: 85 bs: 0.308967
129 233 313 378 527 538 576 590 790 878 913 952 962 992 1021 1138 1244 1353 1642 1668 1694 1702 1875 1876 2028 2099 2254 2321 2510 2513 2526 2619 2651 2668 2677 2742 2757 2908 3030 3091 3114 3190 3235 3361 3402 3418 3617 3644 3687 3754 4077 4224 4306 4324 4379 4509 4604 4614 4625 4739 4787 4861 4900 4951 5045 5066 5179 5206 5306 5917 5921 6000 6004 6027 6050 6114 6173 6258 6392 6659 6710 6728 6755 6802 6856 
#module 67 size: 119 bs: 0.806638
66 110 129 137 144 161 201 210 226 378 416 515 533 585 618 667 688 697 716 871 878 913 975 988 991 1138 1190 1247 1364 1453 1514 1585 1771 1870 1876 1917 1923 1941 2188 2254 2288 2305 2385 2474 2517 2573 2576 2595 2602 2619 2880 2990 3008 3016 3030 3086 3091 3114 3146 3235 3360 3361 3440 3488 3499 3530 3591 3633 3644 3687 3907 3910 3917 4037 4077 4114 4216 4219 4224 4509 4614 4679 4733 4739 4900 4918 4953 5010 5037 5066 5179 5187 5231 5254 5288 5364 5372 5468 5594 5632 5686 5825 5840 5908 5928 5982 6022 6160 6258 6427 6467 6527 6630 6659 6673 6694 6710 6755 6790 
#module 68 size: 105 bs: 1.03954
42 45 80 109 183 223 328 337 344 363 583 640 769 770 775 1154 1257 1342 1376 1394 1498 1502 1544 1735 1750 1781 1811 1919 1949 1966 1991 2090 2095 2096 2131 2208 2242 2301 2355 2386 2404 2424 2447 2479 2495 2688 2697 2865 2926 2970 2997 3043 3072 3105 3150 3192 3287 3371 3408 3469 3512 3528 3535 3567 3743 3791 3875 3916 3975 4014 4155 4313 4546 4651 4847 4864 4884 4974 5033 5143 5342 5472 5488 5490 5590 5736 5844 5910 5911 5974 6061 6102 6135 6175 6256 6304 6357 6376 6547 6554 6560 6567 6570 6778 6851 
#module 69 size: 78 bs: 0.189791
9 142 312 326 338 364 440 509 653 698 726 769 955 1083 1183 1292 1555 1720 1780 1787 2007 2106 2135 2200 2235 2267 2357 2566 2865 2895 3048 3072 3139 3202 3329 3332 3362 3463 3520 3596 3711 3912 3975 3993 4045 4277 4345 4450 4577 4592 4639 4762 4772 4800 4996 5127 5141 5188 5218 5318 5386 5562 5672 5752 5775 5808 6105 6122 6230 6273 6390 6442 6454 6583 6586 6638 6639 6851 
#module 70 size: 42 bs: 0.422294
126 163 330 395 589 743 813 1029 1092 1095 1263 1434 1495 1790 2311 2579 2588 2699 2882 3065 3075 3088 3488 3886 4234 4662 4740 4748 5037 5265 5359 5364 5369 5554 5908 6022 6075 6131 6427 6480 6785 6866 
#module 71 size: 43 bs: 0.536159
69 536 587 592 640 659 840 972 1005 1047 1121 1126 1257 1308 1450 1459 1526 2130 2148 2224 2634 2926 3089 3715 3723 3758 3822 4682 4713 5013 5192 5473 5492 5842 5998 6071 6268 6281 6286 6440 6484 6640 6644 
#module 72 size: 31 bs: 0.286
453 807 1091 1291 1486 1569 1652 1674 1712 1778 1913 2214 2348 2379 2411 2515 2706 2870 3032 3155 3778 3796 4363 4760 5731 5953 6057 6238 6282 6322 6795 
#module 73 size: 14 bs: 0.959618
35 423 1580 1851 2238 3420 3749 3779 3930 4433 4703 4711 5858 5869 
#module 74 size: 9 bs: 0.593822
271 384 724 1072 2014 2019 2664 3353 6195 
#module 75 size: 89 bs: 0.228724
151 336 561 572 628 681 719 764 797 854 1188 1217 1234 1245 1278 1287 1310 1396 1418 1464 1541 1590 1599 1636 1648 1783 1796 1833 1892 1899 1927 1928 1947 2120 2349 2350 2353 2365 2493 2558 2613 2624 2695 2889 3035 3113 3201 3276 3377 3412 3445 3461 3573 3614 3727 3743 3750 3785 4121 4138 4180 4198 4222 4241 4314 4549 4619 4630 4722 4786 4802 4829 4992 5018 5094 5109 5357 5358 5382 5459 5503 5548 5875 5903 6133 6206 6380 6558 6700 
#module 76 size: 63 bs: 0.648974
74 79 123 172 387 394 425 523 792 911 919 932 1024 1032 1035 1084 1199 1215 1392 1468 1582 1731 1733 1753 1797 2097 2249 2400 2704 2796 2811 2816 2920 2941 2952 3042 3098 3229 3430 3466 3953 4041 4221 4569 4632 4716 5076 5118 5148 5160 5220 5234 5614 5630 5724 5739 6144 6249 6334 6417 6430 6628 6762 
#module 77 size: 47 bs: 0.607285
391 402 677 701 736 956 1007 1230 1258 1665 1930 2000 2127 2309 2352 2378 2477 2578 2792 3060 3177 3362 3515 3869 3942 3988 3998 4008 4013 4109 4333 4639 4795 5086 5413 5424 5429 5584 5958 6070 6203 6383 6407 6434 6445 6744 6871 
#module 78 size: 122 bs: 0.157123
2 26 98 115 136 146 184 258 335 347 352 370 373 410 439 601 679 791 944 948 1012 1133 1252 1254 1261 1278 1294 1306 1388 1465 1575 1653 1669 1711 1784 1786 1898 1936 2012 2025 2049 2062 2172 2187 2209 2268 2295 2296 2330 2360 2393 2418 2506 2524 2544 2592 2620 2781 2912 3004 3021 3077 3168 3211 3280 3282 3352 3365 3368 3403 3507 3511 3553 3556 3564 3647 3739 3742 3938 3946 4104 4279 4331 4348 4371 4449 4490 4589 4652 4878 4898 4961 4986 4988 5057 5070 5084 5136 5366 5479 5483 5515 5555 5642 5677 5684 5789 5827 5985 6158 6210 6225 6308 6339 6523 6529 6625 6671 6696 6701 6705 6861 
#module 79 size: 64 bs: 0.604562
36 76 189 279 293 663 668 675 686 728 737 754 757 1016 1020 1429 1548 1625 1758 1942 2055 2219 2318 2322 2370 2475 2532 2639 2776 3062 3090 3143 3212 3536 3560 3566 3612 3614 3898 4006 4340 4417 4526 4763 4764 4935 4968 5024 5078 5180 5183 5226 5524 5577 5773 5817 5963 6051 6202 6381 6411 6479 6743 6836 
#module 80 size: 79 bs: 0.221597
15 125 190 253 365 406 437 494 579 624 752 853 860 942 1104 1271 1473 1789 1812 1910 2265 2280 2284 2286 2481 2689 2722 2749 2777 2794 2808 2852 2885 2950 2998 3122 3193 3232 3301 3305 3324 3454 3468 3533 3587 3804 3826 4010 4095 4284 4414 4574 4647 4871 4887 4985 5072 5113 5130 5171 5387 5485 5500 5740 5956 6084 6089 6229 6288 6320 6364 6388 6469 6526 6582 6606 6854 6863 6869 
#module 81 size: 86 bs: 0.121441
54 96 389 519 568 729 745 809 1026 1094 1262 1346 1446 1449 1527 1531 1564 1664 2179 2325 2437 2503 2538 2541 2590 2618 2712 2731 2770 2846 2851 2868 2949 2979 3024 3038 3154 3156 3178 3426 3640 3793 3795 3801 3854 4265 4562 4595 4606 4659 4738 4894 5029 5087 5149 5207 5239 5244 5267 5289 5290 5501 5507 5543 5572 5592 5904 5918 5969 6001 6041 6058 6095 6137 6239 6253 6334 6576 6617 6706 6803 6810 6826 6839 6905 6923 
#module 82 size: 17 bs: 0.672064
160 495 531 593 898 1607 2628 3356 3534 3824 3846 4184 4435 5299 5713 5938 6495 
#module 83 size: 22 bs: 0.605152
267 691 804 880 1423 1720 2669 2968 3327 3421 3500 3943 4275 4351 4639 5345 5952 6330 6502 6693 6703 6816 
#module 84 size: 143 bs: 0.840518
48 86 254 277 422 516 583 633 636 656 705 726 744 770 855 872 1037 1243 1270 1338 1581 1610 1624 1635 1687 1723 1729 1814 1837 1869 1888 1916 1919 1920 1959 1970 1980 1981 2022 2024 2122 2334 2347 2354 2355 2358 2375 2422 2441 2461 2565 2739 2754 2789 2842 2894 2962 3071 3198 3249 3268 3275 3285 3288 3329 3332 3413 3472 3498 3587 3615 3649 3680 3684 3711 3726 3852 3924 4016 4081 4242 4291 4344 4384 4389 4401 4420 4452 4479 4485 4543 4790 4826 4853 4939 4962 4976 4996 5015 5101 5141 5172 5185 5199 5304 5362 5377 5411 5448 5456 5476 5495 5586 5723 5736 5772 5834 5844 5873 5874 5939 5990 6092 6102 6135 6165 6170 6264 6310 6393 6413 6590 6601 6725 6739 6741 6754 6776 6778 6807 6829 6903 6918 
#module 85 size: 26 bs: 1.01233
239 638 847 849 939 1308 1628 2814 2872 2972 3736 4139 4168 4817 5195 5224 5325 5396 5756 5855 6321 6499 6531 6545 6584 6726 
#module 86 size: 54 bs: 0.968903
282 327 397 562 614 781 851 1038 1103 1148 1272 1746 2183 2339 2460 2542 2627 2824 3024 3196 3537 3586 3613 3629 3747 3767 3818 3960 4192 4230 4413 4554 4599 4627 4650 4706 4789 4804 5117 5659 5671 5725 5741 5941 6038 6110 6149 6246 6263 6305 6549 6698 6711 6812 
#module 87 size: 40 bs: 0.811262
123 133 394 617 1323 1339 1345 1392 1398 1530 1616 1731 1800 1825 2313 2397 2860 2941 2982 2986 3098 3781 3805 3953 4175 4561 4993 5160 5169 5234 5312 5338 5469 5630 6016 6036 6094 6318 6629 6860 
#module 88 size: 89 bs: 1.00618
4 22 42 343 359 430 466 556 560 608 735 750 1019 1154 1395 1403 1430 1613 1631 1773 1789 1989 2096 2120 2184 2286 2293 2304 2331 2341 2355 2383 2423 2447 2492 2626 2793 2874 3001 3148 3209 3231 3317 3382 3398 3469 3539 3600 3743 3875 3892 3983 4017 4258 4292 4332 4383 4508 4761 4777 4793 4872 4972 4980 4984 5046 5170 5189 5368 5373 5385 5457 5482 5515 5568 5876 5891 5956 6078 6177 6200 6288 6317 6350 6517 6549 6627 6651 6763 
#module 89 size: 51 bs: 0.294601
3 7 53 72 148 581 825 1099 1209 1232 1439 1483 1713 1725 1762 1768 1795 2123 2313 2323 2560 2886 2913 2953 3345 3588 3606 3812 3843 3969 4189 4551 4803 4895 4927 5144 5162 5168 5229 5525 5651 5704 5719 5792 5906 6006 6115 6419 6500 6562 6699 
#module 90 size: 57 bs: 0.146781
112 143 176 409 418 614 1036 1223 1349 1457 1466 1493 1630 1700 2065 2625 2660 2687 2762 2783 2897 3024 3025 3227 3290 3340 3620 3629 3638 3708 3781 3815 4255 4403 4445 4684 4688 4699 4738 5186 5326 5338 5410 5430 5614 5763 5785 5787 5929 5932 5938 5970 6025 6058 6372 6397 6534 
#module 91 size: 53 bs: 0.302764
177 200 310 448 723 865 1181 1288 1912 1993 2054 2126 2277 2303 2314 2401 2509 2798 2945 3015 3017 3104 3151 3182 3474 3489 3602 3637 3896 3997 4053 4103 4294 4343 4379 4775 4780 4794 4912 5051 5340 5423 5460 5609 5667 6117 6571 6588 6729 6859 6891 6898 6906 
#module 92 size: 41 bs: 0.152362
196 232 299 369 406 904 1022 1206 1497 1508 1948 1957 1992 2074 2233 2481 2852 2998 3056 3130 3492 3694 3732 3836 4127 4268 4446 4854 4973 5021 5374 5563 5637 6103 6171 6178 6260 6461 6525 6528 6784 
#module 93 size: 53 bs: 0.671177
244 421 457 529 683 693 864 876 1054 1162 1208 1240 1276 1320 1442 1520 1529 1569 1601 1605 1674 1701 1807 2674 2771 2823 2932 2938 2964 2975 3291 3423 3424 3753 4154 4319 4734 5294 5305 5327 5360 5645 5653 5780 5845 6052 6185 6198 6205 6422 6480 6485 6597 
#module 94 size: 22 bs: 0.401144
34 295 476 940 1189 1300 1573 1657 1710 1714 2003 2395 2491 2754 2779 3064 3163 3304 4201 4736 5695 6328 
#module 95 size: 102 bs: 0.742728
197 206 297 379 505 531 701 742 808 974 1017 1077 1174 1192 1211 1261 1334 1347 1394 1566 1577 1612 1660 1748 1801 1904 1987 2000 2035 2073 2157 2194 2294 2346 2439 2446 2500 2556 2799 2819 2857 3173 3181 3216 3221 3271 3331 3351 3354 3400 3440 3655 3656 3657 3692 3782 3803 3813 3816 3823 3936 4015 4068 4092 4099 4102 4162 4346 4388 4438 4665 4677 4783 4806 4844 4979 4990 5131 5193 5222 5299 5502 5690 5693 5821 5856 5976 6066 6113 6146 6195 6269 6303 6405 6434 6478 6497 6602 6604 6641 6740 6751 
#module 96 size: 30 bs: 0.167596
102 118 256 297 700 742 1612 1759 2042 2554 2556 2569 3173 3656 3730 3915 4079 4085 4323 4334 5012 5202 5729 5752 5786 6060 6415 6420 6450 6759 
#module 97 size: 35 bs: 0.274117
19 212 218 231 249 774 778 830 888 1020 1149 1153 1156 1562 1646 1775 1925 2008 2253 2415 2499 2727 2776 2967 3490 3608 3903 4683 4890 5042 5253 5533 5674 6626 6649 
#module 98 size: 50 bs: 0.985314
75 195 248 262 453 1018 1030 1034 1060 1327 1452 1504 1743 1829 1913 2108 2111 2149 2174 2561 2706 2707 2763 2765 2943 2988 3155 3229 3752 3982 4057 4087 4356 4704 5080 5214 5242 5297 5470 5710 5864 5888 5973 6011 6047 6100 6277 6609 6732 6848 
#module 99 size: 1 bs: 1
65 
#module 100 size: 1 bs: 1
2959 
#module 101 size: 1 bs: 1
97 
#module 102 size: 1 bs: 1
6314 
#module 103 size: 1 bs: 1
192 
#module 104 size: 1 bs: 1
2855 
#module 105 size: 1 bs: 1
377 
#module 106 size: 1 bs: 1
5415 
#module 107 size: 1 bs: 1
518 
#module 108 size: 1 bs: 1
3847 
#module 109 size: 1 bs: 1
982 
#module 110 size: 1 bs: 1
13 
#module 111 size: 1 bs: 1
1654 
#module 112 size: 1 bs: 1
1186 
#module 113 size: 1 bs: 1
1841 
#module 114 size: 1 bs: 1
3174 
#module 115 size: 1 bs: 1
1965 
#module 116 size: 1 bs: 1
541 
#module 117 size: 1 bs: 1
2173 
#module 118 size: 1 bs: 1
5153 
#module 119 size: 1 bs: 1
5954 
#module 120 size: 1 bs: 1
2545 
#module 121 size: 1 bs: 1
5068 
#module 122 size: 1 bs: 1
3523 
#module 123 size: 1 bs: 1
2308 
#module 124 size: 1 bs: 1
3679 
#module 125 size: 1 bs: 1
1218 
#module 126 size: 1 bs: 1
3786 
#module 127 size: 1 bs: 1
3783 
#module 128 size: 1 bs: 1
4151 
#module 129 size: 1 bs: 1
4436 
#module 130 size: 1 bs: 1
5660 
#module 131 size: 1 bs: 1
5142 
#module 132 size: 1 bs: 1
6247 
#module 133 size: 1 bs: 1
5781 
#module 134 size: 1 bs: 1
2992 
#module 135 size: 1 bs: 1
3605 
#module 136 size: 1 bs: 1
5912 
#module 137 size: 1 bs: 1
3906 
#module 138 size: 1 bs: 1
459 
#module 139 size: 1 bs: 1
1118 
#module 140 size: 1 bs: 1
463 
#module 141 size: 1 bs: 1
4437 
#module 142 size: 1 bs: 1
472 
#module 143 size: 1 bs: 1
3349 
#module 144 size: 1 bs: 1
5093 
#module 145 size: 1 bs: 1
1039 
#module 146 size: 1 bs: 1
2901 
#module 147 size: 1 bs: 1
1045 
#module 148 size: 1 bs: 1
1454 
#module 149 size: 1 bs: 1
1171 
#module 150 size: 1 bs: 1
6720 
#module 151 size: 1 bs: 1
1185 
#module 152 size: 1 bs: 1
1229 
#module 153 size: 1 bs: 1
1414 
#module 154 size: 1 bs: 1
1242 
#module 155 size: 1 bs: 1
6787 
#module 156 size: 1 bs: 1
1363 
#module 157 size: 1 bs: 1
4641 
#module 158 size: 1 bs: 1
1485 
#module 159 size: 1 bs: 1
2680 
#module 160 size: 1 bs: 1
6506 
#module 161 size: 1 bs: 1
1618 
#module 162 size: 1 bs: 1
6093 
#module 163 size: 1 bs: 1
1647 
#module 164 size: 1 bs: 1
4524 
#module 165 size: 1 bs: 1
2907 
#module 166 size: 1 bs: 1
2315 
#module 167 size: 1 bs: 1
3704 
#module 168 size: 1 bs: 1
5681 
#module 169 size: 1 bs: 1
2516 
#module 170 size: 1 bs: 1
3961 
#module 171 size: 1 bs: 1
2559 
#module 172 size: 1 bs: 1
2633 
#module 173 size: 1 bs: 1
2610 
#module 174 size: 1 bs: 1
5989 
#module 175 size: 1 bs: 1
4194 
#module 176 size: 1 bs: 1
2743 
#module 177 size: 1 bs: 1
3623 
#module 178 size: 1 bs: 1
5008 
#module 179 size: 1 bs: 1
3136 
#module 180 size: 1 bs: 1
6837 
#module 181 size: 1 bs: 1
3451 
#module 182 size: 1 bs: 1
5841 
#module 183 size: 1 bs: 1
3770 
#module 184 size: 1 bs: 1
6324 
#module 185 size: 1 bs: 1
3883 
#module 186 size: 1 bs: 1
5151 
#module 187 size: 1 bs: 1
4453 
#module 188 size: 1 bs: 1
6913 
#module 189 size: 1 bs: 1
5618 
#module 190 size: 1 bs: 1
5794 
#module 191 size: 1 bs: 1
6452 
#module 192 size: 1 bs: 1
6593 
