#module 0 size: 15 bs: 0.31172
45 139 179 250 255 283 382 606 685 709 844 877 885 915 920 
#module 1 size: 76 bs: 0.56653
31 34 48 96 99 109 124 126 137 138 158 180 191 198 206 219 239 251 290 292 307 336 338 345 351 361 368 370 376 378 386 388 399 404 424 431 437 439 458 468 475 485 488 490 495 505 534 568 605 640 658 663 665 681 683 684 712 715 718 722 775 788 815 817 821 840 849 889 899 909 910 946 955 961 969 985 
#module 2 size: 71 bs: 0.249186
31 75 96 108 123 128 131 142 150 161 165 168 173 175 178 190 198 206 219 226 256 277 287 307 322 336 345 353 357 360 386 387 404 408 409 421 424 437 439 451 468 475 488 490 495 519 542 544 551 567 593 658 681 712 715 752 767 777 817 846 849 866 884 887 889 891 910 918 944 969 975 
#module 3 size: 38 bs: 0.280165
51 62 66 74 92 122 214 244 249 252 265 306 312 337 341 346 365 380 483 561 571 602 607 624 630 661 680 688 704 730 763 780 828 829 842 872 906 923 
#module 4 size: 25 bs: 0.963119
4 23 24 51 92 114 214 297 312 313 412 449 483 489 502 536 556 560 661 688 704 739 773 822 859 
#module 5 size: 47 bs: 0.136621
37 40 44 60 63 123 151 154 205 208 225 242 300 323 354 366 383 396 445 460 520 577 600 619 622 664 743 761 764 768 779 784 785 799 818 852 857 873 880 916 931 940 945 952 956 960 982 
#module 6 size: 61 bs: 1.06689
57 67 77 78 106 134 147 171 176 187 201 225 238 240 261 262 289 291 321 330 371 372 374 448 463 480 499 516 521 522 543 570 577 586 595 614 620 633 657 690 720 729 748 749 759 783 802 811 824 833 854 856 886 907 912 951 952 959 962 964 971 
#module 7 size: 69 bs: 0.560607
17 42 57 65 77 81 143 147 148 154 164 176 199 202 207 221 258 295 300 305 316 323 325 347 374 379 385 425 440 479 513 586 599 625 632 635 648 650 659 660 687 693 699 705 714 737 742 749 756 762 764 776 794 808 823 841 858 875 881 896 912 914 917 936 938 942 953 956 964 
#module 8 size: 47 bs: 0.270934
10 14 85 87 88 89 90 94 110 115 136 203 217 224 243 246 254 298 348 405 410 446 447 456 467 472 509 533 535 572 587 588 615 629 670 694 702 719 746 754 787 855 898 925 937 948 976 
#module 9 size: 27 bs: 0.360065
50 61 167 174 303 317 350 367 369 393 397 401 406 420 523 537 540 580 611 689 695 716 734 804 878 941 972 
#module 10 size: 37 bs: 0.252643
1 26 35 155 182 183 212 222 228 247 284 299 319 335 339 349 443 444 459 486 503 507 512 596 621 634 639 666 713 751 760 846 893 894 925 954 966 
#module 11 size: 49 bs: 0.131695
7 39 69 73 79 84 102 129 140 145 152 156 186 187 200 204 232 236 261 321 325 330 331 344 364 454 544 547 620 627 641 644 649 701 708 720 741 758 777 834 863 881 887 892 903 936 950 967 978 
#module 12 size: 77 bs: 0.870814
9 15 28 32 41 49 59 76 103 108 112 113 116 119 132 133 135 146 162 175 181 190 212 227 234 236 241 266 270 286 301 334 356 359 363 377 411 451 452 461 464 473 493 499 500 529 539 558 592 603 604 608 618 637 656 672 676 677 691 696 736 753 790 796 806 809 831 845 847 867 876 884 897 924 933 958 986 
#module 13 size: 26 bs: 0.886364
118 159 260 293 294 320 381 389 441 455 481 487 494 517 574 647 662 697 760 769 830 839 860 900 908 974 
#module 14 size: 75 bs: 0.290622
13 19 20 22 46 81 86 101 125 133 153 189 218 231 245 267 302 310 328 343 355 381 391 393 394 432 450 453 465 470 474 482 504 526 527 532 541 562 585 609 636 645 647 650 651 654 711 717 721 724 732 735 746 765 793 794 795 803 807 813 832 874 890 895 902 919 926 934 939 943 957 965 968 970 983 
#module 15 size: 83 bs: 0.101823
20 29 47 55 56 58 100 104 117 120 160 184 188 194 215 267 278 279 285 309 311 327 328 333 340 373 381 384 400 403 428 429 435 466 473 474 477 481 501 504 531 548 557 559 563 565 573 579 583 628 631 642 647 651 675 678 698 703 707 725 726 740 747 750 755 766 770 801 807 812 837 848 864 869 870 874 879 890 922 928 929 947 973 
#module 16 size: 43 bs: 0.307405
16 91 105 111 130 144 170 195 229 257 263 269 273 326 342 413 415 433 442 454 471 528 538 547 552 564 589 591 594 597 633 643 667 710 731 745 781 792 805 826 888 921 984 
#module 17 size: 106 bs: 0.697537
3 5 6 8 11 21 30 32 33 38 43 54 58 70 83 95 116 146 149 153 163 192 196 209 210 228 237 259 271 272 274 275 276 285 288 296 301 314 318 334 352 356 358 359 362 392 398 407 414 416 418 419 426 434 436 438 457 465 469 492 498 511 549 554 566 569 576 578 582 590 596 598 601 610 617 623 638 669 675 686 700 703 706 723 727 733 738 746 750 757 774 778 789 825 836 851 862 864 868 876 890 901 911 932 966 988 
#module 18 size: 101 bs: 0.719232
2 12 18 25 27 36 53 64 71 72 82 98 107 130 141 143 144 157 166 177 193 197 213 223 230 235 248 264 268 280 281 282 315 332 395 402 417 422 423 427 430 462 476 478 491 497 514 518 524 525 530 546 550 553 575 581 594 626 646 652 653 655 673 679 682 720 744 749 761 771 772 782 791 792 797 798 805 808 810 811 814 819 827 835 838 843 850 861 871 882 883 910 913 930 936 963 967 977 979 980 981 
#module 19 size: 84 bs: 1.07587
25 52 68 80 82 93 97 121 127 141 144 169 172 177 185 193 211 213 216 220 233 235 253 268 304 308 324 329 375 390 402 417 423 433 462 484 496 506 508 510 514 515 545 546 550 555 575 581 584 612 613 616 643 653 668 671 674 679 682 692 708 728 786 791 792 800 816 820 827 835 843 853 856 865 871 904 905 927 935 949 963 967 981 987 
