#module 0 size: 5 bs: 1.26742e-10
968 3910 4852 6311 6542 
#module 1 size: 4 bs: 5.55112e-16
2433 4235 4487 6785 
#module 2 size: 2 bs: 5.35838e-12
1990 6856 
#module 3 size: 4 bs: 6.0244e-08
1331 1922 2216 5440 
#module 4 size: 5 bs: 0.00102977
221 585 5150 5372 6329 
#module 5 size: 6 bs: 6.72198e-101
83 1040 2075 3477 4666 6528 
#module 6 size: 19 bs: 0.0146126
496 647 804 886 2136 2241 2281 3414 3960 4473 4619 4929 6081 6179 6206 6506 6583 6592 6651 
#module 7 size: 3 bs: 5.15072e-07
5267 5731 5734 
#module 8 size: 3 bs: 9.3302e-12
2 2647 4757 
#module 9 size: 4 bs: 6.25173e-102
720 5882 6346 6833 
#module 10 size: 10 bs: 3.7621e-12
2676 4657 5560 5578 5885 5894 6227 6285 6301 6338 
#module 11 size: 6 bs: 6.91781e-101
1231 1354 3844 4696 4830 6753 
#module 12 size: 3 bs: 0.00264436
280 353 6561 
#module 13 size: 3 bs: 1.44329e-15
1864 1865 5388 
#module 14 size: 5 bs: 0.000875692
2130 3198 4651 5777 6237 
#module 15 size: 13 bs: 0.000637671
227 852 1245 1555 1891 3420 3620 4482 5025 5253 5319 5464 6310 
#module 16 size: 8 bs: 2.75106e-07
60 1880 2120 3041 4257 4701 6177 6655 
#module 17 size: 3 bs: 8.83909e-08
6182 6426 6738 
#module 18 size: 4 bs: 4.13979e-101
173 2112 2803 6833 
#module 19 size: 21 bs: 0.0386368
266 354 573 693 1204 1359 1689 1907 1926 2160 2528 2844 2845 3358 3374 3778 4461 4671 5903 6519 6635 
#module 20 size: 3 bs: 1.05999e-08
2433 5886 6790 
#module 21 size: 4 bs: 0.0113912
1196 1805 3204 5639 
#module 22 size: 7 bs: 7.4987e-08
2112 2458 4011 5635 5869 6212 6309 
#module 23 size: 7 bs: 2.03226e-101
996 3059 3178 4153 6474 6681 6722 
#module 24 size: 24 bs: 0.00227614
57 479 625 628 909 1434 1988 2554 2708 2955 3212 3285 3289 3557 3613 3902 3975 4338 4602 4864 5589 5874 5889 6059 
#module 25 size: 11 bs: 0.332464
292 1535 1886 2455 2756 3532 3725 3776 3842 4178 6640 
#module 26 size: 71 bs: 0.19092
123 420 527 596 682 695 773 841 874 876 940 1004 1111 1237 1442 1511 1549 1554 1758 1799 1845 2018 2049 2682 2712 2719 2801 2807 2824 2828 2932 2979 3064 3065 3223 3258 3279 3281 3394 3797 3854 3865 4030 4151 4470 4693 4805 5182 5241 5244 5269 5367 5384 5453 5514 5587 5629 5651 5866 5926 6054 6058 6173 6306 6531 6550 6687 6738 6847 6895 6912 
#module 27 size: 9 bs: 1.04912
185 673 1495 2573 3812 3878 4511 5967 6472 
#module 28 size: 5 bs: 0.77493
839 1184 1594 1595 5951 
#module 29 size: 36 bs: 1.02132
235 527 673 674 730 1147 1160 1495 1505 1522 1687 1872 1971 2226 2439 2601 2682 2866 2940 3099 3681 3708 3808 4246 4375 4618 4644 5270 5364 5840 6043 6173 6247 6324 6794 6832 
#module 30 size: 31 bs: 0.82526
15 390 437 818 942 1011 1132 1349 1381 1794 1849 1891 2115 2183 2452 3627 3686 3779 3886 4039 4257 5522 5566 5785 5801 5842 6191 6197 6612 6779 6809 
#module 31 size: 11 bs: 1.01294
157 1683 2016 2607 2988 3029 3097 3572 4464 5622 5692 
#module 32 size: 13 bs: 0.871444
673 730 897 1529 2553 2570 2968 3869 3875 4001 4148 6370 6644 
#module 33 size: 27 bs: 0.828398
536 630 1625 1663 2024 2193 2212 2284 3031 3276 3463 3470 3707 3759 3985 4107 4130 4364 4573 4828 4910 5094 5733 5995 6263 6286 6320 
#module 34 size: 58 bs: 0.389238
7 105 361 434 596 657 682 874 945 1004 1109 1230 1435 1442 1486 1549 1554 1758 2018 2515 2682 2712 2807 2824 2829 2979 3044 3065 3279 3281 3394 3521 3869 3882 3885 4516 4683 4747 5182 5269 5298 5453 5480 5665 5872 6010 6054 6058 6111 6141 6163 6204 6306 6378 6531 6649 6738 6847 
#module 35 size: 11 bs: 1.05645
1569 1570 1583 2814 3111 3265 4258 4914 5436 6581 6791 
#module 36 size: 7 bs: 0.798691
1343 1732 2075 3691 6212 6538 6654 
#module 37 size: 16 bs: 0.194078
469 868 1295 1374 1924 2317 2491 2680 3442 3749 4337 4548 5456 6053 6645 6650 
#module 38 size: 25 bs: 0.44822
49 556 756 815 1191 1299 1416 2175 2193 2262 2438 2465 2598 3500 3571 3711 4222 4284 4450 4651 4801 4841 5131 5199 6502 
#module 39 size: 23 bs: 0.719666
717 740 1191 1568 2073 2234 2750 2969 3242 3314 3714 3894 3989 4303 4997 5011 5135 5319 5421 5963 6133 6137 6917 
#module 40 size: 8 bs: 0.563697
996 1455 2606 2851 4806 5985 6427 6636 
#module 41 size: 13 bs: 0.328092
765 2104 2108 2111 2297 2400 2563 3050 3283 3634 3746 5692 6616 
#module 42 size: 21 bs: 0.628785
20 496 1721 1775 1980 2019 2150 2404 2830 3817 3898 4849 4978 5056 5385 5457 5478 5620 5911 6081 6315 
#module 43 size: 8 bs: 0.449111
418 419 683 1571 2000 2001 2052 4217 
#module 44 size: 13 bs: 0.202859
901 1772 2347 2354 2432 3324 3533 3909 4634 4985 6343 6497 6500 
#module 45 size: 9 bs: 0.165156
858 1710 2129 2133 3527 4821 5662 6822 6848 
#module 46 size: 20 bs: 0.907233
1080 1104 1451 1564 2292 2355 2632 2967 3115 3120 3452 3688 3703 3855 4061 4083 4388 4664 4843 5272 
#module 47 size: 31 bs: 0.57137
179 966 1272 1725 2149 2266 2331 2365 2417 2489 2565 2623 2907 2929 3270 3306 3767 3931 4176 4336 4359 4509 4526 5164 5462 5728 6175 6354 6431 6468 6613 
#module 48 size: 24 bs: 0.798332
80 405 783 1003 1555 1581 2466 3213 3226 3268 3369 3505 4179 4358 4389 4652 5068 5199 5220 5296 5613 5740 6657 6819 
#module 49 size: 17 bs: 0.786593
67 380 892 1172 1180 1421 1806 1906 2635 2637 2909 3302 3737 3738 3789 5555 6882 
#module 50 size: 49 bs: 0.248736
191 300 374 400 422 433 958 1028 1567 1578 1719 1866 2066 2328 2459 2638 2673 2734 2774 2961 2984 3032 3039 3383 3436 3480 3792 3802 3879 3925 3980 4186 4263 4354 4535 4559 4643 5026 5107 5238 5739 5784 6034 6036 6509 6536 6640 6758 6893 
#module 51 size: 8 bs: 0.992072
927 2424 2691 3563 4908 5541 6423 6814 
#module 52 size: 10 bs: 0.465991
2384 2785 3457 3570 4011 4898 5838 5841 6406 6902 
#module 53 size: 22 bs: 0.324636
438 658 713 750 821 1453 1670 1951 2038 2200 2305 3021 3344 3416 3871 4811 4923 4924 4930 5558 5831 6017 
#module 54 size: 21 bs: 0.841724
305 421 875 891 986 1353 1400 2097 2209 2469 2867 3293 3389 3896 4642 5030 5419 5465 5516 6252 6849 
#module 55 size: 34 bs: 0.223832
319 532 582 704 1443 1503 1634 2025 2783 2840 2968 3174 3330 3387 4184 4429 4580 4613 4620 4720 5043 5266 5282 5288 5357 5612 5663 6149 6457 6471 6644 6709 6724 6755 
#module 56 size: 54 bs: 1.02882
23 132 214 215 296 342 372 534 738 763 851 1219 1342 1403 1490 1580 1752 1880 1935 1950 1966 1976 2022 2129 2133 2208 2287 2347 2448 2493 2589 2708 2775 2834 3131 3249 3335 3358 3917 3984 4106 4498 4567 4627 4723 4735 5156 5342 5481 5650 5809 5938 6199 6478 
#module 57 size: 13 bs: 0.970186
217 1210 1927 1948 2575 3232 3317 4156 4420 5622 6307 6546 6800 
#module 58 size: 10 bs: 0.379882
148 166 551 1785 1946 1958 3701 4872 5144 6915 
#module 59 size: 9 bs: 0.566605
138 316 1761 2860 4070 5176 5196 6777 6855 
#module 60 size: 6 bs: 0.110169
656 2668 2676 2685 3847 5223 
#module 61 size: 18 bs: 0.484696
323 1088 1104 1173 1651 2967 3132 3136 3458 4388 4984 5193 5226 5272 5695 6128 6569 6771 
#module 62 size: 12 bs: 0.219554
1500 2078 3569 3643 3673 3716 3799 4274 5158 5250 5605 5679 
#module 63 size: 5 bs: 0.113586
2883 4465 4667 4780 5773 
#module 64 size: 24 bs: 0.621616
357 1248 1457 1681 1737 1868 2195 2442 2747 3761 3881 4165 4211 4407 4415 4731 4874 5074 5191 5225 5816 6029 6745 6772 
#module 65 size: 21 bs: 1.08415
892 916 965 1127 1167 1171 1172 1175 1181 1202 2635 2910 4272 4276 4809 5069 5513 6064 6146 6158 6518 
#module 66 size: 40 bs: 0.6383
34 126 282 303 427 933 936 963 1169 1325 1335 1820 1834 2264 2276 2290 2359 2370 2612 2782 3297 3313 3431 3560 3641 3721 3953 3978 4438 4557 4749 5085 5111 5167 5520 5968 6074 6598 6647 6804 
#module 67 size: 13 bs: 0.300886
64 609 735 883 919 1179 1515 3800 4357 4833 5004 5200 6670 
#module 68 size: 22 bs: 0.595166
75 515 1057 1186 1440 1507 2015 2363 2964 2999 3034 3101 3244 4564 4690 4883 4884 5232 5233 5351 5865 6052 
#module 69 size: 7 bs: 0.583728
100 923 1030 1897 2256 3715 5344 
#module 70 size: 4 bs: 1.0036
503 4149 6134 6861 
#module 71 size: 20 bs: 1.04537
837 853 1031 1204 1257 1405 1494 1707 2002 2360 2579 2596 2702 2703 2716 3158 3379 3881 4365 5035 
#module 72 size: 10 bs: 0.815595
1529 1995 2196 2752 2937 3114 4004 5420 5538 5754 
#module 73 size: 17 bs: 0.469849
607 715 1022 1165 1349 1360 2035 2041 2154 2194 2252 3016 3221 3407 3712 3755 4741 
#module 74 size: 53 bs: 0.147591
129 392 517 560 597 971 997 1290 1294 1334 1598 1637 2076 2206 2257 2621 2671 2722 2798 2864 2919 3086 3468 4073 4311 4412 4436 4483 4586 4608 5028 5029 5438 5451 5470 5505 5525 5601 5640 5812 5844 5931 5947 6123 6264 6368 6537 6566 6792 6857 6872 6893 6909 
#module 75 size: 17 bs: 0.229819
684 957 1201 1560 2543 3228 4076 4515 5188 5499 5563 5592 5711 6275 6538 6852 6883 
#module 76 size: 13 bs: 0.632302
471 590 639 1576 1691 2548 2553 2670 2848 2849 5055 6476 6841 
#module 77 size: 25 bs: 0.841049
298 555 991 1443 1793 1934 2663 2848 2849 3099 3300 3503 3918 4184 4612 4679 4951 5184 5336 5632 5825 6075 6427 6605 6802 
#module 78 size: 9 bs: 0.532292
1686 2380 4456 4770 5556 5800 6297 6561 6718 
#module 79 size: 13 bs: 0.131264
296 1437 1459 1577 2117 2391 2724 2731 3268 3328 3633 3852 5342 
#module 80 size: 38 bs: 0.785013
541 660 748 1081 1097 1699 1891 2458 2470 2635 2842 2894 2958 3159 3818 4233 4257 4497 4517 4547 4579 4606 4706 4790 4885 5002 5264 5302 5321 5341 5593 5688 5799 6075 6110 6238 6394 6408 
#module 81 size: 42 bs: 0.981251
338 341 463 562 830 835 976 1369 1606 2315 2334 2419 3274 3682 3702 3739 3751 3915 4016 4112 4293 4368 4372 4447 4579 4595 4758 5031 5194 5439 5634 5875 5923 5973 5976 5997 6083 6174 6270 6543 6603 6905 
#module 82 size: 41 bs: 0.490231
160 339 406 842 857 1007 1158 1311 1590 2377 2444 2480 2610 2681 2964 3027 3081 3177 3201 3273 3420 3553 3826 3964 4462 4525 4804 4873 5048 5318 5659 5726 5757 5902 6383 6390 6458 6479 6610 6643 6846 
#module 83 size: 41 bs: 0.88922
34 117 601 692 906 961 963 1012 1107 1169 1250 1344 1357 1461 1483 2311 2312 2370 2899 3297 3450 3696 3783 4474 4646 4653 4695 4749 5111 5271 5416 5470 5596 5994 6269 6297 6338 6450 6481 6780 6867 
#module 84 size: 7 bs: 0.534914
1746 1747 2684 3832 4589 4990 6615 
#module 85 size: 14 bs: 0.365588
1478 2436 2941 2966 3420 4138 4544 5593 5725 5885 6001 6104 6313 6609 
#module 86 size: 17 bs: 0.942109
549 568 712 901 1825 1978 2007 2432 2521 2816 2885 3103 3398 3533 4656 4985 5912 
#module 87 size: 15 bs: 0.249967
239 895 1239 1997 2223 2921 3098 3277 3619 3662 3881 4269 5287 5584 5884 
#module 88 size: 26 bs: 0.933762
332 759 828 977 1059 1456 1464 1842 1855 1899 1944 2386 2902 3147 3663 3860 3969 4280 5015 5210 5447 5459 5502 5619 5966 6340 
#module 89 size: 17 bs: 0.741023
613 1041 1051 1056 1463 1467 2740 3024 3390 3899 4464 4551 5260 5261 5689 5704 5783 
#module 90 size: 10 bs: 0.403951
70 147 321 1627 2910 5899 5900 5948 6031 6142 
#module 91 size: 15 bs: 0.687063
948 1665 2349 2441 2479 2684 2724 3557 4813 5348 5490 5639 5725 6593 6646 
#module 92 size: 17 bs: 0.257727
864 1034 1679 1918 2994 3643 3800 3810 4756 4769 4936 5328 5343 6235 6594 6669 6683 
#module 93 size: 16 bs: 1.06955
599 618 2379 2436 4214 4233 4307 4754 4926 4969 5726 6383 6630 6710 6789 6827 
#module 94 size: 33 bs: 0.562004
209 257 375 578 1018 1241 1582 1829 1853 1854 1986 2058 2124 2160 2211 2294 2316 2323 2949 3082 3262 3291 3653 3661 3994 4116 4131 5206 5387 5466 5492 5778 6186 
#module 95 size: 12 bs: 0.716891
471 1461 2192 2863 3884 4495 4842 4980 5971 6046 6447 6795 
#module 96 size: 18 bs: 0.435154
41 882 996 1013 2293 2715 2838 3011 3750 4065 4074 4078 4145 4147 4744 5544 6634 6683 
#module 97 size: 19 bs: 1.0388
671 1234 1671 1743 1894 2032 2481 2650 3406 3555 3926 4034 4156 5195 5614 5725 5788 6063 6562 
#module 98 size: 13 bs: 0.938069
492 730 1017 1170 1422 1843 1971 1983 2904 4697 5111 5270 6712 
#module 99 size: 91 bs: 0.552915
29 44 85 114 150 188 214 229 291 336 381 518 569 664 745 863 870 922 999 1112 1183 1351 1431 1454 1525 1693 1695 1771 1778 1796 1928 1948 2006 2048 2091 2151 2170 2185 2250 2329 2418 2538 2641 3145 3172 3175 3233 3350 3443 3498 3537 3595 3973 4013 4029 4131 4196 4622 4646 4690 4719 4732 4791 4845 4847 4887 4906 5171 5243 5265 5271 5356 5389 5537 5591 5637 5716 5756 5793 5805 5855 5916 5992 6203 6256 6348 6357 6453 6567 6661 6873 
#module 100 size: 34 bs: 0.869924
171 900 1008 1037 1674 1716 1940 2458 2523 2551 2552 2658 2851 2937 3159 3166 3457 3716 3821 4011 4497 4517 4717 5277 5321 5323 5408 5551 5564 5802 6107 6636 6806 6918 
#module 101 size: 12 bs: 0.704921
228 496 1214 1355 3603 3657 4592 4700 5114 5402 6153 6560 
#module 102 size: 10 bs: 0.827146
744 1501 2437 2628 2672 4590 5079 5677 5863 5975 
#module 103 size: 24 bs: 0.707845
710 1090 1211 1403 1561 1935 2122 2245 2349 2441 2661 2676 2726 3004 3133 3216 3555 4014 4018 4055 4308 5348 5752 6750 
#module 104 size: 37 bs: 0.99263
871 960 964 970 1128 1132 1170 1174 1176 1177 1180 1181 1197 1356 1712 2084 2133 2138 2146 2259 2375 2620 2706 2765 3765 3944 4333 4356 4455 4538 5292 5471 5655 5860 6158 6492 6589 
#module 105 size: 26 bs: 0.379841
691 734 796 831 1288 2295 2341 2376 2845 2903 2980 3514 3545 4009 4058 4144 4904 4957 5198 5273 5297 5371 5810 5987 6498 6610 
#module 106 size: 24 bs: 0.588795
1013 1081 1181 1512 1700 1701 3159 3220 3457 3464 3713 3716 3799 4047 4128 4153 4247 4248 4888 5129 5604 6188 6636 6862 
#module 107 size: 29 bs: 0.31619
88 154 415 583 677 678 1176 1182 1573 1688 1692 1847 2413 2990 3742 4238 4401 4837 4897 5276 5454 5488 5557 5891 6062 6115 6692 6751 6894 
#module 108 size: 62 bs: 0.612168
59 104 145 182 592 789 1025 1391 1452 1714 1750 1882 1890 1904 1913 1916 1938 2068 2072 2172 2179 2248 2254 2364 2394 2434 2560 2564 2728 2778 2935 3005 3053 3224 3357 3359 3493 3550 3598 3735 4021 4114 4180 4406 4528 4535 4536 4738 4784 4893 4934 4938 5503 5511 5683 5710 5723 6100 6109 6558 6703 6877 
#module 109 size: 15 bs: 0.172864
134 206 1092 1304 1541 1782 1812 1815 1965 2037 3248 3996 5003 5377 6616 
#module 110 size: 34 bs: 0.186084
453 978 1039 1043 1058 1229 1575 1828 2222 2385 2473 2517 2848 3321 3326 3419 3440 3763 4662 4903 4981 5106 5187 5236 5237 5330 5607 6090 6322 6511 6671 6694 6828 6851 
#module 111 size: 38 bs: 0.153561
192 378 429 430 687 751 872 990 1016 1049 1392 1639 1658 1677 2230 2324 2522 2641 3218 3589 3606 3611 3777 3796 3936 4041 4190 4225 4582 4617 4689 5017 5092 5340 5944 6028 6135 6318 
#module 112 size: 21 bs: 0.407384
879 969 1140 1401 2098 2754 3184 3549 3679 3727 4320 4566 4856 5064 5242 5417 5600 5678 5856 5862 6742 
#module 113 size: 10 bs: 0.939611
1040 1461 1835 4166 4726 5153 5850 6138 6255 6338 
#module 114 size: 26 bs: 0.995372
54 474 824 982 1040 1044 1054 1497 1574 1615 2804 2847 3295 3445 3981 4177 4454 4594 5240 5792 5864 6077 6259 6271 6456 6723 
#module 115 size: 58 bs: 0.329306
5 14 19 95 216 299 494 620 632 648 797 805 814 1135 1200 1277 1377 1544 1551 1559 1678 1959 2408 2443 2617 2818 2889 2959 3012 3022 3087 3196 3215 3320 3337 3427 3438 3490 3491 3580 3588 3618 3649 3998 4090 4118 4310 4485 4517 4654 5376 5539 5569 6166 6170 6330 6404 6864 
#module 116 size: 104 bs: 0.319915
42 254 304 449 626 628 709 710 719 730 735 740 800 960 967 992 1094 1203 1213 1222 1234 1265 1347 1349 1358 1502 1508 1515 1572 1656 1695 1729 1910 1919 2004 2064 2065 2102 2114 2143 2157 2161 2187 2220 2235 2273 2314 2371 2506 2650 2736 2749 2768 2837 2873 2917 3119 3153 3284 3312 3339 3417 3430 3531 3737 3815 3869 3876 3881 3903 3954 4018 4156 4584 4599 4705 4810 4869 4886 4891 4973 5319 5393 5407 5450 5468 5510 5614 5626 5661 5681 5742 5752 5887 5955 6078 6268 6287 6366 6384 6414 6545 6549 6589 
#module 117 size: 131 bs: 0.733974
87 124 196 272 276 314 377 393 446 493 514 538 575 747 779 937 1009 1038 1042 1051 1053 1082 1114 1178 1194 1378 1418 1466 1509 1528 1552 1612 1619 1637 1676 1684 1689 1740 1744 1745 1875 1998 2008 2147 2156 2162 2164 2180 2202 2207 2210 2260 2263 2286 2345 2390 2574 2629 2645 2666 2717 2746 2753 2784 2794 2795 2806 2849 2973 3068 3110 3140 3160 3235 3261 3298 3338 3374 3472 3484 3575 3697 3748 3791 3831 3840 3849 3905 4033 4040 4044 4340 4379 4500 4503 4520 4537 4593 4605 4647 4670 4722 4814 4816 4840 4868 5035 5211 5227 5489 5518 5533 5562 5583 5747 5836 5920 5980 6117 6244 6278 6375 6379 6401 6419 6438 6525 6527 6690 6733 6879 
