#module 0 size: 29 bs: 7.69917e-09
153 543 734 793 805 890 1020 1297 1326 1390 1865 1897 1980 2129 2654 2702 3252 3562 4388 4495 4919 5350 5461 5892 6032 6093 6378 6633 6674 
#module 1 size: 2 bs: 1.80705e-102
160 3952 
#module 2 size: 2 bs: 7.38773e-101
22 568 
#module 3 size: 10 bs: 1.22673e-11
214 304 683 2716 2734 3495 4139 4238 4271 5221 
#module 4 size: 3 bs: 5.34834e-101
1901 2193 3310 
#module 5 size: 2 bs: 5.98766e-101
4084 4701 
#module 6 size: 2 bs: 5.56184e-101
2278 4594 
#module 7 size: 4 bs: 1.71194e-101
1151 3181 4472 6536 
#module 8 size: 3 bs: 1.14995e-101
876 981 2099 
#module 9 size: 8 bs: 4.50201e-101
1275 1626 1902 1994 2402 2973 6394 6526 
#module 10 size: 3 bs: 9.57372e-101
70 1194 5853 
#module 11 size: 8 bs: 2.81152e-101
602 2342 3030 3361 3900 5254 5978 6709 
#module 12 size: 3 bs: 3.3151e-101
276 1869 2574 
#module 13 size: 19 bs: 9.8611e-101
173 193 334 1727 1748 1749 1904 2003 2045 2347 2819 3056 3508 4219 5224 5232 5303 5686 5878 
#module 14 size: 21 bs: 6.27563e-101
656 1107 1167 1186 1285 1349 2337 2420 2786 2969 3408 3685 3722 3736 4358 4714 4806 5532 5752 5987 6255 
#module 15 size: 2 bs: 9.80884e-101
807 5187 
#module 16 size: 2 bs: 9.17796e-101
589 3085 
#module 17 size: 5 bs: 5.72283e-101
648 2132 2697 3538 3611 
#module 18 size: 2 bs: 9.7072e-101
4507 4635 
#module 19 size: 2 bs: 1.24029e-102
2470 6902 
#module 20 size: 2 bs: 4.89901e-101
4715 6723 
#module 21 size: 2 bs: 6.65451e-101
250 6557 
#module 22 size: 15 bs: 1.05186e-101
41 418 471 557 1772 2146 3513 4292 4364 4999 5603 5617 6123 6264 6727 
#module 23 size: 17 bs: 9.37123e-102
50 644 1081 1474 2099 2682 2986 3507 3610 4121 4225 4377 4555 4556 5019 6425 6839 
#module 24 size: 3 bs: 6.97793e-101
2218 4663 4738 
#module 25 size: 3 bs: 5.99128e-101
3274 4739 5132 
#module 26 size: 2 bs: 2.44561e-101
2356 4418 
#module 27 size: 3 bs: 3.74629e-101
1407 2793 3586 
#module 28 size: 8 bs: 5.82867e-14
508 1188 3247 4109 5316 5603 5683 6059 
#module 29 size: 2 bs: 3.18982e-101
2235 5148 
#module 30 size: 2 bs: 1.2877e-101
386 2298 
#module 31 size: 3 bs: 3.83227e-101
2336 2551 3993 
#module 32 size: 2 bs: 1.43394e-101
1099 3384 
#module 33 size: 4 bs: 2.38328e-101
1979 3010 3051 3198 
#module 34 size: 5 bs: 2.46041e-101
556 977 1654 4089 6432 
#module 35 size: 3 bs: 8.68675e-101
2997 4105 5167 
#module 36 size: 3 bs: 3.1856e-101
1901 5370 6680 
#module 37 size: 4 bs: 5.65695e-101
3183 3267 5496 6231 
#module 38 size: 11 bs: 1.63125e-06
242 510 1160 2361 2594 3185 3850 5382 6018 6346 6862 
#module 39 size: 38 bs: 7.72265e-103
231 320 462 595 971 995 1033 1282 1730 1944 2231 2262 2268 2348 2432 2446 2465 2515 2539 2581 2839 3344 3359 3444 3921 4089 4106 4175 4569 4889 5010 5021 5634 5955 6105 6199 6469 6577 
#module 40 size: 5 bs: 3.02021e-101
365 569 1901 2858 6476 
#module 41 size: 22 bs: 4.80692e-06
770 915 1569 1707 1923 2179 2426 2443 2785 2877 3692 4354 4550 4661 5051 5116 5236 5500 5762 6300 6332 6546 
#module 42 size: 55 bs: 9.96537e-08
109 178 228 525 623 1118 1203 1319 1430 1809 1872 1949 1968 1995 2056 2106 2218 2261 2295 2391 2406 2566 2572 2622 2680 2709 2749 2887 3081 3110 3248 3364 3557 3656 3869 4027 4059 4096 4184 4430 4530 4700 4824 5193 5430 5457 5574 5579 5759 5846 6089 6153 6331 6444 6698 
#module 43 size: 2 bs: 6.3188e-101
900 1940 
#module 44 size: 2 bs: 8.34403e-101
809 5501 
#module 45 size: 3 bs: 1.51869e-101
340 540 670 
#module 46 size: 3 bs: 1.32492e-101
1861 2087 3151 
#module 47 size: 4 bs: 2.91747e-101
2181 3388 6799 6844 
#module 48 size: 5 bs: 2.77556e-15
43 2119 2779 3503 4497 
#module 49 size: 2 bs: 9.88294e-101
1038 6060 
#module 50 size: 3 bs: 3.45028e-101
3499 3682 4763 
#module 51 size: 4 bs: 8.62172e-08
1315 1774 3414 5434 
#module 52 size: 28 bs: 3.25152e-101
363 379 424 668 967 1021 1133 1607 2031 2171 2642 2927 3376 3441 3492 4308 4337 4360 4508 4789 4843 4935 5087 5218 5504 6367 6652 6909 
#module 53 size: 17 bs: 1.95843e-13
56 287 413 896 1294 1436 1820 1913 2061 2106 2266 3172 3569 4435 5806 6089 6501 
#module 54 size: 3 bs: 3.02056e-101
2088 2914 5098 
#module 55 size: 4 bs: 6.23449e-101
175 1310 1495 1941 
#module 56 size: 10 bs: 7.5989e-11
2016 2306 3457 3604 3839 4932 5285 5739 5985 6822 
#module 57 size: 33 bs: 1.89549e-07
495 769 799 881 1007 1133 1400 1629 1640 1641 1790 1909 1921 2482 2486 2573 2617 2859 3094 3113 3143 3173 3269 4120 4209 4796 5024 5051 5052 5821 6107 6326 6771 
#module 58 size: 4 bs: 8.3854e-101
1238 3198 3333 5901 
#module 59 size: 3 bs: 9.78456e-101
3169 4010 4403 
#module 60 size: 4 bs: 9.20019e-101
1336 2350 3667 6472 
#module 61 size: 7 bs: 6.27393e-101
119 947 1048 2672 3985 4014 4543 
#module 62 size: 7 bs: 5.09111e-09
244 1724 3313 3388 3757 4064 5826 
#module 63 size: 2 bs: 5.50421e-101
4570 4774 
#module 64 size: 3 bs: 3.58802e-12
3297 3609 4802 
#module 65 size: 32 bs: 7.21811e-12
66 87 593 601 612 637 769 820 1259 1467 1848 1911 1931 2043 2187 2475 2839 3173 3197 3709 3762 3889 4104 4431 4841 5456 5861 5956 6319 6434 6667 6753 
#module 66 size: 9 bs: 6.76834e-101
892 2069 2480 4355 4424 4878 5015 5606 6053 
#module 67 size: 7 bs: 5.70561e-101
229 373 934 3099 4342 5823 5849 
#module 68 size: 5 bs: 3.79954e-101
635 1495 2181 3166 6601 
#module 69 size: 26 bs: 1.16411e-05
439 590 644 798 917 1133 1437 1579 2324 2484 2486 2577 2674 2676 3567 3610 4056 4305 4460 4888 4901 5146 5172 5366 5456 5540 
#module 70 size: 3 bs: 9.99324e-101
2509 2933 3178 
#module 71 size: 7 bs: 4.92947e-101
99 1158 1294 2221 2998 3264 4416 
#module 72 size: 2 bs: 6.5297e-101
1740 3308 
#module 73 size: 35 bs: 3.64942e-09
18 129 260 584 654 956 1073 1272 1607 1778 1814 1954 2044 3168 3264 3826 3867 3936 3970 4092 4277 4410 4462 4484 4798 4955 5069 5141 6015 6158 6180 6425 6527 6724 6806 
#module 74 size: 30 bs: 4.16278e-102
33 48 117 195 267 669 743 1241 1386 2127 2342 2538 2582 2594 3194 3619 3663 4158 4367 4391 4913 4954 4959 5171 5672 5986 6112 6364 6509 6650 
#module 75 size: 5 bs: 3.34408e-102
1362 3261 4833 5451 6554 
#module 76 size: 3 bs: 6.32584e-101
3058 4987 5216 
#module 77 size: 3 bs: 4.48039e-102
540 4213 4564 
#module 78 size: 27 bs: 0.396285
113 538 868 898 1080 1637 1822 1823 2847 3202 3443 3454 3808 3904 4221 4378 4401 4540 5197 5227 5241 5860 5874 6368 6433 6550 6602 
#module 79 size: 21 bs: 0.170582
398 468 475 1378 1655 1918 1971 2044 2059 2468 2800 2978 3125 3419 3858 3947 4050 4058 5017 6148 6479 
#module 80 size: 8 bs: 0.966658
1073 2555 2815 2860 2945 3506 4387 6365 
#module 81 size: 9 bs: 0.236773
1339 1853 1901 2658 3280 3612 4340 6416 6500 
#module 82 size: 7 bs: 0.375395
1254 1729 2147 2251 3614 4251 6374 
#module 83 size: 6 bs: 0.150099
1471 1977 5059 5186 5392 6426 
#module 84 size: 9 bs: 0.432769
981 1870 3198 3891 3914 3972 4900 5695 6576 
#module 85 size: 9 bs: 0.347958
1001 1647 2343 3531 3909 4054 4055 5558 6790 
#module 86 size: 3 bs: 0.542279
537 1662 2310 
#module 87 size: 10 bs: 0.863597
819 928 2497 2670 4015 4235 4245 4815 5400 5939 
#module 88 size: 12 bs: 0.396447
307 761 1925 1929 2884 3074 3086 3098 3774 4098 6308 6741 
#module 89 size: 8 bs: 0.188402
614 2078 3068 3175 3775 4326 5230 5952 
#module 90 size: 9 bs: 0.466431
523 991 3643 4475 4634 5778 5875 6080 6208 
#module 91 size: 11 bs: 0.735604
835 1361 2206 2491 2568 2966 3671 4331 6275 6393 6409 
#module 92 size: 3 bs: 0.686244
156 1208 2364 
#module 93 size: 7 bs: 0.526398
1265 1385 1983 4502 5600 5726 6211 
#module 94 size: 13 bs: 0.175745
319 582 774 789 1793 2274 3127 3888 4138 4174 4760 6582 6725 
#module 95 size: 10 bs: 0.959561
2368 3035 3233 3378 3759 3878 3924 4571 5147 6574 
#module 96 size: 3 bs: 0.934893
3004 3815 5557 
#module 97 size: 12 bs: 0.591905
133 617 1005 1135 1510 1678 2047 2285 2756 2881 3227 5663 
#module 98 size: 7 bs: 1.08277
2441 2808 3147 4067 6022 6115 6537 
#module 99 size: 13 bs: 0.94092
23 1026 1250 1354 2301 2312 2505 2595 3613 4321 4928 5067 6088 
#module 100 size: 12 bs: 0.566599
17 128 1221 1498 1557 1606 2925 3157 3242 3317 5852 5884 
#module 101 size: 8 bs: 0.521161
1305 2236 2479 2552 2915 4075 6044 6478 
#module 102 size: 11 bs: 0.629101
26 784 1312 2579 2934 3691 5269 5858 6411 6492 6800 
#module 103 size: 12 bs: 0.427323
1096 1392 1608 2053 2319 3028 3259 4753 4881 5561 6312 6406 
#module 104 size: 6 bs: 0.760423
3659 4043 5360 5751 6245 6313 
#module 105 size: 4 bs: 0.445769
3538 4078 5246 5957 
#module 106 size: 16 bs: 0.597868
31 316 580 673 1706 3018 3426 3701 3732 4826 5016 5351 5378 5389 6151 6642 
#module 107 size: 9 bs: 0.817071
181 513 701 1119 1273 3758 4528 4860 6107 
#module 108 size: 8 bs: 1.01342
148 235 869 2029 2635 3461 4579 5910 
#module 109 size: 12 bs: 0.5878
970 1003 2183 2226 3413 3483 3519 3697 4531 4996 6518 6534 
#module 110 size: 4 bs: 0.332484
474 1935 3219 4318 
#module 111 size: 19 bs: 0.420004
21 243 381 466 588 699 778 1734 2384 3450 3496 3498 4254 6051 6125 6482 6547 6791 6813 
#module 112 size: 17 bs: 0.585519
15 450 942 943 1873 2026 2070 2163 2929 3648 4288 4824 4977 5610 6435 6449 6475 
#module 113 size: 8 bs: 0.287144
1046 1901 2610 2715 3849 3965 5211 6095 
#module 114 size: 4 bs: 0.389481
1924 2038 2490 5519 
#module 115 size: 18 bs: 0.538999
1143 1968 2290 2315 2532 2536 2848 3370 3621 3906 4171 4280 4383 4504 4926 5159 6523 6678 
#module 116 size: 7 bs: 1.08306
563 2746 4680 4681 5063 5176 6621 
#module 117 size: 14 bs: 0.282249
209 1360 1692 2416 2725 3707 3763 4905 5127 5622 5789 5794 5800 6580 
#module 118 size: 12 bs: 0.808358
842 1081 1685 1788 3217 3786 4045 5274 5830 6493 6783 6784 
#module 119 size: 9 bs: 0.183267
856 1024 1618 3822 5027 5809 6055 6711 6908 
#module 120 size: 5 bs: 0.345843
622 3476 3922 6202 6737 
#module 121 size: 8 bs: 0.782002
232 444 2166 4228 4339 5209 5770 6177 
#module 122 size: 26 bs: 0.65512
283 387 481 555 733 937 1556 1707 2120 2127 2386 2903 3071 3636 3712 4304 4439 4470 4832 5127 5450 5503 5551 5861 6000 6121 
#module 123 size: 5 bs: 1.01824
61 2182 3354 3574 5455 
#module 124 size: 6 bs: 0.487863
719 2580 2636 2763 4283 5339 
#module 125 size: 3 bs: 0.217756
332 2953 3688 
#module 126 size: 11 bs: 0.82671
17 19 282 321 1209 1981 2625 5397 5590 6076 6705 
#module 127 size: 6 bs: 0.235331
86 1296 2474 3113 3866 4869 
#module 128 size: 9 bs: 0.548465
610 1796 2185 2219 2527 5383 5423 5941 5998 
#module 129 size: 12 bs: 0.569648
131 1792 2209 2785 3387 3664 3692 4362 4458 4851 6300 6332 
#module 130 size: 6 bs: 0.216387
632 3564 4797 6124 6561 6913 
#module 131 size: 7 bs: 0.783543
1128 1628 1952 2083 2350 3766 5868 
#module 132 size: 9 bs: 0.20548
494 2576 2875 4239 4652 5035 5802 6058 6849 
#module 133 size: 11 bs: 0.576308
51 1158 1403 1561 1819 3541 4195 4336 4622 6388 6806 
#module 134 size: 7 bs: 1.08584
742 1357 3045 3224 3374 3730 6134 
#module 135 size: 8 bs: 0.486821
1134 2176 3268 4069 4817 5111 5258 5680 
#module 136 size: 7 bs: 0.676817
176 1957 3010 4440 5651 6189 6386 
#module 137 size: 5 bs: 0.583975
90 452 2050 2829 3806 
#module 138 size: 9 bs: 0.495284
554 1248 2686 3459 3796 4181 5447 6050 6376 
#module 139 size: 9 bs: 0.576329
713 1767 3423 3463 3919 6242 6293 6521 6845 
#module 140 size: 8 bs: 0.892188
921 1689 1818 2042 4518 4648 5053 6046 
#module 141 size: 6 bs: 0.446728
1016 1147 2155 3075 4893 6450 
#module 142 size: 7 bs: 0.910255
615 880 989 2967 4306 4981 5775 
#module 143 size: 26 bs: 0.74414
83 524 754 1109 1226 1722 1779 1827 1838 2124 2139 2196 2462 2927 3494 3539 4049 4391 4459 4629 5218 5513 5737 5914 6271 6877 
#module 144 size: 10 bs: 0.554964
380 1726 2409 2747 3704 4140 4482 4857 5202 6280 
#module 145 size: 6 bs: 0.11581
9 102 818 3571 4467 5591 
#module 146 size: 7 bs: 1.06369
941 2533 2960 4782 4913 5331 5408 
#module 147 size: 9 bs: 0.903225
317 606 1509 2333 3005 3922 4284 6439 6473 
#module 148 size: 15 bs: 0.212801
397 494 984 1388 1684 1695 2676 3130 4912 5146 5152 5505 5742 5959 6623 
#module 149 size: 3 bs: 0.350345
1271 2488 2853 
#module 150 size: 7 bs: 0.45182
1115 1817 2114 3770 4711 5073 5733 
#module 151 size: 9 bs: 0.583514
1215 2557 2796 3745 4335 4541 5480 5637 6122 
#module 152 size: 25 bs: 0.939141
149 344 738 1067 1798 1905 2159 2232 2293 2735 2797 3024 3092 3155 4004 4063 4073 4592 4800 4942 5325 6001 6016 6072 6382 
#module 153 size: 3 bs: 0.46447
1068 3773 3776 
#module 154 size: 15 bs: 0.419781
558 802 831 1230 1268 1719 2013 2676 2896 3807 4992 5742 5744 5753 6304 
#module 155 size: 3 bs: 0.485217
3133 4547 5786 
#module 156 size: 10 bs: 0.462955
429 675 2039 2962 3104 4584 4853 4878 5515 6603 
#module 157 size: 4 bs: 0.244647
846 1773 3114 3352 
#module 158 size: 4 bs: 0.449715
291 4925 5280 5687 
#module 159 size: 9 bs: 0.190655
249 1159 1736 1816 3416 4088 5931 6451 6503 
#module 160 size: 15 bs: 0.21764
173 297 472 913 1195 1422 3597 4050 4160 4266 4608 4671 5334 5748 6003 
#module 161 size: 10 bs: 0.800208
717 728 1000 1053 2184 2286 3131 5055 5324 6358 
#module 162 size: 11 bs: 0.477807
392 1352 2433 3132 3262 3312 4066 5356 5562 6112 6340 
#module 163 size: 9 bs: 0.18486
1010 1179 1592 2300 3901 3995 4057 5696 5740 
#module 164 size: 12 bs: 0.187721
1137 1804 2173 2714 3409 3601 3690 4279 5416 5556 6527 6856 
#module 165 size: 8 bs: 1.0789
134 461 666 1288 2477 3290 3463 5341 
#module 166 size: 5 bs: 0.270128
3897 5336 5807 6038 6137 
#module 167 size: 9 bs: 1.05844
520 1602 2715 3298 3882 3965 4309 5206 5253 
#module 168 size: 5 bs: 0.784295
448 3760 5576 5827 6764 
#module 169 size: 12 bs: 0.384065
442 506 1104 2267 2728 2780 4332 4500 5244 5510 6129 6483 
#module 170 size: 4 bs: 0.107368
3096 3187 4333 5489 
#module 171 size: 5 bs: 0.381828
2376 2411 3294 3992 5094 
#module 172 size: 14 bs: 1.08438
94 122 221 884 1367 1534 1697 2733 4323 4597 5210 5238 5428 5580 
#module 173 size: 26 bs: 0.742128
393 1005 1088 1373 1491 1732 2410 2624 3126 3641 3883 3957 3962 4005 4490 4628 4943 5026 5653 5688 5821 5929 6508 6629 6701 6714 
#module 174 size: 7 bs: 0.643124
170 369 1753 3730 3922 5194 5866 
#module 175 size: 5 bs: 0.789675
1919 3412 4368 4390 6773 
#module 176 size: 9 bs: 0.331109
477 2007 3216 5419 5963 6163 6178 6716 6779 
#module 177 size: 5 bs: 0.179935
660 1244 2629 2739 3052 
#module 178 size: 5 bs: 0.79471
1252 1712 2074 4943 5840 
#module 179 size: 6 bs: 0.931561
415 544 3223 4602 5675 6397 
#module 180 size: 8 bs: 0.693179
725 2095 3680 4203 4989 6179 6429 6559 
#module 181 size: 20 bs: 1.00076
124 267 669 754 823 1331 1425 2061 2373 2473 3059 3090 3410 3554 5405 5439 5761 5994 6309 6810 
#module 182 size: 6 bs: 0.944455
772 2377 3730 4103 5100 6828 
#module 183 size: 6 bs: 0.13444
552 1673 2194 3824 6389 6555 
#module 184 size: 37 bs: 0.820853
37 39 129 821 1153 1398 1726 1894 2197 2227 2294 2374 2389 2596 2605 2642 2946 3168 3306 3647 3797 3830 3870 3977 4022 4483 5131 5459 5988 6030 6143 6280 6302 6425 6514 6613 6709 
#module 185 size: 4 bs: 1.00547
721 753 3982 6669 
#module 186 size: 15 bs: 0.988059
653 697 949 2864 3357 3599 4187 4220 4253 5672 5781 6356 6514 6657 6703 
#module 187 size: 22 bs: 0.798644
1251 1303 1542 1643 2011 2179 2324 2395 2816 2912 3184 3646 3849 4305 4974 5182 5347 5396 5487 6005 6662 6708 
#module 188 size: 4 bs: 0.480718
3285 3651 4660 5018 
#module 189 size: 11 bs: 0.785601
1849 2653 3472 4299 4519 4656 5056 5364 5654 6462 6608 
#module 190 size: 19 bs: 0.522686
24 472 879 1216 1318 2000 2316 2882 3124 3245 3404 3826 4201 4216 4994 5758 6035 6533 6549 
#module 191 size: 19 bs: 0.69623
960 1408 1583 1800 1996 2079 2256 2297 2317 2628 2811 3291 3577 4515 4781 4997 5568 5676 5773 
#module 192 size: 13 bs: 0.701112
575 1621 1844 2209 3013 3129 3387 3516 4630 5896 5966 5979 6544 
#module 193 size: 19 bs: 0.470674
467 777 1214 1675 2401 2652 2856 2902 2971 3434 3630 3683 3948 4149 4616 5623 5847 6325 6484 
#module 194 size: 11 bs: 0.139694
118 690 1091 1603 1680 2630 2703 3879 4651 4783 5948 
#module 195 size: 5 bs: 0.215545
35 241 457 5140 6562 
#module 196 size: 4 bs: 0.32307
67 1393 4091 4823 
#module 197 size: 8 bs: 0.372087
450 557 1157 1355 2959 3608 5770 6759 
#module 198 size: 10 bs: 0.79614
276 324 464 751 1106 1555 2585 4384 4455 6117 
#module 199 size: 9 bs: 0.998002
105 208 1291 1835 2452 3190 4613 5626 6531 
#module 200 size: 7 bs: 0.555981
157 2448 3029 3082 4060 4970 6529 
#module 201 size: 14 bs: 1.0124
926 1306 1402 1756 1948 2207 2677 2911 3141 4249 4517 4863 5479 6360 
#module 202 size: 6 bs: 1.09334
1812 2117 4023 5072 5594 6343 
#module 203 size: 6 bs: 0.682513
3179 3396 5243 5961 6234 6581 
#module 204 size: 5 bs: 0.685667
1382 3179 3975 5995 6860 
#module 205 size: 6 bs: 0.535566
328 945 1593 2453 3209 6056 
#module 206 size: 6 bs: 0.392156
9 875 1057 4293 5184 6827 
#module 207 size: 5 bs: 0.251395
624 1752 2481 3912 4748 
#module 208 size: 4 bs: 0.67533
479 839 4265 5057 
#module 209 size: 13 bs: 0.383861
131 192 540 572 1116 1409 1717 2634 3600 4024 4821 5946 6390 
#module 210 size: 8 bs: 0.878993
544 593 1321 2471 2563 4493 4662 5400 
#module 211 size: 5 bs: 0.197134
246 3342 4914 5371 6347 
#module 212 size: 8 bs: 0.159139
1062 1536 1945 2745 3363 4438 4636 6761 
#module 213 size: 9 bs: 0.362928
2186 3108 3235 3868 4108 4609 5403 5719 5851 
#module 214 size: 10 bs: 0.186384
920 3115 3165 3253 3317 3599 4253 5174 5533 6588 
#module 215 size: 17 bs: 0.695545
289 510 803 1173 1580 2238 3394 3589 3739 3812 4820 5584 5750 6118 6182 6715 6770 
#module 216 size: 5 bs: 0.141939
213 596 3715 5975 6722 
#module 217 size: 10 bs: 0.576096
493 1294 2318 2751 4001 5034 5431 5518 6160 6405 
#module 218 size: 10 bs: 1.0987
316 580 1931 3647 3696 4608 5660 5804 5861 6641 
#module 219 size: 7 bs: 0.780159
1563 1683 2982 3296 4184 4320 5467 
#module 220 size: 5 bs: 0.424371
518 1548 1658 2650 3201 
#module 221 size: 16 bs: 0.224602
131 1264 2324 2341 3017 3061 3438 3515 4126 4345 4436 4958 5393 5514 5876 6341 
#module 222 size: 3 bs: 0.258119
979 3950 5703 
#module 223 size: 7 bs: 1.03116
2478 3451 5007 5364 6212 6250 6792 
#module 224 size: 10 bs: 0.23251
32 407 836 946 1766 2331 3314 3536 4343 6400 
#module 225 size: 10 bs: 0.717414
2830 2950 4451 4520 4930 5489 5722 5951 6660 6766 
#module 226 size: 3 bs: 0.958806
185 1008 1353 
#module 227 size: 11 bs: 0.790006
50 287 558 1534 1616 2733 3635 3694 3890 4574 5210 
#module 228 size: 15 bs: 1.04608
1089 1335 2432 2601 2722 2945 2958 3027 3403 3723 3781 4780 5032 6104 6237 
#module 229 size: 8 bs: 0.404125
6 1231 2876 3328 4183 4763 6040 6144 
#module 230 size: 11 bs: 0.31654
1115 1483 1939 2508 3430 3662 4369 4983 5605 5968 6769 
#module 231 size: 4 bs: 0.869624
1901 4039 6299 6472 
#module 232 size: 7 bs: 0.576723
1084 1888 2125 3249 3651 3971 5422 
#module 233 size: 13 bs: 0.104493
1554 2549 3062 3123 3431 3765 4355 4712 4756 5161 5385 6187 6260 
#module 234 size: 9 bs: 0.280775
371 409 1841 2121 2886 4609 4870 6041 6049 
#module 235 size: 26 bs: 0.79944
222 424 603 781 1590 1622 1640 1777 1974 2004 2167 2260 2865 3135 3660 4416 4689 4795 4869 5179 5247 5923 6013 6379 6599 6901 
#module 236 size: 4 bs: 0.406707
152 663 2019 3327 
#module 237 size: 31 bs: 0.358446
599 715 791 922 1257 1262 1588 1694 1738 1757 1810 1887 2062 2311 2700 2782 3143 3467 3471 3711 4163 4291 4428 4462 4874 5106 5261 5716 6011 6269 6471 
#module 238 size: 53 bs: 0.481652
113 777 1054 1266 1317 1431 1631 1742 1866 2129 2321 2496 2583 2649 2805 3099 3197 3287 3353 3418 3603 3655 3804 3831 3853 3854 3905 4016 4144 4168 4414 4415 4443 4626 4627 4799 4822 4836 4911 4939 4978 5124 5175 5264 5410 5773 5897 5981 6388 6552 6646 6709 6816 
#module 239 size: 11 bs: 0.911379
4 131 576 613 1640 2565 2863 3431 4466 4868 6362 
#module 240 size: 16 bs: 0.316681
571 1338 1682 2169 2355 3784 4167 4413 4627 5223 5324 5933 5958 5980 6292 6569 
#module 241 size: 30 bs: 0.489484
142 353 1117 1460 1799 2008 2273 2459 2553 3031 3046 3226 3335 3376 4211 4250 4394 4462 4995 5021 5075 5082 5220 5563 5671 6048 6734 6801 6847 6866 
#module 242 size: 11 bs: 1.00407
45 611 633 930 1211 1335 1719 2471 4499 5246 6858 
#module 243 size: 12 bs: 1.01946
182 683 1886 2421 2951 4030 4139 4271 5137 5221 5435 6176 
#module 244 size: 127 bs: 0.36682
82 110 144 147 257 366 412 428 553 639 645 659 776 779 797 840 848 862 901 902 904 927 975 1049 1083 1085 1165 1314 1320 1461 1479 1559 1567 1572 1601 1699 1720 1858 1896 1926 2018 2091 2212 2379 2419 2483 2587 2644 2667 2825 2840 2891 2975 2999 3260 3383 3415 3429 3432 3545 3555 3686 3716 3733 3768 3864 3877 4065 4074 4145 4148 4257 4350 4353 4381 4461 4506 4604 4631 4642 4647 4678 4679 4717 4791 4850 4854 5029 5030 5070 5165 5277 5279 5287 5305 5349 5499 5645 5661 5681 5815 5828 5842 5947 5976 6039 6062 6083 6185 6198 6241 6334 6395 6427 6428 6456 6485 6506 6545 6589 6610 6618 6625 6676 6730 6826 6844 
#module 245 size: 19 bs: 1.01124
141 212 587 1207 1213 1760 2380 2430 2531 2613 2727 3014 3692 4596 5044 5267 6347 6361 6661 
#module 246 size: 7 bs: 0.278526
256 269 313 2153 2602 6391 6685 
#module 247 size: 4 bs: 0.579211
125 2228 2398 5494 
#module 248 size: 13 bs: 0.597383
58 72 286 1370 1932 2131 2926 3552 4608 4786 5219 5278 5473 
#module 249 size: 45 bs: 1.00752
397 408 482 598 919 1184 1594 1765 1828 1991 2061 2064 2071 2276 2475 2656 2660 2698 2757 2854 2873 3059 3080 3246 3266 3326 3485 3590 3838 4237 4276 4601 4710 5104 5162 5214 5307 5452 5602 5803 5992 6047 6186 6570 6692 
#module 250 size: 7 bs: 0.774685
724 756 2636 3237 5573 5877 5889 
#module 251 size: 9 bs: 0.46447
402 447 1807 1979 2216 4137 4440 6102 6323 
#module 252 size: 5 bs: 0.526141
278 3847 4113 5718 6513 
#module 253 size: 4 bs: 0.918376
391 1582 1959 6510 
#module 254 size: 29 bs: 0.987375
294 306 436 708 1144 1443 1624 2243 2345 2517 2520 2747 2836 2900 3275 3311 3794 4009 4044 5401 5488 5512 5609 5779 5851 6096 6362 6804 6855 
#module 255 size: 5 bs: 0.583703
631 1914 2101 4041 4858 
#module 256 size: 6 bs: 1.07455
1881 3769 5872 6649 6691 6739 
#module 257 size: 4 bs: 0.878941
132 2305 6486 6843 
#module 258 size: 8 bs: 0.191426
2122 2291 3765 4251 4589 5597 6735 6794 
#module 259 size: 8 bs: 1.0406
672 2190 4150 4751 4838 5548 5790 6793 
#module 260 size: 16 bs: 0.195691
718 1718 1751 3033 3121 3366 3642 3764 3827 4325 5284 5537 5887 6045 6440 6832 
#module 261 size: 12 bs: 0.373313
17 112 311 503 938 940 1025 1745 1856 2991 3112 4544 
#module 262 size: 5 bs: 0.286516
3674 5105 5553 6192 6840 
#module 263 size: 19 bs: 0.288655
414 731 813 994 1069 1162 1533 1737 2026 2209 2641 3295 3633 4535 4920 5608 5770 6747 6773 
#module 264 size: 5 bs: 0.226983
1877 4930 5795 6010 6520 
#module 265 size: 38 bs: 0.453582
248 263 284 293 424 603 661 783 1133 1546 1547 1622 1641 1698 1874 2012 2048 2109 2167 2223 3001 3271 3273 3369 3456 3618 3743 4200 4273 4302 4921 5087 5218 5421 6263 6491 6590 6738 
#module 266 size: 3 bs: 0.984169
828 2888 5357 
#module 267 size: 7 bs: 0.836335
18 973 1225 4705 5478 6567 6910 
#module 268 size: 8 bs: 0.788705
773 1794 3787 3885 5033 5443 5647 6922 
#module 269 size: 4 bs: 0.296189
3267 3375 5110 5441 
#module 270 size: 8 bs: 0.479528
1051 2704 4107 4777 5291 5701 5908 6825 
#module 271 size: 33 bs: 1.0071
162 762 775 889 1027 1206 1411 1456 1543 1589 1693 1770 2437 2524 2857 2988 3120 3257 3282 3400 3928 3968 3997 4154 4692 4886 4990 5312 5414 5659 5732 6474 6838 
#module 272 size: 5 bs: 0.378003
89 375 1787 4021 4398 
#module 273 size: 9 bs: 0.252379
1780 2032 2333 3573 4015 4733 5834 5848 6815 
#module 274 size: 5 bs: 0.419747
1615 3200 3373 3805 6082 
#module 275 size: 4 bs: 0.241486
2691 4583 5699 6025 
#module 276 size: 7 bs: 0.89295
955 1455 2150 2165 3042 4403 4449 
#module 277 size: 19 bs: 1.05692
20 342 760 1270 1704 1750 1884 2255 3377 3830 3989 4095 4762 4812 4842 5711 5909 6277 6645 
#module 278 size: 5 bs: 1.09738
384 528 1356 1781 6777 
#module 279 size: 4 bs: 0.472301
322 2522 4038 4735 
#module 280 size: 11 bs: 0.648967
532 1298 1472 1902 2655 2659 3251 3944 4102 6023 6600 
#module 281 size: 3 bs: 0.286974
2754 3021 3425 
#module 282 size: 6 bs: 0.367255
3932 4825 5377 5769 6392 6614 
#module 283 size: 12 bs: 1.01434
485 953 1149 1469 2002 2303 4214 5012 5322 5798 6494 6538 
#module 284 size: 8 bs: 0.738513
2137 3089 3288 4205 5119 5184 6524 6802 
#module 285 size: 7 bs: 0.632021
146 1404 2525 5454 5565 5700 6207 
#module 286 size: 4 bs: 0.265376
530 2100 3634 6631 
#module 287 size: 15 bs: 0.204293
1599 1713 2099 2412 2425 2444 3043 3537 4151 4456 4615 4788 5464 6620 6780 
#module 288 size: 5 bs: 0.554032
281 2985 3651 4090 6328 
#module 289 size: 12 bs: 0.427543
101 748 1754 1834 2041 3090 3594 3820 4183 4468 5355 6164 
#module 290 size: 11 bs: 0.369631
640 1848 2571 2845 3136 3917 4419 4481 4936 5800 6459 
#module 291 size: 9 bs: 0.136007
300 302 1299 2720 3792 3934 5936 6472 6719 
#module 292 size: 7 bs: 0.491933
16 300 1485 3358 4300 4393 5662 
#module 293 size: 7 bs: 1.07888
16 336 1274 3526 4239 4267 4344 
#module 294 size: 9 bs: 0.819335
1302 1362 1612 1688 2210 3964 3979 4024 5525 
#module 295 size: 8 bs: 1.03621
103 449 1746 1876 3699 4110 5650 6026 
#module 296 size: 12 bs: 1.02912
338 635 638 763 1903 1976 2493 3276 3481 3529 4345 5369 
#module 297 size: 10 bs: 1.07771
1867 1908 2565 2859 2863 3017 3561 3644 4406 5164 
#module 298 size: 3 bs: 0.373752
1813 2020 2575 
#module 299 size: 11 bs: 0.490615
810 1377 2162 2949 2987 4405 4676 5233 5967 6238 6573 
#module 300 size: 3 bs: 0.154737
240 1537 1759 
#module 301 size: 20 bs: 0.920396
1433 1437 1625 2123 2157 2514 2584 2817 3023 3417 3497 3520 3521 3593 3734 3967 4252 5013 5116 6461 
#module 302 size: 3 bs: 0.139926
2393 2889 5926 
#module 303 size: 14 bs: 0.788226
91 260 583 679 2060 3192 4064 4177 4331 4368 4951 4971 5886 6272 
#module 304 size: 13 bs: 0.959206
259 403 2040 2537 2944 2974 3672 3836 4103 4773 5046 5677 6706 
#module 305 size: 8 bs: 0.345078
216 473 1949 3375 3767 3970 4320 6682 
#module 306 size: 6 bs: 0.353158
827 2034 2440 3576 6637 6713 
#module 307 size: 20 bs: 0.939995
173 656 781 1840 1868 1904 1925 1939 1974 2508 2865 2984 3300 3595 3625 3910 4219 6668 6761 6769 
#module 308 size: 6 bs: 0.681081
370 1032 2005 3047 5810 6793 
#module 309 size: 10 bs: 0.968661
2006 2084 2814 3920 4317 5526 5869 6542 6591 6704 
#module 310 size: 82 bs: 0.577046
53 60 150 151 182 434 533 605 677 814 952 985 1031 1052 1066 1090 1110 1112 1269 1541 1578 1620 1723 1782 2111 2208 2234 2277 2351 2396 2424 2657 2664 2731 2901 2951 3041 3137 3162 3232 3240 3339 3380 3525 3746 3798 3802 3902 3943 3954 4191 4255 4379 4442 4542 4582 4585 4619 4625 4675 4813 4910 4941 5157 5199 5251 5266 5276 5314 5770 5805 5885 5891 5943 5970 6133 6142 6318 6371 6616 6686 6861 
#module 311 size: 11 bs: 0.39566
1278 1450 2023 2110 2471 4314 4372 5252 6206 6213 6693 
#module 312 size: 9 bs: 0.392983
459 600 1565 2365 4386 4407 5693 6515 6659 
#module 313 size: 7 bs: 0.494697
664 3440 3620 3764 4477 4591 6116 
#module 314 size: 5 bs: 0.474595
737 2526 3036 3524 4116 
#module 315 size: 5 bs: 0.583874
1024 1610 2087 2777 5702 
#module 316 size: 6 bs: 0.627693
184 470 2015 3679 4864 5639 
#module 317 size: 24 bs: 0.741342
155 490 782 992 1677 1768 1862 2188 2418 2550 3371 3563 3670 3679 3687 4051 4801 4803 5074 5358 5420 5462 5635 6162 
#module 318 size: 22 bs: 1.03244
135 428 595 1033 1282 1556 2137 2231 2345 2581 2644 2680 2787 2813 2839 4887 5328 5400 5454 5584 5634 5661 
#module 319 size: 6 bs: 0.822751
77 2206 2269 5317 6560 6851 
#module 320 size: 12 bs: 0.177136
247 804 1304 1789 2105 2198 2768 4600 5508 5839 5862 6876 
#module 321 size: 3 bs: 0.785205
609 678 700 
#module 322 size: 14 bs: 1.02267
837 847 2094 2963 3278 3553 4002 4593 4865 5636 5911 6141 6210 6654 
#module 323 size: 28 bs: 0.759431
12 48 445 730 1140 1282 1930 2106 2831 2833 2912 3303 3424 3554 3820 4391 4491 4643 4775 4880 4909 5594 5890 5914 6033 6175 6579 6891 
#module 324 size: 24 bs: 0.273299
46 171 471 647 816 817 1350 1366 1842 1997 2055 2200 2614 2788 3140 3171 3649 3713 4138 4581 5447 5491 5550 5731 
#module 325 size: 19 bs: 0.278805
47 106 189 310 625 736 1591 2044 2437 2673 2765 3035 3632 3936 4173 4967 4988 6215 6671 
#module 326 size: 14 bs: 0.949535
207 264 2143 3338 3527 3908 4029 4221 4573 4684 4764 6108 6191 6532 
#module 327 size: 8 bs: 0.590595
519 1519 1535 1741 4230 5144 5329 6480 
#module 328 size: 11 bs: 0.464957
402 1508 1635 2225 2850 3238 3662 3748 3939 4731 5143 
#module 329 size: 39 bs: 0.948966
73 419 592 619 976 1351 1451 1525 1880 2180 2282 2325 2528 2668 3161 3180 4118 4232 4447 4586 4755 5006 5286 5309 5323 5352 5418 5427 5649 5674 5738 5780 5783 5850 6067 6259 6422 6496 6556 
#module 330 size: 19 bs: 0.43426
3 274 595 1363 1761 2465 3516 3639 3679 3782 4212 4375 5634 5953 6249 6297 6330 6337 6401 
#module 331 size: 14 bs: 0.775982
130 681 703 806 910 1365 1744 1817 2618 3122 3833 4979 5808 6436 
#module 332 size: 82 bs: 0.226192
36 97 234 237 270 350 499 893 935 969 990 1047 1097 1120 1142 1164 1237 1301 1332 1368 1475 1501 1512 1558 1785 1967 1989 2072 2229 2323 2328 2332 2407 2534 2607 2964 3069 3091 3097 3118 3379 3392 3401 3458 3727 4122 4204 4281 4319 4444 4453 4457 4479 4489 4657 4699 4713 4729 4732 4790 4867 4925 5036 5084 5107 5315 5321 5552 5588 5615 5760 5791 5991 6029 6138 6285 6294 6399 6481 6605 6883 6923 
#module 333 size: 11 bs: 0.596118
676 865 2154 2906 3330 3580 4258 4359 4423 5421 6689 
#module 334 size: 4 bs: 0.42817
9 3083 3318 4094 
#module 335 size: 4 bs: 0.548701
1687 2691 5095 5785 
#module 336 size: 38 bs: 0.605152
121 1234 1277 1289 1423 1486 1607 1776 1990 2260 2304 2462 2593 2956 2960 3059 3577 3661 3980 4017 4085 4208 4268 4270 4285 4736 4938 5114 5328 5395 5569 5627 5643 5664 5735 6184 6745 6891 
#module 337 size: 9 bs: 0.214266
545 1428 2055 2445 2679 4667 5068 6136 6404 
#module 338 size: 19 bs: 0.143503
68 745 791 817 2080 2522 2543 2578 3503 4147 4462 4497 4874 5491 5745 5887 6229 6452 6471 
#module 339 size: 3 bs: 0.631905
2354 4437 6774 
#module 340 size: 31 bs: 0.374707
10 218 290 365 585 740 974 1384 1410 1570 1598 1922 2081 2558 2608 3221 3299 3397 3724 3925 3962 4202 4365 4425 4490 4588 4767 4924 5217 6193 6634 
#module 341 size: 6 bs: 0.502006
426 562 2750 5614 6505 6525 
#module 342 size: 12 bs: 0.820973
1708 2910 2939 3918 4037 4688 5255 5984 6235 6398 6586 6765 
#module 343 size: 17 bs: 0.258981
76 584 636 1016 1170 2408 3002 3128 3615 3832 4019 4524 4624 4907 5200 6188 6607 
#module 344 size: 9 bs: 0.985346
628 1307 1420 3484 4525 5397 5772 6410 6758 
#module 345 size: 7 bs: 0.968279
1199 2191 2996 3651 3930 4013 5265 
#module 346 size: 13 bs: 0.25624
746 1440 1863 2136 2694 2755 3234 3913 4190 4560 5169 5281 5424 
#module 347 size: 7 bs: 0.831912
695 1114 1416 2405 2718 4012 6522 
#module 348 size: 12 bs: 0.439547
1259 1916 2373 3540 3595 3817 4080 5039 5454 5496 5797 6119 
#module 349 size: 21 bs: 1.05881
74 465 728 1057 1076 1183 2439 3111 3706 3858 3874 4085 4289 4578 4736 4871 5520 5640 6161 6375 6807 
#module 350 size: 17 bs: 0.663593
641 874 1733 1833 1892 3213 3421 3623 4258 4330 4641 4649 5136 5212 5782 6383 6585 
#module 351 size: 9 bs: 0.536659
312 720 1225 1826 2627 3144 3346 4716 4872 
#module 352 size: 20 bs: 0.494342
439 716 1178 1190 1396 1437 1943 2279 2485 2880 3303 3446 3449 3859 4554 4906 5150 5484 5676 6743 
#module 353 size: 12 bs: 0.907632
768 1644 1755 2890 3177 3502 3580 4843 5554 6347 6489 6859 
#module 354 size: 4 bs: 1.06793
1156 3627 6053 6583 
#module 355 size: 10 bs: 0.160503
2215 2801 2995 4311 5135 5272 5348 6181 6760 6885 
#module 356 size: 5 bs: 0.973683
1653 3169 3206 4509 6497 
#module 357 size: 5 bs: 1.07041
1258 1397 3534 6232 6670 
#module 358 size: 13 bs: 0.648555
219 983 2893 3037 3060 3607 4852 5153 5282 5446 5486 6170 6348 
#module 359 size: 9 bs: 0.5081
630 710 2339 3128 3676 4364 4776 4794 5954 
#module 360 size: 20 bs: 0.698525
85 198 201 579 593 780 788 1083 1282 1413 1556 2093 2791 3978 4301 5607 5723 6015 6317 6566 
#module 361 size: 19 bs: 0.988106
1019 1324 1369 1830 1855 3322 3491 3681 4469 4677 4811 4839 4847 5245 5432 5730 6085 6099 6286 
#module 362 size: 10 bs: 0.483778
741 1176 2241 2521 2669 2778 2783 3629 4441 5058 
#module 363 size: 13 bs: 0.122734
131 374 530 752 758 2503 3025 4111 4126 4245 4346 5201 6301 
#module 364 size: 8 bs: 0.74214
706 860 2435 3363 3644 4366 5412 6888 
#module 365 size: 14 bs: 0.376325
287 1609 1927 2073 2198 2977 3055 3070 3532 4532 4610 4848 6702 6908 
#module 366 size: 9 bs: 0.967036
165 1263 3667 4623 5301 5412 5832 6778 6886 
#module 367 size: 12 bs: 0.444045
17 339 747 1057 2438 2625 3228 3758 3828 4053 4097 5368 
#module 368 size: 29 bs: 0.304863
75 352 414 731 1035 1060 1069 1489 1533 1771 2145 2675 3158 3289 3295 3320 3637 3791 4176 4719 4879 5121 5715 5873 5929 6139 6290 6401 6690 
#module 369 size: 39 bs: 0.724004
163 245 394 891 1023 1130 1202 1891 1947 1978 2028 2214 2366 2464 2631 2917 3043 3355 3406 3455 3473 3689 3749 3809 4156 4215 4514 4590 4617 4639 5009 5788 5843 5857 6071 6248 6336 6419 6900 
#module 370 size: 12 bs: 0.621128
348 915 1077 1398 1665 2654 3647 5504 6010 6425 6514 6649 
#module 371 size: 93 bs: 0.791512
25 34 62 80 210 230 233 347 356 425 446 454 478 526 531 785 814 824 914 1018 1095 1227 1260 1276 1481 1502 1541 1564 1573 1617 1652 1920 1956 2068 2203 2284 2359 2385 2604 2619 2648 2736 2769 2849 2867 2879 2885 2904 3034 3137 3139 3254 3331 3356 3420 3469 3710 3793 3886 4162 4179 4198 4212 4376 4429 4563 4693 4694 4809 4873 4891 4895 4955 5089 5207 5257 5266 5342 5572 5698 5937 5973 6183 6200 6251 6268 6335 6498 6565 6568 6597 6726 6775 
#module 372 size: 45 bs: 0.525664
1 620 735 788 843 1721 1814 2011 2098 2299 2309 2507 2823 2832 3099 3136 3239 3265 3323 3514 3675 3804 3818 3823 3826 4185 4200 4361 4476 5099 5154 5231 5440 5531 5621 5773 5989 6015 6027 6075 6150 6310 6455 6598 6724 
#module 373 size: 5 bs: 0.173938
559 2240 4765 4882 6694 
#module 374 size: 13 bs: 0.420819
227 267 565 630 822 1646 2870 3044 3875 4959 5509 5631 6209 
#module 375 size: 4 bs: 0.287761
1614 2077 3284 4975 
#module 376 size: 10 bs: 0.888945
40 854 1850 2170 2340 2913 4566 5072 5709 6224 
#module 377 size: 35 bs: 0.619358
257 285 541 586 688 888 986 1017 1022 1080 1131 1243 1735 1860 1928 2360 2375 3290 3367 3523 3816 4484 4503 4512 4656 4659 4986 5178 5248 5644 5768 6166 6364 6793 6811 
#module 378 size: 61 bs: 0.513263
5 142 168 329 361 490 492 566 626 823 844 931 967 1050 1122 1395 1427 1516 1651 1815 1912 1928 1936 2012 2144 2296 2352 2417 2455 2596 2919 3000 3250 3335 3365 3511 3587 3852 3969 3980 4081 4209 4672 4963 4980 5008 5048 5402 5465 5490 5524 5577 5620 5831 6028 6149 6217 6225 6431 6710 6753 
#module 379 size: 6 bs: 0.456118
856 2621 5502 5535 6179 6717 
#module 380 size: 10 bs: 0.184579
52 255 402 608 871 1229 2866 4082 4917 5177 
#module 381 size: 4 bs: 0.347329
1242 1381 3489 4718 
#module 382 size: 6 bs: 0.436544
512 1465 2862 3411 4454 5409 
#module 383 size: 14 bs: 0.765136
421 542 671 1058 1148 1890 2067 3073 3596 3779 4723 5822 5962 6870 
#module 384 size: 8 bs: 0.204974
548 1581 2691 3572 3899 4290 4334 4907 
#module 385 size: 7 bs: 0.452669
559 1154 1527 1634 3258 3535 6117 
#module 386 size: 14 bs: 0.867443
495 547 577 712 1895 2361 3431 3580 3931 4006 4426 5927 5944 5982 
#module 387 size: 13 bs: 0.723932
755 939 1294 1414 1575 1846 2454 2472 2678 4102 4370 5007 6796 
#module 388 size: 10 bs: 0.151205
812 1141 1209 2135 3134 4053 5132 5399 5575 6246 
#module 389 size: 9 bs: 1.08196
57 126 1334 1783 2174 2603 2651 5198 6691 
#module 390 size: 15 bs: 0.792707
184 238 709 1579 1617 1669 2559 2872 3438 4962 5021 5611 6020 6090 6465 
#module 391 size: 12 bs: 0.178511
1679 1931 2057 2582 3243 3848 3850 3996 4019 4962 5050 5479 
#module 392 size: 7 bs: 0.431473
96 1057 1972 4492 4505 5188 5950 
#module 393 size: 23 bs: 0.163864
460 1670 1864 2032 2142 2415 2461 2504 2600 2677 2831 3119 3487 3819 3845 3896 4072 4117 4515 6077 6753 6797 6880 
#module 394 size: 34 bs: 1.04666
72 95 529 909 1102 1562 1574 1583 1811 1887 2035 2106 2191 2195 2535 2706 2996 3319 3564 3603 3677 3842 4006 4352 4653 4668 4798 4846 5544 5546 6018 6267 6362 6445 
#module 395 size: 123 bs: 0.174128
71 114 159 167 305 325 359 382 451 621 643 790 823 850 894 916 932 958 980 1253 1283 1295 1319 1399 1515 1551 1630 1747 1769 1878 1910 1950 1975 1984 1985 2011 2012 2089 2106 2211 2244 2254 2309 2334 2502 2611 2680 2687 2730 2760 2799 2833 2938 3146 3176 3239 3256 3326 3337 3364 3389 3390 3441 3474 3700 3867 3953 3998 4112 4131 4155 4223 4272 4294 4295 4307 4341 4381 4399 4404 4415 4430 4530 4568 4577 4824 4899 4950 4966 5042 5066 5071 5079 5173 5213 5307 5335 5466 5511 5587 5589 5679 5717 5763 5836 5888 5945 6027 6089 6168 6190 6240 6252 6307 6338 6353 6463 6563 6624 6665 6895 6903 6906 
#module 396 size: 21 bs: 0.367804
136 145 547 906 1071 1217 1426 1839 1899 2317 3040 3255 3349 3893 3894 3922 3942 4098 4282 4478 4638 
#module 397 size: 15 bs: 0.628038
158 719 1322 2024 2523 2861 3279 3391 4165 4498 4964 5037 5078 6612 6695 
#module 398 size: 82 bs: 0.215155
362 396 576 607 727 740 817 1043 1101 1126 1146 1166 1223 1236 1412 1470 1571 1672 1676 1679 1778 1837 1859 2224 2284 2387 2404 2466 2495 2540 2729 2850 2897 3100 3103 3125 3216 3238 3324 3559 3647 3652 3669 3725 3751 3790 3834 4172 4242 4645 4782 4861 4935 4949 5076 5118 5375 5411 5453 5522 5593 5754 5856 5886 5920 5960 6074 6103 6157 6221 6304 6321 6331 6332 6369 6447 6491 6551 6627 6655 6687 6731 
#module 399 size: 5 bs: 0.310121
2692 3622 4557 5569 6651 
#module 400 size: 38 bs: 0.100568
42 348 443 657 1316 1617 1619 1931 2120 2369 2427 2633 2878 2983 3072 3168 3208 3439 3647 3649 3777 4161 4691 5069 5096 5109 5354 5456 5534 5536 5563 5660 5728 6339 6425 6516 6647 6812 
#module 401 size: 13 bs: 0.957517
115 463 1002 1867 2245 2322 3149 3497 4385 4466 5038 5040 5796 
#module 402 size: 23 bs: 0.888644
618 1095 1118 1166 1617 1934 1937 2003 2054 2213 3532 3955 4011 4458 4562 5088 5500 5625 5724 5938 5996 6679 6734 
#module 403 size: 11 bs: 0.231104
301 899 1042 1731 3107 3160 4233 5060 5344 5881 6488 
#module 404 size: 17 bs: 0.427164
539 744 830 1219 1786 1963 2340 3212 3362 3466 3887 4659 5484 6223 6601 6617 6619 
#module 405 size: 7 bs: 0.777256
882 1024 2021 2220 3986 5167 5829 
#module 406 size: 5 bs: 0.32286
522 2431 3884 3938 4539 
#module 407 size: 9 bs: 0.216081
308 505 1663 2598 4042 4048 4243 5725 6756 
#module 408 size: 21 bs: 0.427656
38 360 683 1337 1504 1505 1808 1965 2249 2892 2992 3693 3695 4139 5262 5270 5337 5435 5444 6355 6675 
#module 409 size: 17 bs: 0.950692
501 972 1477 1801 1837 2734 3148 3332 3829 4178 4563 4876 5100 5340 5853 6113 6340 
#module 410 size: 5 bs: 0.59876
547 3375 3981 4393 5493 
#module 411 size: 6 bs: 0.457182
225 1482 2370 2405 4779 5993 
#module 412 size: 20 bs: 0.725278
323 439 637 799 989 1079 1547 1961 1986 2612 3156 3640 3892 3963 4391 4530 4534 4787 5530 5629 
#module 413 size: 20 bs: 0.512776
379 655 661 1015 1138 1174 1281 1432 2066 3263 3386 4297 4402 4827 4934 4972 5011 5044 5185 6873 
#module 414 size: 7 bs: 0.990268
2752 3372 4119 4422 5749 6120 6673 
#module 415 size: 14 bs: 0.808489
684 1335 1553 2803 2835 3532 4132 4218 4686 4752 5001 5313 6254 6869 
#module 416 size: 7 bs: 0.428231
169 3231 3510 4083 4337 4546 5045 
#module 417 size: 7 bs: 0.56878
268 385 3222 3907 5366 5454 6326 
#module 418 size: 23 bs: 0.572226
119 179 338 572 1259 1716 1915 2057 2103 2362 2382 3017 3064 3848 3963 4758 4893 5456 5528 5563 6279 6320 6465 
#module 419 size: 24 bs: 0.487814
574 686 1012 1082 1166 1650 1942 2349 2733 2758 2766 3063 3565 3631 3669 4127 4208 4533 5023 5642 6007 6017 6145 6191 
#module 420 size: 6 bs: 0.209978
1329 3949 4287 5437 6261 6721 
#module 421 size: 20 bs: 0.186359
42 260 951 1836 2069 2320 2556 2560 3203 3554 3890 3963 4008 4424 5024 5456 5559 5707 6107 6741 
#module 422 size: 39 bs: 0.602451
242 420 591 616 711 750 787 834 948 1187 1442 1506 1805 1882 1923 2160 2288 2795 2972 3057 3145 3186 3401 3705 4123 4186 4256 4494 4720 4759 4834 5228 5527 5632 5764 5825 6270 6295 6408 
#module 423 size: 34 bs: 0.352992
188 202 390 813 825 897 1198 1383 1405 1424 1576 1700 1982 2120 2663 2736 2759 2773 2932 2980 3078 3835 4157 4896 5359 6094 6110 6195 6227 6282 6327 6595 6785 6878 
#module 424 size: 12 bs: 0.862533
81 689 1642 1649 1703 2489 2689 2841 3329 4696 5616 6197 
#module 425 size: 10 bs: 1.05022
216 374 1181 1949 1999 2912 3542 4934 6434 6443 
#module 426 size: 23 bs: 0.720301
487 817 1435 1545 1763 1933 2308 2460 2496 3079 3152 3517 3718 4501 4576 4620 4885 5373 5581 5912 6063 6548 6889 
#module 427 size: 29 bs: 0.190314
129 226 260 373 570 667 956 1931 2671 3170 3502 3647 3657 3867 3977 4092 4193 4269 4277 4562 4695 4772 5069 5086 5694 6103 6467 6648 6806 
#module 428 size: 44 bs: 0.651748
298 374 389 483 685 808 1659 1966 2123 2141 2280 2302 2415 2600 2606 2831 2898 3026 3040 3116 3522 3560 3575 3708 4101 4135 4197 4389 4515 4529 4558 5085 5134 5571 5638 5658 5898 5934 6244 6423 6528 6541 6664 6817 
#module 429 size: 33 bs: 1.04811
45 99 179 299 549 1078 1921 1993 2093 2118 2324 2484 2688 2790 2944 3210 3212 3849 3893 3935 4054 4057 4392 4515 5005 5164 5307 5619 5823 6114 6604 6635 6744 
#module 430 size: 7 bs: 0.939574
2442 3212 4126 5047 5767 6172 6266 
#module 431 size: 5 bs: 0.619891
405 1263 2161 3860 4128 
#module 432 size: 19 bs: 0.309336
120 323 811 1549 2172 2499 3174 3188 3470 3512 3737 4192 4226 4312 4575 5037 5054 5288 5339 
#module 433 size: 3 bs: 0.755688
1660 3500 5841 
#module 434 size: 10 bs: 0.902361
597 1279 1376 2350 2681 2724 3922 4718 4768 4849 
#module 435 size: 8 bs: 0.517081
296 886 3368 4363 4537 4743 5669 5919 
#module 436 size: 8 bs: 0.443736
1017 2079 2217 2360 2511 3437 5798 6069 
#module 437 size: 7 bs: 0.752038
604 832 2230 4119 4166 5517 6639 
#module 438 size: 46 bs: 0.920058
48 186 388 620 1196 1259 1261 1282 1295 1342 1661 1848 1874 2011 2017 2076 2130 2175 2265 2382 2423 2458 2532 2842 2990 3173 3585 3624 3732 4138 4207 4360 4836 5003 5172 5458 5540 5759 6065 6357 6459 6507 6575 6627 6666 6895 
#module 439 size: 15 bs: 0.473811
177 196 950 1340 3336 3742 3940 3961 4071 4180 4347 4915 5542 6442 6688 
#module 440 size: 159 bs: 0.612368
78 127 139 172 183 206 253 271 357 361 372 396 402 410 439 509 521 551 561 594 674 761 781 792 801 872 954 988 1129 1150 1180 1266 1267 1274 1375 1415 1485 1531 1552 1587 1639 1690 1711 1784 1893 1946 1969 1998 2140 2164 2266 2281 2321 2338 2344 2414 2545 2708 2818 2865 2872 2882 3087 3100 3105 3142 3167 3199 3215 3241 3412 3427 3433 3447 3490 3505 3523 3539 3540 3578 3626 3663 3729 3731 3741 3937 3940 4012 4026 4046 4076 4085 4086 4130 4136 4137 4141 4170 4217 4222 4240 4351 4443 4496 4516 4527 4603 4626 4708 4740 4792 4793 4898 4948 4969 4970 4976 4983 5018 5068 5125 5145 5205 5294 5481 5541 5549 5582 5598 5624 5668 5712 5720 5801 5814 5817 5865 5893 5903 5916 5930 5972 6031 6098 6135 6203 6352 6363 6430 6436 6454 6584 6643 6668 6712 6732 6799 6848 6919 
#module 441 size: 23 bs: 0.500821
254 696 729 732 867 1203 1917 1988 1995 2027 2211 2449 2855 3218 3248 3605 3994 3999 4174 4526 4824 5581 6499 
#module 442 size: 8 bs: 1.04495
116 679 3825 4338 4638 4908 5007 5942 
#module 443 size: 25 bs: 0.581473
117 195 200 367 521 539 746 996 1758 2015 2127 2516 2544 2594 2993 3020 3916 4360 4439 4450 4916 5655 6112 6262 6733 
#module 444 size: 27 bs: 1.01688
55 303 326 800 870 997 1072 2392 2447 2561 2638 2711 2844 3153 3270 3754 3903 5156 5190 5363 5379 5928 6130 6380 6622 6763 6769 
#module 445 size: 96 bs: 0.320149
24 27 64 573 692 863 968 1037 1055 1070 1101 1121 1127 1186 1209 1221 1280 1285 1309 1532 1632 1743 1824 1842 1845 1898 1973 2022 2046 2096 2108 2222 2257 2283 2358 2466 2662 2685 2723 2744 2828 2852 2996 3011 3032 3049 3088 3345 3385 3479 3635 3668 3684 3748 3985 4146 4152 4298 4397 4598 4638 4703 4737 4770 4866 4901 4907 4933 4998 5076 5163 5296 5362 5368 5422 5516 5538 5689 5956 5957 6042 6043 6070 6092 6159 6216 6385 6578 6615 6636 6677 6736 6839 6872 6879 6913 
#module 446 size: 136 bs: 0.141141
87 142 168 204 251 309 316 395 430 432 766 817 826 937 966 967 1113 1219 1220 1241 1256 1286 1293 1400 1427 1622 1638 1790 1806 1909 1936 2012 2098 2120 2158 2263 2267 2296 2371 2417 2428 2492 2577 2584 2632 2637 2733 2742 2776 2792 2869 2874 2877 2905 3023 3046 3087 3095 3167 3175 3211 3226 3239 3273 3338 3376 3402 3477 3505 3527 3544 3587 3610 3665 3703 3804 3826 3917 3941 3959 3973 3984 4050 4081 4092 4209 4304 4308 4330 4360 4400 4410 4439 4450 4462 4573 4577 4665 4816 4824 4843 4874 4882 4892 4922 4963 5003 5117 5127 5128 5158 5218 5244 5490 5543 5620 5748 6002 6015 6028 6064 6081 6121 6225 6283 6296 6354 6364 6366 6467 6471 6708 6710 6724 6740 6753 
#module 447 size: 19 bs: 1.07264
95 1691 1705 1728 1840 1955 2122 2383 2562 2746 2883 3012 3546 3881 4133 4246 5224 6421 6772 
#module 448 size: 14 bs: 0.834476
691 1171 1851 2149 2248 2531 3292 3923 4269 4545 4637 6648 6697 6835 
#module 449 size: 9 bs: 0.114128
849 1514 1960 3865 4263 4778 4804 5704 6592 
#module 450 size: 18 bs: 0.690707
142 489 642 1197 1473 2554 3117 3393 3800 4730 4884 4904 5293 5555 5618 5922 6141 6381 
#module 451 size: 18 bs: 0.294988
49 211 567 722 1709 1951 2786 3436 3478 3857 4229 4356 4565 5958 6012 6079 6126 6226 
#module 452 size: 20 bs: 1.01032
161 416 550 864 1092 1434 1668 1674 1805 2128 2976 3445 3533 3991 4093 4210 5367 5372 5921 6146 
#module 453 size: 17 bs: 0.860804
108 411 658 1459 2586 2620 3281 3301 3584 3894 4009 4369 5015 5247 5826 6165 6626 
#module 454 size: 36 bs: 0.612747
279 358 534 1193 1212 1431 1819 1910 1964 1992 2009 2828 3050 3195 3418 3958 3967 3970 3976 4092 4134 4164 4247 4274 4304 4561 4757 4956 5096 5122 5628 6034 6073 6342 6504 6646 
#module 455 size: 27 bs: 0.582887
476 536 917 1189 1308 1544 1664 1671 2025 2189 2202 2484 2582 2822 3856 4199 4298 4408 4504 5130 5188 5298 5331 5746 5767 6776 6787 
#module 456 size: 29 bs: 0.150715
462 502 1391 1417 1497 1530 1584 1775 1970 2247 2264 2465 2732 3350 3452 3658 3679 3876 3915 4047 4470 4640 4664 4890 5021 5380 5634 5949 6086 
#module 457 size: 9 bs: 0.801432
417 1029 2609 3422 3598 4395 5471 6052 6517 
