#module 0 size: 2 bs: 0.000331328
2002 5035 
#module 1 size: 11 bs: 5.86837e-07
492 730 1422 1843 1971 1983 2904 4697 5111 5270 6712 
#module 2 size: 3 bs: 0.00418791
5267 5731 5734 
#module 3 size: 2 bs: 8.80221e-101
779 5211 
#module 4 size: 3 bs: 0.0116183
2784 4500 6814 
#module 5 size: 3 bs: 0.0659907
1552 2784 6401 
#module 6 size: 3 bs: 1.13767e-102
2658 5551 6806 
#module 7 size: 5 bs: 3.82476e-11
968 3910 4852 6311 6542 
#module 8 size: 2 bs: 4.78336e-08
463 4608 
#module 9 size: 8 bs: 0.0182368
4657 5560 5578 5885 5894 6227 6285 6301 
#module 10 size: 10 bs: 3.9622e-101
536 2193 3276 3463 3470 3707 3759 4130 4828 6320 
#module 11 size: 10 bs: 8.56274e-102
1461 2863 3450 3884 4495 4842 4980 5971 6046 6795 
#module 12 size: 2 bs: 3.468e-11
3697 6278 
#module 13 size: 6 bs: 0.0526606
677 2115 2413 4897 5891 6692 
#module 14 size: 4 bs: 1.11022e-16
1012 2899 5800 6297 
#module 15 size: 4 bs: 1.74076e-10
1525 2104 2108 3746 
#module 16 size: 3 bs: 5.62328e-13
957 3228 3899 
#module 17 size: 4 bs: 0.0249783
2 2647 4757 6309 
#module 18 size: 3 bs: 8.54872e-15
3707 5094 6137 
#module 19 size: 5 bs: 0.000115706
1746 1747 3832 4589 4990 
#module 20 size: 7 bs: 1.52315e-07
305 421 684 2192 3244 4670 6447 
#module 21 size: 5 bs: 0.080865
390 1935 5048 5659 5891 
#module 22 size: 5 bs: 1.01483e-06
839 1184 1594 1595 5951 
#module 23 size: 5 bs: 2.06711e-09
217 2075 4156 5622 6800 
#module 24 size: 6 bs: 1.11022e-16
2112 2458 4011 5635 5869 6212 
#module 25 size: 4 bs: 1.32778e-05
392 1457 2747 5816 
#module 26 size: 12 bs: 0.0243033
1017 1392 1743 2563 3005 4013 4041 4196 5092 5243 5805 5916 
#module 27 size: 7 bs: 1.58344e-101
2311 2312 3696 3783 4653 5994 6269 
#module 28 size: 7 bs: 3.59423e-07
1081 1700 1701 3713 3716 3800 6636 
#module 29 size: 4 bs: 0.000298236
656 2668 2676 3847 
#module 30 size: 5 bs: 0.00087569
2130 3198 4651 5777 6237 
#module 31 size: 19 bs: 0.00385894
875 891 986 1353 1400 2097 2209 2469 2867 3293 3389 3896 4642 5030 5419 5465 5516 6252 6849 
#module 32 size: 17 bs: 1.88571e-12
1234 1671 1894 2032 2481 2650 3406 3555 3926 4034 5195 5614 5639 5725 5788 6063 6562 
#module 33 size: 6 bs: 1.37201e-06
415 1692 3742 4238 4257 5557 
#module 34 size: 8 bs: 2.75106e-07
60 1880 2120 3041 4257 4701 6177 6655 
#module 35 size: 7 bs: 7.17948e-06
1461 1835 4166 5850 6138 6255 6338 
#module 36 size: 4 bs: 0.000518855
2035 3016 3755 5490 
#module 37 size: 10 bs: 8.62424e-101
900 1940 2851 2937 3716 4717 5408 5802 6107 6636 
#module 38 size: 48 bs: 0.828224
191 300 374 400 422 433 958 1028 1437 1567 1578 1719 1866 2066 2328 2459 2638 2673 2734 2774 2961 2984 3032 3039 3383 3436 3480 3792 3802 3879 3925 3980 4186 4263 4354 4559 4643 5029 5107 5238 5739 6034 6036 6509 6536 6640 6758 6893 
#module 39 size: 11 bs: 0.54613
292 1535 1886 2455 2756 3532 3725 3776 3842 4178 6640 
#module 40 size: 7 bs: 1.00197
2424 2691 3563 4908 5541 6423 6814 
#module 41 size: 10 bs: 0.339104
765 2111 2185 2297 2400 3050 3283 3634 5692 6616 
#module 42 size: 63 bs: 0.668066
34 126 282 303 427 601 692 837 906 933 936 961 963 1031 1169 1250 1325 1335 1344 1461 1483 1820 1834 2264 2276 2290 2359 2370 2612 2782 3297 3313 3431 3560 3641 3721 3953 3978 4211 4438 4474 4557 4646 4695 4749 5085 5111 5167 5271 5416 5520 5596 5968 6074 6338 6450 6481 6598 6647 6745 6780 6804 6867 
#module 43 size: 15 bs: 0.211425
357 1248 1737 1868 2195 2442 3175 3761 4165 4407 4415 4874 5074 5191 5225 
#module 44 size: 6 bs: 1.09688
173 720 2803 5882 6346 6833 
#module 45 size: 10 bs: 1.01394
148 166 551 1785 1886 1946 1958 4872 5144 6915 
#module 46 size: 6 bs: 1.05747
2941 4544 4754 4926 6104 6827 
#module 47 size: 11 bs: 0.716542
599 618 2436 4214 4233 4307 4969 5726 6383 6789 6827 
#module 48 size: 7 bs: 0.396026
83 1040 2075 3098 3477 4666 6528 
#module 49 size: 29 bs: 0.55115
892 965 1127 1167 1170 1171 1172 1175 1180 1181 1806 1906 2180 2731 2904 2910 3738 4272 4276 5069 5471 5513 5555 5655 6064 6146 6158 6518 6650 
#module 50 size: 17 bs: 0.803239
41 171 882 996 2293 2715 2838 3011 3750 4065 4074 4078 4145 4147 4744 5544 6634 
#module 51 size: 22 bs: 0.265261
864 1009 1013 1034 1181 1512 3220 3457 3464 3569 3716 3800 4128 4153 4247 4248 5129 5604 6188 6636 6683 6862 
#module 52 size: 3 bs: 0.299541
314 4040 5662 
#module 53 size: 16 bs: 0.704663
157 1683 2016 2575 2607 2988 3097 3232 3317 3572 4166 4464 5556 5622 5692 6307 
#module 54 size: 24 bs: 1.00664
280 353 438 713 750 821 1453 1580 1670 1951 2038 2380 3021 3131 3344 3416 3871 4770 4811 4930 5558 5831 6017 6561 
#module 55 size: 46 bs: 0.532301
209 257 375 578 1018 1229 1241 1582 1828 1829 1854 1986 2124 2211 2262 2287 2294 2316 2517 2702 2703 3262 3291 3321 3527 3661 3994 4116 4131 4465 5004 5106 5206 5276 5330 5387 5466 5492 5778 5886 5967 6090 6186 6671 6828 6851 
#module 56 size: 9 bs: 1.09143
1686 2848 2883 4456 4667 4780 5773 6630 6718 
#module 57 size: 23 bs: 0.527086
117 747 851 1054 1378 1772 1897 1950 2286 2347 2354 2666 3324 3338 3840 4106 4498 4634 4929 5663 6271 6497 6500 
#module 58 size: 21 bs: 0.762788
1080 1104 1451 1564 2292 2355 2632 2967 3115 3120 3452 3688 3703 3855 4061 4083 4388 4664 4843 5272 6569 
#module 59 size: 16 bs: 0.695171
134 678 744 1541 1782 1812 2037 2175 2257 2465 2722 2864 3500 5377 5454 5505 
#module 60 size: 17 bs: 0.22482
469 868 1295 1924 2317 2491 2680 3103 3442 3463 3749 4337 4503 4548 5456 6053 6645 
#module 61 size: 16 bs: 0.388766
154 227 852 1245 1555 1891 2179 2437 3420 3620 4482 5025 5253 5319 5464 5891 
#module 62 size: 34 bs: 0.481016
15 67 342 390 437 818 842 942 1011 1132 1349 1381 1794 1849 2115 2183 2452 3627 3686 3779 3886 4039 4257 4455 5002 5522 5566 5801 5842 6191 6197 6612 6779 6809 
#module 63 size: 9 bs: 0.285874
1467 2295 2384 2785 3024 4898 5838 5841 6902 
#module 64 size: 11 bs: 0.706164
41 882 996 3059 3178 3673 3799 4153 6474 6681 6722 
#module 65 size: 8 bs: 0.929268
1041 1231 1354 3844 4696 4830 5388 6753 
#module 66 size: 35 bs: 0.498632
80 132 405 555 583 763 783 1003 1581 1752 1775 3213 3226 3268 3369 3505 3898 3917 4001 4179 4358 4389 4652 4849 4978 5068 5199 5220 5296 5488 5613 5740 5911 6177 6657 
#module 67 size: 19 bs: 0.645585
864 1679 1918 2994 3643 3800 3810 3918 4744 4756 4769 4936 5026 5328 5343 6235 6594 6669 6683 
#module 68 size: 9 bs: 0.682424
70 147 321 1627 3204 5899 5900 5948 6142 
#module 69 size: 5 bs: 1.04166
1456 4706 5264 5302 6238 
#module 70 size: 13 bs: 0.755536
160 1478 2329 2436 2684 2966 4138 5593 5725 5885 6001 6104 6615 
#module 71 size: 21 bs: 0.220277
29 214 291 336 381 569 1112 1351 1815 1928 1948 2048 3498 3595 4627 4887 5003 5855 6203 6661 6751 
#module 72 size: 8 bs: 0.487487
1569 1570 1583 2814 3265 4258 4358 5436 
#module 73 size: 10 bs: 0.86269
185 673 1495 1598 2323 2379 2570 3812 4511 6472 
#module 74 size: 15 bs: 0.361146
471 704 2208 2553 2968 3174 3783 4184 4726 4805 5153 5288 6029 6457 6710 
#module 75 size: 76 bs: 0.532384
59 104 145 182 592 789 1025 1049 1183 1304 1391 1452 1454 1658 1693 1714 1750 1882 1890 1904 1913 1916 1927 1938 1948 2068 2072 2172 2179 2248 2254 2364 2394 2434 2560 2728 2778 2935 3053 3224 3357 3359 3493 3549 3550 3598 3657 3735 4021 4114 4180 4406 4420 4528 4535 4536 4582 4738 4784 4893 4934 4938 5511 5591 5710 5723 5856 5944 6100 6109 6370 6453 6558 6703 6861 6877 
#module 76 size: 28 bs: 1.06369
179 966 1272 1725 2266 2331 2365 2417 2565 2623 2907 3270 3306 3931 4156 4176 4359 4509 4526 4914 5164 5728 6175 6354 6431 6468 6613 6894 
#module 77 size: 49 bs: 0.98605
129 517 560 597 897 971 997 1107 1290 1294 1334 1681 2076 2200 2206 2621 2671 2798 2919 3086 3328 3468 4073 4225 4311 4436 4483 4586 4731 5028 5438 5451 5470 5525 5601 5640 5812 5844 5931 5947 6123 6264 6368 6537 6566 6644 6792 6872 6909 
#module 78 size: 10 bs: 0.366114
1500 2078 3643 3799 4153 4274 5158 5250 5605 5679 
#module 79 size: 27 bs: 0.354133
20 496 886 1966 1980 2019 2136 2150 2241 2404 2830 3285 3817 3909 3969 4473 5056 5385 5457 5478 5620 6081 6179 6315 6506 6592 6651 
#module 80 size: 8 bs: 0.750288
868 1443 2466 3068 3701 3746 5747 6636 
#module 81 size: 27 bs: 0.798895
67 338 630 916 1625 1663 1825 2024 2212 2284 2635 3031 3985 4107 4364 4525 4573 4873 4910 5733 5995 6062 6263 6286 6313 6609 6772 
#module 82 size: 33 bs: 1.03228
266 354 573 693 853 1204 1257 1359 1405 1494 1689 1707 1907 1926 1976 2528 2579 2596 2844 2845 3158 3358 3374 3778 4461 4671 4923 4924 5462 5809 5903 6519 6635 
#module 83 size: 25 bs: 0.124829
691 734 831 1288 2341 2376 2903 2980 3514 3545 4009 4058 4144 4821 4904 4957 5176 5198 5273 5297 5371 5810 5987 6498 6610 
#module 84 size: 10 bs: 0.868638
100 923 1030 1201 1897 2256 3715 5344 6212 6654 
#module 85 size: 29 bs: 0.978241
719 960 964 970 1128 1132 1174 1176 1177 1180 1416 2084 2146 2375 2706 2749 2765 2909 2966 3531 3765 3944 4356 4538 4593 5267 5292 5626 6492 
#module 86 size: 14 bs: 0.61172
323 1088 1173 1651 3136 3458 4984 5017 5226 5695 6128 6340 6569 6771 
#module 87 size: 16 bs: 0.991153
541 660 748 1699 1891 2842 2958 3159 3818 4257 4547 4606 4888 5593 5688 6394 
#module 88 size: 16 bs: 0.168721
239 1239 1997 2058 2223 2716 2885 2921 3277 3619 3662 4131 4269 5287 5584 5884 
#module 89 size: 49 bs: 0.433605
160 339 372 406 534 1007 1158 1311 1590 1721 2377 2391 2444 2448 2479 2480 2610 2681 2684 2724 2964 3027 3081 3177 3201 3273 3335 3420 3553 3826 3964 4462 4735 4804 5318 5725 5726 5757 5902 6115 6383 6390 6458 6478 6479 6609 6610 6643 6846 
#module 90 size: 40 bs: 0.756629
319 532 919 1140 1210 1503 1634 1990 2196 2305 2573 2783 2840 3110 3330 3387 3575 4429 4580 4613 4620 4720 5043 5282 5357 5372 5612 5862 5865 6149 6182 6329 6426 6471 6537 6546 6709 6724 6755 6856 
#module 91 size: 9 bs: 1.06885
647 804 2281 3414 3960 4412 4619 6206 6583 
#module 92 size: 12 bs: 0.861539
272 418 419 683 759 1571 1732 2025 2523 3034 4722 6654 
#module 93 size: 23 bs: 0.830103
75 515 858 1186 1440 1507 1710 2015 2363 2964 2999 3101 3244 4564 4690 4883 4884 5232 5233 5351 5389 6052 6256 
#module 94 size: 40 bs: 0.154317
29 336 518 658 664 678 738 796 927 999 1357 1761 1796 1853 2091 2160 2250 2360 2443 2589 2949 2990 3082 3172 3233 3653 3973 4029 4131 4690 4791 4845 4887 5356 5619 6357 6567 6661 6777 6864 
#module 95 size: 49 bs: 0.401011
42 304 449 626 628 709 740 830 1222 1234 1349 1403 1508 1572 1712 1919 2114 2149 2187 2220 2489 2650 2685 2768 2837 2969 3119 3284 3379 3557 3749 3767 3876 3881 3903 3954 4333 4336 4356 4584 4810 4869 5407 5450 5510 5614 5955 6268 6589 
#module 96 size: 6 bs: 0.697597
1343 2075 3691 6212 6538 6654 
#module 97 size: 15 bs: 0.297735
503 1056 1560 2543 2564 4076 4149 5188 5499 5592 5711 6134 6406 6852 6883 
#module 98 size: 15 bs: 0.826285
206 228 496 1092 1214 1355 1965 3248 3603 3996 4592 4700 5114 5402 6153 
#module 99 size: 18 bs: 0.555933
717 1191 1568 2073 2750 3242 3314 3714 3894 3989 4303 4997 5135 5319 5421 5963 6133 6917 
#module 100 size: 40 bs: 0.190676
332 341 562 835 976 1369 1459 1606 2117 2334 3111 3274 3682 3702 3739 3751 3852 3902 3915 4112 4293 4368 4372 4447 4579 4758 5194 5439 5634 5875 5923 5973 5976 5997 6083 6270 6310 6543 6603 6905 
#module 101 size: 16 bs: 0.320408
628 948 1665 2349 2441 3557 3975 4813 5011 5184 5223 5348 5490 5725 6593 6646 
#module 102 size: 22 bs: 0.527231
879 969 1401 1771 2098 2754 2929 3184 3679 3727 4320 4566 4856 5064 5242 5417 5503 5600 5678 5683 6031 6742 
#module 103 size: 32 bs: 0.668404
192 378 429 430 687 751 872 990 1016 1639 1677 2230 2324 2522 2641 3218 3589 3606 3611 3777 3796 3936 4190 4225 4617 4689 5340 6028 6135 6318 6348 6560 
#module 104 size: 17 bs: 0.915305
609 1172 1203 1561 2122 2506 2637 2661 2672 2676 2726 3216 4055 4308 5563 5752 6882 
#module 105 size: 23 bs: 0.994965
625 628 1434 2245 2554 2650 2676 2955 3004 3212 3289 3613 3876 3903 4055 4338 4602 4810 4864 4973 5589 6059 6750 
#module 106 size: 7 bs: 0.197541
996 1455 2606 2851 4806 5985 6857 
#module 107 size: 56 bs: 0.470616
7 105 361 434 527 596 657 841 874 945 1004 1109 1230 1435 1442 1486 1554 1758 2439 2515 2712 2807 2824 2940 2979 3044 3065 3281 3394 3521 3681 3869 3882 3885 4516 4683 4747 5182 5269 5298 5440 5453 5480 6010 6054 6058 6111 6141 6163 6173 6204 6306 6378 6531 6649 6738 
#module 108 size: 8 bs: 1.04314
730 1160 2682 4644 5193 5364 5840 6043 
#module 109 size: 28 bs: 0.648111
235 527 674 1147 1495 1505 1522 1687 1872 1971 2226 2439 2601 2866 2940 3681 3708 3808 4148 4246 4618 5270 5632 6173 6247 6324 6794 6832 
#module 110 size: 16 bs: 0.852166
607 715 871 1022 1165 1197 1349 1360 2154 2194 2252 2259 3221 3407 3712 4741 
#module 111 size: 20 bs: 0.74439
23 214 215 296 1219 1342 2022 2129 2133 2493 2775 3249 3633 3984 4567 5156 5342 5481 5650 6199 
#module 112 size: 33 bs: 0.27564
57 479 549 568 582 712 901 1459 1577 1978 2007 2117 2419 2432 2521 2816 3398 3533 3852 3875 3878 4016 4595 4656 4837 4985 5031 5874 5889 5912 6174 6343 6819 
#module 113 size: 10 bs: 0.455545
64 735 883 1179 1515 3800 4357 5079 5200 6670 
#module 114 size: 14 bs: 1.00634
1132 1181 1202 1529 1995 2138 2629 2752 2937 3114 4004 5420 5538 5754 
#module 115 size: 19 bs: 0.350553
188 857 1501 2035 2041 2064 2620 2628 2966 3417 3430 3570 3789 4590 5079 5677 5784 5863 5975 
#module 116 size: 85 bs: 1.00166
254 380 710 730 735 800 830 909 967 992 1090 1094 1196 1211 1213 1265 1347 1358 1403 1421 1502 1508 1515 1572 1656 1695 1712 1910 1988 2004 2065 2102 2143 2157 2161 2187 2234 2235 2273 2314 2371 2708 2736 2814 2873 2917 3133 3153 3302 3312 3339 3737 3800 3815 3869 4014 4018 4047 4055 4151 4156 4365 4599 4705 4833 4886 4891 5393 5468 5661 5681 5742 5752 5887 5938 6078 6287 6366 6384 6414 6545 6549 6581 6589 6791 
#module 117 size: 31 bs: 0.391961
54 474 671 824 982 1040 1043 1044 1054 1497 1574 1615 2804 2847 3440 3445 3981 4177 4454 4594 4612 4723 5240 5792 5864 6077 6259 6271 6456 6538 6723 
#module 118 size: 134 bs: 0.904848
87 124 196 276 377 393 446 493 514 538 575 613 895 937 1028 1038 1042 1051 1053 1056 1057 1082 1114 1178 1194 1356 1418 1463 1466 1490 1509 1528 1612 1619 1637 1676 1684 1744 1745 1864 1865 1875 1998 2000 2001 2008 2052 2147 2156 2162 2164 2180 2202 2207 2210 2260 2263 2315 2345 2390 2433 2574 2645 2717 2740 2746 2753 2794 2795 2806 2829 2849 2973 3029 3140 3160 3235 3261 3295 3298 3326 3374 3390 3472 3484 3748 3791 3831 3849 3905 4033 4044 4235 4340 4379 4487 4520 4537 4551 4605 4647 4722 4809 4814 4816 4840 4868 5227 5238 5260 5261 5489 5518 5533 5562 5583 5689 5704 5783 5836 5920 5980 6117 6375 6379 6419 6438 6525 6527 6690 6733 6785 6790 6879 
#module 119 size: 23 bs: 1.07178
1097 1716 1940 2458 2551 2552 2635 3099 3300 3503 4011 4497 4517 4790 5277 5321 5323 5408 5564 5799 6075 6408 6918 
#module 120 size: 9 bs: 0.881774
1008 1037 2851 3099 3166 4497 5785 5860 6110 
#module 121 size: 19 bs: 0.374798
298 991 1374 1529 1793 1934 2663 3099 3300 4184 4375 4679 4951 5266 5336 5825 6427 6605 6802 
#module 122 size: 12 bs: 0.300311
590 639 1576 1691 2548 2670 2848 2849 3783 5055 6476 6841 
#module 123 size: 39 bs: 0.208302
221 453 585 978 1039 1043 1058 1575 1674 1740 2222 2347 2385 2470 2473 2834 3419 3763 3821 4217 4515 4662 4903 4981 5150 5187 5236 5237 5341 5607 6244 6275 6322 6511 6694 6795 6822 6828 6848 
#module 124 size: 26 bs: 0.413603
49 556 756 815 1191 1729 1805 2281 2438 2598 3571 3580 3711 4222 4284 4450 4651 4705 4801 4841 4885 4997 5131 6338 6502 6616 
#module 125 size: 71 bs: 0.989561
123 420 596 682 695 773 874 876 940 1111 1237 1331 1442 1511 1549 1758 1799 1845 1922 2018 2049 2216 2632 2712 2719 2801 2807 2824 2828 2932 2979 3064 3065 3132 3223 3258 3279 3281 3394 3797 3854 3865 4030 4151 4470 4693 4805 5182 5241 5244 5269 5367 5384 5453 5514 5587 5629 5651 5665 5866 5872 5926 6058 6306 6531 6550 6687 6738 6847 6895 6912 
#module 126 size: 130 bs: 0.906698
5 14 19 44 85 88 95 114 138 150 216 229 291 299 316 494 620 632 648 745 797 805 814 828 863 870 922 977 1059 1094 1135 1182 1200 1277 1299 1377 1431 1464 1544 1551 1559 1573 1678 1688 1695 1778 1842 1847 1855 1899 1944 1959 2006 2151 2170 2386 2408 2418 2538 2617 2632 2818 2860 2889 2894 2902 2959 3012 3022 3087 3145 3147 3196 3215 3320 3337 3350 3427 3438 3443 3490 3491 3537 3588 3618 3649 3663 3860 3998 4070 4090 4118 4257 4280 4310 4401 4485 4517 4622 4646 4654 4719 4732 4847 4906 5015 5171 5196 5210 5265 5271 5376 5447 5459 5502 5537 5539 5569 5637 5716 5756 5793 5966 5992 6166 6170 6330 6404 6855 6873 
