572	295	634	358	186	288	976	360	1048	822	384	5	
95	756	805	678	166	167	590	442	659	272	773	143	159	948	189	616	534	903	391	208	833	123	770	424	764	975	533	850	164	1043	386	230	417	602	92	475	955	195	711	68	387	90	187	1274	341	261	120	1028	156	289	294	99	763	
69	176	432	522	1029	
319	
890	473	146	100	1164	
103	343	365	
375	244	
687	308	290	383	839	
608	536	
966	
733	
549	
571	928	
142	177	672	612	270	708	61	219	980	109	806	352	1267	188	809	233	197	829	436	1136	814	843	1370	460	213	232	1362	1013	292	115	322	376	67	474	746	1246	530	458	
337	102	
51	141	284	1064	1308	1086	296	158	791	72	246	134	1014	127	771	472	994	989	1058	761	300	697	351	999	264	105	
63	152	894	429	497	106	449	935	854	79	274	144	
206	649	1053	339	354	1342	345	714	359	125	193	1190	1078	511	858	1224	443	1283	586	636	241	1071	198	776	591	1127	
646	716	
98	118	
1277	21	
695	385	
393	275	
207	315	325	405	55	119	
792	37	306	
1142	610	1240	1253	160	254	997	861	654	869	170	949	97	76	554	301	1018	1021	251	1352	1016	150	604	607	702	447	564	535	1015	62	1326	1025	326	406	317	1006	221	558	939	930	231	545	1321	
914	137	
196	698	
462	1217	36	
320	256	17	282	18	598	25	1030	825	921	446	611	896	1031	1000	77	828	617	643	532	630	204	
755	800	491	89	786	557	237	
457	537	
744	872	
880	
224	378	670	996	107	592	279	1121	1	807	200	347	1349	389	910	701	
459	
117	
1140	
867	445	454	410	78	531	907	452	380	374	974	1011	54	700	461	349	165	900	377	988	409	972	87	430	931	1010	451	336	316	593	1150	836	220	
665	
597	
563	
286	
842	248	362	140	
902	
407	559	
576	
262	
723	
667	
706	
740	
49	
425	
408	
787	627	
913	
444	
1302	
958	
469	
126	
465	
1282	
652	
132	
27	122	
658	
191	
651	810	
331	
565	
203	
212	
823	
225	
901	
114	
1093	
226	
64	
1177	
546	
421	
168	
81	
574	147	728	133	59	149	885	283	656	544	712	796	355	309	679	629	287	725	314	278	112	313	648	736	1258	860	
427	
285	
984	
368	
539	
588	
185	400	
906	
332	
721	
960	
334	
1209	
1196	
271	
874	
121	
