357	482	101	46	31	151	461	203	572	383	
580	97	
85	370	543	474	132	320	172	496	76	499	501	35	492	341	393	524	105	122	489	445	460	376	
222	251	314	254	413	160	318	266	439	118	131	159	257	342	188	420	561	560	229	136	402	
215	83	568	45	20	281	23	267	200	25	168	
201	317	589	333	467	34	13	343	454	74	472	121	358	405	285	434	558	316	181	60	104	16	124	484	553	458	534	147	338	7	307	312	470	
466	569	422	224	19	145	385	180	245	79	240	211	230	479	155	125	506	375	392	313	192	298	500	549	596	33	304	559	438	129	433	321	277	50	337	22	
100	111	270	205	597	599	517	250	72	275	355	44	417	509	409	605	163	328	117	202	53	414	86	36	415	67	
345	394	
175	368	
3	
481	
485	261	
346	
262	
143	
256	
286	40	
239	
49	
178	
115	
390	
197	
326	
116	
587	571	570	395	449	
209	
10	
408	185	
538	421	
193	
442	
287	
11	
62	
348	579	330	84	92	66	513	273	252	80	228	187	323	177	190	123	306	59	292	94	428	349	473	
380	388	
247	
213	
443	
263	
585	
521	296	
389	
54	
15	
397	
550	
322	
4	601	183	93	532	169	106	581	354	593	604	360	279	42	
176	
130	
278	
300	
507	
61	153	565	418	284	2	269	544	212	89	352	107	377	347	64	27	453	366	407	52	488	259	102	590	237	210	95	441	305	371	540	103	109	139	552	43	206	38	557	
386	490	
459	
311	595	
302	
547	
527	
529	
440	
47	
