#module 0 size: 26 bs: 0.00115941
111 123 128 140 168 197 342 366 379 409 413 454 542 544 547 552 589 594 644 758 785 887 889 936 975 978 
#module 1 size: 24 bs: 0.846496
62 66 122 244 265 306 341 342 346 380 494 519 561 571 602 624 630 680 730 842 872 906 921 923 
#module 2 size: 35 bs: 0.903658
1 36 60 74 91 111 202 249 280 316 326 396 415 440 471 551 564 571 591 607 622 624 626 699 772 781 810 826 833 838 852 880 921 931 980 
#module 3 size: 30 bs: 0.121491
4 23 51 92 114 139 214 297 312 313 350 387 443 483 489 502 536 556 560 661 684 688 704 739 773 780 822 859 893 928 
#module 4 size: 33 bs: 0.19118
27 50 61 167 174 194 252 303 350 365 369 393 397 401 406 523 537 540 563 606 611 689 695 716 734 776 804 855 878 904 941 949 972 
#module 5 size: 37 bs: 0.704877
40 44 63 151 170 205 208 229 242 354 382 383 420 445 460 520 597 619 664 709 743 761 763 768 779 784 785 799 814 818 828 877 931 940 944 960 982 
#module 6 size: 9 bs: 0.191495
2 24 310 383 455 486 612 673 930 
#module 7 size: 43 bs: 0.977543
16 64 97 105 130 144 169 185 195 211 213 257 263 273 308 324 329 390 417 423 433 442 484 506 528 538 643 653 692 710 731 744 745 792 800 805 816 883 888 935 963 981 984 
#module 8 size: 39 bs: 0.706797
34 56 100 118 188 191 260 311 317 367 373 384 401 403 429 474 555 568 580 605 621 628 639 662 665 697 698 718 725 740 747 787 836 837 908 929 946 947 985 
#module 9 size: 61 bs: 0.250545
13 19 20 22 81 86 101 125 133 153 218 245 302 332 355 361 391 432 450 453 465 482 504 526 527 532 541 562 566 585 636 647 650 671 711 717 721 724 732 735 746 793 794 795 803 813 832 839 874 890 895 902 919 926 927 939 943 957 965 968 970 
#module 10 size: 58 bs: 1.02456
46 57 77 78 106 134 147 171 187 201 225 231 233 238 240 261 262 289 291 321 323 327 371 372 375 448 463 480 516 521 522 543 570 577 586 595 614 633 657 690 729 748 759 802 811 824 850 854 856 886 907 951 952 959 962 964 971 979 
#module 11 size: 77 bs: 0.126421
17 37 42 57 65 72 77 81 107 143 144 147 148 154 164 176 199 207 221 258 295 300 305 316 323 347 374 379 385 396 425 479 513 530 599 625 632 635 648 650 660 667 687 693 705 714 737 742 744 749 756 761 762 764 794 798 811 823 841 857 858 873 875 881 896 905 912 914 917 931 938 942 945 953 956 964 977 
#module 12 size: 26 bs: 0.984172
159 215 278 293 294 320 381 389 394 441 481 487 517 574 575 623 647 654 659 707 769 783 830 900 922 974 
#module 13 size: 51 bs: 1.0171
20 29 47 55 58 104 117 120 160 184 189 194 267 343 393 400 428 453 466 470 477 501 504 527 534 548 557 573 579 583 609 631 642 645 651 678 707 755 770 801 807 812 848 869 870 874 879 928 934 947 983 
#module 14 size: 55 bs: 0.758948
28 35 43 67 68 103 135 155 175 179 182 222 247 250 254 255 272 283 284 318 319 335 337 339 349 358 411 419 444 449 459 486 507 512 515 554 638 685 686 694 713 728 751 760 765 844 846 863 867 894 915 920 925 954 966 
#module 15 size: 61 bs: 0.97182
31 48 96 99 109 124 126 137 138 158 180 198 206 219 239 251 290 292 307 338 351 368 370 376 378 386 388 399 431 437 439 458 475 485 490 505 640 658 663 683 712 715 722 775 788 815 817 821 829 840 849 860 885 899 909 910 946 948 955 961 985 
#module 16 size: 45 bs: 0.349565
45 75 108 128 131 142 150 161 165 173 175 178 190 226 256 277 286 287 322 336 345 353 357 360 386 404 408 421 424 437 451 468 488 495 593 681 752 767 846 866 884 887 891 918 969 
#module 17 size: 46 bs: 0.530796
7 17 39 69 73 79 84 102 129 140 145 152 156 164 186 187 200 204 232 261 295 321 325 330 331 344 364 544 547 620 627 641 644 649 701 708 720 741 777 834 881 892 903 916 936 950 
#module 18 size: 87 bs: 0.612903
12 18 25 52 53 71 80 82 93 98 130 141 143 157 166 172 177 193 197 216 220 223 230 235 248 253 264 268 269 281 282 304 315 395 402 422 427 430 462 476 478 491 496 497 508 514 518 524 525 546 550 553 576 581 584 594 613 616 646 652 655 668 679 682 708 771 782 786 791 797 808 819 820 827 835 843 853 861 865 871 882 910 913 967 979 987 988 
#module 19 size: 76 bs: 0.673135
9 10 15 33 41 49 54 76 85 103 108 112 113 119 132 133 135 146 162 175 181 190 212 227 234 236 241 266 270 301 334 356 359 363 377 411 451 452 461 464 473 493 499 500 529 539 545 558 567 592 600 603 604 608 618 637 656 672 676 677 691 696 753 774 790 796 806 809 831 845 847 884 897 933 958 986 
#module 20 size: 39 bs: 0.760313
5 21 58 70 196 210 259 271 279 285 288 299 309 314 328 333 340 418 434 438 473 531 549 559 565 569 582 601 610 675 703 726 750 766 801 864 868 911 973 
#module 21 size: 41 bs: 0.296584
3 8 11 33 38 133 146 163 203 228 237 275 356 362 412 414 416 435 457 465 469 503 511 578 598 617 634 666 669 700 702 738 746 757 778 825 851 862 890 924 976 
#module 22 size: 18 bs: 1.00509
14 87 88 110 115 121 217 243 246 348 446 467 509 510 572 588 736 754 
#module 23 size: 62 bs: 0.860041
6 14 26 30 32 59 83 89 90 94 95 110 116 127 136 149 183 192 209 224 259 274 276 296 298 334 352 359 392 398 405 407 410 426 436 447 456 472 492 498 533 535 582 587 590 596 615 629 670 674 694 706 719 723 727 733 789 876 898 901 932 937 
