#module 0 size: 5 bs: 2.06574e-102
144 417 558 655 953 
#module 1 size: 4 bs: 1.11022e-16
163 711 712 860 
#module 2 size: 3 bs: 8.7542e-101
195 255 837 
#module 3 size: 4 bs: 0.00146555
96 125 487 681 
#module 4 size: 2 bs: 1.40333e-10
283 930 
#module 5 size: 8 bs: 8.14251e-08
36 433 496 538 594 726 949 981 
#module 6 size: 5 bs: 2.78268e-101
29 243 501 523 876 
#module 7 size: 3 bs: 1.77636e-13
240 423 639 
#module 8 size: 4 bs: 8.80068e-08
39 134 512 934 
#module 9 size: 4 bs: 6.66134e-16
529 664 724 778 
#module 10 size: 6 bs: 9.57647e-102
228 249 268 591 670 801 
#module 11 size: 5 bs: 7.57185e-102
261 303 374 551 609 
#module 12 size: 4 bs: 3.616e-13
101 163 504 567 
#module 13 size: 3 bs: 2.24254e-12
328 380 766 
#module 14 size: 2 bs: 3.98459e-13
89 391 
#module 15 size: 4 bs: 8.15232e-101
192 243 272 751 
#module 16 size: 5 bs: 7.85431e-10
81 92 124 163 577 
#module 17 size: 3 bs: 6.99441e-15
289 754 875 
#module 18 size: 6 bs: 1.61773e-10
347 599 607 717 855 909 
#module 19 size: 8 bs: 5.0338e-09
34 363 443 447 600 631 705 753 
#module 20 size: 9 bs: 1.19567e-05
13 380 392 399 452 473 561 793 887 
#module 21 size: 3 bs: 2.58437e-101
340 385 446 
#module 22 size: 6 bs: 1.78291e-06
110 135 432 579 639 796 
#module 23 size: 4 bs: 0.0161722
68 235 513 876 
#module 24 size: 3 bs: 1.51001e-12
10 781 881 
#module 25 size: 3 bs: 8.43734e-101
287 395 650 
#module 26 size: 7 bs: 8.28951e-101
22 202 284 330 366 810 900 
#module 27 size: 4 bs: 1.19276e-101
195 425 456 465 
#module 28 size: 7 bs: 0.679232
440 508 531 614 623 670 862 
#module 29 size: 12 bs: 0.702411
59 60 112 155 359 367 522 566 624 770 894 938 
#module 30 size: 16 bs: 0.290948
84 189 272 336 344 349 369 394 428 481 589 659 663 671 840 847 
#module 31 size: 10 bs: 0.803184
54 96 106 274 345 464 638 776 898 911 
#module 32 size: 18 bs: 0.9858
94 177 223 224 253 286 292 298 405 416 547 682 779 798 817 823 843 854 
#module 33 size: 4 bs: 0.897748
47 118 305 757 
#module 34 size: 9 bs: 0.35416
3 129 282 584 628 776 844 876 962 
#module 35 size: 6 bs: 0.799056
7 43 236 247 606 730 
#module 36 size: 13 bs: 0.216843
63 145 260 279 345 407 427 541 623 776 792 826 922 
#module 37 size: 6 bs: 0.50061
54 234 804 841 851 888 
#module 38 size: 4 bs: 0.861807
169 231 445 651 
#module 39 size: 8 bs: 0.63934
5 121 160 229 379 469 775 943 
#module 40 size: 8 bs: 0.569316
85 155 359 560 566 595 776 858 
#module 41 size: 15 bs: 0.99312
108 115 141 164 187 250 470 494 600 624 640 767 882 890 916 
#module 42 size: 4 bs: 1.09215
228 244 518 871 
#module 43 size: 8 bs: 0.10429
66 97 586 666 811 879 936 941 
#module 44 size: 10 bs: 0.919923
83 207 241 269 310 710 793 842 907 975 
#module 45 size: 9 bs: 0.988367
132 333 572 588 657 729 761 893 905 
#module 46 size: 9 bs: 0.618855
114 126 152 393 629 677 747 791 807 
#module 47 size: 6 bs: 0.947083
60 578 593 700 771 884 
#module 48 size: 28 bs: 0.175416
16 21 41 51 139 175 215 257 398 406 439 457 459 498 535 544 585 604 620 678 739 746 773 816 859 899 928 964 
#module 49 size: 8 bs: 1.05563
64 252 382 404 454 686 725 870 
#module 50 size: 3 bs: 0.491823
360 744 834 
#module 51 size: 9 bs: 0.304637
21 57 198 231 552 635 642 880 984 
#module 52 size: 9 bs: 0.261438
45 166 318 353 410 493 559 603 942 
#module 53 size: 7 bs: 0.204747
2 6 165 348 430 455 913 
#module 54 size: 11 bs: 0.239015
281 339 368 370 453 456 550 709 740 855 937 
#module 55 size: 6 bs: 0.899625
156 388 437 542 864 923 
#module 56 size: 8 bs: 0.993574
19 130 211 299 377 565 578 656 
#module 57 size: 13 bs: 1.01374
12 307 326 411 474 486 488 703 717 722 795 865 886 
#module 58 size: 19 bs: 0.942278
35 167 266 300 311 322 334 383 424 430 500 549 670 689 690 767 835 914 973 
#module 59 size: 5 bs: 0.987409
24 275 525 748 766 
#module 60 size: 11 bs: 0.433117
9 142 181 290 306 510 608 669 736 839 967 
#module 61 size: 10 bs: 0.588008
102 103 128 313 335 346 569 570 742 787 
#module 62 size: 8 bs: 0.761733
86 98 206 378 441 570 745 800 
#module 63 size: 9 bs: 1.08532
38 456 471 534 625 842 856 885 974 
#module 64 size: 4 bs: 0.949082
179 296 371 789 
#module 65 size: 6 bs: 1.01113
254 272 329 614 784 818 
#module 66 size: 13 bs: 0.61662
25 85 201 276 412 414 528 529 680 738 760 925 963 
#module 67 size: 8 bs: 1.05023
219 615 647 686 747 791 870 979 
#module 68 size: 24 bs: 0.686622
4 69 90 99 116 120 184 199 210 214 295 302 323 352 438 442 450 482 612 644 653 902 978 980 
#module 69 size: 11 bs: 0.23832
204 280 344 462 476 539 621 760 772 833 963 
#module 70 size: 10 bs: 0.191057
127 148 228 251 418 589 799 804 808 830 
#module 71 size: 11 bs: 0.63934
249 268 517 527 554 661 704 767 866 868 901 
#module 72 size: 17 bs: 0.980162
56 136 203 226 232 466 516 545 588 616 733 848 850 852 891 933 958 
#module 73 size: 19 bs: 1.07977
81 146 294 319 397 400 409 421 444 533 537 540 605 633 719 802 806 822 889 
#module 74 size: 12 bs: 1.01362
8 17 79 197 519 692 728 732 813 849 939 948 
#module 75 size: 8 bs: 0.177258
140 526 580 648 801 873 912 959 
#module 76 size: 11 bs: 0.43592
160 256 270 277 296 365 375 451 473 785 857 
#module 77 size: 5 bs: 0.624717
351 581 702 968 977 
#module 78 size: 9 bs: 0.471069
34 49 117 150 158 381 636 698 867 
#module 79 size: 10 bs: 1.05896
200 321 376 433 514 546 741 749 892 935 
#module 80 size: 19 bs: 0.960199
14 48 103 188 219 227 228 264 288 337 377 452 517 583 611 665 685 782 807 
#module 81 size: 5 bs: 0.610593
485 597 652 832 846 
#module 82 size: 5 bs: 0.175892
173 436 562 610 774 
#module 83 size: 12 bs: 0.850294
26 49 81 191 410 483 504 551 598 608 684 966 
#module 84 size: 20 bs: 1.04323
46 132 171 182 237 343 384 387 419 461 511 553 557 572 622 641 657 658 903 933 
#module 85 size: 6 bs: 0.375007
33 72 153 355 449 719 
#module 86 size: 8 bs: 0.958709
36 37 163 527 538 637 743 769 
#module 87 size: 5 bs: 0.468814
258 285 568 619 768 
#module 88 size: 5 bs: 0.830917
70 194 571 809 825 
#module 89 size: 8 bs: 0.562377
170 172 271 296 430 688 812 869 
#module 90 size: 4 bs: 0.189966
81 170 543 987 
#module 91 size: 11 bs: 0.503978
154 213 230 420 495 506 507 634 713 718 926 
#module 92 size: 8 bs: 0.126241
293 317 601 694 734 780 788 796 
#module 93 size: 20 bs: 1.01274
55 176 212 226 238 248 296 316 362 396 422 530 701 707 708 765 853 872 895 929 
#module 94 size: 13 bs: 0.817693
119 123 143 196 220 263 497 609 786 836 912 931 960 
#module 95 size: 10 bs: 0.832841
50 61 172 315 408 415 431 521 688 896 
#module 96 size: 27 bs: 0.381468
31 67 73 113 159 209 253 304 325 350 389 402 479 515 555 574 676 706 715 720 723 756 803 814 910 956 972 
#module 97 size: 12 bs: 0.154268
58 71 245 291 467 564 617 716 717 761 893 921 
#module 98 size: 6 bs: 0.406612
80 137 239 434 752 829 
#module 99 size: 11 bs: 0.636431
42 54 146 309 480 592 674 679 755 920 927 
#module 100 size: 17 bs: 0.915046
15 80 180 218 460 467 502 509 596 613 637 654 750 820 904 971 976 
#module 101 size: 8 bs: 0.888344
62 77 340 372 401 617 897 950 
#module 102 size: 12 bs: 0.838013
75 95 104 178 357 532 582 616 645 662 824 863 
#module 103 size: 8 bs: 0.611381
20 151 217 463 499 556 602 878 
#module 104 size: 10 bs: 0.417377
23 30 82 222 331 403 536 575 587 590 
#module 105 size: 10 bs: 0.785458
34 221 265 273 447 552 556 699 831 915 
#module 106 size: 10 bs: 0.656096
100 131 225 297 477 492 505 632 876 918 
#module 107 size: 13 bs: 0.103202
28 76 146 299 309 312 324 338 356 359 759 901 985 
#module 108 size: 5 bs: 1.08154
74 272 667 771 917 
#module 109 size: 5 bs: 0.1365
205 343 503 697 877 
#module 110 size: 14 bs: 1.04181
3 26 65 93 162 259 307 311 319 524 643 672 675 793 
#module 111 size: 14 bs: 0.947299
88 91 133 174 298 386 472 478 618 673 714 805 816 908 
#module 112 size: 8 bs: 0.401082
172 183 196 301 354 764 812 906 
#module 113 size: 8 bs: 1.05359
27 95 342 621 630 695 815 831 
#module 114 size: 11 bs: 0.489209
1 32 109 147 507 536 600 670 767 861 982 
#module 115 size: 5 bs: 0.558224
150 168 332 845 932 
#module 116 size: 8 bs: 0.592043
107 111 161 266 413 426 458 465 
#module 117 size: 11 bs: 0.578876
11 87 149 246 341 435 475 484 683 919 983 
#module 118 size: 5 bs: 0.268354
373 500 573 646 932 
#module 119 size: 9 bs: 0.756655
105 149 314 367 429 565 576 696 731 
