#module 0 size: 25 bs: 2.0543e-07
65 69 90 121 145 254 272 287 401 410 416 433 440 674 733 792 797 957 980 1007 1025 1275 1282 1296 1349 
#module 1 size: 25 bs: 0.00390119
102 228 234 236 254 329 330 331 338 357 374 473 526 601 653 671 730 790 798 799 823 855 888 909 929 
#module 2 size: 13 bs: 0.00179365
72 165 211 322 372 473 512 574 616 762 843 1008 1202 
#module 3 size: 7 bs: 2.77896e-09
27 81 763 836 1009 1029 1043 
#module 4 size: 16 bs: 2.61925e-06
58 252 290 359 368 373 409 615 755 809 888 912 969 1334 1338 1362 
#module 5 size: 33 bs: 5.02581e-101
30 109 115 163 176 190 195 221 222 224 232 258 287 288 289 357 466 467 476 578 580 667 687 730 740 764 805 833 874 949 985 1028 1273 
#module 6 size: 4 bs: 0.00468365
2 193 996 1373 
#module 7 size: 8 bs: 0.00299825
245 257 290 460 549 615 769 875 
#module 8 size: 8 bs: 0.0093025
55 127 290 394 483 530 608 1349 
#module 9 size: 14 bs: 5.65542e-10
177 408 446 450 462 587 631 683 688 702 722 867 881 1121 
#module 10 size: 9 bs: 0.475942
126 197 220 367 384 439 474 535 562 
#module 11 size: 22 bs: 0.540183
23 135 147 151 383 388 538 568 636 663 664 796 830 831 849 893 895 896 970 1141 1240 1246 
#module 12 size: 11 bs: 0.961796
261 273 309 447 564 607 699 736 1018 1021 1053 
#module 13 size: 67 bs: 0.738195
27 52 56 62 78 90 122 139 141 170 187 196 199 234 235 256 296 306 307 315 316 329 333 339 342 346 349 351 376 377 381 411 427 451 454 465 559 581 598 602 645 651 657 684 694 698 718 720 726 733 761 802 804 810 821 869 871 891 918 919 998 1031 1078 1170 1216 1282 1333 
#module 14 size: 7 bs: 0.985402
157 241 571 679 811 1284 1338 
#module 15 size: 56 bs: 0.853034
53 57 59 79 82 109 120 123 133 144 152 156 164 167 224 261 272 283 313 341 355 356 417 449 458 497 524 533 555 571 574 578 583 597 648 656 679 712 735 756 764 770 773 805 833 857 885 921 933 939 1028 1040 1142 1272 1273 1376 
#module 16 size: 53 bs: 0.738071
5 25 54 58 75 96 119 134 136 140 145 184 210 218 237 250 260 263 275 373 433 452 463 471 483 490 538 540 552 559 575 587 603 608 618 620 635 662 666 689 714 734 745 784 800 801 819 820 829 877 1000 1018 1022 
#module 17 size: 42 bs: 0.155105
26 31 95 101 153 166 189 201 276 278 295 355 358 371 410 424 440 442 476 558 560 629 680 711 744 832 833 850 855 860 892 904 932 948 952 1006 1099 1132 1141 1219 1339 1354 
#module 18 size: 25 bs: 0.420274
6 22 24 150 337 353 371 564 572 585 592 654 771 789 903 976 1006 1015 1016 1021 1033 1136 1177 1277 1321 
#module 19 size: 20 bs: 0.935747
140 148 227 263 275 385 567 575 632 666 714 801 819 910 928 984 1112 1223 1302 1372 
#module 20 size: 20 bs: 0.373634
33 70 120 233 397 554 562 574 597 621 655 834 911 963 1115 1142 1202 1217 1228 1362 
#module 21 size: 34 bs: 0.997132
128 131 225 249 363 382 398 406 443 451 459 460 467 541 596 667 675 695 713 758 776 786 799 843 872 886 901 906 914 920 930 1218 1271 1356 
#module 22 size: 44 bs: 0.529847
27 34 51 52 54 67 107 136 168 218 223 238 312 314 321 345 347 350 361 374 378 391 428 433 438 452 468 491 520 538 540 559 672 673 678 812 814 861 866 966 996 1018 1127 1276 
#module 23 size: 56 bs: 0.855146
12 49 68 76 80 86 87 108 117 129 146 186 206 229 235 270 280 303 331 354 364 370 377 422 461 529 539 543 545 604 654 660 674 682 695 723 727 747 748 752 762 802 825 854 884 919 937 956 960 975 983 998 1013 1150 1368 1373 
#module 24 size: 32 bs: 0.18879
22 23 24 106 162 166 337 371 383 392 475 556 572 654 663 664 709 795 800 806 822 842 895 896 939 976 1006 1017 1132 1142 1240 1246 
#module 25 size: 70 bs: 0.72121
35 76 91 100 106 108 124 131 192 214 225 244 262 277 298 299 304 310 332 334 336 363 366 372 396 402 407 456 457 521 525 532 537 544 565 569 576 591 595 600 620 627 628 633 640 647 676 704 717 732 737 745 753 786 867 868 869 882 901 908 917 931 974 997 999 1140 1149 1267 1294 1325 
#module 26 size: 30 bs: 0.567349
88 92 129 230 251 279 379 387 392 511 529 550 553 593 774 776 852 858 919 954 958 989 1001 1058 1064 1086 1190 1285 1308 1342 
#module 27 size: 15 bs: 0.298243
63 158 198 216 264 292 308 324 327 844 889 1071 1093 1253 1352 
