#module 0 size: 4 bs: 0.915477
1076 2932 5751 6512 
#module 1 size: 6 bs: 1.06953
552 1665 2321 4761 5464 5946 
#module 2 size: 4 bs: 0.496513
1143 3243 5951 6902 
#module 3 size: 5 bs: 0.256662
3725 4424 5565 5673 6142 
#module 4 size: 4 bs: 0.994118
1464 3219 6774 6838 
#module 5 size: 7 bs: 0.383843
669 962 3016 3501 3617 4129 6824 
#module 6 size: 4 bs: 0.940602
200 1462 5101 5792 
#module 7 size: 42 bs: 0.148222
105 170 221 320 475 620 742 764 1027 1045 1132 1170 1276 1393 1445 1712 1846 2315 2816 2823 2954 3006 3179 3627 3796 4016 4090 4098 4375 4421 4737 4924 5142 5193 5541 5706 5733 5845 5908 6455 6561 6664 
#module 8 size: 34 bs: 0.35453
125 274 791 889 1185 1247 1562 1625 1634 1878 1896 1944 2160 2345 2425 2581 2772 2825 2872 3147 3471 4029 4332 4595 4863 5395 5405 5579 6225 6265 6330 6504 6682 6719 
#module 9 size: 7 bs: 0.836606
869 2238 3051 3643 6621 6823 6885 
#module 10 size: 14 bs: 0.236792
938 1624 1646 2689 2777 3025 3515 3660 4847 4880 5458 5701 6124 6668 
#module 11 size: 33 bs: 0.354457
196 203 859 1071 1253 1298 1420 1487 1501 1504 1741 2147 2770 2866 2981 3000 3026 3075 3150 3397 3776 3995 4024 4490 4565 4657 4844 4886 5095 5146 5183 5674 6398 
#module 12 size: 41 bs: 0.338932
8 43 124 209 378 799 1026 1056 1173 1371 1899 2230 2278 2898 2917 3180 3432 3481 3640 3669 4083 4178 4372 4429 4530 4577 4594 4798 4818 4949 5045 5053 5182 5681 5702 5795 6311 6333 6480 6615 6667 
#module 13 size: 15 bs: 0.602222
617 1722 1945 2514 2779 3263 3398 3607 3807 4211 4273 4599 4816 5452 6145 
#module 14 size: 8 bs: 0.903557
236 2086 3004 3898 4068 4242 4456 5738 
#module 15 size: 45 bs: 0.174433
48 295 367 613 899 957 1032 1075 1079 1117 1176 1271 1349 1805 1819 1858 1906 1925 1932 2004 2384 2813 2909 2974 3036 3067 3223 3529 3578 3800 3968 4099 4307 4606 4642 5069 5144 5324 5430 5620 5821 5863 6152 6352 6857 
#module 16 size: 36 bs: 0.934006
187 446 682 727 895 1184 1295 1451 1864 2620 2711 3191 3225 3254 3322 3513 3954 4349 4381 4832 4834 4925 5031 5149 5176 5624 5839 6110 6405 6424 6474 6551 6557 6627 6789 6851 
#module 17 size: 36 bs: 0.293291
133 207 529 653 827 829 1443 1547 1683 1954 1993 2103 2158 2368 2380 2510 2702 2709 2728 3116 3448 3653 3670 3873 4020 4044 4148 4442 4745 5129 5371 5604 6350 6353 6396 6602 
#module 18 size: 34 bs: 0.767203
38 304 398 1034 1305 1321 1424 1695 1753 2711 2802 2824 3162 3317 3513 3590 3854 3888 3939 4062 4121 4202 4399 4914 5038 5197 5320 5587 5626 5973 6110 6295 6405 6424 
#module 19 size: 32 bs: 0.408162
222 432 442 592 1574 1954 1997 2458 2477 2711 3470 3475 3513 3665 4002 4089 4177 4324 4381 4755 4828 5074 5091 5166 5800 5874 6021 6110 6392 6405 6424 6596 
#module 20 size: 98 bs: 0.618654
81 238 399 401 408 421 438 471 473 629 692 694 772 806 831 867 1052 1122 1157 1167 1181 1201 1283 1444 1454 1533 1737 1902 1964 2018 2110 2142 2171 2214 2217 2226 2247 2408 2432 2502 2516 2590 2677 2734 2740 2782 3057 3100 3119 3120 3153 3224 3284 3396 3459 3517 3608 3616 3705 3706 3792 3842 3853 3922 3923 3926 3931 4094 4097 4315 4390 4545 4666 4733 4888 5009 5079 5163 5233 5250 5314 5328 5404 5438 5445 5498 5780 5783 6052 6117 6134 6212 6456 6709 6734 6773 6847 6870 
#module 21 size: 30 bs: 0.452982
169 493 817 991 1619 1694 2186 2225 2314 2551 2563 2573 2766 2922 2975 2990 3910 4216 4224 4511 4823 4919 4967 5303 5468 5554 5950 6060 6226 6362 
#module 22 size: 45 bs: 0.327618
375 454 601 624 768 1287 1288 1384 1442 1716 1974 1977 2205 2254 2552 2798 2859 2899 2949 3300 3375 3732 3886 4073 4097 4283 4337 4390 4623 4740 4785 4813 5055 5305 5374 5393 5420 5677 5686 5799 5804 6300 6379 6654 6827 
#module 23 size: 25 bs: 0.47318
276 521 554 930 1197 1255 1441 1791 2140 2248 2784 3413 4013 4075 4124 4220 4869 5575 5857 6116 6294 6431 6564 6628 6699 
#module 24 size: 34 bs: 0.426744
39 124 372 451 859 1337 1679 1689 1745 1770 1936 2080 2455 2795 2871 3236 3262 3292 3450 3584 3635 4030 4036 4054 4197 4225 4440 4954 5062 5370 5941 5996 6227 6878 
#module 25 size: 73 bs: 0.13661
97 126 289 357 366 373 423 600 723 838 987 1041 1068 1379 1470 1489 1587 1622 1642 1698 1708 1723 1734 1869 1914 1933 1938 1950 2339 2350 2365 2394 2412 2474 2484 2580 2594 2664 2703 2715 2984 3135 3162 3183 3275 3366 3552 3662 3722 3907 4145 4349 4412 4441 4471 4483 4502 4638 4687 4742 4774 4881 4896 5020 5705 5842 6073 6110 6267 6342 6482 6691 6861 
#module 26 size: 38 bs: 0.567237
208 725 968 1169 1212 1881 1957 2017 2091 2681 3173 3472 3544 3886 3907 4173 4193 4327 4390 4391 4667 4743 4823 4951 5106 5288 5529 5743 6107 6298 6408 6432 6485 6505 6667 6709 6866 6909 
#module 27 size: 52 bs: 1.06541
18 73 225 426 480 549 662 741 759 776 902 963 1125 1148 1182 1219 1223 1281 1507 1724 1747 2151 2346 2382 2533 2636 3140 3264 3305 3346 3354 3438 3514 3524 3574 3952 4301 4541 4736 5200 5235 5335 5437 5441 5644 5814 5861 5915 6425 6698 6727 6730 
#module 28 size: 14 bs: 0.732128
102 1083 1616 1780 2150 2234 2527 3344 3507 3959 4298 4953 5385 5551 
#module 29 size: 8 bs: 0.401175
371 678 1159 2860 3626 4732 5248 6076 
#module 30 size: 8 bs: 1.00786
468 1653 1999 3018 4117 4192 5722 6391 
#module 31 size: 58 bs: 0.462497
205 342 384 520 551 584 615 847 918 1031 1040 1090 1280 1417 1481 1672 1759 1984 2233 2276 2437 2468 2800 2814 3342 3417 3444 3449 3477 3658 3937 4138 4636 4637 4684 4753 4758 4764 4815 4928 4973 5063 5083 5289 5415 5470 5537 5716 5765 5810 5826 6297 6326 6366 6592 6695 6724 6830 
#module 32 size: 30 bs: 0.727434
32 356 616 833 897 989 1496 2234 2287 2288 2537 2886 2931 3598 3752 4359 4415 4953 4957 5010 5057 5161 5634 5825 5894 5949 6139 6206 6323 6496 
#module 33 size: 40 bs: 0.667959
54 101 147 201 478 856 858 996 1023 1136 1164 1241 1256 1324 1684 1719 1835 2107 2377 2548 2717 3326 3364 3811 3864 4214 4478 4631 4721 4734 4882 4883 4988 5123 5832 5859 6325 6406 6552 6597 
#module 34 size: 74 bs: 0.803537
184 240 349 472 535 622 710 907 928 1022 1084 1259 1296 1431 1468 1519 1648 1903 1946 1955 1992 2006 2043 2138 2145 2156 2165 2387 2452 2744 3008 3040 3211 3309 3441 3505 3565 3586 3753 3826 3831 3838 4067 4108 4114 4232 4247 4398 4430 4476 4489 4532 4790 4875 4890 5154 5259 5688 5829 5854 5924 5925 6216 6225 6228 6518 6656 6711 6787 6800 6825 6844 6879 6899 
#module 35 size: 21 bs: 0.881326
415 965 1327 1545 1602 1706 1851 2649 3122 3142 3323 3368 3527 4610 5007 5195 5207 5292 5365 5401 5984 
#module 36 size: 157 bs: 0.514389
31 57 121 202 352 386 503 525 540 542 583 644 818 849 874 886 946 1041 1054 1093 1153 1210 1262 1299 1350 1444 1452 1477 1497 1544 1610 1635 1647 1719 1735 1814 1907 1956 2063 2072 2096 2100 2126 2190 2224 2277 2280 2297 2344 2348 2617 2626 2682 2690 2695 2701 2733 2834 2868 2875 2915 2947 2960 3064 3166 3177 3186 3192 3231 3301 3338 3421 3495 3520 3525 3648 3676 3708 3715 3732 3751 3764 3769 3847 3878 3887 3920 3986 4056 4103 4120 4134 4144 4167 4203 4358 4418 4459 4480 4504 4524 4539 4562 4634 4689 4715 4753 4767 4853 4864 4871 4884 5042 5056 5128 5158 5223 5229 5347 5366 5375 5378 5417 5437 5485 5526 5550 5578 5644 5701 5713 5773 5849 5877 5898 5899 5911 5937 6028 6051 6179 6181 6193 6235 6339 6364 6428 6514 6579 6603 6679 6685 6739 6793 6848 6864 6880 
#module 37 size: 14 bs: 0.248104
67 433 512 2005 2259 3078 3144 3163 3193 3452 3749 3860 3996 5663 
#module 38 size: 10 bs: 0.556996
1063 1246 1372 2490 2892 3787 3852 4101 5170 6162 
#module 39 size: 9 bs: 0.191711
260 1935 2604 4571 4730 5188 5516 6141 6237 
#module 40 size: 12 bs: 0.59221
539 1854 2256 2469 2574 4169 4281 4287 4673 5556 6039 6513 
#module 41 size: 62 bs: 0.105789
259 325 439 464 508 603 623 884 1225 1638 1821 1873 1884 2031 2064 2109 2204 2257 2363 2403 2487 2561 2821 2933 2940 3065 3130 3227 3419 3575 3632 3652 3724 3815 3838 3840 3949 4049 4149 4577 4711 4840 4942 5036 5152 5159 5247 5316 5330 5474 5489 5563 5621 5767 5807 5916 6017 6665 6666 6696 6705 6713 
#module 42 size: 10 bs: 0.119337
828 2094 2951 3443 4799 4857 4865 5687 6872 6873 
#module 43 size: 44 bs: 0.823374
35 270 273 665 693 785 876 1102 1226 1633 1714 1816 2252 2402 2464 2615 2621 2638 2751 2842 2969 3165 3316 4053 4150 4259 4280 4695 4862 5222 5599 5610 5631 5645 5712 5884 5902 6019 6042 6047 6074 6588 6612 6849 
#module 44 size: 40 bs: 1.02412
183 185 189 361 391 627 661 752 1628 2044 2101 2172 2420 2628 2685 3046 3103 3308 3467 3469 4082 4174 4185 4467 4534 4584 4777 4855 4996 5224 5392 5456 5501 5766 5808 5885 6078 6484 6509 6574 
#module 45 size: 51 bs: 0.426186
417 484 570 634 645 716 765 807 854 914 1066 1081 1108 1326 1390 1411 1572 1641 1692 1947 2057 2069 2080 2089 2381 2520 2972 2988 3341 3439 3457 3682 3855 3966 4122 4172 4191 4269 4334 4517 4958 5519 5672 5846 5850 5892 6029 6138 6272 6403 6600 
#module 46 size: 86 bs: 0.963276
166 199 218 283 443 691 1043 1383 1465 1505 1526 1555 1563 1569 1736 1817 1855 2011 2022 2060 2130 2197 2211 2294 2336 2439 2521 2559 2680 2687 2691 2763 2906 3010 3107 3240 3248 3379 3541 3547 3680 3767 3784 3805 3809 3965 3971 4012 4017 4063 4072 4241 4278 4528 4609 4617 4752 4773 4893 5059 5252 5280 5387 5421 5503 5541 5572 5584 5718 5752 5790 5848 5958 5979 5999 6048 6200 6255 6263 6286 6336 6375 6483 6651 6759 6814 
#module 47 size: 29 bs: 0.730307
82 631 767 1141 1466 1527 2218 2356 2929 3032 3359 3559 3642 4285 4477 4621 4697 4709 5291 5304 5317 5349 5632 5830 5837 5888 6126 6536 6622 
#module 48 size: 28 bs: 0.700499
35 558 933 1058 1425 1539 1685 2059 2111 2289 2692 3727 3750 3980 4050 4280 4525 4756 4766 4926 5263 5423 5697 5754 6303 6465 6605 6722 
#module 49 size: 21 bs: 0.396265
257 330 499 659 1870 2124 2863 3114 3146 3430 3668 3773 4348 4531 4787 4918 6148 6625 6672 6675 6798 
#module 50 size: 83 bs: 0.328533
58 61 104 190 559 681 695 715 794 912 944 1074 1115 1229 1364 1401 1483 1507 1658 1667 1715 1760 1847 1960 2120 2161 2260 2547 2683 2729 2847 2891 2896 2925 2945 3037 3080 3160 3161 3178 3288 3306 3319 3373 3504 3575 3577 3600 3621 3803 3832 3929 3932 3962 4034 4061 4136 4272 4427 4506 4898 4912 4927 4972 5008 5189 5336 5373 5389 5592 5864 5876 6072 6144 6159 6169 6314 6376 6384 6388 6761 6767 6831 
#module 51 size: 53 bs: 0.684865
14 161 182 235 562 630 875 1178 1235 1272 1273 1574 1612 1728 1754 1862 1882 1894 2079 2212 2220 2369 2431 2599 2618 2887 2919 3069 3187 3406 3823 3885 4006 4212 4375 4436 4541 4780 4952 5214 5269 5301 5378 5453 5461 5622 5742 5801 5845 5900 6194 6626 6812 
#module 52 size: 220 bs: 0.980326
49 63 90 107 197 217 224 262 303 324 329 345 347 387 389 395 450 474 489 490 506 507 527 534 638 656 670 672 720 749 836 932 937 953 1017 1030 1036 1039 1121 1135 1140 1231 1237 1240 1248 1298 1365 1381 1395 1405 1420 1472 1474 1498 1504 1513 1537 1559 1593 1597 1603 1670 1701 1755 1787 1831 1909 1915 1982 1988 2113 2115 2120 2148 2212 2231 2232 2245 2262 2270 2332 2367 2388 2393 2407 2453 2459 2495 2506 2571 2607 2644 2820 2837 2973 2994 3009 3013 3015 3033 3053 3067 3106 3112 3203 3204 3205 3237 3310 3393 3445 3454 3492 3495 3499 3531 3536 3589 3604 3644 3686 3689 3691 3702 3707 3717 3745 3781 3818 3988 4007 4018 4087 4171 4181 4239 4250 4256 4288 4305 4398 4435 4457 4499 4505 4509 4580 4586 4601 4629 4663 4694 4739 4769 4822 4827 4861 4870 4936 4959 4977 4989 4994 5025 5040 5041 5048 5061 5089 5135 5139 5167 5174 5191 5203 5251 5300 5318 5357 5386 5418 5476 5493 5559 5633 5648 5655 5668 5747 5788 5828 5953 5992 5997 6037 6097 6218 6229 6236 6241 6274 6287 6301 6306 6321 6334 6368 6471 6548 6556 6585 6611 6648 6706 6710 6746 6805 6829 6915 6918 
#module 53 size: 55 bs: 0.293182
232 271 312 502 509 575 581 732 824 942 1059 1218 1285 1317 1515 1575 1704 1727 1848 2087 2179 2206 2275 2301 2411 2576 2694 2704 2718 2852 2856 3034 3376 3512 3571 3704 3903 4230 4252 4454 4556 4567 4603 4776 4836 5484 5841 5875 6056 6390 6526 6527 6581 6807 6914 
#module 54 size: 40 bs: 0.769891
265 510 948 1249 1407 1614 1966 2046 2163 2265 2538 2566 2624 2657 2660 2840 2966 3185 3287 3332 3711 3783 3786 3819 4183 4317 4377 4387 4615 4849 4998 5230 5323 5624 5647 5726 6175 6419 6502 6816 
#module 55 size: 61 bs: 0.16647
96 253 261 296 341 418 437 579 660 679 804 853 901 1376 1377 1606 1752 1796 1928 1940 2092 2106 2575 2739 2836 2893 3012 3374 3390 3451 3679 3698 3736 4139 4222 4318 4542 4826 4851 5018 5072 5136 5192 5264 5454 5459 5533 5689 5694 5740 5987 6166 6211 6238 6516 6539 6546 6549 6653 6736 6910 
#module 56 size: 33 bs: 0.741444
66 223 548 618 667 883 988 1092 1250 1434 1585 1721 1923 1941 2178 2185 2267 2308 2316 2742 3289 3709 4130 4193 4405 4830 5022 5187 5278 5360 5734 6131 6595 
#module 57 size: 21 bs: 0.200039
263 313 384 1553 1746 1840 2066 2661 2684 3019 3402 3512 3805 3894 3915 4449 4970 5105 5819 6232 6883 
#module 58 size: 20 bs: 0.749596
6 477 729 1239 1242 1531 1799 1983 2065 2299 2331 2461 2708 3355 3909 5494 5786 6366 6381 6712 
#module 59 size: 36 bs: 0.68511
146 407 469 505 809 846 973 1042 1215 1368 1565 1871 1911 2209 2318 2319 2630 2735 3270 3299 3427 3685 3880 3981 4378 4503 4992 5216 5274 5413 6271 6457 6458 6497 6661 6676 
#module 60 size: 28 bs: 1.09866
76 93 115 286 613 726 925 1085 1876 2182 2511 2713 2793 2858 3156 4010 4092 4392 4578 5144 5156 5184 5213 5515 6038 6170 6650 6813 
#module 61 size: 115 bs: 1.08817
157 162 243 249 282 377 428 602 607 688 722 754 778 929 964 977 1096 1227 1252 1259 1264 1361 1398 1404 1413 1632 1636 1700 1777 1809 1924 1958 1986 2491 2504 2505 2555 2581 2635 2639 2719 2731 2755 2831 2849 3014 3036 3042 3074 3087 3198 3215 3234 3239 3387 3473 3535 3563 3672 3758 3759 3760 3902 3916 3917 4032 4128 4153 4218 4261 4404 4491 4500 4539 4593 4620 4637 4640 4656 4658 4716 4859 4908 4929 5058 5118 5145 5350 5364 5406 5431 5505 5509 5590 5730 5761 5909 5926 5959 5981 6007 6150 6275 6293 6354 6491 6543 6577 6619 6677 6695 6701 6715 6724 6907 
#module 62 size: 129 bs: 0.761451
1 21 25 99 177 186 214 323 394 549 675 731 740 935 960 1062 1155 1275 1282 1304 1346 1359 1374 1458 1476 1484 1493 1508 1538 1630 1680 1708 1719 1744 1751 1857 1870 1880 1966 1972 1978 2001 2053 2054 2097 2105 2146 2236 2268 2310 2316 2435 2524 2619 2666 2738 2815 2867 2924 3138 3181 3196 3316 3334 3424 3468 3480 3493 3503 3538 3562 3588 3592 3830 3857 3863 3950 3953 4059 4078 4107 4361 4433 4451 4497 4506 4636 4713 4726 4788 4793 4868 4895 4917 5103 5110 5142 5243 5306 5315 5330 5341 5502 5650 5675 5813 5834 6113 6151 6222 6280 6310 6400 6432 6467 6498 6500 6542 6593 6594 6604 6607 6642 6690 6742 6765 6795 6845 6890 
#module 63 size: 27 bs: 0.92037
25 130 381 441 541 917 1238 1518 1786 2159 2273 2362 2545 2609 2671 3109 3290 3437 3674 3739 4088 4355 4645 5639 5823 6104 6778 
#module 64 size: 161 bs: 0.130717
10 69 94 167 229 246 337 354 406 434 445 459 465 476 512 518 563 621 702 756 803 816 870 923 941 1012 1047 1118 1156 1166 1168 1207 1257 1263 1319 1352 1362 1386 1460 1484 1567 1592 1676 1687 1733 1818 1869 1916 1954 2008 2032 2199 2215 2220 2230 2243 2342 2343 2385 2423 2472 2485 2515 2544 2651 2669 2697 2732 2737 2747 2768 2855 3005 3024 3030 3052 3102 3118 3247 3259 3276 3314 3327 3343 3487 3596 3619 3624 3639 3677 3683 3723 3738 3763 3764 3867 3970 3972 4038 4045 4131 4162 4320 4422 4546 4562 4622 4628 4645 4659 4680 4771 4909 4913 4946 4997 5098 5185 5223 5255 5272 5351 5422 5424 5453 5477 5534 5583 5606 5613 5627 5642 5659 5671 5679 5693 5785 5944 5955 5963 5966 6025 6082 6090 6209 6239 6259 6320 6358 6383 6420 6491 6493 6495 6555 6641 6655 6667 6843 6895 6916 
#module 65 size: 221 bs: 0.904841
13 15 34 41 58 93 144 178 293 300 332 336 342 414 422 435 475 545 585 588 633 652 676 677 681 717 718 721 724 782 820 830 921 922 1011 1021 1024 1044 1069 1119 1191 1203 1251 1260 1274 1293 1316 1357 1427 1509 1549 1581 1650 1666 1667 1688 1766 1775 1841 1843 1847 1860 1877 1886 1890 1929 1953 2003 2012 2030 2035 2040 2098 2132 2166 2208 2223 2260 2303 2383 2417 2541 2581 2584 2585 2644 2729 2774 2775 2790 2807 2852 2885 2896 2907 2908 2942 2961 2972 2999 3035 3050 3059 3068 3074 3098 3143 3178 3265 3288 3371 3384 3386 3388 3410 3464 3490 3573 3656 3667 3675 3804 3858 3876 3881 3899 3928 3974 3998 4034 4043 4097 4166 4188 4227 4268 4272 4309 4379 4448 4467 4471 4506 4518 4526 4527 4538 4587 4631 4635 4641 4665 4693 4703 4723 4778 4810 4831 4846 4898 4905 4912 4916 4972 4981 4991 5028 5125 5130 5155 5221 5231 5256 5281 5299 5328 5336 5340 5435 5438 5466 5538 5602 5649 5664 5685 5732 5838 5864 5866 5876 5906 5967 5986 6046 6055 6082 6104 6128 6144 6185 6188 6190 6191 6207 6220 6253 6285 6314 6388 6416 6423 6438 6477 6525 6606 6647 6710 6732 6784 6815 
#module 66 size: 41 bs: 0.505746
175 232 575 626 732 812 835 942 1189 1225 1437 1604 1781 1848 2155 2637 2827 2985 3002 3092 3217 3261 3329 3376 3542 3664 3693 4235 4603 4678 4869 5210 5227 5253 5279 5763 5841 5879 6011 6581 6708 
#module 67 size: 28 bs: 0.565688
369 797 1575 1639 1699 2026 2292 2499 2535 2722 2785 3285 3780 3871 3984 4105 4143 4265 4413 4647 5163 5309 5434 5607 5616 5628 5637 6132 
#module 68 size: 47 bs: 0.489358
216 278 321 339 429 502 509 577 683 911 927 975 1110 1450 1743 1772 1803 1822 2279 2440 2480 2589 2889 3121 3491 3546 3748 3856 3982 3990 4060 4084 4228 4258 4473 5047 5325 5528 5540 5758 6001 6369 6372 6503 6524 6553 6646 
#module 69 size: 81 bs: 1.08674
42 198 386 851 896 1037 1045 1138 1332 1363 1430 1433 1447 1471 1475 1514 1541 1605 1627 1663 1711 1738 1805 1858 1859 1887 1934 1951 2042 2047 2051 2157 2241 2341 2405 2489 2602 2648 2668 2833 2903 3114 3190 3280 3297 3350 3407 3521 3639 3834 3846 4076 4130 4190 4296 4589 4765 4866 5027 5132 5232 5286 5680 5699 5707 5723 5731 5778 5858 5883 6246 6356 6394 6463 6537 6630 6758 6768 6797 6806 6922 
#module 70 size: 141 bs: 0.265624
192 193 255 256 269 353 380 382 411 450 491 504 526 556 637 642 650 658 659 668 762 801 819 825 925 952 976 1028 1097 1111 1196 1258 1269 1270 1279 1322 1333 1336 1354 1410 1421 1476 1503 1566 1732 1768 1769 1897 1921 1942 1998 2050 2062 2075 2084 2095 2196 2221 2330 2448 2451 2486 2570 2686 2776 2832 2844 2848 2895 2910 2916 2978 3021 3031 3038 3060 3095 3145 3195 3233 3255 3392 3510 3666 3673 3695 3734 3747 3802 3808 3841 3879 4022 4168 4200 4209 4465 4487 4547 4590 4624 4661 4702 4763 4920 4932 4943 5065 5086 5088 5104 5204 5254 5408 5708 5737 5748 5940 5991 6015 6035 6067 6081 6143 6146 6163 6177 6317 6322 6459 6473 6534 6575 6609 6718 6747 6777 6780 6859 6874 6882 
#module 71 size: 46 bs: 0.30265
12 24 234 707 733 757 910 998 1277 1546 1599 1849 1998 2192 2347 2354 2588 2778 2788 2940 3083 3171 3506 3638 3657 3782 3829 3839 4066 4152 4165 4176 4356 4498 4581 5060 5409 5535 5595 5811 5941 5962 6022 6481 6490 6637 
#module 72 size: 87 bs: 0.631176
23 86 143 340 343 514 536 547 587 609 656 773 805 852 894 919 1018 1053 1073 1118 1147 1353 1367 1378 1446 1534 1600 1726 1757 1837 1850 1918 1985 2032 2068 2078 2157 2169 2187 2284 2470 2478 2493 2556 2749 2786 2819 2822 2851 2948 2955 2958 3363 3537 3613 3622 3655 3710 3743 3875 4326 4382 4388 4411 4591 4768 4804 4812 4850 4873 4901 4948 5223 5258 5543 5549 5593 5659 5709 5836 5862 5966 6061 6250 6433 6443 6507 
#module 73 size: 63 bs: 0.571308
116 299 582 642 713 730 745 779 788 1034 1162 1228 1233 1449 1480 1521 1524 1548 1554 1586 1963 1973 2029 2083 2112 2135 2456 2809 2876 2918 2991 3321 3325 3349 3755 3849 3958 4207 4262 4350 4525 4701 4831 5119 5462 5463 5480 5523 5562 5661 5784 5872 6030 6032 6205 6213 6307 6332 6482 6519 6635 6687 6717 
#module 74 size: 53 bs: 0.827979
19 60 176 429 555 770 845 913 934 954 1264 1399 1688 1815 1847 1860 1952 1957 2056 2071 2121 2161 2193 2622 2807 2830 2835 2995 3131 3235 3302 3383 3580 3591 3817 3877 4019 4113 4267 4270 4330 4597 4688 4725 4983 5011 5114 5162 5261 5293 5325 5432 5891 
#module 75 size: 47 bs: 0.689199
17 22 57 206 292 350 422 560 625 810 830 892 915 979 1089 1291 1335 1357 1580 1582 1798 2181 2235 2359 2418 2433 2667 2818 2835 2986 3020 3054 3073 3129 3208 3431 3463 3583 3737 4563 4723 4956 5200 6024 6197 6531 6769 
#module 76 size: 39 bs: 0.245986
355 495 663 931 1172 1297 1461 1607 1611 1750 2033 2116 2414 2471 2672 2771 2801 3063 3197 3566 3611 3612 3713 3820 3969 4003 4979 5242 5319 5518 5544 5651 5912 5982 6098 6335 6401 6644 6886 
#module 77 size: 53 bs: 0.627609
267 397 628 746 790 872 1116 1221 1485 1502 1520 1628 1778 2164 2295 2877 3202 3411 3539 3558 3568 3615 3634 3692 3765 3865 3908 3941 4095 4157 4321 4323 4423 4533 4718 4803 5050 5173 5190 5313 5337 5342 5525 5614 5720 5968 6168 6256 6289 6292 6338 6544 6754 
#module 78 size: 19 bs: 0.112857
444 844 1070 1205 1510 1511 1654 1655 1690 1718 1872 2536 2888 3273 3900 4974 6313 6779 6841 
#module 79 size: 49 bs: 0.66777
154 213 420 501 533 664 766 866 1523 1674 1771 2048 2285 2645 2647 2765 2826 2938 2943 2957 3048 3076 3123 3194 3312 3428 3440 3509 3599 3771 3862 4073 4112 4186 4331 4960 5090 5359 5404 5561 5641 5660 5711 6196 6488 6523 6868 6898 6924 
#module 80 size: 134 bs: 1.05722
37 134 211 298 370 410 455 496 541 687 750 796 813 834 879 971 1008 1029 1035 1078 1100 1104 1176 1186 1206 1245 1264 1309 1350 1360 1369 1399 1443 1445 1479 1482 1506 1543 1576 1677 1703 1740 1761 1794 1810 1820 1829 1930 1976 2016 2037 2070 2305 2322 2467 2558 2565 2716 2789 2807 3063 3070 3083 3136 3155 3180 3271 3274 3399 3400 3412 3471 3671 3693 3737 3785 3790 3817 3918 3973 3994 4025 4041 4118 4125 4156 4159 4204 4219 4223 4300 4384 4508 4543 4611 4619 4691 4984 5063 5209 5367 5416 5426 5471 5490 5544 5545 5546 5611 5649 5658 5714 5719 5881 5957 5985 6012 6225 6238 6249 6298 6360 6386 6395 6478 6533 6560 6567 6711 6796 6840 6858 6909 6913 
#module 81 size: 101 bs: 0.725119
111 257 277 287 316 392 416 565 604 673 674 696 697 706 725 734 970 992 1106 1154 1187 1267 1320 1340 1355 1400 1495 1601 1643 1731 1788 1813 1908 1917 1924 1990 2000 2002 2099 2137 2154 2188 2304 2316 2320 2406 2479 2654 2678 2879 3086 3111 3114 3283 3381 3416 3497 3770 3886 3976 4098 4201 4208 4219 4233 4251 4294 4327 4394 4425 4569 4572 4596 4887 4900 4941 4955 5039 5071 5212 5284 5288 5311 5372 5600 5617 5789 5824 5855 5904 6009 6027 6204 6228 6427 6485 6608 6624 6775 6792 6909 
#module 82 size: 78 bs: 0.414336
310 374 412 578 984 1010 1152 1478 1500 1525 1662 1756 1767 1900 2052 2075 2390 2509 2579 2857 2880 2909 2937 3017 3291 3347 3380 3442 3609 3666 3799 3896 3927 3964 3991 4001 4004 4011 4031 4119 4133 4231 4744 4757 4789 4838 5006 5108 5138 5177 5294 5322 5331 5467 5542 5564 5618 5665 5690 5717 5798 5903 5956 5980 6034 6095 6186 6234 6279 6382 6591 6636 6639 6809 6862 6900 6911 6921 
#module 83 size: 124 bs: 0.193661
61 70 110 129 150 191 210 291 383 453 481 559 576 699 826 869 944 994 1001 1009 1048 1151 1195 1203 1244 1300 1551 1579 1629 1709 1798 1807 1905 1926 1943 1960 2028 2118 2246 2260 2328 2370 2372 2513 2532 2562 2588 2673 2723 2750 2760 2964 2986 3028 3037 3088 3126 3132 3212 3218 3318 3352 3404 3418 3420 3502 3532 3556 3587 3676 3691 3999 4026 4071 4164 4308 4310 4335 4464 4469 4495 4679 4686 4705 4708 4719 4760 4805 4808 4825 4848 5073 5107 5116 5124 5165 5181 5269 5270 5305 5363 5379 5403 5478 5615 5698 5820 5886 5938 6072 6159 6160 6240 6268 6327 6405 6437 6586 6635 6671 6673 6678 6697 6750 
#module 84 size: 107 bs: 0.367065
106 138 155 179 227 305 333 390 449 537 646 777 783 821 837 981 997 1009 1095 1120 1163 1198 1220 1301 1302 1312 1313 1492 1644 1702 1739 1763 1830 1833 1858 1875 2039 2128 2167 2261 2361 2445 2540 2557 2658 2676 2699 2736 2764 2795 2862 2934 3082 3096 3108 3115 3170 3252 3261 3378 3485 3582 3701 3866 3872 4166 4354 4365 4366 4496 4521 4582 4756 4975 5014 5030 5402 5446 5517 5569 5635 5638 5691 5853 5995 6075 6092 6133 6140 6160 6264 6304 6361 6394 6397 6425 6446 6453 6454 6461 6636 6638 6680 6760 6785 6788 6802 
#module 85 size: 246 bs: 0.911067
100 131 171 195 251 254 301 419 449 462 486 487 513 543 560 589 598 605 619 639 654 660 687 689 719 738 743 784 811 843 857 890 893 900 949 974 982 993 1013 1033 1046 1109 1149 1161 1179 1194 1216 1222 1232 1234 1236 1290 1315 1408 1440 1512 1560 1578 1584 1608 1675 1681 1710 1774 1797 1828 1845 1881 1889 1962 2013 2052 2091 2168 2183 2207 2271 2293 2300 2322 2357 2395 2398 2462 2528 2543 2587 2623 2629 2637 2656 2670 2716 2798 2909 2921 2936 2952 2979 2980 2982 3029 3041 3045 3058 3085 3101 3110 3199 3220 3268 3365 3403 3415 3447 3457 3478 3486 3503 3519 3545 3551 3593 3597 3712 3716 3744 3757 3810 3821 3897 3914 3957 3963 3978 4047 4065 4066 4102 4118 4147 4163 4204 4250 4254 4302 4308 4319 4363 4364 4410 4426 4453 4494 4507 4508 4537 4585 4592 4612 4625 4646 4667 4668 4669 4670 4692 4715 4717 4731 4794 4837 4872 4874 4878 4891 4897 4907 4963 4976 5004 5049 5051 5087 5099 5106 5143 5202 5257 5273 5277 5287 5302 5333 5361 5471 5481 5510 5520 5530 5535 5557 5609 5635 5640 5791 5802 5843 5878 5919 5928 5930 5931 5941 5964 5965 5976 6026 6107 6231 6242 6270 6282 6308 6328 6359 6363 6380 6408 6422 6429 6431 6435 6447 6452 6475 6476 6510 6535 6569 6573 6610 6616 6645 6683 6709 
#module 86 size: 38 bs: 0.511804
46 52 53 448 580 753 868 877 920 1344 1439 1901 1989 2244 2526 2780 2839 2930 3159 3479 4111 4182 4245 4481 4651 4682 4845 5362 5447 5574 5625 5945 5986 5994 6620 6703 6808 6826 
#module 87 size: 94 bs: 0.645886
11 29 56 198 226 571 573 596 685 751 774 851 871 969 1003 1032 1129 1134 1158 1177 1199 1212 1286 1414 1440 1499 1626 1632 1657 1671 1865 2007 2024 2038 2047 2104 2311 2317 2325 2333 2410 2596 2746 2752 2897 2911 2996 3001 3184 3472 3924 3956 3989 4170 4234 4237 4314 4353 4408 4549 4664 4760 4877 4949 5017 5066 5074 5113 5150 5348 5356 5391 5492 5499 5529 5625 5634 5678 5680 5739 5869 5942 6013 6058 6245 6266 6319 6356 6385 6643 6694 6764 6766 6806 
#module 88 size: 121 bs: 0.401459
36 40 114 136 140 141 145 244 307 311 341 409 413 530 671 700 709 798 814 841 863 878 881 972 1000 1005 1067 1088 1133 1148 1303 1423 1488 1573 1575 1615 1631 1664 1727 1793 1853 1942 1994 2108 2149 2170 2174 2175 2191 2404 2450 2481 2517 2633 2714 2743 2773 2864 2944 3117 3121 3200 3313 3357 3461 3576 3730 3742 3777 3789 3822 3882 4014 4080 4093 4249 4255 4284 4297 4329 4360 4370 4385 4401 4540 4568 4574 4608 4683 4971 5001 5026 5070 5076 5121 5134 5246 5273 5280 5601 5605 5619 5726 5735 5736 5741 5840 5887 5980 6031 6080 6260 6479 6549 6613 6622 6633 6662 6769 6804 6896 
#module 89 size: 36 bs: 0.169609
61 297 703 905 1020 1060 1208 1310 1598 1669 1783 1996 2219 2632 2797 3070 3177 3201 3850 4126 4516 4552 4573 4676 4927 5265 5669 5769 5781 5803 5805 5954 6112 6233 6343 6499 
#module 90 size: 157 bs: 0.148499
11 27 47 62 64 74 85 225 228 231 244 247 276 306 338 344 348 386 388 396 406 452 467 502 523 572 599 606 657 711 735 786 940 967 1112 1183 1522 1542 1620 1621 1673 1697 1703 1733 1836 1847 1852 1919 1991 2127 2198 2228 2231 2249 2345 2354 2374 2378 2440 2454 2466 2582 2597 2706 2725 2754 2759 2808 2842 2850 2897 2926 2950 3128 3139 3210 3213 3251 3330 3361 3362 3369 3394 3460 3490 3494 3499 3533 3557 3595 3633 3649 3661 3680 3694 3718 3813 3861 3883 3893 3975 4058 4060 4155 4203 4215 4306 4312 4319 4333 4375 4396 4458 4579 4613 4653 4696 4872 4921 5032 5102 5219 5220 5276 5399 5421 5496 5504 5511 5552 5553 5581 5594 5643 5753 5793 5795 5822 5831 5868 5875 5922 6041 6042 6049 6050 6105 6254 6344 6375 6429 6468 6524 6549 6567 6584 6711 
#module 91 size: 90 bs: 0.564354
11 89 173 220 266 268 340 461 516 532 596 684 750 840 894 904 1038 1051 1053 1211 1353 1482 1506 1516 1535 1563 1596 1606 1617 1692 1918 1920 1959 2125 2153 2269 2389 2441 2478 2497 2627 2786 3070 3303 3457 3629 3718 3756 3790 3874 3875 4203 4269 4339 4408 4414 4552 4559 4649 4662 4754 4760 4802 4812 4872 4921 4948 4986 5310 5329 5419 5421 5581 5695 5724 5725 5757 5865 5942 6147 6172 6249 6409 6410 6418 6687 6694 6745 6766 6796 
#module 92 size: 14 bs: 0.86801
165 458 538 936 1785 1789 2229 2264 2817 4184 4210 4472 4724 6501 
#module 93 size: 80 bs: 0.911358
13 144 151 336 342 456 588 712 724 906 1069 1077 1107 1123 1165 1175 1202 1255 1323 1455 1594 1980 2208 2253 2281 2312 2358 2383 2400 2420 2424 2567 2663 2757 2774 2873 2907 2983 3134 3190 3229 3265 3338 3436 3534 3570 3573 3798 3827 4195 4345 4448 4467 4630 4631 4633 4635 4703 4721 4748 4867 4905 4916 5268 5299 5411 5685 5764 5852 5906 5920 5967 5986 6046 6189 6416 6438 6601 6732 6757 
#module 94 size: 59 bs: 0.617318
71 302 322 331 519 522 566 574 707 737 966 1016 1142 1331 1334 1392 1440 1459 1550 1623 1808 2353 2640 2758 2778 2788 2829 2901 3094 3125 3328 3401 3641 4035 4064 4165 4187 4289 4371 4795 4945 5080 5226 5238 5266 5271 5339 5455 5495 5521 5548 5782 6003 6296 6490 6571 6649 6762 6833 
#module 95 size: 108 bs: 0.68764
3 20 50 109 112 128 132 216 230 245 285 328 402 425 561 701 705 744 775 808 815 860 951 1080 1171 1214 1284 1289 1448 1497 1577 1720 1729 1826 1834 1979 1981 2046 2106 2119 2129 2136 2265 2266 2286 2323 2327 2349 2371 2465 2603 2801 2962 3072 3206 3216 3249 3295 3337 3446 3498 3500 3528 3585 3594 3630 3816 3859 3944 4238 4445 4482 4729 4735 4800 4801 4889 4962 5015 5021 5131 5141 5196 5230 5296 5326 5377 5443 5456 5972 6043 6161 6184 6202 6324 6337 6357 6393 6506 6517 6562 6582 6663 6723 6741 6799 6819 6856 
#module 96 size: 150 bs: 0.98909
2 83 84 110 123 162 180 204 210 212 319 590 604 714 789 839 848 891 950 1004 1105 1146 1150 1254 1265 1306 1313 1347 1370 1385 1397 1415 1436 1491 1529 1530 1532 1557 1568 1668 1693 1707 1755 1844 1923 1939 2027 2028 2076 2131 2204 2302 2324 2332 2355 2360 2376 2386 2446 2475 2522 2650 2658 2675 2721 2745 2761 2838 2870 2934 2963 3007 3077 3084 3127 3133 3172 3377 3418 3434 3531 3687 3691 3740 3835 3836 3844 3901 3925 3979 4052 4077 4141 4243 4277 4316 4341 4362 4438 4439 4444 4461 4475 4565 4809 4856 4860 4883 4902 4923 4999 5019 5086 5153 5165 5203 5205 5228 5321 5512 5648 5666 5692 5715 5787 5910 5960 6036 6044 6062 6091 6103 6198 6258 6341 6371 6449 6478 6492 6530 6545 6568 6580 6602 6629 6631 6700 6867 6889 6892 
#module 97 size: 34 bs: 0.40337
28 163 494 498 643 690 1094 1101 1131 1314 1457 2177 2427 2968 3086 3238 3244 3353 3555 3569 3703 3801 4039 4455 5002 5179 5226 5239 5777 5932 5947 6154 6472 6877 
#module 98 size: 1 bs: 1
6550 
#module 99 size: 1 bs: 1
611 
#module 100 size: 1 bs: 1
5547 
#module 101 size: 1 bs: 1
4140 
#module 102 size: 1 bs: 1
2606 
#module 103 size: 1 bs: 1
6897 
#module 104 size: 1 bs: 1
1812 
#module 105 size: 1 bs: 1
4416 
#module 106 size: 1 bs: 1
4135 
#module 107 size: 1 bs: 1
4217 
#module 108 size: 1 bs: 1
6153 
#module 109 size: 1 bs: 1
4070 
#module 110 size: 1 bs: 1
6224 
#module 111 size: 1 bs: 1
5597 
#module 112 size: 1 bs: 1
5856 
#module 113 size: 1 bs: 1
3157 
#module 114 size: 1 bs: 1
1904 
#module 115 size: 1 bs: 1
882 
#module 116 size: 1 bs: 1
640 
#module 117 size: 1 bs: 1
1802 
#module 118 size: 1 bs: 1
6291 
#module 119 size: 1 bs: 1
2085 
#module 120 size: 1 bs: 1
4091 
#module 121 size: 1 bs: 1
2593 
#module 122 size: 1 bs: 1
6811 
#module 123 size: 1 bs: 1
6010 
#module 124 size: 1 bs: 1
5033 
#module 125 size: 1 bs: 1
1403 
#module 126 size: 1 bs: 1
2283 
#module 127 size: 1 bs: 1
3462 
#module 128 size: 1 bs: 1
1137 
#module 129 size: 1 bs: 1
5566 
#module 130 size: 1 bs: 1
1561 
#module 131 size: 1 bs: 1
4627 
#module 132 size: 1 bs: 1
3554 
#module 133 size: 1 bs: 1
4639 
#module 134 size: 1 bs: 1
92 
#module 135 size: 1 bs: 1
5577 
#module 136 size: 1 bs: 1
4246 
#module 137 size: 1 bs: 1
850 
#module 138 size: 1 bs: 1
5728 
#module 139 size: 1 bs: 1
3043 
#module 140 size: 1 bs: 1
5744 
#module 141 size: 1 bs: 1
2034 
#module 142 size: 1 bs: 1
3044 
#module 143 size: 1 bs: 1
4650 
#module 144 size: 1 bs: 1
2700 
#module 145 size: 1 bs: 1
250 
#module 146 size: 1 bs: 1
2512 
#module 147 size: 1 bs: 1
4295 
#module 148 size: 1 bs: 1
5779 
#module 149 size: 1 bs: 1
5064 
#module 150 size: 1 bs: 1
4930 
#module 151 size: 1 bs: 1
3845 
#module 152 size: 1 bs: 1
103 
#module 153 size: 1 bs: 1
2970 
#module 154 size: 1 bs: 1
2805 
#module 155 size: 1 bs: 1
3728 
#module 156 size: 1 bs: 1
5755 
#module 157 size: 1 bs: 1
4290 
#module 158 size: 1 bs: 1
6415 
#module 159 size: 1 bs: 1
4046 
#module 160 size: 1 bs: 1
6054 
#module 161 size: 1 bs: 1
3961 
#module 162 size: 1 bs: 1
3425 
#module 163 size: 1 bs: 1
3912 
#module 164 size: 1 bs: 1
612 
#module 165 size: 1 bs: 1
5003 
#module 166 size: 1 bs: 1
758 
#module 167 size: 1 bs: 1
2959 
#module 168 size: 1 bs: 1
6402 
#module 169 size: 1 bs: 1
5444 
#module 170 size: 1 bs: 1
5921 
#module 171 size: 1 bs: 1
2274 
#module 172 size: 1 bs: 1
2971 
#module 173 size: 1 bs: 1
4244 
#module 174 size: 1 bs: 1
2976 
#module 175 size: 1 bs: 1
6120 
#module 176 size: 1 bs: 1
6085 
#module 177 size: 1 bs: 1
346 
