#module 0 size: 7 bs: 0.00701769
584 2134 2417 2863 3127 5451 6648 
#module 1 size: 4 bs: 0.00350349
786 1168 2833 3962 
#module 2 size: 4 bs: 7.79053e-101
242 520 4501 6676 
#module 3 size: 7 bs: 0.0361678
729 1446 1564 2541 2731 2846 5501 
#module 4 size: 6 bs: 0.00336744
333 2223 2467 3295 6167 6819 
#module 5 size: 8 bs: 0.807033
971 1705 2002 3253 3456 4975 5793 6409 
#module 6 size: 5 bs: 0.549828
1028 1106 2767 2854 5766 
#module 7 size: 7 bs: 0.202429
816 1592 2168 3001 3358 3586 4223 
#module 8 size: 4 bs: 0.916392
651 3850 4726 5735 
#module 9 size: 4 bs: 0.634079
524 918 4038 4845 
#module 10 size: 4 bs: 0.55872
3096 3531 4387 5250 
#module 11 size: 5 bs: 0.147996
2018 2551 2615 4634 6595 
#module 12 size: 6 bs: 1.04631
290 888 1213 2967 5253 5533 
#module 13 size: 5 bs: 0.503187
276 625 1501 2533 4608 
#module 14 size: 44 bs: 0.184746
133 143 230 245 308 369 400 481 752 887 1457 1508 1627 1760 2057 2190 2362 2421 2810 2820 2956 3345 3350 3454 3478 3908 4050 4305 4430 4579 4684 4808 4846 5077 5155 5264 5295 5410 5787 5929 6270 6562 6592 6605 
#module 15 size: 41 bs: 0.113033
104 250 385 462 484 559 706 912 1409 1791 1946 2086 2170 2193 2365 2527 2611 2905 3267 3366 3648 3831 4001 4278 4352 4473 4541 4816 4909 4925 4932 4963 5379 5767 5799 6191 6300 6367 6580 6757 6806 
#module 16 size: 51 bs: 0.779969
195 262 420 471 514 796 853 1094 1291 1465 1478 1486 1500 1577 1614 1652 1681 1818 2111 2348 2515 2700 2712 2750 2937 2942 2943 3029 3099 3155 3799 3803 3872 3982 4033 4036 4093 4536 4652 4744 5176 5214 5239 5273 5888 5976 6179 6238 6363 6848 6857 
#module 17 size: 65 bs: 0.278458
163 180 330 604 821 892 968 991 1069 1161 1163 1228 1247 1351 1364 1425 1434 1608 1640 1790 2066 2138 2171 2192 2196 2381 2473 2474 2588 2699 2844 3125 3321 3335 3423 3488 3502 3522 3886 3911 3977 4161 4234 4244 4288 4364 4461 4748 5019 5265 5359 5364 5481 5554 5796 5897 5967 5978 6022 6231 6569 6630 6775 6785 6793 
#module 18 size: 9 bs: 0.858855
1145 1437 1914 2944 3322 3580 4583 5658 6908 
#module 19 size: 5 bs: 0.807736
680 1587 3668 5862 6023 
#module 20 size: 7 bs: 0.844264
156 852 1082 2201 2478 4635 6031 
#module 21 size: 10 bs: 0.261958
674 1000 1415 2203 2206 2963 3542 5020 6228 6579 
#module 22 size: 18 bs: 0.896533
1474 1634 1699 1732 1820 2367 2454 2656 2698 3053 3243 3866 4730 4965 5418 5881 6241 6792 
#module 23 size: 43 bs: 0.322398
77 142 309 324 349 502 695 857 938 999 1147 1492 1503 1509 1623 1649 1871 2070 2337 2847 2923 2928 3105 3296 3491 3984 3990 4158 4547 4729 4927 5143 5162 5292 5477 5704 5907 6059 6332 6389 6668 6677 6919 
#module 24 size: 28 bs: 0.793375
135 235 415 817 1406 1950 2149 2174 2184 2521 2550 2746 3476 3885 4410 4478 4481 4484 4908 5052 5103 5267 5647 5703 5716 6504 6576 6724 
#module 25 size: 33 bs: 0.615424
523 636 656 705 744 855 1243 1338 1729 2022 2160 2334 2347 2354 2894 2962 3071 3249 3587 3924 4344 4401 4543 5199 5377 5834 5913 6123 6135 6170 6393 6590 6754 
#module 26 size: 13 bs: 0.200732
410 1252 1294 1460 3564 4362 4750 5136 5366 5555 6210 6625 6701 
#module 27 size: 64 bs: 0.670081
26 301 393 768 1282 1298 1427 1428 1547 1679 1688 1895 1903 2145 2261 2360 2433 2574 2589 2608 2724 2804 2841 2954 3100 3218 3260 3280 3397 3514 3549 3622 3672 3981 4024 4200 4261 4348 4396 4440 4451 4460 4825 4840 4843 4970 5095 5116 5159 5303 5355 5416 5446 5552 5797 6033 6069 6129 6196 6262 6308 6333 6791 6921 
#module 28 size: 44 bs: 0.493743
471 535 1017 1192 1478 1488 1500 2141 2189 2194 2248 2581 2700 2893 3029 3041 3055 3158 3181 3382 3518 3739 3799 3808 4042 4347 4615 4845 5273 5280 5353 5421 5493 5707 5730 5975 6009 6119 6224 6242 6267 6363 6513 6648 
#module 29 size: 15 bs: 0.66252
169 830 1963 2041 2584 2790 2927 3608 3903 4558 4966 4987 5496 5827 6772 
#module 30 size: 31 bs: 0.225289
69 298 379 611 647 910 951 1621 2849 2930 3258 3409 3441 3458 3914 3936 4303 4346 4384 4465 5193 5204 5230 5427 5492 5889 6043 6484 6619 6725 6892 
#module 31 size: 9 bs: 1.05606
1 2015 2336 3517 4568 4879 6078 6299 6345 
#module 32 size: 20 bs: 0.398141
872 1701 1920 1959 1970 2375 2461 2938 3472 3806 4081 4485 4790 5192 5360 5448 5874 5939 6092 6725 
#module 33 size: 46 bs: 0.661651
223 328 337 363 482 505 640 840 1126 1257 1342 1394 1498 1502 1735 1750 1949 1966 1991 2095 2130 2301 2404 2479 2626 2688 2926 3072 3105 3150 3231 3408 3528 3535 3822 4155 4651 5033 5472 5910 5911 6085 6286 6357 6547 6567 
#module 34 size: 46 bs: 0.523926
80 109 344 775 1005 1215 1342 1376 1502 1544 1735 1811 2090 2095 2148 2208 2688 2697 2997 3043 3089 3150 3192 3371 3512 4045 4313 4847 4884 4962 4974 5488 5490 5586 5590 5844 5974 6061 6175 6304 6376 6554 6560 6570 6829 6903 
#module 35 size: 37 bs: 0.722668
111 305 367 818 822 1001 1236 1244 1250 1369 1542 1659 1668 1793 1964 2011 2040 2078 2537 2621 4142 4434 4785 4860 4862 5071 5090 5334 5391 5400 5904 5983 6065 6613 6652 6653 6727 
#module 36 size: 13 bs: 0.379414
91 243 829 1366 2306 2496 2606 3650 4397 4809 4867 4904 5014 
#module 37 size: 47 bs: 0.233853
461 557 623 805 870 1073 1090 1259 1287 1413 1516 1834 2300 2365 2514 2582 2617 3074 3187 3241 3276 3337 3563 3660 3932 4082 4386 4405 4505 4792 5157 5209 5276 5335 5508 5652 5706 5758 5767 5923 6089 6121 6367 6501 6553 6828 6846 
#module 38 size: 51 bs: 0.425431
176 409 561 1010 1102 1349 1455 1532 1656 1682 2555 2625 2687 2783 2897 2935 2958 2976 3018 3117 3227 3290 3328 3340 3638 3797 3815 3867 3877 4255 4403 4599 4684 4737 4827 4894 5133 5170 5607 5785 5787 5970 6025 6058 6379 6397 6420 6421 6464 6707 6905 
#module 39 size: 64 bs: 0.212697
4 42 57 359 414 430 469 560 608 670 907 1019 1154 1209 1403 1477 1631 1779 1857 2139 2304 2355 2436 2447 2874 2966 2973 3209 3248 3317 3469 3546 3576 3710 3845 3916 4199 4292 4317 4330 4383 4394 4761 4774 4777 4793 4872 4980 5069 5211 5441 5447 5482 5743 5891 6108 6177 6200 6291 6350 6441 6486 6763 6808 
#module 40 size: 55 bs: 0.644245
113 183 216 283 400 528 594 645 902 1152 1200 1391 1438 1738 1772 1781 1805 2242 2392 2495 2732 2789 2827 2970 3287 3313 3373 3567 3888 3929 3948 4019 4273 4321 4469 4504 4546 4578 4582 4588 4803 4864 5342 5362 5518 5616 5726 6011 6081 6102 6135 6516 6662 6778 6922 
#module 41 size: 36 bs: 0.423036
38 265 814 1170 1348 1479 2243 2269 2314 2327 2343 2418 2957 3104 3282 3489 3751 3896 4086 4149 4402 4545 4622 5051 5211 5304 5476 5600 5700 5816 5870 5945 6117 6319 6441 6820 
#module 42 size: 45 bs: 0.311701
151 336 385 681 854 1188 1278 1636 1646 1892 1925 1947 2120 2365 2493 2624 2695 2905 2912 3035 3377 3412 3566 3785 3898 4001 4314 4473 4619 4630 4786 4890 5067 5094 5109 5226 5357 5358 5503 5696 5774 6206 6380 6700 6836 
#module 43 size: 36 bs: 0.386794
177 589 692 731 952 1029 1288 1318 1353 1480 1488 1877 2303 2498 2593 2604 2619 2750 3028 3091 3788 5233 5277 5460 5506 5510 5668 6022 6098 6134 6244 6315 6462 6694 6833 6898 
#module 44 size: 75 bs: 0.352363
119 122 168 200 310 448 501 723 766 865 895 1052 1181 1288 1643 1864 1912 1964 1968 1993 2054 2126 2277 2314 2376 2378 2401 2509 2752 2791 2798 2945 3015 3017 3151 3182 3302 3374 3474 3487 3489 3602 3636 3637 3896 3997 3998 4040 4053 4103 4294 4304 4343 4379 4474 4775 4780 4794 4912 4994 5051 5083 5340 5423 5609 5667 5926 6117 6519 6571 6588 6729 6859 6891 6906 
#module 45 size: 63 bs: 0.868022
168 486 1001 1417 1571 1629 1655 1777 1867 1958 2137 2161 2165 2181 2191 2225 2340 2342 2384 2409 2422 2632 2862 2866 2936 3020 3140 3330 3541 3970 4049 4088 4089 4137 4170 4208 4298 4434 4686 4768 4798 4873 4907 5175 5178 5201 5314 5339 5486 5550 5622 5761 5887 5931 5957 6088 6279 6443 6471 6561 6632 6799 6917 
#module 46 size: 87 bs: 0.382297
104 257 273 366 460 501 785 848 945 1009 1074 1117 1144 1253 1301 1305 1448 1633 1661 1670 1848 1878 1907 2162 2246 2272 2484 2490 2670 2692 2740 2845 2994 3133 3161 3239 3347 3395 3415 3439 3459 3483 3601 3609 3866 3919 3963 3983 4129 4269 4353 4361 4370 4415 4428 4443 4476 4581 4660 4881 4926 4952 4958 4989 5073 5100 5104 5106 5408 5417 5449 5588 5593 5655 5711 5748 5914 6077 6080 6204 6276 6424 6503 6750 6827 6852 6875 
#module 47 size: 63 bs: 0.50548
208 247 376 452 501 637 873 890 949 1144 1670 1908 2010 2083 2125 2332 2484 2643 2670 2692 2791 2809 2869 2900 3000 3014 3100 3161 3188 3239 3262 3485 3645 3731 4129 4248 4304 4308 4310 4325 4896 4952 5215 5284 5462 5466 5531 5643 5711 5807 5896 5933 5993 6013 6087 6128 6276 6280 6490 6494 6541 6548 6750 
#module 48 size: 78 bs: 0.487215
244 270 453 457 587 592 627 659 682 1031 1059 1162 1276 1291 1320 1442 1459 1461 1486 1569 1601 1605 1652 1674 1913 2214 2215 2379 2706 2713 2723 2771 2870 2975 3088 3155 3392 3570 3753 3778 3780 3795 3796 4031 4154 4319 4363 4675 4734 4740 4760 5065 5149 5327 5442 5471 5645 5731 5842 5845 5853 5882 5953 6057 6185 6198 6205 6238 6253 6282 6285 6322 6432 6482 6485 6578 6597 6644 
#module 49 size: 61 bs: 0.808664
87 258 274 299 335 479 642 661 753 783 836 944 983 995 1271 1334 1381 1404 1416 1757 1898 2012 2043 2209 2295 2298 2370 2387 2506 2570 2639 2647 2947 3021 3106 3119 3431 3524 3556 3664 3851 3952 4005 4243 4249 4427 4438 4797 4898 5212 5502 5738 5751 5839 6021 6158 6202 6225 6339 6518 6621 
#module 50 size: 81 bs: 0.96438
36 76 99 189 231 249 279 293 603 663 668 675 686 728 737 741 754 757 801 1016 1020 1429 1548 1590 1625 1707 1758 1942 2009 2055 2219 2318 2322 2370 2475 2525 2532 2653 2690 2776 3026 3062 3090 3143 3205 3212 3268 3536 3560 3612 3614 3898 3937 4006 4119 4121 4163 4340 4367 4417 4526 4763 4764 4839 4874 4935 4968 5024 5078 5183 5350 5524 5577 5773 5817 5963 6051 6381 6411 6743 6836 
#module 51 size: 21 bs: 0.372859
193 278 322 403 1609 2624 2715 2812 3406 3723 3980 4059 4366 4990 5098 5606 5650 5690 5893 6113 6788 
#module 52 size: 123 bs: 0.765419
66 110 137 144 161 201 210 226 378 416 585 618 667 688 697 716 743 871 913 975 988 1029 1092 1138 1190 1247 1263 1453 1495 1514 1585 1771 1852 1870 1917 1923 1941 2188 2254 2288 2305 2311 2385 2517 2573 2576 2595 2602 2880 2990 3008 3016 3030 3065 3075 3086 3114 3146 3235 3360 3372 3440 3486 3488 3499 3530 3591 3633 3644 3687 3754 3907 3910 3917 4037 4077 4114 4216 4219 4224 4509 4662 4679 4733 4739 4900 4918 4936 4953 5010 5037 5066 5179 5187 5231 5254 5288 5306 5364 5369 5372 5468 5594 5632 5686 5825 5840 5908 5928 5982 6131 6160 6258 6427 6467 6480 6527 6659 6673 6694 6710 6790 6866 
#module 53 size: 73 bs: 0.769204
9 326 338 364 440 509 536 653 726 769 917 955 1083 1183 1555 1720 1787 2007 2046 2106 2122 2131 2135 2235 2267 2357 2386 2424 2566 2865 2895 3048 3072 3139 3202 3332 3362 3463 3520 3596 3711 3912 3975 3993 4016 4182 4277 4345 4420 4639 4762 4772 4996 5013 5043 5127 5141 5188 5218 5386 5672 5775 5808 6122 6256 6390 6442 6454 6586 6638 6639 6756 6851 
#module 54 size: 33 bs: 0.707322
78 99 316 365 753 978 1289 1307 1402 1436 1736 1961 2009 2370 2482 2690 2839 2890 2912 3035 3416 3561 3784 3969 4815 4991 5180 5964 6083 6120 6148 6479 6915 
#module 55 size: 24 bs: 0.70512
138 277 958 1201 1350 1463 1533 1657 1710 1744 2711 2744 2832 3802 3841 4374 5814 5857 5898 5951 6026 6039 6097 6499 
#module 56 size: 19 bs: 0.199745
846 881 967 1246 2216 3264 3585 3742 3848 3891 4328 4470 4875 5060 5788 5971 6436 6622 6641 
#module 57 size: 12 bs: 0.147686
271 384 387 425 724 1072 2014 2019 2097 2664 3353 6195 
#module 58 size: 80 bs: 1.09656
66 129 233 313 515 527 533 538 576 590 790 878 962 992 1021 1129 1244 1375 1642 1668 1694 1702 1875 1876 2028 2099 2274 2321 2510 2513 2526 2619 2651 2668 2677 2704 2742 2908 3114 3190 3270 3361 3402 3418 3617 3687 3999 4051 4077 4221 4224 4306 4324 4509 4604 4614 4625 4787 4861 4951 5045 5066 5076 5206 5917 5921 6000 6004 6027 6050 6114 6173 6258 6392 6659 6710 6728 6755 6802 6856 
#module 59 size: 47 bs: 0.553454
75 248 262 453 1018 1030 1034 1060 1327 1452 1504 1743 1829 2108 2111 2561 2706 2707 2753 2763 2765 2943 2979 2988 3155 3229 3752 4057 4087 4356 4704 5080 5242 5297 5470 5498 5710 5864 5888 5973 6029 6047 6100 6277 6609 6732 6848 
#module 60 size: 23 bs: 0.393402
35 49 306 423 1580 1851 2048 2227 2238 2879 3420 3627 3749 3779 3930 4433 4671 4703 4711 5648 5715 5858 5869 
#module 61 size: 69 bs: 0.366871
281 492 562 641 808 851 974 1017 1038 1077 1174 1192 1211 1261 1347 1486 1566 1577 1731 1748 1904 1971 1983 1987 2294 2439 2955 2982 3120 3216 3221 3271 3331 3351 3369 3400 3440 3655 3657 3803 3823 3884 3914 4068 4230 4253 4388 4665 4677 4844 4969 4979 5020 5193 5562 5725 5798 5821 5836 5856 5976 6113 6146 6195 6230 6366 6405 6478 6497 
#module 62 size: 78 bs: 0.291937
19 126 211 530 561 572 628 719 764 797 888 1217 1234 1245 1310 1418 1464 1541 1599 1636 1648 1783 1796 1814 1833 1888 1899 1911 1927 1928 2068 2341 2349 2350 2353 2579 2613 2727 2776 2889 3113 3201 3370 3398 3445 3461 3573 3727 3750 3777 4138 4180 4198 4222 4241 4400 4549 4722 4736 4802 4820 4829 4885 4992 5018 5343 5382 5397 5459 5548 5875 5903 5964 6075 6133 6558 6583 6811 
#module 63 size: 115 bs: 0.246993
102 197 206 256 297 391 402 531 677 700 701 736 742 956 1007 1036 1230 1258 1396 1612 1660 1665 1759 1801 1930 2000 2035 2042 2073 2092 2127 2157 2309 2346 2352 2446 2477 2500 2554 2556 2569 2578 2623 2792 2799 2819 2830 2857 3177 3354 3362 3515 3655 3656 3743 3782 3813 3816 3869 3915 3941 3942 3988 4008 4013 4015 4085 4092 4099 4102 4109 4162 4333 4334 4450 4468 4592 4783 4795 4806 4855 5086 5131 5202 5222 5299 5337 5413 5424 5429 5584 5693 5729 5752 5786 5938 5958 6066 6070 6203 6269 6303 6383 6407 6415 6434 6445 6450 6556 6602 6604 6740 6744 6751 6871 
#module 64 size: 66 bs: 0.918963
48 86 583 633 1037 1270 1581 1610 1624 1687 1723 1869 1919 1980 1981 2024 2334 2565 2739 2754 2877 2881 3163 3275 3285 3288 3329 3413 3498 3615 3649 3680 3684 3711 3726 3852 4277 4291 4389 4452 4826 4853 4939 4976 5015 5101 5172 5411 5456 5540 5610 5723 5736 5772 5934 5990 6165 6310 6413 6601 6739 6741 6776 6807 6876 6918 
#module 65 size: 47 bs: 0.959826
32 88 155 622 643 646 657 673 777 839 896 966 1013 1137 1225 1302 1412 1863 2114 2324 2464 2552 2676 2760 2766 2965 3210 3224 3299 3355 3496 3501 3540 3582 3653 4026 4316 4322 4483 4491 4788 4821 4924 5513 5595 6642 6780 
#module 66 size: 28 bs: 0.160865
638 847 849 939 1300 1628 2395 2491 2814 2872 2972 3736 4139 4168 4817 5195 5224 5325 5396 5756 5855 6321 6328 6499 6531 6545 6584 6726 
#module 67 size: 38 bs: 0.445959
112 418 770 825 932 1223 1466 1493 1630 1700 1733 2065 2660 2757 2762 2796 2920 2996 3025 3193 3708 4445 4688 4699 4716 4738 5186 5430 5614 5651 5763 5929 6232 6403 6534 6699 6762 6912 
#module 68 size: 136 bs: 0.822392
3 11 47 59 72 133 207 230 281 321 332 369 447 469 486 542 581 598 904 1096 1206 1227 1295 1378 1387 1441 1538 1561 1637 1648 1655 1691 1700 1722 1778 1948 1992 2074 2117 2202 2233 2362 2398 2411 2428 2488 2519 2530 2531 2558 2562 2632 2721 2780 2784 2788 2805 2948 2956 3056 3083 3130 3141 3164 3173 3251 3301 3320 3393 3427 3438 3446 3492 3568 3588 3732 3769 3834 3858 3859 3925 4079 4127 4268 4326 4425 4542 4565 4728 4784 4796 4973 4997 5011 5034 5077 5125 5161 5229 5326 5374 5395 5556 5563 5569 5637 5694 5699 5771 5830 5866 5880 5938 5968 6060 6171 6178 6214 6255 6311 6365 6384 6408 6421 6431 6461 6528 6599 6632 6669 6678 6719 6781 6830 6843 6888 
#module 69 size: 73 bs: 0.488545
22 54 96 118 162 343 389 519 568 809 1026 1262 1346 1449 1526 1527 1531 1664 2060 2179 2183 2325 2333 2437 2503 2590 2618 2712 2770 2781 2793 2851 2868 2949 3024 3038 3154 3156 3640 3801 3854 4265 4562 4595 4606 4659 4738 4988 5029 5207 5244 5289 5290 5507 5543 5572 5592 5789 5918 5932 5969 6001 6058 6137 6239 6334 6617 6706 6803 6826 6839 6916 6923 
#module 70 size: 41 bs: 0.13468
45 405 466 522 556 616 666 735 750 1011 1395 1430 1613 1773 1989 2096 2286 2293 2423 2598 3539 3600 3826 3875 4017 4258 4332 4508 4972 4984 5046 5189 5385 5457 5568 5876 5956 6090 6517 6627 6651 
#module 71 size: 70 bs: 0.710336
2 136 146 184 347 352 373 439 601 679 948 1133 1278 1306 1388 1575 1653 1669 1698 1711 1786 2049 2062 2172 2187 2296 2330 2544 2592 2620 2912 3035 3077 3168 3211 3365 3368 3403 3480 3507 3511 3647 3898 3938 3946 4104 4331 4371 4419 4448 4449 4490 4619 4961 4986 5057 5070 5084 5483 5515 5642 5684 5774 5985 6523 6529 6671 6696 6836 6861 
#module 72 size: 41 bs: 0.32845
70 237 291 434 442 712 972 1018 1086 1120 1309 1323 1350 1489 1507 1513 1517 1530 1825 1893 2986 3051 3791 3798 4318 4534 4547 4597 4690 5275 5376 5440 5663 5708 5776 5784 5927 5977 6277 6600 6797 
#module 73 size: 67 bs: 0.624621
28 240 382 398 407 718 740 966 1241 1265 1372 1400 1672 1874 1909 1934 1938 2158 2166 2408 2414 2455 2457 2594 2701 2714 2815 2871 2884 2887 3199 3263 3312 3497 3516 3639 3873 4207 4270 4280 4282 4390 4391 4464 4483 4575 4822 4852 4967 4983 5004 5266 5380 5450 5552 5811 5944 6162 6201 6374 6391 6463 6511 6541 6664 6695 6760 
#module 74 size: 34 bs: 1.02634
46 145 260 323 432 537 767 941 1012 1159 1195 1239 1266 1667 1936 1994 2268 2520 2553 2580 3004 3261 3352 4018 4020 4279 4305 4589 5082 5336 5624 5795 6082 6116 
#module 75 size: 84 bs: 0.217652
74 123 172 394 617 792 911 919 932 943 1024 1032 1035 1084 1187 1199 1323 1339 1345 1392 1398 1468 1530 1573 1582 1616 1731 1753 1797 1800 1825 2003 2249 2313 2397 2400 2402 2796 2811 2816 2860 2920 2941 2952 2986 3042 3098 3315 3430 3466 3781 3805 3953 4041 4175 4561 4569 4632 4993 5118 5148 5160 5169 5220 5234 5312 5338 5469 5614 5630 5724 5739 6016 6036 6094 6144 6249 6318 6334 6417 6430 6628 6629 6860 
#module 76 size: 112 bs: 0.212996
15 125 190 194 232 253 338 388 406 437 494 579 624 860 942 984 989 1104 1184 1293 1365 1620 1789 1812 1890 1910 1957 2175 2265 2280 2284 2419 2441 2481 2508 2568 2689 2694 2722 2749 2777 2808 2842 2850 2852 2885 2950 2998 3056 3122 3198 3232 3305 3324 3454 3533 3732 3804 3836 3955 4010 4127 4242 4252 4268 4284 4327 4339 4368 4399 4414 4479 4574 4647 4800 4871 4887 5005 5021 5072 5113 5130 5171 5184 5387 5458 5485 5500 5540 5610 5740 5934 6084 6089 6161 6192 6211 6229 6288 6320 6364 6388 6469 6507 6526 6528 6582 6606 6854 6863 6869 6876 
#module 77 size: 38 bs: 1.04447
353 357 496 811 877 889 1378 1926 2161 2662 2681 2729 2794 2864 2925 3060 3468 4095 4149 4312 4359 4408 4946 4985 5107 5437 5638 5695 5753 6003 6213 6261 6267 6331 6441 6482 6545 6909 
#module 78 size: 33 bs: 0.321986
6 25 39 451 788 863 1095 1127 1233 1405 1578 1792 1806 1907 2072 2077 2217 2773 2882 3003 3085 3238 3448 3597 3789 3976 3994 4228 4667 4694 4751 5150 6034 
#module 79 size: 58 bs: 1.09704
167 198 285 319 376 435 498 504 543 545 554 689 779 890 949 1144 1151 1283 1393 1670 1785 1824 1935 2082 2246 2272 2444 2462 2489 2607 2672 2840 3134 3161 3189 3194 3222 3255 3316 3485 3527 3665 3891 4169 4365 4392 4496 4556 5081 5096 5124 5617 5676 5810 6087 6515 6709 6716 
#module 80 size: 59 bs: 0.515698
37 124 395 421 529 683 693 813 864 876 1054 1076 1107 1169 1197 1208 1240 1268 1285 1420 1520 1523 1529 1652 1703 1807 1896 2133 2764 2779 2782 2823 2932 2964 3032 3157 3291 3297 3392 3424 3555 3598 3630 3796 4922 5294 5305 5653 5780 5872 5950 5991 6052 6180 6205 6309 6422 6456 6482 
#module 81 size: 53 bs: 0.153814
142 188 246 312 648 698 726 799 1083 1258 1292 1293 1358 1689 1720 1780 1890 2135 2200 2235 2430 2431 2669 2674 2710 3048 3681 3730 3804 3849 4014 4323 4339 4577 4639 4720 4801 5012 5218 5318 5508 5674 5727 6105 6122 6273 6330 6367 6575 6693 6759 6896 6910 
#module 82 size: 58 bs: 0.270439
99 153 196 204 406 602 861 902 1022 1393 1473 1497 1588 1957 2009 2033 2093 2178 2275 2331 2412 2481 2525 2717 2852 2933 2998 3061 3289 3313 3348 3410 3527 3568 3692 3694 3820 4116 4267 4336 4446 4535 4824 4854 4943 5286 5298 5491 5800 6005 6010 6103 6260 6292 6525 6544 6680 6784 
#module 83 size: 17 bs: 0.690637
34 295 476 796 807 940 1064 1091 1189 1712 1714 3064 3304 4201 4736 5805 6795 
#module 84 size: 43 bs: 0.755798
7 53 148 1099 1232 1439 1483 1713 1725 1762 1768 1795 2123 2313 2323 2560 2886 2913 2953 3160 3606 3812 3843 4140 4189 4551 4564 4803 4895 5144 5167 5168 5525 5719 5792 5846 5906 6006 6115 6419 6439 6500 6562 
#module 85 size: 60 bs: 0.71125
10 100 165 351 417 730 900 906 960 1066 1097 1333 1422 1525 1681 1752 1767 1843 1940 2084 2207 2328 2538 2575 3137 3178 3245 3426 3719 3800 3810 3964 4100 4204 4497 4628 4677 4701 4717 5270 5287 5426 5529 5564 5602 5633 5649 5687 5698 5721 5791 6306 6404 6447 6481 6643 6683 6712 6809 6810 
#module 86 size: 11 bs: 0.356552
115 370 1784 2682 2702 3922 4525 4878 5778 6705 6920 
#module 87 size: 36 bs: 0.257176
160 267 495 567 593 691 804 880 898 1423 1607 2628 2968 3327 3356 3421 3500 3534 3620 3824 3846 3943 4184 4275 4351 4435 5025 5299 5345 5713 5938 5952 6495 6502 6703 6816 
#module 88 size: 44 bs: 0.564749
98 212 218 774 778 791 1149 1153 1156 1254 1408 1549 1562 1617 1775 2008 2025 2253 2383 2393 2415 2468 2499 2524 3272 3346 3408 3490 3553 3678 4683 4906 4930 5042 5354 5479 5612 5644 5674 5677 6317 6603 6626 6649 
#module 89 size: 37 bs: 0.475853
79 239 254 422 516 592 745 1047 1121 1308 1450 1526 1635 1837 1916 2224 2358 2634 3715 3758 3793 4682 4713 5185 5473 5495 5842 5873 5998 6041 6071 6095 6264 6268 6281 6440 6640 
#module 90 size: 73 bs: 0.818561
282 327 397 562 614 641 781 851 1038 1085 1103 1109 1148 1211 1272 1746 2044 2339 2460 2492 2542 2627 2824 2955 2982 3024 3120 3148 3196 3369 3537 3574 3613 3629 3747 3767 3818 3884 3892 3960 4126 4192 4230 4253 4413 4554 4627 4650 4706 4789 4804 5087 5117 5368 5373 5659 5671 5725 5741 5836 5932 5941 6038 6110 6149 6246 6263 6305 6372 6549 6698 6711 6812 
#module 91 size: 1 bs: 1
65 
#module 92 size: 1 bs: 1
2959 
#module 93 size: 1 bs: 1
97 
#module 94 size: 1 bs: 1
6314 
#module 95 size: 1 bs: 1
192 
#module 96 size: 1 bs: 1
2855 
#module 97 size: 1 bs: 1
377 
#module 98 size: 1 bs: 1
5415 
#module 99 size: 1 bs: 1
518 
#module 100 size: 1 bs: 1
3847 
#module 101 size: 1 bs: 1
982 
#module 102 size: 1 bs: 1
13 
#module 103 size: 1 bs: 1
1654 
#module 104 size: 1 bs: 1
1186 
#module 105 size: 1 bs: 1
1841 
#module 106 size: 1 bs: 1
3174 
#module 107 size: 1 bs: 1
1965 
#module 108 size: 1 bs: 1
541 
#module 109 size: 1 bs: 1
2173 
#module 110 size: 1 bs: 1
5153 
#module 111 size: 1 bs: 1
5954 
#module 112 size: 1 bs: 1
2545 
#module 113 size: 1 bs: 1
5068 
#module 114 size: 1 bs: 1
3523 
#module 115 size: 1 bs: 1
2308 
#module 116 size: 1 bs: 1
3679 
#module 117 size: 1 bs: 1
1218 
#module 118 size: 1 bs: 1
3786 
#module 119 size: 1 bs: 1
3783 
#module 120 size: 1 bs: 1
4151 
#module 121 size: 1 bs: 1
4436 
#module 122 size: 1 bs: 1
5660 
#module 123 size: 1 bs: 1
5142 
#module 124 size: 1 bs: 1
6247 
#module 125 size: 1 bs: 1
5781 
#module 126 size: 1 bs: 1
2992 
#module 127 size: 1 bs: 1
3605 
#module 128 size: 1 bs: 1
5912 
#module 129 size: 1 bs: 1
3906 
#module 130 size: 1 bs: 1
459 
#module 131 size: 1 bs: 1
1118 
#module 132 size: 1 bs: 1
463 
#module 133 size: 1 bs: 1
4437 
#module 134 size: 1 bs: 1
472 
#module 135 size: 1 bs: 1
3349 
#module 136 size: 1 bs: 1
5093 
#module 137 size: 1 bs: 1
1039 
#module 138 size: 1 bs: 1
2901 
#module 139 size: 1 bs: 1
1045 
#module 140 size: 1 bs: 1
1454 
#module 141 size: 1 bs: 1
1171 
#module 142 size: 1 bs: 1
6720 
#module 143 size: 1 bs: 1
1185 
#module 144 size: 1 bs: 1
1229 
#module 145 size: 1 bs: 1
1414 
#module 146 size: 1 bs: 1
1242 
#module 147 size: 1 bs: 1
6787 
#module 148 size: 1 bs: 1
1363 
#module 149 size: 1 bs: 1
4641 
#module 150 size: 1 bs: 1
1485 
#module 151 size: 1 bs: 1
2680 
#module 152 size: 1 bs: 1
6506 
#module 153 size: 1 bs: 1
1618 
#module 154 size: 1 bs: 1
6093 
#module 155 size: 1 bs: 1
1647 
#module 156 size: 1 bs: 1
4524 
#module 157 size: 1 bs: 1
2907 
#module 158 size: 1 bs: 1
2315 
#module 159 size: 1 bs: 1
3704 
#module 160 size: 1 bs: 1
5681 
#module 161 size: 1 bs: 1
2516 
#module 162 size: 1 bs: 1
3961 
#module 163 size: 1 bs: 1
2559 
#module 164 size: 1 bs: 1
2633 
#module 165 size: 1 bs: 1
2610 
#module 166 size: 1 bs: 1
5989 
#module 167 size: 1 bs: 1
4194 
#module 168 size: 1 bs: 1
2743 
#module 169 size: 1 bs: 1
3623 
#module 170 size: 1 bs: 1
5008 
#module 171 size: 1 bs: 1
3136 
#module 172 size: 1 bs: 1
6837 
#module 173 size: 1 bs: 1
3451 
#module 174 size: 1 bs: 1
5841 
#module 175 size: 1 bs: 1
3770 
#module 176 size: 1 bs: 1
6324 
#module 177 size: 1 bs: 1
3883 
#module 178 size: 1 bs: 1
5151 
#module 179 size: 1 bs: 1
4453 
#module 180 size: 1 bs: 1
6913 
#module 181 size: 1 bs: 1
5618 
#module 182 size: 1 bs: 1
5794 
#module 183 size: 1 bs: 1
6452 
#module 184 size: 1 bs: 1
6593 
