#module 0 size: 10 bs: 0.00197956
33 57 106 206 252 329 333 644 675 971 
#module 1 size: 6 bs: 4.44089e-16
79 299 392 642 665 1013 
#module 2 size: 15 bs: 0.0516292
59 133 159 187 253 417 629 656 736 788 805 825 833 889 1323 
#module 3 size: 6 bs: 0.000406419
165 219 367 381 442 801 
#module 4 size: 5 bs: 5.55112e-16
157 459 549 763 1366 
#module 5 size: 7 bs: 5.03021e-11
354 356 774 850 863 902 937 
#module 6 size: 14 bs: 5.81759e-07
58 119 293 332 370 454 470 532 541 559 615 752 823 905 
#module 7 size: 10 bs: 0.697057
22 23 24 170 371 378 535 895 896 1033 
#module 8 size: 4 bs: 0.365912
256 568 869 1209 
#module 9 size: 9 bs: 0.389935
90 240 243 325 411 491 721 856 881 
#module 10 size: 15 bs: 0.747929
183 208 289 460 497 554 670 679 700 723 824 912 957 977 1025 
#module 11 size: 7 bs: 0.236317
73 260 336 353 559 834 1043 
#module 12 size: 9 bs: 0.688738
276 305 428 446 612 860 890 952 1221 
#module 13 size: 42 bs: 0.106373
30 100 110 117 132 151 224 250 264 269 324 327 376 439 523 528 537 596 611 616 622 632 633 636 652 695 706 730 740 762 799 832 841 910 914 949 1164 1177 1272 1273 1282 1298 
#module 14 size: 12 bs: 0.132984
232 261 309 371 564 664 852 904 976 1006 1017 1246 
#module 15 size: 7 bs: 0.446968
57 131 685 784 884 988 1078 
#module 16 size: 9 bs: 1.01113
416 605 707 768 809 871 970 1071 1356 
#module 17 size: 9 bs: 0.904374
167 249 282 421 587 588 630 712 975 
#module 18 size: 6 bs: 0.946006
181 220 277 556 938 978 
#module 19 size: 16 bs: 0.231152
79 95 145 314 341 360 386 421 427 453 458 552 574 648 693 795 
#module 20 size: 8 bs: 0.400462
3 32 120 126 278 310 742 857 
#module 21 size: 22 bs: 0.334106
49 64 187 303 362 445 449 521 525 543 573 595 613 770 885 967 968 974 1000 1008 1030 1093 
#module 22 size: 21 bs: 0.245422
60 82 244 405 414 475 659 720 833 858 899 950 965 996 1015 1018 1019 1053 1170 1295 1296 
#module 23 size: 12 bs: 0.972636
71 79 94 188 200 483 722 727 731 916 1258 1326 
#module 24 size: 14 bs: 0.309223
116 272 273 426 476 559 575 615 790 803 804 985 1228 1284 
#module 25 size: 13 bs: 0.341301
18 154 201 257 375 456 590 660 691 868 915 931 1058 
#module 26 size: 23 bs: 0.659756
13 102 128 195 211 296 425 435 544 624 637 751 776 783 787 827 866 881 908 1010 1028 1149 1283 
#module 27 size: 23 bs: 0.834
36 76 109 164 212 297 328 451 467 566 578 631 682 688 699 702 745 759 808 810 880 951 1016 
#module 28 size: 65 bs: 0.746339
6 12 35 70 87 101 118 127 139 143 160 192 194 198 207 210 214 233 246 287 292 312 318 319 322 343 349 394 407 419 440 448 452 536 538 539 540 551 553 557 567 577 583 591 594 617 657 668 678 694 714 716 717 735 743 750 773 821 872 1031 1240 1274 1294 1315 1333 
#module 29 size: 11 bs: 0.837692
52 66 112 221 231 267 561 627 672 842 1196 
#module 30 size: 11 bs: 1.0413
91 300 348 624 764 783 794 830 859 893 1283 
#module 31 size: 10 bs: 0.10917
107 235 304 375 408 461 589 728 733 966 
#module 32 size: 52 bs: 0.11845
16 26 63 99 136 158 202 238 270 296 320 342 350 355 387 397 432 433 454 463 522 546 548 563 572 606 608 645 650 654 686 690 705 726 729 758 774 792 815 836 839 886 898 960 987 1023 1026 1029 1218 1267 1355 1363 
#module 33 size: 22 bs: 0.927535
20 38 97 122 138 190 205 346 398 402 463 527 529 593 634 746 791 800 829 900 1022 1023 
#module 34 size: 11 bs: 0.793534
251 366 526 614 667 684 724 844 907 972 1009 
#module 35 size: 22 bs: 0.159963
17 81 135 152 213 228 271 275 325 345 382 576 597 610 748 749 894 963 1001 1132 1190 1318 
#module 36 size: 27 bs: 0.422042
31 80 150 170 203 223 326 347 410 437 447 505 524 564 592 604 607 654 756 771 897 921 936 1132 1136 1222 1352 
#module 37 size: 14 bs: 0.310697
2 54 61 105 156 350 365 396 424 466 582 641 806 909 
#module 38 size: 24 bs: 0.401099
15 25 28 98 129 140 179 214 291 316 319 361 380 452 465 553 569 713 732 734 817 820 833 876 
#module 39 size: 11 bs: 0.642727
144 169 377 436 586 637 741 829 920 934 962 
#module 40 size: 15 bs: 0.134892
35 123 292 330 448 533 605 658 663 683 801 875 955 1115 1325 
#module 41 size: 16 bs: 0.327624
274 286 373 472 531 585 789 822 855 862 870 903 917 928 997 1293 
#module 42 size: 13 bs: 1.0992
225 241 262 351 357 391 571 600 603 697 814 994 1285 
#module 43 size: 12 bs: 0.987171
176 334 385 409 457 470 581 816 837 878 881 1048 
#module 44 size: 18 bs: 0.516066
68 69 182 213 216 254 558 737 761 769 881 892 980 1007 1021 1086 1349 1354 
#module 45 size: 4 bs: 0.179811
78 395 655 701 
#module 46 size: 13 bs: 1.01446
68 108 125 153 227 258 285 295 512 755 939 954 1276 
#module 47 size: 14 bs: 0.753588
37 121 146 191 339 471 575 639 666 692 703 831 948 1202 
#module 48 size: 29 bs: 0.807823
51 53 55 75 184 359 438 579 628 673 677 681 696 710 747 765 790 802 838 854 874 882 913 953 984 1041 1275 1321 1338 
#module 49 size: 18 bs: 0.595369
29 74 161 199 218 232 369 374 379 565 626 767 784 821 840 861 956 1353 
#module 50 size: 9 bs: 0.478742
180 302 581 651 676 687 744 911 919 
#module 51 size: 14 bs: 0.502217
99 103 130 168 177 229 236 279 307 434 774 796 958 1370 
#module 52 size: 14 bs: 0.64997
268 388 401 403 406 441 464 662 760 804 857 969 979 1339 
#module 53 size: 10 bs: 0.72879
185 258 280 372 400 711 818 819 828 1120 
#module 54 size: 31 bs: 0.450407
19 34 64 67 92 111 114 217 245 294 298 338 389 399 443 455 475 530 599 647 653 772 786 812 851 853 933 998 1092 1264 1276 
#module 55 size: 15 bs: 0.868387
113 147 413 455 462 545 560 562 635 671 849 864 901 1011 1020 
#module 56 size: 26 bs: 0.609442
27 72 105 115 125 134 197 226 242 248 329 337 352 534 582 637 704 706 753 798 930 932 1012 1121 1224 1253 
#module 57 size: 13 bs: 0.933545
1 5 50 238 306 422 434 520 646 689 718 729 1271 
#module 58 size: 10 bs: 0.420068
33 149 189 196 222 609 618 630 1099 1372 
#module 59 size: 18 bs: 0.105147
255 279 287 315 364 368 372 431 532 621 643 649 674 722 739 877 906 1373 
#module 60 size: 30 bs: 0.990707
56 62 158 163 259 288 308 317 337 358 363 390 404 420 430 454 468 470 490 550 598 620 623 715 738 757 775 784 888 1362 
#module 61 size: 13 bs: 0.185986
2 86 89 283 284 313 350 424 473 766 806 873 1302 
#module 62 size: 21 bs: 0.739737
48 142 205 299 301 383 393 474 522 580 587 709 719 768 797 804 871 935 999 1014 1354 
#module 63 size: 33 bs: 0.687764
65 77 88 124 137 141 230 234 290 321 331 335 344 450 555 587 601 619 630 640 708 725 794 811 824 867 891 947 1112 1150 1183 1277 1377 
