#module 0 size: 8 bs: 0.0108129
2721 2811 4527 6752 7002 8414 9053 12516 
#module 1 size: 4 bs: 0.000176223
525 2333 5380 9523 
#module 2 size: 4 bs: 0.345979
3035 3067 8723 9186 
#module 3 size: 4 bs: 0.148045
4721 6785 7464 9906 
#module 4 size: 11 bs: 0.631572
1016 3701 4871 5015 6364 6608 6861 7190 9182 9184 11337 
#module 5 size: 10 bs: 0.179655
76 1276 3311 5091 6253 6874 6984 8090 8573 8740 
#module 6 size: 6 bs: 1.09182
1898 2466 4460 5011 6258 10807 
#module 7 size: 8 bs: 0.170679
2602 5224 5491 5551 8036 8326 8591 11418 
#module 8 size: 6 bs: 0.552338
267 2797 4689 5344 11255 11643 
#module 9 size: 4 bs: 0.712942
1345 1847 4650 6055 
#module 10 size: 10 bs: 0.640749
918 4415 4725 6525 6560 7616 8595 9385 10195 10422 
#module 11 size: 4 bs: 0.542651
90 2785 3792 9751 
#module 12 size: 5 bs: 0.155041
2677 5576 7493 8732 9531 
#module 13 size: 10 bs: 0.251525
2 800 2330 5501 5650 6502 8117 9669 10257 12949 
#module 14 size: 5 bs: 0.243068
1955 2484 4302 5518 8873 
#module 15 size: 8 bs: 0.29665
2062 5041 5770 5956 6690 6981 11532 12762 
#module 16 size: 8 bs: 0.341378
1187 1299 4677 6021 8043 9115 9857 10928 
#module 17 size: 7 bs: 0.117014
4908 5061 5539 7444 8480 9418 10691 
#module 18 size: 30 bs: 0.872565
15 191 471 508 940 1162 1344 2009 2038 2555 3435 3500 3641 3774 3788 3797 4191 4402 5522 5574 6268 7310 7860 8953 9051 9482 10662 10906 11079 12595 
#module 19 size: 5 bs: 0.992417
1553 3929 6288 8104 11134 
#module 20 size: 22 bs: 0.556772
865 1912 2060 2438 2523 3575 4223 5013 5025 5489 5632 6145 6162 6297 6300 7144 7565 7760 7889 9354 9453 10663 
#module 21 size: 212 bs: 0.91454
8 22 98 278 333 507 561 573 596 606 869 888 983 1027 1045 1127 1161 1165 1240 1298 1308 1354 1377 1425 1499 1523 1544 1603 1638 1640 1695 1699 1710 1713 1795 1893 2001 2037 2065 2071 2143 2192 2195 2254 2277 2400 2426 2470 2500 2521 2639 2788 2855 2862 2959 3078 3102 3258 3308 3309 3417 3444 3479 3511 3521 3529 3595 3674 3677 3753 3758 3781 3791 3798 3826 3884 4014 4019 4025 4076 4091 4095 4142 4200 4228 4249 4282 4385 4412 4483 4521 4528 4579 4631 4683 4685 4698 4784 4927 4970 4985 5052 5123 5156 5279 5308 5460 5495 5499 5695 5853 6025 6039 6236 6264 6306 6311 6325 6382 6562 6609 6614 6956 6965 6982 6985 7009 7127 7166 7212 7300 7318 7321 7325 7377 7395 7413 7480 7483 7532 7535 7559 7568 7675 7773 7900 7920 7950 8114 8196 8242 8265 8280 8541 8596 8737 8785 8788 8819 8835 8950 8974 8985 9080 9152 9251 9256 9382 9639 9711 9720 9757 9838 9852 9948 9960 9963 9994 10002 10003 10014 10135 10156 10222 10226 10348 10393 10414 10447 10473 10556 10576 10635 10645 10659 10668 10677 10771 10808 10866 10947 10950 11011 11015 11024 11032 11146 11169 11266 11366 11482 11483 
#module 22 size: 9 bs: 0.119622
2255 2803 3286 4093 5986 6290 6573 11273 12881 
#module 23 size: 4 bs: 1.03254
1392 3514 5452 6587 
#module 24 size: 6 bs: 0.599496
6116 7148 8895 9064 9886 10991 
#module 25 size: 39 bs: 0.371042
759 829 896 967 1357 1902 2042 2109 2162 2322 2362 2472 2490 2597 3050 3124 3169 3334 3727 3896 4080 4590 4711 4964 6244 6815 7459 7593 7613 7853 8009 8215 9202 9326 9334 9372 10233 10718 11120 
#module 26 size: 33 bs: 0.531453
384 563 922 1592 2366 2460 2875 2878 2974 3620 3677 3697 3734 3761 3896 4724 4831 5493 5595 5828 6448 6890 6945 7062 8209 8248 8507 8731 8824 9394 9989 10020 10406 
#module 27 size: 71 bs: 0.983997
584 603 934 1235 1365 1482 1534 1576 1770 2273 2422 2506 2736 2756 2845 3070 3220 3370 3372 3680 3834 3915 4216 4279 4290 4356 4660 4804 5152 5741 6076 6274 6323 6363 6461 6513 6551 6854 6928 7004 7257 7389 7570 7619 7909 8012 8247 8530 8624 8645 8703 8755 8814 8818 9042 9089 9094 9222 9536 9832 9870 9878 9883 10164 10255 10492 10510 10531 10952 11143 11436 
#module 28 size: 138 bs: 0.220802
19 228 353 496 581 644 676 871 884 893 1144 1153 1217 1360 1444 1454 1457 1502 1689 1702 1989 2109 2131 2196 2236 2322 2375 2379 2458 2472 2488 2528 2542 2595 2597 2625 2632 2668 2793 2991 3016 3233 3345 3354 3400 3412 3556 3561 3633 3662 3727 3768 3840 3853 3896 3905 3936 3946 4051 4080 4089 4219 4362 4468 4629 4672 4731 4876 4952 4964 5018 5128 5302 5405 5622 5871 5878 5881 5882 6121 6137 6234 6463 6469 6680 6747 6810 7182 7207 7345 7408 7455 7458 7459 7463 7486 7568 7624 7831 7853 7904 8055 8132 8367 8438 8471 8500 8524 8661 9015 9080 9112 9178 9202 9206 9222 9224 9300 9449 9546 9579 9682 9914 10121 10425 10427 10480 10613 10718 10808 10882 11088 11191 11259 11419 12505 12654 12756 
#module 29 size: 16 bs: 0.978314
1159 1645 2033 2511 4972 5177 5754 6083 6590 7472 8197 9404 10000 11503 11509 12790 
#module 30 size: 201 bs: 1.06672
64 619 704 763 791 833 835 858 877 913 964 1104 1179 1324 1349 1356 1382 1399 1401 1439 1455 1513 1532 1543 1567 1598 1626 1693 1703 1749 1767 1778 1786 1835 1872 1910 1919 1969 2006 2082 2085 2096 2121 2134 2183 2245 2306 2320 2360 2385 2396 2412 2445 2449 2609 2621 2669 2704 2764 2769 2821 2898 2998 3105 3195 3196 3325 3350 3414 3459 3604 3606 3645 3740 3748 3994 4003 4039 4052 4217 4267 4389 4401 4473 4581 4592 4655 4744 4751 4757 4781 4875 4958 4982 4988 5013 5053 5056 5060 5146 5202 5209 5263 5342 5400 5467 5544 5552 5746 5793 5817 5822 5827 5829 5836 6045 6066 6101 6215 6261 6334 6347 6358 6465 6491 6532 6555 6823 6848 6873 6906 6919 6949 6962 6967 6968 7099 7130 7242 7332 7382 7425 7427 7445 7525 7625 7749 7750 7759 7834 7846 7849 8080 8186 8245 8305 8318 8351 8376 8391 8409 8458 8537 8743 8774 8791 8822 8909 8947 9074 9161 9211 9331 9340 9343 9374 9390 9491 9680 9825 9961 9976 9982 9998 10126 10218 10276 10304 10306 10317 10327 10576 10647 10707 10845 11096 11141 11183 11188 11481 12995 
#module 31 size: 309 bs: 0.551215
34 47 206 273 291 487 542 599 602 603 604 605 616 622 772 814 840 958 959 1004 1008 1110 1122 1129 1157 1200 1234 1258 1266 1317 1351 1372 1453 1529 1537 1568 1579 1605 1664 1692 1774 1783 1823 1875 1879 1928 1984 1990 2040 2111 2127 2132 2147 2181 2219 2258 2268 2471 2494 2562 2572 2618 2623 2765 2768 2808 2816 2842 2848 2879 2906 2908 2938 2965 2992 3004 3070 3096 3107 3114 3149 3179 3184 3191 3237 3329 3351 3402 3468 3510 3519 3539 3549 3551 3560 3588 3632 3676 3742 3750 3803 3850 3863 3913 3966 4017 4022 4094 4125 4184 4209 4311 4386 4387 4481 4511 4562 4628 4667 4722 4737 4762 4804 4812 4931 4933 4983 5027 5039 5042 5063 5092 5151 5171 5252 5307 5411 5414 5505 5523 5527 5528 5546 5570 5597 5620 5649 5666 5681 5722 5741 5756 5767 5796 5803 5842 5851 5925 5934 5962 5999 6006 6031 6038 6057 6077 6135 6289 6293 6308 6323 6376 6403 6513 6556 6565 6580 6651 6662 6670 6708 6749 6762 6806 6840 6882 6928 6934 6948 7142 7187 7188 7193 7223 7249 7253 7256 7284 7291 7305 7361 7403 7419 7432 7448 7458 7497 7550 7587 7658 7669 7735 7743 7847 7910 8019 8026 8050 8129 8158 8166 8170 8183 8191 8196 8279 8338 8352 8362 8392 8416 8502 8510 8521 8580 8624 8625 8645 8659 8670 8709 8744 8783 8953 8971 9034 9037 9038 9076 9199 9245 9257 9275 9329 9339 9355 9373 9510 9548 9589 9596 9637 9655 9670 9680 9683 9728 9771 9801 9840 9870 9883 9888 9891 9926 9945 9949 9956 9976 10026 10028 10072 10228 10255 10471 10472 10492 10738 10754 10869 10907 11019 11070 11147 11180 11212 11216 11254 11441 11446 11509 12511 12577 12588 12618 12660 12715 12903 13004 
#module 32 size: 4 bs: 0.424715
3044 4325 4556 6721 
#module 33 size: 20 bs: 0.6171
1180 2390 2452 2545 5375 5841 6309 6782 6895 7025 7125 7135 7687 8100 8639 9036 9165 9897 11025 12966 
#module 34 size: 82 bs: 0.944344
62 461 615 649 651 715 720 1263 1546 1881 1986 2023 2117 2163 2295 2455 2591 2644 2988 3103 3165 3221 3314 3356 3699 3960 4105 4197 4313 4321 4431 4693 4847 4852 4853 5285 5437 5776 5961 5987 6118 6330 6551 6554 6567 6594 6714 6762 7206 7416 7776 7870 7964 7987 8038 8057 8115 8283 8551 8635 8778 9009 9176 9210 9214 9378 9594 9701 9869 9927 10273 10352 10367 10406 10495 10572 10815 11144 11175 11588 12039 12527 
#module 35 size: 45 bs: 0.37063
65 580 593 594 707 867 976 1079 2166 2376 2420 2610 2667 3426 3939 4203 4366 4861 4887 5289 5736 5994 6628 7154 7308 7400 7409 7751 7955 8098 8107 8302 8571 9075 9116 9277 9410 9821 10199 10496 10581 10689 10834 10927 11782 
#module 36 size: 30 bs: 0.80716
866 1494 1592 1735 1973 2419 2927 2974 3546 3677 4198 4423 4724 4860 5525 5595 6448 7778 8422 9045 9120 9394 9583 9661 9664 9989 10011 10253 10583 11018 
#module 37 size: 35 bs: 0.470115
257 258 1349 1432 1557 1687 2151 2609 2753 2871 2883 3518 3571 3589 3652 4085 5071 5712 5755 5903 6160 7097 8429 8528 8803 9330 9480 10018 10050 11008 11232 11380 11429 11540 11703 
#module 38 size: 20 bs: 0.83547
64 524 964 1348 1369 1417 1480 1580 3161 3195 3645 3653 4034 4244 4468 8910 9178 10062 10437 11091 
#module 39 size: 35 bs: 0.829884
166 257 460 1134 1385 1747 1888 1919 1987 2479 3111 3547 3992 4370 5367 5909 6286 6339 6664 6817 6831 6983 7038 7155 7287 7563 7629 7827 7932 8148 8508 8743 9663 9933 10047 
#module 40 size: 27 bs: 0.915169
974 1311 1358 1373 1393 1422 1510 1606 1858 2070 2615 2767 3122 3516 3790 4002 4085 4580 5670 6333 6458 8224 8956 10111 10299 10810 11117 
#module 41 size: 23 bs: 0.206971
225 645 805 1075 2247 2331 2365 2379 2418 2991 3896 4647 4805 4824 4847 5213 5653 6228 6270 7461 8351 11208 12514 
#module 42 size: 46 bs: 0.450713
764 836 972 1087 1278 1517 1545 1564 1639 1862 1992 2264 2299 2616 2967 3566 3716 3819 4353 4380 4486 4519 4735 4760 4989 5045 5292 5647 5689 5694 5820 6065 6131 6451 6986 7299 7306 7356 7597 8014 8332 9363 9653 9973 10267 10684 
#module 43 size: 28 bs: 0.446253
640 678 1866 1977 2009 2555 2753 3765 3797 4189 5473 5660 6283 6607 6660 6845 6870 7179 7238 7270 7817 8259 8298 9174 9366 10045 10662 10909 
#module 44 size: 17 bs: 0.906843
59 1935 2357 2453 2548 2776 2813 2914 3767 4330 4687 4888 4916 9254 9989 11111 12653 
#module 45 size: 39 bs: 0.881895
492 1049 1648 2433 2852 2998 3106 3206 3255 3570 3683 3719 3864 3941 4291 4544 5116 5271 5283 5893 6301 6386 6843 7288 7373 7519 7790 7985 8605 9183 9292 9294 9528 9831 10055 10279 10399 11133 11405 
#module 46 size: 55 bs: 0.439404
17 242 808 924 1008 1287 1622 1739 1896 2050 2246 2661 2695 2761 2837 2860 3660 3664 3890 4230 4577 4760 4870 4915 5208 5758 5895 5916 6091 6177 6312 6336 6428 6513 7003 7605 7742 8001 8217 8744 8767 8887 8971 9034 9074 9463 9627 10161 10259 10644 10683 10881 11140 11441 11962 
#module 47 size: 27 bs: 0.981213
25 684 1005 1053 2220 2441 2649 2841 2970 4143 4384 4563 5001 5319 5330 5884 6441 6736 7306 8332 8410 9330 9587 9895 9901 10705 11491 
#module 48 size: 49 bs: 0.215976
492 526 649 650 651 995 1092 1546 1752 2187 2238 2694 3343 3574 4354 4937 5400 5892 6004 6090 6141 6181 6354 6421 6475 6588 6743 6757 6788 6915 6954 6970 7026 7143 8021 8033 8233 8235 8537 8815 8856 9177 9211 9625 10218 10298 10544 10916 11990 
#module 49 size: 16 bs: 0.543246
672 806 1556 1572 1800 2155 2980 3180 3509 3996 5928 6266 7688 8156 9475 9630 
#module 50 size: 14 bs: 0.39363
1132 1724 2173 2332 2917 3033 3973 4475 4652 5326 5496 6929 8717 8821 
#module 51 size: 36 bs: 0.399678
226 554 879 960 1209 1497 1797 2157 2584 2764 2999 3251 3424 4365 4450 5089 5133 5573 6248 6693 7151 7309 7673 7713 7856 7876 7992 8250 8938 9216 9346 9489 9508 9867 10886 11635 
#module 52 size: 45 bs: 0.656587
52 243 389 474 1057 1462 1477 2019 2301 2498 2904 3125 3200 3305 3363 3639 3665 3693 3795 3888 3957 4212 4550 4772 5020 5658 6157 6477 6886 6918 7007 7298 7554 7656 7668 8433 8675 9096 9108 9423 9675 10037 10532 10541 11027 
#module 53 size: 20 bs: 0.904472
709 1245 1528 1805 2315 2508 2588 3105 4006 4292 4445 5242 5458 5687 5732 6600 8059 8150 11413 12545 
#module 54 size: 62 bs: 0.283034
43 321 338 677 685 726 798 904 945 1001 1260 1277 1563 1817 2125 2351 2367 2387 2769 2784 2833 3189 3466 3531 3806 3859 3898 4126 4285 4467 4622 4905 5158 5185 5242 5429 5541 5587 5598 5850 5855 5943 6022 6067 6730 7086 7087 7328 7394 7508 7610 7656 7858 8039 8702 8791 10280 10466 10872 11155 11251 11711 
#module 55 size: 92 bs: 0.447422
378 494 843 875 950 1086 1362 1519 1773 1850 1857 2024 2029 2116 2134 2343 2375 2407 2421 2476 2560 2688 2923 3043 3279 3291 3440 3475 3497 3897 4011 4074 4159 4252 4279 4308 4525 4535 4586 4600 4637 4655 4894 4923 4958 4989 5196 5483 5529 5568 5633 5817 5906 6063 6261 6426 6508 6742 6898 6964 7202 7541 7571 7591 7733 7769 7882 7982 8141 8204 8206 8216 8275 8511 8610 8646 8759 8972 8993 9109 9226 9293 9313 9502 9992 10071 10246 10478 10785 10868 10985 11158 
#module 56 size: 7 bs: 0.499875
11 1320 5648 6146 7633 10254 10581 
#module 57 size: 37 bs: 0.795621
92 468 1048 1081 1482 2211 2446 2780 3010 3404 3708 4179 4479 5278 5358 5487 5728 5859 5870 6149 6572 7050 7088 7277 7509 8190 8478 8852 9193 9816 9878 9955 10037 10149 10413 10657 11006 
#module 58 size: 26 bs: 0.833411
1445 1465 1946 1996 2086 2838 3022 3073 3719 4301 4312 4342 4616 4634 5341 5462 5521 5737 5973 7526 7810 7826 8539 9750 10454 11109 
#module 59 size: 15 bs: 0.556556
822 961 2342 2573 2933 2969 3356 3886 5464 5965 6275 7412 7887 8836 8882 
#module 60 size: 28 bs: 0.983775
1407 1493 1531 1678 1972 2212 2577 2578 2897 2994 3192 3222 3696 4707 5116 5575 5824 5951 6089 6114 7340 7441 7661 8671 8920 9215 10362 10699 
#module 61 size: 39 bs: 0.23355
75 527 1091 1191 1406 1897 2055 2177 2250 2297 2515 2520 2635 3289 3310 3379 3410 3473 3482 3587 4090 4170 4729 5113 5348 5484 5813 6523 6649 6957 7069 7963 8135 8225 8980 9145 9315 9905 10024 
#module 62 size: 277 bs: 0.259854
47 273 381 484 542 599 602 605 721 772 814 837 840 935 959 966 990 1047 1082 1122 1206 1223 1234 1266 1305 1317 1325 1351 1399 1400 1420 1428 1434 1440 1453 1520 1529 1537 1560 1568 1605 1623 1631 1658 1783 1812 1879 2028 2036 2048 2127 2147 2174 2188 2219 2268 2448 2467 2471 2480 2660 2706 2768 2795 2839 2859 2901 2906 2936 2938 2992 3070 3096 3107 3141 3149 3184 3259 3329 3402 3448 3456 3468 3516 3519 3539 3549 3565 3572 3676 3722 3735 3737 3750 3803 3850 3926 3966 4017 4067 4068 4094 4127 4168 4190 4201 4253 4270 4311 4368 4386 4421 4511 4562 4571 4812 4933 5003 5037 5039 5063 5169 5171 5181 5323 5371 5395 5414 5504 5523 5527 5546 5590 5596 5597 5620 5649 5666 5681 5722 5741 5767 5800 5851 5858 5908 5925 5934 5962 5987 5992 6006 6014 6038 6061 6064 6101 6293 6308 6433 6472 6518 6531 6533 6580 6635 6648 6662 6670 6697 6708 6719 6840 6855 6910 6950 7165 7173 7223 7253 7256 7258 7291 7305 7361 7419 7432 7457 7497 7505 7535 7553 7587 7649 7669 7672 7743 7762 7771 7823 7835 7847 7993 8010 8047 8069 8089 8095 8101 8123 8158 8164 8182 8196 8239 8263 8289 8316 8362 8392 8502 8521 8619 8670 8709 8775 8783 8886 8916 9055 9076 9245 9270 9275 9303 9329 9373 9459 9510 9526 9544 9548 9589 9596 9610 9670 9801 9858 9891 9945 9949 9956 9976 10028 10032 10051 10057 10138 10158 10167 10181 10224 10255 10295 10324 10345 10492 10711 10738 10772 10824 10883 11125 11147 11264 11446 11885 
#module 63 size: 36 bs: 0.492021
834 997 1137 1352 1554 1732 1824 1909 2167 2197 2771 3162 3353 3993 4071 4156 4733 4745 4891 4944 5288 5595 5976 6109 6134 6517 7054 7067 7167 7914 8674 8714 9175 9255 10517 10734 
#module 64 size: 47 bs: 0.269948
20 172 1115 1254 1280 1294 1353 1405 1411 1842 2339 2493 2703 3143 3187 3398 3461 3567 3624 3876 4061 4575 4665 4809 5035 5161 5255 5420 5677 5865 5923 6109 6143 6440 7728 7893 8008 8443 8683 8988 9540 9654 10000 10091 10293 10612 11788 
#module 65 size: 145 bs: 0.742502
84 558 717 758 924 1006 1062 1235 1241 1272 1365 1479 1481 1482 1547 1595 1707 1753 1767 1770 1830 1860 2057 2069 2121 2152 2177 2232 2288 2313 2348 2352 2428 2434 2538 2600 2630 2698 2727 2756 2913 2950 2956 2971 3047 3061 3135 3181 3301 3386 3441 3486 3501 3590 3606 3612 3637 3680 3686 3693 3698 3723 3831 3894 3973 3996 4007 4051 4129 4208 4401 4639 4670 4726 4859 4970 4991 4996 5105 5140 5251 5295 5514 5670 5707 5801 5890 6044 6050 6347 6391 6461 6491 6504 6641 6657 6678 6748 6756 6757 6783 6847 6850 6900 7275 7289 7332 7634 7859 7971 8131 8142 8172 8224 8254 8320 8470 8682 8818 8826 8838 8924 8986 9009 9072 9330 9360 9363 9509 9660 9708 10075 10082 10167 10401 10415 10419 10525 10806 10936 11001 11143 11146 11222 11251 
#module 66 size: 22 bs: 0.116259
546 1329 1807 2384 2659 3038 3088 3222 3875 3918 4734 5173 5389 6807 7213 7598 8199 8779 8864 10210 10623 10830 
#module 67 size: 6 bs: 0.543386
1701 2269 5446 7851 10917 11213 
#module 68 size: 8 bs: 0.647077
2952 3262 6974 7700 7787 8806 9197 12689 
#module 69 size: 12 bs: 1.03248
1594 2863 3416 4102 4318 5833 7316 7686 8335 10792 10822 11069 
#module 70 size: 54 bs: 0.790949
57 601 816 867 1124 1185 1197 1318 1903 2056 2175 2619 2674 2924 3118 3130 3205 3268 3486 3661 3684 4075 4141 4194 4584 4704 4912 5368 5402 5418 5444 5673 5748 5900 5989 6070 6549 6717 7171 7626 7840 8124 8323 8599 9460 9595 10151 10240 10608 10695 11372 11393 11551 12594 
#module 71 size: 7 bs: 1.0345
4192 4396 6095 6190 8121 9150 9539 
#module 72 size: 37 bs: 1.01411
213 498 1269 1429 1573 1637 1849 1979 2266 2716 2801 2822 2976 2983 3616 3622 3787 3869 4567 5130 5558 5827 5996 6155 6925 7220 7577 7814 7997 8526 8621 8812 9002 9047 9442 10203 10844 
#module 73 size: 24 bs: 0.465251
1034 1548 1916 2293 2456 3055 3172 3210 3499 4278 4280 4507 4766 5087 5939 6202 6240 7352 7722 7746 8343 11525 11584 12626 
#module 74 size: 7 bs: 0.120667
1046 3506 4154 8733 9624 10388 11473 
#module 75 size: 19 bs: 0.910874
276 2853 2885 2934 2939 4349 5311 5607 5678 6399 7077 7113 7506 8385 8589 9551 10234 10242 11124 
#module 76 size: 38 bs: 0.928427
541 1052 1054 1319 1409 2345 2432 2821 2864 3135 3465 3784 4098 4457 4880 5441 6102 6163 6215 7466 7504 8006 8013 8277 8440 8519 8673 8893 9052 9892 10115 10314 10333 10415 10784 10965 11171 11703 
#module 77 size: 45 bs: 0.494893
723 968 1097 1302 1446 1570 1649 1784 2072 2210 2215 2223 2316 2818 2968 3115 3238 3630 3854 3862 4596 4612 4823 5403 5854 5955 6003 6218 6229 6398 6506 6975 7211 7601 7698 7843 7942 8387 8712 8888 9029 9694 9855 9871 11098 
#module 78 size: 41 bs: 0.853901
48 236 463 608 1107 1158 2271 2388 3073 3536 3999 4138 4268 4464 4555 4616 4778 4825 4848 5450 6098 6342 6675 6676 7246 7248 7297 7362 7411 7810 8042 8368 9436 9458 9775 9788 10039 10519 10546 11109 12854 
#module 79 size: 61 bs: 0.600212
27 681 718 1005 1212 1284 1361 1621 1762 1838 1970 2063 2340 2445 2530 2664 2681 2726 2852 2882 3058 3174 3275 3395 3796 4088 4310 4471 4508 5079 5182 5404 5469 5474 5531 5792 5807 5832 6441 7267 7819 8315 8378 8391 8459 8486 8527 8550 8692 9020 9305 9374 9467 9500 9773 10190 10455 10878 10987 11073 11085 
#module 80 size: 95 bs: 0.617087
543 1332 1668 1682 1856 2189 2200 2411 2494 2512 2513 2618 2814 2919 3174 3186 3496 3544 3580 3712 3775 3785 3852 3863 4088 4097 4241 4335 4404 4522 4524 4536 4552 4554 5046 5060 5097 5221 5229 5307 5309 5336 5346 5600 5842 5901 6031 6133 6289 6359 6489 6505 6536 6795 6809 6841 6908 7058 7188 7218 7235 7337 7403 7502 7503 7617 7660 7783 7910 7935 8017 8050 8187 8338 8581 8893 9133 9167 9416 9586 9649 9771 9798 9801 9941 10130 10134 10143 10554 10933 11019 11182 12559 12577 12588 
#module 81 size: 20 bs: 0.945648
725 2451 2533 2827 3045 3137 4817 5186 5356 5640 6835 6880 7170 7821 8054 8071 9465 10390 10549 10861 
#module 82 size: 53 bs: 0.75523
1125 1412 1859 3032 3217 3342 3369 3430 3577 3711 4026 4794 4796 4939 5149 5265 5315 5465 5662 5808 7090 7374 7524 7650 7702 7717 7816 8192 8237 8436 8474 8532 8741 8756 8977 9086 9147 9285 9441 9570 9799 10236 10332 10620 10667 10852 10873 11497 11714 12216 12582 12586 12725 
#module 83 size: 13 bs: 0.670117
874 1680 2119 3594 4790 5340 5566 5672 6524 6853 6901 7555 8003 
#module 84 size: 11 bs: 0.969028
1123 2734 3533 3747 3968 6711 7029 7048 9499 10922 11128 
#module 85 size: 11 bs: 0.540537
29 3766 3971 4504 4656 6086 6282 7138 8287 10118 10631 
#module 86 size: 20 bs: 0.94537
232 482 929 1003 1154 1613 1816 2135 2259 4049 4383 4546 4842 5226 5749 6479 6696 6995 8420 9405 
#module 87 size: 51 bs: 0.822109
72 388 400 653 1248 1426 1624 2415 2556 2877 3020 3193 3239 3647 3951 4489 4750 4928 4947 5124 5190 5306 5477 5644 6080 6081 6185 6317 6318 6402 6616 6777 7393 7973 8024 8167 8649 8693 9017 9028 9103 9138 9250 9253 9365 9490 9972 10601 12518 12679 12690 
#module 88 size: 74 bs: 0.647332
37 642 702 880 1196 1259 1397 1698 1743 1877 2015 2092 2124 2131 2133 2209 2296 2557 2636 2793 2850 2909 2987 3016 3024 3039 3094 3271 3294 3327 3352 3480 3629 4219 4668 4800 4942 4998 5106 5232 5246 5413 6207 6965 7271 7355 7357 7372 7485 7540 7654 7703 7995 8593 8860 8876 8966 9030 9146 9164 9289 9301 9804 9920 10064 10177 10383 10751 10882 11009 11139 12125 12741 12944 
#module 89 size: 24 bs: 0.642266
169 1000 1693 2244 2356 3824 4332 4351 4538 4613 5253 5412 5485 5626 5709 5891 6051 7263 7768 8160 9877 9915 10733 10939 
#module 90 size: 36 bs: 0.954948
885 1020 1141 1155 1791 1869 1903 2239 2409 2486 2558 2739 2848 3127 3201 4654 4938 5821 5844 6239 6331 7240 7359 7498 7795 8175 8229 8234 8303 8949 9506 9891 10205 10221 10264 11565 
#module 91 size: 44 bs: 0.906468
448 509 687 1340 1430 1706 1900 2894 3159 3173 3450 3640 4133 4195 4492 4549 4632 5019 5494 5811 5823 6682 6804 6992 7655 7711 7852 8276 8342 8565 8579 8878 8922 8969 9124 9139 9714 10571 10583 10693 10724 11239 11450 13055 
#module 92 size: 29 bs: 0.36332
405 794 979 1072 1174 1355 1757 1870 4050 4324 5487 5691 6868 6928 7060 7515 7580 8442 8467 8607 8794 9003 9486 9513 9912 10322 10379 10639 11217 
#module 93 size: 24 bs: 0.688163
331 475 1436 2400 2569 2711 2743 3142 4714 5482 5911 5975 6307 6332 6352 6596 6799 7098 8070 8087 8329 8929 9188 10172 
#module 94 size: 9 bs: 0.858584
532 2849 3092 5078 6206 7431 8857 10080 10157 
#module 95 size: 50 bs: 0.626114
49 583 830 900 1173 1711 1758 1961 2099 2134 2836 3227 3409 3459 3532 3675 3882 3956 3989 4079 4844 4911 5363 5390 5714 6159 6291 6449 7043 7131 7287 7670 7960 7970 8040 8270 8441 8883 8901 9006 9011 9322 9429 9434 9881 9991 10186 10230 10616 11383 
#module 96 size: 47 bs: 0.709361
237 353 634 803 1327 1689 1717 2066 2115 2131 2285 2488 2605 2625 2668 2788 2799 2911 3003 3133 3156 3224 4158 4271 4418 4477 4629 4816 5128 5397 5905 6121 6773 6789 6791 7011 7353 7477 7568 7657 7683 7916 8672 9143 9178 9364 9577 
#module 97 size: 40 bs: 0.221675
173 777 1322 1451 1549 1628 1863 1943 2053 2089 2097 2145 2270 2758 3126 3171 3469 3495 3812 3815 3922 3982 3995 4626 5024 5438 6667 6692 6786 6851 6981 7109 7482 7622 8063 8309 8441 8457 9868 10795 
#module 98 size: 39 bs: 0.800226
262 886 901 917 1073 1956 2693 2806 2912 2916 3257 3264 3462 3558 3646 3754 4597 5030 5102 5139 6203 6952 7168 7372 7990 9062 9376 9381 9516 9656 9986 10099 10211 10219 10404 10407 10783 10796 11695 
#module 99 size: 20 bs: 0.124857
1074 1212 1452 1836 2543 3293 3706 3782 3901 4053 4426 4547 5655 5734 8049 8435 8542 8697 10761 11085 
#module 100 size: 43 bs: 0.271418
40 194 222 294 1331 1486 1513 1651 1731 1786 2121 2360 2898 3037 3350 3748 4019 4035 4123 4401 4442 5263 5305 5778 6215 6368 6391 6630 6748 6754 6966 7040 7110 7115 7340 7350 7721 7846 8320 8626 9977 10358 10871 
#module 101 size: 68 bs: 0.399896
202 375 479 766 1037 1061 1167 1490 1625 1662 1801 1894 1929 1953 2090 2281 2585 2922 3049 3164 3285 3639 3733 3916 3961 3975 4117 4136 4211 4438 4448 4474 4638 4966 5261 5481 5609 5680 6075 6582 6722 6918 7237 7556 7824 7857 7977 8066 8370 8501 8675 8945 8965 8999 9021 9212 9353 9414 9440 9487 9646 9743 10185 10281 10723 10787 11130 11733 
#module 102 size: 35 bs: 0.12469
33 79 864 1310 1748 1931 2018 2105 2264 2317 2857 2946 3168 3260 5016 5121 5204 5325 5569 5902 6316 6366 6689 6942 7169 7287 7344 7968 8159 8743 9569 10201 10265 10292 11696 
#module 103 size: 39 bs: 0.411703
472 793 1193 1257 2519 2960 3057 3147 3253 3489 3614 3924 4107 4132 4599 5064 5430 5563 5619 5860 6082 6481 7128 7374 7926 8272 8518 8640 8688 8961 8989 9142 9399 9424 10153 10592 10613 11453 12945 
#module 104 size: 43 bs: 1.01457
229 909 1042 1136 1226 1233 1306 1615 1634 1635 1681 2286 2303 2394 2553 3071 3188 3391 3569 4121 4235 4333 4582 4742 5179 5231 5281 5459 5646 5664 6344 6798 6844 7029 7221 7365 7891 7907 9263 9893 10855 10935 10944 
#module 105 size: 76 bs: 0.387557
16 41 467 598 844 885 1114 1119 1155 1391 1471 1549 1593 1634 1666 1704 1720 2082 2103 2176 2374 2713 2973 3025 3298 3399 3470 3569 3582 3585 3764 3829 3995 4333 4531 5086 5139 5571 5593 5657 5714 5844 6404 6647 6805 6822 6876 6877 6938 6996 7001 7878 7940 8138 8299 8350 8399 8520 8564 8601 8738 8829 9079 9263 9265 9320 9444 9623 10050 10596 10706 10841 11017 11256 11456 12881 
#module 106 size: 27 bs: 0.599927
199 547 944 1129 1313 1647 1820 2779 3333 3385 4680 5303 5353 5392 5629 5657 6534 7149 7243 7422 7701 7779 8252 10114 10566 10727 11878 
#module 107 size: 50 bs: 0.186433
74 905 915 1224 1265 1850 2111 2304 2410 2495 2606 2694 2831 3065 3152 3634 3752 3799 4056 4072 4087 4350 4741 4786 5077 5372 5381 5565 6570 6746 7056 7134 7230 7236 7254 7315 7799 7991 8048 8094 8322 9966 9983 10056 10455 10558 10841 10955 12506 12571 
#module 108 size: 60 bs: 0.515947
613 619 1007 1014 1105 1316 1350 1435 1596 1789 1798 1850 1874 2088 2189 2208 2361 2564 2580 2872 3132 3199 3328 3331 3397 3602 3631 4177 4345 4470 4529 4565 4704 4917 5132 5180 5400 5659 5887 5898 7037 7051 7052 7293 7414 7656 8075 8346 9208 9221 9745 9916 10124 10316 10382 10386 10514 11004 11215 11372 
#module 109 size: 38 bs: 0.993437
593 782 1215 1485 1672 1709 2000 2120 2391 2671 3213 4070 4074 4357 4600 4702 5335 5343 5771 5815 6042 6381 6425 6493 6613 7209 7575 7781 7800 8058 8216 8301 9342 9821 9929 10193 10403 10948 
#module 110 size: 46 bs: 0.23294
1129 1726 1867 1974 2076 2297 2378 2567 2858 3316 3368 3394 3623 3800 4108 4118 4356 4413 4921 4925 5110 5188 5359 5927 5952 6002 6012 6034 6060 6250 6279 6329 6575 7283 7380 7744 7788 8085 8525 8545 8556 8771 10241 10689 10983 10997 
#module 111 size: 34 bs: 0.656641
1301 1402 1459 1616 1825 2017 3007 3478 3709 3816 4424 4621 4828 4910 5036 6046 6128 6341 6370 6707 6990 7302 7311 7770 7811 8140 8948 9091 9099 9924 10068 10654 10900 11480 
#module 112 size: 55 bs: 0.183719
207 255 778 1247 1296 1315 1491 1688 1915 2110 2359 2763 2777 3150 3432 3568 3650 3935 4166 4257 4299 4758 4764 5178 5187 6047 6186 6287 6593 6771 6827 7215 7226 7481 7491 7911 7938 8908 8986 9101 9234 9579 9814 9931 10319 10462 10626 10675 10851 10956 11263 11457 11566 12624 12700 
#module 113 size: 45 bs: 0.581851
293 459 775 965 1618 1677 1840 2290 2685 2928 2929 3021 3030 3212 3254 3273 3842 4534 4649 4855 4995 5012 5170 5613 5637 5726 6599 6857 7014 7115 7721 7808 7886 8125 8419 8602 8790 8845 8905 9534 10470 10618 10653 10712 10894 
#module 114 size: 55 bs: 0.645916
44 449 1011 1113 1231 1267 1394 1483 1492 1618 1716 1854 1985 2031 2224 2338 2537 2586 3054 3179 3287 3359 3384 3428 3704 3851 4373 4389 4692 4789 5396 5563 5789 5893 6029 6078 6154 6238 6492 6878 7188 7423 7523 7917 8465 8766 9344 9501 9692 9704 10354 10679 10778 11490 12549 
#module 115 size: 56 bs: 0.528844
971 980 1153 1217 1454 1498 1542 1887 1947 1997 2191 2267 2287 2528 2752 2802 2820 2926 3109 3494 3559 3561 3715 3879 4163 4731 4811 5463 5606 5656 5665 5671 5727 6019 6417 6887 7467 7468 7652 7659 7921 7988 8127 8130 8477 8522 8748 9228 9324 9914 10174 10235 10321 10859 11031 11581 
#module 116 size: 41 bs: 0.398847
811 895 1398 1441 1565 1649 1832 1886 2077 2164 2193 2437 2473 2664 2815 2851 2947 3280 3392 3507 3611 3854 3997 4462 4485 5637 5643 5652 5936 6663 6903 8029 8361 8447 8643 8663 9593 10617 10945 11153 11678 
#module 117 size: 48 bs: 0.332172
35 260 691 1058 1065 1414 1591 1705 1888 2013 2034 2041 2229 2309 2442 2696 3005 3104 3601 3802 4054 4082 4744 4795 4822 5043 5428 5746 6304 6438 6455 6620 6823 7045 7156 7641 7749 7834 8034 8642 8684 8912 9156 9268 9369 10112 10860 13010 
#module 118 size: 58 bs: 1.01675
1255 1271 1667 2184 2325 2368 2382 2566 2812 2861 2907 3001 3064 3095 3289 3366 3379 3513 3891 3986 4062 4122 4408 4446 4500 4520 4740 4889 5179 5302 5451 5997 6033 6509 6523 6723 6940 7322 7600 7642 7667 7828 7936 8441 8822 8838 9145 9312 9367 10058 10083 10131 10197 10272 10382 10661 10963 13043 
#module 119 size: 47 bs: 0.499387
839 1661 1663 1775 1829 1865 1913 2204 2302 2522 2535 2784 3062 3243 3400 3603 3770 3811 3872 4157 4205 4263 4390 4466 4564 4682 5097 5349 6305 6396 6530 6543 6639 6643 6819 7241 8272 8412 8434 8523 8541 8784 10007 10518 10522 10613 10801 
#module 120 size: 153 bs: 0.347538
1 31 200 505 614 618 826 932 943 944 954 1183 1303 1452 1540 1619 1636 1715 1729 1813 1878 2022 2083 2348 2440 2522 2531 2568 2611 2629 2652 2673 2790 2792 2832 2835 2870 2902 3056 3147 3158 3169 3204 3211 3234 3290 3378 3391 3403 3535 3655 3657 3724 3775 3838 3900 3995 3996 4124 4161 4296 4297 4379 4517 4639 4769 4814 4900 4901 4902 5193 5219 5243 5290 5481 5589 5610 5700 5733 5773 5826 5852 5866 5907 5914 6105 6106 6153 6273 6277 6310 6319 6362 6764 6833 7047 7103 7185 7255 7268 7392 7489 7584 7602 7615 7710 7832 7866 7881 8086 8114 8194 8242 8312 8401 8512 8529 8545 8629 8708 8713 8854 8934 9026 9069 9190 9304 9494 9784 9885 10035 10036 10116 10196 10341 10408 10543 10619 10659 10700 10703 10715 10816 10879 10943 10970 11126 11127 11223 11260 11411 11840 12158 
#module 121 size: 35 bs: 0.893558
188 1457 1895 2488 2823 2854 2921 3119 3266 3337 3636 3768 4175 4619 4792 5128 5153 5844 6125 6442 6623 6680 6691 6823 7382 8184 8678 8788 8890 10622 10747 10813 10832 10988 12507 
#module 122 size: 40 bs: 0.616565
1096 1558 1569 1739 1806 1882 1924 2443 2450 2824 2846 3042 3151 3247 3952 4833 5321 5537 5721 5873 5879 6257 6321 6375 6733 7079 7590 7682 7723 8053 8103 8552 8557 8828 10107 10308 10660 10678 11203 12958 
#module 123 size: 47 bs: 0.748125
303 564 729 781 863 1323 1395 1438 1937 2148 2321 2328 3338 3713 3833 3938 4443 4745 4934 5160 5545 5567 5761 6113 6158 6183 6636 6655 6715 6744 7225 7544 8023 8091 8372 9239 9359 9817 9845 9862 9944 10089 10465 10650 10981 11093 12605 
#module 124 size: 48 bs: 0.919456
819 920 949 1024 1093 1455 1921 2609 2762 3101 3581 3671 3988 4003 4207 4215 4487 4615 4716 4950 4951 5054 5998 6045 6147 7071 7285 7462 7662 7791 7879 7930 8364 8493 8734 9095 9128 9296 9515 9547 9550 10048 10405 10791 10858 10899 10931 11106 
#module 125 size: 17 bs: 0.133148
443 963 1772 1987 2218 2507 2712 3303 3381 3743 3793 5134 5162 5208 6255 9763 10070 
#module 126 size: 20 bs: 0.356964
1241 1321 2554 2707 3516 4172 4447 4583 5702 5791 6443 7075 8078 8987 9821 10403 10450 10716 10727 11388 
#module 127 size: 27 bs: 0.2706
56 244 714 1103 1696 2180 2235 2590 2687 2805 2828 3139 3702 4330 4746 5254 6419 6677 7636 7902 8530 8600 9555 9821 10209 10378 11152 
#module 128 size: 168 bs: 0.266212
51 73 227 329 333 469 496 629 630 631 676 765 818 833 983 1101 1152 1322 1352 1433 1545 1603 1644 1725 1777 1795 1892 1991 2001 2014 2106 2117 2149 2295 2346 2398 2478 2484 2497 2501 2609 2852 2892 3051 3078 3103 3129 3165 3207 3356 3408 3417 3479 3514 3560 3595 3627 3635 3731 3742 3796 3970 4153 4167 4197 4245 4321 4385 4602 4607 4620 4695 4712 4719 4808 4847 4858 4994 5052 5085 5099 5252 5285 5437 5578 5584 5594 5776 5932 5965 6032 6088 6210 6275 6507 6554 6644 6704 6780 6877 6899 6906 7042 7072 7265 7268 7273 7290 7300 7507 7596 7608 7778 7798 7899 8073 8118 8165 8260 8264 8284 8349 8369 8375 8425 8431 8551 8586 8686 8689 8950 9080 9149 9176 9231 9341 9378 9401 9701 9728 9753 9765 9863 9889 9915 9994 10040 10147 10156 10204 10367 10406 10447 10495 10508 10537 10555 10572 10635 10636 10728 10827 10854 11007 11186 11369 11481 12505 
#module 129 size: 57 bs: 0.608341
771 813 993 1030 1143 1149 1150 1333 1427 1535 1561 1612 1650 1742 1958 2243 2279 2640 3063 3218 3361 3375 3463 3524 3679 3690 3817 4170 4231 4276 4653 4688 4945 5440 5765 5918 5979 6015 6335 6598 6997 7880 7952 8859 8869 8935 8975 9162 9316 9545 10100 10206 10212 10238 10431 10672 12642 
#module 130 size: 64 bs: 0.751066
271 592 1230 1314 1843 2101 2221 2505 2516 2541 2570 2760 2800 2978 3028 3138 3263 3446 3545 3718 3871 4057 4135 4255 4328 4339 4606 4821 4873 4973 4993 5086 5674 5757 5896 5904 6142 6174 6310 6374 6377 6577 6758 7039 7278 7452 7688 7718 7756 7764 8476 8674 8793 8982 9354 9521 9819 10287 10814 10919 10999 11082 11135 12990 
#module 131 size: 164 bs: 0.468867
16 206 298 378 447 518 686 827 870 1035 1039 1368 1387 1443 1464 1503 1521 1529 1587 1657 1697 1720 1733 1826 1976 2027 2078 2133 2139 2178 2198 2289 2355 2385 2406 2444 2461 2465 2491 2725 2730 2938 2958 2972 3075 3120 3147 3185 3278 3351 3403 3413 3423 3469 3528 3651 3717 3822 3962 3977 4000 4112 4208 4283 4416 4461 4503 4679 4708 4807 4865 4919 4941 4978 4984 5073 5098 5249 5316 5339 5408 5547 5625 5628 5742 5773 5847 5915 5924 6092 6149 6164 6254 6385 6457 6474 6604 6846 6955 6964 6980 6988 7049 7119 7269 7270 7415 7434 7510 7513 7548 7712 7837 7839 7869 7945 8032 8077 8080 8161 8179 8243 8407 8426 8453 8475 8506 8533 8587 8680 8749 8762 8820 8838 8946 8995 9007 9016 9473 9488 9541 9543 9561 9710 9890 9946 10053 10076 10192 10346 10441 10461 10469 10509 10568 10641 10690 10746 10762 11189 11593 12492 12568 12980 
#module 132 size: 79 bs: 1.00133
710 762 1100 1163 1251 1275 1297 1616 1901 1957 1964 1968 2056 2130 2186 2341 2371 2547 2964 3112 3160 3326 3453 3493 3597 3654 3801 3852 3895 3907 3927 3969 4303 4323 4472 4512 4837 4878 4893 4979 5058 5159 5284 5532 5669 5684 5838 5924 6100 6243 6260 6447 6652 6718 6741 7406 7449 7589 7607 7861 8102 8253 8536 8548 8820 8850 8964 9269 9290 9898 9981 10318 10476 10493 10687 10823 10835 10957 12162 
#module 133 size: 58 bs: 0.529827
218 612 802 1386 1744 1960 2402 2454 2638 2658 2750 2807 2907 2953 3041 3289 3379 3380 3484 3513 3638 3825 3893 4029 4062 4408 4867 4889 5276 5423 5451 5526 5849 5992 6278 6296 6509 6523 7035 7139 8072 8386 8402 8498 9131 9145 9185 9247 9934 10244 10534 10590 10779 10862 11209 11235 11415 11705 
#module 134 size: 59 bs: 0.789388
304 491 519 659 898 1018 1099 1552 1714 2136 2154 2746 3008 3348 3401 3586 3621 3625 3964 3966 4139 4157 4367 4384 4927 5120 5137 5377 5812 5967 6041 6251 6464 6528 6585 6951 7076 7433 7471 7578 7736 7803 7885 7961 8203 8464 8502 8555 8853 8891 9573 9963 9964 10032 10444 11070 11400 11535 12639 
#module 135 size: 24 bs: 0.160179
783 1415 2067 2068 2106 2607 2700 4965 5605 5995 6602 6916 7552 7949 8297 8375 8554 8780 9607 9640 9907 10759 10887 11595 
#module 136 size: 26 bs: 0.420323
493 851 2775 3508 3954 4713 4846 5296 5310 5560 5616 5617 5719 5782 7583 8025 8328 8380 8585 9107 9679 11121 11151 11161 11168 11270 
#module 137 size: 28 bs: 0.784364
47 254 487 488 503 1694 1864 2030 2353 3955 4048 4388 4400 5127 5345 5443 5972 6231 7447 7780 7980 8293 8408 9329 9747 10173 10793 10938 
#module 138 size: 18 bs: 0.788043
1501 1926 3000 3646 3789 3836 3949 4038 4636 6023 6436 7404 7838 8371 9040 9580 9644 10632 
#module 139 size: 157 bs: 0.667026
2 63 125 259 313 372 385 413 529 537 580 647 698 805 936 970 981 1066 1102 1116 1221 1293 1338 1575 1876 1888 1988 1999 2043 2107 2122 2337 2404 2424 2487 2540 2572 2581 2633 2688 2708 2830 2856 2886 2888 2889 2952 3084 3091 3157 3216 3393 3492 3618 3688 3757 3803 3849 3972 4017 4047 4078 4092 4178 4224 4314 4393 4495 4505 4585 4598 4657 4730 4763 4815 4820 4846 4917 4957 5028 5126 5201 5212 5277 5530 5564 5630 5666 5816 6058 6063 6107 6139 6280 6281 6367 6400 6476 6574 6622 6712 6862 6884 6914 6976 7016 7176 7191 7194 7199 7217 7349 7399 7815 7913 7972 8159 8257 8275 8321 8337 8339 8481 8531 8918 9024 9085 9257 9457 9537 9609 9680 9718 9789 9811 9841 9853 9976 10110 10331 10472 10501 10557 10611 10646 10683 10707 10752 10773 10864 10989 11338 11499 11572 11575 12515 12666 
#module 140 size: 30 bs: 0.922895
562 593 713 1009 1524 1690 1776 1804 1890 1966 2256 2884 4862 4935 5211 5228 5431 5624 6188 6416 6456 6869 7895 8604 8915 9001 9071 9287 10344 11425 
#module 141 size: 100 bs: 0.873196
335 621 716 975 1027 1051 1292 1377 1586 1676 2146 2227 2265 2300 2320 2430 2639 2823 3019 3113 3128 3283 3308 3512 3826 3857 4020 4025 4282 4315 4327 4334 4451 4662 4788 4990 5005 5088 5210 5233 5367 5495 5497 5517 5562 5602 5806 5959 6171 6174 6175 6217 6254 6446 6467 6485 6515 6591 6597 6694 6702 6706 6826 6978 7051 7175 7402 7500 7623 7792 7801 7900 7905 7950 8162 8221 8676 8985 9189 9336 9518 9552 9565 9852 9899 9928 9939 10069 10073 10151 10359 10473 10551 10769 10942 11011 11108 11552 12382 12678 
#module 142 size: 155 bs: 0.995831
658 868 907 914 927 954 1033 1205 1286 1467 1505 1525 1532 1627 1655 1682 1700 1738 1754 1790 1851 1918 2011 2485 2496 2507 2574 2639 2655 2709 2720 2733 3036 3047 3148 3226 3246 3304 3470 3522 3563 3583 3633 3716 3777 3868 4036 4187 4204 4246 4269 4347 4380 4469 4478 4593 4609 4643 4755 4768 5008 5038 5066 5074 5122 5141 5195 5234 5287 5373 5599 5675 5710 5718 5867 5921 5970 6037 6165 6168 6369 6388 6390 6552 6669 6688 6727 6821 6889 7126 7196 7260 7321 7407 7442 7470 7499 7588 7820 7875 7892 7922 8116 8208 8246 8261 8495 8590 8653 8685 8757 8768 8792 8801 8804 8865 8892 8932 9172 9225 9456 9483 9535 9572 9620 9766 9860 9896 10012 10021 10023 10049 10140 10165 10239 10300 10329 10363 10392 10511 10586 10609 10704 10769 10842 10875 10980 10992 11015 11031 11162 11175 12494 12609 12878 
#module 143 size: 62 bs: 0.139505
540 665 925 1202 1347 1371 1477 1560 1630 2069 2168 2242 2766 2784 3166 3433 3548 3615 4234 4340 4417 4422 4630 4661 4697 4728 4865 5085 5189 5434 5461 5498 5561 5624 5886 6350 6616 6646 6923 7086 7447 7546 7547 7989 8110 8584 8628 8672 8728 8750 8761 8802 9083 9689 9726 10179 10191 10708 10753 10904 11006 11556 
#module 144 size: 28 bs: 0.235936
575 768 931 1463 1737 1780 2034 2160 2249 2893 3525 3914 4851 5067 5470 6391 6405 6409 6541 7152 7378 9151 9286 9740 9915 9919 10357 11694 
#module 145 size: 63 bs: 0.915638
364 528 655 769 1343 1374 1799 2073 2228 2252 2427 2510 2589 2666 2772 3083 3261 3562 3585 3812 3978 4044 4180 4360 4780 4797 4835 5092 5142 5157 5174 5419 5763 5899 6260 6328 6408 6478 6618 6672 6731 6784 6834 7031 7084 7716 8238 8336 8350 8468 9156 9264 9687 10146 10248 10325 10375 10394 10474 10709 10972 11252 11973 
#module 146 size: 59 bs: 1.04408
3 28 632 924 984 1067 1287 1312 1383 1394 1402 1458 1643 2008 2021 2079 2137 2203 2751 2950 3063 3203 3240 3317 3356 3610 3682 4233 4801 5004 5021 5023 5275 5679 5704 5754 5912 6154 6629 6665 6839 7412 7543 7599 8001 8200 8271 8488 8538 8713 8837 9446 9604 9723 9887 9950 10721 10744 11010 
#module 147 size: 59 bs: 0.878984
77 208 265 822 842 849 1038 1514 1675 1787 1841 1969 2044 2373 2536 2675 2843 3052 3276 3322 3332 3553 3726 3741 3921 3950 4010 4286 4684 4713 4849 5447 5676 5769 5861 6013 6256 6445 6852 7102 7112 7439 7614 7628 7719 7976 7978 8380 8496 8716 9554 9984 10169 10266 10658 11118 11262 11487 11501 
#module 148 size: 178 bs: 0.907926
36 379 398 480 543 600 828 951 956 1013 1040 1041 1056 1168 1212 1214 1265 1317 1375 1413 1419 1522 1601 1614 1621 1629 1730 1821 1848 1856 1975 1984 2006 2046 2132 2169 2189 2275 2370 2459 2477 2494 2514 2527 2594 2613 2643 2682 2740 2814 2847 2919 2948 2961 3006 3107 3186 3347 3424 3467 3491 3496 3588 3600 3663 3670 3686 3698 3841 3866 3902 3919 4165 4180 4188 4273 4541 4674 4675 4756 4774 4857 4879 4883 4886 4909 4977 5057 5068 5100 5194 5250 5307 5317 5365 5393 5603 5787 5816 5991 6024 6038 6069 6126 6241 6289 6536 6809 6897 7118 7122 7188 7203 7330 7403 7424 7448 7512 7567 7664 7731 7784 7910 7928 7943 7946 7966 8050 8159 8163 8187 8338 8377 8381 8421 8482 8546 8656 8729 8831 8839 8849 8951 8953 9025 9034 9060 9097 9133 9181 9200 9326 9371 9447 9507 9632 9649 9668 9801 9921 10208 10360 10516 10527 10574 10688 10970 11019 11265 11269 11340 11441 12170 12559 12588 12613 12666 13039 
#module 149 size: 31 bs: 0.18988
296 1176 1207 1381 2010 2093 3060 3780 3814 4248 4533 5300 5304 5422 5985 6008 6859 8041 9114 9273 9326 9549 10087 10162 10183 10547 10584 10736 10743 10831 12553 
#module 150 size: 44 bs: 0.171181
767 923 1204 1208 1782 1808 1951 2392 2651 2714 2942 3129 3438 3498 3515 3732 3976 4033 4669 4719 4747 4754 5040 5352 5417 5601 5704 6365 6837 7005 7410 7692 7825 7898 7967 8566 8632 8970 10045 10125 10220 10737 11021 11526 
#module 151 size: 98 bs: 0.857989
489 544 762 1095 1194 1654 1815 1839 1871 2074 2080 2104 2133 2172 2279 2284 2380 2393 2408 2425 2653 2723 2767 2771 2817 3100 3153 3170 3223 3271 3312 3480 3550 3681 4162 4222 4236 4498 4558 4588 4666 4840 5101 5217 5440 5621 5704 5705 5802 6036 6084 6149 6194 6391 6420 6468 6540 6548 6673 6737 6769 6801 6829 6920 7078 7252 7326 7334 7681 7693 7709 8345 8452 8563 8650 8668 8749 8772 8861 9039 9127 9141 9155 9407 9420 9533 9872 9998 10045 10068 10077 10315 10443 11009 11412 11437 11599 12077 
#module 152 size: 40 bs: 1.03676
54 529 921 994 1204 1262 1383 1408 1431 1610 2381 2576 2665 2728 3149 3288 3350 3786 4001 4004 5272 6058 6135 6346 6499 6654 6755 6801 8937 9267 9578 10124 10472 10567 10627 10799 11613 11701 12666 12881 
#module 153 size: 42 bs: 0.897642
1036 1584 1677 1721 1884 2144 2234 2262 2319 2960 3021 3250 3269 3292 3320 3364 3809 3811 3934 4183 4864 4930 5613 5814 6197 6338 6625 6942 6977 7059 7323 7429 8052 8152 8212 8617 8724 9187 10371 10587 10820 11241 
#module 154 size: 137 bs: 0.428589
17 403 517 683 789 809 854 933 955 1005 1010 1025 1028 1065 1106 1139 1147 1160 1220 1222 1238 1243 1254 1342 1416 1484 1530 1609 1708 1722 1778 1802 1936 1998 2216 2292 2389 2428 2533 2621 2691 2783 2918 3110 3196 3336 3379 3445 3454 3464 3751 3843 3874 3877 3899 4033 4046 4072 4214 4381 4442 4603 4642 4653 4772 4781 4859 4903 4959 5116 5135 5220 5327 5334 5542 5591 5688 5752 5760 5768 5818 5856 5868 5919 5984 6007 6209 6215 6315 6357 6471 6816 6832 7006 7021 7067 7195 7383 7435 7544 7557 7740 7936 8080 8186 8306 8365 8630 8782 8791 8875 8877 8889 9019 9058 9063 9272 9277 9316 9332 9370 9601 9674 9675 9677 9691 9975 10137 10337 10560 10751 10925 11009 11083 11171 12629 13081 
#module 155 size: 17 bs: 0.491719
982 1077 1488 3790 3940 4530 4723 5172 6035 6333 8983 9629 10096 10133 10384 10674 11222 
#module 156 size: 116 bs: 0.591839
492 673 729 968 969 1166 1253 1359 1418 1448 1466 1496 1759 1788 1846 1889 1923 2347 2481 2504 2550 2636 2769 2781 2823 2910 2939 2990 3015 3191 3214 3236 3299 3346 3442 3472 3605 3719 3833 3870 3906 4032 4385 4443 4456 4532 4553 4570 4611 4694 4736 4827 4869 4885 5022 5065 5109 5154 5160 5225 5297 5506 5511 5602 5735 5780 5809 6085 6123 6175 6247 6279 6340 6351 6380 6384 6393 6744 6800 7160 7266 7297 7321 7354 7369 7826 7836 7854 8111 8307 8372 8379 8592 8692 8727 8830 8976 9135 9140 9239 9359 9403 9437 9658 9791 9944 10515 10577 10748 10811 10885 10951 10966 11095 11712 12510 
#module 157 size: 46 bs: 0.40971
1029 1335 1427 1827 2251 2592 2645 2832 3098 3555 3617 3728 4073 4232 4259 4276 4409 4591 4635 4653 4907 4914 5223 5553 5636 5862 5935 6200 6212 6563 6686 7042 7227 7307 7699 7864 7919 8272 8848 8975 9009 9316 9733 10512 10921 11428 
#module 158 size: 18 bs: 1.07679
616 1539 1566 2012 2123 2257 4277 4686 5247 5508 6454 6521 6865 8245 8352 8811 9671 12645 
#module 159 size: 42 bs: 0.549483
263 264 466 486 682 688 1088 1339 1660 1766 2291 2297 2349 3109 3202 3415 3637 3729 5114 5138 5307 5457 5490 5509 5516 5581 6152 6720 6766 7538 7666 7921 8151 8266 8667 8981 9581 9734 10010 10123 10765 11335 
#module 160 size: 39 bs: 0.807011
200 724 778 1098 1845 1930 2213 2559 2652 2819 3119 3552 3909 4316 5964 6195 6266 6751 6800 6936 7163 7229 7474 8544 8588 8704 9121 9154 9732 9758 9792 9795 9812 9902 10774 10818 10840 10995 11020 
#module 161 size: 29 bs: 0.795432
699 941 2850 2874 3081 3154 3925 4150 4151 4906 4914 5324 5415 5819 5830 7020 7177 8506 8945 9402 9672 9682 9807 10215 10250 10582 10697 10891 11420 
#module 162 size: 28 bs: 0.819683
686 687 824 999 1291 1308 1508 2959 3516 3578 3932 4200 4961 5723 6030 6138 6512 6638 6765 7797 8142 8168 8276 9288 9648 10377 10797 11272 
#module 163 size: 134 bs: 1.08091
53 58 67 464 670 679 807 817 853 882 889 890 894 988 1112 1261 1273 1364 1582 1632 1673 1686 1745 1907 1920 1927 1933 1939 2075 2126 2142 2182 2222 2319 2334 2340 2372 2583 2719 2957 3040 3046 3097 3179 3365 3455 3496 3505 3573 3649 3658 3728 3805 3809 3832 4119 4305 4465 4618 4627 4630 4671 4806 4829 4895 4929 5183 5241 5396 5478 5586 5619 5698 5877 5888 6079 6151 6214 6295 6298 6345 6526 6566 6642 6770 6872 6942 6986 6987 7000 7044 7059 7116 7364 7484 7490 7706 7766 7772 7794 7986 8028 8288 8294 8319 8405 8445 8484 8862 8940 8943 8957 9040 9057 9180 9343 9466 9559 9570 9662 10049 10102 10579 10712 10826 10844 10889 10920 11142 11172 11445 12228 12663 12681 
#module 164 size: 123 bs: 0.797157
189 208 637 822 845 862 991 998 1025 1038 1055 1128 1151 1156 1309 1487 1518 1641 1659 1969 2025 2141 2194 2492 2676 2881 2930 2943 3131 3219 3232 3306 3373 3444 3609 3666 3745 3756 3809 3856 3883 3963 4173 4227 4281 4287 4291 4372 4542 4659 4676 4761 5032 5216 5386 5538 5559 5619 5676 5713 6047 6072 6102 6181 6233 6237 6242 6262 6460 6466 6526 6529 6599 6698 6707 6788 6924 6979 7026 7107 7303 7319 7522 7551 7679 7696 8056 8119 8145 8258 8462 8622 8673 8716 8871 8907 8917 8923 8978 9171 9209 9357 9358 9380 9417 9602 9685 9920 9980 10103 10123 10198 10275 10337 10376 10591 10712 10825 10839 10884 11211 11447 12902 
#module 165 size: 103 bs: 0.349172
21 38 274 327 535 705 779 784 787 876 938 1015 1177 1213 1216 1237 1307 1330 1468 1504 1652 1712 1760 1994 2138 2202 2383 2464 2469 2517 2656 2869 2951 3017 3215 3382 3405 3421 3692 3857 3865 3985 4069 4382 4411 4523 4732 4733 4845 5029 5082 5115 5299 5442 5455 5612 5686 5708 6052 6093 6314 6349 6637 6797 6813 7067 7070 7198 7324 7478 7688 7959 8034 8355 8439 8503 8609 8714 8727 8777 8788 8959 9013 9027 9048 9289 9317 9438 9524 9529 9702 9813 9928 9968 10349 10473 10565 10629 10876 10975 11435 11475 11498 
#module 166 size: 69 bs: 0.617434
147 183 476 529 620 685 823 856 870 1084 1175 1189 1199 1279 1396 1523 2002 2192 2678 2794 2805 3144 3158 3390 3483 3488 3511 4040 4064 4106 4239 4378 4397 4515 4572 4587 4664 4986 5017 5168 5214 5254 5294 5548 6108 6374 6631 6716 7030 7172 7212 7262 7469 7542 7632 7680 7868 7901 8060 9345 9742 10128 10277 10445 10583 10637 11442 12249 12495 
#module 167 size: 56 bs: 0.28558
8 66 892 1354 1378 2298 2778 2891 3074 3145 3521 3776 3837 3904 4014 4019 4031 4144 4169 4206 4218 4228 4496 4559 4688 4877 5104 5631 5786 5848 6113 6144 6325 6904 6944 6994 7124 7145 7549 8382 8776 8962 9102 9223 9397 9509 9716 9942 10226 10303 10488 10628 10857 10978 11011 11228 
#module 168 size: 155 bs: 0.467027
13 14 39 66 611 625 847 919 977 996 1031 1145 1169 1295 1389 1439 1469 1506 1516 1571 1769 1785 1833 1959 2004 2056 2212 2349 2369 2524 2663 2678 2689 2732 2977 2987 3037 3039 3289 3390 3516 3591 3817 3828 3844 3860 4030 4149 4221 4240 4358 4377 4407 4429 4459 4537 4587 4594 4610 4617 4664 4676 4745 4782 4948 5051 5059 5084 5117 5184 5266 5337 5374 5385 5398 5479 5744 5835 5959 5992 6043 6052 6219 6226 6324 6519 6559 6569 6578 6674 6740 7024 7083 7157 7274 7313 7329 7446 7453 7456 7501 7527 7727 7931 7958 8178 8357 8427 8615 8669 8676 8758 8827 8847 9018 9041 9061 9073 9098 9127 9144 9209 9338 9375 9389 9512 9545 9621 9651 9688 9761 9765 9936 10108 10119 10132 10166 10182 10202 10223 10311 10351 10356 10563 10612 10615 10712 10725 10768 10908 10927 11114 11601 11699 12523 
#module 169 size: 32 bs: 0.100637
520 833 962 1270 1633 1818 1873 2457 2539 2744 2876 2995 3362 3778 3779 4104 4486 4971 5031 5175 5618 5779 5868 6659 7385 7918 8280 8483 9478 9967 10013 12950 
#module 170 size: 19 bs: 0.56909
804 1126 1138 1472 1683 2614 2791 3146 4045 4678 4691 4753 6745 6779 7386 8394 8867 9252 10603 
#module 171 size: 52 bs: 1.03706
311 689 1489 1932 2489 2816 2844 2879 3009 3093 3235 3686 4100 4663 4752 4920 5570 5661 5785 5797 5944 6031 6119 6230 6361 6459 6494 6511 6514 6522 6842 7635 7658 7785 8035 8489 8750 8858 9004 9093 9213 9570 9667 9957 10355 10789 10869 11463 12264 12573 12683 12903 
#module 172 size: 53 bs: 0.983871
22 567 1274 1380 1578 1603 2158 2676 2915 3023 3031 3068 3102 3178 3230 3485 3554 3677 3781 3949 3990 4115 4434 4449 4514 4784 4999 5361 5449 5554 5857 5949 6311 6469 6538 7368 7606 7727 7959 8269 8311 8813 9080 9341 9386 9422 9726 9884 10003 10067 10434 10447 11160 
#module 173 size: 29 bs: 0.22078
18 873 1475 1719 1756 1837 2113 2525 3360 3424 3580 3878 4410 4925 5273 5781 5913 6018 6038 6112 6272 6284 6606 6725 7448 8076 8850 9891 10247 
#module 174 size: 60 bs: 0.230286
196 197 589 810 948 1182 1210 1225 1526 1620 1745 1750 1771 1780 2773 2937 3029 3042 3190 3355 3642 3720 3820 3943 4145 4262 4436 4518 4540 5081 5163 5472 5699 5701 6320 6627 6759 6774 7207 7312 7391 7620 7627 8021 8100 8373 8627 8787 9230 9297 9399 9415 9700 9754 10168 10424 10431 10729 10763 10812 
#module 175 size: 145 bs: 0.268173
5 12 178 210 224 878 887 939 986 1026 1059 1078 1133 1135 1219 1249 1283 1384 1403 1581 1597 1599 1646 1674 1734 1751 1831 1904 1911 2039 2152 2436 2482 2565 2724 2729 2963 2982 3059 3182 3244 3315 3341 3417 3530 3557 3644 3669 3755 3763 3807 3920 3930 4005 4018 4037 4110 4213 4361 4430 4458 4785 4843 4956 4962 5112 5166 5328 5387 5436 5502 5510 5667 5713 5745 5764 5784 5890 5917 5947 5954 5980 6016 6028 6184 6205 6208 6212 6252 6306 6313 6490 6601 6610 6627 6772 6808 6943 7146 7417 7437 7614 7685 7720 7802 7813 7829 7976 8016 8051 8061 8228 8241 8380 8598 8608 8658 8699 8701 8720 8770 9023 9165 9179 9693 9918 9954 9969 10232 10310 10374 10381 10432 10433 10593 10625 10673 10735 10755 10756 10767 10780 11029 11119 12019 
#module 176 size: 34 bs: 0.256377
595 1063 1656 1891 2071 2742 2755 2774 3087 3108 3181 3349 4274 4490 4573 5044 5614 6568 7398 7955 8189 8231 8765 9074 9159 9173 9412 10082 10306 10597 11100 11157 11165 11451 
#module 177 size: 26 bs: 0.158752
60 1244 1437 1450 2280 2483 2740 3085 3102 3371 3908 4013 4371 4779 6232 6621 6753 6881 6927 7516 8395 8742 9246 10528 10559 10764 
#module 178 size: 52 bs: 0.472813
233 272 593 852 1148 1965 2240 2272 2274 2534 2544 2582 2826 3429 3718 3730 3738 3937 4269 4399 4645 4881 5010 5237 5366 5876 6166 6171 6539 6546 7081 7092 7189 7244 7496 7842 8088 8499 8570 8576 8666 8936 9068 9219 9233 9379 9767 10000 10046 10334 10387 11113 
#module 179 size: 47 bs: 0.529624
521 1044 1388 1559 1944 2344 2789 3407 3673 3687 4058 4099 4242 4539 4738 5108 5206 5556 5635 5885 5983 6110 6285 6437 6501 7183 7536 7581 7941 8030 8227 8256 8266 8406 8545 8753 8805 9232 9468 9495 9588 10054 10777 10923 10926 11012 12591 
#module 180 size: 1 bs: 1
8866 
#module 181 size: 1 bs: 1
6709 
#module 182 size: 1 bs: 1
8106 
#module 183 size: 1 bs: 1
4420 
#module 184 size: 1 bs: 1
9850 
#module 185 size: 1 bs: 1
5942 
#module 186 size: 1 bs: 1
6750 
#module 187 size: 1 bs: 1
5840 
#module 188 size: 1 bs: 1
2468 
#module 189 size: 1 bs: 1
3744 
#module 190 size: 1 bs: 1
3297 
#module 191 size: 1 bs: 1
8679 
#module 192 size: 1 bs: 1
7133 
#module 193 size: 1 bs: 1
6699 
#module 194 size: 1 bs: 1
6820 
#module 195 size: 1 bs: 1
5454 
#module 196 size: 1 bs: 1
2868 
#module 197 size: 1 bs: 1
6612 
#module 198 size: 1 bs: 1
10044 
#module 199 size: 1 bs: 1
8942 
#module 200 size: 1 bs: 1
446 
#module 201 size: 1 bs: 1
6094 
#module 202 size: 1 bs: 1
9368 
#module 203 size: 1 bs: 1
3436 
#module 204 size: 1 bs: 1
1941 
#module 205 size: 1 bs: 1
1589 
#module 206 size: 1 bs: 1
4015 
#module 207 size: 1 bs: 1
7874 
#module 208 size: 1 bs: 1
10163 
#module 209 size: 1 bs: 1
3700 
#module 210 size: 1 bs: 1
10372 
#module 211 size: 1 bs: 1
5804 
#module 212 size: 1 bs: 1
6640 
#module 213 size: 1 bs: 1
4395 
#module 214 size: 1 bs: 1
182 
#module 215 size: 1 bs: 1
3608 
#module 216 size: 1 bs: 1
4640 
#module 217 size: 1 bs: 1
10171 
#module 218 size: 1 bs: 1
8082 
#module 219 size: 1 bs: 1
2718 
#module 220 size: 1 bs: 1
7511 
#module 221 size: 1 bs: 1
3948 
#module 222 size: 1 bs: 1
8618 
#module 223 size: 1 bs: 1
6960 
#module 224 size: 1 bs: 1
5692 
#module 225 size: 1 bs: 1
2323 
#module 226 size: 1 bs: 1
8896 
#module 227 size: 1 bs: 1
11740 
#module 228 size: 1 bs: 1
2941 
#module 229 size: 1 bs: 1
7454 
#module 230 size: 1 bs: 1
8490 
#module 231 size: 1 bs: 1
3177 
#module 232 size: 1 bs: 1
5608 
#module 233 size: 1 bs: 1
5274 
#module 234 size: 1 bs: 1
582 
#module 235 size: 1 bs: 1
301 
#module 236 size: 1 bs: 1
5075 
#module 237 size: 1 bs: 1
9194 
#module 238 size: 1 bs: 1
3626 
#module 239 size: 1 bs: 1
5076 
#module 240 size: 1 bs: 1
7488 
#module 241 size: 1 bs: 1
4568 
#module 242 size: 1 bs: 1
10258 
#module 243 size: 1 bs: 1
7204 
#module 244 size: 1 bs: 1
6939 
#module 245 size: 1 bs: 1
9249 
#module 246 size: 1 bs: 1
8128 
#module 247 size: 1 bs: 1
7923 
#module 248 size: 1 bs: 1
6294 
#module 249 size: 1 bs: 1
8363 
#module 250 size: 1 bs: 1
3672 
#module 251 size: 1 bs: 1
832 
#module 252 size: 1 bs: 1
4967 
#module 253 size: 1 bs: 1
4717 
#module 254 size: 1 bs: 1
3520 
#module 255 size: 1 bs: 1
4261 
#module 256 size: 1 bs: 1
2098 
#module 257 size: 1 bs: 1
6930 
#module 258 size: 1 bs: 1
4932 
#module 259 size: 1 bs: 1
3431 
#module 260 size: 1 bs: 1
5131 
#module 261 size: 1 bs: 1
5207 
#module 262 size: 1 bs: 1
846 
#module 263 size: 1 bs: 1
6571 
#module 264 size: 1 bs: 1
5641 
#module 265 size: 1 bs: 1
1256 
#module 266 size: 1 bs: 1
1538 
#module 267 size: 1 bs: 1
8031 
#module 268 size: 1 bs: 1
4186 
#module 269 size: 1 bs: 1
8244 
#module 270 size: 1 bs: 1
1971 
#module 271 size: 1 bs: 1
4949 
#module 272 size: 1 bs: 1
10400 
#module 273 size: 1 bs: 1
8700 
#module 274 size: 1 bs: 1
978 
#module 275 size: 1 bs: 1
9477 
#module 276 size: 1 bs: 1
3933 
#module 277 size: 1 bs: 1
4968 
#module 278 size: 1 bs: 1
6487 
#module 279 size: 1 bs: 1
12652 
#module 280 size: 1 bs: 1
6866 
#module 281 size: 1 bs: 1
8356 
#module 282 size: 1 bs: 1
6124 
#module 283 size: 1 bs: 1
11261 
#module 284 size: 1 bs: 1
9302 
#module 285 size: 1 bs: 1
6542 
#module 286 size: 1 bs: 1
4975 
#module 287 size: 1 bs: 1
9846 
#module 288 size: 1 bs: 1
10526 
#module 289 size: 1 bs: 1
10569 
