#module 0 size: 12 bs: 0.0130297
522 616 666 750 1430 1613 1989 2293 2598 3983 5457 6651 
#module 1 size: 4 bs: 0.0141237
786 1168 2833 3962 
#module 2 size: 4 bs: 2.2298e-06
242 520 4501 6676 
#module 3 size: 3 bs: 4.55941e-06
3157 3630 6828 
#module 4 size: 11 bs: 0.0425871
169 1963 2041 2584 2790 2927 4558 4966 4987 5496 6772 
#module 5 size: 6 bs: 0.44002
1028 1106 1346 2767 2854 5766 
#module 6 size: 6 bs: 0.321608
816 1592 2168 3358 3586 4223 
#module 7 size: 6 bs: 1.08694
633 2122 2789 3615 4016 4420 
#module 8 size: 5 bs: 0.23364
2531 3173 4079 5222 6060 
#module 9 size: 4 bs: 0.135886
651 3850 4726 5735 
#module 10 size: 4 bs: 0.277953
3096 3531 4387 5250 
#module 11 size: 5 bs: 0.50789
324 917 3205 4839 6797 
#module 12 size: 8 bs: 1.03175
1145 1437 1914 2944 3322 3580 4583 6908 
#module 13 size: 4 bs: 0.41806
1824 3291 3424 5294 
#module 14 size: 5 bs: 0.385849
2461 3003 3808 5192 6034 
#module 15 size: 10 bs: 0.381164
98 791 1254 1936 2025 2393 2524 3553 5479 5677 
#module 16 size: 16 bs: 0.659215
514 853 1486 1577 1748 1893 2248 3099 3137 3803 4036 4093 5888 5976 6282 6363 
#module 17 size: 10 bs: 0.760491
1748 2194 2446 2500 3181 3655 4099 4162 6303 6740 
#module 18 size: 4 bs: 0.577792
2077 2773 3994 4694 
#module 19 size: 24 bs: 0.68671
104 250 462 559 912 943 1409 1791 1946 2527 3100 3267 3366 3648 3831 4352 4816 4963 5379 5799 6191 6300 6580 6757 
#module 20 size: 47 bs: 0.765661
142 188 312 698 726 799 1183 1184 1258 1292 1293 1358 1720 1890 2200 2235 2430 2674 2710 3048 3681 3804 3824 3849 4010 4014 4339 4367 4577 4639 4720 5034 5094 5188 5218 5318 5508 5658 5674 5727 6105 6122 6273 6575 6869 6896 6910 
#module 21 size: 29 bs: 0.683246
66 533 992 1129 1318 1642 1864 1875 1877 2376 2484 2595 2619 2742 2809 3239 3270 3372 3555 3919 3999 4379 4604 4861 5104 5231 5233 6114 6659 
#module 22 size: 42 bs: 0.582369
72 133 143 230 245 369 400 752 887 1232 1457 1508 1627 1700 1760 2190 2362 2421 2810 2820 2956 3301 3350 3454 3478 3908 4249 4430 4579 4684 4808 4846 5077 5264 5295 5410 5929 5978 6270 6562 6592 6605 
#module 23 size: 24 bs: 0.476638
646 839 1163 1863 1941 2018 2274 2552 2615 2965 3053 3210 3486 4050 4219 4288 4634 4936 6131 6569 6595 6642 6775 6780 
#module 24 size: 5 bs: 0.651979
680 1587 3668 5862 6023 
#module 25 size: 11 bs: 0.462644
1646 1925 2475 3090 3739 4347 4630 4786 4890 5774 6009 
#module 26 size: 102 bs: 0.921678
2 26 136 146 184 335 336 347 352 373 522 601 679 681 948 1010 1133 1261 1278 1306 1388 1429 1465 1548 1575 1653 1669 1783 1786 2049 2062 2120 2172 2187 2296 2330 2370 2383 2544 2589 2592 2620 2625 2695 2783 2912 2913 3035 3077 3211 3365 3368 3403 3412 3507 3511 3566 3647 3788 3898 3938 3946 4015 4104 4255 4348 4359 4371 4427 4448 4449 4490 4619 4652 4797 4961 4967 4972 4986 4988 5057 5070 5084 5226 5239 5358 5385 5483 5515 5642 5684 5774 5985 6206 6244 6308 6523 6671 6696 6724 6836 6861 
#module 27 size: 13 bs: 0.820734
59 1227 1441 1637 2780 2958 3083 3858 4796 5337 5694 6255 6384 
#module 28 size: 8 bs: 0.159066
1 2015 2336 3517 4568 4879 6299 6345 
#module 29 size: 6 bs: 0.829643
524 918 1488 4038 4845 5707 
#module 30 size: 13 bs: 0.845429
1387 1441 2530 2976 3320 3834 3877 4542 4728 5694 5771 6255 6719 
#module 31 size: 28 bs: 0.481205
34 138 295 476 807 940 1059 1091 1285 1300 1712 2003 2215 2395 2491 2723 2754 2779 3064 3163 3726 4201 4736 5287 5471 5695 5805 6328 
#module 32 size: 10 bs: 0.848451
674 1000 1415 2203 2206 2963 3542 5020 6228 6579 
#module 33 size: 64 bs: 0.788946
99 319 522 594 753 783 801 846 881 967 978 1246 1289 1393 1402 1670 1672 1736 1772 1785 1961 2216 2306 2322 2370 2489 2890 2912 2913 3035 3168 3264 3289 3316 3416 3480 3585 3742 3848 3891 3946 4017 4328 4427 4470 4582 4815 4875 4980 5060 5081 5144 5788 5810 5971 6087 6120 6148 6374 6436 6515 6529 6622 6641 
#module 34 size: 67 bs: 0.73656
281 562 641 808 851 974 1017 1038 1077 1174 1192 1211 1261 1347 1486 1566 1577 1731 1904 1987 2294 2439 2955 2982 3120 3158 3216 3221 3271 3331 3351 3369 3400 3440 3655 3657 3803 3823 3884 3914 3960 4068 4230 4253 4388 4665 4677 4844 4979 4990 5020 5193 5562 5690 5725 5798 5821 5836 5856 5976 6113 6146 6195 6230 6405 6478 6497 
#module 35 size: 17 bs: 1.08607
584 2134 2141 2417 2863 2893 3127 3518 4615 5353 5421 5451 5493 5730 6224 6513 6648 
#module 36 size: 33 bs: 0.789673
77 142 326 349 502 695 857 938 1147 1492 1509 1649 1871 2070 2337 2923 2928 3105 3296 3990 4547 4729 5143 5266 5292 5907 6059 6332 6389 6403 6580 6677 6919 
#module 37 size: 23 bs: 0.691808
1076 1268 1474 1624 1634 1699 1732 1820 2367 2454 2656 2698 3243 3866 4730 4965 5881 6097 6133 6180 6241 6792 6852 
#module 38 size: 17 bs: 0.44692
543 2246 2607 2947 3134 3189 3263 3395 3609 3665 4169 4464 5004 5116 5416 6743 6916 
#module 39 size: 49 bs: 0.810652
87 258 274 335 642 661 668 686 753 881 944 983 1016 1381 1404 1416 1757 1898 2012 2043 2049 2209 2219 2295 2298 2370 2387 2468 2506 2570 2647 3021 3264 3524 3556 3664 3952 4005 4427 4797 4898 5797 5839 6158 6225 6339 6518 6603 6621 
#module 40 size: 16 bs: 1.05679
91 243 829 1366 1661 2496 2606 3650 4397 4541 4809 4867 4904 5014 6080 6760 
#module 41 size: 28 bs: 0.688815
298 379 611 647 910 951 1621 2849 2930 3258 3409 3441 3458 3914 3936 4303 4346 4384 4465 5193 5204 5230 5427 5889 6043 6619 6725 6892 
#module 42 size: 17 bs: 0.413213
1814 1920 1959 1970 2375 3472 3779 4081 4389 4485 4703 4711 4790 5125 5874 6092 6725 
#module 43 size: 32 bs: 0.890838
37 124 395 589 693 731 813 864 1029 1107 1197 1405 1480 1520 1652 1703 2133 2593 2764 2779 2782 3297 3483 4922 5668 5872 5950 5991 6022 6052 6456 6480 
#module 44 size: 51 bs: 1.05299
276 393 479 625 728 729 767 1282 1298 1427 1428 1446 1501 1532 1564 1656 1895 1903 2145 2533 2541 2589 2731 2841 2846 2935 2954 2973 3041 3491 3514 3622 3672 4261 4279 4451 4460 4608 4737 4843 4970 5446 5501 5738 5797 5904 5975 6129 6668 6707 6791 
#module 45 size: 55 bs: 0.339786
301 410 559 768 1252 1282 1294 1427 1460 1547 1679 1688 2261 2360 2433 2589 2724 2804 2954 3218 3260 3280 3397 3622 3981 4024 4119 4200 4261 4362 4396 4419 4440 4460 4750 4825 5095 5136 5159 5303 5355 5366 5446 5552 5555 6033 6069 6129 6196 6210 6262 6333 6625 6701 6921 
#module 46 size: 32 bs: 0.194414
198 1417 1629 2137 2225 2340 2342 2682 2702 2862 3020 3330 3541 3922 3970 4170 4208 4298 4525 4873 4925 5098 5201 5550 5622 5671 5778 5800 5887 6279 6561 6920 
#module 47 size: 37 bs: 0.838904
111 193 305 403 818 822 895 1236 1244 1250 1253 1369 1542 1659 1668 1964 2040 2078 2621 2624 2812 3980 4059 4142 4434 4785 4862 5090 5215 5334 5400 5606 5807 5983 6013 6613 6727 
#module 48 size: 66 bs: 0.292163
198 204 469 504 602 603 741 902 971 1295 1588 1705 1707 1722 1779 2002 2033 2093 2117 2178 2202 2275 2277 2412 2428 2525 2653 2717 2805 2933 2998 3026 3061 3141 3164 3222 3253 3348 3456 3527 3568 3925 4116 4119 4208 4784 4874 4943 4975 5069 5161 5286 5298 5395 5491 5793 5913 6005 6010 6292 6331 6409 6544 6669 6678 6680 
#module 49 size: 34 bs: 0.4607
135 235 415 529 530 817 1406 1911 2521 2550 2746 3212 3370 3476 3777 3885 3969 4400 4410 4478 4481 4484 4820 4908 5052 5103 5343 5397 5647 5716 5964 6311 6504 6724 
#module 50 size: 71 bs: 0.455464
53 80 109 148 183 344 583 770 775 1342 1376 1498 1502 1544 1735 1762 1781 1795 1811 1919 1966 1991 2090 2095 2208 2242 2495 2688 2697 2913 2970 2997 3043 3192 3371 3512 3567 3812 4045 4313 4546 4803 4847 4864 4884 4962 4974 5144 5199 5342 5362 5472 5488 5490 5590 5614 5844 5974 6061 6102 6135 6175 6304 6357 6376 6500 6554 6560 6570 6778 6903 
#module 51 size: 30 bs: 0.704516
420 471 796 1465 1478 1500 1614 1681 2700 2712 2750 2937 2942 3029 3799 3872 4033 4536 4744 5176 5273 5476 5888 6098 6179 6242 6363 6833 6848 6857 
#module 52 size: 26 bs: 0.487574
25 39 451 788 863 1127 1233 1578 1792 1806 1907 2072 2217 3085 3238 3448 3485 3597 3789 3976 4228 4667 4751 5096 5150 5643 
#module 53 size: 79 bs: 0.424286
126 163 180 278 322 330 604 716 743 821 892 968 991 1069 1092 1095 1161 1228 1247 1263 1351 1364 1425 1434 1495 1608 1609 1640 1790 2066 2196 2311 2381 2473 2474 2517 2579 2588 2699 2815 2844 2882 3065 3075 3125 3321 3335 3423 3488 3502 3530 3886 3911 3977 4234 4244 4364 4461 4662 4748 5265 5359 5364 5369 5481 5554 5796 5840 5897 5908 5967 6022 6075 6231 6480 6630 6785 6793 6866 
#module 54 size: 55 bs: 0.181473
4 6 167 198 273 285 357 376 435 482 498 504 545 554 689 779 890 902 949 1144 1935 2082 2161 2376 2444 2462 2672 2715 2840 3194 3222 3255 3406 3485 3487 3527 3597 3598 3636 4365 4366 4392 4496 4556 4860 5107 5124 5676 5893 6292 6653 6709 6716 6891 6909 
#module 55 size: 112 bs: 0.743156
110 129 137 144 161 201 210 226 378 416 515 585 618 667 688 692 697 871 878 913 952 975 988 1092 1138 1190 1247 1353 1453 1514 1585 1771 1870 1876 1917 1923 2188 2254 2288 2305 2385 2573 2576 2602 2604 2880 2990 3008 3016 3030 3086 3091 3114 3146 3190 3235 3360 3440 3488 3499 3530 3591 3633 3644 3687 3754 3907 3910 3917 4037 4077 4114 4216 4224 4324 4509 4604 4679 4733 4739 4900 4918 4953 5010 5037 5066 5179 5187 5254 5288 5306 5364 5372 5468 5594 5632 5686 5825 5840 5908 5928 5982 6160 6258 6427 6467 6527 6659 6673 6694 6710 6790 
#module 56 size: 34 bs: 0.334176
38 265 872 1074 1170 1348 1479 2243 2269 2314 2327 2343 2757 2957 3104 3193 3415 3489 3896 4086 4402 4545 4622 5051 5100 5600 5700 5816 5870 5939 5945 6117 6319 6820 
#module 57 size: 44 bs: 0.95765
32 155 240 643 673 718 777 896 966 1013 1137 1225 1241 1372 1874 1909 1934 2414 2455 2457 2464 2676 2766 2871 3224 3299 3355 3501 3540 3582 4026 4316 4322 4483 4575 4788 4821 4924 5450 5513 5595 6201 6463 6511 
#module 58 size: 39 bs: 0.644016
36 76 189 279 663 675 686 737 757 1282 1541 1625 1927 1928 2318 2532 2613 2639 3062 3536 3560 3573 3614 3898 4198 4763 4764 4802 4935 4968 5024 5078 5183 5382 5459 5524 5577 5963 6202 
#module 59 size: 56 bs: 0.399443
19 212 218 231 293 737 754 774 778 888 1020 1149 1153 1213 1436 1549 1562 1617 1758 1913 1942 2253 2415 2499 2727 2776 2870 3143 3268 3272 3346 3536 3560 3612 4006 4340 4417 4683 4906 5042 5078 5183 5253 5354 5506 5524 5612 5644 5674 5773 5817 6051 6315 6381 6411 6649 
#module 60 size: 24 bs: 1.07696
627 682 1031 1461 2713 2744 2765 3780 3795 3801 3806 4031 4595 4675 5149 5418 5442 5498 5853 5882 6029 6253 6285 6839 
#module 61 size: 41 bs: 0.708731
486 1001 1571 1629 1867 1958 2161 2165 2181 2191 2384 2729 2866 2936 3140 3751 4049 4088 4089 4137 4434 4686 4768 4774 4798 5175 5178 5314 5339 5486 5761 5931 5957 6088 6261 6443 6471 6632 6652 6799 6917 
#module 62 size: 50 bs: 0.189297
69 239 453 587 592 659 1005 1047 1121 1126 1308 1450 1459 1526 1701 1778 1920 2148 2224 2227 2411 2634 2723 2926 2938 3089 3472 3715 3723 3758 3982 4485 4682 4713 5360 5448 5473 5492 5648 5842 5998 6071 6092 6268 6281 6286 6440 6484 6640 6644 
#module 63 size: 57 bs: 0.318005
46 88 145 260 323 367 432 481 537 740 941 966 1009 1159 1195 1239 1253 1266 1302 1547 1667 1950 1994 2057 2060 2125 2333 2520 2537 2553 2676 2900 3239 3261 3352 4018 4020 4305 4822 4840 4896 4900 4967 4972 5082 5400 5624 5703 5795 5807 5944 6004 6082 6090 6116 6706 6788 
#module 64 size: 78 bs: 0.83263
4 42 57 359 430 560 608 670 781 814 907 1019 1154 1209 1244 1403 1477 1631 1857 2139 2183 2184 2304 2331 2341 2355 2436 2492 2542 2626 2824 2874 2966 3001 3148 3209 3231 3248 3317 3382 3398 3469 3546 3576 3710 3845 3892 4040 4199 4292 4317 4330 4383 4394 4761 4777 4793 4872 4994 5211 5373 5391 5441 5447 5482 5743 5891 5941 6078 6108 6177 6200 6291 6350 6486 6549 6763 6808 
#module 65 size: 77 bs: 0.605283
104 257 366 646 785 848 945 1009 1117 1163 1301 1305 1448 1633 1661 1670 1852 1907 2010 2138 2162 2171 2192 2484 2490 2670 2692 2740 2809 2845 2994 3133 3161 3239 3347 3372 3439 3459 3486 3522 3866 3919 3963 3999 4129 4161 4269 4353 4361 4370 4415 4428 4443 4660 4881 4926 4958 4989 5019 5073 5106 5408 5417 5449 5588 5593 5655 5711 5748 5914 6077 6204 6424 6503 6750 6827 6875 
#module 66 size: 64 bs: 0.256914
119 208 247 376 501 637 766 873 949 1151 1283 1670 1793 1878 1908 2083 2246 2272 2332 2574 2643 2670 2692 2791 2869 2884 3000 3014 3100 3161 3188 3262 3374 3410 3485 3601 3645 3731 4248 4304 4308 4310 4325 4581 4896 4952 5284 5462 5466 5531 5896 5933 5993 6013 6087 6128 6276 6280 6490 6494 6519 6541 6548 6750 
#module 67 size: 46 bs: 0.840687
183 328 337 363 536 640 712 769 840 1257 1342 1949 2130 2301 2386 2404 2424 2431 2479 2688 2865 2877 2881 2926 3072 3105 3408 3528 3535 3822 3975 4155 4534 4639 4651 5013 5033 5477 5910 5911 6085 6286 6317 6547 6567 6851 
#module 68 size: 69 bs: 0.197197
9 142 183 223 326 338 364 440 509 653 698 726 769 955 1083 1342 1555 1720 1780 1787 2007 2106 2131 2135 2235 2267 2357 2404 2566 2865 3048 3139 3150 3202 3329 3332 3362 3463 3520 3596 3711 3912 3975 3993 4277 4345 4577 4639 4651 4762 4772 4996 5127 5141 5218 5386 5672 5723 5775 5808 6122 6273 6390 6442 6454 6583 6586 6639 6851 
#module 69 size: 109 bs: 0.669222
10 48 351 492 523 583 656 705 726 730 744 855 1187 1243 1270 1338 1422 1581 1610 1624 1687 1723 1729 1775 1843 1869 1888 1916 1919 1971 1980 1981 1983 2022 2024 2160 2334 2347 2354 2422 2565 2739 2962 2967 3071 3198 3245 3249 3275 3285 3288 3329 3413 3498 3587 3649 3680 3684 3711 3719 3924 4100 4277 4291 4344 4389 4401 4452 4479 4543 4556 4826 4853 4939 4969 4976 5015 5083 5101 5141 5270 5304 5377 5411 5456 5586 5650 5698 5772 5834 5990 6123 6135 6165 6170 6310 6366 6393 6413 6417 6590 6601 6712 6739 6741 6776 6807 6829 6918 
#module 70 size: 47 bs: 0.92717
115 231 249 309 370 373 439 830 1012 1156 1590 1653 1698 1711 1784 2008 2055 2268 2330 2418 2580 2847 3004 3077 3282 3490 3564 3608 3614 3903 3938 4278 4331 4526 4589 4878 4909 5336 5483 5496 5533 5642 5827 6256 6626 6705 6756 
#module 71 size: 34 bs: 0.103661
160 267 495 593 691 804 880 898 1423 1607 2628 2669 2968 3327 3356 3421 3500 3534 3846 3943 4184 4275 4351 4435 5012 5299 5345 5713 5952 6495 6502 6693 6703 6816 
#module 72 size: 10 bs: 0.212901
254 422 516 1635 1837 2358 5185 5495 5873 6264 
#module 73 size: 102 bs: 0.722969
74 165 281 282 327 336 394 397 562 614 641 851 1011 1038 1085 1103 1109 1148 1211 1223 1261 1272 1630 1731 1746 2044 2120 2183 2249 2339 2460 2542 2627 2824 2949 2955 2982 3001 3024 3042 3098 3120 3148 3178 3196 3290 3369 3426 3533 3537 3539 3574 3613 3629 3640 3747 3818 3884 3892 3960 4126 4192 4198 4230 4253 4388 4413 4445 4554 4599 4701 4706 4738 4789 4804 5046 5071 5087 5117 5368 5373 5430 5503 5659 5725 5741 5785 5836 5932 5941 6038 6058 6110 6149 6246 6263 6305 6549 6617 6698 6810 6812 
#module 74 size: 89 bs: 0.394145
15 125 194 253 437 494 579 624 636 860 942 984 1104 1365 1620 1789 1812 1910 2093 2175 2265 2280 2286 2419 2508 2568 2689 2694 2722 2777 2794 2808 2850 2885 2950 3122 3232 3305 3324 3454 3468 3533 3587 3804 3955 4010 4041 4095 4252 4284 4368 4399 4414 4647 4800 4885 4887 4985 5005 5072 5130 5184 5220 5458 5485 5500 5540 5610 5740 5934 5956 6084 6089 6161 6192 6211 6229 6288 6364 6388 6469 6507 6526 6582 6606 6711 6863 6869 6876 
#module 75 size: 47 bs: 0.592878
78 99 290 316 365 686 753 836 861 978 1271 1307 1334 1436 1738 1961 2009 2370 2482 2690 2839 2912 3035 3106 3416 3431 3561 3784 3851 3937 4243 4438 4797 4991 5180 5212 5502 5651 5751 5964 6021 6083 6120 6148 6479 6699 6915 
#module 76 size: 51 bs: 0.136915
100 417 900 906 960 1066 1097 1189 1333 1525 1681 1714 1752 1767 1940 2046 2084 2207 2328 2538 2560 2575 3178 3304 3800 3810 3964 4182 4204 4497 4628 4677 4717 5043 5287 5426 5529 5564 5602 5633 5649 5687 5721 5791 6306 6404 6447 6481 6643 6683 6809 
#module 77 size: 80 bs: 0.889945
96 162 389 519 568 745 809 1026 1094 1262 1449 1526 1527 1531 1664 1800 2179 2183 2325 2397 2437 2503 2590 2618 2712 2770 2781 2851 2868 2949 3024 3038 3154 3156 3640 3647 3793 3854 4057 4265 4562 4606 4659 4738 4894 4988 5029 5169 5207 5244 5289 5290 5303 5312 5338 5469 5507 5543 5572 5592 5789 5918 5932 5969 6001 6016 6036 6041 6058 6095 6137 6239 6334 6617 6706 6803 6826 6860 6905 6923 
#module 78 size: 60 bs: 0.738361
11 156 461 614 623 805 852 860 870 1073 1082 1090 1102 1109 1413 1516 1834 2201 2300 2478 2514 2555 2582 3074 3117 3187 3241 3276 3290 3337 3629 3660 3767 3867 3932 4386 4405 4505 4554 4627 4635 4650 4792 4827 5209 5276 5335 5508 5607 5652 5706 5758 5923 6031 6089 6121 6246 6501 6553 6846 
#module 79 size: 53 bs: 1.05479
28 382 388 398 407 460 622 657 989 1265 1372 1400 1412 1848 1938 2114 2158 2166 2324 2408 2414 2551 2594 2701 2714 2760 2887 3199 3312 3496 3497 3516 3639 3653 3873 3984 4207 4270 4280 4282 4327 4390 4391 4476 4491 4852 4983 5380 5811 6162 6391 6664 6695 
#module 80 size: 20 bs: 1.0861
22 343 452 590 1375 1899 1968 2011 2331 2608 2793 3820 3826 4051 4267 4336 5267 5334 6065 6576 
#module 81 size: 46 bs: 0.37308
79 172 394 792 911 919 932 1024 1032 1035 1084 1199 1215 1468 1733 1753 1797 2337 2796 2811 2816 2920 2952 2996 3042 3430 3466 3797 4139 4158 4632 4716 4855 5118 5148 5614 5724 5739 6249 6334 6430 6531 6584 6726 6762 6912 
#module 82 size: 102 bs: 0.771412
102 118 197 206 256 297 391 402 531 677 701 736 742 956 1007 1230 1258 1612 1660 1665 1759 1801 1930 2000 2035 2073 2127 2157 2309 2346 2352 2446 2477 2500 2554 2556 2569 2578 2623 2792 2799 2819 2830 2857 3177 3354 3362 3515 3656 3782 3813 3816 3869 3915 3941 3942 3988 4008 4013 4085 4092 4102 4109 4323 4333 4334 4450 4468 4592 4639 4783 4795 4806 5020 5086 5131 5202 5413 5424 5429 5584 5693 5752 5786 5958 6066 6070 6203 6269 6330 6383 6407 6415 6434 6445 6450 6556 6602 6604 6744 6751 6871 
#module 83 size: 114 bs: 0.995316
49 70 123 237 277 291 394 434 442 617 958 972 999 1018 1064 1086 1120 1201 1309 1323 1339 1345 1350 1392 1398 1463 1489 1503 1504 1507 1513 1517 1530 1533 1573 1582 1616 1623 1657 1710 1731 1743 1744 1825 1851 2223 2313 2400 2402 2711 2832 2860 2879 2895 2941 2982 2986 3028 3051 3098 3420 3549 3627 3736 3749 3791 3798 3802 3805 3841 3953 4175 4318 4374 4547 4561 4569 4597 4690 4993 5160 5162 5195 5224 5234 5275 5297 5376 5440 5630 5663 5708 5715 5776 5784 5814 5857 5858 5869 5898 5927 5951 5977 6026 6094 6144 6167 6277 6318 6534 6600 6629 6638 6819 
#module 84 size: 64 bs: 0.865484
47 321 332 447 542 598 700 1036 1096 1378 1538 1561 1655 1691 1777 2042 2092 2398 2488 2519 2562 2569 2632 2721 2784 2788 2864 2948 3393 3427 3438 3446 3620 3769 3859 4085 4326 4425 4997 5034 5067 5133 5155 5326 5437 5556 5569 5699 5729 5771 5786 5830 5866 5938 5968 6214 6365 6408 6431 6599 6781 6830 6843 6888 
#module 85 size: 56 bs: 0.802513
153 190 196 207 232 299 406 904 1022 1206 1473 1497 1948 1957 1992 2074 2233 2284 2481 2749 2852 2998 3056 3130 3492 3692 3694 3732 3836 4127 4268 4446 4535 4574 4824 4854 4907 4973 5011 5021 5113 5171 5374 5563 5637 6103 6171 6178 6260 6320 6461 6525 6528 6606 6784 6854 
#module 86 size: 97 bs: 1.02026
151 211 336 387 425 561 572 628 681 719 764 797 854 1076 1169 1188 1217 1234 1245 1278 1310 1418 1464 1541 1599 1624 1636 1648 1687 1783 1796 1833 1892 1896 1927 1928 2068 2097 2120 2349 2350 2353 2493 2558 2624 2695 2698 2889 3113 3201 3276 3377 3412 3445 3461 3573 3614 3727 3750 3785 4121 4138 4180 4198 4222 4241 4314 4549 4722 4802 4829 4871 4992 5018 5065 5109 5357 5358 5382 5387 5459 5503 5548 5650 5875 5903 6039 6097 6133 6180 6206 6241 6380 6558 6700 6739 6811 
#module 87 size: 66 bs: 0.77242
195 244 270 421 453 457 683 876 1162 1208 1240 1276 1291 1320 1420 1442 1486 1523 1529 1569 1601 1605 1674 1807 1818 2214 2348 2379 2515 2771 2823 2932 2975 3032 3088 3155 3392 3570 3753 3778 3796 4031 4154 4319 4363 4734 4740 4760 5305 5327 5645 5653 5731 5845 5953 6185 6198 6205 6238 6309 6322 6422 6485 6578 6597 6795 
#module 88 size: 33 bs: 0.242644
353 496 811 877 889 1378 1408 1926 2161 2498 2662 2681 2925 3060 3678 4149 4312 4359 4408 4930 4946 5107 5277 5638 5753 6003 6134 6213 6267 6441 6462 6482 6545 
#module 89 size: 59 bs: 0.541084
112 176 308 409 418 614 1010 1109 1223 1349 1455 1457 1466 1493 1630 1682 2065 2555 2625 2660 2687 2762 2783 2897 3018 3025 3227 3290 3328 3340 3629 3638 3708 3781 3815 4255 4403 4445 4684 4688 4699 4738 5170 5186 5614 5763 5785 5787 5929 5932 5970 6025 6058 6372 6379 6397 6420 6421 6464 
#module 90 size: 71 bs: 0.26823
129 233 313 527 538 576 790 878 913 962 992 1021 1138 1244 1668 1694 1702 1875 1876 2028 2099 2321 2510 2513 2526 2651 2668 2677 2704 2742 2908 3030 3114 3190 3235 3361 3402 3418 3617 3644 4077 4221 4224 4306 4509 4604 4614 4625 4739 4787 4861 4951 5045 5066 5076 5206 5917 5921 6000 6004 6027 6050 6173 6258 6392 6659 6710 6728 6755 6802 6856 
#module 91 size: 65 bs: 0.517419
122 168 177 200 310 448 723 865 1052 1181 1288 1643 1912 1964 1993 2054 2126 2303 2314 2378 2401 2409 2509 2752 2798 2945 3015 3017 3151 3182 3302 3474 3489 3602 3637 3896 3997 3998 4053 4103 4294 4343 4379 4474 4775 4780 4794 4912 5051 5340 5423 5460 5510 5609 5667 5926 6117 6571 6588 6729 6754 6859 6891 6898 6906 
#module 92 size: 48 bs: 0.523194
54 75 248 262 453 1030 1034 1060 1327 1452 1681 1829 1913 2108 2111 2149 2174 2561 2706 2707 2753 2763 2765 2943 2979 2988 3155 3229 3752 4087 4356 4704 5080 5214 5242 5470 5710 5864 5888 5973 6011 6047 6057 6100 6432 6609 6732 6848 
#module 93 size: 51 bs: 0.88754
113 216 283 333 400 528 645 902 995 1152 1200 1391 1805 2323 2392 2467 2732 2827 3160 3251 3295 3313 3373 3454 3888 3929 3948 4019 4273 4321 4469 4504 4564 4565 4578 4582 4588 4803 4864 5167 5518 5525 5616 5726 5846 5880 6081 6161 6516 6662 6922 
#module 94 size: 67 bs: 0.666686
42 45 86 271 384 405 414 466 505 522 556 583 616 724 735 1037 1072 1154 1394 1395 1396 1613 1750 1773 1919 2014 2019 2096 2120 2293 2331 2355 2423 2441 2447 2664 2842 2894 3209 3287 3353 3539 3600 3743 3852 3875 3916 4017 4242 4258 4332 4508 4546 4984 5172 5189 5385 5515 5568 5617 5736 5876 6195 6517 6627 6651 6778 
#module 95 size: 14 bs: 0.623275
535 567 2189 2581 3055 3119 3315 4042 4163 5025 5280 5350 6119 6628 
#module 96 size: 39 bs: 0.665798
246 385 484 557 648 706 799 1259 1287 1689 1947 2086 2170 2193 2365 2611 2617 2905 3563 3730 4001 4082 4323 4473 4801 4925 4932 5020 5157 5696 5767 6085 6121 6191 6367 6575 6580 6759 6806 
#module 97 size: 29 bs: 0.722797
35 306 423 638 847 849 939 1054 1580 1628 2048 2238 2814 2872 2964 2972 3930 4168 4433 4671 4817 5325 5396 5756 5780 5855 6321 6499 6545 
#module 98 size: 40 bs: 1.03759
3 7 581 825 1099 1438 1439 1483 1713 1725 1768 2123 2313 2323 2886 2953 3345 3588 3606 3843 4140 4189 4551 4803 4846 4895 4927 5168 5229 5525 5704 5719 5792 5906 6006 6115 6232 6419 6439 6562 
#module 99 size: 1 bs: 1
65 
#module 100 size: 1 bs: 1
2959 
#module 101 size: 1 bs: 1
97 
#module 102 size: 1 bs: 1
6314 
#module 103 size: 1 bs: 1
192 
#module 104 size: 1 bs: 1
2855 
#module 105 size: 1 bs: 1
377 
#module 106 size: 1 bs: 1
5415 
#module 107 size: 1 bs: 1
518 
#module 108 size: 1 bs: 1
3847 
#module 109 size: 1 bs: 1
982 
#module 110 size: 1 bs: 1
13 
#module 111 size: 1 bs: 1
1654 
#module 112 size: 1 bs: 1
1186 
#module 113 size: 1 bs: 1
1841 
#module 114 size: 1 bs: 1
3174 
#module 115 size: 1 bs: 1
1965 
#module 116 size: 1 bs: 1
541 
#module 117 size: 1 bs: 1
2173 
#module 118 size: 1 bs: 1
5153 
#module 119 size: 1 bs: 1
5954 
#module 120 size: 1 bs: 1
2545 
#module 121 size: 1 bs: 1
5068 
#module 122 size: 1 bs: 1
3523 
#module 123 size: 1 bs: 1
2308 
#module 124 size: 1 bs: 1
3679 
#module 125 size: 1 bs: 1
1218 
#module 126 size: 1 bs: 1
3786 
#module 127 size: 1 bs: 1
3783 
#module 128 size: 1 bs: 1
4151 
#module 129 size: 1 bs: 1
4436 
#module 130 size: 1 bs: 1
5660 
#module 131 size: 1 bs: 1
5142 
#module 132 size: 1 bs: 1
6247 
#module 133 size: 1 bs: 1
5781 
#module 134 size: 1 bs: 1
2992 
#module 135 size: 1 bs: 1
3605 
#module 136 size: 1 bs: 1
5912 
#module 137 size: 1 bs: 1
3906 
#module 138 size: 1 bs: 1
459 
#module 139 size: 1 bs: 1
1118 
#module 140 size: 1 bs: 1
463 
#module 141 size: 1 bs: 1
4437 
#module 142 size: 1 bs: 1
472 
#module 143 size: 1 bs: 1
3349 
#module 144 size: 1 bs: 1
5093 
#module 145 size: 1 bs: 1
1039 
#module 146 size: 1 bs: 1
2901 
#module 147 size: 1 bs: 1
1045 
#module 148 size: 1 bs: 1
1454 
#module 149 size: 1 bs: 1
1171 
#module 150 size: 1 bs: 1
6720 
#module 151 size: 1 bs: 1
1185 
#module 152 size: 1 bs: 1
1229 
#module 153 size: 1 bs: 1
1414 
#module 154 size: 1 bs: 1
1242 
#module 155 size: 1 bs: 1
6787 
#module 156 size: 1 bs: 1
1363 
#module 157 size: 1 bs: 1
4641 
#module 158 size: 1 bs: 1
1485 
#module 159 size: 1 bs: 1
2680 
#module 160 size: 1 bs: 1
6506 
#module 161 size: 1 bs: 1
1618 
#module 162 size: 1 bs: 1
6093 
#module 163 size: 1 bs: 1
1647 
#module 164 size: 1 bs: 1
4524 
#module 165 size: 1 bs: 1
2907 
#module 166 size: 1 bs: 1
2315 
#module 167 size: 1 bs: 1
3704 
#module 168 size: 1 bs: 1
5681 
#module 169 size: 1 bs: 1
2516 
#module 170 size: 1 bs: 1
3961 
#module 171 size: 1 bs: 1
2559 
#module 172 size: 1 bs: 1
2633 
#module 173 size: 1 bs: 1
2610 
#module 174 size: 1 bs: 1
5989 
#module 175 size: 1 bs: 1
4194 
#module 176 size: 1 bs: 1
2743 
#module 177 size: 1 bs: 1
3623 
#module 178 size: 1 bs: 1
5008 
#module 179 size: 1 bs: 1
3136 
#module 180 size: 1 bs: 1
6837 
#module 181 size: 1 bs: 1
3451 
#module 182 size: 1 bs: 1
5841 
#module 183 size: 1 bs: 1
3770 
#module 184 size: 1 bs: 1
6324 
#module 185 size: 1 bs: 1
3883 
#module 186 size: 1 bs: 1
5151 
#module 187 size: 1 bs: 1
4453 
#module 188 size: 1 bs: 1
6913 
#module 189 size: 1 bs: 1
5618 
#module 190 size: 1 bs: 1
5794 
#module 191 size: 1 bs: 1
6452 
#module 192 size: 1 bs: 1
6593 
