#module 0 size: 2 bs: 5.55112e-16
9854 11509 
#module 1 size: 3 bs: 9.50529e-101
5377 9127 9635 
#module 2 size: 3 bs: 9.31427e-101
841 6897 10849 
#module 3 size: 2 bs: 0.0206461
86 3195 
#module 4 size: 2 bs: 4.45976e-101
6549 8236 
#module 5 size: 15 bs: 7.50297e-101
621 1221 2683 3184 3944 4249 4288 5436 6168 6316 7306 7442 7977 8804 9304 
#module 6 size: 2 bs: 1.78409e-101
8217 10606 
#module 7 size: 4 bs: 7.93876e-101
984 3776 8051 10910 
#module 8 size: 2 bs: 6.51536e-101
6769 8327 
#module 9 size: 2 bs: 7.48164e-103
152 8613 
#module 10 size: 2 bs: 7.06384e-101
7165 8083 
#module 11 size: 3 bs: 1.33863e-101
5701 6905 9501 
#module 12 size: 9 bs: 8.33049e-09
1425 3025 3501 5747 7439 7511 8098 9396 10162 
#module 13 size: 3 bs: 5.82774e-101
1911 3840 4533 
#module 14 size: 2 bs: 6.3907e-101
5316 7984 
#module 15 size: 5 bs: 4.23921e-101
1228 3301 6484 7025 8646 
#module 16 size: 2 bs: 9.51287e-102
1559 8552 
#module 17 size: 2 bs: 7.34115e-101
2881 9107 
#module 18 size: 6 bs: 1.33364e-09
1814 2522 3037 4117 4971 10382 
#module 19 size: 3 bs: 8.55775e-101
6917 8264 8882 
#module 20 size: 2 bs: 6.38585e-102
4496 9117 
#module 21 size: 3 bs: 8.25797e-101
6059 6175 8877 
#module 22 size: 2 bs: 9.28131e-101
7510 10461 
#module 23 size: 10 bs: 1.62112e-06
2764 4425 4634 5120 6065 7517 7942 8257 8488 9142 
#module 24 size: 2 bs: 9.70355e-101
7213 10691 
#module 25 size: 5 bs: 1.39535e-103
3158 4024 5698 7032 9795 
#module 26 size: 3 bs: 9.93911e-101
462 5903 6426 
#module 27 size: 4 bs: 9.23973e-101
3026 4884 5972 8943 
#module 28 size: 2 bs: 4.47356e-101
1725 6411 
#module 29 size: 2 bs: 1.22125e-15
4072 5451 
#module 30 size: 2 bs: 9.0848e-101
8047 10206 
#module 31 size: 3 bs: 1.33063e-101
391 2800 3481 
#module 32 size: 3 bs: 6.21932e-101
5933 8384 10081 
#module 33 size: 3 bs: 1.33227e-15
5740 8350 9238 
#module 34 size: 2 bs: 6.34672e-101
2324 2724 
#module 35 size: 7 bs: 2.19836e-101
196 2082 2319 3657 10325 10675 10951 
#module 36 size: 2 bs: 2.24369e-101
1284 4637 
#module 37 size: 2 bs: 1.65347e-101
10733 11878 
#module 38 size: 2 bs: 7.93917e-103
688 4371 
#module 39 size: 14 bs: 6.7981e-08
792 1250 1502 2527 3131 3409 4528 5192 6024 6273 7361 8656 9825 10107 
#module 40 size: 3 bs: 1.47893e-101
2413 5623 8688 
#module 41 size: 3 bs: 9.2476e-101
3296 5755 7625 
#module 42 size: 3 bs: 1.2781e-102
207 4396 10291 
#module 43 size: 2 bs: 4.46946e-101
1150 5020 
#module 44 size: 2 bs: 8.02104e-101
4469 10972 
#module 45 size: 3 bs: 3.20555e-101
431 3242 10871 
#module 46 size: 3 bs: 1.72633e-101
3837 5474 8932 
#module 47 size: 3 bs: 7.88532e-101
1063 1866 7526 
#module 48 size: 2 bs: 7.72609e-101
10925 12944 
#module 49 size: 19 bs: 2.87437e-13
894 1851 2983 3032 3324 3936 4184 4241 4430 5099 5730 5771 6587 7087 7198 7333 7858 9814 11141 
#module 50 size: 2 bs: 4.60152e-101
9414 11215 
#module 51 size: 3 bs: 4.87572e-102
5872 7389 7404 
#module 52 size: 2 bs: 3.54989e-101
7804 9204 
#module 53 size: 3 bs: 4.28207e-101
5300 7375 9357 
#module 54 size: 4 bs: 3.33067e-16
1293 2830 3600 11139 
#module 55 size: 7 bs: 1.6598e-06
1086 1271 7916 8462 9728 10096 10149 
#module 56 size: 13 bs: 9.00349e-101
580 2210 3407 3590 4110 5638 5893 6352 7850 8750 10658 12642 12881 
#module 57 size: 5 bs: 3.62502e-101
3308 5431 6147 6366 8777 
#module 58 size: 13 bs: 1.22125e-15
1779 2408 3646 3803 5725 5811 5881 6625 6698 7170 8307 9912 10022 
#module 59 size: 3 bs: 9.49689e-101
760 8026 9236 
#module 60 size: 16 bs: 8.4422e-06
32 1576 2129 2148 3590 4099 5780 6001 6834 7361 7770 7861 7966 8059 8290 10708 
#module 61 size: 18 bs: 4.91898e-10
440 650 1524 1779 2496 3641 4500 4579 4764 4999 5093 5278 5419 5541 5964 8346 8792 10927 
#module 62 size: 2 bs: 3.7208e-101
3271 8082 
#module 63 size: 3 bs: 2.93529e-101
2481 5602 8628 
#module 64 size: 3 bs: 8.80438e-101
4310 10097 10617 
#module 65 size: 3 bs: 2.05884e-101
4875 9573 10950 
#module 66 size: 4 bs: 8.77122e-101
705 2967 5602 11267 
#module 67 size: 2 bs: 1.88573e-101
2237 8788 
#module 68 size: 6 bs: 7.98265e-101
1594 4457 4618 5397 6384 10660 
#module 69 size: 9 bs: 9.28212e-101
66 581 4529 6416 7982 8559 9018 9317 9632 
#module 70 size: 3 bs: 4.52884e-101
7588 8599 10349 
#module 71 size: 18 bs: 1.33052e-06
442 1611 1620 1819 2325 2377 3052 3676 3711 4850 5910 6942 7104 7271 7731 9317 10012 10104 
#module 72 size: 9 bs: 1.60982e-14
791 1226 1250 1322 1324 4197 4932 6990 10894 
#module 73 size: 27 bs: 0.000593736
345 348 652 857 934 1606 1732 1843 2931 3396 3463 3595 3613 3666 3993 5050 5343 5618 6090 6126 6440 6528 7053 7248 7329 8892 10369 
#module 74 size: 3 bs: 6.2957e-101
5417 5768 6050 
#module 75 size: 3 bs: 2.82561e-101
4273 8132 9232 
#module 76 size: 19 bs: 1.84811e-07
40 318 1363 2129 2788 3936 5033 5520 6345 6669 6850 7481 7609 8485 9735 10783 10974 12899 12949 
#module 77 size: 18 bs: 6.66134e-15
894 1155 1818 2250 5225 5247 5419 5891 6056 7184 7506 8691 8992 9531 9964 10310 10672 11106 
#module 78 size: 19 bs: 2.27187e-07
300 318 717 727 867 1630 2744 4036 4222 4764 5099 5419 6313 7877 8650 9219 9593 10195 11465 
#module 79 size: 3 bs: 5.74463e-101
8728 8981 9632 
#module 80 size: 8 bs: 0.591225
392 1598 1854 2041 3525 5114 6189 8365 
#module 81 size: 6 bs: 0.734307
601 2411 4134 5832 6144 6880 
#module 82 size: 3 bs: 0.814144
433 3826 7563 
#module 83 size: 6 bs: 0.985287
1616 1735 4964 5008 5136 11146 
#module 84 size: 5 bs: 0.782282
3375 3470 5646 8818 9806 
#module 85 size: 9 bs: 0.26923
763 3751 4560 5277 6064 9295 10274 10434 12591 
#module 86 size: 4 bs: 0.974258
1385 1946 4356 5055 
#module 87 size: 15 bs: 0.97608
923 1095 1193 1751 3213 3842 5270 5649 6396 7345 7626 8771 9444 9799 9991 
#module 88 size: 9 bs: 0.122389
814 2643 2655 3196 4195 5061 7711 10007 10873 
#module 89 size: 13 bs: 1.0547
565 937 2436 2525 2660 3015 5454 5829 5946 6704 9055 9966 11124 
#module 90 size: 11 bs: 0.907256
360 832 987 1543 2851 3145 3673 4567 5259 7579 8271 
#module 91 size: 15 bs: 0.484203
2022 3600 3979 5125 5609 5684 5851 7241 7928 8473 9174 9578 9583 10068 10436 
#module 92 size: 22 bs: 0.731333
39 461 537 906 2427 2580 4174 4377 4917 5184 5882 6063 6652 7176 7330 7678 8191 8439 9371 9992 10416 10611 
#module 93 size: 11 bs: 0.914106
327 1556 1698 3322 3923 4064 7043 8673 8759 9201 11377 
#module 94 size: 5 bs: 1.02252
4506 5126 6654 9948 10678 
#module 95 size: 8 bs: 0.323491
2083 5629 5908 6357 6738 7116 9092 10252 
#module 96 size: 5 bs: 0.36128
2675 2720 3470 4245 11441 
#module 97 size: 5 bs: 0.667755
333 335 2003 3990 6986 
#module 98 size: 17 bs: 0.647309
518 633 689 1014 1466 1479 1938 2502 3459 4415 6161 6361 6821 8571 9969 10062 10449 
#module 99 size: 5 bs: 1.07652
2386 6948 7059 10982 11635 
#module 100 size: 5 bs: 0.102299
1063 2559 8446 10614 11703 
#module 101 size: 7 bs: 0.233901
329 986 1655 3866 5371 8466 9162 
#module 102 size: 7 bs: 0.879754
4080 4659 8089 8139 9647 9784 10541 
#module 103 size: 4 bs: 1.09189
7277 7642 9033 10317 
#module 104 size: 17 bs: 0.804765
778 1520 1681 2196 2312 2604 5416 6307 6338 6819 7710 8246 8401 8927 10119 10298 10869 
#module 105 size: 4 bs: 0.599422
3134 4631 6662 9587 
#module 106 size: 8 bs: 0.708795
726 2929 4168 4963 6591 6925 7089 8825 
#module 107 size: 4 bs: 1.07121
33 1225 1919 5819 
#module 108 size: 4 bs: 0.360578
5294 5407 6229 8194 
#module 109 size: 5 bs: 0.395735
3739 6537 8140 10279 10508 
#module 110 size: 10 bs: 0.867923
1126 1703 1994 3085 4287 4292 4380 4957 9970 11258 
#module 111 size: 16 bs: 0.443878
95 1483 2594 3030 3854 4135 5204 5461 5581 5936 7471 7823 8306 8762 9525 10705 
#module 112 size: 9 bs: 0.45753
982 2025 2238 3022 3205 5175 8447 9560 11027 
#module 113 size: 22 bs: 0.173132
136 307 784 1072 1414 1440 2033 2340 2893 2966 4915 5686 5982 7416 7606 7614 7750 8278 8937 9495 10581 12545 
#module 114 size: 48 bs: 0.592301
40 1409 1473 1481 1495 1661 2164 2184 2187 2235 2378 2576 3023 3319 3351 3512 3513 3518 3728 3766 4285 4650 4688 5001 5142 5287 5460 5509 5986 6005 6149 6188 6717 6817 7087 7279 7413 7549 7617 7828 8272 8588 8853 9186 9679 9741 9850 10729 
#module 115 size: 7 bs: 0.990954
437 3133 5643 6571 7166 9163 9804 
#module 116 size: 5 bs: 0.634151
1528 3617 5495 5754 7936 
#module 117 size: 7 bs: 1.00049
608 4137 7466 7847 8551 9296 10811 
#module 118 size: 12 bs: 0.416742
1312 2688 3559 4465 6107 6137 7262 8066 8946 9165 9397 10003 
#module 119 size: 5 bs: 0.925571
677 856 1758 7903 10415 
#module 120 size: 14 bs: 0.491958
215 424 1101 2311 2775 3808 5616 5676 6047 6239 9944 10073 10732 11095 
#module 121 size: 11 bs: 0.93506
1280 1403 1992 4397 6870 6920 7339 7755 9621 11083 12264 
#module 122 size: 3 bs: 0.612396
1450 3686 9512 
#module 123 size: 4 bs: 0.822587
1063 1912 6185 11441 
#module 124 size: 9 bs: 0.27685
1294 5000 5411 6374 6475 7860 8044 8250 10443 
#module 125 size: 8 bs: 1.01679
159 2494 3226 3243 5848 6956 9039 10584 
#module 126 size: 9 bs: 0.26646
1198 4323 4375 5773 7255 9196 10051 10509 12885 
#module 127 size: 13 bs: 0.38653
1419 1458 2482 3533 3546 5388 5465 6427 7123 7878 9224 9427 10336 
#module 128 size: 11 bs: 0.719087
1421 1525 2372 2882 3036 3097 3251 4373 7307 9708 11269 
#module 129 size: 33 bs: 0.186365
29 190 1203 1572 1629 1763 1812 2552 2695 3067 3444 3483 3789 3907 4428 4485 4752 5557 5564 6644 6761 7045 7364 7429 7663 7740 8661 9138 9293 9456 9612 9759 10883 
#module 130 size: 60 bs: 0.154242
65 675 687 1013 1017 1057 1475 1957 2071 2202 2275 2300 2307 2332 2362 2467 2562 2812 2858 2909 3257 3493 3568 3702 3732 3901 4005 4017 4175 4311 4687 4958 5145 5257 5569 5685 5925 6118 6284 6980 7023 7238 7498 7562 7605 7608 7651 7831 8149 8452 8531 8972 9185 9305 9771 9878 10169 10582 10814 11513 
#module 131 size: 12 bs: 0.838818
892 1100 1778 1878 3474 5170 5252 5746 5782 6846 8121 9407 
#module 132 size: 8 bs: 0.463313
1796 1876 3374 4340 5442 6506 8124 10272 
#module 133 size: 9 bs: 0.620349
2052 2785 3797 4133 4736 4823 5903 9978 10182 
#module 134 size: 11 bs: 0.945211
917 1530 1907 3787 4582 5190 6250 8740 9057 9886 10559 
#module 135 size: 9 bs: 0.107602
1128 4427 4754 4779 7185 7292 9156 9920 10918 
#module 136 size: 12 bs: 0.316342
565 2077 4050 4785 5103 5282 5462 7148 7568 7673 8189 11694 
#module 137 size: 9 bs: 0.511026
209 295 1981 2349 4532 7383 8675 9695 10781 
#module 138 size: 11 bs: 0.307299
243 278 3809 4000 5267 5806 6540 6779 6787 7067 9845 
#module 139 size: 6 bs: 0.454712
1359 5076 5637 6486 8115 8435 
#module 140 size: 13 bs: 0.153563
242 613 1212 1668 3178 4127 4180 6079 6709 7227 7816 8335 10147 
#module 141 size: 10 bs: 1.08327
811 1757 3255 3764 3995 4041 5482 5926 7006 9571 
#module 142 size: 4 bs: 0.460318
5036 5178 7509 9300 
#module 143 size: 14 bs: 0.781771
642 1176 1465 1524 1849 1998 2746 2802 2868 3342 3571 3812 5564 6130 
#module 144 size: 6 bs: 0.544026
708 4032 5098 6712 7079 11712 
#module 145 size: 4 bs: 0.963321
489 5639 10641 10928 
#module 146 size: 37 bs: 0.568788
899 1156 1190 1430 1726 2232 2563 3440 3508 3791 3878 3962 4326 4613 4707 4860 5051 5146 5157 5246 5459 6514 6599 6616 6711 7406 7651 7719 7941 9274 9604 9709 9740 10256 10355 10472 11150 
#module 147 size: 10 bs: 0.275922
12 183 2295 3306 3736 5753 6184 8141 9175 9297 
#module 148 size: 6 bs: 0.326541
1015 2939 3232 7889 8067 9457 
#module 149 size: 5 bs: 0.835672
698 4022 4339 5152 10952 
#module 150 size: 11 bs: 0.177308
975 1027 1391 1406 2088 2548 7435 8987 9675 10546 10978 
#module 151 size: 8 bs: 0.902467
2081 2133 3403 5058 6718 8475 9250 11023 
#module 152 size: 10 bs: 0.371624
777 1034 1665 6565 9044 9146 9400 10613 10727 12790 
#module 153 size: 27 bs: 1.07451
174 1024 1073 1492 1503 1811 2072 2600 3005 3168 3203 3316 3514 3550 5091 5866 6367 6744 7426 7668 7909 8242 8570 9223 9334 10376 11005 
#module 154 size: 13 bs: 0.428244
5 1717 4150 6203 8538 9326 9526 9644 10087 10174 10220 10266 10392 
#module 155 size: 27 bs: 0.464108
7 383 561 573 873 970 1255 1349 1846 1983 2407 2829 2979 3080 3770 4726 5924 6108 6440 6896 7045 8106 8409 8549 8573 9200 9277 
#module 156 size: 27 bs: 0.748717
292 553 945 1342 1566 2299 4116 4498 4733 4789 4968 5735 5852 5896 6434 6437 6720 6825 6941 7438 7493 8015 8970 8984 9356 10593 12475 
#module 157 size: 13 bs: 0.187461
600 877 1303 1377 1423 1750 4264 5052 6868 7022 8333 9027 10181 
#module 158 size: 4 bs: 0.649914
3091 5769 9330 9344 
#module 159 size: 5 bs: 0.792511
3081 4033 4629 7952 8214 
#module 160 size: 7 bs: 0.755751
653 2590 2658 6274 6424 8382 8641 
#module 161 size: 26 bs: 0.999905
961 1534 1558 1560 2043 3263 4996 5463 5571 5766 6012 6141 6265 6420 6454 6613 7211 8253 8858 9697 9767 10198 10341 10893 10967 12756 
#module 162 size: 5 bs: 0.377374
1270 5387 8630 8910 11571 
#module 163 size: 6 bs: 0.990257
565 1253 1380 2505 6314 6856 
#module 164 size: 10 bs: 0.927175
462 654 806 2999 3820 4198 4447 5948 6918 7153 
#module 165 size: 4 bs: 0.156365
2002 2853 6288 7555 
#module 166 size: 8 bs: 0.909971
2526 3163 3292 4612 6190 7190 8526 9818 
#module 167 size: 7 bs: 0.758514
1480 1536 2118 4755 6511 7857 9916 
#module 168 size: 21 bs: 0.412943
211 456 493 1486 1853 2837 2991 3138 3167 3291 3822 4178 5216 5704 6264 7015 7039 7424 7611 7709 10920 
#module 169 size: 5 bs: 0.597481
617 5040 7572 8434 10303 
#module 170 size: 10 bs: 0.65203
1527 3594 3785 4271 5054 7898 8054 8598 9193 10240 
#module 171 size: 6 bs: 0.665662
1135 1490 1609 6544 6899 8200 
#module 172 size: 14 bs: 0.492131
996 1745 1896 3050 5311 5672 5810 5875 6020 6467 8353 8869 9439 11694 
#module 173 size: 9 bs: 1.03545
2668 2807 3142 5032 5087 6120 6674 7019 10230 
#module 174 size: 5 bs: 0.421751
1565 1687 1829 7028 10587 
#module 175 size: 7 bs: 0.434798
989 1595 1634 6215 6879 7770 10320 
#module 176 size: 20 bs: 0.265873
528 567 641 1132 2069 2750 3336 3359 4368 4697 5618 6002 6390 6621 6747 7140 7226 9632 10359 11371 
#module 177 size: 15 bs: 0.922688
1277 1462 1518 1632 1695 2221 3417 3678 5121 6174 6199 6841 6994 9316 9539 
#module 178 size: 11 bs: 0.383348
3223 3471 3797 5089 5370 5739 7249 8235 8349 8741 10871 
#module 179 size: 4 bs: 0.546171
1425 1427 2270 11135 
#module 180 size: 9 bs: 0.165334
16 764 3109 3268 5101 6861 7955 8499 9990 
#module 181 size: 23 bs: 0.36265
346 554 992 1886 2791 3408 3420 3615 3753 4091 4652 4735 6013 6220 6560 7379 7418 8178 9342 9701 9836 11334 12609 
#module 182 size: 9 bs: 0.264969
222 1614 3350 4722 8717 10080 11006 11110 11711 
#module 183 size: 4 bs: 0.601008
3031 3101 5780 10887 
#module 184 size: 8 bs: 0.930264
49 1258 3297 3338 4014 4715 7018 9758 
#module 185 size: 15 bs: 0.564193
2308 2573 2739 3247 3644 4781 5593 5922 6186 6526 7298 8636 8878 9537 11209 
#module 186 size: 13 bs: 0.569708
541 2554 2987 3305 3896 4408 6589 6794 7551 7874 8088 9104 10894 
#module 187 size: 14 bs: 0.517229
585 680 876 1167 3939 4033 4411 4433 7058 7169 7800 8773 10402 10568 
#module 188 size: 7 bs: 0.368239
625 1350 1650 3065 3275 6201 10955 
#module 189 size: 6 bs: 0.876961
1265 2347 3631 8127 9840 10746 
#module 190 size: 21 bs: 0.90712
1116 1612 1713 2537 2635 4023 4145 4366 4728 5615 6128 6630 6945 7042 7585 8200 8410 8877 9027 9217 10251 
#module 191 size: 9 bs: 0.756944
702 1354 1613 2649 3699 3763 7099 9208 10271 
#module 192 size: 7 bs: 0.110702
4132 4937 6175 6509 7189 8162 8174 
#module 193 size: 8 bs: 0.918566
1144 1378 2755 5599 6855 6897 7492 9481 
#module 194 size: 19 bs: 0.529857
66 948 1100 1133 2074 2725 2754 2985 3966 4525 4529 5332 6139 6757 7729 7982 8012 8602 9317 
#module 195 size: 12 bs: 0.609048
52 858 1658 2268 3119 3741 4234 4462 4572 6341 9517 11117 
#module 196 size: 5 bs: 1.08677
2898 3748 5348 5483 9319 
#module 197 size: 3 bs: 0.125217
1463 3117 7667 
#module 198 size: 8 bs: 0.171066
1540 3638 4935 5109 5850 7220 7721 9928 
#module 199 size: 12 bs: 1.01637
1601 3425 3580 4244 4338 4350 4706 6945 7009 7324 8416 9074 
#module 200 size: 50 bs: 0.293736
31 48 50 826 2256 2520 2928 2988 3004 3280 3412 3416 3545 3563 3782 3895 4092 4146 4821 5074 5213 5275 5289 5309 5357 5721 6089 6207 6586 6615 6901 7088 7706 7886 7892 8213 8368 8427 9420 9667 9682 9922 10103 10358 10406 10627 10819 10834 13003 13019 
#module 201 size: 12 bs: 0.560923
1007 1029 3046 4103 5233 6768 7505 8077 8135 8717 9099 11010 
#module 202 size: 5 bs: 0.118533
1235 3610 3882 8419 9939 
#module 203 size: 5 bs: 0.825567
2037 2166 2483 3626 8056 
#module 204 size: 17 bs: 0.945985
574 983 1103 1195 1305 1863 3547 3853 4588 4612 4780 4912 5761 6443 6852 6876 11551 
#module 205 size: 14 bs: 0.179242
140 1170 2224 4157 4624 5607 6109 6202 7286 7396 7688 8080 8904 10067 
#module 206 size: 13 bs: 1.05565
885 1196 1261 2925 3346 3743 5258 7835 7945 8308 8629 10034 10641 
#module 207 size: 5 bs: 0.79088
5410 5538 6657 7034 8950 
#module 208 size: 10 bs: 0.968528
2313 2342 2555 4223 5458 6380 7834 8361 9164 10264 
#module 209 size: 13 bs: 0.257851
780 2524 3650 3684 3796 4839 5496 5808 6875 6910 7730 8010 8347 
#module 210 size: 12 bs: 0.511984
644 3003 4524 4587 4774 4800 5453 6672 6965 7326 7489 8420 
#module 211 size: 53 bs: 0.975605
623 665 914 930 952 1194 1604 1649 1766 1951 2167 2425 2786 2981 3238 3510 3588 3605 3632 3998 4297 4794 4991 5186 5395 5426 5603 5851 6404 6447 6463 6505 6577 6729 7322 7548 7805 7856 8011 8024 8267 8521 8664 9032 9041 9360 10088 10861 11014 11113 11231 11643 11936 
#module 212 size: 5 bs: 0.191183
866 3277 3524 8563 10754 
#module 213 size: 3 bs: 0.636065
7269 7463 10463 
#module 214 size: 7 bs: 0.580413
1724 1833 4961 5066 5807 9009 10425 
#module 215 size: 4 bs: 0.24017
1124 3677 3830 7664 
#module 216 size: 5 bs: 0.993841
565 1832 6032 8238 9173 
#module 217 size: 9 bs: 0.758132
964 2645 3334 5063 5116 5487 8464 8839 9668 
#module 218 size: 12 bs: 1.08832
2747 3405 4474 4753 5118 5243 6772 6808 6962 8455 10809 11488 
#module 219 size: 12 bs: 0.101317
58 907 1069 2403 3227 3592 3852 4417 4497 6041 6830 10636 
#module 220 size: 31 bs: 0.804042
26 488 879 1548 1881 2126 2321 2856 3116 3320 3951 4129 4276 4646 4838 4959 5196 5359 5491 5731 7179 7456 7657 7706 8071 9047 9490 9551 10637 10771 10816 
#module 221 size: 3 bs: 0.305837
3354 3710 11498 
#module 222 size: 6 bs: 0.567176
3 2824 3713 6927 8029 12726 
#module 223 size: 5 bs: 0.429282
1213 3553 4562 5892 9476 
#module 224 size: 7 bs: 0.952043
1184 1694 2030 4984 8860 9051 10744 
#module 225 size: 8 bs: 0.266679
543 2670 3137 4848 4982 5759 6028 8769 
#module 226 size: 41 bs: 0.858412
485 1115 1178 1273 1326 1396 1597 2108 2704 2719 2978 3218 4142 4472 4698 4717 4797 4940 5053 5134 5144 5165 5585 5801 6143 6213 6323 6451 7107 7308 7932 7934 8515 8801 8939 9100 9355 9467 10277 10523 12874 
#module 227 size: 25 bs: 0.143487
256 371 459 614 630 670 910 1531 1722 1985 2193 2207 2209 4828 5206 5837 5965 6327 7230 7432 9046 9152 10130 10140 10847 
#module 228 size: 5 bs: 0.293705
5276 5675 6640 7288 8737 
#module 229 size: 8 bs: 0.447972
1624 2578 2934 5548 5659 6175 6993 7228 
#module 230 size: 5 bs: 0.608875
2049 4887 7540 8195 8323 
#module 231 size: 7 bs: 0.639926
2528 2559 3858 3950 6647 8437 8910 
#module 232 size: 12 bs: 0.553861
480 1125 2227 4177 4701 5481 6791 6835 7156 7519 9786 9876 
#module 233 size: 5 bs: 0.5894
1489 4006 4302 5123 8564 
#module 234 size: 5 bs: 0.608677
1927 4955 5163 10337 10980 
#module 235 size: 15 bs: 0.768599
184 1079 2214 3112 3542 4946 5289 5366 7336 7408 8208 8877 9260 10197 10947 
#module 236 size: 14 bs: 0.105809
535 1197 1577 1677 5171 5239 5367 5918 6326 6660 7431 9151 10717 10933 
#module 237 size: 11 bs: 0.864901
458 1838 3724 4313 4382 5880 6664 8133 8225 8931 10115 
#module 238 size: 11 bs: 0.699176
503 695 1939 3235 3927 4237 5422 6177 6693 8033 10522 
#module 239 size: 4 bs: 0.702093
141 2048 3631 9162 
#module 240 size: 64 bs: 0.760435
139 447 900 938 983 1068 1080 1357 1426 1840 1922 2094 2290 2292 2359 2661 2702 2787 3252 3270 3733 3938 4042 4083 4109 4146 4293 4515 4696 4864 4924 4939 5073 5254 5364 6196 6233 6369 6722 6881 7120 7239 7325 7388 7393 7449 7807 7844 7894 7896 7940 8093 8207 8222 8262 8331 8369 8700 9422 10213 10331 10458 11490 12249 
#module 241 size: 7 bs: 0.942335
28 1469 2720 3007 4643 5448 10722 
#module 242 size: 4 bs: 1.01181
1148 3368 6724 9359 
#module 243 size: 6 bs: 0.342553
8 46 2473 6349 8953 9671 
#module 244 size: 9 bs: 0.905768
1686 1793 1861 2409 5274 8108 8881 9765 10348 
#module 245 size: 6 bs: 1.08569
1438 1631 2735 4122 4592 8443 
#module 246 size: 3 bs: 1.08872
475 721 4844 
#module 247 size: 14 bs: 0.34556
202 1501 2208 2347 2503 2545 2676 3377 4820 4859 7547 8353 9106 9832 
#module 248 size: 6 bs: 0.124396
1517 3373 3867 4002 4806 9857 
#module 249 size: 4 bs: 0.271783
3211 4412 8800 8852 
#module 250 size: 13 bs: 0.129564
32 347 1774 4099 5021 6330 6554 6582 6730 7772 8115 9145 9581 
#module 251 size: 6 bs: 0.578901
185 2960 4435 7343 7607 8036 
#module 252 size: 4 bs: 0.571823
1139 3503 5082 9867 
#module 253 size: 9 bs: 0.26703
1690 1956 2533 6019 6862 9016 9265 9315 10407 
#module 254 size: 12 bs: 0.91439
2060 2804 3692 3978 5371 5642 5848 5996 6696 6869 7716 8053 
#module 255 size: 21 bs: 0.880867
374 583 1880 1947 2204 4518 5342 5732 6208 6569 6748 7724 7771 8378 8451 8562 8983 9791 10612 11364 11369 
#module 256 size: 17 bs: 0.455192
787 3341 3952 3996 4161 4778 5043 5222 5652 5743 6062 6235 8842 9954 10031 10468 11428 
#module 257 size: 8 bs: 0.948087
2910 4744 5671 7700 8992 9625 10372 10672 
#module 258 size: 9 bs: 0.188403
236 344 578 1338 5440 6102 7786 9172 9775 
#module 259 size: 5 bs: 1.02196
2101 3191 7399 8118 10598 
#module 260 size: 45 bs: 1.09672
516 915 977 1230 2162 2182 2219 2323 2418 2845 2975 3418 3552 3798 4066 4074 4908 5075 5195 5382 5532 5612 5624 5682 5913 6061 6155 6731 6839 7102 7173 7403 7439 7491 7694 7829 8039 8678 8795 9264 9285 9346 9369 10265 10567 
#module 261 size: 16 bs: 0.777382
421 798 1401 2395 2947 3845 5385 6661 8296 8387 8525 8955 9077 9279 9712 10901 
#module 262 size: 8 bs: 0.909564
145 619 1308 1321 1399 3922 4680 8402 
#module 263 size: 7 bs: 0.34195
842 2298 2508 6088 7721 8487 9212 
#module 264 size: 5 bs: 0.125808
361 379 1071 4416 10628 
#module 265 size: 12 bs: 0.512874
629 690 3106 4801 5019 5083 6183 7409 9198 9485 11701 11980 
#module 266 size: 5 bs: 0.941801
1124 1219 3129 5591 9747 
#module 267 size: 10 bs: 1.00293
514 2835 3570 4603 5437 5857 6305 6476 7339 8209 
#module 268 size: 15 bs: 0.535058
765 1108 1240 3482 3757 3974 3976 4651 4903 5494 6002 8457 8752 10044 10210 
#module 269 size: 11 bs: 0.66519
1507 2116 2120 3073 3988 4031 5417 5816 6051 6585 8885 
#module 270 size: 23 bs: 0.162316
587 1227 1875 2419 2593 2980 3402 3404 3698 4217 4895 6393 6580 6978 8797 8830 9158 9188 9390 9999 10789 10992 10996 
#module 271 size: 9 bs: 0.548809
317 1665 1805 4218 4431 5217 5302 7183 7852 
#module 272 size: 20 bs: 0.37189
650 839 1299 2070 2242 2945 4138 4141 4633 4866 5705 7081 7530 7703 8364 9761 9958 10018 10512 10527 
#module 273 size: 19 bs: 0.744527
1436 1532 2067 2213 4308 5065 5096 5373 6166 6797 7195 7329 7353 7455 7801 7808 9977 10591 11222 
#module 274 size: 7 bs: 0.197023
768 1929 4208 7228 7448 8332 10370 
#module 275 size: 7 bs: 0.471942
4461 5228 8381 8586 8940 10082 10201 
#module 276 size: 6 bs: 0.730321
550 880 1333 6083 8245 9206 
#module 277 size: 5 bs: 0.220664
782 1674 2933 7303 7504 
#module 278 size: 5 bs: 0.925235
84 1753 4096 5492 7780 
#module 279 size: 4 bs: 0.255363
4255 4827 7259 7993 
#module 280 size: 10 bs: 0.811662
1900 2163 3190 7575 8495 9091 9298 9442 11009 11018 
#module 281 size: 6 bs: 0.352424
6154 6629 6827 7355 7565 10938 
#module 282 size: 10 bs: 0.941297
394 2086 2623 5507 6478 6614 7648 7775 8277 10360 
#module 283 size: 9 bs: 0.325761
877 895 2760 3337 4495 5319 8714 8730 8975 
#module 284 size: 12 bs: 0.175915
309 1112 1837 2506 3241 4990 6219 6695 7327 7625 10097 11158 
#module 285 size: 6 bs: 0.184255
951 4176 7052 7453 8235 10275 
#module 286 size: 43 bs: 1.05117
268 589 700 711 720 891 1267 1635 1716 2931 3411 3595 3742 4700 4822 4867 5045 5119 5151 5209 5357 5560 5752 5820 5956 5988 6092 6474 7170 7210 8143 8427 8710 8790 8828 8859 9200 9603 9623 9848 9901 11196 11415 
#module 287 size: 20 bs: 0.669845
142 302 933 1917 2916 2928 3008 4190 4622 5563 5658 5695 5883 6416 6441 7346 9943 10123 10335 11102 
#module 288 size: 9 bs: 0.861592
1714 1748 2950 5189 6751 7697 8896 11709 12641 
#module 289 size: 4 bs: 0.858284
41 3019 5429 10286 
#module 290 size: 11 bs: 0.260998
1183 2255 2636 4437 5221 5669 6093 6290 6931 9368 10751 
#module 291 size: 7 bs: 0.91688
1003 3604 4784 7496 8948 10308 10833 
#module 292 size: 6 bs: 0.167517
888 1262 2970 3264 3637 10712 
#module 293 size: 5 bs: 0.866823
1209 1476 8597 9693 9873 
#module 294 size: 9 bs: 1.05828
1319 1912 3013 4004 4209 7010 7457 10048 10282 
#module 295 size: 10 bs: 0.805369
1433 3198 3657 6542 6749 7114 7701 8542 11169 11223 
#module 296 size: 22 bs: 0.919493
60 648 1026 1317 1460 3240 3969 4949 5291 5576 5791 5909 6242 6932 6944 7050 7455 7978 8187 9851 10124 11073 
#module 297 size: 7 bs: 0.213553
2000 2247 2959 4153 6231 8107 9654 
#module 298 size: 11 bs: 0.924423
2081 2132 4167 5992 7475 8450 9657 10377 10441 10965 12862 
#module 299 size: 14 bs: 0.894493
699 1107 1764 3473 3479 4630 5122 5154 6647 7125 8104 8318 10895 11119 
#module 300 size: 11 bs: 0.335281
1006 1768 3435 3963 5067 5420 5656 5813 6519 8609 10755 
#module 301 size: 38 bs: 0.497627
472 991 1085 1499 1689 1722 1729 1787 1789 2078 2262 2954 2998 3468 3606 3694 3999 4351 4499 5346 6036 6346 6400 6597 6799 7240 7397 7652 7770 7914 8321 8362 8802 9089 9967 10116 10405 10866 
#module 302 size: 10 bs: 0.784383
1794 2439 4139 5430 7502 8056 8721 9002 9435 10175 
#module 303 size: 22 bs: 0.621485
227 707 1041 1785 2301 2371 3124 3393 3703 3977 4018 4664 4893 4922 7149 7610 7674 9629 10346 10371 10881 12584 
#module 304 size: 19 bs: 0.732275
1667 2953 3986 4471 5355 5915 6029 7037 7503 7822 8392 8723 8786 9220 9479 9965 10179 10709 11220 
#module 305 size: 7 bs: 0.546302
1909 2352 2656 3157 5400 7918 8711 
#module 306 size: 7 bs: 0.218937
1106 1699 5522 6788 8868 9336 12293 
#module 307 size: 4 bs: 0.504904
1402 2225 5592 10505 
#module 308 size: 9 bs: 0.592742
860 3562 5012 5547 6663 6907 8978 8980 12495 
#module 309 size: 7 bs: 0.717704
208 1114 1287 3680 4193 6527 8160 
#module 310 size: 23 bs: 0.874973
476 902 939 1036 1058 1362 1511 2050 2609 2644 2734 3989 4298 5323 5588 6676 6864 7159 7221 7747 10236 10785 11733 
#module 311 size: 9 bs: 0.614161
3970 4679 4970 6100 6777 8072 10962 10969 11138 
#module 312 size: 67 bs: 1.08906
313 385 668 823 1163 1190 1306 1320 1389 1755 1908 2100 2202 2514 2611 2664 2727 2786 2935 3127 3222 3413 3530 3539 3683 3752 3875 4011 4125 4344 4421 4526 5153 5184 5589 6263 6678 6807 6919 6935 7066 7191 7223 7584 7976 8085 8157 8524 8568 8930 9218 9245 9269 9454 9660 9778 10111 10156 10379 10389 10738 10850 11395 11429 12618 12896 13062 
#module 313 size: 12 bs: 0.143428
49 1328 1576 1806 5549 8150 8230 8240 8610 8765 10010 10618 
#module 314 size: 18 bs: 0.66331
967 1140 2115 2212 2465 3156 3201 3823 5208 5242 5902 6450 7692 7876 8537 9210 10312 12661 
#module 315 size: 9 bs: 0.413612
845 5023 7161 8692 9453 9523 10049 10433 10901 
#module 316 size: 16 bs: 0.824281
646 720 1226 3574 4158 5209 5402 5477 6114 6606 8421 8579 8671 8791 9831 10532 
#module 317 size: 15 bs: 0.589181
108 1065 1599 1740 3233 3561 3809 4102 4212 4455 6582 7115 7926 8424 12678 
#module 318 size: 32 bs: 0.618593
341 534 1105 1115 1937 3449 3597 3856 4240 4543 5053 5079 5380 6082 6090 6143 6529 6538 6773 7085 7130 7873 7895 8575 8696 8989 9288 9528 9591 10132 10306 10557 
#module 319 size: 13 bs: 0.756709
1 365 1447 2640 3630 5423 5470 7420 7568 7670 8422 10622 10913 
#module 320 size: 9 bs: 0.188043
27 1333 3601 5337 6536 7183 7902 10761 11182 
#module 321 size: 10 bs: 0.127079
309 1509 1702 1898 1916 3128 3557 6708 7564 9255 
#module 322 size: 11 bs: 1.01473
194 412 1292 1455 3578 3838 4318 6746 7762 9524 10724 
#module 323 size: 8 bs: 0.603701
1584 6772 6930 7007 9673 9994 10889 11497 
#module 324 size: 38 bs: 0.29536
582 812 1653 2098 2138 2253 2432 2442 3057 3496 3756 4037 4328 4401 4611 4662 4694 4731 4975 5104 5106 5141 5586 5870 6280 6375 6687 6798 6960 7311 8065 8879 9637 9890 10102 10779 11016 11079 
#module 325 size: 8 bs: 0.154044
265 490 2021 2157 2914 6498 9813 10831 
#module 326 size: 10 bs: 0.561961
85 1719 1992 2965 3106 3660 3809 4354 7237 8791 
#module 327 size: 9 bs: 0.849099
2480 3380 4541 5687 6226 6491 7260 8314 8704 
#module 328 size: 12 bs: 0.956581
1697 2443 2730 3312 3609 4378 6923 7317 7759 7929 9332 10763 
#module 329 size: 17 bs: 0.633954
78 191 1396 1542 2908 3824 3864 4090 4931 5334 6165 6789 7000 7334 7446 7691 10108 
#module 330 size: 7 bs: 0.888497
1098 1451 3572 4112 6686 8100 11239 
#module 331 size: 4 bs: 0.252929
1247 4071 8374 9573 
#module 332 size: 7 bs: 0.67937
565 5968 7094 7521 10351 10491 11171 
#module 333 size: 4 bs: 0.719951
2980 4170 4393 7715 
#module 334 size: 21 bs: 0.541471
968 1482 1583 2577 3024 3460 3484 4745 6034 6176 6212 6445 6532 6758 7354 8163 8581 8986 9502 10566 10951 
#module 335 size: 68 bs: 0.539092
110 588 998 1593 2018 2168 2171 2486 2518 2535 2710 2712 2912 3045 3207 3237 3274 3511 3537 3894 3906 4020 4044 4689 4853 5059 5226 5237 5394 5439 5775 5932 5958 6086 6112 6626 6649 6694 6906 6996 7098 7135 7576 7957 8138 8251 8352 8366 8569 8866 8929 9221 9418 9513 9588 9677 9926 10098 10153 10299 10534 10659 10739 10777 10804 10852 10932 12792 
#module 336 size: 6 bs: 0.631105
3876 4597 4729 7684 10225 11012 
#module 337 size: 11 bs: 0.362749
1833 2228 3549 4236 4349 4883 5138 7169 7467 9147 9753 
#module 338 size: 6 bs: 0.138358
1210 3229 5900 5927 6593 7514 
#module 339 size: 26 bs: 0.547543
106 359 434 960 1332 1557 2474 2538 3385 4140 4206 4405 4882 5689 5744 6257 6294 6985 8203 8843 9011 9039 9984 10024 10347 10897 
#module 340 size: 7 bs: 0.132517
177 1213 1672 4429 5917 7794 7871 
#module 341 size: 5 bs: 0.314636
791 1561 4411 6943 9960 
#module 342 size: 26 bs: 0.947086
158 513 1088 1366 1958 2346 2707 2709 3855 3873 4076 4481 5010 5268 6806 7546 7810 8042 8228 8394 8407 8684 9584 9888 10650 12575 
#module 343 size: 5 bs: 0.250243
2124 3017 9284 9929 10695 
#module 344 size: 15 bs: 0.569408
2024 2746 2955 4531 5183 6156 7854 7884 8055 8977 9202 9478 9884 10348 10859 
#module 345 size: 35 bs: 0.534026
72 214 303 694 783 903 1720 2462 2557 2698 3386 3424 3541 3554 3663 3755 3810 4207 4319 4571 5390 5432 6266 7083 7182 7253 8263 8336 8570 8727 9423 9656 9793 10343 10942 
#module 346 size: 6 bs: 0.94518
836 1229 6153 10937 12654 12893 
#module 347 size: 13 bs: 0.285358
36 2606 2855 3461 3704 3725 3807 5180 5197 5662 7049 7656 7682 
#module 348 size: 29 bs: 0.389044
56 1179 1648 2619 2702 2849 2972 3029 3173 3853 4053 4780 4843 4852 4997 6066 6069 6167 6707 7628 8222 8689 8700 10209 10305 10511 10673 11551 11613 
#module 349 size: 5 bs: 0.42427
124 1989 2662 3345 9233 
#module 350 size: 5 bs: 0.385993
4828 5809 9331 9704 9750 
#module 351 size: 5 bs: 0.383713
1429 3548 4424 5528 9688 
#module 352 size: 4 bs: 0.179978
3174 6015 7880 10122 
#module 353 size: 8 bs: 0.327731
611 2485 3162 3685 6237 7946 9343 11436 
#module 354 size: 5 bs: 0.766471
6071 6543 7046 7309 10765 
#module 355 size: 10 bs: 0.932484
1207 3076 3587 4950 5728 5868 5869 8288 8811 9652 
#module 356 size: 5 bs: 0.600237
1484 3328 3422 8971 9821 
#module 357 size: 6 bs: 0.762274
647 686 3366 4232 6828 10908 
#module 358 size: 10 bs: 0.584062
390 507 2220 3059 5862 6275 7958 8663 10155 10375 
#module 359 size: 5 bs: 0.706235
5272 9590 10956 11163 12933 
#module 360 size: 20 bs: 0.814277
1434 1853 2137 2674 3639 4204 4314 4399 5619 5804 5888 6039 6337 6354 6527 7244 7840 8000 9985 11410 
#module 361 size: 20 bs: 0.76915
988 1765 2620 3803 4047 4172 4523 5279 6018 6206 6748 6786 7021 7128 7454 8372 8537 8676 10753 12889 
#module 362 size: 14 bs: 0.816398
367 610 720 881 2243 2598 3450 3651 7205 7990 9325 9419 10830 11413 
#module 363 size: 8 bs: 0.297877
1177 1721 2650 4192 6804 7377 10100 10904 
#module 364 size: 7 bs: 0.953561
267 515 4831 5358 7126 7826 10168 
#module 365 size: 8 bs: 0.266914
93 2383 3248 3635 5827 6645 8923 11015 
#module 366 size: 6 bs: 0.68324
1241 4243 4244 5410 9324 9605 
#module 367 size: 31 bs: 0.900591
74 182 222 305 495 835 898 1001 1544 2035 2509 2717 4003 4256 5341 5498 5746 5901 6276 6372 6401 7175 7809 7855 7994 8958 9020 9125 9572 9601 10718 
#module 368 size: 3 bs: 1.01459
883 7319 8305 
#module 369 size: 5 bs: 1.09555
413 1797 4556 5895 11481 
#module 370 size: 8 bs: 0.968381
1445 3058 3544 4840 6110 8535 9079 12880 
#module 371 size: 19 bs: 0.145828
466 789 831 2246 3088 4455 6081 6311 6368 6631 6929 7382 8820 8891 8954 9918 10404 10689 11030 
#module 372 size: 8 bs: 0.136746
793 1627 4865 5499 6674 6884 7145 10761 
#module 373 size: 5 bs: 0.198028
3617 4616 5584 6814 7592 
#module 374 size: 12 bs: 1.00358
1226 6517 7217 8097 8431 8494 9247 9399 9606 9997 10432 10846 
#module 375 size: 29 bs: 0.374278
558 963 1039 1347 1369 1597 1882 2038 2058 2653 2696 3135 4543 4921 6142 6373 7077 7885 8219 8266 8982 9276 9288 9963 10674 10773 10791 10844 10853 
#module 376 size: 16 bs: 0.270385
18 929 1437 1485 3221 3984 4369 5202 5861 7810 8592 8876 8968 9063 10191 10584 
#module 377 size: 32 bs: 0.991345
150 925 1110 2618 2700 3811 3968 3969 5088 5391 5405 5582 5792 6671 6795 7047 7321 7380 8098 8179 8286 8381 8468 8724 8856 9239 9720 9896 10196 10329 10517 11107 
#module 378 size: 47 bs: 0.254185
348 1428 1789 2040 2366 2574 2759 2990 3032 3449 3531 4384 4442 5079 5085 5139 5185 5630 5708 5774 5803 5923 6462 6588 6715 6742 6909 6936 6953 6990 7131 7353 7380 7873 8161 8176 8890 8989 8991 9569 9752 9852 10284 10300 10369 10758 12605 
#module 379 size: 7 bs: 0.168256
1398 1737 4403 6045 6382 8576 9975 
#module 380 size: 7 bs: 0.758254
1874 6601 6863 8907 9508 9931 10193 
#module 381 size: 5 bs: 0.646071
5508 5561 5614 6982 10660 
#module 382 size: 19 bs: 0.421586
456 882 1500 2527 2924 3401 3439 3634 3949 4154 4361 7069 7112 7699 9566 10306 10706 10981 11031 
#module 383 size: 22 bs: 0.258619
382 610 785 1088 1188 1282 1526 2639 3246 4734 4986 5045 6021 6639 7088 7321 7544 7890 7911 8095 8105 8322 
#module 384 size: 18 bs: 0.785219
430 542 576 1093 1120 1435 1477 3720 4026 4253 4825 5441 6245 6619 8100 8823 9251 9394 
#module 385 size: 33 bs: 0.21906
213 891 1259 2280 2297 2792 3591 3968 4201 4580 5078 5201 5357 5506 5749 6075 6936 7090 7100 7200 7961 8020 8143 8155 8368 8892 9061 9277 9742 10386 11098 11434 11711 
#module 386 size: 19 bs: 0.300425
341 1243 1330 1808 3107 3151 3527 4464 4682 4822 5225 5412 6261 7095 7300 8695 8834 10682 10844 
#module 387 size: 6 bs: 0.392358
1021 2646 3860 7469 7568 11100 
#module 388 size: 5 bs: 0.395956
2510 4104 4849 9483 10434 
#module 389 size: 10 bs: 0.852289
1324 2517 4347 4665 6138 6418 7042 10276 10318 10750 
#module 390 size: 15 bs: 1.0825
163 1868 3020 3060 3204 4788 5995 6048 7650 9403 9450 9661 9862 10670 11177 
#module 391 size: 5 bs: 1.04815
2915 3719 5702 6356 7297 
#module 392 size: 60 bs: 0.324635
53 104 658 1022 1276 1453 1506 1546 1549 1688 1803 1871 2039 2273 2394 2766 2850 2871 2892 3289 3469 4068 4704 4749 5097 5115 5229 5297 5605 5934 6080 6494 6679 6801 6882 6973 7132 7187 7660 7764 7781 7817 8351 8377 8593 8601 8789 8833 8875 9222 9322 9477 9586 9819 9843 9998 10075 10172 10998 11082 
#module 393 size: 24 bs: 0.757188
593 669 820 1631 1641 1825 2344 2701 4642 6164 6752 8238 8481 8647 8674 8782 9098 9844 9914 10439 10558 11029 11097 12639 
#module 394 size: 106 bs: 0.911077
133 197 330 400 410 435 510 549 558 592 775 788 884 1019 1023 1136 1317 1521 1592 1603 1792 1955 2031 2032 2197 2264 2338 2396 2401 2478 2742 2903 2911 2930 2964 3028 3148 3171 3526 3658 3775 3780 4211 4341 4343 4458 4460 4463 4545 4555 4594 4673 4948 5011 5039 5070 5127 5137 5291 5330 5578 5579 5673 5909 5999 6035 6227 6241 6242 6268 6296 6342 6353 6436 6522 6697 6782 7304 7414 7422 7455 7598 7741 7987 8016 8023 8316 8448 8902 8944 8976 9023 9086 9724 9922 9942 10036 10250 10340 10500 10840 10845 11019 11657 12586 12648 
#module 395 size: 52 bs: 0.738602
205 947 1224 1547 1839 1856 1906 1961 2179 2410 2450 2685 2721 2743 2841 2961 3111 3558 3742 3956 3961 4367 4514 4628 4653 5565 5666 5818 6642 6733 7384 7868 8584 9168 9182 9261 9363 9617 9794 9971 10047 10246 10413 10661 10795 10803 10841 11159 11266 11372 11565 12594 
#module 396 size: 7 bs: 0.262943
2051 2487 5953 6218 6877 7315 8683 
#module 397 size: 7 bs: 0.477726
23 491 4070 5478 6508 6665 7687 
#module 398 size: 8 bs: 0.876186
1640 2854 3051 3871 6067 8243 9243 11020 
#module 399 size: 11 bs: 0.394696
1033 2353 3192 4121 4467 5628 6344 6637 6691 9069 10868 
#module 400 size: 30 bs: 0.612857
1160 1586 2152 2160 2624 2819 3387 3790 3958 4977 5035 6391 6468 6496 7044 7378 7963 7968 8254 8845 9040 9893 10135 10208 10493 10514 10723 10922 12492 12527 
#module 401 size: 24 bs: 0.536414
210 216 1257 2713 2860 3935 4280 4384 4544 4757 4904 5053 5350 5546 5802 6747 6878 7036 8840 9464 9620 9773 10531 10889 
#module 402 size: 12 bs: 0.768447
1001 3093 3985 4123 4909 4951 5034 6031 7527 8293 9645 10842 
#module 403 size: 27 bs: 0.986103
691 761 911 1038 1936 2252 3477 3684 3794 3817 4244 4599 4976 5056 5093 5446 5823 6437 7405 7522 7543 7937 8376 9413 9859 9895 10993 
#module 404 size: 9 bs: 0.945212
180 666 667 3608 3865 4451 5472 10057 11448 
#module 405 size: 6 bs: 0.360234
3081 4277 5006 9689 11104 11210 
#module 406 size: 11 bs: 1.0111
622 1272 2172 4426 5976 7091 7597 8432 9664 9694 9721 
#module 407 size: 4 bs: 0.914193
2445 4093 6151 8605 
#module 408 size: 11 bs: 0.851816
122 1739 1935 2149 3954 4552 4575 6600 7351 8112 9019 
#module 409 size: 8 bs: 0.464401
1028 3786 3861 5877 5979 8144 9489 10245 
#module 410 size: 4 bs: 0.940527
1708 2565 4881 9242 
#module 411 size: 6 bs: 0.649894
2198 5317 6460 6643 7997 9969 
#module 412 size: 5 bs: 0.491525
1411 3281 6121 8175 10023 
#module 413 size: 6 bs: 0.60869
2178 3455 4312 7819 9580 9871 
#module 414 size: 13 bs: 0.302268
1237 1824 2354 2684 2720 3298 3607 5590 5993 7267 8895 9088 10058 
#module 415 size: 5 bs: 0.666994
1113 1416 1488 1973 3505 
#module 416 size: 8 bs: 0.544882
2449 3414 5379 5522 5577 7837 7996 10821 
#module 417 size: 15 bs: 0.703775
1771 1773 1858 2597 3355 3861 4775 4810 5529 6278 6455 8051 10968 11123 11205 
#module 418 size: 13 bs: 0.96386
481 3133 3234 3777 5223 5694 8725 8857 9111 9441 10076 10242 11705 
#module 419 size: 9 bs: 0.125044
15 618 1988 3304 4340 6620 9680 10574 10716 
#module 420 size: 10 bs: 0.53971
913 2111 2241 5086 6370 8145 9682 9745 9865 12636 
#module 421 size: 8 bs: 0.337195
571 584 1204 1782 3825 8857 10165 11011 
#module 422 size: 7 bs: 0.598656
2777 3730 4219 6272 8732 8961 10011 
#module 423 size: 8 bs: 0.460983
3191 6728 7769 8608 8666 9028 11699 12663 
#module 424 size: 11 bs: 0.175493
206 2044 2491 2943 3400 6535 8261 9277 9811 10666 10929 
#module 425 size: 16 bs: 0.366262
351 1474 1590 1926 3187 3331 3419 5636 5699 5969 6158 7003 7485 9252 10356 10784 
#module 426 size: 10 bs: 0.434773
188 356 652 3426 3793 3874 7799 8814 9598 9600 
#module 427 size: 7 bs: 0.892206
3166 4487 5781 7864 8503 11097 11109 
#module 428 size: 5 bs: 0.499707
4459 4805 6784 9503 9812 
#module 429 size: 12 bs: 0.550485
1309 2594 3333 4760 5198 5537 6309 6487 6504 7109 7541 7649 
#module 430 size: 31 bs: 0.631204
97 339 1245 1422 1424 1569 2154 2267 2586 2971 4544 4768 5167 5310 6304 6421 6573 6596 7074 7696 7810 8405 8411 8851 8874 8921 9036 9179 9655 10226 10836 
#module 431 size: 11 bs: 0.828178
505 872 2151 3421 3968 4579 4796 5273 5413 6757 11338 
#module 432 size: 8 bs: 0.527673
364 854 1205 3784 5236 8087 8193 9013 
#module 433 size: 6 bs: 0.178549
2186 4484 6209 9714 10475 10488 
#module 434 size: 9 bs: 0.884835
456 995 1457 4267 6025 6091 6408 8034 8371 
#module 435 size: 33 bs: 0.975579
638 932 1394 1704 2090 2679 3144 3767 3968 4199 4205 4235 4385 4492 4761 4854 5057 5173 6524 6636 7072 7773 8648 9095 9101 9614 9894 10000 10045 10653 10911 11025 12679 
#module 436 size: 9 bs: 0.381667
2977 3332 5002 6340 6399 7368 8249 9714 10736 
#module 437 size: 11 bs: 0.51142
594 1053 1381 3333 3661 4530 5763 6479 8912 9479 10577 
#module 438 size: 55 bs: 0.131017
318 1260 1297 1356 1363 1728 2129 2391 2612 3326 3360 3500 3682 3718 3936 3987 4503 4507 4647 4787 4824 4890 5099 5130 5354 5384 5406 5501 5741 5874 5911 6283 6669 6721 6850 7419 8148 8513 8712 9134 9292 9589 9616 9683 9820 9957 10470 10827 10974 11000 11112 11367 11443 12899 12949 
#module 439 size: 5 bs: 0.834271
1108 2572 6037 8716 8906 
#module 440 size: 4 bs: 0.467656
3339 3640 7991 8181 
#module 441 size: 4 bs: 0.133997
1374 4035 4900 8258 
#module 442 size: 3 bs: 0.155887
271 1533 10555 
#module 443 size: 6 bs: 0.758928
79 2708 6627 8294 8339 8862 
#module 444 size: 15 bs: 0.919257
78 1514 2009 2426 2733 3388 3964 4699 7054 7744 8476 8554 8595 9365 9743 
#module 445 size: 8 bs: 0.385201
1523 2891 3062 3681 5794 7261 7376 10711 
#module 446 size: 9 bs: 0.133936
4988 5904 5929 7423 9639 10679 11216 11412 11602 
#module 447 size: 38 bs: 0.466169
74 116 182 222 564 783 847 1001 1759 2357 2434 3202 3811 4003 4202 4256 4531 5271 5630 5774 6076 6448 6528 6774 6903 7084 7451 7658 7717 7825 8164 8263 8890 8915 8920 9572 9941 10344 
#module 448 size: 11 bs: 0.538811
2104 2839 2927 3909 4221 4422 5640 5959 7305 7473 9792 
#module 449 size: 10 bs: 0.512824
782 1099 2559 3308 4128 4595 6412 9161 9498 10638 
#module 450 size: 17 bs: 0.669541
2095 2428 2780 3478 4048 5388 5867 6562 7147 7231 8006 8408 9096 9924 10152 10399 10640 
#module 451 size: 11 bs: 0.578968
511 2251 2294 3925 5005 6756 7310 7447 8484 10820 10828 
#module 452 size: 6 bs: 0.616597
2387 3446 3795 7168 9798 10321 
#module 453 size: 16 bs: 0.878209
560 828 1134 1872 2822 3851 4075 4246 4363 4883 5199 6765 10247 10381 10414 10576 
#module 454 size: 23 bs: 0.741326
325 1622 1712 2026 2551 2614 3013 4259 4638 5372 5826 6267 6457 6979 7004 7013 7905 8389 8579 8854 9150 9509 9831 
#module 455 size: 13 bs: 0.128922
171 1119 3688 3799 4916 5285 6944 7220 7884 8871 9625 10512 10557 
#module 456 size: 6 bs: 0.92027
3391 4702 5328 5876 6893 7188 
#module 457 size: 4 bs: 0.939285
2498 3948 4052 6800 
#module 458 size: 18 bs: 0.45643
21 1390 2117 2454 2818 2820 4512 4608 5345 5568 5770 6249 6325 7252 7865 9068 10053 10560 
#module 459 size: 53 bs: 0.180496
201 1275 1508 1553 1744 2080 2240 2331 2621 2638 2770 2779 2879 2993 3818 3947 4007 4303 4520 5253 5580 5594 5797 6673 6725 6845 7181 7394 7621 7655 7798 8035 8474 8518 8536 8572 8670 8681 9025 9037 9130 9184 9253 10114 10482 10506 10538 10616 10725 10940 11087 11111 11219 
#module 460 size: 13 bs: 0.500487
47 655 724 1423 4345 4678 4713 6299 6563 6610 6969 8565 10146 
#module 461 size: 6 bs: 0.139752
1459 5879 6253 7707 10473 11242 
#module 462 size: 10 bs: 0.243849
1382 1836 2457 3108 5789 7900 8122 8311 9889 10244 
#module 463 size: 14 bs: 0.624494
809 3973 4762 4850 5994 7021 8317 8355 8772 10002 10764 10896 11412 11495 
#module 464 size: 16 bs: 1.0681
1822 1924 2714 2729 3132 4692 4807 5598 6381 7263 7648 10224 10684 10778 10870 12679 
#module 465 size: 21 bs: 0.834009
316 728 1344 1738 2875 3566 3667 4051 4171 4269 5951 5998 6256 6477 6566 6887 8119 8247 8324 8806 11447 
#module 466 size: 4 bs: 0.271393
1044 4770 4972 6281 
#module 467 size: 6 bs: 1.05215
2190 5421 6210 6349 8504 8699 
#module 468 size: 7 bs: 1.00613
1865 2897 3108 3110 3398 7738 9157 
#module 469 size: 13 bs: 0.858812
1081 3293 5232 5322 5545 5697 6466 6607 6947 7082 8662 8773 9649 
#module 470 size: 9 bs: 0.283811
334 640 824 2269 4721 7669 7866 8697 10270 
#module 471 size: 7 bs: 0.396043
1780 3384 5397 6023 9280 10396 10703 
#module 472 size: 10 bs: 0.160838
61 468 560 579 2420 5100 5555 6778 7870 8985 
#module 473 size: 7 bs: 0.495364
773 1950 2543 4054 10234 10737 10800 
#module 474 size: 9 bs: 0.227885
1413 4564 5531 6646 8694 9211 9607 9915 10526 
#module 475 size: 23 bs: 0.882503
718 1443 1808 1843 2001 2475 2493 3693 4353 4811 5225 6008 6090 6134 7026 7839 8114 8161 9071 9417 10483 10736 11591 
#module 476 size: 7 bs: 0.239687
861 4156 4511 5840 6836 7930 8715 
#module 477 size: 8 bs: 0.832775
3631 3722 3967 6298 9663 10054 10619 10930 
#module 478 size: 7 bs: 0.309763
1076 3631 3758 5751 7796 10133 11451 
#module 479 size: 22 bs: 0.840763
25 260 467 606 1002 1149 1940 4164 4930 5360 5449 5606 6217 6271 6655 8397 9951 10014 10544 11092 12626 12712 
#module 480 size: 8 bs: 0.538392
354 3038 3104 3180 3182 4152 4357 11703 
#module 481 size: 3 bs: 0.69763
1005 1025 7557 
#module 482 size: 5 bs: 0.105718
1096 1859 1965 8580 9948 
#module 483 size: 12 bs: 1.03013
810 926 941 1153 1738 2277 3744 6344 6417 7247 9267 9468 
#module 484 size: 10 bs: 0.278377
2625 3042 3959 4170 5378 6564 7193 9267 9488 10620 
#module 485 size: 10 bs: 0.529678
1539 2433 4029 4530 5793 6406 7020 7971 8810 10885 
#module 486 size: 6 bs: 0.779688
37 4573 6659 8404 9115 10884 
#module 487 size: 3 bs: 0.155464
927 954 2732 
#module 488 size: 85 bs: 1.02926
166 270 636 1123 1335 1626 1795 1914 2028 2103 2691 2699 2736 2838 2889 3114 3236 3244 3260 3689 3829 3835 3916 3918 4038 4143 4203 4230 4282 4317 4444 4577 4586 4610 5526 5539 5554 5558 5559 5665 5943 6058 6111 6181 6386 6395 6523 6579 6638 6865 6970 7071 7210 7470 7720 7723 7923 7935 7989 8061 8142 8299 8582 8611 8706 8785 8817 9007 9049 9122 9919 10192 10387 10551 10564 10766 10769 10854 10899 10934 10944 11108 11393 11717 12003 
#module 489 size: 4 bs: 1.05973
1372 4315 7857 10602 
#module 490 size: 12 bs: 1.01805
875 1781 3153 3253 4477 4546 5292 6924 7287 7904 10215 11840 
#module 491 size: 26 bs: 0.340278
153 222 853 2057 2194 3410 4069 4224 4240 4283 4834 5129 5356 5650 6197 6329 6664 6739 8332 8720 9167 9460 10233 10273 10455 12679 
#module 492 size: 37 bs: 0.922595
704 1010 1218 1286 1512 1760 1877 3010 3012 3498 3599 3877 3898 3916 4079 4213 4764 4817 5017 5369 5518 5665 5856 6046 6335 6336 6763 6883 7365 7506 7859 9006 9045 9286 9529 9979 10838 
#module 493 size: 11 bs: 0.746098
874 1960 3217 4300 4902 5249 6686 7141 8132 10699 10976 
#module 494 size: 13 bs: 0.29821
30 1194 1633 2177 3831 4798 5080 8867 10218 10490 10959 11405 12506 
#module 495 size: 5 bs: 0.143261
3361 4549 5347 6334 10687 
#module 496 size: 4 bs: 0.388268
3661 4535 5156 7587 
#module 497 size: 5 bs: 0.221385
487 5681 6291 6572 6701 
#module 498 size: 6 bs: 0.546999
3692 3862 5107 5655 8627 9734 
#module 499 size: 4 bs: 0.450001
492 3575 3828 4569 
#module 500 size: 4 bs: 0.514195
2681 3083 7274 10020 
#module 501 size: 8 bs: 1.04621
135 1942 1975 5071 8403 8959 9030 10248 
#module 502 size: 6 bs: 0.901711
2054 2146 5015 6464 8883 9949 
#module 503 size: 9 bs: 0.323715
482 1008 2575 3122 3645 3673 6054 6982 8300 
#module 504 size: 8 bs: 0.950672
308 3428 3631 4169 5133 6349 8480 13055 
#module 505 size: 90 bs: 0.10757
323 352 383 469 525 652 818 857 980 1109 1129 1155 1267 1381 1682 1706 1741 1759 1779 1857 1987 2484 2862 2913 3043 3396 3401 3480 3625 3665 3668 3767 3899 4481 4544 4601 4869 4938 4993 5004 5026 5112 5168 5375 5425 5556 5727 5788 5970 6094 6507 6575 7044 7055 7112 7170 7839 7981 8025 8307 8364 8412 8645 8803 9278 9339 9374 9591 9685 9788 9817 9848 10284 10388 10409 10420 10639 10671 10672 10862 10916 10923 11008 11093 11106 11243 11270 11491 12575 12949 
#module 506 size: 21 bs: 0.252922
494 672 1396 1776 2346 4263 4432 5283 5663 5688 6324 6765 6938 7133 7275 7836 8915 9531 11400 11711 12170 
#module 507 size: 8 bs: 0.930424
217 512 976 2437 3250 3347 6482 10675 
#module 508 size: 18 bs: 0.71972
368 1314 1538 3621 5562 6525 6959 7133 7151 7616 7689 8274 8998 9266 9333 9951 10293 13018 
#module 509 size: 9 bs: 0.538665
35 822 1664 1984 2821 4563 7267 7500 9509 
#module 510 size: 7 bs: 0.99371
1353 2616 4528 4790 8760 10039 10427 
#module 511 size: 14 bs: 0.681099
552 869 1181 1979 2596 3181 5836 5858 6527 7008 7229 7683 8270 8348 
#module 512 size: 17 bs: 0.308324
366 1281 1468 2384 2529 3200 3712 4548 4795 5947 7600 7881 9195 9273 9944 10943 11021 
#module 513 size: 19 bs: 0.44661
1491 1873 3465 3716 6001 6501 6641 8091 8193 8368 8624 9042 9062 9200 10041 10113 10184 10292 11337 
#module 514 size: 7 bs: 0.449893
34 851 1199 2569 3156 4587 7770 
#module 515 size: 7 bs: 0.902129
2568 2927 3652 3886 4122 8385 9509 
#module 516 size: 7 bs: 0.190037
1573 3584 3889 4112 7826 9013 10889 
#module 517 size: 25 bs: 0.334977
143 417 508 852 1711 1999 2322 3047 3816 4102 4316 4355 6094 6480 6736 6806 6988 8028 8364 8610 9338 10126 10513 10876 11611 
#module 518 size: 11 bs: 0.831677
4093 4372 4723 4879 5191 6459 6705 8117 8917 9758 10679 
#module 519 size: 21 bs: 0.814681
1054 1646 1731 2367 2435 3521 4025 4398 4448 5635 5997 6442 6633 7056 7110 7662 8206 8406 8660 11251 12638 
#module 520 size: 10 bs: 0.293581
13 771 1020 3040 3390 4049 5340 7139 10535 11556 
#module 521 size: 14 bs: 0.669792
1415 1817 2429 3839 4039 4126 4248 5339 6418 6770 6772 8546 9777 10083 
#module 522 size: 28 bs: 0.781149
389 638 709 786 908 998 1659 2043 2778 3039 3092 3900 4409 5465 5987 7328 7681 7854 7879 8283 8812 9225 9252 9961 10469 10624 10985 12679 
#module 523 size: 14 bs: 0.236807
1487 2121 2239 2674 3456 3872 5647 5800 6558 7372 8007 8008 8722 10688 
#module 524 size: 6 bs: 0.396557
5566 7113 8021 8621 8761 11273 
#module 525 size: 9 bs: 0.29867
598 1339 2125 2406 2456 2592 6848 7571 8280 
#module 526 size: 16 bs: 0.297428
848 1145 1897 2128 2745 2918 4043 4299 6499 6957 7119 7171 7218 7832 9203 10995 
#module 527 size: 9 bs: 0.617896
239 1777 3256 4837 5179 6355 6516 6995 8259 
#module 528 size: 17 bs: 0.362693
322 1040 1174 1953 2143 2758 3389 3560 4406 4436 5403 7086 8590 8659 9234 10501 10768 
#module 529 size: 39 bs: 0.831598
909 1240 1729 1850 3627 3745 4081 4151 4179 4385 4583 4754 5402 5980 6017 6116 6122 6132 6240 6626 6806 7270 7271 7422 7514 7534 7767 7978 8009 8017 8105 8170 8589 9290 9535 9865 11196 11228 11241 
#module 530 size: 6 bs: 0.340371
1395 5117 5336 6095 6921 7985 
#module 531 size: 6 bs: 0.306825
814 3285 3301 5188 6123 7967 
#module 532 size: 3 bs: 0.307243
427 6011 9466 
#module 533 size: 12 bs: 0.10021
318 369 1137 1887 3711 6512 6984 7685 7827 9008 9458 10001 
#module 534 size: 35 bs: 0.328811
165 300 493 1218 1381 1630 1790 1818 3061 3074 3344 3467 3759 3997 4241 4337 4370 4841 5149 5225 5863 5891 5899 6009 6664 7363 7611 7714 7995 9364 10120 10241 10680 10832 11024 
#module 535 size: 8 bs: 0.81717
13 762 806 830 1274 1928 6895 7264 
#module 536 size: 3 bs: 0.607975
3453 5299 7590 
#module 537 size: 3 bs: 0.754003
5046 5641 8615 
#module 538 size: 6 bs: 0.675491
2919 3340 3880 7992 8775 10230 
#module 539 size: 8 bs: 0.207659
940 2899 3620 4119 4979 6623 9533 10543 
#module 540 size: 18 bs: 0.688485
1346 1437 1444 1498 1874 2099 5214 5574 5824 6648 7001 7615 8489 10188 10589 10802 11086 11788 
#module 541 size: 30 bs: 0.302155
620 1244 1343 1352 2380 2677 4216 4537 4711 4812 5151 5193 5351 5898 6432 6578 6590 6922 6990 8038 8081 8205 9678 9763 10448 10579 11106 11162 11435 12523 
#module 542 size: 5 bs: 0.854995
4078 4166 4885 6874 8522 
#module 543 size: 30 bs: 0.733996
93 310 381 589 1240 1843 2054 2366 2651 2810 3299 3502 3516 5064 5308 5542 5632 5736 5771 6176 6317 6641 7437 8098 8263 9465 9901 10455 11006 12605 
#module 544 size: 11 bs: 0.974557
57 96 1580 3090 3612 3649 3768 4056 7979 8086 10556 
#module 545 size: 15 bs: 0.610489
864 997 1752 1862 2087 3143 4085 6055 6990 7412 7506 8682 8919 10586 10886 
#module 546 size: 4 bs: 0.264425
3261 5967 10171 12746 
#module 547 size: 5 bs: 0.619609
102 1782 4468 7027 9224 
#module 548 size: 8 bs: 0.327763
990 1912 4062 6723 7285 7550 8040 10053 
#module 549 size: 9 bs: 0.926212
829 2337 3155 3499 3888 5674 5841 7986 8865 
#module 550 size: 16 bs: 0.542354
236 604 795 834 998 1238 1448 2375 2472 5552 6021 6060 7053 8105 9600 10919 
#module 551 size: 15 bs: 0.297449
2519 3089 3231 3576 3581 4173 4470 5683 5949 6070 6857 6914 8367 9849 10788 
#module 552 size: 12 bs: 0.950022
3540 4030 5343 6471 7391 8339 8918 9042 9594 10477 10857 11272 
#module 553 size: 11 bs: 0.167045
714 815 1175 2281 2530 3084 3509 6521 6545 6602 8614 
#module 554 size: 6 bs: 0.572856
299 301 3487 4881 5304 11442 
#module 555 size: 4 bs: 0.630467
2150 2680 6377 8543 
#module 556 size: 22 bs: 0.82029
539 656 774 1211 2588 2747 2941 3008 3706 3726 4077 4098 4205 4841 5182 6913 7075 7167 8008 8279 10902 11487 
#module 557 size: 3 bs: 0.429276
1220 2476 8787 
#module 558 size: 13 bs: 0.878564
1340 1806 2320 3100 3813 3914 4995 5307 5408 6641 8427 9066 9910 
#module 559 size: 4 bs: 0.3887
1864 4046 6574 11255 
#module 560 size: 6 bs: 0.174561
3602 4088 5365 7581 9500 9858 
#module 561 size: 5 bs: 0.999316
4262 6368 7917 8100 10864 
#module 562 size: 8 bs: 0.891353
1217 3659 3851 4962 6433 7785 8942 11099 
#module 563 size: 10 bs: 0.411355
2515 3454 3621 4843 6692 7458 7462 9380 9554 12635 
#module 564 size: 9 bs: 0.625857
1696 2885 5187 5963 6175 6270 7659 8468 9681 
#module 565 size: 17 bs: 1.09402
1310 2107 2199 3193 3614 4480 4685 4756 4943 5331 5984 7313 7910 7927 8963 9514 11183 
#module 566 size: 12 bs: 0.306617
586 1011 1310 2558 6195 6428 6816 7014 7848 8345 9650 9853 
#module 567 size: 55 bs: 0.898387
237 575 790 1166 1269 1715 2181 2223 2236 2314 2351 2757 2828 2894 3239 3433 3573 3618 3774 3859 4131 4501 4510 4527 4661 5250 5389 5438 5447 5486 5710 5983 5989 6216 6764 7452 7554 7583 7591 7629 7943 8212 8864 9143 9487 9737 9881 10017 10086 10453 10770 10807 10970 10975 12725 
#module 568 size: 10 bs: 0.347202
1405 2286 2805 3216 4296 4804 5490 5620 7078 7105 
#module 569 size: 6 bs: 0.326194
555 2622 3365 3432 4089 8757 
#module 570 size: 7 bs: 0.950232
526 3180 3353 6688 7267 9548 10091 
#module 571 size: 6 bs: 0.403489
2584 4522 4732 6898 7242 7789 
#module 572 size: 11 bs: 0.69068
1364 2119 4431 4621 5530 5833 6465 8657 8965 9476 10042 
#module 573 size: 8 bs: 0.311407
3819 5780 5864 6301 6705 7634 10351 11207 
#module 574 size: 5 bs: 0.602508
1949 7501 8186 9489 11272 
#module 575 size: 6 bs: 0.347669
1515 3095 3206 4505 7358 7802 
#module 576 size: 6 bs: 0.696057
1545 3414 6557 6826 7089 10178 
#module 577 size: 10 bs: 0.223686
276 388 1336 1393 2694 3217 4880 8310 8330 10315 
#module 578 size: 11 bs: 0.847602
1147 1454 1730 2110 6301 6351 8134 9641 9875 9934 10839 
#module 579 size: 31 bs: 0.573966
440 610 1524 1849 2496 2594 3324 3666 3863 3969 4764 5060 5278 5419 5541 5749 5881 6538 7026 7623 7758 7839 8307 8847 9192 9531 9624 10000 10238 10378 11196 
#module 580 size: 7 bs: 0.542532
1783 3687 4471 9102 9447 10054 11001 
#module 581 size: 7 bs: 0.615573
2085 3769 4907 6368 7679 8908 10488 
#module 582 size: 11 bs: 0.795326
566 716 3268 3649 4097 4466 5295 5724 5928 9026 9226 
#module 583 size: 11 bs: 0.133605
1526 1740 2756 2761 3636 4233 5144 6863 7208 8287 9936 
#module 584 size: 24 bs: 0.657317
1001 1257 1381 2330 2361 3100 3746 3816 3937 4107 4294 5601 5941 6000 6479 6954 7096 8159 8302 8633 9062 10971 10977 11007 
#module 585 size: 14 bs: 0.34736
412 486 981 2407 2469 2492 4374 5038 5158 6954 7411 7478 9069 10316 
#module 586 size: 8 bs: 0.924465
710 1315 3836 4929 6171 8556 8913 9327 
#module 587 size: 18 bs: 0.455323
7 293 319 570 634 1054 1102 1249 2145 2689 4956 5853 7183 8221 9504 10671 10891 11004 
#module 588 size: 7 bs: 0.32182
3395 5266 5760 7297 8428 9382 10334 
#module 589 size: 5 bs: 0.838137
2147 2671 4858 8749 8794 
#module 590 size: 17 bs: 0.263214
779 878 1510 1656 1733 2341 2501 2516 3551 3975 5765 6815 8406 9015 9379 9553 12990 
#module 591 size: 5 bs: 0.36329
5762 7160 8130 10710 12228 
#module 592 size: 8 bs: 0.135244
2036 2254 3230 5479 5821 9159 10390 10700 
#module 593 size: 7 bs: 0.158716
1340 1535 2216 3288 5234 5906 6987 
#module 594 size: 24 bs: 0.131567
274 1045 1199 1567 1576 2500 3021 3376 3802 4252 5112 5309 5970 7468 7489 8285 8456 8768 9486 9531 9544 9717 10512 10644 
#module 595 size: 7 bs: 0.582425
2926 3891 5327 5418 6247 6675 9959 
#module 596 size: 92 bs: 0.120918
77 120 233 539 572 905 1130 1214 1291 1376 1441 1452 1496 1620 1723 2040 2055 2092 2155 2296 2447 2531 2666 2687 2703 2836 3188 3352 3385 3437 3448 3603 3750 3841 3847 3908 4395 4605 4655 5166 5201 5581 5622 5756 5899 5921 6251 6364 6430 6448 6899 6936 6967 7044 7323 7444 7779 7875 7897 7960 8125 8234 8265 8315 8736 8808 8894 8903 8945 9408 9544 9810 9833 10164 10173 10196 10222 10267 10547 10601 10651 10698 10812 10879 11134 11136 11193 11385 11434 11601 11711 12586 
#module 597 size: 10 bs: 0.582287
230 2489 2564 2585 5021 5985 6539 7791 8703 10484 
#module 598 size: 5 bs: 0.293476
2901 3220 5677 7207 9838 
#module 599 size: 7 bs: 0.128227
2397 2441 3258 3529 6754 7289 10808 
#module 600 size: 5 bs: 0.6136
1056 5393 6148 6358 7172 
#module 601 size: 8 bs: 0.543718
2144 2339 4057 4559 5280 6006 6113 10963 
#module 602 size: 18 bs: 0.747484
99 578 2404 2553 3323 3633 3729 4422 5318 6407 6517 6897 7582 8617 8841 9783 10118 10403 
#module 603 size: 151 bs: 0.70559
38 173 273 332 452 521 532 758 767 769 797 901 979 1009 1012 1030 1062 1082 1159 1173 1239 1242 1283 1295 1313 1323 1504 1529 1801 1840 1885 1990 2046 2176 2211 2497 2523 2539 2682 2846 2848 2870 2907 2957 3082 3466 3519 3679 3848 3949 4001 4059 4295 4346 4413 4446 4490 4504 4609 4636 4666 4671 4814 4826 4835 4868 4901 5194 5218 5220 5374 5392 5396 5500 5533 5570 5621 5633 5678 5944 5952 5977 6150 6221 6228 6350 6653 6740 6767 6783 6793 6961 7062 7068 7072 7154 7284 7441 7518 7553 7570 7594 7661 7735 7742 7821 7838 8166 8210 8342 8400 8414 8426 8436 8440 8523 8557 8655 8835 8905 9109 9186 9294 9299 9323 9410 9415 9431 9510 9555 9559 9855 9870 9879 9953 9980 10070 10093 10127 10259 10654 10677 10715 10749 10752 10799 10964 11067 11155 11256 12645 
#module 604 size: 7 bs: 0.777952
1067 2027 2445 4220 6656 7793 10327 
#module 605 size: 11 bs: 0.933654
49 595 1485 3206 3481 3870 5516 5860 6473 7810 9981 
#module 606 size: 7 bs: 1.0423
726 1084 5143 6802 9171 9630 9733 
#module 607 size: 15 bs: 0.840032
441 566 2012 2429 3761 6802 6900 8147 8231 8357 8873 8912 9536 10623 10689 
#module 608 size: 35 bs: 0.999082
261 551 700 849 1505 1921 2200 2811 3254 3483 3577 3717 3919 4420 4498 4670 4985 4989 5075 5564 5714 5734 5782 6135 6677 7701 8059 8668 8734 8889 9087 9766 10948 11340 11572 
#module 609 size: 20 bs: 0.361234
1127 1200 1441 1551 1581 1716 2753 2942 3497 3940 4016 4327 5042 5467 7342 7888 8640 8766 8936 9070 
#module 610 size: 5 bs: 0.590537
679 5916 7367 7680 9114 
#module 611 size: 11 bs: 1.08158
813 1202 1341 1897 2151 5510 6300 6884 7051 7097 8174 
#module 612 size: 13 bs: 0.131974
497 999 2142 3589 4301 4833 5174 5361 6472 7386 7713 8886 11419 
#module 613 size: 17 bs: 0.6108
676 1048 2274 3063 3186 3655 3946 4445 4982 5056 5398 7257 7851 8295 8493 8888 10200 
#module 614 size: 21 bs: 0.408704
144 191 656 1526 1716 1818 2747 2937 3215 3771 5224 5376 5830 5831 5950 6258 8041 8134 8957 9565 10649 
#module 615 size: 7 bs: 0.172618
922 3310 5363 6362 7370 8001 9309 
#module 616 size: 48 bs: 1.02257
54 75 318 411 894 924 1452 1608 1610 1636 1944 2408 2496 2531 2627 3150 3396 3529 3716 4149 4200 4383 4772 5078 5278 5436 5627 5730 5931 5970 6007 6337 6546 7024 7157 7299 8114 8804 9317 9401 9496 9986 10164 10462 10557 10632 10662 10898 
#module 617 size: 37 bs: 0.262814
887 1049 1214 1417 1980 2289 2412 2451 2550 2693 3121 3208 3286 3299 3529 3747 3869 4910 5783 6176 6437 7194 7196 7373 7506 7627 7712 7818 8099 8114 9019 9181 9531 9831 10134 10825 11145 
#module 618 size: 8 bs: 1.04759
1114 3971 4291 4521 6211 10963 10997 13043 
#module 619 size: 17 bs: 0.207746
67 531 804 1263 1564 3463 3613 3642 4163 4197 4566 5787 7053 7430 9577 9723 10931 
#module 620 size: 4 bs: 0.637421
328 1351 3485 5344 
#module 621 size: 12 bs: 0.623656
69 343 1537 1578 1962 2013 3169 5261 5840 7251 7258 12125 
#module 622 size: 12 bs: 0.419997
1191 1493 1660 2385 2733 3090 3572 4206 6541 8109 9039 10481 
#module 623 size: 12 bs: 0.923581
722 1231 2969 3567 4101 4196 4540 5160 5595 7434 8550 8933 
#module 624 size: 11 bs: 0.882914
1820 1966 2761 2880 4381 5007 5404 5626 6348 8383 10762 
#module 625 size: 13 bs: 0.165967
304 713 1821 4056 4115 4248 4481 6425 6872 7080 8115 9774 10629 
#module 626 size: 22 bs: 0.914886
1226 2799 2815 2984 3282 4407 4607 4676 5013 5502 6707 7356 7966 8555 8686 9395 9550 9816 10253 10274 10515 11551 
#module 627 size: 19 bs: 0.698089
956 1142 1384 2310 2990 3209 5241 5784 6822 7337 7622 7647 8304 8386 8508 9083 9404 9455 10532 
#module 628 size: 4 bs: 0.608367
1749 2309 6456 7344 
#module 629 size: 10 bs: 0.134616
722 2190 4534 6598 6900 7484 8405 8639 8776 9375 
#module 630 size: 6 bs: 0.223877
2946 4639 5888 6674 7005 10871 
#module 631 size: 8 bs: 0.848516
6 238 2916 3002 4360 5763 9347 11589 
#module 632 size: 6 bs: 1.05143
4268 4272 7209 7398 7756 9698 
#module 633 size: 16 bs: 0.930563
709 1918 3189 3492 4257 5434 5694 5764 6392 6658 7133 9906 10231 10669 10919 11245 
#module 634 size: 14 bs: 0.185943
1441 1944 2383 4228 4405 5525 6043 6333 6359 6422 7266 7339 9192 10053 
#module 635 size: 14 bs: 0.430851
109 683 1927 4575 4845 5497 5840 6033 6134 6742 7203 7701 10496 11340 
#module 636 size: 38 bs: 0.950376
352 383 557 863 1519 1710 2461 2542 2825 2863 3245 3569 3665 3823 4061 4335 4550 5099 5151 5632 5902 6022 6578 6805 6904 6990 7722 8537 8632 8637 8901 8988 9149 10460 10595 10813 10926 11088 
#module 637 size: 32 bs: 0.564931
454 839 1059 1161 1182 1472 1571 1618 2064 2460 2706 2864 2976 3303 3436 3451 3773 3917 4194 4693 4829 4891 5352 5631 6016 6449 6908 7134 7254 7515 8101 9808 
#module 638 size: 40 bs: 0.65174
570 631 637 819 873 890 921 1119 1513 1597 1637 1695 1848 2047 2068 2629 3214 3350 4325 5212 5415 5890 6027 6309 6745 7053 7809 8105 8227 8496 9540 9860 10029 10126 10308 10325 11211 11338 11453 12595 
#module 639 size: 7 bs: 0.788373
6255 6755 7017 7283 8031 9857 10734 
#module 640 size: 18 bs: 0.866153
652 932 1031 1214 1619 3194 3843 3910 5445 5817 7016 7063 7417 7690 7877 8887 10565 11463 
#module 641 size: 18 bs: 0.662054
1709 2373 3113 3118 4307 5419 5444 6398 7354 7882 7931 8103 9042 9073 9416 9475 10858 11335 
#module 642 size: 18 bs: 1.03117
74 222 819 1606 2583 3930 4615 5503 5631 7312 8710 8812 9460 9492 10239 10634 11072 11678 
#module 643 size: 8 bs: 0.173374
2421 3064 3740 8274 8815 9001 10685 13065 
#module 644 size: 149 bs: 0.42948
225 272 320 403 439 446 463 559 624 657 897 1018 1078 1122 1223 1290 1291 1318 1363 1383 1439 1651 1673 1682 1754 1807 1831 1835 1867 1993 2015 2259 2287 2304 2333 2343 2356 2488 2665 2998 3130 3139 3161 3276 3318 3382 3423 3452 3458 3462 3506 3520 3535 3585 3623 3664 3695 3841 3890 3921 3932 3933 3941 3972 3974 3994 4182 4189 4383 4554 4645 4842 4855 4861 5128 5227 5231 5240 5265 5284 5290 5296 5587 5660 5696 5717 5737 5766 5885 5942 5954 6085 6328 6345 6576 6651 6699 6710 6750 6823 6853 7048 7122 7347 7374 7739 7849 7863 7867 7901 7921 8110 8131 8204 8216 8233 8260 8329 8340 8618 8813 8903 8989 8999 9040 9353 9436 9494 9521 9591 9614 9647 9662 9692 9956 10079 10186 10211 10382 10447 10569 10693 10701 10826 10999 11069 11708 12019 12426 
#module 645 size: 21 bs: 0.508696
514 564 857 966 1739 2109 2472 3219 3536 3590 3742 4691 5893 6388 6939 7184 8114 9177 9831 10325 10543 
#module 646 size: 33 bs: 0.326416
20 210 216 713 924 1302 1693 1933 2329 2713 3532 3816 4709 5182 5278 5343 5667 6087 6626 6736 7271 7766 7794 7839 8190 8685 9071 10238 10728 10747 10832 10888 11593 
#module 647 size: 223 bs: 0.259629
98 137 155 157 197 261 314 357 473 544 548 559 629 642 649 678 792 847 884 897 972 973 974 1035 1050 1074 1109 1180 1234 1267 1289 1349 1592 1644 1657 1666 1692 1700 1799 1804 1809 1842 1915 1941 2022 2044 2067 2073 2075 2135 2173 2194 2218 2252 2293 2376 2438 2455 2463 2490 2725 2726 2921 3032 3054 3055 3078 3179 3185 3265 3279 3290 3294 3317 3349 3364 3436 3449 3464 3486 3489 3495 3582 3616 3643 3690 3772 3781 3805 3903 3920 3941 3965 4073 4159 4182 4214 4247 4274 4286 4335 4400 4458 4494 4547 4606 4626 4675 4677 4739 4819 4870 4874 4886 4966 5022 5281 5321 5335 5362 5455 5475 5511 5512 5610 5613 5718 5779 5811 5835 5865 5962 6024 6030 6052 6078 6173 6193 6371 6414 6437 6481 6515 6548 6559 6609 6677 6697 6805 6813 6829 6873 6974 7070 7290 7304 7407 7468 7507 7666 7686 7746 7783 7790 7811 7912 7954 7987 7999 8019 8158 8172 8221 8241 8273 8282 8289 8292 8329 8360 8373 8380 8501 8529 8701 8880 8960 8969 9110 9139 9216 9289 9318 9373 9433 9446 9475 9658 9666 9724 9751 9781 9817 9824 9880 9901 9964 9995 10166 10324 10367 10457 10474 10500 10686 10735 10772 10810 11168 11218 11380 11473 12624 
#module 648 size: 110 bs: 0.222608
50 263 350 432 530 569 713 931 1088 1110 1185 1282 1567 1580 1637 1652 2044 2068 2319 2343 2472 2541 2550 2703 2884 2896 3008 3032 3068 3259 3265 3372 3540 3642 3792 3806 3883 3924 3968 3993 3997 4179 4358 4384 4443 4475 4683 5085 5227 5343 5509 5634 5660 5756 5788 5901 5988 6090 6131 6236 6287 6376 6440 6550 6578 6628 6641 6702 6757 6859 6867 6964 6992 7011 7543 7702 7809 7842 7854 7931 8105 8116 8221 8717 8719 8843 8935 8989 9144 9209 9225 9268 9348 9515 9518 9846 9950 10128 10151 10164 10323 10329 10583 10609 10776 10898 11031 11106 12575 12881 
#module 649 size: 50 bs: 0.547601
64 318 1218 1240 1396 1630 1763 1847 1852 2513 2587 2627 2696 2908 3154 3372 3381 3399 3494 3915 4030 4165 5295 5306 5901 5910 5939 6317 6541 6734 6954 7087 7390 7972 7994 8114 8297 8887 9062 9479 9579 10000 10143 10319 10532 10671 10692 10780 10966 11962 
#module 650 size: 26 bs: 0.818559
1554 1563 1798 2093 2141 2696 3071 3647 4529 6003 6074 6950 6966 7516 7899 7938 8256 8826 9189 9194 9535 9584 10043 10936 12297 12494 
#module 651 size: 48 bs: 0.587504
802 1249 1300 1418 1582 1678 1685 2161 2315 2335 2393 3014 3087 3383 3534 3893 4124 4290 4386 4632 4809 4863 5037 5745 5919 5971 6485 6520 6567 7281 7482 7749 8045 8084 8111 8770 9176 9362 9790 9902 9923 10487 10605 10767 11026 11445 11966 12590 
#module 652 size: 9 bs: 0.595403
228 3697 3832 4040 5485 6180 8481 9386 11274 
#module 653 size: 14 bs: 0.430413
522 681 1092 1784 1946 2076 5443 5551 5553 7316 7633 8070 9058 9473 
#module 654 size: 38 bs: 0.322487
231 562 1152 1222 1311 1494 1786 1890 1913 2042 2284 2328 2507 2923 3269 3565 3926 4423 4449 4473 5386 5856 6706 6759 7042 7299 7893 7942 8346 8966 9034 9131 9665 9841 9864 10662 11032 11614 
#module 655 size: 7 bs: 0.791835
596 2056 6438 6871 7535 7624 8461 
#module 656 size: 23 bs: 0.412518
14 527 563 1090 2723 2767 3035 3056 3210 3893 4561 6222 6419 8363 8642 8964 9249 9800 10094 10121 10787 10914 11584 
#module 657 size: 6 bs: 0.150599
3624 4019 7256 8837 10223 11483 
#module 658 size: 35 bs: 0.949201
76 871 1348 1412 1575 1707 2187 2278 2452 3159 3315 3943 4969 5084 5509 5575 5653 5935 6005 6252 6310 6383 6810 6840 7040 7359 7381 7645 8356 9534 9627 9757 10046 10311 10374 
#module 659 size: 11 bs: 0.710882
1889 2165 2861 2872 3362 6321 6892 6949 7538 7727 9123 
#module 660 size: 15 bs: 1.04134
176 870 1645 1669 1827 2718 2741 4722 4786 4815 5155 5796 6809 8990 9259 
#module 661 size: 11 bs: 0.600968
1331 2647 3053 4231 5703 6073 8048 8635 9088 9595 10647 
#module 662 size: 15 bs: 0.523963
1360 1522 1541 1716 1845 2007 2504 4239 4568 5077 5349 6741 8470 9361 11157 
#module 663 size: 6 bs: 0.955654
474 1639 5397 6254 7556 10610 
#module 664 size: 61 bs: 0.87976
172 312 362 370 377 420 715 803 919 943 1233 1373 2185 2302 2466 2511 2607 2615 3079 3123 3125 3172 3287 3429 3490 3675 3705 4542 4792 4967 5181 5691 5707 5973 6409 7529 7749 7814 8600 8850 8899 9197 9256 9547 9570 9674 9944 9973 10033 10408 10533 10599 10863 11074 11189 11192 11540 12582 12652 12720 12977 
#module 665 size: 7 bs: 0.69934
546 868 2915 4028 6365 9135 9696 
#module 666 size: 17 bs: 0.449559
621 1471 2259 3670 3982 5436 6098 6833 7751 7872 7977 8804 8851 9545 9687 10987 11475 
#module 667 size: 6 bs: 0.761502
1516 2088 3884 5132 6385 8995 
#module 668 size: 10 bs: 1.09169
257 1628 2123 2249 3472 3586 5822 6831 8592 10504 
#module 669 size: 192 bs: 0.557227
51 203 264 529 800 807 843 893 896 959 1042 1172 1189 1266 1316 1387 1456 1552 1587 1615 1638 1743 1788 1791 1816 1830 1888 1895 1968 1969 1970 1972 1976 2008 2029 2079 2131 2206 2257 2265 2266 2365 2422 2446 2512 2521 2582 2589 2601 2663 2793 2817 2936 2951 2956 2996 3001 3147 3170 3325 3379 3475 3708 3857 4084 4108 4144 4238 4352 4387 4486 4509 4519 4649 4747 4766 4836 4851 4889 4923 4973 5135 5176 5320 5399 5457 5466 5476 5573 5596 5625 5645 5648 5838 5854 5886 5920 5975 6042 6057 6124 6182 6262 6286 6295 6297 6320 6339 6583 6604 6617 6716 6719 6766 7031 7035 7075 7129 7199 7268 7425 7459 7472 7483 7523 7525 7589 7705 7803 7812 8074 8075 8137 8190 8198 8275 8309 8453 8458 8511 8541 8566 8672 8822 8827 9021 9075 9085 9307 9329 9345 9499 9516 9546 9561 9672 9691 9713 9718 9744 9768 9921 9945 9946 9955 9976 10072 10077 10157 10255 10383 10465 10502 10518 10592 10596 10626 10631 10635 10707 10713 10823 10837 10855 10877 10945 10990 11085 11130 11265 11552 12902 
#module 670 size: 9 bs: 0.761591
22 1914 2808 3394 4600 4846 6928 7862 10476 
#module 671 size: 8 bs: 0.828307
705 1371 2389 3212 3669 8229 8565 9509 
#module 672 size: 8 bs: 0.148272
994 2720 3543 5018 5288 9116 9538 10466 
#module 673 size: 9 bs: 0.185198
2097 4227 4513 5499 7146 7596 8459 10275 10287 
#module 674 size: 18 bs: 0.482521
169 1375 1734 1826 1904 3105 3311 4008 4705 5401 5785 6312 6611 9891 10056 10835 11225 11383 
