#module 0 size: 8 bs: 2.25506e-10
69 131 182 383 685 769 881 1007 
#module 1 size: 4 bs: 7.316e-101
260 559 834 1043 
#module 2 size: 6 bs: 1.10845e-12
165 219 333 367 381 442 
#module 3 size: 5 bs: 0.626922
208 346 385 713 1029 
#module 4 size: 14 bs: 0.863581
22 23 24 170 371 378 564 664 895 896 904 976 1006 1033 
#module 5 size: 21 bs: 0.454838
52 71 79 94 188 200 267 446 476 483 561 639 666 722 727 731 842 1013 1196 1202 1258 
#module 6 size: 6 bs: 0.853468
50 242 404 535 616 858 
#module 7 size: 14 bs: 0.112801
59 133 159 187 253 417 629 656 721 736 788 825 889 1323 
#module 8 size: 18 bs: 1.07327
60 82 414 659 720 805 833 885 899 965 996 1015 1018 1019 1053 1170 1221 1295 
#module 9 size: 22 bs: 0.444317
68 90 131 205 213 216 240 243 301 325 411 447 491 721 761 856 881 892 972 1007 1349 1354 
#module 10 size: 15 bs: 0.877965
65 192 290 368 373 450 668 743 753 798 811 824 985 1333 1373 
#module 11 size: 22 bs: 0.266857
55 121 146 220 277 359 438 579 673 677 696 710 747 790 802 838 854 874 913 953 978 1041 
#module 12 size: 16 bs: 0.689799
32 416 587 605 707 719 768 776 868 871 916 935 970 975 1071 1356 
#module 13 size: 6 bs: 0.807115
355 556 558 595 634 884 
#module 14 size: 9 bs: 0.928641
74 169 295 366 614 667 684 962 1009 
#module 15 size: 32 bs: 0.261394
31 60 80 150 203 223 309 326 347 395 405 437 564 592 604 607 654 756 764 771 833 885 897 921 936 950 952 976 1132 1136 1222 1352 
#module 16 size: 10 bs: 0.926736
57 123 427 526 568 667 724 907 980 1078 
#module 17 size: 21 bs: 0.654707
73 79 95 124 143 197 289 337 341 360 386 410 453 458 552 574 648 656 795 932 1240 
#module 18 size: 18 bs: 0.4153
152 213 228 275 325 345 382 451 576 597 610 642 963 1001 1132 1190 1318 1338 
#module 19 size: 10 bs: 0.206162
161 218 420 468 490 620 757 840 861 888 
#module 20 size: 27 bs: 0.964547
36 56 163 164 212 288 297 317 363 390 430 454 467 566 598 615 623 699 702 715 745 784 808 810 873 951 1362 
#module 21 size: 29 bs: 0.860437
183 232 256 261 309 367 368 369 374 425 554 565 626 679 700 723 767 803 821 824 852 869 912 956 957 977 1017 1025 1246 
#module 22 size: 10 bs: 0.33202
5 107 156 408 461 738 855 898 1023 1209 
#module 23 size: 13 bs: 0.40301
37 53 191 339 471 575 639 651 703 742 765 1202 1275 
#module 24 size: 9 bs: 0.587405
51 97 333 688 880 882 937 1321 1372 
#module 25 size: 21 bs: 0.889402
13 16 26 195 238 270 433 572 637 650 670 690 729 758 774 886 1023 1026 1218 1267 1302 
#module 26 size: 13 bs: 0.731065
18 88 201 375 456 590 640 660 674 691 915 931 1058 
#module 27 size: 13 bs: 0.505177
58 119 137 257 293 332 370 470 532 555 752 823 905 
#module 28 size: 18 bs: 0.632472
15 91 238 563 606 624 637 729 783 792 815 839 859 1010 1028 1149 1283 1355 
#module 29 size: 7 bs: 0.97788
29 81 161 184 379 823 1353 
#module 30 size: 10 bs: 0.410483
142 180 181 581 651 676 687 744 919 1048 
#module 31 size: 7 bs: 0.460091
125 167 249 254 334 789 1016 
#module 32 size: 10 bs: 0.112431
33 57 106 206 252 329 333 644 675 971 
#module 33 size: 22 bs: 0.618237
20 38 92 122 138 190 205 398 402 463 527 529 548 593 681 746 791 800 829 900 1022 1023 
#module 34 size: 11 bs: 0.74063
102 176 211 457 470 738 816 830 837 881 954 
#module 35 size: 10 bs: 0.471992
29 144 436 586 741 829 891 920 934 962 
#module 36 size: 24 bs: 0.15929
5 16 27 72 105 125 134 226 248 313 329 352 582 637 655 704 706 930 1012 1086 1099 1121 1224 1253 
#module 37 size: 14 bs: 0.300107
128 299 306 314 358 425 646 672 705 728 806 836 1267 1363 
#module 38 size: 23 bs: 0.790308
66 79 112 135 199 221 231 271 320 335 392 425 497 608 627 665 693 708 748 749 894 1013 1120 
#module 39 size: 11 bs: 0.942286
109 119 259 328 541 559 578 704 759 948 969 
#module 40 size: 15 bs: 0.943712
75 125 145 153 216 227 251 258 285 352 398 512 755 939 1276 
#module 41 size: 16 bs: 0.353354
25 30 98 113 214 319 361 452 505 553 594 695 732 809 817 820 
#module 42 size: 22 bs: 0.471826
1 130 259 274 279 304 348 377 413 428 585 589 624 718 729 733 870 911 947 1283 1326 1370 
#module 43 size: 11 bs: 0.176901
27 48 308 331 393 474 522 587 797 893 999 
#module 44 size: 32 bs: 0.776875
17 70 76 99 103 157 177 225 229 235 236 241 262 296 357 391 400 431 434 549 571 600 631 682 796 814 960 988 994 1285 1294 1366 
#module 45 size: 18 bs: 0.927229
5 268 272 276 305 406 441 460 464 550 612 662 718 760 857 860 979 1339 
#module 46 size: 13 bs: 1.083
115 120 278 302 310 335 337 353 422 520 534 701 1026 
#module 47 size: 16 bs: 0.173931
202 342 387 432 435 544 546 645 686 705 751 787 827 866 908 987 
#module 48 size: 41 bs: 0.174951
110 117 132 224 250 264 269 286 324 327 376 409 472 523 528 567 596 611 622 633 636 652 706 730 740 762 775 799 832 841 851 862 914 949 997 1164 1177 1272 1273 1293 1298 
#module 49 size: 12 bs: 0.586174
1 3 62 89 141 283 344 589 644 675 878 1271 
#module 50 size: 17 bs: 0.607702
2 28 140 179 291 316 380 399 424 465 569 619 725 726 833 876 1030 
#module 51 size: 19 bs: 0.336758
49 54 61 69 78 105 108 114 129 153 350 466 573 582 641 737 806 909 1029 
#module 52 size: 19 bs: 1.0851
68 111 126 245 300 389 443 524 545 595 621 734 812 864 910 938 966 1021 1354 
#module 53 size: 18 bs: 0.378385
86 100 113 147 284 362 462 473 555 560 562 599 635 766 849 901 1011 1020 
#module 54 size: 17 bs: 1.06951
185 258 280 307 336 354 401 603 628 692 711 828 831 850 863 882 974 
#module 55 size: 21 bs: 0.272709
154 244 255 315 356 372 397 459 532 621 643 649 722 739 818 819 877 902 906 958 1150 
#module 56 size: 73 bs: 0.305505
6 12 35 87 101 118 127 139 151 160 168 194 198 207 210 233 246 287 292 312 318 330 343 349 351 364 394 407 419 439 440 448 531 536 537 538 539 540 551 557 577 583 591 617 632 657 658 663 678 683 694 697 714 716 717 735 750 763 773 801 821 822 872 875 903 917 928 955 1031 1115 1274 1282 1315 
#module 57 size: 14 bs: 1.02196
136 137 149 158 189 196 222 372 603 609 620 689 828 844 
#module 58 size: 12 bs: 0.531943
116 251 273 388 403 426 476 580 709 804 890 1228 
#module 59 size: 41 bs: 0.266894
19 34 64 67 187 217 294 298 303 322 338 365 396 445 449 455 475 521 525 530 543 613 647 653 671 770 772 786 853 885 933 967 968 998 1000 1008 1092 1093 1264 1276 1296 
#module 60 size: 26 bs: 0.768528
63 77 115 230 234 282 321 421 533 587 588 601 618 630 712 794 867 947 984 1014 1112 1183 1277 1284 1325 1377 
