#module 0 size: 10 bs: 0.00104305
266 400 409 611 620 642 665 1305 1323 1331 
#module 1 size: 43 bs: 0.0220501
50 64 76 140 180 197 315 438 441 491 505 523 568 586 594 614 621 644 701 768 811 815 832 893 906 912 956 971 980 1041 1048 1053 1071 1112 1115 1157 1190 1246 1293 1326 1366 1368 1372 
#module 2 size: 96 bs: 0.128542
3 6 60 61 67 69 73 75 77 81 88 92 93 98 102 124 138 191 192 217 220 234 246 254 260 263 294 296 300 312 329 330 339 394 399 411 419 422 423 426 429 432 436 464 473 511 537 542 551 561 567 570 575 587 600 603 606 636 637 652 681 686 692 693 695 707 750 751 757 765 772 788 800 808 814 823 830 854 867 872 894 905 907 914 938 960 961 962 970 979 1011 1140 1149 1216 1220 1353 
#module 3 size: 34 bs: 0.681028
139 235 239 271 277 319 348 368 384 390 413 448 470 530 546 569 612 643 660 683 710 760 792 804 825 828 853 879 882 919 929 1218 1297 1325 
#module 4 size: 56 bs: 0.280894
60 62 63 71 81 91 117 200 214 229 243 254 263 268 294 298 300 327 346 352 353 380 387 414 419 429 443 527 537 551 595 596 600 603 652 682 685 695 707 744 751 753 761 787 800 812 819 820 831 838 849 894 908 915 970 979 
#module 5 size: 13 bs: 0.841222
48 87 134 366 406 463 469 490 703 706 709 803 987 
#module 6 size: 162 bs: 0.514451
53 56 57 59 65 70 79 95 101 109 112 113 120 121 123 133 143 144 147 149 152 156 158 159 163 164 166 167 168 185 186 187 189 194 195 199 201 223 224 237 261 272 274 276 278 281 282 283 287 289 295 306 309 313 314 322 325 333 341 342 343 344 349 355 356 357 358 360 386 391 403 405 408 417 421 424 434 442 449 458 467 476 497 512 520 524 531 533 534 544 552 555 571 572 574 578 583 590 597 599 602 603 605 610 625 629 634 647 648 655 656 659 661 668 670 678 679 687 699 711 712 725 735 736 743 745 754 756 764 770 773 795 796 805 822 833 839 850 857 860 865 866 874 885 889 933 948 955 968 975 985 1012 1014 1019 1026 1028 1040 1272 1273 1351 1354 1357 
#module 7 size: 32 bs: 0.323081
101 113 209 218 225 226 231 255 283 324 335 385 406 425 446 448 490 536 553 554 583 668 745 759 801 910 933 973 1010 1127 1326 1339 
#module 8 size: 38 bs: 0.334369
1 90 115 116 125 132 142 146 162 214 264 301 302 378 383 418 457 466 538 539 639 658 684 713 718 722 747 794 827 859 875 876 898 900 904 997 1267 1302 
#module 9 size: 41 bs: 0.854219
68 135 136 141 142 151 153 169 221 230 252 279 304 373 393 430 440 582 593 609 616 657 663 666 689 694 717 723 724 752 758 791 807 837 852 858 896 947 969 1017 1031 
#module 10 size: 48 bs: 0.646666
2 106 107 150 188 193 211 251 347 371 392 416 564 584 592 604 607 628 654 691 697 698 702 728 741 821 834 842 851 862 899 903 935 952 996 1015 1017 1018 1021 1025 1142 1217 1219 1223 1284 1321 1349 1352 
#module 11 size: 73 bs: 0.121124
80 86 111 114 122 154 157 160 182 183 196 203 213 257 270 284 288 291 297 308 321 326 369 401 447 454 535 558 562 580 644 650 651 664 667 674 675 680 719 724 763 771 797 802 809 817 824 841 843 858 864 871 878 880 891 895 911 932 934 936 949 957 965 971 977 988 1006 1008 1016 1271 1275 1362 1369 
#module 12 size: 36 bs: 0.709213
74 104 110 129 198 288 301 320 338 361 364 367 372 397 398 450 550 617 640 674 696 740 856 863 878 932 954 967 983 1000 1013 1025 1092 1209 1296 1362 
#module 13 size: 108 bs: 1.00892
4 10 11 12 14 15 16 17 18 19 20 21 23 25 26 27 30 31 32 33 34 36 38 66 72 82 94 97 99 137 170 204 226 236 240 241 242 265 266 267 275 280 316 334 336 351 404 420 451 455 465 483 505 638 642 671 673 708 716 721 727 738 774 776 793 844 855 881 884 897 909 921 937 939 959 963 1007 1023 1033 1043 1053 1064 1071 1093 1099 1112 1115 1132 1136 1170 1177 1183 1196 1202 1224 1228 1234 1240 1246 1253 1274 1277 1283 1318 1342 1350 1355 1356 
#module 14 size: 66 bs: 0.391793
5 52 96 131 178 183 207 212 215 227 228 233 244 253 271 303 337 345 350 354 363 365 379 396 412 428 437 459 474 540 545 559 644 651 669 680 705 734 742 762 763 775 806 835 862 883 887 913 918 920 950 951 971 995 1020 1042 1078 1141 1142 1209 1221 1282 1334 1367 1376 1377 
#module 15 size: 53 bs: 0.78007
54 55 190 206 208 227 238 249 256 299 307 374 377 401 428 439 462 468 519 540 547 557 558 565 566 581 585 619 623 627 631 672 704 718 748 749 769 783 784 813 818 829 840 868 869 916 917 934 972 982 1008 1092 1276 
#module 16 size: 55 bs: 0.761727
48 58 62 81 89 105 126 130 222 232 328 351 359 362 370 388 389 395 431 433 452 455 472 536 548 568 573 577 584 624 633 645 646 653 671 673 729 730 731 732 870 873 884 886 901 930 958 974 976 986 1022 1024 1252 1283 1295 
#module 17 size: 32 bs: 0.420823
148 155 176 202 245 259 293 310 317 332 375 427 435 461 543 560 630 676 688 715 726 737 746 755 799 814 816 877 902 984 1029 1140 
#module 18 size: 115 bs: 1.09348
7 11 13 15 20 22 24 28 29 35 37 42 46 64 181 253 273 290 323 340 382 415 441 444 456 483 491 505 532 626 632 644 720 790 835 964 971 981 989 1001 1015 1027 1032 1039 1041 1042 1048 1053 1058 1071 1086 1105 1112 1120 1121 1150 1157 1164 1177 1190 1222 1224 1234 1246 1258 1265 1266 1268 1269 1270 1285 1293 1294 1298 1299 1300 1301 1303 1304 1305 1306 1307 1308 1315 1316 1317 1319 1320 1322 1324 1327 1328 1329 1330 1331 1332 1335 1336 1337 1338 1340 1341 1358 1359 1360 1361 1364 1365 1369 1370 1371 1373 1374 1375 1378 
#module 19 size: 71 bs: 0.164165
6 61 69 73 77 100 102 103 108 118 119 128 145 161 179 184 214 217 219 247 258 262 268 269 285 292 305 339 376 402 426 432 445 460 475 521 526 529 541 551 567 579 595 599 601 635 636 641 662 714 766 767 788 798 800 808 830 872 890 928 931 938 960 961 966 978 998 1009 1264 1353 1363 
#module 20 size: 26 bs: 0.453357
49 78 108 269 311 319 343 349 381 407 445 453 460 521 522 549 589 598 615 635 636 649 786 892 953 978 
#module 21 size: 71 bs: 0.350128
51 92 124 127 155 176 205 216 236 246 250 254 286 293 317 318 328 329 330 331 332 335 380 395 410 419 429 431 455 464 471 525 528 556 563 576 577 588 591 618 630 637 673 677 690 693 700 715 730 731 732 733 739 750 765 789 814 826 855 888 905 909 912 956 994 999 1029 1140 1295 1304 1333 
#module 22 size: 15 bs: 1.01963
165 177 210 248 549 608 613 622 662 810 836 861 892 1030 1295 
