#module 0 size: 6 bs: 0.01144
3029 5165 6279 8033 8836 9882 
#module 1 size: 5 bs: 0.00224339
3663 6068 10245 10699 10853 
#module 2 size: 3 bs: 4.06342e-14
2416 3011 11535 
#module 3 size: 3 bs: 5.16491e-06
2642 6096 7639 
#module 4 size: 6 bs: 0.00160067
1220 4230 7265 8933 9093 10311 
#module 5 size: 3 bs: 0.0366714
1263 7237 7705 
#module 6 size: 3 bs: 0.0635472
6583 8568 8979 
#module 7 size: 3 bs: 0.0361861
2529 5560 10303 
#module 8 size: 3 bs: 0.0635471
3658 8977 9276 
#module 9 size: 4 bs: 0.0169483
3529 3636 3817 10910 
#module 10 size: 24 bs: 0.786235
1095 1542 1975 1984 2044 3889 4780 4909 5397 5616 5660 5685 6385 6489 6952 7203 8322 8338 8380 8681 9419 9679 9689 12666 
#module 11 size: 6 bs: 0.349315
1685 1867 3533 8062 10056 11095 
#module 12 size: 5 bs: 0.319122
3624 4035 6380 8877 9006 
#module 13 size: 14 bs: 0.827936
2344 2768 4055 4938 5433 5942 6469 6701 7122 8872 10063 10151 10219 10932 
#module 14 size: 4 bs: 0.906326
1089 6812 7866 9224 
#module 15 size: 5 bs: 0.332065
8747 9551 9635 9669 12228 
#module 16 size: 6 bs: 0.584207
903 2160 3502 6278 7313 10118 
#module 17 size: 6 bs: 1.00436
7190 7305 7838 8361 8948 11361 
#module 18 size: 55 bs: 1.01809
5 10 851 1038 1492 1599 1737 1904 1905 2165 2311 2554 2578 2707 3739 3935 3949 4307 4532 4636 4677 4843 5260 5278 5466 5738 5862 5907 6236 6515 6521 6924 7128 7165 7377 7500 7683 8285 8300 8379 8618 9331 9459 9553 9714 9753 9756 10160 10215 10579 10633 10678 10966 11342 12523 
#module 19 size: 7 bs: 0.435555
825 1808 3613 4297 5852 8686 9071 
#module 20 size: 5 bs: 0.666037
6144 6863 8635 9852 10717 
#module 21 size: 11 bs: 0.129726
1931 2824 4419 4534 6689 6851 6855 8324 9169 10631 10779 
#module 22 size: 6 bs: 0.783966
2060 3746 4113 4753 9449 10402 
#module 23 size: 7 bs: 0.9647
3744 4697 5954 6528 6751 7141 7696 
#module 24 size: 29 bs: 0.470528
1576 1758 2439 2864 2999 3255 4029 4209 5166 5189 5270 6194 6884 7077 7944 8056 8234 8448 8556 8613 8848 9134 9298 9370 9929 10430 10833 11009 12635 
#module 25 size: 56 bs: 0.997129
42 830 844 873 946 1429 1466 1665 2154 2393 2474 2483 2731 3084 3252 3407 4326 4393 5573 6142 6636 6707 7320 7698 7805 8002 8201 8223 8474 8637 8721 9104 9286 9288 9363 9444 9565 9691 9755 10190 10294 10389 10414 10504 10508 10526 10645 10684 10724 10743 10774 10783 10826 10939 11017 11470 
#module 26 size: 14 bs: 0.793361
1103 3061 3328 4862 5092 5152 5816 6298 6396 7081 7435 7884 8352 8412 
#module 27 size: 38 bs: 0.921264
810 2161 2492 2701 2722 3069 3190 3262 3314 3464 3465 3524 3689 4077 4206 4312 5022 5089 5123 6416 6626 7085 7703 7929 7963 8132 8319 8471 8614 9397 9457 9548 9639 9818 10608 10624 11032 12609 
#module 28 size: 12 bs: 0.35228
50 2398 2983 3429 4099 6044 6665 7108 7923 8967 9558 10647 
#module 29 size: 11 bs: 0.869566
2762 2977 3505 3512 3638 5510 5520 6212 6532 7344 9165 
#module 30 size: 50 bs: 0.137721
980 1021 1087 1422 1662 1908 2095 2188 2246 2392 2461 2786 2797 3114 3833 4372 4580 4864 4966 5121 5138 5178 5191 5255 5319 5614 5666 5842 6118 6157 6200 6214 6410 6567 6769 6857 7509 7575 8254 8475 8489 8749 8784 9468 9672 9694 9870 9949 10172 10602 
#module 31 size: 17 bs: 0.502478
2336 2406 2480 2733 2761 2987 3332 3455 3642 4930 5490 7071 7857 8579 9039 9828 11364 
#module 32 size: 34 bs: 0.895397
960 1347 1407 1431 1893 2548 2715 2760 2825 2963 3082 3308 3420 3453 3838 4036 4282 4396 4568 5155 5286 5709 6226 6234 6556 7049 7492 9055 9275 9418 9561 10068 10533 11595 
#module 33 size: 27 bs: 0.398078
42 1561 1914 2318 2498 2613 3058 3656 3679 4048 5020 6495 6922 7012 7129 7206 8057 8117 8606 8637 8854 9086 9299 9409 10258 10526 10645 
#module 34 size: 50 bs: 0.828753
70 72 894 1045 1268 1346 1736 1860 2030 2353 2407 2470 2486 3103 3567 3573 3924 4148 4290 4315 4330 4341 5211 5400 5627 5759 6500 6531 6533 6592 6736 6954 7430 7852 7969 7982 8136 8346 8468 8630 9191 9277 9512 9765 9838 10078 10482 10613 10769 12933 
#module 35 size: 59 bs: 0.784022
21 872 1057 1169 1552 1633 1648 1704 1929 2132 2246 2273 2370 2427 2858 2888 3291 3423 3683 3860 4132 4377 4600 4745 4839 4865 4908 4915 4958 4973 4979 5475 5612 5670 6293 6639 6799 6980 7187 7504 7522 7628 7634 7926 8129 8435 8511 9021 9032 9053 9394 9672 9955 9976 9989 10007 11112 11146 11572 
#module 36 size: 70 bs: 0.668908
901 1144 1159 1166 1237 1415 1455 1498 1546 1644 1898 2039 2086 2526 2717 3142 3192 3225 3258 3499 3639 3670 3732 3742 4142 4149 4354 4383 4394 4403 4447 4553 4805 4850 4882 5065 5201 5335 5340 5454 5621 5745 5747 5782 5902 6009 6207 6299 6750 6876 6905 6974 6998 7221 7699 7892 8003 8121 8221 8580 8582 8711 8811 9144 9698 9774 9991 10858 10886 11031 
#module 37 size: 51 bs: 0.836566
52 76 792 1017 1106 1261 1279 2104 2112 2206 2467 2769 2831 2841 2884 2967 3362 3443 3647 3886 4392 4835 5633 5732 5976 6155 6307 6338 6407 6633 6709 6725 7114 7163 7514 7545 8470 8542 8596 8650 9024 9143 9559 10666 10688 10843 10918 11130 11160 12595 12944 
#module 38 size: 52 bs: 0.402872
850 892 897 1009 1193 1813 2278 2321 2635 2763 2789 2875 3154 3163 3175 3236 3395 3509 3831 4005 4304 4445 4460 4725 4737 4795 5463 5786 5864 5937 6183 6292 6464 6781 6826 6843 7335 7538 7723 7798 7867 7919 8271 8828 8829 9080 9270 9619 9836 10362 10735 11161 
#module 39 size: 24 bs: 1.06402
1034 1855 1986 2792 3245 4116 4302 4896 5407 5548 6006 6274 7034 7746 7928 7977 8360 8592 8610 9166 9590 9803 9964 10179 
#module 40 size: 22 bs: 0.206668
1586 1837 1887 2634 3042 4731 4822 4970 5963 6128 7750 8326 8373 9214 9367 9604 10046 10189 10707 10747 10965 11114 
#module 41 size: 44 bs: 1.07627
1010 1033 1335 1748 1862 1977 2052 2093 2787 3024 3117 3161 3452 3659 3802 3809 3830 4143 4295 4380 4459 4889 5093 5199 5426 5869 5943 6370 6418 6741 6915 7893 8371 8478 8570 8619 8782 9062 9327 9431 9734 10550 10933 12782 
#module 42 size: 8 bs: 0.501086
1588 4710 4809 5719 6316 7621 10452 12006 
#module 43 size: 26 bs: 0.178508
43 773 816 1682 2452 2785 2893 3080 4576 4855 4859 4918 4975 5398 5829 6339 7472 7536 7619 8966 9167 9378 10357 10374 10973 11002 
#module 44 size: 27 bs: 1.07895
1247 1256 1425 1649 1722 2010 2049 2880 2994 3150 5409 5890 6111 6951 7243 7270 7408 8899 9183 9231 10351 10587 10854 11488 11519 11715 12992 
#module 45 size: 27 bs: 0.624981
42 873 2613 3058 3445 3510 3656 4326 6495 6636 7842 8037 8057 8223 8607 8637 8748 9086 9565 9625 10508 10526 10645 10692 10700 10826 11017 
#module 46 size: 33 bs: 0.226821
22 847 1038 1669 1964 2520 2665 4146 4677 4899 5094 5188 5309 5364 5681 5818 6111 6271 6950 7074 7128 7377 7439 7927 8926 9231 9633 9713 10211 10289 10448 10678 12992 
#module 47 size: 52 bs: 0.27448
833 1001 1042 2134 2486 2638 2659 2691 2775 3092 3593 3748 3896 4239 4522 4550 4630 4724 4819 4863 5212 5253 5373 5523 5555 5803 6132 6392 6508 6690 6778 6968 6993 7000 7059 7479 7918 8187 8715 8728 8840 8930 9138 9432 9464 9630 9986 10147 11188 11556 12573 12589 
#module 48 size: 23 bs: 0.720033
1104 1158 1347 1786 2552 2817 2827 3453 4140 4637 4870 7437 7536 7797 8455 8673 9092 9172 9802 10076 10533 11595 12874 
#module 49 size: 44 bs: 0.677984
891 922 931 1337 1664 1671 1803 1890 1901 2025 2339 2903 3076 3392 3591 3767 3898 4374 4905 4969 4997 5167 5448 5487 5918 6492 6903 7317 7330 7664 7676 7881 8203 8243 8385 8606 8758 8965 9291 9513 9712 9872 12683 13019 
#module 50 size: 59 bs: 0.307389
1162 1669 1782 1894 2099 2420 2592 2637 2690 2832 3041 3044 3045 3681 3725 3731 3920 4453 4484 4914 4955 5107 5492 5635 5794 5960 5973 6843 8093 8140 8415 8418 8483 8484 8486 8723 8767 9059 9190 9283 9407 9451 9487 9490 9542 9703 9772 9874 10117 10206 10538 10943 10947 11115 11148 11701 11765 12327 12510 
#module 51 size: 39 bs: 1.01038
1350 1528 1613 1712 1876 1888 1928 2236 2265 2335 2643 2744 2925 3543 3588 3790 3812 3996 4074 4470 5064 5434 5498 5506 5508 5509 5771 5803 6419 6473 6543 7050 7131 7199 7877 8638 9280 9293 10053 
#module 52 size: 46 bs: 0.842487
849 1249 1460 1599 1731 1920 2489 2496 2654 3100 3130 3341 4064 4325 4443 5216 5238 5265 5376 5496 5867 5949 6773 6829 6990 7014 7116 7378 7600 8042 8046 8102 8345 9232 9848 9999 10422 10512 10764 10812 10854 11136 11173 11335 11704 12681 
#module 53 size: 71 bs: 0.88764
782 866 1014 1057 1086 1320 1504 1568 1615 2069 2223 2286 2300 2357 2523 2739 2766 2791 2828 2836 2886 2953 2958 3001 3006 3111 3196 3698 3780 3908 4608 4780 4959 5589 5878 6160 6217 6228 6239 6551 6635 6729 7110 7147 7282 7589 7613 7661 7796 8050 8540 8545 8679 8680 8748 9133 9155 9173 9345 9354 9361 9365 9369 9478 9526 9989 10444 10596 10771 10799 10847 
#module 54 size: 46 bs: 1.05493
54 57 936 1039 1127 1352 1379 1784 1804 1839 1850 1956 2070 2355 2453 2460 2721 3132 3676 3759 3794 3806 3834 3872 3919 4002 4203 4222 4774 5273 5489 5587 5803 6254 6323 6350 6739 8358 8762 8817 9103 9832 10581 11273 11405 12495 
#module 55 size: 25 bs: 0.780235
1100 1262 1427 1463 1729 1776 4716 5343 5399 5599 6533 7048 7092 7171 7769 8266 8875 8881 8909 8985 9287 10001 10370 10855 10980 
#module 56 size: 66 bs: 0.231376
41 968 1173 1227 1244 1258 1332 1359 1366 1389 2348 2508 2551 2569 2732 3109 3189 3359 3380 3448 3768 3798 4126 4139 4245 4269 4397 4430 4490 4586 4662 5181 5213 5295 5301 5316 5455 5477 5546 5792 6333 6414 6539 6617 6806 6874 6904 7086 7087 7171 7218 7781 7809 7979 7985 8084 8137 8265 8301 8611 8853 9301 9600 9919 10718 10832 
#module 57 size: 47 bs: 0.530405
984 1043 1143 1177 2117 2338 2485 2726 3024 3854 3964 3967 4054 4070 4093 4431 5079 5104 5185 5268 5515 5529 5852 5869 6138 6141 6418 6423 6425 6430 6524 7027 7045 7152 7974 8967 9078 9171 9720 9912 10273 10636 10682 10992 11106 12638 12782 
#module 58 size: 6 bs: 0.682751
1018 4350 5872 8963 10360 10961 
#module 59 size: 6 bs: 1.00141
1743 1857 3057 5755 6480 6987 
#module 60 size: 65 bs: 0.816632
865 926 932 1135 1230 1697 1985 2090 2177 2435 2616 2700 2850 2851 3026 3181 3185 3213 3684 3827 4726 4727 4733 4768 4941 5480 5697 5710 5881 5946 6180 6485 6563 6612 6945 6965 6974 7023 7160 7441 7460 7486 7644 7721 7813 7977 8208 8269 8390 8653 8726 8997 9044 9161 9185 9623 9793 10213 10430 10468 10566 10591 10730 10860 11067 
#module 61 size: 76 bs: 0.653016
958 966 1005 1414 1684 1759 1810 1995 2598 2668 3389 3520 3594 3816 3891 3936 3938 4267 4316 4702 4771 4817 5285 5357 5519 5613 5642 5773 5884 6401 7339 7530 7565 7647 7657 8138 8161 8409 8456 8493 8683 8773 8797 8799 8940 9000 9176 9286 9500 9536 9610 9612 9624 9724 9773 9970 10041 10251 10382 10671 10705 10756 10775 10801 10804 10836 10863 10939 11097 11164 11465 11962 12700 12891 12905 12982 
#module 62 size: 42 bs: 0.977
55 898 1201 1229 1543 1652 2145 3249 3649 4025 4159 4277 4329 4742 5082 5101 5275 5765 5839 5912 6049 6375 6534 6545 6946 7000 7371 7524 7580 7622 7833 8151 8341 8348 8354 8357 8492 8994 9499 10214 11210 12860 
#module 63 size: 10 bs: 0.250016
1225 1792 3644 5590 6487 8081 8096 8991 10193 10256 
#module 64 size: 57 bs: 1.08324
852 962 967 1475 1617 1781 1831 2027 2078 2377 2401 2653 2851 2921 2963 3208 3436 3564 3582 3900 4178 4379 4563 4777 5112 5155 5341 5375 5413 5500 5606 5852 5896 5931 5946 6175 6264 6945 7126 7160 7507 7662 8060 8098 8278 8862 9044 9085 9107 9603 9981 10097 10403 10617 10711 10805 11123 
#module 65 size: 71 bs: 0.733177
16 34 952 1305 1467 1967 2002 2179 2189 2190 2256 2466 2563 2641 2749 2833 2872 2892 3181 3579 4410 4473 4596 4673 4954 5028 5034 5136 5624 5693 5753 5789 6135 6146 6722 6726 6854 7065 7166 7421 7713 7943 8070 8244 8437 8509 8746 9126 9154 9195 9398 9626 9722 9786 9839 9877 10037 10301 10491 10503 10659 10681 10694 10766 10934 10990 11013 11135 11551 11604 12555 
#module 66 size: 44 bs: 0.28478
1054 1067 1126 1199 1291 1330 1373 2298 2312 3014 3043 3338 3695 3764 3871 3904 4028 4030 4052 4100 4101 4257 4537 4571 4587 4643 5832 5856 6109 6396 6648 6869 7298 7334 7638 8048 8173 8178 8306 8780 8871 9247 10982 13027 
#module 67 size: 62 bs: 0.437797
766 1065 1536 1725 1915 2072 2157 2158 2331 2452 2765 2902 2945 2969 2982 3054 3261 4266 4452 4680 4720 5133 5359 5486 5620 5631 5754 5808 5935 6311 6411 6475 6578 7553 7604 7714 7938 8023 8552 8576 8582 8660 8935 9099 9182 9184 9251 9442 9469 9741 10103 10275 10396 10832 10928 10947 11021 11115 11230 11949 12158 12510 
#module 68 size: 7 bs: 0.824937
1180 2389 4836 4992 5086 8311 11419 
#module 69 size: 111 bs: 0.753226
806 920 1178 1269 1289 1383 1446 1464 1631 1668 1996 2260 2468 2566 2567 2686 2718 2728 2815 2890 2940 3033 3309 3355 3378 3480 3766 3837 3930 3977 4029 4162 4228 4281 4336 4435 4456 4546 4555 4722 4723 4803 4823 4825 4962 5012 5233 5270 5363 5482 5528 5556 5580 5600 5895 5936 6028 6216 6458 6470 6770 6932 6962 6963 7001 7008 7063 7077 7090 7113 7422 7662 7671 7685 7710 7724 7837 7879 8046 8296 8449 8704 8763 8765 8841 8894 9057 9106 9164 9260 9402 9423 9452 9460 9484 9553 9754 9812 9980 10002 10163 10208 10374 10642 10689 10851 10897 11220 11266 11448 11576 
#module 70 size: 43 bs: 0.39661
793 921 1368 2116 2469 2955 3043 3292 3388 3431 3793 3819 3832 4008 4127 4147 4268 4464 4811 5119 5987 6575 6637 6638 6705 7541 7670 7716 7828 8292 8523 8768 8959 8984 9036 9061 9219 9336 9489 9533 10325 10372 10488 
#module 71 size: 35 bs: 0.232294
1353 1421 1679 2068 2213 2396 2560 3405 3525 3886 4107 4217 4246 4672 5289 5902 6070 6199 6299 6308 6405 6798 6998 7367 7581 7976 8586 9101 9250 9264 9305 10247 10470 10920 11130 
#module 72 size: 58 bs: 0.267981
919 964 1203 1253 1388 1397 1448 1457 1597 1657 1694 1757 1791 2040 2978 3242 3446 3482 3485 3910 4176 4205 4208 4437 4518 4524 4597 4766 4980 5306 5347 5393 5402 5603 6156 6229 6529 7021 7051 7088 7254 7345 7681 7795 7821 8118 8264 8886 8910 9070 9376 9427 9780 10333 10614 10926 11006 11016 
#module 73 size: 75 bs: 0.169429
30 882 940 1051 1495 1938 2102 2326 2502 2579 3072 3438 4083 4102 4275 4509 4521 4690 4806 4901 5210 5539 5552 5579 5583 6213 6348 6427 6431 6468 6633 6676 6936 7150 7158 7476 7615 7748 7845 7948 7974 8039 8108 8327 8395 8528 8633 8692 8897 8923 8946 8953 9066 9078 9110 9121 9208 9266 9338 9455 9604 9676 9809 9814 9996 10029 10428 10527 10554 10758 11163 11168 11240 11667 11702 
#module 74 size: 13 bs: 0.566298
4296 6685 8577 9050 9137 9434 9725 10314 10496 10777 11693 11700 11815 
#module 75 size: 34 bs: 1.09525
1300 1635 2115 2423 2450 2734 3234 3277 3375 3584 3848 3851 4391 4627 4895 4957 5833 5947 5969 6661 6909 7572 7937 8060 8284 8953 9496 9549 9601 9688 10050 10122 10772 11079 
#module 76 size: 14 bs: 0.993171
1459 2750 3018 3251 3568 3962 4694 4713 4998 7005 7876 8170 8722 10894 
#module 77 size: 50 bs: 0.527409
39 1192 1776 2136 2706 2916 3199 3257 3409 3446 3666 3822 3915 4022 4137 4158 4264 4322 4542 5399 5423 5746 5780 5851 5865 5928 6026 6122 6530 7029 7219 7415 7549 7576 7964 7987 8477 8508 8550 9096 9665 9734 9910 10120 10192 10254 10499 10668 11159 12899 
#module 78 size: 26 bs: 0.157741
1907 1930 1951 2677 3475 4511 4535 4902 6041 6720 6839 6970 7115 7889 7950 8172 9011 9210 9568 9607 10011 10128 10486 10576 10707 12492 
#module 79 size: 11 bs: 0.495641
1407 2799 2963 3208 3900 4552 5290 6039 6234 7314 10318 
#module 80 size: 25 bs: 0.408923
1014 1508 2105 3068 3149 3377 3465 3542 3825 3873 4921 4922 5109 5707 5984 6160 6239 7147 7233 9024 9339 9737 9792 10583 10875 
#module 81 size: 46 bs: 1.09172
815 957 1024 1090 1361 1522 1563 1773 2473 2925 2971 3092 3826 3979 4256 4420 4582 4814 5568 5787 5854 5905 6010 6218 6409 6679 6711 6747 6918 7095 7228 7535 7626 7648 7735 7913 7994 8001 8816 9320 9357 9758 10830 11380 12293 12870 
#module 82 size: 108 bs: 0.370387
30 882 895 940 1385 1524 1641 1693 1731 1777 1821 1897 2102 2141 2319 2326 2502 2696 2809 2937 2960 2975 3072 3083 3106 3258 3438 3520 3648 3716 3828 4013 4083 4275 4345 4447 4544 4690 4828 4940 5126 5342 5551 5669 5671 5788 5797 6026 6121 6427 6430 6431 6598 6642 6656 6676 7060 7150 7182 7240 7302 7465 7487 7647 7748 7791 7845 7948 8006 8115 8149 8226 8395 8702 8897 9018 9037 9078 9245 9266 9324 9338 9455 9504 9557 9676 9841 9978 10108 10477 10511 10541 10565 10674 10798 10846 10901 10931 10983 11025 11163 11168 11194 11667 11702 11790 12249 12794 
#module 83 size: 43 bs: 1.09265
827 1272 1968 2130 2223 2232 2275 2661 2737 2879 3164 3212 3235 3493 3698 3852 4011 4111 5285 5675 6231 6243 6260 6459 6652 6771 6801 7255 7589 7660 8521 8680 8838 8893 9025 9155 9269 9315 9578 10493 10957 11499 12447 
#module 84 size: 63 bs: 0.650129
791 826 948 1069 1088 1098 1622 1636 1653 1724 1756 2084 2455 2568 2748 2760 2914 2984 3195 3219 3496 3592 4053 4070 4271 4547 4881 5065 5103 5336 5408 5628 5756 5821 5855 5863 5950 5953 6040 6364 6417 7053 7145 7458 7666 7870 7883 7931 7983 8067 8147 8303 8760 8761 8826 8915 9241 9753 10044 10348 10891 11004 11611 
#module 85 size: 46 bs: 0.820406
767 886 899 2169 2230 2392 2415 2511 2793 2850 2970 3030 3351 4106 4278 4663 4756 4787 4942 6101 6185 6233 6239 6289 6581 7585 8252 8392 8506 8895 9199 9230 9305 9369 9371 9436 9523 9655 9801 9806 9845 9883 10072 10501 11070 11216 
#module 86 size: 34 bs: 0.282205
53 812 1247 1575 1627 1663 2013 2990 3264 3491 3954 5403 5418 6268 6576 6803 7987 8275 8349 8368 9132 9401 9421 9531 9651 9784 10121 10160 10349 10354 10607 10781 10839 12506 
#module 87 size: 36 bs: 0.88911
764 854 1642 1842 2338 2571 2624 2718 2806 3046 3503 3702 4110 4156 4247 4528 5012 5538 5750 5830 6356 6384 6730 7024 8099 8268 8602 8745 9027 10039 10295 10515 10584 10712 11003 11220 
#module 88 size: 31 bs: 0.747728
1063 1682 2092 2710 2735 3131 3370 3422 3435 3620 3927 4195 4324 4339 5274 5316 5465 5763 6014 6140 6266 6404 6898 6918 7789 7794 8256 9759 9808 11639 12293 
#module 89 size: 73 bs: 0.23108
54 867 1234 1277 1830 1902 1929 2012 2204 2221 2222 2246 2287 2409 2427 2471 2537 2679 2874 2877 2944 3153 3319 4087 4519 4541 4562 4600 4660 4679 4682 4973 5061 5249 5443 5451 5640 5925 5980 6051 6088 6198 6593 7043 7064 7361 7617 7912 8158 8511 8688 9177 9250 9273 9294 9394 9521 9586 9667 9694 9851 9888 9949 9989 10195 10228 10441 10518 11239 11411 11442 11571 12429 
#module 90 size: 61 bs: 0.333128
759 790 1031 1047 1091 1168 1320 1417 1815 1847 1997 2174 2180 2219 2223 2781 2816 2844 2848 3120 3162 3327 3452 3733 4356 4483 4575 4576 4661 4906 4927 4928 4991 5246 6134 6159 6198 6345 6479 6553 6635 6640 6958 7521 7569 7635 8152 8293 8355 8473 8748 9136 9418 9683 9807 9889 10473 10822 11088 11712 12039 
#module 91 size: 275 bs: 0.998268
777 843 875 885 893 913 973 1012 1094 1114 1155 1175 1206 1322 1348 1356 1408 1420 1426 1436 1485 1499 1505 1531 1533 1598 1628 1638 1655 1667 1744 1747 1806 1863 1869 1919 1933 1936 1987 2029 2046 2062 2076 2079 2082 2089 2097 2103 2240 2313 2325 2397 2402 2428 2454 2462 2476 2479 2495 2544 2570 2640 2674 2782 2800 2837 2973 2980 3062 3105 3138 3152 3207 3260 3366 3372 3391 3397 3399 3400 3410 3459 3462 3466 3469 3532 3547 3575 3618 3635 3717 3718 3829 3835 3906 3989 3994 4003 4043 4044 4181 4196 4252 4254 4258 4274 4279 4299 4370 4373 4398 4399 4418 4442 4446 4520 4530 4626 4695 4740 4853 4877 5041 5059 5082 5139 5145 5150 5179 5231 5302 5331 5367 5412 5540 5541 5544 5593 5630 5659 5664 5714 5737 5766 5768 5822 5827 5828 5839 5844 5909 5957 5998 6058 6161 6247 6261 6286 6329 6377 6390 6424 6507 6508 6509 6558 6579 6582 6622 6667 6691 6758 6831 6946 6956 6981 6983 6992 7038 7072 7155 7164 7274 7275 7283 7287 7322 7371 7381 7425 7436 7449 7452 7525 7625 7629 7700 7823 7878 7907 7953 7958 7960 8047 8098 8122 8131 8148 8297 8340 8341 8381 8421 8512 8544 8601 8626 8735 8743 8822 8936 9002 9043 9082 9083 9263 9322 9377 9381 9471 9477 9486 9544 9566 9573 9603 9608 9656 9663 9710 9833 9879 9916 9933 10049 10057 10112 10131 10205 10214 10226 10244 10338 10377 10404 10471 10513 10543 10679 10728 10841 10862 10870 10878 10914 10938 10977 11007 11077 11206 11393 11413 11436 12019 12679 
#module 92 size: 30 bs: 0.219699
1571 2140 3172 3625 3710 3847 3934 3953 4154 4283 4751 4844 4916 5222 5811 5873 6153 6671 6760 7697 7946 8270 8889 9272 9753 9920 10164 10929 10948 10952 
#module 93 size: 25 bs: 0.198073
56 1748 1833 1924 2032 2371 2781 2859 3144 3809 3893 4031 4947 5901 6288 7104 7328 8258 8510 9308 9503 9944 10222 11223 11504 
#module 94 size: 49 bs: 0.393618
1097 1167 1338 1537 1734 1899 2184 2429 2620 3182 3254 3656 3679 3691 3980 4856 4871 4910 4956 5239 5387 5401 5749 6506 6687 6743 6828 6861 6922 7019 7157 7214 7396 7967 7984 8057 8220 8222 8606 8608 8976 9445 9500 9824 9873 10038 10381 11258 11453 
#module 95 size: 37 bs: 0.632778
1055 1198 1335 1620 1786 1862 3117 3659 3970 4032 4378 4459 4480 5525 5899 5943 6004 6357 6370 6526 6915 7390 7847 7893 8235 8325 8478 8551 8845 9304 9775 10107 10371 10887 11190 11878 12880 
#module 96 size: 18 bs: 0.254587
1050 2349 2503 2519 2725 2896 3286 3999 4381 4459 4815 5619 5752 5868 7056 9588 10857 10889 
#module 97 size: 75 bs: 0.857284
1057 1320 1504 1529 1568 1647 1879 2127 2169 2176 2286 2632 2793 2842 2886 2951 3009 3037 3728 4501 4583 4585 4608 4628 4641 4661 4780 4891 4893 4978 5589 5661 6200 6224 6232 6233 6239 6242 6249 6551 6594 6635 6721 7477 7518 8237 8386 8399 8538 8659 8670 8680 8693 8698 8784 9004 9155 9345 9365 9369 9390 9396 9408 9415 9670 9989 10084 10156 10203 10776 10957 11463 11657 12264 13062 
#module 98 size: 26 bs: 0.78043
807 1217 1336 1378 1750 2157 2513 3511 4452 4683 5122 5305 5359 5513 5715 5718 5991 7156 7168 7767 9117 9183 9356 10106 10551 11085 
#module 99 size: 78 bs: 1.03733
67 951 1068 1288 1374 1604 1605 1736 1778 1917 2486 2498 2546 3010 3053 3094 3132 3427 3494 3649 3714 3896 4072 4305 4319 4330 4444 4560 4619 4623 4730 4767 4788 4802 4999 5211 5248 5427 5518 5627 5759 5799 6488 6501 6592 6658 6684 6700 6902 6984 7000 7192 7222 7250 7430 7665 7753 7788 7924 7969 8005 8615 8996 9111 9191 9245 9786 10016 10088 10221 10438 10482 10613 10906 11178 11185 11224 11271 
#module 100 size: 53 bs: 0.76339
79 1065 1257 1299 1775 1824 1851 2531 2558 2746 2747 2845 2998 3036 3135 3484 3486 3861 4039 4166 4220 4308 4310 4389 4840 4944 5079 5483 5779 5783 5850 5967 6331 6795 6889 6917 7185 7198 7429 8144 8405 8703 8725 8983 9184 9560 9864 10293 10455 10844 10907 11099 11395 
#module 101 size: 53 bs: 0.844051
837 1465 1569 1645 1769 2016 2047 2135 2617 2719 3052 3075 3151 3474 3574 3745 3976 4236 4696 4849 4913 4965 5043 5352 6061 6114 6624 6827 6864 6881 6921 6985 7239 7332 7720 7760 7978 7988 8154 8404 8527 8962 9463 9766 9948 10012 10116 10272 10439 10536 10784 11649 12896 
#module 102 size: 24 bs: 0.573208
1480 2123 2385 2433 2439 2795 3426 3444 3976 4040 5319 5689 6481 6879 7998 8613 8724 9311 9441 10240 10430 10788 11109 11550 
#module 103 size: 45 bs: 0.430902
812 868 1111 1181 1423 1560 1940 2284 2540 3376 3517 4243 4306 4808 5021 5222 5534 5875 5904 6005 6619 6853 7098 7488 7684 7767 8199 8227 8275 8882 8970 9186 9243 9530 9678 10015 10313 10349 10354 10454 10560 10577 10600 10697 10838 
#module 104 size: 54 bs: 0.70578
796 1156 1310 1809 2026 2126 2181 2255 2437 2685 2957 3051 3119 3160 3339 3518 3677 3779 3791 3792 4276 4826 5143 5381 5448 5476 5554 5778 6054 6098 6163 6199 6371 6683 6702 6763 7103 7292 7357 7551 7568 7633 8184 8707 8752 8928 8942 9289 9350 9886 10023 10420 10457 11575 
#module 105 size: 63 bs: 0.384259
949 1031 1273 1290 1381 1410 1452 1904 2257 2378 2391 2550 2647 2848 3008 3296 3417 3602 3945 3993 4362 4465 4677 4937 5310 5466 5686 5734 6079 6236 6281 6313 6443 6483 6502 6521 6746 6787 6808 6895 7014 7137 7354 7374 7683 7718 7836 7947 8112 8622 9075 9170 9757 9811 9876 9923 9971 10043 10051 10149 10319 10367 10746 
#module 106 size: 32 bs: 0.387706
38 870 1878 1883 2460 3050 3147 3186 4996 5380 5609 6024 6578 7191 7372 7767 7802 8008 8597 8817 9091 9407 9681 9745 9938 10115 10415 10484 10753 11259 12685 12977 
#module 107 size: 25 bs: 0.373839
1341 1398 1464 1702 2110 2347 2705 3703 4515 5332 5482 5530 5701 6216 6384 6559 7271 7996 8617 9012 9274 9971 10359 10658 11266 
#module 108 size: 46 bs: 0.308
1066 1172 1295 1689 1760 2058 2148 2175 2260 2268 2360 2636 2796 2828 2852 3027 3087 3203 3204 3538 4071 4079 4569 4812 4923 5087 5182 5735 6130 6216 7330 7366 8169 8390 8449 8498 8696 8755 9123 10105 10143 10258 10807 10882 11415 13019 
#module 109 size: 25 bs: 0.528826
28 1085 1235 1949 2341 2798 3128 3244 3299 4045 4400 4605 4621 4675 4963 5883 6304 6542 6835 7721 7840 8420 8492 9026 11233 
#module 110 size: 28 bs: 0.852553
974 1015 1270 3441 3450 3823 4291 4338 4700 5317 5553 5724 5864 6197 6379 6464 7100 7119 7226 7231 7755 8041 8558 8636 9541 10627 11031 11447 
#module 111 size: 71 bs: 1.06902
1222 1394 1557 1558 1602 1616 1921 2228 2304 2477 2517 2660 2907 2927 2928 2969 2990 3302 3477 3478 3736 3811 4170 4218 4655 4772 4781 4886 5564 5608 5691 5728 5881 6046 6113 6152 6677 6793 6878 7211 7264 7280 7602 7682 7730 7770 7830 8017 8305 8613 8639 8767 8790 8856 9134 9179 9203 9407 9772 9854 9966 10123 10125 10376 10398 10618 10628 10818 10989 11699 12327 
#module 112 size: 124 bs: 0.736293
811 869 1040 1043 1143 1239 1415 1526 1592 1653 1682 1730 1753 1798 1821 1836 1886 1939 1974 2034 2042 2444 2681 2720 2855 2906 2919 3118 3157 3216 3218 3304 3311 3425 3541 3595 3631 3641 3648 3758 3769 3774 3854 3914 3964 3967 4004 4054 4070 4093 4096 4210 4224 4244 4270 4327 4365 4478 4489 4499 4846 4847 4933 5046 5053 5079 5144 5404 5435 5440 5647 5733 5807 5871 6029 6030 6139 6355 6441 6516 6541 6674 6910 7004 7015 7017 7045 7152 7212 7295 7451 7715 7722 7839 7843 7875 8849 9184 9239 9284 9300 9342 9348 9366 9591 9648 9912 9961 9984 10045 10273 10282 10316 10336 10477 10651 10662 10842 10871 10876 10973 11121 11245 11338 
#module 113 size: 74 bs: 0.884004
7 962 1102 1621 1873 2108 2457 2573 2614 2851 2882 2970 3228 3240 3282 3430 3622 4024 4103 4215 4285 4471 4496 4646 4709 4798 4857 4933 5169 5304 5447 5505 5637 5647 5767 5804 5849 5951 6133 6302 6862 6872 7169 7365 7384 7512 7643 7792 7854 8153 8286 8316 8350 8788 9022 9030 9107 9206 9342 9771 9875 10132 10259 10703 10796 10810 10814 10872 10988 11074 11625 11643 11660 12726 
#module 114 size: 41 bs: 0.558721
785 879 1009 1026 1071 1193 1246 1297 1583 1670 1892 1948 2023 2789 2854 3342 3571 3831 3879 4057 4725 4737 4946 5206 5291 5462 5526 5681 6843 7260 7370 8015 8146 8434 8491 9547 10083 10129 10186 10469 10531 
#module 115 size: 35 bs: 0.283138
799 1109 1607 2002 2170 2256 2575 2648 3669 3777 4614 4741 4778 5350 6033 6191 6225 6259 7166 7245 7532 7627 7806 8450 8483 9129 9629 9717 10066 10206 10379 10714 11336 12015 12644 
#module 116 size: 21 bs: 1.0621
883 2324 4121 4494 4899 5164 5774 5961 5993 6017 7975 8076 8100 8652 8809 9149 9188 9613 9744 9958 11246 
#module 117 size: 76 bs: 0.260209
1072 1208 1240 1468 1751 1891 1973 2186 2283 2351 2432 2516 2579 3150 3206 3646 3734 3800 4016 4102 4134 4457 4566 4746 4901 4945 4984 5025 5160 5308 5566 5712 5824 6209 6213 6256 6312 6453 6468 6610 6724 6784 6841 7167 7193 7207 7338 7615 7702 7706 7727 7765 7858 7917 8312 8378 8528 8756 8820 9041 9066 9162 9318 9338 9508 9609 9647 9671 9821 10029 10166 10187 10366 10380 10527 11475 
#module 118 size: 97 bs: 1.08031
852 1211 1344 1475 1590 1617 1683 1822 1891 1971 2078 2147 2247 2347 2377 2401 2432 2442 2633 2727 2830 2948 3550 3686 3808 3899 3963 3974 4165 4601 4639 4777 4984 5186 5224 5250 5266 5346 5358 5370 5413 5449 5500 5527 5557 5572 5603 5617 5758 5853 6018 6172 6336 6416 6477 6512 6538 6608 6858 7022 7083 7111 7126 7140 7174 7216 7249 7437 7464 7507 7846 7995 8097 8210 8229 8257 8278 8281 8377 8531 8868 8950 9151 9338 9368 9528 9578 9819 9891 10124 10270 10403 10574 10617 10904 11205 11457 
#module 119 size: 29 bs: 0.947617
778 1031 1221 1283 2223 2241 2395 2791 2952 3247 3598 3715 4249 4615 4659 5361 5530 6597 6712 7904 8171 8217 8315 8390 8455 9707 10605 10809 11705 
#module 120 size: 36 bs: 0.990991
66 1281 1439 1767 1843 2962 3836 4425 4433 4560 5029 5207 6844 6897 6901 6910 7093 7144 7224 7392 7490 7520 7855 8113 8410 8562 8807 8974 9028 10048 10142 10183 11490 11498 11788 12297 
#module 121 size: 30 bs: 0.919487
947 1113 1818 1920 3534 3675 4526 4556 4953 5070 5131 5203 5279 6048 6270 7380 7711 8058 8125 8174 8180 8452 9068 9458 10323 10427 10588 11201 12882 12902 
#module 122 size: 38 bs: 0.499242
20 1147 1186 1259 1304 1380 1606 1779 2064 2254 2359 2390 3259 3315 3726 4175 5162 5241 5502 5923 5990 6471 7348 7678 8021 8045 8106 8219 8364 8914 9062 9159 9763 9849 10136 10785 11566 11878 
#module 123 size: 36 bs: 0.635752
13 813 1128 1130 1147 1402 1433 1994 3922 3984 4092 5321 5326 6422 6957 7020 7215 7618 7627 7786 7893 8114 8120 8360 9062 9291 9582 9696 9829 9964 10182 10487 10514 10773 10873 11207 
#module 124 size: 64 bs: 0.88456
12 28 953 1003 1170 1392 1547 1576 1779 1780 2254 2317 2341 2372 2482 2650 2729 3335 3761 4072 4119 4135 4259 4355 4543 4603 4675 4943 5081 5437 5562 6265 6357 6669 7078 7135 7143 7146 7491 7511 7677 7709 7886 8206 8543 8757 8774 8990 9068 9431 9693 9697 9849 9935 10345 10433 10593 10850 11032 11178 11267 11268 11664 12889 
#module 125 size: 37 bs: 0.386678
33 1107 1223 1276 1912 2219 2272 3129 4264 4584 4667 4782 4906 4927 4935 5218 5845 6001 6589 6883 7312 7456 7573 7962 8130 8342 8395 8794 8838 8905 9265 9555 9972 10460 10599 12039 12169 
#module 126 size: 60 bs: 0.910432
17 988 1059 1121 1139 1314 1484 1502 1521 1571 1677 1827 2031 2142 2155 2207 2227 2534 3134 3241 3685 3846 4231 4280 4351 4382 4598 4684 4934 4936 5227 5389 5592 5656 6013 6045 6123 6400 6899 6985 7036 7123 7149 7259 7301 7336 7359 7463 7733 8083 8832 8924 9122 9331 9406 9476 10469 10592 10802 11864 
#module 127 size: 25 bs: 0.616298
826 961 970 1653 1730 1749 1754 2703 2979 3253 3592 4014 4298 4547 4590 5438 5524 6258 6417 7010 7766 8499 9540 9753 10919 
#module 128 size: 52 bs: 0.612877
795 1119 1188 1431 1753 1864 2084 2193 2542 2573 2760 2915 3527 3560 3592 3760 3950 3982 4216 4237 4764 4876 4881 5314 5323 5479 5522 5628 5864 5903 6206 6537 7094 7744 7888 8014 8038 8245 8575 8793 9192 9541 9768 9846 9893 10133 10329 10811 11096 11656 12950 13055 
#module 129 size: 21 bs: 0.939187
1963 2302 2811 3992 4067 4192 4503 4562 4622 4682 6323 6361 7173 7606 7980 8011 8670 8784 9660 11400 11883 
#module 130 size: 45 bs: 0.883084
29 74 760 1124 1664 1713 2144 2540 2772 2945 3522 4321 4357 4429 4609 4613 4776 4829 4905 5000 5040 5073 5122 5156 5487 5521 5840 6151 6301 6314 6797 7317 7566 7689 8307 8787 8882 8901 9079 9382 10253 10597 10729 10865 11113 
#module 131 size: 74 bs: 1.00584
14 926 955 1165 1230 1280 1376 1548 1714 2394 2412 2622 2631 2682 2700 2709 2741 2790 2851 2894 2970 3023 3185 3204 3280 3321 3331 3348 3544 3559 3586 4115 4800 4879 4907 4926 4984 5154 5382 5411 5468 5591 5646 6104 6237 6442 6650 6996 7353 7468 8018 8128 8192 8269 8390 8440 8443 8553 8920 9109 9143 9545 9655 9794 10213 10224 10384 10392 10426 10519 10827 10861 10996 12937 
#module 132 size: 50 bs: 1.04411
882 1101 1209 1380 1846 2114 2468 2549 2940 3013 3198 3713 3930 4038 4169 4173 4191 4456 5562 5582 5774 6143 6373 6470 7016 7118 7417 7693 8082 8165 8494 8644 8805 8876 8968 9148 9205 9452 9466 9645 9704 9812 9965 9969 10720 10851 10897 11140 12756 12889 
#module 133 size: 83 bs: 0.581776
75 774 1441 1496 1519 1612 1705 2137 2475 2532 2759 3015 3035 3115 3173 3210 3390 3461 3464 3554 3557 3757 4020 4050 4262 4272 4360 4621 4642 5047 5296 5401 5430 5459 5497 5622 5743 5764 5861 5889 6007 6047 6090 6117 6192 6399 6601 6931 6935 7102 7186 7708 7719 7810 7935 7963 7992 8051 8109 8182 8241 8661 8720 8837 8856 8951 9238 9585 9640 9709 9750 9830 9873 10062 10102 10196 10808 11119 11169 11214 11453 12590 13004 
#module 134 size: 41 bs: 0.503794
981 991 1444 1790 2346 2487 2760 2942 3024 3612 3905 3997 4104 4133 4140 4301 4384 4579 4675 4770 4904 5141 5225 5414 5821 5863 5968 6037 6517 7347 7536 7981 8091 8575 8738 9020 9309 9692 9900 10416 13065 
#module 135 size: 143 bs: 0.443956
769 858 972 1041 1077 1093 1334 1345 1424 1509 1520 1639 1674 1723 1732 1962 2054 2183 2494 2695 2930 3017 3091 3101 3454 3554 3627 3684 3709 3789 3868 4112 4172 4178 4197 4207 4233 4260 4343 4349 4364 4387 4450 4736 4754 4794 5100 5217 5278 5283 5299 5416 5510 5531 5533 5542 5793 5819 5825 5841 5867 5932 6003 6015 6016 6065 6203 6248 6252 6287 6381 6386 6421 6490 6523 6527 6631 6649 6740 6768 6824 6830 6937 6978 7032 7125 7208 7406 7539 7609 7694 7729 7957 8079 8228 8232 8370 8384 8400 8500 8552 8647 8663 8676 8708 8804 8891 9023 9063 9098 9130 9188 9209 9256 9514 9534 9584 9727 9733 9735 9795 9899 10052 10185 10234 10369 10424 10432 10475 10564 10625 10725 10810 10813 10913 11110 11189 11191 11218 11371 11501 11870 12862 
#module 136 size: 50 bs: 0.384982
1081 1596 1634 1888 1982 2053 2067 2361 2486 2691 2950 2968 3363 3383 3495 3933 3978 4211 4223 4340 4417 4438 4732 4960 5091 5248 5334 5555 5595 5742 6110 6253 6317 6392 6577 6690 6822 6928 7701 7932 8059 8110 8559 8938 9268 9868 10175 10795 10879 12712 
#module 137 size: 21 bs: 0.205263
788 2149 3458 3504 3604 3928 5244 5456 6099 6564 8455 8462 8683 9090 9616 9844 9970 10211 10388 10986 11193 
#module 138 size: 21 bs: 0.466614
945 1132 1195 1243 1347 2868 2996 3012 3019 3536 3883 4344 4920 5058 5535 6230 6277 6303 8445 10137 10248 
#module 139 size: 49 bs: 0.672566
964 1303 1595 1802 1970 2074 2369 2583 2699 2736 3585 3764 3871 3881 4028 4030 4757 4804 5024 5045 5072 5391 5499 5683 5832 5929 6352 6455 6465 6754 6805 6943 7737 7916 7991 8135 8333 8625 8628 8982 9272 9417 9614 10073 10146 10164 10264 10734 11379 
#module 140 size: 30 bs: 0.38528
2550 3031 3130 3300 3517 3845 4167 4581 4729 4874 5890 6176 6300 6627 6893 6934 7053 7443 7475 7592 7732 8260 8800 9142 9359 9425 10176 10290 12690 12861 
#module 141 size: 64 bs: 0.509084
996 1023 1025 1096 1154 1328 1411 1486 1527 1555 1646 1656 1816 1841 1942 1969 1978 2051 2152 2245 2737 3056 3220 3232 3270 3276 3437 3481 3699 3976 4037 5037 5049 5420 5431 5877 6220 6297 6574 6706 6966 7073 7267 7319 7692 7742 7942 8154 8640 8719 9088 9157 9216 9435 9481 9498 10122 10168 10215 10229 10506 11473 12447 12885 
#module 142 size: 88 bs: 0.944563
822 823 846 914 916 1278 1395 1412 1474 1666 1726 1735 1832 1834 2166 2504 2632 2776 2804 2881 2887 2891 3051 3907 4007 4163 4390 4557 4664 4747 4807 5051 5108 5245 5247 5994 6219 6224 6227 6232 6238 6250 6307 6844 7427 7501 7579 7595 7623 7652 7655 7865 8074 8477 8479 8518 8529 8859 8867 8934 8952 9098 9155 9399 9472 9491 9524 9589 9674 9708 9799 9876 9987 10099 10255 10332 10582 10757 10836 10881 10949 10990 10999 11425 11435 11438 11552 12865 
#module 143 size: 62 bs: 0.971225
59 73 975 1028 1203 1306 1319 1365 1393 1584 1840 1845 1925 1953 1959 2040 3107 3897 3995 4017 4401 4422 4699 4842 5010 5038 5084 5158 5253 5300 5618 5999 6122 6246 6337 6804 6871 6953 6964 7142 7386 7528 7596 7868 7959 8549 8669 9019 9034 9296 9417 9492 9590 9630 9752 9780 10141 10292 10603 10614 10626 10701 
#module 144 size: 87 bs: 0.180773
860 864 1105 1160 1203 1315 1393 1701 1774 1817 1852 1953 2210 2258 2387 2908 2922 3064 3089 3269 3385 3408 3451 3531 3540 3572 3664 3690 3748 3750 3797 4078 4082 4273 4315 4448 4699 4931 5039 5042 5293 5373 5385 5464 5559 5713 5717 5744 5751 5988 6132 6561 6591 6938 6953 7052 7216 7712 7763 7824 8019 8156 8167 8191 8555 8641 8964 9153 9483 9574 9630 9765 9840 10391 10663 10745 10755 10759 10787 11073 11081 11383 12077 12170 12661 12881 12995 
#module 145 size: 49 bs: 0.388989
8 51 990 1078 1298 1544 1580 1953 2057 2778 3035 3268 3414 4001 4395 4642 4783 4919 5014 5439 5481 5672 5716 5741 5924 5926 5942 6201 6241 6494 6873 7082 7307 7446 8104 8153 8163 8176 8209 8665 8874 9632 9659 9667 9709 10026 10218 10457 11006 
#module 146 size: 45 bs: 0.222082
1017 1308 2576 2577 2595 2636 2847 2865 2889 3086 3281 3321 3415 3869 3991 4117 4897 4989 5001 6202 6326 6338 6713 7335 7412 7545 7605 8242 8282 8823 9042 9047 9143 9178 9244 9254 9485 9564 9622 9925 10159 10688 10807 11160 11438 
#module 147 size: 29 bs: 1.09085
62 956 1218 1250 1681 2225 2853 2924 3500 3701 3805 4428 4451 5272 5867 6436 6778 7007 7324 7646 7916 8262 9232 9901 10975 11151 11334 11678 12641 
#module 148 size: 76 bs: 0.404778
26 797 1080 1232 1828 2187 2627 2680 2843 2929 3145 3170 3224 3272 3471 3489 3590 3712 4168 4253 4320 4334 4484 4536 4545 4616 4790 5006 5052 5113 5157 5220 5234 5488 5663 5858 6064 6087 6221 6450 6525 6573 6584 6653 6735 7229 7257 7540 7620 7754 7799 7826 7829 7901 8193 8198 8310 8320 8461 8634 8644 8770 9049 9211 9350 9556 9969 9977 10451 10462 10634 10722 10733 10767 11362 11459 
#module 149 size: 32 bs: 0.686505
994 1292 1966 2843 3059 3590 3616 4363 5226 5542 5694 5801 6090 6445 6498 6698 6914 7085 7184 8021 8186 8588 8723 8937 9242 9297 9750 10104 10610 10632 11145 12534 
#module 150 size: 68 bs: 0.533177
979 1006 1271 1549 1619 1717 1733 1952 2101 2124 2270 2589 2835 2861 3249 3556 3687 3859 3956 3986 4084 4091 4223 4287 4408 4548 4668 4837 4993 5030 5110 5142 5318 5452 5458 5708 5720 5748 5815 6374 6600 6817 7578 7610 7641 7645 7936 8040 8086 8309 8351 8441 8446 8476 8590 9145 9343 9375 9453 9587 9650 9998 10277 10461 11261 11695 11708 12495 
#module 151 size: 45 bs: 0.601143
4 834 915 1136 1895 2053 2265 2501 2505 2758 3060 3265 3841 4223 4388 4565 4654 4774 5193 5194 5318 5458 5587 5639 5748 6646 6847 6866 7462 7641 7642 7936 8584 8590 8878 9546 10077 10202 10572 10581 11001 11256 11372 11405 12495 
#module 152 size: 67 bs: 0.515198
758 847 985 1074 1141 1246 1511 1565 1856 2345 2458 2459 2506 3074 3240 3274 3288 3289 3346 3433 3652 3771 3784 4103 4497 4538 4610 4618 5252 5374 5478 5761 5951 6107 6434 6550 6761 6986 7209 7210 7266 7303 7358 7383 7389 7397 7438 7951 8277 8314 8423 8815 8842 9105 9355 9894 10054 10343 10481 10520 10653 10660 10735 10762 10791 11197 11443 
#module 153 size: 46 bs: 0.267513
1122 1189 1332 1801 1886 1910 2244 2343 2478 2535 2562 3107 3239 3401 3421 3798 3897 3931 4109 4570 4791 4845 5219 5253 5406 5597 5625 5847 5891 6036 6900 7035 7202 7726 7843 7851 8032 8085 8141 8181 9034 9200 10141 10450 11532 11883 
#module 154 size: 40 bs: 0.393502
15 873 1176 1218 1608 1718 1927 1954 2373 2941 3445 3501 4034 4049 4064 4769 4874 5643 5806 6103 6511 6641 6686 6999 7055 7215 7379 7842 8037 8044 8133 8343 8607 8903 9001 10692 11022 11107 11581 13010 
#module 155 size: 41 bs: 1.01238
782 1019 1057 1409 1501 1508 1545 1834 1889 2075 2202 2300 2301 2308 2415 2575 2602 2777 2881 3222 3412 3870 4485 4728 4820 4968 4970 6749 6979 7040 7304 7584 9345 9598 9706 10130 10148 10284 10324 10620 11232 
#module 156 size: 35 bs: 0.512491
64 771 781 1787 2075 2839 2910 3323 3570 3707 3853 3870 4179 4232 4466 4545 4559 4903 5778 5820 5857 6165 6187 6335 6388 8772 8990 9716 9790 9942 10157 10341 10483 10710 10754 
#module 157 size: 59 bs: 0.686115
789 1230 1835 1880 1985 1998 2018 2163 2177 2182 2255 2465 2803 2808 2849 2867 2881 3040 3187 3250 3278 3419 3901 4023 4041 4061 4276 4573 4768 4892 4941 4982 5005 5074 5484 5697 6734 7410 7482 7588 7909 8145 8208 8388 8417 8431 9139 9161 9702 10004 10087 10255 10337 10621 10979 11011 11208 11217 12813 
#module 158 size: 45 bs: 0.876543
20 32 69 939 1000 1062 1133 1363 1589 2033 2205 2627 2714 3076 3191 3198 3535 3894 3988 4150 4407 4810 5237 5774 6064 6148 6168 6467 6520 6562 6744 6972 7046 7054 7491 7754 8643 8835 9936 9969 10020 10310 10751 10897 11145 
#module 159 size: 75 bs: 0.328566
6 842 986 1004 1391 1441 1496 1578 1675 1885 1932 2146 2532 2675 2724 2846 3015 3070 3194 3390 3464 3609 3892 4047 4128 4253 4262 4361 4635 4838 4967 5022 5075 5205 5263 5284 5324 5436 5459 5558 5743 6245 6569 6663 6908 7025 7026 7046 7329 7382 7455 7708 7723 7826 8313 8320 8321 8331 8557 8634 8890 8975 9180 9259 9640 9761 9873 9905 10042 10104 10335 10622 10971 11272 12792 
#module 160 size: 39 bs: 0.497369
1108 1362 1427 1435 1729 2158 2173 2297 2449 2509 2789 2819 2866 2913 3661 4019 4265 4286 4797 4948 5492 5532 5808 6411 6578 6853 7230 7538 7762 7798 8155 8250 8348 8660 9257 9278 10386 11949 12510 
#module 161 size: 30 bs: 0.313007
71 1116 1228 1964 2770 2822 3221 3266 3751 3785 4105 4995 5611 5698 5814 5956 6129 6211 6343 6651 7352 7954 8320 8459 9608 9993 10516 11541 12642 12746 
#module 162 size: 59 bs: 0.874677
57 1061 1191 1318 1888 2035 2134 2333 2335 2662 2788 2964 3049 3107 3268 3290 3442 3497 3765 3794 3834 3862 4245 4525 4622 4671 4775 4932 5003 5127 5277 5372 5658 5687 5739 5997 6358 6457 6472 6499 6765 7153 7175 7502 7668 7884 7966 7971 8010 8123 8190 8216 8656 8709 8972 9138 9906 10191 11340 
#module 163 size: 86 bs: 0.511526
49 835 905 1020 1214 1593 1692 1696 1720 1729 1789 1805 1960 2038 2067 2134 2139 2159 2263 2323 2472 2564 2669 2713 2883 2918 3396 3488 3603 3754 4006 4139 4194 4199 4284 4482 4529 4821 4873 5274 5349 5532 5581 5762 5770 5813 5831 5898 5910 5992 6023 6332 6540 6920 6976 6989 7058 7227 7230 7244 7272 7324 7375 7747 7758 7831 7914 7930 8250 8436 8490 8672 8710 8808 9919 9982 10375 10407 10517 10534 10643 10922 10981 11188 11196 11215 
#module 164 size: 31 bs: 0.734457
845 1131 1311 1541 2723 3045 3097 4507 4647 4665 5442 5979 6021 6181 7105 7109 7342 7454 7474 7771 8225 8335 8356 8389 8517 8781 8998 9255 9842 10171 10544 
#module 165 size: 45 bs: 0.966432
789 1140 1230 1274 1413 2281 2445 2801 2891 3045 3081 3148 3273 3674 3901 4276 4658 4706 5051 5183 6085 6454 7177 7356 7543 7562 7583 7623 8251 8308 8634 8684 8932 8971 9100 9424 9491 9708 9975 10328 10401 10648 11260 11840 12063 
#module 166 size: 26 bs: 1.09685
1010 1550 1626 1629 1710 2151 2491 2942 3067 3141 3473 3864 4335 4414 4675 5243 6169 6906 7299 7709 8375 8732 9450 10065 11128 12494 
#module 167 size: 56 bs: 0.557142
786 804 881 911 930 938 1440 1962 2274 2425 2692 3180 3357 3937 4289 4458 4567 4631 4691 4717 4934 5096 5667 5769 5819 6084 6094 6296 6327 6349 6865 6994 7273 7325 8105 8363 8500 8539 8621 8947 9140 9237 9502 9657 9677 9850 10027 10199 10320 10413 10615 10654 11138 11139 11868 12652 
#module 168 size: 36 bs: 0.819984
2 1443 1525 1765 2991 3697 3815 3897 4371 4421 4681 5158 5176 5301 5351 5944 6478 6674 6753 7047 7171 7908 8009 8157 8175 8204 8239 8668 8737 9492 9552 9863 11134 11451 12958 13039 
#module 169 size: 80 bs: 0.329664
22 35 802 942 1110 1254 1301 1321 1382 1490 1566 1670 1708 2515 2810 2838 3155 3297 3312 3358 3449 3521 3941 4000 4234 4436 4599 4677 4701 4703 4784 4843 4937 5007 5298 5311 5377 5429 5469 5681 5700 5906 6083 6186 6644 6654 7130 7178 7223 7323 7377 7483 7812 8197 8277 8603 8723 8767 8786 8889 9040 9330 9407 9772 9810 9873 9918 10003 10051 10223 10225 10367 10546 10677 10780 10815 10859 11369 11932 12327 
#module 170 size: 47 bs: 0.630406
909 1271 1293 1503 1618 1661 1715 1976 2046 2172 2463 2541 2587 2818 2863 3672 3956 4062 4184 4413 5056 5145 5989 6213 6424 7547 8024 8086 8267 8387 8453 8454 8492 8802 9310 9333 9649 9710 9871 10079 10204 10533 10598 10978 10991 11133 11152 
#module 171 size: 70 bs: 0.592782
3 906 1255 1333 1559 1796 1827 1918 2008 2243 2253 2267 2289 2414 2733 3085 3121 3123 3246 3801 3943 3969 3976 4051 4231 4255 4280 4325 4347 4455 4591 4651 4796 4852 4866 5043 5280 5420 5442 6324 6586 7080 7109 7738 7772 8160 8345 8452 8800 8961 9031 9128 9279 9389 9479 9550 9654 9662 9783 10126 10238 10344 10409 10437 10623 10721 10958 11010 11098 11710 
#module 172 size: 43 bs: 0.663542
1058 1133 1145 1185 1877 2218 2493 2934 3126 3756 3971 4089 4232 4693 4739 4833 5068 5120 5135 5167 5356 5615 5812 6262 6384 8283 8372 8543 8657 8751 8777 8968 9193 9457 9458 9775 10014 10100 10139 10509 10792 11878 12584 
#module 173 size: 1 bs: 1
776 
#module 174 size: 1 bs: 1
4949 
#module 175 size: 1 bs: 1
1488 
#module 176 size: 1 bs: 1
8824 
#module 177 size: 1 bs: 1
5329 
#module 178 size: 1 bs: 1
6273 
#module 179 size: 1 bs: 1
928 
#module 180 size: 1 bs: 1
6433 
#module 181 size: 1 bs: 1
1030 
#module 182 size: 1 bs: 1
10030 
#module 183 size: 1 bs: 1
1125 
#module 184 size: 1 bs: 1
8428 
#module 185 size: 1 bs: 1
1396 
#module 186 size: 1 bs: 1
2171 
#module 187 size: 1 bs: 1
2028 
#module 188 size: 1 bs: 1
6306 
#module 189 size: 1 bs: 1
2196 
#module 190 size: 1 bs: 1
10134 
#module 191 size: 1 bs: 1
2197 
#module 192 size: 1 bs: 1
2784 
#module 193 size: 1 bs: 1
2310 
#module 194 size: 1 bs: 1
4056 
#module 195 size: 1 bs: 1
2381 
#module 196 size: 1 bs: 1
4440 
#module 197 size: 1 bs: 1
2813 
#module 198 size: 1 bs: 1
10638 
#module 199 size: 1 bs: 1
3601 
#module 200 size: 1 bs: 1
8908 
#module 201 size: 1 bs: 1
3640 
#module 202 size: 1 bs: 1
4353 
#module 203 size: 1 bs: 1
3866 
#module 204 size: 1 bs: 1
8075 
#module 205 size: 1 bs: 1
4118 
#module 206 size: 1 bs: 1
10092 
#module 207 size: 1 bs: 1
4885 
#module 208 size: 1 bs: 1
10713 
#module 209 size: 1 bs: 1
5676 
#module 210 size: 1 bs: 1
9344 
#module 211 size: 1 bs: 1
6184 
#module 212 size: 1 bs: 1
10232 
#module 213 size: 1 bs: 1
6346 
#module 214 size: 1 bs: 1
8255 
#module 215 size: 1 bs: 1
6655 
#module 216 size: 1 bs: 1
10445 
#module 217 size: 1 bs: 1
7364 
#module 218 size: 1 bs: 1
10178 
#module 219 size: 1 bs: 1
7804 
#module 220 size: 1 bs: 1
7822 
#module 221 size: 1 bs: 1
7814 
#module 222 size: 1 bs: 1
10495 
#module 223 size: 1 bs: 1
7899 
#module 224 size: 1 bs: 1
11203 
#module 225 size: 1 bs: 1
8101 
#module 226 size: 1 bs: 1
10194 
#module 227 size: 1 bs: 1
8304 
#module 228 size: 1 bs: 1
9410 
#module 229 size: 1 bs: 1
9125 
#module 230 size: 1 bs: 1
12645 
#module 231 size: 1 bs: 1
9281 
#module 232 size: 1 bs: 1
10393 
#module 233 size: 1 bs: 1
9880 
#module 234 size: 1 bs: 1
11385 
