#module 0 size: 59 bs: 0.0287442
7 37 39 69 73 79 84 102 123 128 129 140 145 152 156 164 168 186 187 200 204 232 236 261 295 321 325 330 331 344 364 366 379 454 461 544 547 586 620 627 641 644 649 701 705 708 720 741 758 777 834 881 887 892 903 916 936 950 978 
#module 1 size: 71 bs: 0.276566
31 45 75 96 108 123 128 131 142 150 161 165 168 173 175 178 190 198 206 219 226 256 277 286 287 307 322 336 345 353 360 386 404 408 409 421 424 437 439 451 468 475 488 490 495 542 544 552 589 593 644 658 681 712 715 752 767 777 817 846 849 866 884 887 889 891 910 918 944 969 975 
#module 2 size: 75 bs: 0.69863
31 34 48 96 99 109 124 126 137 138 158 180 191 198 206 219 239 251 252 277 290 292 307 336 338 345 351 368 370 376 378 386 388 399 404 424 431 437 439 458 468 475 485 488 490 495 505 534 640 658 663 681 683 684 712 715 722 775 788 815 817 821 840 849 863 885 889 899 909 910 946 955 961 969 985 
#module 3 size: 30 bs: 0.371162
4 23 51 92 99 114 214 297 312 313 350 387 406 420 443 483 489 502 536 556 560 661 688 704 739 773 780 822 859 928 
#module 4 size: 27 bs: 0.269049
62 66 122 244 265 306 341 342 346 380 382 403 483 519 561 571 602 624 630 680 730 829 842 872 906 921 923 
#module 5 size: 39 bs: 0.596803
1 16 27 36 60 74 91 111 202 243 249 263 280 316 326 415 440 471 524 564 591 607 622 624 626 633 699 772 781 782 810 826 833 838 852 877 880 960 980 
#module 6 size: 120 bs: 1.00492
16 18 25 52 68 71 80 82 85 93 97 105 115 121 127 130 141 144 169 172 177 185 193 195 211 213 216 220 223 235 253 257 263 268 269 273 304 308 315 324 329 375 390 402 417 423 427 433 442 462 484 491 496 506 508 509 510 514 515 518 528 538 545 546 547 550 555 575 581 584 587 594 612 613 616 643 653 667 668 671 674 679 682 692 708 710 731 745 754 786 787 791 792 800 805 808 816 820 827 835 843 850 853 861 865 871 883 888 893 904 905 927 935 949 963 967 977 981 984 987 
#module 7 size: 53 bs: 0.864175
2 12 18 25 53 63 82 98 141 157 166 193 197 223 230 235 248 264 268 281 282 332 395 413 422 430 476 478 497 518 525 546 553 646 652 655 673 679 761 771 791 797 810 814 819 882 889 910 913 930 967 979 988 
#module 8 size: 31 bs: 0.981756
56 100 118 188 260 311 317 367 384 401 429 474 494 568 580 605 621 628 639 651 665 697 698 709 718 747 848 908 946 947 985 
#module 9 size: 41 bs: 1.07093
37 40 44 151 154 170 205 208 225 229 242 323 354 366 383 445 460 520 597 619 664 743 759 761 763 764 768 779 784 785 799 818 857 873 916 931 940 945 952 960 982 
#module 10 size: 85 bs: 0.84825
9 10 15 28 32 33 41 49 54 59 76 103 108 112 113 116 119 132 133 135 146 162 175 181 190 212 227 232 234 241 266 270 276 301 303 334 356 357 359 363 377 411 436 446 451 452 461 464 473 493 499 500 529 539 551 558 567 592 600 603 604 608 618 637 656 672 677 691 696 736 753 790 796 806 809 831 845 847 884 897 898 933 941 958 986 
#module 11 size: 57 bs: 0.916177
57 77 78 106 134 171 187 201 225 233 238 240 261 262 289 291 321 330 371 372 448 461 463 480 499 516 521 522 543 570 577 586 595 614 620 627 657 676 690 720 729 748 802 811 824 854 856 868 886 907 951 952 959 962 964 971 979 
#module 12 size: 70 bs: 0.353546
17 37 42 64 65 72 77 81 107 143 147 148 154 164 176 199 205 207 221 258 295 300 305 316 323 325 347 374 379 385 396 425 479 530 599 625 632 635 648 650 660 687 693 705 714 737 742 744 749 756 762 764 794 798 823 841 858 873 875 881 896 912 914 917 938 942 953 956 964 977 
#module 13 size: 27 bs: 0.50211
29 50 61 88 167 174 194 350 365 369 393 397 400 401 523 537 540 606 611 689 695 716 734 776 878 911 972 
#module 14 size: 58 bs: 0.993263
26 28 35 43 103 135 139 155 175 179 182 209 222 247 250 254 255 272 283 284 296 318 319 335 337 339 349 358 411 419 444 449 459 486 507 512 554 596 638 685 686 694 713 723 728 751 760 765 828 844 846 867 894 915 920 925 954 966 
#module 15 size: 69 bs: 0.6909
5 6 14 21 30 32 54 70 83 89 90 94 95 110 116 132 136 149 183 192 210 217 224 246 259 271 274 296 298 314 334 352 356 359 392 398 405 407 410 426 434 438 447 456 467 472 492 498 533 535 549 566 569 572 582 590 604 615 629 670 706 719 723 727 733 774 876 901 932 
#module 16 size: 65 bs: 0.195361
13 19 22 81 86 87 101 125 133 153 159 218 245 302 343 355 361 391 394 432 450 453 465 482 504 526 527 532 541 562 585 609 636 645 647 650 654 711 721 724 732 735 746 793 794 795 803 804 813 830 832 839 874 890 895 902 919 926 934 939 943 957 965 968 970 
#module 17 size: 39 bs: 0.145723
24 46 67 159 215 231 278 279 293 294 310 320 327 333 381 389 394 441 455 481 487 513 517 574 623 659 662 707 717 735 760 769 783 836 860 900 922 929 974 
#module 18 size: 60 bs: 0.694467
3 8 11 33 38 58 133 146 153 163 182 196 203 228 237 275 285 288 314 348 356 362 412 414 416 418 435 457 465 469 498 503 511 576 578 598 610 617 634 666 669 700 702 703 726 738 746 750 757 778 789 825 851 855 862 890 924 937 948 976 
#module 19 size: 68 bs: 0.870658
20 29 47 55 58 104 117 120 160 184 189 194 267 285 299 309 328 340 373 400 428 453 466 470 473 477 501 504 527 531 548 557 559 563 565 569 573 579 583 588 601 631 642 651 675 678 707 725 740 750 755 766 770 801 807 812 837 864 869 870 874 879 886 890 928 947 973 983 
