#module 0 size: 7 bs: 0.464358
312 552 1665 2321 4761 5464 5946 
#module 1 size: 5 bs: 0.46502
965 1545 1602 1706 5984 
#module 2 size: 4 bs: 0.541791
1143 3243 5951 6902 
#module 3 size: 6 bs: 0.584465
678 1159 3626 4732 5248 6076 
#module 4 size: 15 bs: 0.685126
617 1638 1722 1945 2514 2779 3263 3398 3607 3781 3807 4273 4599 4816 6145 
#module 5 size: 5 bs: 0.562829
3725 4424 5565 5673 6142 
#module 6 size: 7 bs: 0.354931
669 962 3016 3501 3617 4129 6824 
#module 7 size: 7 bs: 0.160764
236 2086 3004 3898 4068 4242 5738 
#module 8 size: 35 bs: 0.338686
54 101 147 201 478 858 949 996 1023 1136 1164 1241 1256 1324 1634 1684 1719 1835 2107 2377 2548 2717 3364 3811 3864 4631 4721 4882 4883 5123 5832 5859 6325 6552 6597 
#module 9 size: 19 bs: 0.779033
257 330 489 1870 2124 2257 2872 3146 3430 3773 4348 4918 5135 6148 6625 6672 6675 6798 6829 
#module 10 size: 25 bs: 0.765854
38 304 895 1034 1321 1753 2620 2711 3513 3939 3954 4121 4834 4914 4925 5031 5176 5320 5626 5973 6110 6405 6424 6627 6789 
#module 11 size: 51 bs: 0.789355
374 412 578 687 1478 1500 1525 1662 1767 1828 2052 2075 2336 2390 2579 2880 2909 2937 3017 3220 3347 3380 3442 3609 3666 3799 3821 3896 3927 3964 3991 4001 4004 4231 4744 4757 5006 5273 5294 5564 5690 5980 6186 6382 6591 6636 6809 6862 6900 6911 6921 
#module 12 size: 4 bs: 0.476749
1076 2932 5751 6512 
#module 13 size: 46 bs: 0.202792
43 76 124 209 378 799 1026 1096 1173 1371 1512 1899 1934 2230 2278 2505 2898 2917 3180 3481 3640 3669 4083 4178 4429 4530 4577 4594 4798 4815 4818 4919 4949 5045 5053 5182 5681 5702 5778 5795 6226 6311 6333 6480 6615 6667 
#module 14 size: 69 bs: 0.478904
97 116 126 289 357 366 423 600 601 1029 1041 1068 1379 1470 1489 1587 1642 1698 1708 1734 1869 1914 1930 1933 1938 1950 2350 2365 2394 2474 2580 2594 2664 2703 2715 2824 2984 3135 3162 3183 3366 3552 3662 3722 3907 4145 4349 4412 4441 4451 4471 4483 4502 4638 4687 4742 4774 4881 4896 5020 5743 5842 6073 6107 6110 6267 6342 6482 6691 
#module 15 size: 7 bs: 1.06278
1569 2022 2060 2906 3248 6336 6759 
#module 16 size: 18 bs: 0.810491
1166 1233 1524 1527 1548 1963 2029 2083 2112 2135 2876 4350 4372 5463 5523 5784 5954 6205 
#module 17 size: 39 bs: 1.07391
299 582 642 713 730 745 779 788 1162 1228 1449 1521 1554 1586 1973 2456 2785 2809 2918 2991 3325 3349 3958 4262 4831 5119 5462 5480 5562 5661 5872 6030 6032 6205 6213 6332 6482 6635 6717 
#module 18 size: 21 bs: 0.979522
216 278 339 509 927 975 1110 1347 1566 1743 1772 2889 3491 4084 4228 4258 4459 5321 5528 6369 6553 
#module 19 size: 28 bs: 1.01875
46 53 448 580 753 868 1344 1439 1854 1901 1989 2244 2526 2780 2839 3159 3479 4111 4182 4481 4651 4682 4845 5574 5625 5986 5994 6808 
#module 20 size: 23 bs: 0.98592
202 438 629 772 1052 1060 1770 2038 2209 2217 2734 2947 3616 3792 3923 4315 4785 4875 5233 5452 6052 6134 6734 
#module 21 size: 31 bs: 1.04842
39 124 196 372 451 859 1337 1679 1689 1745 1816 1936 2110 2455 2795 3236 3262 3292 3450 3584 3635 4030 4036 4054 4197 4225 4657 5062 5370 5996 6878 
#module 22 size: 36 bs: 0.846538
105 207 529 653 671 827 829 968 1415 1443 1462 1547 1683 1954 2158 2380 2510 2677 2709 2728 2808 3085 3448 3670 3873 4044 4234 4362 4392 5129 5604 6270 6353 6396 6602 6664 
#module 23 size: 44 bs: 0.18599
375 624 768 843 876 1033 1236 1288 1384 1442 1584 1716 1962 1974 2205 2254 2552 2789 2798 2899 3050 3300 3375 3732 3886 4073 4097 4283 4337 4453 4623 4692 4805 5055 5374 5393 5420 5799 6231 6300 6379 6569 6654 6827 
#module 24 size: 17 bs: 0.211053
192 260 874 1056 1616 1726 1766 1935 2150 2284 4730 4804 5188 5516 5838 5891 6141 
#module 25 size: 15 bs: 1.09059
840 1506 1520 1617 2269 2424 2425 3534 3539 4345 4445 6046 6330 6481 6650 
#module 26 size: 19 bs: 0.133045
495 791 889 1084 1185 1468 1625 1896 2160 2772 2825 3996 4595 4863 5395 5579 6225 6265 6719 
#module 27 size: 19 bs: 0.62521
169 320 587 1600 1850 2157 2556 2749 2954 3759 4016 4531 4591 4873 5258 5788 6507 6561 6677 
#module 28 size: 22 bs: 0.984741
502 683 685 868 1901 2244 2378 2440 4019 4060 4408 4473 4481 4634 4651 5373 5553 5986 6105 6172 6524 6808 
#module 29 size: 22 bs: 0.786789
907 1291 1431 1648 2006 2138 2387 2452 3309 3441 3831 3838 4067 4108 4232 4247 4430 4489 5154 5854 6225 6656 
#module 30 size: 87 bs: 0.38409
138 179 278 484 574 720 765 1039 1095 1301 1405 1417 1474 1501 1568 1731 1759 2005 2069 2192 2232 2261 2380 2454 2468 2513 2520 2561 2675 2764 2850 2862 3096 3106 3334 3469 3485 3658 3701 3856 3866 3966 4003 4031 4143 4288 4329 4331 4333 4582 4606 4734 4737 4787 5146 5220 5251 5320 5389 5402 5446 5476 5512 5517 5519 5660 5666 5668 5688 5691 5764 5863 6044 6092 6113 6133 6138 6140 6292 6334 6446 6453 6461 6676 6680 6802 6889 
#module 31 size: 12 bs: 0.172247
817 991 2314 2551 2573 2736 3204 3910 4224 4511 5303 5468 
#module 32 size: 46 bs: 1.05263
271 502 575 581 732 818 824 942 971 1054 1059 1299 1620 1680 2087 2206 2228 2301 2481 2576 2633 2856 2915 3034 3073 3121 3357 3376 3571 3644 3819 4094 4203 4385 4454 4603 4776 5841 5875 6080 6151 6503 6526 6527 6581 6807 
#module 33 size: 32 bs: 0.545356
42 56 133 198 572 774 1048 1155 1711 1738 2047 2262 2346 2489 2574 2833 3275 3303 3874 3901 4164 4214 4623 4808 4902 4973 5165 5478 5698 5699 5820 6586 
#module 34 size: 7 bs: 0.317706
619 1542 2271 3546 5040 5047 5051 
#module 35 size: 50 bs: 0.951615
32 102 333 356 897 989 1009 1220 1265 1496 1763 2234 2287 2288 2361 2506 2537 2540 2886 2931 3108 3231 3252 3565 3598 3752 3842 3872 3959 4298 4359 4415 4953 4957 5010 5057 5161 5499 5569 5638 5825 5894 5949 5995 6139 6206 6304 6323 6496 6788 
#module 36 size: 225 bs: 0.21383
13 15 17 34 41 144 178 197 293 300 332 336 342 398 414 422 532 536 545 583 585 588 633 652 676 677 692 717 718 721 724 782 820 830 833 849 921 922 964 1011 1024 1041 1069 1191 1203 1251 1274 1293 1316 1340 1350 1357 1427 1444 1509 1544 1549 1553 1607 1650 1666 1735 1775 1786 1841 1843 1877 1878 1890 1956 2003 2012 2030 2098 2126 2208 2223 2256 2276 2297 2303 2382 2383 2417 2541 2581 2584 2585 2617 2622 2632 2644 2697 2722 2729 2774 2775 2807 2819 2852 2885 2896 2907 2911 2942 2961 2972 2999 3035 3068 3098 3143 3208 3229 3265 3301 3371 3384 3388 3410 3450 3463 3464 3490 3535 3573 3622 3656 3667 3675 3737 3804 3858 3876 3881 3887 3920 3928 3969 3974 4072 4166 4169 4382 4448 4467 4524 4526 4527 4538 4539 4567 4587 4622 4635 4641 4642 4647 4673 4693 4703 4758 4778 4810 4850 4884 4905 4981 4991 4997 5028 5056 5125 5130 5223 5231 5281 5299 5300 5328 5340 5435 5438 5466 5509 5526 5538 5602 5649 5664 5685 5726 5773 5849 5864 5866 5898 5906 5967 5986 6128 6185 6188 6190 6191 6197 6207 6211 6220 6253 6285 6314 6319 6409 6416 6419 6423 6438 6525 6606 6647 6679 6732 6815 6848 
#module 37 size: 6 bs: 0.795895
521 1464 3219 4220 6774 6838 
#module 38 size: 10 bs: 0.869956
554 1269 1791 3186 3240 3413 3880 4013 4124 6457 
#module 39 size: 15 bs: 0.937692
828 1285 2094 2558 2735 2951 3443 3883 4799 4857 4865 5687 6560 6872 6873 
#module 40 size: 29 bs: 0.263931
49 130 266 516 918 1090 1152 1692 1920 2153 2381 2389 2627 3756 3790 4356 4662 4986 5270 5310 5564 5665 6147 6359 6410 6637 6687 6745 6844 
#module 41 size: 79 bs: 1.06245
50 109 230 245 285 355 510 561 701 741 775 815 948 951 1171 1249 1284 1448 1729 1750 1826 1834 1966 1979 2046 2106 2119 2129 2265 2266 2286 2323 2327 2538 2801 2966 3072 3185 3216 3287 3295 3332 3500 3528 3612 3630 3713 3786 3816 3820 4183 4238 4377 4615 4735 4800 4801 4849 4962 4998 5196 5230 5265 5296 5319 5323 5326 5647 5726 5912 5972 6043 6202 6337 6419 6502 6816 6819 6886 
#module 42 size: 26 bs: 0.634982
71 522 737 920 966 967 1142 1331 1392 1550 1623 2758 3205 3328 3401 3641 4064 4289 4945 5339 5455 5495 5521 6003 6649 6833 
#module 43 size: 39 bs: 0.608005
302 322 331 519 566 707 1016 1334 1337 1440 1459 1679 1808 1936 2353 2778 2788 2829 2901 3094 3236 3262 3584 4030 4035 4165 4187 4440 4795 5080 5238 5266 5370 5548 5782 5941 6490 6571 6649 
#module 44 size: 22 bs: 0.135276
70 383 576 699 727 2370 2562 3211 3218 3502 3676 3749 4071 4469 4708 4848 5181 5663 6405 6539 6671 6678 
#module 45 size: 35 bs: 0.552752
203 859 1071 1253 1298 1420 1487 1504 1532 1728 1741 2147 2770 2866 2981 3000 3026 3075 3150 3397 3536 3776 3995 4024 4387 4565 4844 4886 5095 5183 5357 5674 6013 6218 6398 
#module 46 size: 79 bs: 0.244728
259 293 325 464 508 603 623 738 884 1040 1117 1332 1367 1672 1821 1873 1884 2031 2051 2064 2109 2363 2403 2487 2821 2909 2933 2940 2974 3065 3227 3419 3529 3575 3632 3652 3724 3815 3838 3840 3949 3968 4049 4149 4449 4577 4642 4711 4764 4815 4840 4928 4942 5036 5152 5159 5247 5313 5316 5330 5415 5474 5489 5563 5620 5621 5767 5916 6017 6232 6326 6665 6666 6696 6705 6713 6812 6899 6913 
#module 47 size: 91 bs: 0.410451
301 453 487 530 589 598 605 841 857 900 1149 1290 1480 1578 1579 1675 1681 1693 1710 1752 1881 1889 2001 2013 2052 2091 2168 2245 2300 2528 2637 2640 2980 3029 3069 3085 3095 3110 3173 3291 3355 3365 3432 3447 3472 3551 3597 3716 3907 3957 3991 4119 4163 4255 4426 4439 4453 4537 4592 4625 4667 4717 4731 4743 4838 5049 5070 5106 5107 5202 5333 5510 5520 5535 5609 5791 5802 5964 5965 6034 6107 6282 6408 6435 6610 6629 6633 6682 6683 6709 6866 
#module 48 size: 15 bs: 0.140392
509 579 979 1218 1606 1887 1996 2179 2704 3903 4222 4528 5689 6166 6499 
#module 49 size: 25 bs: 0.997402
58 86 99 143 435 439 723 899 1044 1116 1515 1929 1940 2132 2166 2493 2790 2908 3074 4043 4268 5155 5256 5494 6104 
#module 50 size: 59 bs: 0.897429
82 104 190 197 414 631 672 830 836 1000 1036 1141 1231 1352 1401 1466 1483 1504 1580 1597 1847 2030 2098 2148 2223 2393 2644 2800 2973 3009 3032 3054 3080 3112 3359 3373 3410 3505 3583 3642 3730 3745 4285 4477 4580 4697 4709 4981 5317 5632 5830 5837 5888 6126 6314 6375 6536 6622 6915 
#module 51 size: 88 bs: 1.07485
104 214 475 681 695 759 794 912 922 1021 1115 1229 1302 1507 1593 1667 1715 1760 1847 1952 2040 2120 2260 2292 2490 2535 2589 2619 2729 2807 2844 2847 2892 2896 2925 2996 3160 3178 3288 3386 3504 3575 3600 3621 3787 3832 3871 3998 4034 4061 4090 4136 4188 4272 4379 4506 4641 4665 4830 4831 4898 4912 4972 4988 5008 5170 5221 5336 5637 5732 5864 5876 6055 6067 6082 6132 6144 6169 6285 6376 6388 6477 6606 6710 6761 6767 6784 6831 
#module 52 size: 19 bs: 0.535837
161 810 871 913 1247 1531 1674 1788 1908 2359 3235 3877 4075 4112 4216 5575 5840 6468 6661 
#module 53 size: 10 bs: 0.102637
468 1653 1999 2469 4117 4192 4281 5722 6391 6513 
#module 54 size: 32 bs: 0.693448
289 465 600 856 1250 1723 2412 2649 2682 3215 3326 3527 3847 4125 4207 4324 4610 4882 5166 5207 5554 5583 5705 5712 5842 6060 6193 6400 6406 6482 6537 6922 
#module 55 size: 46 bs: 0.44724
417 570 634 645 660 716 807 854 914 1066 1108 1158 1196 1326 1390 1411 1572 1605 1641 1947 2075 2080 2089 2509 2972 2988 3341 3611 3682 3855 4122 4191 4269 4334 4517 4691 4958 5542 5672 5846 5850 5858 6029 6272 6403 6600 
#module 56 size: 101 bs: 0.546277
125 157 162 249 282 428 602 607 688 722 754 778 929 977 1073 1252 1259 1264 1361 1398 1404 1413 1625 1632 1636 1700 1777 1809 1815 1924 1958 1986 2491 2505 2555 2581 2635 2639 2719 2731 2831 2849 3014 3036 3042 3074 3087 3198 3239 3473 3563 3672 3758 3817 3902 3916 3917 4032 4128 4153 4218 4261 4500 4539 4593 4620 4637 4658 4716 4859 4908 4929 5058 5118 5145 5364 5406 5431 5505 5509 5590 5677 5730 5909 5926 5959 5981 6007 6150 6275 6293 6354 6401 6491 6543 6577 6621 6695 6715 6724 6907 
#module 57 size: 43 bs: 0.304512
369 556 637 797 892 1067 1088 1346 1575 1615 1639 1699 2026 2066 2175 2275 2499 2722 2944 3285 3512 3777 3780 3984 4105 4265 4413 4540 4574 4608 5121 5163 5309 5385 5434 5607 5628 5741 6081 6390 6769 6883 6914 
#module 58 size: 23 bs: 0.640392
263 321 429 502 663 911 975 1450 1803 1822 1840 2480 3748 3915 3982 3990 4084 5325 5758 6001 6335 6372 6646 
#module 59 size: 40 bs: 0.649362
146 469 505 809 846 973 1042 1215 1242 1368 1565 1798 1799 1871 1983 2065 2209 2318 2319 2630 2708 3125 3270 3328 3427 3559 3685 3981 4503 4992 5216 5274 5401 5413 6271 6366 6381 6458 6497 6676 
#module 60 size: 21 bs: 0.44481
184 349 577 891 928 1022 1296 1903 1946 2043 2145 2156 2165 2279 3826 4532 4890 5083 5925 6518 6879 
#module 61 size: 32 bs: 1.00142
240 472 535 622 710 776 1020 1431 1519 1955 1992 2006 2744 3008 3040 3586 3753 4114 4398 4739 5259 5291 5511 5829 5924 6204 6216 6228 6787 6800 6825 6844 
#module 62 size: 36 bs: 0.602912
48 243 295 367 613 845 957 1032 1079 1117 1271 1349 1363 1805 1819 1858 1925 1932 2004 2384 2813 3036 3067 3130 3223 3800 4099 4307 4640 5069 5144 5430 5821 6152 6701 6768 
#module 63 size: 51 bs: 0.201265
205 342 384 551 584 615 847 987 1040 1156 1280 1481 1672 1984 2097 2233 2370 2437 2544 2814 3197 3444 3449 3477 3588 3747 3937 4138 4636 4637 4684 4753 4758 4815 4928 5063 5289 5470 5537 5716 5765 5810 5826 6297 6310 6362 6366 6592 6695 6724 6830 
#module 64 size: 111 bs: 0.512792
1 21 177 186 214 323 394 549 675 696 731 740 935 960 1177 1275 1282 1304 1359 1374 1436 1458 1476 1484 1493 1508 1538 1680 1699 1719 1744 1751 1857 1966 1972 1978 2053 2054 2105 2140 2146 2236 2248 2268 2435 2502 2524 2666 2867 2924 3116 3138 3181 3196 3316 3334 3468 3480 3493 3503 3538 3562 3592 3653 3830 3857 3863 3950 3953 4011 4078 4107 4361 4433 4497 4506 4713 4726 4788 4793 4809 4868 4895 5103 5189 5243 5306 5315 5330 5331 5341 5502 5592 5650 5675 5813 5834 6467 6498 6500 6542 6593 6604 6607 6642 6690 6742 6765 6795 6845 6890 
#module 65 size: 90 bs: 0.933073
81 238 310 399 401 408 421 454 694 767 806 831 867 930 1122 1157 1167 1181 1201 1260 1283 1444 1454 1533 1737 1774 1807 1902 1964 2018 2142 2171 2214 2226 2246 2247 2408 2432 2516 2590 2656 2740 2782 2863 3057 3100 3119 3120 3153 3224 3284 3396 3459 3517 3608 3705 3706 3853 3922 3926 3931 4026 4097 4390 4442 4545 4666 4733 4888 5009 5079 5163 5250 5264 5314 5328 5404 5438 5445 5498 5615 5780 5783 6117 6212 6456 6709 6773 6847 6870 
#module 66 size: 46 bs: 0.3247
154 213 420 501 533 664 766 1523 1771 2048 2285 2645 2647 2765 2826 2938 2943 2957 3048 3076 3123 3194 3312 3402 3428 3440 3509 3599 3771 3862 4073 4186 4585 4960 5090 5359 5404 5561 5641 5711 6196 6488 6523 6868 6898 6924 
#module 67 size: 6 bs: 0.251962
1063 1246 1372 3852 4101 6162 
#module 68 size: 81 bs: 0.955413
3 20 50 109 128 132 183 216 256 267 328 402 425 701 705 744 808 815 860 1080 1083 1249 1289 1407 1497 1577 1581 1720 1729 1981 2046 2129 2136 2265 2349 2371 2465 2566 2603 2657 2962 3206 3249 3271 3337 3446 3498 3594 3615 3783 3816 3859 4238 4323 4482 4533 4735 4847 4889 4962 5015 5021 5141 5377 5443 5456 6043 6161 6184 6357 6361 6393 6506 6517 6544 6582 6663 6723 6741 6819 6856 
#module 69 size: 20 bs: 0.968719
437 660 804 1606 1928 2092 2739 3012 3736 4102 4646 4826 5072 5689 5694 5968 6238 6653 6736 6799 
#module 70 size: 163 bs: 0.255185
63 90 107 217 224 261 262 303 324 329 345 389 395 474 490 506 507 527 534 638 656 670 749 789 937 953 1017 1030 1121 1140 1237 1240 1248 1365 1395 1472 1498 1513 1537 1559 1593 1603 1630 1670 1787 1831 1909 1915 1982 1988 2035 2113 2115 2270 2332 2367 2388 2453 2459 2495 2571 2607 2760 2820 2837 2964 2994 3013 3015 3028 3033 3203 3237 3310 3393 3424 3445 3454 3492 3495 3589 3604 3686 3689 3702 3707 3717 3818 3893 3988 4007 4018 4087 4171 4181 4239 4256 4305 4310 4435 4457 4499 4509 4586 4601 4629 4663 4679 4694 4729 4755 4769 4822 4827 4861 4870 4936 4977 4989 4994 5025 5048 5061 5089 5139 5167 5174 5191 5300 5386 5418 5493 5559 5572 5633 5655 5668 5747 5828 5953 5958 5992 5997 6037 6097 6229 6236 6241 6274 6287 6301 6321 6368 6548 6556 6585 6611 6648 6706 6746 6750 6805 6918 
#module 71 size: 28 bs: 0.379099
23 715 782 1119 1189 1327 2822 3092 3142 3161 3217 3261 3323 3368 3542 3709 4518 4846 4912 5007 5195 5210 5279 5360 5365 5763 6011 6708 
#module 72 size: 48 bs: 0.406349
175 232 575 626 726 732 812 835 942 1225 1317 1437 1604 1781 1848 2155 2411 2637 2694 2827 2852 2858 2985 3002 3261 3329 3376 3664 3693 3903 4230 4235 4252 4556 4603 4678 4836 4869 4970 5209 5227 5253 5490 5841 5879 6056 6504 6581 
#module 73 size: 38 bs: 0.319913
19 214 429 555 913 934 954 1062 1264 1399 1815 1847 1957 2056 2071 2121 2161 2193 2738 2835 2995 3131 3302 3383 3580 3591 4113 4270 4330 4597 4688 4725 4983 5114 5162 5293 6222 6280 
#module 74 size: 30 bs: 0.268518
187 265 446 682 1184 1197 1451 1614 1864 2624 2660 2840 3191 3225 3254 3322 3417 4317 4491 4621 4832 5149 5624 5839 6110 6116 6175 6474 6557 6851 
#module 75 size: 49 bs: 0.615003
6 222 415 432 442 477 592 729 1239 1295 1574 1592 1851 1954 1997 2299 2331 2458 2461 2477 2711 3122 3470 3475 3513 3665 3909 4002 4089 4148 4177 4381 4828 5074 5091 5101 5166 5292 5786 5800 5857 5874 6021 6298 6392 6405 6424 6557 6596 
#module 76 size: 42 bs: 1.02703
273 665 693 785 890 982 1102 1226 1633 1714 2111 2252 2402 2464 2484 2615 2621 2638 2969 3165 3316 3727 4053 4150 4259 4280 4695 4862 4887 4963 5222 5599 5610 5631 5645 5754 5884 5902 6019 6074 6588 6849 
#module 77 size: 28 bs: 0.765053
93 115 286 613 1085 1364 1658 1876 2182 2485 2511 2713 2793 3064 3156 3715 3803 4010 4092 4578 5144 5156 5213 5477 5515 6038 6170 6813 
#module 78 size: 27 bs: 0.31781
67 229 406 433 512 518 711 756 816 1393 1697 1733 2230 2259 2706 2949 3078 3144 3163 3193 3452 3860 5185 5272 6209 6383 6861 
#module 79 size: 54 bs: 0.363862
220 268 340 407 461 547 609 684 805 894 919 1038 1053 1211 1353 1563 1596 1692 1757 1911 1918 1959 2068 2078 2441 2478 2786 2955 3018 3299 3613 3629 3655 3790 3875 4172 4269 4378 4414 4760 4768 4812 4948 5329 5419 5484 5543 5549 5593 5724 5725 6410 6418 6857 
#module 80 size: 43 bs: 0.622833
37 60 170 410 496 654 770 813 834 1186 1309 1369 1399 1488 1688 1815 1860 1944 1953 2322 2716 2807 2830 3136 3274 3471 3817 3899 3994 4041 4227 4332 4851 4984 5011 5349 5432 5658 5790 5985 6012 6238 6386 
#module 81 size: 125 bs: 0.529822
193 204 251 256 269 380 382 450 491 526 642 650 658 659 662 668 719 801 819 910 925 932 952 976 1028 1046 1097 1146 1161 1175 1202 1214 1258 1270 1333 1336 1354 1381 1421 1503 1594 1732 1768 1769 1886 1897 1921 2050 2075 2196 2221 2347 2407 2448 2451 2486 2570 2686 2832 2848 2916 2930 2975 3031 3038 3053 3060 3195 3200 3233 3392 3510 3673 3695 3734 3802 3808 3841 3879 3894 4022 4168 4209 4211 4438 4465 4476 4590 4624 4661 4763 4920 4932 4943 5065 5086 5088 5104 5254 5257 5408 5409 5595 5708 5737 5748 5940 5991 6015 6026 6035 6080 6143 6146 6177 6317 6324 6473 6575 6609 6718 6777 6780 6874 6882 
#module 82 size: 43 bs: 0.76024
12 24 234 504 733 757 811 910 998 1277 1546 1599 1849 1998 2062 2192 2439 2940 3083 3171 3506 3638 3657 3782 3829 3839 4066 4152 4165 4176 4498 4886 4955 4999 5060 5535 5941 5962 6022 6146 6534 6551 6777 
#module 83 size: 16 bs: 1.08189
538 1191 1305 1424 2802 3317 3590 3854 3888 4062 4202 4399 5038 5197 5587 6295 
#module 84 size: 30 bs: 0.268583
35 558 933 1081 1425 1539 1685 2059 2080 2163 2289 2692 3439 3457 3750 3980 4050 4280 4525 4756 4766 4926 4954 5263 5423 5697 5892 6303 6465 6722 
#module 85 size: 43 bs: 1.06655
173 208 246 313 377 493 702 870 941 1120 1207 1352 1362 1687 1704 1818 1929 2186 2385 2515 2669 2766 2815 3235 3327 3619 3624 3972 4059 4131 4320 4365 4771 4913 4917 4946 5261 5686 6397 6432 6505 6712 6826 
#module 86 size: 21 bs: 0.376023
52 877 938 1070 1624 1646 2504 2689 3001 3025 3515 3595 4245 4880 5362 5447 5458 5945 6484 6620 6703 
#module 87 size: 23 bs: 1.00753
444 844 994 1205 1510 1511 1655 1690 1701 1718 1872 2536 2888 3127 3129 3273 3377 3900 4956 4974 6313 6779 6841 
#module 88 size: 48 bs: 1.09211
397 628 644 746 790 872 1221 1485 1502 1628 1778 2164 2295 2661 2784 2877 3202 3411 3558 3568 3634 3692 3765 3865 3908 3941 4095 4157 4321 4423 4533 4718 4803 5050 5173 5190 5337 5342 5525 5614 5616 5720 6168 6256 6289 6294 6338 6754 
#module 89 size: 41 bs: 0.174186
297 514 703 904 905 1053 1208 1310 1534 1563 1596 1598 1669 1736 2219 2773 2797 3070 3177 3201 3537 3710 3850 4126 4339 4516 4552 4573 4676 4927 5419 5581 5601 5757 5781 5803 5805 6112 6233 6343 6793 
#module 90 size: 210 bs: 0.132183
36 40 96 112 114 136 140 141 145 218 244 253 283 296 307 311 341 344 409 413 418 443 459 679 691 700 709 798 814 853 863 878 881 901 972 1005 1043 1133 1148 1303 1377 1383 1465 1505 1526 1555 1563 1573 1631 1664 1727 1746 1780 1793 1796 1817 1853 1855 1942 1994 2011 2022 2108 2130 2149 2170 2174 2191 2197 2211 2294 2356 2404 2450 2497 2517 2521 2559 2575 2604 2633 2680 2687 2718 2743 2763 2773 2836 2864 2893 2950 3010 3107 3117 3248 3305 3313 3371 3374 3379 3390 3451 3507 3547 3576 3585 3596 3679 3680 3698 3704 3711 3742 3767 3784 3789 3805 3809 3822 3882 3965 3971 4012 4014 4017 4063 4080 4093 4139 4190 4241 4249 4278 4284 4297 4318 4358 4360 4370 4401 4404 4542 4568 4609 4617 4683 4752 4773 4813 4893 4921 4971 5001 5018 5041 5076 5131 5134 5136 5192 5246 5252 5273 5280 5324 5387 5421 5454 5503 5533 5540 5541 5584 5605 5619 5695 5726 5735 5736 5740 5752 5840 5848 5887 5979 5980 5999 6031 6048 6200 6255 6260 6263 6286 6375 6479 6483 6516 6549 6562 6612 6613 6619 6622 6662 6668 6804 6814 6896 6910 
#module 91 size: 87 bs: 0.337948
111 257 287 316 392 499 604 643 673 696 706 725 970 992 1106 1154 1187 1267 1320 1355 1400 1695 1813 1844 1876 1917 1990 2002 2099 2137 2154 2188 2320 2324 2406 2479 2527 2548 2678 2879 3086 3111 3114 3283 3416 3497 3770 4098 4201 4208 4219 4233 4251 4327 4425 4478 4569 4572 4596 4900 4941 5039 5071 5212 5284 5288 5311 5350 5518 5600 5617 5761 5789 5824 5904 5947 6009 6228 6306 6427 6433 6485 6546 6608 6775 6792 6909 
#module 92 size: 127 bs: 0.664122
11 29 31 89 104 198 226 371 571 573 596 751 774 851 871 969 1003 1032 1045 1129 1134 1158 1199 1212 1286 1414 1433 1440 1447 1499 1535 1626 1632 1657 1671 1709 1761 1865 1906 1918 2007 2024 2047 2091 2104 2118 2311 2317 2325 2333 2410 2596 2648 2691 2746 2747 2752 2860 2897 2978 3005 3031 3184 3407 3472 3520 3924 3956 3989 4020 4076 4092 4120 4167 4170 4237 4301 4314 4353 4408 4524 4549 4559 4589 4664 4760 4802 4877 4901 4949 5017 5066 5074 5113 5132 5144 5150 5184 5348 5356 5492 5529 5625 5634 5678 5680 5718 5723 5739 5869 5883 5932 5942 5987 6058 6245 6266 6356 6385 6467 6483 6555 6643 6694 6764 6766 6806 
#module 93 size: 66 bs: 0.321937
22 57 206 292 350 422 625 830 915 984 1010 1089 1335 1423 1582 1622 1756 1798 1900 2181 2235 2339 2433 2667 2818 2835 2857 2859 2986 3020 3421 3431 3461 3463 3737 4133 4358 4394 4456 4563 4723 4789 5108 5138 5177 5200 5286 5322 5467 5618 5717 5798 5903 5956 5980 6024 6061 6095 6197 6234 6279 6531 6564 6624 6639 6699 
#module 94 size: 153 bs: 0.9389
24 34 69 121 202 293 352 386 503 525 540 542 616 886 946 1012 1018 1093 1118 1153 1166 1210 1251 1262 1350 1378 1444 1446 1452 1477 1484 1497 1567 1610 1635 1647 1735 1814 1837 1907 2063 2072 2096 2100 2150 2224 2238 2277 2280 2344 2348 2354 2581 2585 2617 2626 2690 2695 2697 2701 2733 2834 2875 2915 2948 2960 3052 3143 3192 3247 3301 3338 3344 3363 3495 3525 3578 3648 3660 3708 3732 3751 3764 3769 3878 3920 3986 4056 4103 4144 4173 4203 4309 4358 4480 4504 4524 4628 4715 4767 4771 4853 4864 4871 4913 4997 5042 5056 5128 5158 5223 5229 5324 5366 5375 5378 5417 5437 5461 5485 5526 5550 5551 5578 5701 5713 5773 5811 5849 5877 5899 5911 5937 6028 6051 6124 6179 6181 6207 6339 6352 6420 6428 6514 6579 6603 6628 6679 6739 6843 6848 6864 6880 
#module 95 size: 218 bs: 0.771682
100 126 131 171 251 254 419 462 471 473 486 513 543 560 589 598 605 639 660 687 689 734 738 743 784 811 866 876 893 900 940 974 993 1013 1029 1109 1149 1170 1179 1194 1206 1216 1222 1234 1236 1408 1442 1560 1608 1716 1720 1797 1828 1845 1880 1977 2084 2091 2183 2207 2226 2293 2304 2357 2395 2398 2462 2528 2543 2552 2587 2623 2629 2637 2656 2670 2798 2871 2909 2921 2936 2952 2979 2982 3029 3041 3045 3058 3101 3118 3199 3220 3268 3300 3365 3403 3415 3478 3486 3503 3519 3545 3593 3597 3712 3716 3732 3744 3757 3810 3821 3886 3897 3914 3944 3963 3976 3978 4047 4065 4066 4073 4147 4174 4204 4250 4254 4302 4308 4319 4363 4364 4390 4410 4426 4453 4494 4507 4612 4667 4668 4670 4715 4717 4740 4794 4837 4872 4874 4878 4891 4897 4907 5004 5032 5055 5087 5099 5106 5143 5233 5273 5277 5287 5302 5314 5361 5420 5426 5459 5471 5481 5510 5520 5529 5530 5535 5557 5635 5640 5791 5802 5843 5878 5919 5928 5930 5941 5964 5965 5976 6107 6242 6282 6307 6308 6328 6359 6363 6380 6408 6422 6427 6431 6447 6452 6475 6476 6510 6535 6569 6573 6584 6610 6616 6645 6683 6709 
#module 96 size: 49 bs: 1.05884
298 687 796 1035 1176 1360 1443 1445 1479 1576 1740 1761 1794 1820 1930 1976 2016 2070 2305 2467 3155 3399 3400 3412 3671 3737 3918 3973 4025 4029 4118 4156 4159 4223 4543 4611 4790 5405 5416 5545 5546 5714 5881 6225 6296 6360 6478 6533 6711 
#module 97 size: 87 bs: 0.411954
107 199 255 353 520 539 548 659 762 825 910 1031 1111 1175 1232 1258 1270 1279 1322 1354 1370 1410 1476 1585 1672 1732 1769 1942 1998 2005 2057 2095 2120 2311 2380 2448 2672 2776 2832 2895 2910 3021 3031 3057 3145 3195 3255 3342 3387 3418 3643 3702 3836 4022 4200 4287 4487 4547 4590 4661 4669 4837 4856 4920 4994 5104 5204 5228 5418 5655 5692 5708 5769 6022 6035 6037 6067 6163 6241 6258 6322 6364 6594 6651 6747 6777 6859 
#module 98 size: 46 bs: 0.69523
66 195 223 618 667 674 883 988 1092 1315 1434 1495 1585 1721 1813 1923 1941 2000 2178 2185 2267 2308 2316 2742 3086 3180 3234 3289 3381 4130 4193 4294 4348 4405 4656 4941 4976 5022 5187 5278 5391 5824 5931 6027 6131 6595 
#module 99 size: 62 bs: 0.61112
182 235 562 630 875 1178 1235 1272 1273 1276 1574 1612 1754 1862 1882 1894 2079 2212 2220 2225 2369 2599 2887 3006 3069 3187 3321 3406 3556 3755 3823 3849 3885 4212 4375 4421 4422 4541 4594 4701 4780 4823 4952 5214 5269 5301 5351 5378 5453 5622 5681 5706 5801 5845 5900 5908 5950 6194 6227 6519 6626 6758 
#module 100 size: 147 bs: 0.181952
11 27 47 62 64 74 85 225 228 231 244 247 270 276 306 338 343 348 388 396 406 452 467 523 599 606 657 735 786 1075 1112 1183 1522 1563 1621 1654 1673 1703 1783 1836 1847 1852 1858 1919 1991 2125 2127 2190 2198 2228 2231 2249 2330 2345 2354 2374 2414 2466 2582 2597 2684 2725 2754 2759 2777 2842 2850 2897 2926 3128 3139 3210 3213 3251 3330 3350 3361 3362 3369 3394 3460 3490 3494 3499 3533 3557 3633 3649 3661 3680 3694 3718 3790 3813 3861 3876 3893 3975 4058 4134 4155 4215 4306 4312 4319 4375 4396 4458 4579 4613 4653 4689 4696 4872 5032 5059 5102 5219 5276 5399 5421 5496 5504 5552 5553 5556 5594 5643 5753 5793 5795 5822 5831 5868 5922 6039 6041 6042 6049 6050 6254 6344 6375 6429 6567 6711 6745 
#module 101 size: 44 bs: 0.454576
14 105 221 475 620 742 764 803 1027 1045 1132 1445 1475 1518 1574 1712 1846 2315 2341 2431 2545 2618 2816 2823 2919 3179 3627 3796 4006 4090 4098 4355 4375 4436 4924 5142 5193 5232 5453 5541 5733 5742 5785 6455 
#module 102 size: 165 bs: 0.771832
10 25 94 106 167 200 337 354 381 434 441 445 476 541 563 621 717 773 803 852 896 917 923 991 1047 1118 1147 1166 1168 1238 1257 1263 1319 1386 1430 1460 1592 1619 1676 1677 1694 1869 1916 1954 2008 2032 2042 2103 2159 2187 2199 2215 2220 2243 2273 2310 2342 2343 2362 2423 2470 2472 2563 2651 2671 2732 2737 2755 2768 2823 2851 2855 2929 2958 2990 3024 3030 3052 3084 3102 3109 3259 3276 3290 3314 3343 3487 3513 3544 3619 3639 3674 3677 3683 3723 3738 3739 3743 3760 3763 3834 3867 3970 4038 4045 4088 4162 4300 4388 4391 4490 4546 4562 4622 4645 4659 4680 4804 4909 5027 5098 5223 5255 5422 5424 5453 5534 5593 5606 5613 5627 5639 5642 5659 5671 5679 5693 5707 5709 5792 5823 5836 5862 5944 5955 5963 5966 6025 6082 6090 6239 6250 6259 6320 6358 6463 6493 6495 6641 6655 6667 6778 6843 6895 6916 
#module 103 size: 74 bs: 0.616178
18 73 155 225 274 390 411 426 480 549 662 902 963 997 1125 1148 1182 1198 1219 1223 1281 1507 1644 1724 2039 2128 2151 2167 2218 2382 2418 2475 2533 2557 2609 2636 3140 3264 3305 3346 3354 3378 3437 3438 3514 3524 3574 3952 3962 4166 4496 4505 4541 4571 4736 4745 4975 5014 5200 5235 5304 5335 5371 5437 5441 5644 5814 5861 5915 6237 6425 6698 6727 6730 
#module 104 size: 68 bs: 0.824534
227 305 390 449 537 646 777 783 821 837 981 1009 1120 1163 1179 1198 1312 1313 1492 1644 1702 1739 1830 1833 1875 1985 2017 2027 2039 2128 2167 2445 2557 2658 2676 2699 2795 3059 3082 3115 3126 3170 3261 3319 3378 3582 4166 4354 4365 4366 4521 4756 4975 5014 5030 5635 5853 6075 6160 6212 6264 6394 6425 6454 6636 6638 6760 6785 
#module 105 size: 83 bs: 0.656153
110 129 150 191 291 453 481 826 869 1001 1009 1058 1151 1172 1195 1203 1244 1300 1551 1629 1798 1905 1926 1943 2028 2328 2372 2513 2532 2588 2673 2681 2714 2723 2750 2922 2986 3051 3088 3132 3212 3318 3352 3404 3418 3420 3532 3541 3587 3999 4308 4335 4464 4495 4581 4686 4705 4719 4825 4967 5019 5073 5116 5124 5269 5305 5363 5379 5403 5731 5804 5865 5886 5938 6240 6268 6327 6437 6605 6673 6697 6823 6885 
#module 106 size: 13 bs: 0.840589
165 458 936 1785 1789 2229 2264 2817 4184 4210 4472 4724 6501 
#module 107 size: 37 bs: 0.754007
185 189 361 391 627 661 752 1628 2044 2101 2172 2420 2628 2685 3046 3103 3308 3467 3469 4082 4185 4467 4534 4584 4777 4855 4996 5224 5392 5456 5501 5766 5808 5885 6078 6509 6574 
#module 108 size: 79 bs: 0.960603
13 144 151 336 342 456 588 712 724 906 1069 1077 1107 1123 1165 1175 1202 1255 1323 1441 1455 1594 1980 2208 2253 2281 2312 2358 2383 2400 2420 2567 2663 2757 2774 2873 2907 2983 3134 3190 3229 3265 3338 3436 3570 3573 3798 3827 4195 4448 4467 4630 4631 4633 4635 4703 4721 4748 4867 4905 4916 5268 5299 5411 5685 5734 5764 5852 5906 5920 5967 5986 6046 6189 6416 6438 6601 6732 6757 
#module 109 size: 46 bs: 0.480872
61 166 176 373 382 559 707 944 1016 1074 1078 1227 1440 1747 1960 2260 2547 2565 2683 2778 2788 2891 2945 3037 3306 3577 3918 3929 3932 4165 4267 4371 4427 4702 4795 5271 5318 5719 6072 6159 6384 6459 6490 6649 6762 6840 
#module 110 size: 66 bs: 0.982385
134 211 298 370 750 879 931 1008 1051 1100 1104 1245 1264 1297 1350 1443 1461 1479 1482 1516 1543 1611 1761 1794 1810 1829 1930 1976 2033 2037 2116 2471 2771 3063 3070 3147 3155 3566 3785 3790 4219 4384 4508 4619 4649 4754 4979 5063 5347 5367 5544 5611 5651 5669 5801 5957 5982 6098 6249 6298 6395 6644 6711 6796 6858 6909 
#module 111 size: 63 bs: 0.681138
416 565 697 1037 1118 1138 1169 1471 1514 1541 1601 1627 1643 1663 1805 1858 1859 1951 2000 2241 2380 2405 2602 2654 2668 2903 3019 3086 3114 3166 3190 3280 3297 3381 3521 3668 3846 4296 4326 4411 4418 4765 4866 4951 5026 5071 5105 5145 5242 5288 5372 5529 5819 5855 6047 6235 6246 6394 6443 6485 6630 6685 6797 
#module 112 size: 132 bs: 0.599919
2 8 83 84 110 123 180 210 212 277 319 347 387 438 455 590 714 838 839 848 950 1004 1105 1135 1150 1254 1287 1306 1313 1376 1385 1397 1480 1491 1529 1530 1557 1568 1668 1707 1755 1939 2028 2076 2131 2169 2204 2302 2332 2355 2360 2368 2376 2386 2446 2475 2522 2650 2658 2721 2745 2751 2761 2838 2870 2934 2963 3007 3077 3133 3172 3418 3434 3445 3531 3687 3691 3740 3835 3844 3925 3979 4052 4077 4141 4243 4277 4316 4341 4444 4457 4461 4475 4860 4923 4959 4999 5086 5153 5165 5203 5205 5228 5321 5648 5715 5787 5807 5910 5960 6036 6044 6052 6062 6091 6103 6198 6341 6371 6449 6471 6478 6492 6530 6545 6568 6580 6602 6631 6700 6867 6892 
#module 113 size: 37 bs: 0.197061
28 163 494 498 690 1094 1101 1131 1314 1457 1562 1993 2177 2427 2702 2868 2968 3086 3238 3244 3353 3555 3569 3703 3801 4039 4455 5002 5110 5179 5226 5239 5777 6154 6350 6472 6877 
#module 114 size: 1 bs: 1
6550 
#module 115 size: 1 bs: 1
611 
#module 116 size: 1 bs: 1
5547 
#module 117 size: 1 bs: 1
4140 
#module 118 size: 1 bs: 1
2606 
#module 119 size: 1 bs: 1
6897 
#module 120 size: 1 bs: 1
1812 
#module 121 size: 1 bs: 1
4416 
#module 122 size: 1 bs: 1
4135 
#module 123 size: 1 bs: 1
4217 
#module 124 size: 1 bs: 1
6153 
#module 125 size: 1 bs: 1
4070 
#module 126 size: 1 bs: 1
6224 
#module 127 size: 1 bs: 1
5597 
#module 128 size: 1 bs: 1
5856 
#module 129 size: 1 bs: 1
3157 
#module 130 size: 1 bs: 1
1904 
#module 131 size: 1 bs: 1
882 
#module 132 size: 1 bs: 1
640 
#module 133 size: 1 bs: 1
1802 
#module 134 size: 1 bs: 1
6291 
#module 135 size: 1 bs: 1
2085 
#module 136 size: 1 bs: 1
4091 
#module 137 size: 1 bs: 1
2593 
#module 138 size: 1 bs: 1
6811 
#module 139 size: 1 bs: 1
6010 
#module 140 size: 1 bs: 1
5033 
#module 141 size: 1 bs: 1
1403 
#module 142 size: 1 bs: 1
2283 
#module 143 size: 1 bs: 1
3462 
#module 144 size: 1 bs: 1
1137 
#module 145 size: 1 bs: 1
5566 
#module 146 size: 1 bs: 1
1561 
#module 147 size: 1 bs: 1
4627 
#module 148 size: 1 bs: 1
3554 
#module 149 size: 1 bs: 1
4639 
#module 150 size: 1 bs: 1
92 
#module 151 size: 1 bs: 1
5577 
#module 152 size: 1 bs: 1
4246 
#module 153 size: 1 bs: 1
850 
#module 154 size: 1 bs: 1
5728 
#module 155 size: 1 bs: 1
3043 
#module 156 size: 1 bs: 1
5744 
#module 157 size: 1 bs: 1
2034 
#module 158 size: 1 bs: 1
3044 
#module 159 size: 1 bs: 1
4650 
#module 160 size: 1 bs: 1
2700 
#module 161 size: 1 bs: 1
250 
#module 162 size: 1 bs: 1
2512 
#module 163 size: 1 bs: 1
4295 
#module 164 size: 1 bs: 1
5779 
#module 165 size: 1 bs: 1
5064 
#module 166 size: 1 bs: 1
4930 
#module 167 size: 1 bs: 1
3845 
#module 168 size: 1 bs: 1
103 
#module 169 size: 1 bs: 1
2970 
#module 170 size: 1 bs: 1
2805 
#module 171 size: 1 bs: 1
3728 
#module 172 size: 1 bs: 1
5755 
#module 173 size: 1 bs: 1
4290 
#module 174 size: 1 bs: 1
6415 
#module 175 size: 1 bs: 1
4046 
#module 176 size: 1 bs: 1
6054 
#module 177 size: 1 bs: 1
3961 
#module 178 size: 1 bs: 1
3425 
#module 179 size: 1 bs: 1
3912 
#module 180 size: 1 bs: 1
612 
#module 181 size: 1 bs: 1
5003 
#module 182 size: 1 bs: 1
758 
#module 183 size: 1 bs: 1
2959 
#module 184 size: 1 bs: 1
6402 
#module 185 size: 1 bs: 1
5444 
#module 186 size: 1 bs: 1
5921 
#module 187 size: 1 bs: 1
2274 
#module 188 size: 1 bs: 1
2971 
#module 189 size: 1 bs: 1
4244 
#module 190 size: 1 bs: 1
2976 
#module 191 size: 1 bs: 1
6120 
#module 192 size: 1 bs: 1
6085 
#module 193 size: 1 bs: 1
346 
