#module 0 size: 10 bs: 0.0144098
536 2193 3276 3463 3470 3707 3759 4130 4828 6320 
#module 1 size: 13 bs: 0.014078
492 730 1132 1170 1422 1843 1971 1983 2904 4697 5111 5270 6712 
#module 2 size: 2 bs: 0.00457619
5612 6755 
#module 3 size: 2 bs: 6.09987e-10
1017 3005 
#module 4 size: 2 bs: 2.75037e-06
5260 5261 
#module 5 size: 6 bs: 0.000108345
839 1184 1594 1595 3172 5951 
#module 6 size: 2 bs: 5.35838e-12
1990 6856 
#module 7 size: 8 bs: 0.000181053
864 1918 2994 3643 4769 5328 6669 6683 
#module 8 size: 11 bs: 0.00454297
765 2111 2185 2297 2400 2543 3050 3283 3634 5692 6616 
#module 9 size: 2 bs: 0.00147992
5583 6525 
#module 10 size: 3 bs: 2.6292e-08
64 4357 5200 
#module 11 size: 3 bs: 0.00902406
5267 5731 5734 
#module 12 size: 3 bs: 0.022558
2838 3457 4065 
#module 13 size: 5 bs: 1.26742e-10
968 3910 4852 6311 6542 
#module 14 size: 4 bs: 1.8792e-05
2000 2001 2052 5860 
#module 15 size: 11 bs: 1.15396e-06
418 419 683 1039 1571 1732 2523 3034 4004 5635 6654 
#module 16 size: 4 bs: 0.00323881
940 4151 4470 6895 
#module 17 size: 8 bs: 0.00191947
173 720 933 2112 2803 5882 6346 6833 
#module 18 size: 2 bs: 3.47751e-09
3390 5704 
#module 19 size: 3 bs: 9.3302e-12
2 2647 4757 
#module 20 size: 6 bs: 0.00709664
503 4149 5188 5499 6134 6406 
#module 21 size: 3 bs: 8.8391e-08
6182 6426 6738 
#module 22 size: 5 bs: 5.88642e-101
83 2075 3477 4666 6528 
#module 23 size: 8 bs: 0.00187957
1569 1570 1583 2814 3265 4258 4358 5436 
#module 24 size: 6 bs: 1.37201e-06
415 1692 3742 4238 4257 5557 
#module 25 size: 3 bs: 3.77476e-15
1552 2784 6401 
#module 26 size: 22 bs: 0.0139047
549 568 712 901 1825 1978 2007 2419 2432 2521 2816 2885 2980 3398 3533 4180 4196 4656 4985 5683 5912 6343 
#module 27 size: 19 bs: 0.0350126
214 228 1214 1355 1665 1721 2479 2493 2830 3248 3598 3896 4592 4849 4978 5402 5911 6153 6315 
#module 28 size: 6 bs: 4.4102e-101
1231 1354 3844 4696 4830 6753 
#module 29 size: 2 bs: 0.0650295
2717 2806 
#module 30 size: 2 bs: 5.68726e-07
3697 6278 
#module 31 size: 2 bs: 0.00905288
779 5211 
#module 32 size: 2 bs: 0.0279086
196 2390 
#module 33 size: 3 bs: 0.00214197
1855 3969 5015 
#module 34 size: 3 bs: 8.54872e-15
3707 5094 6137 
#module 35 size: 33 bs: 0.739361
15 67 390 437 818 942 1011 1132 1349 1381 1794 1849 2115 2138 2183 2452 3627 3686 3779 3886 4039 4257 4455 5002 5522 5566 5801 5842 6191 6197 6612 6779 6809 
#module 36 size: 49 bs: 0.292719
191 300 374 400 422 433 958 1028 1437 1567 1578 1719 1866 2066 2328 2459 2638 2673 2734 2774 2961 2984 3032 3039 3383 3436 3480 3792 3802 3879 3925 3980 4186 4263 4354 4559 4643 5026 5029 5107 5238 5739 6034 6036 6509 6536 6640 6758 6893 
#module 37 size: 11 bs: 0.186841
292 1535 1886 2455 2756 3532 3725 3776 3842 4178 6640 
#module 38 size: 7 bs: 0.291409
2424 2691 3563 4908 5541 6423 6814 
#module 39 size: 12 bs: 0.681272
1467 2295 2384 2785 3024 3457 4011 4898 5838 5841 6309 6902 
#module 40 size: 11 bs: 0.75897
1461 2192 2433 2863 4235 4487 4842 4980 5971 6447 6785 
#module 41 size: 9 bs: 0.692182
217 2075 2575 3232 3317 4156 5622 6307 6800 
#module 42 size: 17 bs: 0.761378
471 704 1529 2553 2670 2968 3174 3783 3875 4184 4951 5153 5266 5282 5288 6457 6644 
#module 43 size: 9 bs: 0.161258
1463 1864 1865 2112 3844 5388 5635 5869 6212 
#module 44 size: 9 bs: 0.57996
677 2115 2413 3213 3985 4573 4897 5891 6692 
#module 45 size: 14 bs: 1.00616
656 835 2668 2676 3847 4657 5560 5578 5885 5894 6227 6285 6301 6338 
#module 46 size: 3 bs: 1.03478
927 1418 1998 
#module 47 size: 6 bs: 0.814133
221 585 5150 5372 5632 6329 
#module 48 size: 48 bs: 0.331314
34 282 303 427 601 933 936 963 1042 1169 1325 1335 1637 1820 1834 2264 2276 2290 2359 2370 2612 2782 3261 3297 3313 3431 3560 3641 3721 3953 3978 4438 4557 4646 4749 5085 5111 5167 5520 5596 5968 6074 6338 6598 6647 6780 6804 6879 
#module 49 size: 38 bs: 0.314133
117 239 692 906 936 1031 1107 1250 1344 1357 1461 1483 1834 2276 2290 2311 2312 2370 2782 3313 3450 3560 3696 3721 3783 4474 4653 4695 5085 5271 5287 5416 5470 5994 6269 6450 6598 6867 
#module 50 size: 12 bs: 0.954171
377 1500 2078 3569 3643 3716 3799 4274 5158 5250 5605 5679 
#module 51 size: 19 bs: 0.38634
658 744 957 2102 2194 2371 2437 2620 2716 2961 2966 3228 3293 4047 4365 4584 5004 5784 5967 
#module 52 size: 15 bs: 0.400483
469 868 1295 1299 1924 2317 2491 2680 3442 3463 4337 4503 5456 5995 6645 
#module 53 size: 22 bs: 0.960781
319 532 1503 1634 2305 2783 2840 3330 3387 4429 4580 4613 4620 4720 5043 5357 5812 6149 6174 6471 6709 6724 
#module 54 size: 12 bs: 0.221769
157 1683 2016 2607 2937 2988 3029 3097 3572 4464 5622 5692 
#module 55 size: 4 bs: 0.266622
2658 5551 6107 6806 
#module 56 size: 7 bs: 0.548299
100 923 1030 2256 3715 5344 6654 
#module 57 size: 17 bs: 0.448461
875 891 986 1353 1400 2097 2209 2469 2867 3389 4642 5030 5419 5465 5516 6252 6849 
#module 58 size: 54 bs: 0.695459
129 392 463 517 560 597 897 971 997 1290 1294 1334 1598 2076 2206 2257 2573 2621 2671 2722 2798 2864 2919 3086 3468 4073 4311 4412 4436 4483 4586 4608 4731 5028 5029 5438 5451 5470 5505 5525 5601 5640 5812 5844 5931 5947 6123 6264 6368 6537 6566 6792 6872 6909 
#module 59 size: 18 bs: 0.672616
630 1625 1663 1785 2024 2212 2284 3031 4107 4364 4872 4910 5144 5733 5995 6263 6286 6772 
#module 60 size: 9 bs: 0.625979
3457 3570 4011 4217 4247 4248 5176 5592 6406 
#module 61 size: 24 bs: 0.802304
864 1013 1034 1081 1181 1512 1700 1701 3220 3464 3713 3716 3799 3800 4128 4153 4717 5129 5604 5802 6188 6610 6636 6683 
#module 62 size: 41 bs: 0.353239
185 235 527 673 674 730 1147 1160 1495 1505 1522 1687 1872 1971 2226 2439 2601 2682 2866 2940 3099 3681 3708 3808 3812 3869 4148 4246 4375 4511 4618 4644 5270 5364 5840 6043 6173 6247 6324 6794 6832 
#module 63 size: 30 bs: 0.189756
691 734 796 831 1288 1421 2341 2376 2903 2980 3302 3379 3514 3545 3737 4009 4058 4144 4904 4957 5055 5198 5273 5297 5371 5810 5975 5987 6498 6610 
#module 64 size: 9 bs: 0.717463
590 639 1576 1691 2548 2848 5336 6476 6841 
#module 65 size: 11 bs: 0.658664
900 1201 1560 1897 2543 4076 5188 5592 5711 6852 6883 
#module 66 size: 11 bs: 0.899209
41 882 996 3059 3178 3673 3799 6474 6681 6722 6857 
#module 67 size: 29 bs: 0.671607
171 996 1009 1013 1181 1455 2293 2606 2715 3011 3220 3457 3750 3799 3800 4074 4078 4145 4147 4153 4744 5544 5662 5985 6610 6634 6636 6683 6862 
#module 68 size: 5 bs: 0.543676
1525 2104 2108 3701 3746 
#module 69 size: 6 bs: 0.506268
1343 2075 3691 6212 6538 6654 
#module 70 size: 38 bs: 0.788587
20 496 647 712 783 804 886 1775 1980 2019 2136 2150 2241 2347 2404 3285 3414 3817 3898 3909 4473 4679 4813 4929 5056 5227 5385 5457 5478 5620 6081 6179 6206 6472 6506 6583 6592 6651 
#module 71 size: 11 bs: 0.373106
1459 1568 2073 2117 3103 3133 3714 3749 3852 3989 6137 
#module 72 size: 8 bs: 0.729789
2222 2473 4515 5236 5237 6244 6275 6848 
#module 73 size: 34 bs: 1.0695
357 1248 1853 1868 2195 2223 2323 2442 2747 2899 2921 2949 3082 3175 3277 3619 3653 3662 3761 3881 4131 4165 4269 4407 4415 4874 5035 5074 5191 5225 5584 5816 5884 6029 
#module 74 size: 15 bs: 0.165331
895 1239 1457 1737 1835 1997 2058 4166 4211 4726 5153 6138 6255 6338 6745 
#module 75 size: 16 bs: 0.415935
126 471 837 961 963 1169 2863 3297 3884 4495 5971 6046 6297 6481 6795 6867 
#module 76 size: 5 bs: 0.599522
1037 2851 3166 5785 6110 
#module 77 size: 62 bs: 0.995625
123 298 420 695 773 874 876 991 1111 1237 1442 1443 1549 1758 1799 1845 1922 2018 2049 2712 2719 2801 2807 2824 2828 2932 2979 3064 3065 3223 3258 3281 3300 3394 3797 3854 3865 4030 4693 4805 5182 5241 5244 5269 5367 5384 5453 5514 5587 5629 5651 5825 5866 5926 6058 6306 6531 6550 6605 6687 6738 6912 
#module 78 size: 63 bs: 0.750921
209 257 266 354 375 573 578 693 1018 1229 1241 1359 1582 1689 1828 1854 1907 1926 1986 2124 2156 2160 2211 2262 2294 2316 2517 2528 2702 2703 2844 2845 3262 3291 3321 3358 3374 3661 3778 3994 4116 4131 4461 4465 4780 5106 5206 5276 5330 5387 5466 5492 5773 5778 5903 6053 6090 6186 6519 6635 6671 6828 6851 
#module 79 size: 8 bs: 0.820676
70 147 321 1627 2910 5899 5900 6142 
#module 80 size: 25 bs: 0.756256
166 1213 1656 2570 2814 3111 3293 3306 3549 3679 3931 4156 4526 4599 4914 5048 5659 5728 5784 5863 5997 6287 6468 6581 6791 
#module 81 size: 15 bs: 0.775888
1234 1671 1894 2032 2481 2650 3406 3555 3926 4034 5195 5614 5788 6063 6562 
#module 82 size: 18 bs: 0.30844
54 474 671 982 1040 1044 1054 1056 1497 1615 2847 3445 4454 5240 5792 5864 6271 6723 
#module 83 size: 24 bs: 0.691301
114 1080 1104 1451 1511 1564 2292 2355 2632 2967 3115 3120 3132 3452 3688 3703 3855 4061 4083 4388 4664 4843 5193 5272 
#module 84 size: 11 bs: 0.802044
117 1054 1378 2286 2347 2666 3324 3338 3840 4498 5663 
#module 85 size: 11 bs: 0.268123
60 339 656 1880 2120 3041 4257 4701 5302 6177 6655 
#module 86 size: 17 bs: 0.387455
80 405 1003 2466 3226 3369 3505 4179 4358 4389 4652 5068 5199 5220 5613 5740 6657 
#module 87 size: 25 bs: 0.817436
280 353 438 575 747 750 821 1453 1580 1670 1951 2038 2200 3021 3131 3344 3416 3871 3994 4811 4930 5558 5831 6017 6561 
#module 88 size: 22 bs: 0.583394
75 515 858 1057 1186 1440 1507 1710 2015 2363 2964 2999 3101 4564 4690 4883 4884 5232 5233 5351 5865 6052 
#module 89 size: 10 bs: 0.583689
824 1574 2025 2804 3981 4177 4594 6077 6259 6456 
#module 90 size: 30 bs: 1.04238
179 1272 1725 2149 2266 2331 2365 2417 2489 2565 2623 2907 2929 3270 3306 3767 3931 4176 4336 4359 4509 4526 5164 5728 5756 6175 6354 6431 6468 6613 
#module 91 size: 8 bs: 1.00491
2379 4233 4544 4926 5886 6630 6710 6827 
#module 92 size: 13 bs: 0.556084
1374 1729 2281 2438 3580 3711 3960 4284 4841 4885 5131 6338 6616 
#module 93 size: 15 bs: 0.870595
556 756 1416 2175 2193 2465 2598 3500 3571 4450 4548 4801 4841 5199 6502 
#module 94 size: 15 bs: 0.44596
228 406 496 842 1214 2032 3603 4500 4700 5048 5114 5199 5402 6153 6814 
#module 95 size: 11 bs: 0.609453
1581 2681 3420 5011 5296 5875 5973 6313 6543 6593 6819 
#module 96 size: 22 bs: 0.120108
744 969 1140 2437 3184 3293 3549 3679 4156 4320 4566 5064 5242 5417 5600 5784 5862 5863 6287 6581 6791 6894 
#module 97 size: 10 bs: 0.659692
339 599 618 2436 4214 4307 4969 5726 6383 6789 
#module 98 size: 115 bs: 0.700497
5 14 19 44 85 95 138 150 216 229 299 316 494 518 620 632 648 664 745 797 805 814 863 870 922 999 1094 1135 1200 1277 1377 1431 1544 1551 1559 1678 1688 1695 1778 1959 2006 2091 2151 2170 2250 2329 2408 2418 2443 2538 2617 2818 2860 2889 2959 3012 3022 3087 3145 3159 3196 3215 3233 3320 3337 3350 3427 3438 3443 3490 3491 3531 3537 3588 3595 3618 3649 3973 3998 4070 4090 4118 4310 4485 4497 4517 4622 4654 4719 4791 4845 4847 5171 5196 5265 5271 5376 5539 5569 5637 5716 5793 5855 5992 6166 6170 6203 6330 6357 6404 6567 6777 6855 6864 6873 
#module 99 size: 15 bs: 0.740002
134 206 678 1092 1541 1782 1812 1815 1965 2037 2964 3996 5377 5891 6616 
#module 100 size: 15 bs: 0.118246
713 853 1204 1257 1405 1494 1707 2002 2579 2596 3158 4671 4923 4924 5462 
#module 101 size: 12 bs: 0.553742
1012 1686 2380 2883 4456 4667 4770 5556 5800 6297 6561 6718 
#module 102 size: 13 bs: 1.09833
323 1088 1173 1651 3136 3458 4984 5017 5226 5695 6128 6569 6771 
#module 103 size: 44 bs: 0.331375
192 378 429 430 687 751 872 990 1016 1639 1658 1677 1948 2230 2324 2522 2641 3218 3389 3589 3606 3611 3777 3796 3936 4013 4190 4225 4606 4617 4689 5194 5243 5340 5343 5389 5678 5805 5916 6028 6135 6318 6348 6560 
#module 104 size: 19 bs: 1.04292
160 1478 1747 2436 2684 2966 3420 3832 3975 4138 5593 5725 5885 5894 6001 6104 6458 6609 6615 
#module 105 size: 17 bs: 0.810299
188 390 719 857 966 1202 1995 2064 2377 3114 3417 3430 3789 5164 5538 5754 6670 
#module 106 size: 17 bs: 0.271015
607 715 871 883 1165 1179 1197 1349 1793 2154 2252 2259 3221 3712 4741 4833 5420 
#module 107 size: 16 bs: 0.937718
541 660 748 1699 1891 2470 2842 2894 3818 4547 4706 5593 5688 5799 6238 6394 
#module 108 size: 31 bs: 1.08855
380 892 965 1127 1132 1167 1170 1171 1172 1175 1180 1181 1356 1806 1906 2635 2731 2904 2910 3738 4272 4276 5069 5471 5555 5655 6064 6146 6158 6518 6589 
#module 109 size: 20 bs: 0.673893
916 1008 1716 1940 2458 2551 2552 2635 2663 4011 4790 5277 5321 5323 5408 5564 5995 6075 6408 6918 
#module 110 size: 12 bs: 0.370513
296 1459 1577 2117 2391 2724 2731 3268 3328 3633 3917 5342 
#module 111 size: 18 bs: 0.223338
88 583 828 1059 1573 1847 2334 2990 3274 4401 4837 5031 5210 5447 5454 5459 5488 6062 
#module 112 size: 14 bs: 0.194812
124 227 852 1245 1555 1681 1891 3620 4482 5025 5253 5319 5464 6310 
#module 113 size: 17 bs: 1.09057
154 717 740 1191 2234 2750 2969 3242 3314 3894 4303 5135 5319 5421 5963 6133 6917 
#module 114 size: 97 bs: 0.881472
59 104 145 182 430 592 789 879 1025 1049 1183 1304 1391 1392 1401 1452 1454 1658 1693 1714 1743 1750 1882 1890 1904 1913 1916 1927 1938 1948 2068 2072 2098 2172 2179 2248 2254 2324 2364 2394 2434 2522 2560 2563 2564 2641 2728 2754 2778 2935 3053 3204 3224 3295 3357 3359 3493 3550 3657 3727 3735 4021 4041 4114 4406 4420 4528 4535 4536 4582 4738 4784 4856 4893 4934 4938 5092 5503 5511 5591 5678 5710 5723 5856 5944 5948 6031 6100 6109 6256 6370 6453 6558 6703 6742 6861 6877 
#module 115 size: 8 bs: 1.02388
815 1805 2179 3198 3273 4222 4651 6063 
#module 116 size: 36 bs: 0.146492
339 534 1007 1158 1311 1555 1590 1746 2444 2480 2610 2724 2964 3027 3081 3177 3201 3503 3553 3765 3826 3964 4462 4525 4804 4873 5318 5757 5902 6115 6390 6479 6610 6643 6822 6846 
#module 117 size: 92 bs: 0.850009
87 272 276 305 393 421 446 493 514 538 684 1038 1053 1082 1114 1178 1194 1360 1466 1509 1528 1619 1676 1684 1744 1745 1875 2008 2164 2180 2196 2263 2345 2574 2629 2645 2740 2746 2752 2753 2794 2795 2849 3110 3140 3160 3235 3244 3298 3374 3472 3484 3575 3727 3748 3791 3831 3849 3905 3918 4033 4044 4340 4379 4520 4537 4593 4605 4670 4722 4806 4814 4816 4840 4868 5264 5489 5513 5518 5533 5562 5850 5920 5980 6375 6379 6438 6527 6650 6690 6733 6802 
#module 118 size: 63 bs: 0.195107
126 148 314 453 551 613 937 978 1039 1041 1043 1051 1053 1056 1058 1575 1612 1674 1740 1934 1946 1958 2130 2147 2162 2202 2207 2210 2260 2385 2848 2958 2973 3068 3326 3419 3440 3763 3821 3899 4040 4551 4612 4647 4662 4809 4903 4981 5187 5341 5607 5689 5747 5783 5836 6117 6322 6419 6511 6694 6790 6828 6915 
#module 119 size: 28 bs: 0.722199
948 1090 1501 1561 2122 2245 2349 2441 2554 2637 2661 2672 2708 2726 3004 3216 3557 4014 4055 4308 5184 5223 5348 5490 5563 5725 6593 6646 
#module 120 size: 35 bs: 0.425416
29 214 291 336 381 569 919 1112 1210 1351 1761 1771 1796 1928 1948 2048 2360 2941 3098 3498 4029 4131 4646 4690 4732 4887 4888 4906 5003 5356 5537 6237 6546 6661 6751 
#module 121 size: 18 bs: 0.640676
332 759 977 1456 1464 1842 1899 1944 2386 2902 3147 3663 3860 4280 5502 5619 5966 6340 
#module 122 size: 22 bs: 0.680272
960 964 970 1128 1174 1176 1177 1180 1182 2084 2146 2375 2706 2749 2765 2909 3944 4538 5292 5626 5777 6492 
#module 123 size: 19 bs: 0.582926
609 1203 1501 2064 2628 2637 2672 3407 3417 3430 3789 3878 4308 4590 4754 4990 5079 5677 6882 
#module 124 size: 7 bs: 0.511288
1022 2035 2041 3016 3749 3755 5490 
#module 125 size: 91 bs: 0.355172
49 254 304 625 628 710 730 735 740 800 960 967 992 1094 1196 1211 1213 1222 1265 1347 1358 1434 1502 1508 1515 1695 1910 1935 1988 2004 2065 2114 2143 2157 2161 2187 2220 2235 2273 2506 2682 2736 2814 2837 2873 2917 3119 3153 3212 3284 3289 3312 3339 3613 3737 3815 3869 3876 4018 4055 4151 4338 4602 4705 4810 4864 4886 4891 4973 4997 5319 5393 5450 5468 5589 5639 5661 5681 5742 5752 5887 5955 6059 6078 6083 6366 6384 6414 6545 6549 6750 
#module 126 size: 22 bs: 0.116169
42 449 626 709 1234 1572 1671 1919 2676 2685 2768 2955 3749 3903 3954 4333 4356 4869 5407 5510 5614 6268 
#module 127 size: 39 bs: 0.738768
338 341 562 830 976 1097 1369 1606 1679 1712 2314 2315 3682 3702 3739 3751 3810 3902 3915 4016 4112 4293 4368 4372 4447 4579 4595 4756 4758 4936 5439 5634 5923 5976 6235 6270 6594 6603 6905 
#module 128 size: 61 bs: 1.05805
7 105 361 434 596 657 682 841 874 945 1004 1109 1230 1331 1435 1442 1486 1549 1554 1758 2018 2216 2515 2682 2712 2807 2824 2829 2979 3044 3065 3279 3281 3394 3521 3882 3885 4516 4683 4747 5182 5269 5298 5440 5453 5480 5665 5872 6010 6054 6058 6111 6141 6163 6204 6306 6378 6531 6649 6738 6847 
#module 129 size: 70 bs: 0.432075
23 57 132 214 215 296 342 372 479 555 582 647 738 763 851 909 1219 1342 1403 1490 1580 1752 1772 1829 1880 1950 1966 1976 2022 2129 2133 2208 2287 2347 2354 2448 2493 2589 2775 2834 3249 3335 3358 3527 3917 3984 4001 4106 4567 4589 4619 4627 4634 4723 4735 4821 5156 5342 5481 5650 5809 5874 5889 5938 6199 6427 6478 6497 6500 6651 
