#module 0 size: 35 bs: 0.806687
61 67 68 108 150 181 185 188 221 228 236 280 286 309 313 324 334 344 362 376 380 389 391 401 404 425 452 455 505 506 550 559 577 580 605 
#module 1 size: 68 bs: 0.231692
25 30 46 64 66 71 75 79 83 96 102 120 127 146 159 163 166 168 177 190 202 206 208 210 211 222 224 229 239 242 247 251 254 256 276 281 287 289 291 387 397 402 404 413 415 437 439 441 473 487 493 494 497 511 512 513 524 538 541 546 550 551 555 574 576 587 595 605 
#module 2 size: 17 bs: 0.460634
18 31 54 174 180 265 314 335 338 407 450 502 503 557 571 581 585 
#module 3 size: 39 bs: 0.244681
4 17 23 33 55 121 138 144 153 157 176 182 194 203 204 209 226 243 260 284 288 329 333 354 359 364 377 400 412 417 429 498 500 520 529 544 549 558 591 
#module 4 size: 36 bs: 0.865086
105 109 122 139 173 195 227 230 232 250 257 267 282 286 298 299 313 317 330 342 347 349 365 388 390 470 471 480 491 531 534 565 573 594 596 604 
#module 5 size: 28 bs: 0.587582
27 32 40 60 112 209 219 220 234 235 236 240 246 250 275 282 284 288 318 320 344 367 418 423 440 448 533 562 
#module 6 size: 28 bs: 0.63334
3 13 20 35 70 80 104 128 145 161 171 187 244 259 296 297 301 304 381 407 416 434 438 459 466 507 543 544 
#module 7 size: 13 bs: 0.12871
9 101 126 238 269 285 409 461 517 568 578 579 598 
#module 8 size: 28 bs: 0.392118
3 13 16 92 124 135 179 196 221 244 277 298 316 332 351 432 436 449 454 468 483 484 485 488 526 528 556 599 
#module 9 size: 32 bs: 0.177153
14 29 36 38 62 77 95 154 214 253 255 279 295 325 337 339 382 410 428 447 455 458 462 483 490 522 527 540 560 561 562 607 
#module 10 size: 62 bs: 0.413656
7 44 48 49 52 53 73 81 84 86 94 106 107 115 116 117 131 132 134 155 165 189 193 197 198 205 218 223 225 249 268 270 272 283 294 308 321 323 327 331 350 352 370 374 379 387 399 433 464 473 489 499 504 535 539 542 551 554 567 593 600 601 
#module 11 size: 40 bs: 0.571517
45 47 91 98 129 137 147 191 197 207 212 218 261 272 310 319 355 356 358 375 396 403 464 465 469 476 477 482 518 519 530 547 554 563 570 575 582 584 586 588 
#module 12 size: 22 bs: 0.98435
41 125 136 143 148 175 184 216 217 248 341 350 363 378 383 399 430 480 508 552 584 590 
#module 13 size: 93 bs: 1.07411
2 11 12 19 34 43 50 56 59 69 72 74 82 84 85 90 93 97 100 103 111 113 119 123 132 133 142 151 152 155 160 178 192 199 237 249 252 258 271 292 300 302 303 306 307 312 315 322 326 328 336 343 345 348 368 369 372 386 392 393 394 405 406 408 411 414 421 435 445 453 472 474 478 479 481 486 489 492 495 496 501 509 515 523 536 537 548 553 566 589 601 602 603 
#module 14 size: 36 bs: 0.860746
1 21 28 37 42 63 87 88 99 107 130 167 233 264 305 311 315 340 357 383 398 419 426 443 446 456 457 467 474 475 516 545 552 569 572 597 
#module 15 size: 43 bs: 0.137517
5 10 22 26 39 58 65 76 78 110 126 140 141 169 170 201 215 262 263 266 273 290 346 353 360 361 371 373 385 395 420 422 424 431 442 444 459 460 510 525 532 583 606 
#module 16 size: 42 bs: 0.919298
3 6 8 15 24 35 51 57 89 114 118 128 149 156 158 162 164 172 183 186 200 213 214 231 241 245 274 278 293 346 366 384 427 428 451 458 463 514 521 564 568 592 
