#module 0 size: 3 bs: 1.39858e-101
241 459 907 
#module 1 size: 2 bs: 2.20521e-06
496 594 
#module 2 size: 6 bs: 5.00864e-08
34 117 396 621 636 831 
#module 3 size: 3 bs: 1.16049e-10
29 59 938 
#module 4 size: 6 bs: 0.0879819
10 287 395 650 719 881 
#module 5 size: 3 bs: 1.51656e-13
347 502 607 
#module 6 size: 3 bs: 0.0055026
307 754 875 
#module 7 size: 7 bs: 0.0004941
296 365 375 473 651 785 973 
#module 8 size: 5 bs: 8.70248e-08
35 64 74 289 894 
#module 9 size: 10 bs: 3.93016e-05
39 48 415 528 529 725 772 778 834 925 
#module 10 size: 4 bs: 1.14057e-05
207 329 738 842 
#module 11 size: 5 bs: 9.38336e-101
41 154 495 601 788 
#module 12 size: 5 bs: 1.98175e-13
712 860 888 901 959 
#module 13 size: 4 bs: 9.16466e-101
54 252 394 592 
#module 14 size: 8 bs: 1.16788e-101
13 135 328 380 432 473 502 766 
#module 15 size: 3 bs: 4.58445e-101
593 771 884 
#module 16 size: 6 bs: 1.28348e-101
116 406 459 498 699 746 
#module 17 size: 8 bs: 0.378957
118 202 330 597 652 832 846 900 
#module 18 size: 18 bs: 1.09751
8 17 79 144 197 417 519 558 655 692 728 732 813 849 939 948 953 959 
#module 19 size: 6 bs: 0.914905
36 204 433 726 949 981 
#module 20 size: 8 bs: 0.609015
260 584 628 664 776 844 922 962 
#module 21 size: 17 bs: 0.482726
177 223 253 286 292 405 416 486 488 547 682 779 798 817 823 843 854 
#module 22 size: 7 bs: 0.304084
27 95 342 621 759 815 831 
#module 23 size: 3 bs: 0.232142
309 338 968 
#module 24 size: 13 bs: 0.656287
56 95 102 136 206 226 232 257 466 616 852 891 941 
#module 25 size: 14 bs: 0.631011
26 119 123 143 196 220 263 301 497 786 836 912 931 960 
#module 26 size: 4 bs: 0.820309
388 437 505 625 
#module 27 size: 9 bs: 0.700784
100 131 299 477 492 632 677 755 876 
#module 28 size: 26 bs: 0.781981
31 67 113 159 201 209 253 283 325 350 389 402 479 515 530 574 676 706 715 720 723 814 910 956 972 977 
#module 29 size: 8 bs: 0.321005
349 369 394 663 671 840 847 982 
#module 30 size: 4 bs: 0.283204
229 341 576 740 
#module 31 size: 7 bs: 0.851743
440 508 538 577 614 623 862 
#module 32 size: 4 bs: 0.955793
126 219 791 889 
#module 33 size: 4 bs: 0.192526
252 269 404 870 
#module 34 size: 10 bs: 0.499163
16 88 174 298 386 533 618 714 805 816 
#module 35 size: 5 bs: 0.757677
1 110 436 705 809 
#module 36 size: 8 bs: 0.474003
222 485 575 587 590 597 629 930 
#module 37 size: 8 bs: 0.257048
307 311 393 501 514 522 689 876 
#module 38 size: 8 bs: 0.611366
114 487 555 710 747 842 974 975 
#module 39 size: 4 bs: 0.379807
28 76 434 829 
#module 40 size: 11 bs: 0.615442
85 87 167 276 367 412 566 595 680 776 858 
#module 41 size: 39 bs: 0.636995
4 20 21 57 69 86 120 133 139 171 182 199 214 221 302 310 323 351 438 439 450 476 482 544 556 585 612 642 644 653 729 739 800 880 899 902 915 980 984 
#module 42 size: 12 bs: 0.963675
3 24 26 93 147 251 272 344 394 428 589 919 
#module 43 size: 5 bs: 1.00648
243 420 751 774 920 
#module 44 size: 13 bs: 1.04558
127 140 148 181 249 268 304 407 418 589 767 804 830 
#module 45 size: 8 bs: 0.63605
160 344 445 499 507 610 711 877 
#module 46 size: 15 bs: 0.718457
281 339 368 370 401 453 456 550 617 709 730 856 897 937 950 
#module 47 size: 4 bs: 0.949509
321 385 446 918 
#module 48 size: 8 bs: 0.759471
387 419 553 658 678 800 971 978 
#module 49 size: 5 bs: 0.264189
422 599 704 855 909 
#module 50 size: 5 bs: 0.144573
183 518 572 736 906 
#module 51 size: 11 bs: 0.481972
85 125 198 414 435 529 534 621 631 640 963 
#module 52 size: 5 bs: 1.03348
324 540 664 781 802 
#module 53 size: 11 bs: 0.566871
7 43 109 236 247 507 512 523 606 744 934 
#module 54 size: 10 bs: 0.451035
54 68 83 235 297 478 492 684 876 927 
#module 55 size: 10 bs: 0.802973
80 89 129 473 643 696 793 865 868 887 
#module 56 size: 9 bs: 0.498764
169 226 240 384 423 424 516 630 639 
#module 57 size: 9 bs: 0.646665
37 63 145 279 345 427 623 756 792 
#module 58 size: 8 bs: 0.148021
228 244 264 461 531 799 808 862 
#module 59 size: 16 bs: 0.164329
124 176 212 238 248 296 421 444 483 707 708 765 848 872 895 929 
#module 60 size: 14 bs: 0.403881
38 153 160 164 189 227 228 580 591 667 670 801 833 901 
#module 61 size: 5 bs: 0.997554
142 290 306 510 669 
#module 62 size: 15 bs: 0.349019
43 47 73 161 225 259 319 409 458 525 573 672 675 785 876 
#module 63 size: 5 bs: 0.900047
211 500 527 704 835 
#module 64 size: 7 bs: 0.228025
49 150 158 381 867 906 936 
#module 65 size: 13 bs: 0.751938
5 121 149 156 379 382 542 741 775 913 923 935 943 
#module 66 size: 12 bs: 0.61947
103 313 335 346 467 471 583 622 657 716 742 893 
#module 67 size: 9 bs: 0.158789
58 65 162 245 291 469 524 656 717 
#module 68 size: 10 bs: 0.785738
12 224 326 411 474 703 722 743 795 886 
#module 69 size: 7 bs: 0.222619
15 140 180 314 444 782 873 
#module 70 size: 6 bs: 0.958433
111 426 465 554 768 866 
#module 71 size: 9 bs: 0.104822
22 27 202 284 330 366 810 869 900 
#module 72 size: 14 bs: 0.659136
41 46 128 173 184 215 230 237 360 498 511 601 697 734 
#module 73 size: 9 bs: 1.06784
70 175 620 635 713 788 903 928 964 
#module 74 size: 5 bs: 0.529034
30 146 372 429 985 
#module 75 size: 8 bs: 0.657121
48 60 80 107 130 578 685 807 
#module 76 size: 9 bs: 0.867245
98 99 132 231 378 481 503 557 570 
#module 77 size: 12 bs: 0.592304
32 91 97 293 441 447 472 535 694 780 796 976 
#module 78 size: 6 bs: 0.239059
246 484 647 648 774 983 
#module 79 size: 17 bs: 0.574379
14 112 115 134 137 188 192 243 288 337 377 517 611 679 748 754 770 
#module 80 size: 12 bs: 0.326343
92 141 194 234 275 470 480 494 596 841 851 861 
#module 81 size: 8 bs: 1.03128
81 218 397 460 600 633 750 904 
#module 82 size: 12 bs: 0.826064
6 23 72 82 165 319 534 631 803 853 885 974 
#module 83 size: 10 bs: 0.475695
62 158 295 352 572 604 641 695 831 933 
#module 84 size: 7 bs: 0.920441
103 403 452 541 665 825 826 
#module 85 size: 7 bs: 0.854096
26 49 354 483 536 559 598 
#module 86 size: 11 bs: 0.995309
152 179 195 255 277 296 316 362 463 837 979 
#module 87 size: 16 bs: 0.761956
11 83 87 149 196 280 294 300 312 399 475 605 673 690 806 917 
#module 88 size: 8 bs: 0.551861
2 348 400 430 444 455 456 683 
#module 89 size: 6 bs: 0.12534
239 336 561 686 702 818 
#module 90 size: 7 bs: 1.0472
168 258 285 568 619 659 894 
#module 91 size: 4 bs: 0.112762
282 637 769 820 
#module 92 size: 6 bs: 0.732322
108 178 187 391 624 916 
#module 93 size: 5 bs: 0.36273
151 215 581 634 718 
#module 94 size: 7 bs: 0.326052
210 213 217 419 442 850 933 
#module 95 size: 12 bs: 0.387856
25 33 170 203 226 261 271 355 449 454 502 545 
#module 96 size: 6 bs: 0.987653
43 256 451 562 565 571 
#module 97 size: 20 bs: 0.868358
105 266 270 296 322 334 371 383 413 425 430 500 549 731 752 789 857 882 901 914 
#module 98 size: 5 bs: 0.898194
539 560 760 871 967 
#module 99 size: 9 bs: 0.899951
155 340 356 359 392 564 579 890 901 
#module 100 size: 10 bs: 0.719011
51 90 293 398 447 532 773 831 859 958 
#module 101 size: 8 bs: 0.649853
196 332 543 701 811 845 932 987 
#module 102 size: 17 bs: 0.366556
71 75 250 340 357 464 582 616 645 733 761 787 824 863 864 898 905 
#module 103 size: 12 bs: 0.913852
19 273 457 506 552 602 615 618 745 878 908 926 
#module 104 size: 8 bs: 1.06142
84 101 163 254 462 567 608 784 
#module 105 size: 7 bs: 0.373511
363 443 447 509 613 654 753 
#module 106 size: 8 bs: 0.324339
77 265 274 317 333 569 662 921 
#module 107 size: 8 bs: 0.911921
191 263 303 374 504 526 551 609 
#module 108 size: 18 bs: 0.377729
62 172 200 305 373 376 546 604 646 688 698 749 757 764 812 869 892 933 
#module 109 size: 14 bs: 0.541602
94 96 106 205 343 345 513 537 638 661 681 724 822 911 
#module 110 size: 30 bs: 0.634244
9 42 45 50 55 61 66 104 166 315 318 331 353 408 410 431 493 521 586 588 597 603 666 674 700 839 879 896 942 966 
