#module 0 size: 6 bs: 8.47227e-09
3817 4587 5099 6617 8412 8860 
#module 1 size: 4 bs: 0.00614685
1105 1277 1650 6329 
#module 2 size: 3 bs: 7.8747e-102
218 4752 4753 
#module 3 size: 3 bs: 0.00097143
4461 6514 7727 
#module 4 size: 7 bs: 2.74075e-05
1274 1275 2955 4294 6514 6652 9007 
#module 5 size: 8 bs: 0.00150821
302 364 1707 4926 7327 9813 11556 12475 
#module 6 size: 2 bs: 8.6285e-101
2950 7426 
#module 7 size: 4 bs: 2.39808e-14
225 568 3162 8666 
#module 8 size: 4 bs: 7.77156e-16
2169 3021 3855 8394 
#module 9 size: 2 bs: 2.60959e-07
961 4100 
#module 10 size: 5 bs: 7.75396e-101
6848 7235 9548 11372 11639 
#module 11 size: 2 bs: 1.47641e-09
2886 2887 
#module 12 size: 2 bs: 5.39567e-08
4590 4718 
#module 13 size: 13 bs: 2.13067e-101
1376 1714 2371 2741 3348 3544 3559 4868 5962 7559 8195 8440 11011 
#module 14 size: 4 bs: 3.32731e-11
100 8601 9871 10249 
#module 15 size: 5 bs: 0.000401198
428 451 1226 4676 4766 
#module 16 size: 11 bs: 1.52533e-08
767 1030 1612 2101 2610 3403 3742 5073 6883 7565 10908 
#module 17 size: 5 bs: 0.00155696
260 2844 4763 6604 10929 
#module 18 size: 3 bs: 1.19835e-10
6132 6345 6347 
#module 19 size: 7 bs: 9.28756e-102
2819 6316 7792 7793 7996 8812 9048 
#module 20 size: 8 bs: 2.64837e-101
1313 2621 2789 4632 7493 8490 9308 9593 
#module 21 size: 15 bs: 0.00980596
1087 2711 2898 3412 4194 4646 5069 5156 5191 6116 6195 6291 6766 10875 11551 
#module 22 size: 2 bs: 0.0423286
704 6107 
#module 23 size: 12 bs: 0.00646755
499 3431 4529 7498 8887 8916 9415 9429 10047 10156 10181 10267 
#module 24 size: 3 bs: 9.67952e-05
2633 3421 3444 
#module 25 size: 2 bs: 0.0138798
1791 8349 
#module 26 size: 5 bs: 3.21091e-101
5867 7892 8857 10447 11482 
#module 27 size: 3 bs: 4.59852e-101
2448 3385 3386 
#module 28 size: 7 bs: 5.57965e-12
2387 5684 6870 6871 8224 8293 9960 
#module 29 size: 3 bs: 2.13811e-10
2379 4641 12663 
#module 30 size: 10 bs: 2.0095e-14
345 1993 3204 3205 4469 11308 11353 11355 11664 11719 
#module 31 size: 8 bs: 7.12814e-07
2457 2643 7557 7775 7776 10875 11143 11196 
#module 32 size: 6 bs: 1.01991e-09
2778 3767 4341 6132 6335 10825 
#module 33 size: 4 bs: 4.05231e-14
1650 3131 5381 7513 
#module 34 size: 3 bs: 9.99201e-16
3978 4185 7592 
#module 35 size: 7 bs: 1.28917e-101
349 1293 7658 9007 10195 11143 12088 
#module 36 size: 12 bs: 8.90284e-101
211 510 2089 2835 3410 3459 5708 6983 7728 9002 11142 11152 
#module 37 size: 5 bs: 2.86102e-05
1358 3582 3583 3654 6820 
#module 38 size: 5 bs: 4.42786e-101
3206 3207 4539 7398 10834 
#module 39 size: 5 bs: 1.60992e-10
977 2055 5360 6365 11261 
#module 40 size: 6 bs: 5.62348e-101
1535 2421 7041 8529 10981 12613 
#module 41 size: 6 bs: 0.00803541
497 2697 3768 5877 6969 8425 
#module 42 size: 4 bs: 0.000104174
5460 6071 10145 10239 
#module 43 size: 3 bs: 0.000195391
1648 3186 10904 
#module 44 size: 5 bs: 5.83803e-101
528 2004 6723 8559 12293 
#module 45 size: 7 bs: 1.59406e-12
1003 2789 6809 8708 10103 10267 11171 
#module 46 size: 5 bs: 3.41861e-07
528 2134 3818 5581 8330 
#module 47 size: 17 bs: 0.0397515
714 1854 2959 3354 4440 4716 6235 6478 6765 6768 7409 8186 9409 9752 10114 10518 13010 
#module 48 size: 5 bs: 0.0139277
278 2193 5400 6900 9288 
#module 49 size: 8 bs: 7.46362e-101
529 977 4475 5918 6275 8011 9688 12790 
#module 50 size: 21 bs: 2.28649e-101
1433 3827 3837 4168 4172 4693 5420 5604 5694 5702 6082 6144 6166 6692 7057 7453 7773 8079 9389 9942 10223 
#module 51 size: 10 bs: 0.000620953
32 1846 2559 3612 3949 5504 6944 9594 9688 9876 
#module 52 size: 13 bs: 0.000572999
1208 1383 1751 2481 2969 3272 5973 6864 7406 8278 9944 12095 12291 
#module 53 size: 21 bs: 0.0538735
32 1572 1865 3095 3857 3949 4940 5060 5441 5504 6436 6482 6659 7373 7896 9006 9175 9576 9594 9981 10201 
#module 54 size: 4 bs: 3.0832e-12
3369 3686 5064 5447 
#module 55 size: 9 bs: 1.33227e-15
828 1876 1902 2090 3160 6621 9523 11261 11513 
#module 56 size: 25 bs: 0.0060383
369 452 995 1748 1935 2716 3716 4480 4642 5295 5501 6046 6118 6982 7361 7815 8128 8399 8669 8790 8946 9072 9368 9662 10328 
#module 57 size: 3 bs: 0.0507583
637 972 10292 
#module 58 size: 33 bs: 0.0229553
181 467 934 1703 2516 3175 3921 4014 4064 4142 4360 4450 4876 5412 5470 6408 6764 7008 7043 7274 7299 8274 8728 9167 9936 10234 10300 10469 10549 10659 10826 10902 12575 
#module 59 size: 8 bs: 9.53475e-101
16 161 364 3415 5918 6957 10202 10525 
#module 60 size: 6 bs: 3.10973e-13
292 1254 1880 3624 8615 11482 
#module 61 size: 9 bs: 8.86357e-102
2109 2785 3301 4420 4782 5461 9578 10461 11157 
#module 62 size: 16 bs: 0.000252117
306 1200 2860 2964 3387 3676 4011 4525 4999 5273 6218 6477 6937 8600 10605 10639 
#module 63 size: 3 bs: 1.4846e-08
3334 8106 9878 
#module 64 size: 6 bs: 3.33067e-16
859 1348 4058 5064 5159 8311 
#module 65 size: 13 bs: 0.0222088
1008 2270 2436 3472 3533 4618 5086 5566 5925 6504 8645 9906 12891 
#module 66 size: 61 bs: 0.0148101
379 602 1122 1430 1743 1749 2145 2328 2553 2767 2801 2847 3050 3397 3569 3613 3811 5499 5578 5662 5733 5769 5817 5857 5885 6229 6286 6297 6538 6777 6985 7015 7050 7154 7434 7435 7442 7506 7564 7629 8351 8372 8580 8967 9173 9178 9214 9310 9380 9870 10041 10060 10123 10557 10862 11006 11206 11245 11447 12019 12297 
#module 67 size: 26 bs: 0.0260119
562 1253 1452 1474 1689 1969 2118 2121 3321 4157 4291 4733 5163 5357 5600 5818 5909 6598 6767 7496 8004 8200 10029 10279 10911 11053 
#module 68 size: 19 bs: 8.25325e-11
488 1023 2461 3086 3108 3624 4234 4495 5612 6402 6554 6731 7474 8326 8971 9264 9721 10694 10735 
#module 69 size: 4 bs: 0.0108386
2101 4170 5714 7809 
#module 70 size: 10 bs: 1.92674e-06
1555 1591 1597 1768 2368 2432 3485 4579 5862 8617 
#module 71 size: 18 bs: 0.760295
978 2008 2265 2924 4150 4549 4684 6468 6548 6619 7260 7385 7473 8463 8585 10392 11161 12514 
#module 72 size: 18 bs: 0.842439
260 432 508 2844 3507 3690 5997 6100 6230 6727 6909 8263 8265 8412 8957 9073 11114 12953 
#module 73 size: 3 bs: 0.446779
1117 6561 9046 
#module 74 size: 32 bs: 0.7494
226 254 925 2109 2139 2387 2858 3226 3962 5033 5345 5684 5695 6093 6100 6157 6279 6617 6623 6688 6716 6718 7635 8860 8956 10866 10869 10957 12264 12397 12602 12953 
#module 75 size: 96 bs: 0.698638
36 124 127 131 375 774 865 1276 1513 1664 1721 1785 1879 1926 1929 2027 2069 2122 2291 2467 2766 2857 2915 2927 3219 3280 3351 3395 3603 3648 3718 4584 4593 4651 4713 4719 4746 4915 4925 4978 5107 5109 5110 5198 5348 5350 5397 5425 5591 6048 6227 6307 6321 6327 6549 6724 7210 7550 7640 7728 8302 8397 8402 8439 8478 8593 8616 8714 8810 8929 8992 9030 9052 9382 9483 9700 9708 9808 9951 10021 10084 10190 10226 10242 10460 10684 10715 10765 10965 11106 11125 11711 11814 12678 12873 12937 
#module 76 size: 17 bs: 0.26726
60 508 1941 2109 3507 4335 5099 5285 6038 6230 6279 9171 10566 10954 11027 11114 12397 
#module 77 size: 5 bs: 0.364209
1135 2673 2879 3182 3789 
#module 78 size: 15 bs: 0.546508
46 1175 1183 1973 3145 4069 4169 4379 5311 5484 6384 7022 7584 8174 11104 
#module 79 size: 34 bs: 0.76294
1127 2251 2262 2284 2376 2779 2798 2945 3079 4047 4464 4654 4963 5180 5210 5217 5677 5808 6059 6308 6594 6628 7083 7794 8003 8279 8322 8443 8590 9101 9211 9863 11243 12510 
#module 80 size: 9 bs: 0.366022
898 3171 3604 4602 7802 7994 8980 9458 11178 
#module 81 size: 6 bs: 0.6283
3627 3636 5041 6155 6162 8772 
#module 82 size: 11 bs: 0.881532
3 446 608 2409 3904 4578 5346 5623 7630 7801 9408 
#module 83 size: 7 bs: 0.931285
727 827 1395 2174 3908 6098 7402 
#module 84 size: 5 bs: 1.02405
3841 4920 5428 9097 9262 
#module 85 size: 12 bs: 0.240664
101 389 1241 2058 2796 3408 3734 6293 8623 9390 9904 11143 
#module 86 size: 42 bs: 0.849742
34 106 119 244 474 542 950 1099 1246 1294 1717 4201 4412 4474 4612 4672 4952 4986 5061 5573 5653 5921 6233 6341 6892 7350 7639 8071 8074 8191 9185 9667 9669 10035 10080 10106 10691 10939 10971 11209 11582 12667 
#module 87 size: 8 bs: 0.538703
1876 2194 2391 2991 2992 6290 8581 11157 
#module 88 size: 26 bs: 0.905135
351 523 572 576 653 875 1544 1966 2480 3193 3389 3839 5186 6172 6344 6745 7114 7131 7607 7638 7839 8142 8316 8374 8398 9696 
#module 89 size: 16 bs: 0.444014
1639 2433 2778 4136 4535 5337 5685 5829 6581 7103 7869 8283 9422 9651 10974 12158 
#module 90 size: 45 bs: 0.441334
22 133 166 301 344 426 645 779 1153 1224 1301 1834 1845 2031 2136 2316 2365 2635 2681 3271 3360 3737 3822 4189 4630 5976 6057 6199 6350 6560 6883 7384 7486 8823 8896 9289 9345 9479 9964 10825 10925 11139 11338 11463 11989 
#module 91 size: 14 bs: 1.09194
2870 3240 3424 3954 4035 6376 7462 7926 8596 10014 10512 10622 11382 12995 
#module 92 size: 11 bs: 0.940746
2888 3576 4639 4920 5179 6231 6514 7780 8672 8853 9212 
#module 93 size: 47 bs: 0.362347
124 127 510 694 774 1015 1420 1635 2122 2339 2825 2835 2849 2876 2927 3128 3393 3410 3544 3872 4165 4370 4406 4811 6085 6241 6317 6869 7277 7440 7536 7551 7640 7927 8096 8440 8459 9145 9383 9394 9700 9933 10232 10604 11213 11410 11591 
#module 94 size: 13 bs: 1.05418
551 941 1634 1745 2089 2835 4084 4807 6245 7277 7278 9375 10558 
#module 95 size: 4 bs: 1.08371
256 4171 5154 8195 
#module 96 size: 11 bs: 1.08147
715 2554 3470 3996 4534 5661 6155 6684 7263 7331 8720 
#module 97 size: 5 bs: 0.325819
3260 6623 7788 9544 12447 
#module 98 size: 4 bs: 0.654387
5981 5987 7563 11446 
#module 99 size: 7 bs: 0.883811
775 1656 6231 6400 8332 9071 10930 
#module 100 size: 59 bs: 0.259821
51 121 413 506 507 556 563 655 1072 1102 1285 1297 1896 2019 2023 2599 2616 2851 3312 3332 3333 3918 3936 3958 4053 4070 4432 4682 5450 5478 5647 5863 5995 6106 6433 6442 6474 7169 7216 7264 7346 7480 7644 8139 8158 8277 8487 8744 8820 8941 9547 9743 10267 10472 10800 10885 11445 11660 12595 
#module 101 size: 40 bs: 0.755465
41 90 160 384 436 729 900 1440 1762 1901 2039 2071 2123 2780 2797 3033 3036 3422 3960 4524 4670 4866 4985 5067 5359 5676 5968 6035 6078 6084 6270 6445 6453 7374 8375 9147 9302 10040 10157 11419 
#module 102 size: 14 bs: 0.130335
453 1997 4007 4280 4917 5617 6434 6736 6952 8815 9182 9702 10333 11233 
#module 103 size: 59 bs: 0.260559
51 257 308 413 556 857 1661 1896 1975 2023 2061 2063 2176 2370 2463 2483 2630 2793 2822 3333 3510 3936 3958 3986 3990 4682 4862 4865 5451 5478 5673 6070 6106 6130 6205 7216 7480 7493 7533 7556 7644 8158 8195 8442 8487 8668 8678 9079 9120 9490 9593 10132 10174 10267 10504 10582 10800 10874 12515 
#module 104 size: 13 bs: 0.734013
1293 2802 3408 4090 4685 5051 5684 6522 7870 9341 9344 12088 12790 
#module 105 size: 9 bs: 0.163704
712 2415 2938 2958 3424 5918 6621 8934 10007 
#module 106 size: 15 bs: 0.26201
528 611 1908 2180 3463 4558 5003 5876 5997 6231 7635 7672 8541 10929 10957 
#module 107 size: 21 bs: 0.84033
107 395 811 897 1407 1454 1494 1665 2089 2778 3257 3500 3522 3917 4002 4704 6076 7837 8245 9570 12950 
#module 108 size: 16 bs: 1.0421
1007 1892 2182 2477 2929 3418 4910 5633 5963 7135 7227 7707 8069 8420 8734 10196 
#module 109 size: 15 bs: 0.519748
327 762 867 2477 3120 4020 4366 4668 4669 5417 8922 9258 10677 10779 10882 
#module 110 size: 4 bs: 0.155161
2070 6377 10199 10703 
#module 111 size: 6 bs: 0.418503
376 1825 7922 9348 9991 10781 
#module 112 size: 34 bs: 0.790262
109 147 548 652 1052 1169 1344 1662 2598 2652 3370 3442 3475 3788 3916 4303 4774 4775 4843 5057 5465 5538 5783 6198 7037 7179 7199 7286 9441 10140 10663 10868 11158 12505 
#module 113 size: 16 bs: 0.226499
161 232 824 1522 1549 4162 4407 4591 6815 6957 7522 7984 9165 10356 11388 11556 
#module 114 size: 12 bs: 1.06929
2 2130 4323 4489 5684 5878 5985 6522 6820 8934 10405 11261 
#module 115 size: 5 bs: 0.236054
2421 2941 3771 8892 9825 
#module 116 size: 5 bs: 0.820839
370 3203 5476 5512 6005 
#module 117 size: 47 bs: 0.70613
10 124 127 578 774 834 1182 1295 1613 1647 2035 2122 2187 2289 2456 2759 2825 2882 2927 3410 4282 4829 5076 5082 5292 5422 5802 6132 6349 6719 7288 7536 7634 7640 8761 9624 9679 9700 9884 9921 9986 10343 10753 10887 12609 12716 12782 
#module 118 size: 12 bs: 0.913394
124 127 2607 3468 3861 7536 8499 8696 9830 10519 11711 11814 
#module 119 size: 20 bs: 0.539106
190 206 537 1427 1481 1587 2188 2189 4091 5173 5443 6499 7883 10111 10116 10262 10643 10978 11393 11418 
#module 120 size: 17 bs: 0.608761
601 1014 1094 2455 3326 3555 4287 5489 6424 8190 8545 8622 9413 9784 10931 11571 11878 
#module 121 size: 11 bs: 0.638665
947 3810 4454 5633 7011 8154 8331 8680 9164 10883 13006 
#module 122 size: 15 bs: 0.290336
327 1726 1864 2944 2952 2969 3646 3684 5212 5430 6097 6155 6491 6828 9791 
#module 123 size: 32 bs: 1.05274
596 1036 1486 1695 1864 2160 2665 2953 2954 3649 3882 4637 5112 5379 5479 5528 5816 6359 6369 6664 6863 6884 6935 7056 7384 8234 8673 9036 9402 9540 11501 12997 
#module 124 size: 22 bs: 1.06233
812 1496 1859 2222 3356 4993 6566 6852 7102 7331 7784 8078 8346 8424 8452 8704 8716 8724 8770 9718 10629 10779 
#module 125 size: 10 bs: 0.997757
186 927 1698 3734 4686 4715 10281 10286 11572 11595 
#module 126 size: 62 bs: 0.837674
47 316 1197 1410 1464 1515 1909 2074 2111 2547 2551 2614 3054 3366 3575 3621 3640 3688 3851 3909 4448 4523 4599 4708 4806 4891 5139 5496 5700 5721 5964 6197 7167 7230 7363 7394 7429 7552 8073 8693 8711 8748 8785 8792 8828 8949 9016 9350 9391 9489 9516 9851 10124 10324 10463 10484 10693 10915 11124 12582 12667 12881 
#module 127 size: 5 bs: 0.11877
997 1499 4222 8392 8393 
#module 128 size: 16 bs: 0.111764
907 3122 3126 3600 3723 3728 4421 4991 5034 5089 5153 5880 9097 9447 10679 11147 
#module 129 size: 14 bs: 0.292625
782 896 1124 3041 4135 4400 4597 7141 9437 9438 9517 9687 9886 10206 
#module 130 size: 9 bs: 0.105709
803 2191 2958 3686 5727 7508 7674 8448 10680 
#module 131 size: 45 bs: 0.775444
209 374 491 1212 1552 1956 2066 2068 2311 2317 2367 2371 2373 2375 2378 2379 2386 2387 2418 3290 3441 3838 3913 4609 4868 4879 5017 5826 6133 6167 6386 6906 6913 8135 8749 8808 8881 9723 9891 9912 10108 10662 10803 11353 11664 
#module 132 size: 35 bs: 0.460728
188 360 516 596 721 2287 2444 2971 3113 3180 3748 3780 4227 4683 4884 5112 5674 5691 5780 6266 6340 6664 6935 6964 7010 7056 7181 7819 8389 8690 8755 8991 9611 10551 11545 
#module 133 size: 142 bs: 0.105672
95 123 359 540 692 718 862 1060 1205 1227 1305 1320 1377 1466 1483 1539 1932 1979 2024 2084 2142 2186 2188 2192 2194 2209 2212 2221 2253 2294 2406 2411 2628 2653 2855 2883 2918 2960 3017 3028 3200 3580 3776 3794 3796 3800 3847 3852 3867 3914 3989 4001 4033 4246 4429 4512 4517 4622 4631 4703 4704 4780 4948 4971 5114 5211 5221 5252 5263 5453 5492 5494 5586 5632 5707 5735 5740 5887 6174 6216 6260 6274 6300 6312 6372 6550 6567 6835 7072 7292 7316 7377 7427 7483 7504 7554 7570 7595 7735 7743 7832 7997 8309 8376 8430 8431 8771 8845 8891 8961 9091 9123 9199 9253 9338 9475 9495 9514 9594 9695 9790 9840 9998 10079 10193 10228 10296 10329 10337 10344 10433 10480 10891 10970 11069 11126 11145 11165 11664 11883 11994 12618 
#module 134 size: 13 bs: 0.779324
479 1092 2791 2963 3721 3739 4101 5117 5408 5984 6304 7741 11614 
#module 135 size: 21 bs: 0.338084
885 959 1021 1155 2097 2267 2650 3308 3340 3698 4604 4845 5068 6399 6922 7555 7746 7906 8738 8783 10550 
#module 136 size: 18 bs: 0.795971
152 373 1019 1524 1959 2470 3578 3869 4468 4588 4893 5673 5959 6025 6344 8923 9414 11635 
#module 137 size: 30 bs: 0.343091
870 1347 1874 2061 2063 2370 2793 2872 3333 3510 3834 4805 5451 5673 5783 6217 6348 7190 7253 9552 9682 10103 10174 10493 10582 10830 11042 11411 11498 12515 
#module 138 size: 33 bs: 0.894808
122 976 1042 1202 1489 2148 2472 2970 3371 3563 3662 3747 3792 3856 3963 4248 4283 4923 5402 5783 6022 6671 6694 7203 7688 8340 8737 9027 9247 9588 9957 10264 10757 
#module 139 size: 16 bs: 0.841469
849 1383 2806 3171 3403 3535 3755 4249 5973 6669 7464 10204 10240 11049 11687 11688 
#module 140 size: 23 bs: 0.591309
1347 1458 1505 1587 2961 3134 3853 4333 4341 4914 4965 5209 6132 6205 7634 7728 7817 8476 9113 10519 10568 11142 11696 
#module 141 size: 11 bs: 0.663955
579 1360 1619 1679 1896 2793 7480 7602 8257 8781 9660 
#module 142 size: 25 bs: 0.38249
430 682 1070 1168 1436 1519 1614 1743 1850 2782 3513 3630 3845 5508 5518 5602 5628 6330 7923 8563 8885 8952 9332 9637 10592 
#module 143 size: 18 bs: 0.603789
317 2067 2845 3673 4447 4458 4962 5614 5629 5646 5674 5786 7654 8070 8150 9254 10352 11400 
#module 144 size: 19 bs: 0.948061
886 1119 2695 2737 2957 3223 3341 3347 3498 6027 6573 6612 7446 8055 10210 10220 11120 11450 11966 
#module 145 size: 70 bs: 0.283798
7 21 184 820 986 1098 1219 1378 1554 1576 1616 1816 1827 1840 2242 2292 2321 2506 2676 2910 2923 2936 3116 3224 3231 3656 4126 4172 4443 4459 4735 4849 4949 5036 5047 5070 5232 5308 5339 5486 5510 5643 5752 5754 5764 5907 5952 5958 6007 6114 6673 6968 7233 7289 7494 7818 8125 8324 8442 8472 8579 8606 8855 8883 9587 9924 10250 10402 10515 12756 
#module 146 size: 22 bs: 0.67889
1001 1815 1943 1998 3118 3992 6243 6391 7118 7656 7729 7932 8475 9821 10058 10750 10793 10811 11074 11276 11576 12039 
#module 147 size: 14 bs: 0.50584
458 797 2121 4214 5408 5779 6497 7042 7492 8331 8368 8969 9410 11715 
#module 148 size: 14 bs: 0.585067
2083 2240 3373 3876 4092 5199 6464 6918 6967 8049 8788 8978 9545 10274 
#module 149 size: 25 bs: 0.877205
111 686 880 1280 1640 1689 1734 2907 3252 3297 3629 3816 4213 4430 5386 6141 7335 8608 8872 9077 9208 9795 10835 12559 12855 
#module 150 size: 36 bs: 0.347759
377 759 1351 1632 1996 2090 2132 2187 2190 2191 2195 2212 2213 2215 2219 2838 3021 3530 4778 4969 5058 5666 6285 6746 7188 7545 8396 9226 9243 9270 9378 9835 10134 10695 11029 11193 
#module 151 size: 18 bs: 0.862837
541 1690 1893 2423 2721 2834 3157 3585 4085 4096 4377 4401 4571 4572 7514 7913 7914 8728 
#module 152 size: 14 bs: 0.424001
1048 1659 2541 3964 4029 4078 4867 5792 6520 6715 8498 9300 9580 10823 
#module 153 size: 18 bs: 0.708524
361 473 2922 3961 4080 4958 5283 6177 7298 7337 7838 8032 8417 8527 10218 10881 11710 12214 
#module 154 size: 26 bs: 1.03582
144 183 590 622 1309 1712 2144 2414 2739 2749 3426 3821 4304 4800 4942 5343 5656 7954 9421 9510 9703 9734 10592 10914 10972 12670 
#module 155 size: 25 bs: 0.768502
595 705 1095 2101 2316 2352 2462 2888 3269 3484 3872 4514 5155 5461 6773 6883 7067 7958 8436 8551 9322 9819 10661 10814 11138 
#module 156 size: 12 bs: 0.573562
1634 2967 2998 3134 4522 4914 4959 7524 7525 9113 10357 12492 
#module 157 size: 7 bs: 0.39327
3212 3988 7362 7727 9034 9373 11117 
#module 158 size: 14 bs: 0.179611
575 2758 2800 4158 4779 4840 6846 7509 7918 9239 9416 10137 11142 11556 
#module 159 size: 13 bs: 0.357797
2693 4505 6329 6332 7561 8254 8531 8873 11007 11019 11436 11451 12969 
#module 160 size: 17 bs: 0.91389
550 1824 2615 2788 3040 3590 4163 4597 5415 6004 6589 6797 7194 7381 7491 9460 12249 
#module 161 size: 118 bs: 0.952717
142 329 604 673 766 833 894 938 1077 1247 1289 1296 1508 1792 1805 1866 1988 2165 2568 2638 2699 2781 2784 3137 3146 3164 3210 3277 3405 3417 3436 3452 3457 3461 3488 3502 3679 3683 3807 3816 3900 3906 3935 4006 4018 4059 4106 4160 4254 4292 4342 4355 4359 4473 4480 4509 4606 4678 4889 4918 4964 5019 5091 5197 5349 5537 5539 5585 5698 5757 5846 5949 6018 6127 6525 6535 6667 6720 6790 7113 7211 7303 7313 7314 7389 7623 7697 7814 7864 7930 7934 8046 8401 8624 8730 8803 8933 9136 9159 9294 9363 9459 9468 9807 9820 10510 10652 10730 10741 10907 10956 10995 11155 12162 12591 12642 12889 12905 
#module 162 size: 35 bs: 0.979889
174 402 547 794 1720 2493 2740 2843 3194 4630 4656 4979 5250 5464 5569 5838 6131 6154 6214 6572 6590 7051 7228 7519 7589 7612 7884 7970 8110 8445 9189 9248 9560 9717 10619 
#module 163 size: 15 bs: 1.06194
816 1237 1714 1961 2354 2842 2900 3132 4537 5279 5595 7477 8635 9343 10613 
#module 164 size: 33 bs: 0.405746
43 94 122 334 809 976 1144 2138 2649 3365 3512 3661 4005 4248 4487 4847 4901 4935 5111 5132 6014 6616 6671 6694 7360 7624 8774 9721 10264 10404 10506 10919 11379 
#module 165 size: 15 bs: 0.815639
535 824 911 2984 4712 5054 5319 5568 5633 5709 5766 8047 9165 10356 10822 
#module 166 size: 18 bs: 0.983727
400 459 773 2128 2816 3952 4293 4427 5852 6459 7772 8101 8836 9041 9162 9215 9604 10371 
#module 167 size: 43 bs: 0.733438
143 209 326 499 690 2060 2065 2073 2312 2316 2377 2378 2380 2382 2383 2384 2385 2386 2388 2446 2646 2647 3056 3132 3674 3765 3775 4077 4575 4661 4870 4878 5018 5459 6428 7318 7407 8199 8410 8483 8987 10611 11310 
#module 168 size: 9 bs: 1.01293
1552 2735 6150 6153 9246 9644 11340 12972 13006 
#module 169 size: 18 bs: 1.02823
904 1270 2408 3127 3129 3131 3135 4044 5325 5593 6132 7103 8882 8883 9422 9836 10511 10624 
#module 170 size: 25 bs: 0.224114
400 3096 5208 5295 5845 6046 6142 6731 6982 7202 7361 7649 7902 8070 8128 8399 8669 8946 9254 9376 10158 10778 11395 11541 12672 
#module 171 size: 56 bs: 0.136333
204 262 1139 1151 1170 1336 1468 1862 1872 2080 2761 2837 3007 3637 3993 4144 4520 4701 5174 5355 5405 5942 6003 6050 6077 6138 6158 6322 6528 6701 6884 7062 7181 7383 7410 7465 7537 7549 7627 7659 7689 8323 8695 8745 9399 9555 9561 9584 9768 9771 9973 10133 10142 10704 11283 12865 
#module 172 size: 31 bs: 0.151351
113 1066 1425 1654 1770 3276 3733 3786 4137 4236 4446 5085 5194 6063 7036 8127 8791 9457 9658 9677 9935 10119 10532 10982 11031 11118 11120 11269 11558 11576 12514 
#module 173 size: 27 bs: 0.100954
29 207 1383 1771 1937 1946 3552 3554 3763 3781 3891 4071 4072 4119 4826 5259 6254 6255 7215 8111 8722 8759 8910 9761 10631 10791 10851 
#module 174 size: 18 bs: 0.179299
203 205 1894 2786 2787 4218 5156 5712 6261 7573 7703 8434 8506 8827 9745 10068 10096 10413 
#module 175 size: 29 bs: 0.299732
231 261 1928 1955 2095 2640 2713 2768 3715 3854 4217 4814 5445 6361 6971 7304 7472 7615 8075 8299 8562 8671 8736 8813 9442 10098 11429 11733 12514 
#module 176 size: 10 bs: 0.130227
192 1149 2730 6268 6834 7561 8305 8968 10654 10672 
#module 177 size: 17 bs: 0.262743
1302 1408 2393 2645 3107 3342 4115 4958 5046 5753 7739 7853 7854 8387 9694 11191 12867 
#module 178 size: 34 bs: 0.248974
355 790 1174 1187 1902 1924 2216 2574 2764 2852 3160 3169 3599 4480 5008 5168 5331 5367 5937 6338 6416 6553 6782 7358 7439 8386 8555 8571 8683 9598 9873 10213 11111 11112 
#module 179 size: 24 bs: 0.350185
521 1891 1920 2110 2677 2880 3130 3853 4035 4046 4054 4092 4649 5280 5511 5515 5993 6023 7256 8084 8466 9047 9298 10617 
#module 180 size: 35 bs: 0.611028
708 839 878 1278 1915 2441 2627 2637 3196 3327 3946 3955 3995 4286 4367 4389 4952 5140 5559 5659 5811 7127 7441 7454 7476 7711 7758 9113 9138 9546 10354 10445 10717 11712 12577 
#module 181 size: 115 bs: 0.348672
64 159 172 191 274 280 606 618 687 698 953 1039 1103 1257 1316 1567 1569 1618 1686 1687 1697 1722 1729 1819 1919 1927 1981 2060 2103 2461 2508 2635 2846 2854 2862 2956 2980 3320 3449 3464 3587 3736 3772 3793 3865 3883 3932 4073 4244 4270 4345 4540 4636 4665 4705 4762 4824 4887 4966 5185 5242 5429 5691 5856 6181 6250 6344 6443 6451 6531 6534 7006 7040 7166 7391 7571 7684 7736 7834 7856 7861 7938 7989 8012 8437 8628 8654 8710 8743 8802 8971 8990 9045 9066 9075 9111 9202 9209 9325 9417 9622 9754 10019 10130 10209 10321 10707 10712 10899 11083 11142 11150 11169 11265 11266 
#module 182 size: 37 bs: 0.485484
532 1968 2130 2133 3111 3166 3493 4200 4339 4340 4920 5773 5875 6209 6522 7255 7289 8453 8492 8531 8536 8556 8656 8893 9290 9816 10829 11037 11058 11070 11084 11137 11279 11308 12302 12969 13004 
#module 183 size: 44 bs: 0.449801
103 220 397 635 1115 1439 1741 1976 2168 2184 2252 2275 3147 3148 3149 3418 3756 4856 4860 5251 5266 6256 7255 7383 7657 7858 8030 8328 8504 9255 9287 9666 9821 9894 10238 10382 10746 11038 11048 11311 12488 12602 12697 12843 
#module 184 size: 45 bs: 0.389927
804 1206 2100 2106 2206 2700 2951 3057 3088 3114 3124 3239 3303 3477 3502 3966 4358 4400 5131 5765 5908 5933 6226 6563 6601 7142 7534 8054 8171 8558 9275 9361 9524 9662 9969 10291 10388 10733 11118 11121 11127 11424 11554 12514 12635 
#module 185 size: 48 bs: 0.998809
137 159 1257 1564 1569 1693 1980 2137 2635 2758 3565 3744 3828 3895 4227 4472 4495 4508 4529 4615 4945 5015 5336 5341 5438 5854 5856 5951 6092 6336 6370 6586 7013 7420 7424 7736 7822 7826 7988 8565 8931 9013 9209 9529 9712 10209 10309 11188 
#module 186 size: 44 bs: 0.74666
35 213 442 465 983 985 1740 2829 2967 2983 3198 3212 3214 3511 3550 3609 3759 4419 4674 4758 5387 5538 5576 5737 6481 6511 6658 6744 7174 7597 7614 8261 8557 8762 8876 9026 9502 9979 10362 10574 10734 10894 11448 11491 
#module 187 size: 132 bs: 0.341181
28 68 180 315 352 482 793 853 963 996 1086 1125 1147 1204 1411 1476 1577 1599 1624 1643 1706 1708 1735 1907 1918 2001 2114 2157 2272 2389 2525 2753 2783 2866 2937 3129 3139 3247 3474 3478 3490 3502 3524 3589 3647 3708 3732 3782 3805 3824 3902 4012 4143 4174 4316 4334 4366 4371 4435 4477 4577 4772 4815 4873 5020 5040 5084 5141 5229 5277 5281 5365 5396 5526 5806 5824 5836 5919 6212 6314 6415 6507 6639 7330 7480 7481 7591 7608 7683 7705 7797 7799 7857 7888 8016 8051 8285 8407 8435 8442 8494 8789 8852 8901 8935 8947 9009 9082 9089 9144 9272 9360 9589 9929 9985 10067 10094 10107 10198 10235 10310 10506 10522 10673 10751 10779 11262 11514 12382 12586 12648 12712 
#module 188 size: 25 bs: 0.417849
951 1023 1213 1287 1706 2147 2404 2430 2934 3502 3591 4638 5734 6295 7544 8031 8214 9367 9512 10624 10709 10845 11092 11456 12549 
#module 189 size: 17 bs: 0.896338
252 1798 1885 2205 2617 2969 3244 5552 6364 7085 7259 7378 8134 8496 9186 9484 9941 
#module 190 size: 34 bs: 0.597623
438 695 764 1359 1689 2682 3101 4037 4176 4232 4343 4528 4754 4907 4908 5862 6046 6471 6526 6706 6750 6945 7742 8041 8565 8772 9162 9397 9419 9591 10175 10579 10792 10884 
#module 191 size: 18 bs: 0.59776
210 1428 1458 2579 2718 4180 4233 4601 5134 5506 5535 5663 6390 6911 7042 7200 9440 10454 
#module 192 size: 22 bs: 0.840978
217 309 400 918 1345 1532 1864 2435 2710 3188 4365 4575 4731 5477 7189 7415 7745 8172 8528 9596 10422 10905 
#module 193 size: 10 bs: 0.934462
486 990 1080 4372 5364 5482 7432 7531 8982 10191 
#module 194 size: 39 bs: 1.05344
76 216 1065 1255 1459 1781 1841 2400 2735 3262 3289 3816 4164 4213 4312 4403 5227 5449 5613 5849 5879 5895 6090 6382 6827 6924 6960 7184 7692 7720 7789 7855 8023 8228 8805 8848 10153 10267 10625 
