#module 0 size: 9 bs: 2.22045e-16
5271 5365 5734 6340 6815 7863 8306 8372 9292 
#module 1 size: 9 bs: 3.42307e-101
3433 4661 5389 5710 5983 7452 7554 9737 12725 
#module 2 size: 2 bs: 1.52772e-102
1235 9939 
#module 3 size: 3 bs: 3.2669e-101
5507 6354 9033 
#module 4 size: 2 bs: 4.44315e-101
4753 7424 
#module 5 size: 2 bs: 3.29049e-101
8345 10415 
#module 6 size: 2 bs: 8.12037e-101
7345 9799 
#module 7 size: 2 bs: 1.47509e-101
8047 10206 
#module 8 size: 3 bs: 3.16751e-101
1914 8026 9236 
#module 9 size: 16 bs: 1.71774e-12
574 983 1103 1305 3547 3853 4588 4780 4912 4939 5761 6443 6852 6876 9431 11551 
#module 10 size: 3 bs: 1.28937e-101
427 6011 8144 
#module 11 size: 2 bs: 9.84344e-101
9854 11509 
#module 12 size: 2 bs: 5.63121e-101
6549 8236 
#module 13 size: 18 bs: 4.44089e-16
676 1048 1881 3063 5178 5398 6054 6545 7257 7851 8295 8493 8888 9015 10116 10192 10200 10725 
#module 14 size: 4 bs: 5.78971e-101
2884 5554 7842 10308 
#module 15 size: 3 bs: 8.33167e-101
4396 5478 9088 
#module 16 size: 4 bs: 6.66916e-101
726 1708 2086 5088 
#module 17 size: 3 bs: 9.07227e-101
152 6425 8613 
#module 18 size: 29 bs: 6.75873e-07
66 1152 1311 1804 2328 3926 4020 4263 4349 5112 5224 5231 5601 6519 7849 7893 8009 8216 8251 8501 9027 9217 9317 9665 9936 10523 10832 11141 11614 
#module 19 size: 3 bs: 9.90236e-101
4863 8217 10606 
#module 20 size: 5 bs: 0.0363381
677 4986 5971 6377 7391 
#module 21 size: 11 bs: 4.28015e-101
3350 4425 4634 5120 6065 7458 7517 7942 8257 8488 9142 
#module 22 size: 2 bs: 5.06168e-101
2021 2999 
#module 23 size: 2 bs: 2.37031e-101
5300 7375 
#module 24 size: 2 bs: 2.34701e-13
1545 3771 
#module 25 size: 2 bs: 7.71751e-101
3182 5819 
#module 26 size: 2 bs: 3.81329e-101
4133 6671 
#module 27 size: 4 bs: 6.56322e-101
2235 6188 6195 9494 
#module 28 size: 2 bs: 2.81814e-101
1773 10968 
#module 29 size: 3 bs: 3.62007e-101
764 4484 10972 
#module 30 size: 4 bs: 2.52058e-101
565 4050 5103 10053 
#module 31 size: 5 bs: 9.04951e-101
2313 4272 6704 7398 9698 
#module 32 size: 2 bs: 5.57548e-101
2924 11410 
#module 33 size: 2 bs: 1.83999e-11
880 11182 
#module 34 size: 2 bs: 8.27703e-101
3952 10468 
#module 35 size: 8 bs: 5.57524e-101
1722 1764 4236 5367 7648 9152 10140 10847 
#module 36 size: 4 bs: 7.96166e-101
4032 6712 10628 11712 
#module 37 size: 9 bs: 1.76253e-101
351 2472 2943 3202 3742 4064 8982 9206 10662 
#module 38 size: 3 bs: 6.95913e-101
2120 6202 6504 
#module 39 size: 6 bs: 3.3124e-09
1425 1427 2522 2757 7943 10975 
#module 40 size: 3 bs: 8.26962e-101
7274 7930 8953 
#module 41 size: 3 bs: 2.02245e-101
954 6001 8624 
#module 42 size: 3 bs: 9.43734e-101
2048 6693 9162 
#module 43 size: 5 bs: 9.46557e-101
666 2228 5154 5568 6325 
#module 44 size: 2 bs: 3.02725e-101
8554 10617 
#module 45 size: 2 bs: 1.81456e-101
1284 4637 
#module 46 size: 5 bs: 8.37522e-101
2761 5462 9857 10291 10734 
#module 47 size: 3 bs: 8.13432e-101
5316 6856 7984 
#module 48 size: 2 bs: 1.62927e-102
5591 5827 
#module 49 size: 4 bs: 3.37206e-101
6614 9159 9645 10014 
#module 50 size: 3 bs: 2.30028e-101
1067 3481 9092 
#module 51 size: 3 bs: 2.16719e-101
6384 8615 10535 
#module 52 size: 28 bs: 1.21077e-07
485 718 894 2983 3032 3138 3324 3936 4184 4241 4430 5099 5467 5881 6090 6587 7026 7087 7198 7333 7858 7971 8856 9071 9465 10473 10595 11141 
#module 53 size: 7 bs: 8.91792e-101
3133 3235 5223 5694 9111 10242 11705 
#module 54 size: 3 bs: 6.85457e-101
3784 4112 9013 
#module 55 size: 3 bs: 1.97041e-101
6665 7500 10647 
#module 56 size: 2 bs: 1.31999e-101
7509 9300 
#module 57 size: 3 bs: 7.36013e-101
2498 3948 6800 
#module 58 size: 3 bs: 1.59502e-101
2967 5602 11267 
#module 59 size: 2 bs: 5.70372e-101
7889 9457 
#module 60 size: 2 bs: 3.47897e-101
2821 5754 
#module 61 size: 4 bs: 8.87742e-101
1866 3095 5968 6688 
#module 62 size: 2 bs: 7.32279e-101
3223 3884 
#module 63 size: 4 bs: 5.02951e-06
2289 3657 6176 7701 
#module 64 size: 2 bs: 8.01866e-101
6095 7139 
#module 65 size: 7 bs: 9.10842e-102
61 3975 6728 8406 10591 10614 10833 
#module 66 size: 2 bs: 6.12517e-101
7165 8083 
#module 67 size: 6 bs: 6.91343e-102
1524 2352 5782 6437 9531 12494 
#module 68 size: 3 bs: 2.30585e-101
3843 5378 7952 
#module 69 size: 11 bs: 4.21006e-101
1583 2965 3481 3809 4157 4354 5656 6532 7020 7210 8061 
#module 70 size: 3 bs: 2.3534e-101
1832 8238 8787 
#module 71 size: 4 bs: 8.33331e-101
5566 8806 10565 11273 
#module 72 size: 2 bs: 4.72475e-101
3081 5472 
#module 73 size: 30 bs: 6.80567e-14
3 144 354 1303 1454 1716 1818 2058 2342 2937 4157 4205 4755 4874 5224 5376 6358 7051 7879 7931 8134 8204 8348 8576 8716 9565 9875 10188 10649 10692 
#module 74 size: 17 bs: 1.11022e-16
274 1045 1309 1567 2070 2500 4984 5112 5771 5970 8285 8456 8768 9544 9717 10512 10644 
#module 75 size: 2 bs: 2.83258e-101
6749 9956 
#module 76 size: 10 bs: 1.61087e-101
177 511 941 2312 3925 5005 7310 7447 8484 10820 
#module 77 size: 21 bs: 0.411875
678 1616 1859 2107 2357 2856 3193 3614 3798 3854 4685 5331 5984 6839 7313 7927 8189 8963 9514 9941 11183 
#module 78 size: 9 bs: 1.04623
2111 2241 5086 6370 8145 9682 9745 9865 12636 
#module 79 size: 14 bs: 0.959876
539 967 1140 1710 2212 3156 5242 5902 6899 7692 7762 8537 10312 12661 
#module 80 size: 21 bs: 0.515615
374 721 2204 3125 3205 4234 4518 4688 5342 6218 7724 8227 8293 8296 8439 8447 8451 8983 9331 10612 11369 
#module 81 size: 6 bs: 0.829069
1003 3925 9332 10222 10733 11878 
#module 82 size: 15 bs: 0.32331
1563 2647 3214 3543 5170 5208 6174 6702 7080 7343 8055 8504 9157 10791 10964 
#module 83 size: 9 bs: 0.967615
1636 2971 4345 5862 6930 7007 8053 9374 10889 
#module 84 size: 5 bs: 0.394878
1096 2618 3969 4066 6696 
#module 85 size: 5 bs: 0.296187
2101 2822 8110 8850 10576 
#module 86 size: 3 bs: 1.03447
5933 8384 10081 
#module 87 size: 6 bs: 0.598279
3019 5002 5272 7013 9590 12933 
#module 88 size: 14 bs: 0.232166
136 474 1341 2033 2583 5686 5796 5824 5982 6465 7614 7885 9495 10613 
#module 89 size: 14 bs: 0.196235
5 1717 4150 5794 6203 8538 9326 9526 9644 10087 10174 10220 10266 10392 
#module 90 size: 29 bs: 0.39288
243 320 439 657 1835 2098 2304 2356 3161 4789 5209 5350 5660 5696 5717 5950 6833 7238 8216 8260 8282 8329 8579 8989 9591 10029 10447 10569 11708 
#module 91 size: 9 bs: 0.518549
864 3150 3454 3724 5356 5979 6007 7901 12591 
#module 92 size: 9 bs: 0.202192
1453 1539 1822 3954 5058 5697 5699 7448 8332 
#module 93 size: 7 bs: 0.975193
4276 6131 6221 7842 8981 9256 9259 
#module 94 size: 9 bs: 0.81067
228 1631 2764 3697 5199 5294 6180 8481 10491 
#module 95 size: 11 bs: 0.100747
293 890 1134 4075 4246 4883 5677 6036 6765 10381 10724 
#module 96 size: 6 bs: 0.519354
319 2466 5707 8111 9652 10533 
#module 97 size: 13 bs: 0.209991
777 1034 1665 6565 7043 7185 7189 7261 7796 8556 9044 9400 10613 
#module 98 size: 4 bs: 0.882143
881 7857 9951 11020 
#module 99 size: 4 bs: 0.946194
1712 4790 6662 10522 
#module 100 size: 5 bs: 0.512496
1231 1351 2490 5344 9492 
#module 101 size: 4 bs: 0.672377
848 1213 5032 7171 
#module 102 size: 9 bs: 0.551408
1438 2735 4122 4592 5626 6524 6814 6959 10252 
#module 103 size: 10 bs: 0.446716
954 2047 3366 3637 6288 7179 7209 7501 7555 8186 
#module 104 size: 4 bs: 0.405995
1573 3455 3720 7819 
#module 105 size: 5 bs: 0.708406
1878 3253 4752 5950 6399 
#module 106 size: 16 bs: 0.626663
1333 2541 3261 3836 3923 4959 5109 6535 6884 8350 8556 9327 9450 9840 10356 10929 
#module 107 size: 11 bs: 0.218391
1590 2704 3331 3419 4218 7662 9061 9252 10356 10784 12790 
#module 108 size: 5 bs: 0.89607
1124 3677 4315 7625 7664 
#module 109 size: 55 bs: 0.862933
56 1179 1357 1393 1648 2093 2232 2497 2539 2661 2702 2849 2972 3003 3029 3068 3282 3292 3533 3664 3901 4053 4407 4676 4852 4997 5233 5502 6066 6069 6150 6167 6707 6905 6961 7356 7628 7966 8222 8432 8440 8689 8700 9299 9395 9550 9832 9855 10209 10511 10515 10619 10673 11551 11613 
#module 110 size: 8 bs: 0.572288
4424 5018 5201 5528 7039 8339 8621 9750 
#module 111 size: 18 bs: 0.835625
580 2210 2730 3395 3407 3590 4110 4806 5638 6352 6661 7945 8750 9587 9915 10658 12642 12881 
#module 112 size: 5 bs: 0.987537
1527 3594 3785 4271 9193 
#module 113 size: 4 bs: 1.06532
5561 5614 6314 10670 
#module 114 size: 8 bs: 0.188401
23 1270 1939 3927 5387 6693 8617 8630 
#module 115 size: 7 bs: 0.98976
1459 5879 6211 6253 8480 9934 11242 
#module 116 size: 3 bs: 0.336622
1217 3659 5646 
#module 117 size: 5 bs: 0.756909
5410 5538 6657 7034 8950 
#module 118 size: 6 bs: 0.445552
1938 4951 7028 7997 9242 9536 
#module 119 size: 3 bs: 0.214046
8305 8476 9068 
#module 120 size: 8 bs: 0.136674
309 622 2099 2835 3206 3557 6695 8229 
#module 121 size: 4 bs: 0.182932
3058 3544 4840 11364 
#module 122 size: 7 bs: 0.204597
2598 2726 4848 5759 6028 8686 8769 
#module 123 size: 9 bs: 0.606473
648 2123 2298 2508 4088 7050 8402 8487 9165 
#module 124 size: 5 bs: 0.674698
1084 1757 7116 9479 9571 
#module 125 size: 5 bs: 0.762081
4427 4587 6460 7902 7997 
#module 126 size: 3 bs: 0.932539
3551 7756 10234 
#module 127 size: 6 bs: 0.688155
489 926 4473 4735 4798 10928 
#module 128 size: 7 bs: 0.126775
654 806 3333 4198 5455 6254 7703 
#module 129 size: 7 bs: 0.115077
1622 4267 5178 5495 5868 9164 11272 
#module 130 size: 10 bs: 0.416612
656 999 1918 3924 4447 5434 5607 7133 9573 9906 
#module 131 size: 3 bs: 0.922535
5482 5755 7297 
#module 132 size: 3 bs: 0.626265
3770 6724 9001 
#module 133 size: 5 bs: 0.611878
1480 1536 4755 6511 9916 
#module 134 size: 5 bs: 0.337295
2060 3577 4711 5443 8228 
#module 135 size: 4 bs: 0.228665
2914 3830 4530 8499 
#module 136 size: 3 bs: 1.07459
2148 5701 9501 
#module 137 size: 7 bs: 0.101732
557 3946 4116 4368 6485 6611 10374 
#module 138 size: 4 bs: 0.570695
2225 2437 5592 10505 
#module 139 size: 14 bs: 0.318442
1021 2412 2480 3736 4541 5687 5698 6184 6769 6822 7288 8327 9553 10341 
#module 140 size: 10 bs: 0.79784
917 1530 5258 5460 6723 7447 9671 10828 10943 12639 
#module 141 size: 10 bs: 1.02138
598 782 1339 1652 2125 2406 4262 8280 9365 10097 
#module 142 size: 3 bs: 0.717307
586 5036 11245 
#module 143 size: 9 bs: 0.641382
1153 3042 4268 6564 6571 7247 8927 9267 9468 
#module 144 size: 7 bs: 1.05808
2445 4093 6151 7793 8132 9232 10327 
#module 145 size: 9 bs: 1.00303
104 329 3866 4237 5371 6062 6412 8466 10264 
#module 146 size: 23 bs: 0.143055
587 1227 1875 2419 2593 2980 3402 3698 4217 4731 4895 6580 6978 8797 8830 9158 9188 9390 9999 10773 10789 10803 10996 
#module 147 size: 9 bs: 0.785445
2526 3163 4504 4612 6190 7190 8369 8526 9818 
#module 148 size: 7 bs: 0.214876
1210 3288 4586 5929 6558 9811 11216 
#module 149 size: 10 bs: 0.570161
784 804 1126 1677 3085 4287 4292 5627 6559 11258 
#module 150 size: 8 bs: 1.03679
69 1557 1584 5689 6334 9984 10897 11102 
#module 151 size: 9 bs: 0.476915
391 1820 2800 3481 4381 5007 5404 8383 10762 
#module 152 size: 9 bs: 0.759287
923 1095 1751 1929 4169 6396 7626 9444 9991 
#module 153 size: 20 bs: 0.712799
869 974 1050 1267 1514 1700 1788 3772 3862 4400 5811 6375 6548 7666 7876 8000 8273 8785 10686 10769 
#module 154 size: 8 bs: 0.870449
617 1433 1851 2319 3657 10509 10951 11223 
#module 155 size: 4 bs: 0.794995
1196 1249 1919 3346 
#module 156 size: 4 bs: 0.892825
3243 5291 8688 9853 
#module 157 size: 10 bs: 0.912733
1434 2960 3640 6229 6298 6654 7431 8917 9243 9386 
#module 158 size: 3 bs: 0.416625
5190 8776 12893 
#module 159 size: 7 bs: 0.986814
497 2785 4804 5117 7078 7917 10399 
#module 160 size: 13 bs: 0.595668
183 2238 2295 3306 5598 5753 5987 6407 6639 7581 8141 9175 10732 
#module 161 size: 8 bs: 0.111112
1398 1549 1686 6382 7208 9975 11207 11678 
#module 162 size: 6 bs: 0.691311
328 1493 3485 4041 5863 10300 
#module 163 size: 5 bs: 0.860596
1207 5807 9009 9146 10425 
#module 164 size: 13 bs: 1.02507
184 1079 2214 2882 3112 3542 4946 5366 7336 8877 9260 10197 10947 
#module 165 size: 16 bs: 0.621464
961 997 1752 1944 2087 2663 2934 3084 3143 7416 7645 8127 8657 8682 9210 10586 
#module 166 size: 10 bs: 0.213251
482 1451 1538 2085 2457 3361 3605 5496 9479 9673 
#module 167 size: 4 bs: 0.981419
1824 5574 6648 8066 
#module 168 size: 9 bs: 0.781372
1338 3276 3497 3805 4827 6863 7259 8140 12595 
#module 169 size: 5 bs: 0.646418
1197 1402 2734 5056 8985 
#module 170 size: 8 bs: 0.714913
822 5013 5497 5675 6272 7390 8140 11169 
#module 171 size: 8 bs: 0.784099
260 441 2116 2627 3420 4029 6021 6802 
#module 172 size: 6 bs: 0.692725
1359 4228 5299 6237 8771 10727 
#module 173 size: 12 bs: 0.852868
824 1180 1571 4457 4860 4870 5475 6017 7596 8461 8496 10746 
#module 174 size: 5 bs: 0.681717
231 4349 8405 9131 10427 
#module 175 size: 18 bs: 0.362084
85 646 720 2639 3294 3574 4158 4834 5209 5402 5477 6114 6606 7028 7344 9062 9455 9831 
#module 176 size: 10 bs: 0.106965
28 1909 2656 5400 7780 7918 8711 8833 8885 10023 
#module 177 size: 9 bs: 1.04304
301 2747 4204 6411 7572 8134 8770 10513 10876 
#module 178 size: 6 bs: 0.168651
2216 5163 5198 5249 6050 10980 
#module 179 size: 7 bs: 0.276809
3296 5309 6525 7713 7874 9171 9630 
#module 180 size: 6 bs: 0.499912
3446 4255 5793 7168 8946 9798 
#module 181 size: 11 bs: 0.159338
964 1561 2645 3334 4843 5063 5116 5487 8464 8839 9668 
#module 182 size: 11 bs: 0.460183
3 2163 2824 3713 5869 6927 7025 8029 8374 8646 12726 
#module 183 size: 8 bs: 0.384371
1292 1455 3110 3578 3838 4318 6265 9524 
#module 184 size: 14 bs: 0.477462
937 1510 1674 2299 2443 2517 3620 3935 6554 7303 7821 8125 8290 9364 
#module 185 size: 8 bs: 0.298498
861 2915 5789 6836 7167 8522 9135 9696 
#module 186 size: 6 bs: 0.161895
1440 2441 3258 5967 6754 7160 
#module 187 size: 7 bs: 0.396286
2118 4039 4164 6406 10337 10980 11097 
#module 188 size: 12 bs: 0.422071
369 787 1058 3996 5222 5463 5743 6691 8206 9954 10031 11228 
#module 189 size: 4 bs: 0.342701
4380 5369 6386 13003 
#module 190 size: 5 bs: 0.77737
4828 5006 5809 6935 9750 
#module 191 size: 21 bs: 0.109212
256 592 3181 3264 3275 3389 3627 5470 6759 6960 7463 8019 8203 9446 9521 9804 9920 10404 10863 11092 12605 
#module 192 size: 10 bs: 0.21849
278 4443 5806 6173 6779 6787 7109 8639 9845 10496 
#module 193 size: 13 bs: 0.506531
870 875 1657 1781 4477 4546 6209 6512 6943 7307 7904 9884 10215 
#module 194 size: 11 bs: 0.46888
1806 2320 3100 3194 3914 5307 5408 6641 6922 9066 9910 
#module 195 size: 6 bs: 0.430959
37 2067 5373 7910 10601 10768 
#module 196 size: 8 bs: 0.912447
932 2524 5288 7417 8401 9116 9538 10778 
#module 197 size: 5 bs: 0.375099
576 1435 6245 6619 9251 
#module 198 size: 3 bs: 0.969892
989 6879 10320 
#module 199 size: 6 bs: 0.914049
1427 2854 3871 8243 10094 10938 
#module 200 size: 10 bs: 0.758664
1868 3020 3060 4788 5995 6048 7650 9403 10239 11177 
#module 201 size: 4 bs: 0.233691
1919 5098 8007 8361 
#module 202 size: 5 bs: 0.748646
365 2640 4056 4221 6067 
#module 203 size: 13 bs: 0.189388
2246 2389 6311 6631 6695 6929 7270 7382 7836 8820 8891 8954 9918 
#module 204 size: 13 bs: 0.33822
1274 1681 2420 3293 4161 4277 5322 5545 5769 8324 8662 8773 11788 
#module 205 size: 24 bs: 0.532438
174 1073 1492 1811 2072 2475 2600 3005 3168 3316 3514 5091 5866 6367 6744 7426 7668 7909 8242 8570 9223 9334 10376 11005 
#module 206 size: 23 bs: 0.504472
213 973 1132 2297 2753 2928 3280 3387 3591 3595 5060 5275 5357 6432 7090 7100 8020 8143 8155 8368 8892 11098 11434 
#module 207 size: 12 bs: 0.459666
79 1237 3524 4070 4459 5100 5478 7687 9285 9548 10414 10647 
#module 208 size: 5 bs: 0.270296
391 1740 3134 5492 11442 
#module 209 size: 19 bs: 1.02108
371 614 910 1155 1531 1722 1985 2207 4564 5837 5965 6327 7230 7432 7606 8045 9859 10847 11104 
#module 210 size: 6 bs: 0.118764
124 708 2662 9233 10765 11878 
#module 211 size: 9 bs: 0.763029
1619 1709 5101 5437 5445 6861 7063 9990 10565 
#module 212 size: 5 bs: 0.379015
503 3426 3793 5371 8435 
#module 213 size: 16 bs: 1.01456
305 562 839 1222 1494 1786 1890 2507 3269 3565 4940 6706 7661 9858 10126 10780 
#module 214 size: 9 bs: 0.129807
1314 1495 3546 4137 4231 6092 7058 8787 8818 
#module 215 size: 6 bs: 0.426116
695 3548 5655 6433 8852 11099 
#module 216 size: 20 bs: 0.890739
14 630 1107 2386 3039 3057 3473 3479 4630 4842 5122 5139 6189 6647 7125 7347 8104 8318 8357 11119 
#module 217 size: 11 bs: 0.617139
926 2604 5416 6120 6819 7710 8246 9488 10119 10568 11026 
#module 218 size: 23 bs: 0.268274
553 1342 1904 3994 4575 4968 5268 5735 5852 5896 6720 7438 7493 7546 8346 8692 8694 8970 8984 9019 9356 9681 9751 
#module 219 size: 28 bs: 0.560111
819 1116 1612 1668 1713 1940 2287 2367 2537 2635 2898 4145 4651 4739 4886 4966 5415 5615 6055 6128 6630 6945 7551 8200 8410 8842 9209 9580 
#module 220 size: 13 bs: 0.3752
486 488 1507 1704 2698 2701 3056 3812 4962 6047 7946 8995 10466 
#module 221 size: 15 bs: 0.571504
644 1413 3003 4524 4587 4774 4800 5453 6672 6965 7326 7489 8340 8420 10884 
#module 222 size: 10 bs: 0.21487
458 3576 3581 4173 4470 4706 6544 8367 8937 9849 
#module 223 size: 7 bs: 0.406816
3339 3559 7361 7607 7991 8181 11163 
#module 224 size: 13 bs: 0.682171
830 1842 2583 3690 3930 6193 6895 7312 7346 9225 9226 10371 11072 
#module 225 size: 8 bs: 0.157492
1056 3166 4487 7172 7193 9394 9697 11109 
#module 226 size: 32 bs: 0.860682
836 883 1189 1387 2254 2422 2601 3325 4084 4144 4649 4889 5320 5399 5466 5975 6153 6182 7129 7319 7459 7589 8137 8198 8566 9713 9946 10072 10077 10596 10877 10937 
#module 227 size: 9 bs: 0.796902
507 2380 2676 4521 4683 6985 7342 8116 8932 
#module 228 size: 15 bs: 0.45954
267 1084 1112 1395 2025 2165 2218 3241 3377 4313 4996 6219 7327 8614 11158 
#module 229 size: 11 bs: 0.6229
360 390 3128 3129 3615 4248 4955 5840 6784 7667 8175 
#module 230 size: 5 bs: 0.65546
878 1976 8118 8869 10598 
#module 231 size: 6 bs: 0.304935
876 3408 4411 5252 6482 6526 
#module 232 size: 7 bs: 0.531495
1423 3567 4196 4549 5885 7434 10146 
#module 233 size: 43 bs: 0.308298
947 968 1224 1856 1961 2366 2394 2410 2450 2685 2841 2961 3260 3558 3742 3956 3961 4203 4367 4628 4653 4915 4979 5818 6733 6813 7384 7868 8584 9168 9261 9363 9617 9794 9971 10246 10654 10661 10795 11266 11372 11565 12594 
#module 234 size: 23 bs: 0.316118
476 1362 1511 1942 2050 2644 3896 3989 4328 4547 4734 5168 5752 6414 6676 6864 7159 7716 9315 10236 10606 11385 11733 
#module 235 size: 18 bs: 0.579976
885 1624 1953 2086 3209 5548 6175 6270 6788 7220 8468 9417 9681 10218 10349 10483 10484 11591 
#module 236 size: 8 bs: 0.462819
1697 3609 4471 6923 7317 7759 7929 10763 
#module 237 size: 8 bs: 0.388282
715 1516 1780 1796 2548 4078 5442 10272 
#module 238 size: 6 bs: 0.238708
882 1134 3505 7086 7769 8608 
#module 239 size: 5 bs: 0.691804
874 1244 3332 8760 12712 
#module 240 size: 9 bs: 0.479172
1949 2037 2483 3626 6986 7921 8948 9336 9781 
#module 241 size: 5 bs: 1.04179
1941 2515 4721 5976 7866 
#module 242 size: 8 bs: 1.00437
230 1297 2249 3937 7353 8715 9979 10407 
#module 243 size: 11 bs: 0.455823
2104 2839 2927 3312 4422 5640 7305 7473 7739 8194 9503 
#module 244 size: 4 bs: 0.888257
1916 4469 5768 6050 
#module 245 size: 7 bs: 1.09141
2429 4214 4534 6079 6598 8883 9375 
#module 246 size: 18 bs: 0.169347
779 2341 2501 2516 2568 3975 4054 4128 4645 5765 6154 6359 6778 8042 8089 9379 10934 12990 
#module 247 size: 6 bs: 0.470413
3861 5877 8144 9489 9734 10245 
#module 248 size: 6 bs: 0.821222
2278 4382 5575 5880 6664 8931 
#module 249 size: 10 bs: 0.812874
518 851 2036 5479 5781 7006 7018 7682 9645 9969 
#module 250 size: 8 bs: 0.141596
1415 2572 3088 5339 5681 7237 7321 7742 
#module 251 size: 16 bs: 0.226882
535 2899 3499 4616 5138 6235 7169 7213 7467 9147 9348 9753 10166 10460 11011 11428 
#module 252 size: 14 bs: 0.802297
1637 1646 1659 2168 2597 2750 4420 4426 7328 7408 8980 9028 9965 10043 
#module 253 size: 9 bs: 0.430247
295 705 2572 6374 8609 8777 8923 9414 11215 
#module 254 size: 14 bs: 0.246269
613 691 1106 1936 3477 3794 3817 4244 5823 7543 7937 9077 10325 10933 
#module 255 size: 11 bs: 0.166699
551 3483 4099 5261 6330 7026 7899 8193 8732 9145 9290 
#module 256 size: 6 bs: 0.647774
3130 4408 5787 7011 9062 11337 
#module 257 size: 18 bs: 0.906446
1243 1316 1477 1490 1887 2493 3107 3527 4786 5307 6578 6809 7932 8203 8695 9419 10172 10267 
#module 258 size: 5 bs: 0.327135
1484 3328 3373 9055 9821 
#module 259 size: 13 bs: 0.792474
274 845 849 4252 5023 5385 7161 7954 9453 9523 9970 10049 10901 
#module 260 size: 12 bs: 0.693241
1170 2000 2247 2688 2959 3308 3638 5822 6231 7484 10722 13043 
#module 261 size: 7 bs: 0.805552
2684 5288 7281 7835 9594 11448 12228 
#module 262 size: 6 bs: 0.229328
1515 4102 7802 7837 9330 9344 
#module 263 size: 7 bs: 1.00628
347 866 1976 2574 5189 5568 10432 
#module 264 size: 5 bs: 0.372896
3158 3840 4024 7032 10477 
#module 265 size: 4 bs: 0.678592
4615 5631 5683 10343 
#module 266 size: 15 bs: 1.02804
1281 1468 2237 2384 2529 3712 3808 4548 5175 7600 7799 7881 9195 9944 10270 
#module 267 size: 7 bs: 0.995719
861 1542 2855 3220 3824 5266 9654 
#module 268 size: 3 bs: 0.455041
3678 6794 10830 
#module 269 size: 13 bs: 0.512422
207 1303 1740 2670 3137 4006 5988 6215 6527 8564 9104 10198 10248 
#module 270 size: 15 bs: 0.920517
31 3107 3151 4103 4172 4180 4822 5132 5412 5816 6658 7226 10682 10844 11220 
#module 271 size: 9 bs: 0.581019
921 2256 3453 3789 4220 4314 5143 6924 12494 
#module 272 size: 8 bs: 0.432193
462 505 768 2038 3820 4208 5531 6426 
#module 273 size: 13 bs: 1.0084
474 1020 1065 1128 1749 2119 3390 4022 4885 7005 9156 9978 10952 
#module 274 size: 9 bs: 0.409995
1672 1698 3322 7588 8673 8759 9201 10703 11377 
#module 275 size: 12 bs: 0.819355
35 1771 1858 3355 4810 5076 6278 6455 8051 9101 11123 11205 
#module 276 size: 5 bs: 0.156505
33 1225 2970 9795 10641 
#module 277 size: 4 bs: 0.307344
2780 3461 3505 7147 
#module 278 size: 21 bs: 0.444333
150 619 1145 1897 2128 2745 4043 4098 4299 5066 5166 5308 5318 5510 5542 6499 7218 7832 9203 9924 10080 
#module 279 size: 10 bs: 0.300607
1321 3142 3880 4166 4339 4850 6674 6995 10230 10370 
#module 280 size: 7 bs: 1.03345
2056 2433 4378 6708 6871 6994 8597 
#module 281 size: 15 bs: 0.775897
960 1191 1287 3722 6087 6586 6921 7251 7504 7890 8428 9637 10024 10347 10689 
#module 282 size: 8 bs: 0.543915
2003 2870 3097 3347 4373 6797 10408 10751 
#module 283 size: 6 bs: 1.09623
317 3919 5302 7852 10171 10978 
#module 284 size: 10 bs: 0.174002
215 1900 2002 3190 7418 8308 8495 8788 9091 11018 
#module 285 size: 8 bs: 0.640113
828 1429 3910 4189 4988 5808 6756 10247 
#module 286 size: 4 bs: 1.08329
1724 3637 8130 9030 
#module 287 size: 6 bs: 0.884208
437 3200 5947 6629 7355 9224 
#module 288 size: 11 bs: 1.02988
1779 2012 2965 3106 3809 4338 4354 6945 7354 10251 10859 
#module 289 size: 4 bs: 1.0044
1517 1950 2494 3867 
#module 290 size: 5 bs: 0.636837
856 2147 8749 8794 11171 
#module 291 size: 8 bs: 0.807198
1599 3122 5508 6438 6982 8300 10660 10776 
#module 292 size: 8 bs: 0.445005
1250 3108 4569 5613 7266 7738 8889 11380 
#module 293 size: 9 bs: 0.755466
640 653 2220 4532 5637 5658 6122 6475 7755 
#module 294 size: 4 bs: 0.597792
2432 5104 5382 11079 
#module 295 size: 47 bs: 1.05904
201 1275 2080 2081 2240 2331 2621 2638 2770 2779 2879 2993 3818 3947 4007 4167 4520 5253 5580 5594 5797 6063 6673 6845 7475 7621 7655 8035 8474 8572 8670 8681 9037 9130 9184 9253 9819 10114 10482 10506 10538 10616 10940 10998 11087 11111 11219 
#module 296 size: 4 bs: 0.984637
5234 5906 6987 7323 
#module 297 size: 9 bs: 0.468068
2335 2572 3051 3157 4496 7287 8225 9117 10244 
#module 298 size: 8 bs: 0.475382
813 2681 3083 4963 5270 5328 5659 5903 
#module 299 size: 13 bs: 0.257253
368 1319 3680 3888 3990 5562 5669 7616 8264 9266 9333 10020 13018 
#module 300 size: 12 bs: 0.461764
2606 2747 4474 5118 5243 6772 6962 8455 8503 8543 9813 10282 
#module 301 size: 10 bs: 0.966107
25 32 2933 3858 5379 7625 7772 9364 10913 11074 
#module 302 size: 4 bs: 1.04439
492 3271 4028 5926 
#module 303 size: 6 bs: 0.290772
3025 5747 5913 7511 9396 9948 
#module 304 size: 11 bs: 0.250017
1007 1029 1732 6768 7264 8135 8717 9099 9570 9902 11010 
#module 305 size: 19 bs: 0.140508
182 1259 2519 3089 3253 4472 5349 5881 6273 6358 6597 6857 6914 7451 7892 7895 9831 10788 10894 
#module 306 size: 5 bs: 0.36356
546 1845 3575 6365 10210 
#module 307 size: 20 bs: 0.903682
49 689 966 1014 1088 1466 1489 1687 3459 3516 4406 6076 6161 6361 6821 9969 10062 10396 10449 11436 
#module 308 size: 4 bs: 0.536547
2347 3050 10546 10675 
#module 309 size: 10 bs: 0.822027
2069 2629 3071 3471 4076 5440 6250 8883 10559 10650 
#module 310 size: 5 bs: 0.385257
2530 2946 5916 9102 9838 
#module 311 size: 7 bs: 0.820044
1375 1783 3687 4471 9447 10054 10555 
#module 312 size: 9 bs: 0.412593
763 1960 1999 2760 3921 5876 6459 9295 10274 
#module 313 size: 7 bs: 0.890302
8 308 771 1581 3465 4715 10879 
#module 314 size: 18 bs: 0.195063
1552 1926 1993 3015 3277 3323 4412 4858 4935 5721 5728 6451 6613 7077 8054 8084 9058 9265 
#module 315 size: 9 bs: 0.980093
897 1015 1448 1512 2939 3232 5689 6294 6868 
#module 316 size: 20 bs: 0.213094
1412 1436 2001 2213 2871 3062 3201 4680 5096 5593 7195 7329 7717 7801 8245 8457 8786 9545 9977 10003 
#module 317 size: 5 bs: 0.612992
2777 6898 7789 8434 10976 
#module 318 size: 7 bs: 0.700602
1405 2724 2799 5407 5620 7105 8659 
#module 319 size: 7 bs: 0.695286
778 798 1241 1265 4243 4785 9324 
#module 320 size: 8 bs: 0.834257
1041 1113 2449 3505 5430 7610 9681 10821 
#module 321 size: 11 bs: 0.349016
595 1634 2732 3870 5372 5860 6473 6582 7770 7810 9981 
#module 322 size: 6 bs: 0.389361
1276 2243 3208 4347 4732 10627 
#module 323 size: 153 bs: 0.484745
38 205 307 332 452 521 532 758 767 769 797 901 979 1009 1012 1030 1062 1082 1159 1173 1195 1239 1283 1295 1323 1419 1504 1529 1547 1801 1854 1863 1885 1922 1990 2211 2523 2682 2846 2848 2907 2957 3082 3270 3360 3466 3519 3679 3848 3882 3974 4001 4072 4091 4219 4293 4295 4346 4413 4446 4490 4609 4636 4666 4671 4814 4826 4835 4868 4901 5194 5218 5220 5374 5392 5396 5451 5500 5533 5633 5678 5944 5952 5977 6228 6350 6427 6443 6642 6653 6740 6767 6793 6841 7062 7068 7154 7441 7518 7553 7594 7721 7735 7764 7838 7894 8166 8210 8331 8342 8400 8414 8426 8436 8452 8557 8601 8655 8835 8905 9109 9186 9323 9410 9415 9510 9539 9550 9555 9559 9604 9867 9870 9879 9886 9953 9980 10070 10093 10259 10305 10654 10677 10749 10752 10799 10835 10916 11067 11155 11256 11340 12645 
#module 324 size: 55 bs: 0.973848
139 447 900 938 1068 1080 1426 1840 2094 2284 2290 2292 2359 2512 2787 3173 3252 3412 3733 3938 4042 4083 4109 4515 4696 4864 4924 4939 5073 5254 5364 6196 6233 6369 6722 6881 7120 7239 7325 7388 7393 7449 7807 7844 7896 7940 8093 8207 8262 9422 10213 10331 10458 11490 12249 
#module 325 size: 6 bs: 0.260704
1721 3839 4907 5160 6804 9149 
#module 326 size: 14 bs: 0.31615
163 1280 1308 1403 1558 2354 4397 5908 6138 8955 9621 10286 10544 12264 
#module 327 size: 12 bs: 0.858656
207 413 1353 1690 3095 4239 4528 5042 5098 8857 10058 10785 
#module 328 size: 11 bs: 0.192163
563 1572 2984 4026 5202 5783 6425 7712 9196 9212 9528 
#module 329 size: 17 bs: 0.742538
2046 2743 3460 3484 3586 3742 4726 5565 5570 6212 6445 6539 8163 8581 8986 9477 9502 
#module 330 size: 5 bs: 0.532829
1699 2135 2681 3391 6059 
#module 331 size: 6 bs: 0.576724
3719 5052 6356 7900 8675 10253 
#module 332 size: 6 bs: 0.156144
1836 1927 2030 4770 6625 9701 
#module 333 size: 26 bs: 0.125055
72 569 887 938 1031 1049 1760 1798 1852 2912 3061 3647 3755 3869 4500 4571 5278 5630 5958 6143 7083 7516 8263 9793 10804 11106 
#module 334 size: 9 bs: 0.156829
1645 2586 3046 4815 5155 6166 7478 9238 10386 
#module 335 size: 20 bs: 0.16718
158 513 514 1184 1958 2709 3570 3799 4929 5010 5893 6806 6823 7873 8099 9888 10650 10966 11337 12575 
#module 336 size: 12 bs: 0.637874
1444 1498 2144 2339 2474 3248 6656 7001 7615 8489 9788 10802 
#module 337 size: 5 bs: 0.562841
1543 3963 5259 5850 9786 
#module 338 size: 13 bs: 0.938529
359 2387 3650 5317 6051 6255 6424 6585 6974 7054 7808 8405 10293 
#module 339 size: 22 bs: 0.768693
60 242 631 1460 1483 3240 5285 5461 5576 5634 5791 5909 6932 6944 7471 7978 8187 8976 9851 10124 11073 11211 
#module 340 size: 17 bs: 0.144237
2393 2456 2511 2880 4119 4151 4999 5980 6240 7082 7534 7535 8017 8170 9793 10186 10893 
#module 341 size: 7 bs: 0.308104
361 379 1071 1262 4416 4795 10628 
#module 342 size: 21 bs: 0.137283
585 1011 1310 1569 1814 2558 3394 3681 3798 5913 6261 6428 6816 6928 7014 7993 8860 9650 10589 10845 10948 
#module 343 size: 4 bs: 0.224615
3472 4302 5123 6357 
#module 344 size: 8 bs: 0.236164
209 295 1928 1981 2349 7383 9695 10781 
#module 345 size: 5 bs: 0.752565
596 3725 4677 8311 9914 
#module 346 size: 6 bs: 0.260953
1914 2584 3501 5623 7943 10970 
#module 347 size: 10 bs: 0.638228
22 2808 4600 4846 5624 7862 9941 10476 10970 11135 
#module 348 size: 11 bs: 0.886665
702 1613 1805 2649 3699 3763 7099 8365 9208 10271 10981 
#module 349 size: 8 bs: 0.472063
1837 3573 4501 4506 5126 6428 6654 10807 
#module 350 size: 4 bs: 0.955448
1148 3975 5848 6557 
#module 351 size: 10 bs: 0.399564
2807 5171 5918 6098 6660 6875 7481 8010 9362 10717 
#module 352 size: 12 bs: 0.483933
236 1226 7217 8854 9247 9399 9606 9758 9997 10614 10846 11001 
#module 353 size: 35 bs: 0.228065
197 330 641 853 1023 1129 1849 2862 2911 3171 3342 3511 3658 4037 4458 4594 5330 6135 6353 6442 6697 7304 7422 7741 7987 8023 8803 8944 9278 9724 9763 9922 9942 10409 10579 
#module 354 size: 78 bs: 0.244948
133 197 400 410 435 510 516 549 775 788 884 1019 1136 1317 1521 1603 1792 1849 1955 1965 2031 2032 2197 2396 2401 2478 2903 2911 2930 2964 2975 3028 3148 3526 3658 3780 4211 4341 4343 4460 4463 4673 4948 5011 5039 5070 5330 5578 5579 5673 5900 5999 6227 6241 6296 6342 6353 6522 6816 7414 7422 7598 8016 8316 8902 9023 9086 9346 9763 9942 10036 10250 10265 10340 10840 11019 11657 12648 
#module 355 size: 11 bs: 0.908586
1669 2651 2931 3198 3250 6326 7884 8812 8871 10886 11015 
#module 356 size: 28 bs: 0.55556
382 1300 1418 1582 2723 2767 3014 3383 3893 4033 4561 4629 4632 4729 4863 5037 5745 6222 6786 8642 8964 9087 9176 9249 10787 11445 11584 11966 
#module 357 size: 4 bs: 0.762118
6109 6770 10623 10904 
#module 358 size: 11 bs: 1.06712
826 1578 1609 2977 4291 4559 5864 6113 8933 10208 10963 
#module 359 size: 9 bs: 0.883395
888 2439 5430 5458 7015 7502 8056 8721 10175 
#module 360 size: 6 bs: 0.268437
466 4831 5358 6348 7188 9551 
#module 361 size: 6 bs: 0.335569
208 3291 7019 7992 9441 10230 
#module 362 size: 29 bs: 0.807226
48 50 463 508 593 3416 3563 3587 3623 3782 4403 4821 5280 5732 6164 6901 7519 7656 7798 7814 8919 9273 9420 9871 10067 10358 10375 10406 10834 
#module 363 size: 12 bs: 1.08564
316 728 1738 2875 3667 3744 4533 6887 8119 8247 10679 11447 
#module 364 size: 17 bs: 0.697682
1247 1924 2426 2729 3132 4124 4223 4363 4807 6381 6484 7145 7575 10316 10487 10938 11251 
#module 365 size: 4 bs: 0.382296
4884 5289 8214 8943 
#module 366 size: 10 bs: 0.170172
1857 2489 2564 2585 3855 4310 5021 6457 8443 8703 
#module 367 size: 56 bs: 0.265434
1260 1356 1363 1728 1764 2129 2391 2612 3326 3360 3667 3682 3718 3936 3987 4503 4507 4647 4787 4824 4890 5099 5122 5130 5354 5384 5406 5465 5501 5741 5874 5911 6283 6669 6721 6850 7419 8148 8513 8712 9134 9589 9616 9683 9820 9957 10335 10470 10827 10974 11000 11112 11367 11443 12899 12949 
#module 368 size: 14 bs: 0.406047
86 1347 1597 2239 2344 3195 4350 4691 5890 6323 6329 7114 8387 9624 
#module 369 size: 14 bs: 0.233728
322 1040 1209 2143 3585 3975 4436 6409 6419 6520 6728 6758 8590 8600 
#module 370 size: 19 bs: 0.548623
202 1501 2353 2503 2545 2966 3192 3704 4467 4820 5239 5621 5769 6637 9106 9234 10308 10868 11453 
#module 371 size: 9 bs: 0.329679
724 3047 3803 3971 4259 4823 5411 6299 9765 
#module 372 size: 6 bs: 0.837392
1898 3614 4887 7540 8195 8323 
#module 373 size: 11 bs: 0.683991
688 1749 2157 4371 6349 7249 7864 9009 10708 11840 13055 
#module 374 size: 9 bs: 0.808146
923 1193 1322 3213 5649 5751 6020 7590 9382 
#module 375 size: 4 bs: 1.04392
1025 1469 9359 11222 
#module 376 size: 10 bs: 0.11123
16 1848 2009 4882 5103 6527 7148 7744 8208 11086 
#module 377 size: 17 bs: 0.799909
593 762 1219 1694 1956 2030 2397 2901 3059 4126 6418 7679 8424 9051 10130 10168 10744 
#module 378 size: 14 bs: 0.380316
2376 2718 2979 4123 4464 4977 5924 6768 6993 9279 9745 10173 10922 11110 
#module 379 size: 3 bs: 0.312394
1350 10581 10955 
#module 380 size: 6 bs: 0.377946
1975 5040 5179 7059 8906 11635 
#module 381 size: 7 bs: 0.264291
206 1876 3304 4340 5442 10316 10716 
#module 382 size: 8 bs: 0.80201
1391 2435 4085 4374 5508 9206 10316 12720 
#module 383 size: 10 bs: 0.814689
412 1455 2643 3104 4195 5875 6746 8814 10007 10873 
#module 384 size: 4 bs: 0.837527
2473 5751 8240 10439 
#module 385 size: 7 bs: 0.921114
2929 3503 7089 7398 7469 8674 10178 
#module 386 size: 16 bs: 0.992245
610 720 1535 1793 2683 2811 3450 3944 5936 7205 7707 8605 9325 10344 10584 11413 
#module 387 size: 5 bs: 0.937355
3337 4495 5474 8714 10972 
#module 388 size: 10 bs: 0.764077
194 481 3777 5197 5639 5694 6392 8725 10076 10669 
#module 389 size: 7 bs: 0.455485
335 1463 1627 3117 5370 5948 7194 
#module 390 size: 13 bs: 0.989785
302 773 888 933 1689 3189 3988 4702 5762 6830 9427 9692 9790 
#module 391 size: 3 bs: 0.451859
1560 2853 6380 
#module 392 size: 4 bs: 0.478924
3469 7550 7936 10925 
#module 393 size: 5 bs: 0.312669
1702 3215 3243 6258 6773 
#module 394 size: 9 bs: 0.487339
2885 3553 3602 4393 4621 5892 6137 7823 9476 
#module 395 size: 13 bs: 0.909168
15 633 1745 3375 3876 5152 5311 6355 7684 8775 9439 11481 12885 
#module 396 size: 7 bs: 0.432977
608 1099 3038 7990 9498 10638 11441 
#module 397 size: 12 bs: 0.93748
36 1447 3630 4643 5180 5276 5421 6826 7049 8841 11694 12641 
#module 398 size: 26 bs: 0.82927
473 629 649 927 972 2075 3179 3643 4227 4606 4801 5083 5511 5962 6183 6828 7290 7409 8158 8360 9110 9198 9289 9485 11540 11701 
#module 399 size: 6 bs: 0.845309
1731 3822 7113 8021 10127 11273 
#module 400 size: 5 bs: 0.955945
2555 3226 3495 7221 7834 
#module 401 size: 14 bs: 0.216476
344 1644 1758 1989 2101 2624 3204 4372 6276 7482 7688 7995 9297 10477 
#module 402 size: 7 bs: 0.229371
1360 1541 1716 2007 5077 6019 11157 
#module 403 size: 15 bs: 0.186148
785 2173 2550 2810 3376 3482 3757 3802 3976 5553 7429 8752 9319 9433 10348 
#module 404 size: 9 bs: 0.325313
1101 4040 4879 5599 6855 6897 8117 9481 10849 
#module 405 size: 17 bs: 0.398827
1331 1491 2146 2707 3372 3716 4633 5043 5292 7373 8219 9042 9293 9304 10113 10184 10292 
#module 406 size: 11 bs: 0.301955
1028 2805 4433 4665 4840 5676 6466 6947 7056 9342 10231 
#module 407 size: 7 bs: 0.513178
5635 5652 5904 7423 8908 9639 10039 
#module 408 size: 4 bs: 0.526271
6948 7052 7453 12590 
#module 409 size: 6 bs: 0.525927
1778 2289 2552 4428 6324 8121 
#module 410 size: 6 bs: 0.117477
1777 3256 3861 5998 6455 8259 
#module 411 size: 3 bs: 0.212846
4448 4639 8353 
#module 412 size: 7 bs: 0.196553
265 490 789 2309 4156 6498 10831 
#module 413 size: 6 bs: 0.514708
102 984 3776 5739 9864 10910 
#module 414 size: 6 bs: 0.157878
1833 5951 7160 8969 9766 10933 
#module 415 size: 22 bs: 0.437521
341 1340 1693 1808 2001 2585 3813 4698 5225 5343 5964 7200 7766 7839 8834 9144 10164 10238 10310 10321 10586 11218 
#module 416 size: 9 bs: 0.832291
541 1065 2554 2778 2987 3243 5590 6589 10894 
#module 417 size: 4 bs: 0.394898
2573 3811 5337 10240 
#module 418 size: 4 bs: 0.638738
3669 4535 5156 7587 
#module 419 size: 5 bs: 0.399856
3599 7126 7826 8122 10769 
#module 420 size: 14 bs: 0.698655
1360 1710 3769 4366 4961 5595 7042 8825 9202 9733 9812 10475 10488 10887 
#module 421 size: 14 bs: 0.733987
2049 4080 4511 4659 6121 6368 6487 6504 7522 7541 7670 8791 11088 11571 
#module 422 size: 9 bs: 0.800814
634 1054 1102 2145 6966 7809 8913 9504 10671 
#module 423 size: 29 bs: 0.961958
64 829 1053 1381 1396 1630 1852 2689 3856 4165 4316 4764 5144 5306 6078 6273 6734 7087 7972 7981 7994 8887 8936 9579 9584 10108 10577 10639 11962 
#module 424 size: 15 bs: 0.876106
994 1577 3819 4723 4779 5671 5703 6705 7526 7634 7715 8627 8910 9204 9687 
#module 425 size: 11 bs: 0.303263
1880 2026 3837 4233 4357 4760 6752 7166 7500 9333 10558 
#module 426 size: 5 bs: 0.724933
1005 6517 8097 9247 10463 
#module 427 size: 3 bs: 0.548804
611 2485 4563 
#module 428 size: 7 bs: 0.321268
2675 3298 3545 3607 5919 7267 10351 
#module 429 size: 5 bs: 0.763683
1006 1980 2301 4664 8978 
#module 430 size: 16 bs: 0.953175
683 1053 1595 1874 2124 3106 3229 4498 4597 5015 5832 6655 6742 7770 8133 8714 
#module 431 size: 3 bs: 0.996544
1912 2543 10737 
#module 432 size: 17 bs: 0.109967
1240 1384 2310 2990 4838 5064 5096 5784 6176 7373 7622 8304 8386 8508 9083 9901 10532 
#module 433 size: 10 bs: 0.307271
802 2515 2684 5084 6579 7462 8563 9380 9554 12635 
#module 434 size: 13 bs: 1.06496
18 135 468 2679 3064 3710 5227 6747 8403 8959 10001 10248 10282 
#module 435 size: 53 bs: 0.537538
67 623 665 914 952 1194 1604 1649 1766 1787 1951 2167 2425 2786 2981 3238 3510 3588 3632 3998 4297 4794 4991 5395 5426 5603 5851 6404 6447 6463 6505 6577 6729 7322 7548 7805 7856 8011 8024 8267 8521 8664 9032 9041 9174 9360 10088 10861 11014 11113 11231 11643 11936 
#module 436 size: 11 bs: 0.476129
2274 2700 3186 4445 4982 5398 6346 6574 7510 8351 10405 
#module 437 size: 3 bs: 0.159605
584 795 5020 
#module 438 size: 4 bs: 0.244962
3026 5972 7563 8943 
#module 439 size: 4 bs: 0.95857
1937 2057 7228 8761 
#module 440 size: 7 bs: 0.71373
931 1973 2395 3264 3521 8130 10360 
#module 441 size: 7 bs: 0.909799
239 2680 4556 5327 5895 9407 10201 
#module 442 size: 10 bs: 0.578592
820 1237 2026 2926 3353 5478 6032 6309 8800 11097 
#module 443 size: 11 bs: 0.357337
1001 3093 3985 4631 4951 5241 6031 6476 7527 8209 10842 
#module 444 size: 8 bs: 0.509763
1027 2088 5718 5925 6385 7091 7435 8349 
#module 445 size: 13 bs: 0.490504
1476 1515 1799 2198 3365 3432 3487 4286 4505 5423 7568 10622 11497 
#module 446 size: 6 bs: 0.41892
3764 4713 6563 8147 8565 9695 
#module 447 size: 5 bs: 0.77296
1401 1817 2389 4624 4951 
#module 448 size: 16 bs: 0.573903
1001 1018 1257 1694 2190 2755 4757 5660 5802 6019 6862 7283 7804 8044 8139 9647 
#module 449 size: 15 bs: 0.651937
698 1076 1199 2502 2569 3758 4206 4358 4937 5826 6521 6582 6878 7088 9194 
#module 450 size: 4 bs: 0.438736
3297 3584 5872 7389 
#module 451 size: 8 bs: 0.933692
441 2614 3090 3255 4409 7791 8389 8581 
#module 452 size: 3 bs: 0.637091
140 1864 4046 
#module 453 size: 38 bs: 0.190458
472 537 991 1085 1499 1729 1784 2078 2150 2262 2954 2998 3320 3468 3566 3694 3907 4351 4499 5346 6400 6455 6516 6799 6918 7240 7397 7652 7914 7967 8321 8362 8935 9089 9967 10866 10992 11371 
#module 454 size: 5 bs: 0.647356
1114 1485 3739 6537 10279 
#module 455 size: 18 bs: 0.86572
934 1992 2099 2953 3232 3986 4833 4859 6829 7037 7048 7503 7822 8067 8392 8613 10179 10709 
#module 456 size: 4 bs: 0.60857
46 868 3748 9255 
#module 457 size: 12 bs: 0.206875
542 3828 4253 5347 5441 6148 6334 6358 7115 8100 8109 11032 
#module 458 size: 13 bs: 0.896082
210 4269 4422 4754 5667 6572 6913 7860 8028 8250 10188 10995 11589 
#module 459 size: 12 bs: 0.798521
727 1200 1714 1748 2385 6351 8274 8551 8896 8936 9296 12756 
#module 460 size: 9 bs: 0.6392
527 1108 1161 1861 3073 3196 3781 10091 10147 
#module 461 size: 3 bs: 0.692997
7277 7642 10317 
#module 462 size: 8 bs: 0.108713
180 667 2196 3608 4451 5191 9197 10057 
#module 463 size: 10 bs: 0.729824
512 987 2575 3145 3645 3673 6859 7579 8271 9625 
#module 464 size: 16 bs: 0.372847
679 860 940 996 1150 1438 3038 3206 3338 3889 4607 7557 8036 8942 9509 10334 
#module 465 size: 43 bs: 0.927509
760 915 977 1026 1230 2162 2182 2200 2219 2323 2418 2788 3418 4074 4117 4908 4949 4971 5075 5195 5218 5532 5612 5682 5714 6061 6155 6242 6731 7173 7403 7439 7491 7694 8039 8795 9264 9369 9728 10162 10433 10501 10567 
#module 466 size: 11 bs: 0.723097
1203 4887 5121 5624 6256 6774 7084 7829 8525 8529 9941 
#module 467 size: 7 bs: 0.374272
2086 4618 6175 6509 8015 8599 10535 
#module 468 size: 41 bs: 0.624557
352 383 1155 1519 1695 1962 2461 2510 2542 2825 2863 3245 3463 3480 3569 3665 3823 4061 4197 4550 5099 5632 5642 6022 6132 6578 6899 6904 6922 6990 7722 7850 8632 8637 8901 8988 9678 9846 10595 10813 11980 
#module 469 size: 19 bs: 0.344091
1462 1632 2221 2893 2897 3417 3428 4969 5740 6199 6210 6349 7262 8278 8699 9316 10083 10620 12545 
#module 470 size: 15 bs: 0.539086
1689 2121 2674 3456 3872 5107 5800 6071 6543 7046 8008 8374 8462 8722 10688 
#module 471 size: 15 bs: 1.01348
2496 2710 2950 3668 3726 3832 4853 5001 5485 6043 6573 8865 9641 10372 11709 
#module 472 size: 16 bs: 0.126149
276 367 388 2694 3217 3254 4423 7289 7825 8310 8330 8734 10315 10584 11024 12495 
#module 473 size: 4 bs: 0.83958
233 8827 8862 10930 
#module 474 size: 15 bs: 0.578819
57 145 555 618 1330 2969 3169 3512 3612 3768 3826 7412 8086 10152 10825 
#module 475 size: 6 bs: 0.403684
95 908 2594 7471 8598 10133 
#module 476 size: 8 bs: 0.329955
1312 1666 5212 7045 7912 9540 9943 11338 
#module 477 size: 16 bs: 0.180388
793 1113 2015 4301 4875 4943 5174 5361 6126 6593 7269 7367 7769 8162 8535 10682 
#module 478 size: 5 bs: 0.228514
239 1139 1487 5082 5087 
#module 479 size: 12 bs: 0.630258
681 906 1038 1664 2427 3703 4059 4844 6808 9079 9322 9895 
#module 480 size: 24 bs: 0.83167
456 485 493 699 1486 1606 1790 1853 2161 2991 3167 3822 4841 5216 5281 5529 5704 6264 7611 7995 8856 9658 9680 10920 
#module 481 size: 22 bs: 0.651692
2330 2346 2361 2484 2965 3109 3750 3816 4107 4383 4709 5231 5601 5941 6000 7131 8302 10971 10977 11004 11007 11031 
#module 482 size: 4 bs: 1.07436
720 1753 4096 6479 
#module 483 size: 11 bs: 0.825278
1185 2151 3421 3968 4579 4796 5273 5319 5413 5927 6757 
#module 484 size: 11 bs: 0.819863
594 2942 3661 4016 4530 5516 6300 6479 6541 9280 10403 
#module 485 size: 10 bs: 0.386348
1451 1737 3059 3215 6275 6563 7958 8663 10155 10375 
#module 486 size: 3 bs: 0.289705
3470 4245 9966 
#module 487 size: 90 bs: 0.462902
237 261 558 575 790 1086 1166 1269 1271 1564 1592 1715 1839 1846 1921 2181 2199 2223 2236 2264 2314 2351 2413 2721 2742 2828 2894 2930 3037 3239 3418 3618 3774 3775 3859 4131 4163 4395 4510 4514 4527 4537 4555 4566 4700 5137 5250 5277 5403 5438 5447 5486 5546 5989 6216 6220 6436 6677 6764 6846 6967 7376 7430 7583 7591 7629 7848 7996 8448 8678 8864 9143 9182 9294 9487 9881 10011 10017 10086 10149 10453 10500 10678 10770 10896 10931 10970 10975 11030 11168 
#module 488 size: 9 bs: 0.991895
854 1205 3807 3895 4004 5236 5405 7207 8087 
#module 489 size: 9 bs: 0.64638
1927 2565 3091 4881 5133 5348 5397 5483 6643 
#module 490 size: 10 bs: 0.768116
1237 3232 5525 6333 6422 8241 8773 8882 9466 10904 
#module 491 size: 14 bs: 0.603353
986 1535 1673 3233 3809 3816 4212 4283 5508 7926 7955 8656 10382 12678 
#module 492 size: 8 bs: 0.862777
239 1450 1797 1896 6466 6478 6925 7089 
#module 493 size: 16 bs: 0.7973
1344 1471 1853 2137 3639 4178 4733 5804 6390 7244 7840 9814 9985 10432 10914 11141 
#module 494 size: 4 bs: 0.9942
902 1488 3505 9069 
#module 495 size: 6 bs: 0.723908
815 3509 3617 5584 6602 11239 
#module 496 size: 8 bs: 0.133166
141 487 1641 6298 6969 8961 10048 11021 
#module 497 size: 6 bs: 0.174973
669 2476 7867 8088 8782 9844 
#module 498 size: 11 bs: 0.380658
1133 1559 2754 2988 5332 6139 7872 8012 8552 9704 10128 
#module 499 size: 14 bs: 0.591983
310 929 1147 1551 3633 3950 4360 5494 6121 7042 9070 9361 9931 10122 
#module 500 size: 7 bs: 0.908353
1845 1874 3398 4193 6755 9288 10390 
#module 501 size: 6 bs: 0.656148
3038 3180 4152 6557 6826 7211 
#module 502 size: 12 bs: 0.126836
1324 2141 2383 5000 5335 6874 7311 9483 10276 10318 10434 10750 
#module 503 size: 9 bs: 0.72116
1125 2227 3007 3024 3031 3101 5481 7156 9876 
#module 504 size: 20 bs: 0.230406
1218 1818 2013 2250 2500 3344 3467 4177 4197 4678 5247 6056 6904 7506 7700 8691 8992 9964 10556 11106 
#module 505 size: 3 bs: 0.803871
4429 5891 9921 
#module 506 size: 5 bs: 0.59764
601 2411 2687 6144 6880 
#module 507 size: 19 bs: 0.398747
79 814 1108 2270 2623 3621 3652 3871 4170 4723 4811 5422 6627 7256 8034 8542 8801 9649 9816 
#module 508 size: 7 bs: 1.03362
394 1028 2568 4995 7339 8378 9605 
#module 509 size: 10 bs: 0.359376
578 2568 3666 3851 5304 6102 6765 7004 7339 9775 
#module 510 size: 23 bs: 0.569642
263 1667 2346 2651 3017 3824 4097 4455 4466 4692 4902 5490 5537 5724 5928 6037 7758 8310 8792 9026 9062 10913 12297 
#module 511 size: 11 bs: 0.695101
1044 1565 3635 4224 4930 4972 5429 5595 5861 6281 7017 
#module 512 size: 22 bs: 0.87906
97 339 1245 1424 2154 3299 3908 4544 4768 6304 6596 6644 7074 7696 8270 8411 8851 9036 9179 9655 10226 10836 
#module 513 size: 10 bs: 0.374061
30 1194 1633 2177 3831 5080 7785 8867 10959 11405 
#module 514 size: 10 bs: 0.225597
1120 1744 2324 3354 5340 6686 7917 8100 8975 10864 
#module 515 size: 6 bs: 0.485726
77 1130 3847 6252 7771 8315 
#module 516 size: 8 bs: 0.807921
431 1518 3242 3285 3380 3436 9693 12293 
#module 517 size: 8 bs: 0.252373
841 3797 5089 6417 7183 8256 9767 10871 
#module 518 size: 6 bs: 0.713102
6623 7880 8077 8895 9533 10543 
#module 519 size: 14 bs: 0.136739
171 303 970 3688 5547 6550 6615 7884 8112 8241 8380 8812 8871 10557 
#module 520 size: 13 bs: 0.150559
791 1303 1377 1750 3113 4560 5296 5921 6686 7022 7691 9027 9747 
#module 521 size: 7 bs: 0.257342
2655 3162 3422 6558 9343 9663 10684 
#module 522 size: 6 bs: 0.611141
2445 3886 4682 6848 9509 10926 
#module 523 size: 8 bs: 1.02486
2254 4057 8720 8968 9057 10504 10541 11083 
#module 524 size: 28 bs: 0.628936
96 831 956 1360 1437 1583 2758 3202 3299 3506 3529 3649 4154 4956 5619 5861 6301 6501 6597 8115 8876 9063 9347 10044 10584 10650 10808 11840 
#module 525 size: 8 bs: 0.929522
2945 3231 3536 3580 4038 4929 5446 8965 
#module 526 size: 22 bs: 0.309299
66 357 892 948 1100 1723 1804 2074 2985 3642 4525 4529 5588 7729 7747 7982 8009 8602 9018 9317 9928 13019 
#module 527 size: 4 bs: 0.782959
895 1847 2622 2720 
#module 528 size: 9 bs: 0.416138
598 1768 3435 3437 3572 4283 5420 5813 7017 
#module 529 size: 9 bs: 0.36144
1258 1741 1754 3636 4757 7010 8287 8907 10188 
#module 530 size: 11 bs: 1.05631
1001 1382 3268 4294 5552 5629 5792 6000 7758 7976 9896 
#module 531 size: 12 bs: 0.218152
515 1515 2149 3414 3959 5005 5046 8277 8674 9889 11602 12944 
#module 532 size: 19 bs: 0.600364
1277 1416 1500 1610 3401 3439 3634 3949 4361 4601 5764 6398 7069 7112 7699 8827 9721 10306 10706 
#module 533 size: 18 bs: 0.242448
300 525 717 867 1630 2744 4036 4222 4764 5099 5419 6313 7877 8650 9219 9593 10195 11465 
#module 534 size: 16 bs: 0.496038
652 1396 1532 1776 2194 4263 4432 5283 5663 5688 5771 6938 7275 9531 10602 10609 
#module 535 size: 14 bs: 0.615091
579 691 1081 1785 3667 3684 4031 5808 6910 7405 8111 9177 10993 12880 
#module 536 size: 9 bs: 0.12131
1315 2491 3400 5499 7003 7923 8261 9277 10761 
#module 537 size: 8 bs: 0.840484
1516 3384 4132 6496 6893 8172 8174 10359 
#module 538 size: 11 bs: 1.00565
1001 2908 3399 3449 3842 5334 7010 7446 8159 8730 8840 
#module 539 size: 4 bs: 0.250386
4522 4931 7242 9508 
#module 540 size: 7 bs: 0.21204
191 1199 3083 3864 6165 6527 7689 
#module 541 size: 27 bs: 0.1297
582 812 1653 2138 2253 2442 3496 3756 4037 4611 4652 4662 4975 5106 5362 5586 5870 5931 6034 6687 7123 7374 8065 8879 9890 10102 10779 
#module 542 size: 13 bs: 0.747175
109 683 722 1414 4104 4300 4849 6610 7203 7319 8628 8671 10699 
#module 543 size: 7 bs: 0.978278
2658 6274 6424 7963 8382 8641 9743 
#module 544 size: 11 bs: 0.189567
680 1144 1167 1502 3939 4573 5636 8404 9115 9581 10402 
#module 545 size: 10 bs: 0.717635
210 3740 3816 4025 7205 7582 8265 8592 8815 11136 
#module 546 size: 27 bs: 0.622708
72 214 303 694 783 903 1443 1720 2462 2557 3386 3424 3541 3554 3663 3810 4319 4571 5390 5432 7182 7253 8336 8727 9423 9688 10942 
#module 547 size: 29 bs: 0.672093
268 711 1142 1635 1719 2024 2931 3411 3729 3742 3751 3799 4797 4867 5045 5119 5956 5988 6474 7170 8427 8710 8790 8859 9623 9848 9901 10120 10705 
#module 548 size: 9 bs: 1.01812
2277 2960 3301 4435 5188 5430 6344 9362 11412 
#module 549 size: 4 bs: 0.833592
2927 4950 8385 9150 
#module 550 size: 62 bs: 0.460236
469 518 704 1010 1135 1286 1335 1553 1760 1877 2527 3494 3550 3686 3711 3877 3940 3995 4038 4157 4213 4317 4756 4764 4817 4869 5017 5114 5467 5539 5665 5820 5881 6046 6335 6393 6395 6508 6763 6883 6945 7071 7141 7181 7365 7394 7649 7766 8040 8670 8987 9006 9045 9286 9500 9814 10051 10508 10826 10838 11024 12506 
#module 551 size: 10 bs: 0.128586
600 877 1423 1750 2455 3388 4264 6663 6956 8333 
#module 552 size: 6 bs: 0.198911
1039 1639 1685 2515 5971 10605 
#module 553 size: 10 bs: 0.922675
4139 5810 7300 7379 9002 9151 9960 10165 10870 11209 
#module 554 size: 16 bs: 0.230705
565 1072 2077 2436 2525 2660 2791 5425 5454 5462 5810 5829 5946 9173 9674 11124 
#module 555 size: 6 bs: 0.463139
982 1513 3022 9560 10869 11027 
#module 556 size: 10 bs: 1.00275
1601 3646 6147 6366 6945 7009 7316 7324 8416 9074 
#module 557 size: 23 bs: 0.41464
106 191 1332 2538 3074 3572 3624 4140 4206 4337 4405 5411 5744 6257 7286 8080 8592 8843 9011 9039 9357 9752 10680 
#module 558 size: 23 bs: 1.01603
210 211 354 1287 1371 1533 1539 1730 2531 2756 3212 4298 4841 5071 5165 5988 7000 7205 7283 7709 7847 8907 10649 
#module 559 size: 8 bs: 0.659331
1441 2385 2733 3305 4699 4841 8033 8595 
#module 560 size: 12 bs: 0.495426
487 2646 2837 3651 3860 4101 6892 7372 7529 7905 9161 11100 
#module 561 size: 6 bs: 1.08701
299 526 2281 6291 7986 9416 
#module 562 size: 23 bs: 0.609535
84 1282 2041 2928 3032 3240 3246 3492 3799 3985 4341 4462 4475 5045 5357 6091 7024 7088 8095 8422 9773 10103 10123 
#module 563 size: 4 bs: 0.676588
1253 1380 2505 6267 
#module 564 size: 16 bs: 0.583831
137 986 2383 2756 3002 4360 5295 6039 6177 6351 7000 8575 9880 10181 10811 10885 
#module 565 size: 103 bs: 1.04996
173 559 564 1105 1119 1214 1291 1364 1441 1496 1620 1723 1759 2055 2092 2129 2155 2296 2447 2553 2588 2677 2703 2725 2759 2836 2913 3138 3188 3385 3425 3448 3449 3486 3603 3841 3873 3936 3997 4061 4129 4415 4655 4837 5067 5079 5165 5622 5727 5756 5830 5899 5915 6364 6430 6448 6515 6529 6645 6652 6751 6870 6936 6953 7016 7096 7130 7444 7454 7674 7779 7875 7897 7911 7960 8179 8550 8736 8808 8894 8903 8945 9027 9040 9408 9810 9833 10056 10193 10238 10469 10547 10557 10583 10651 10672 10698 10723 10936 11015 11134 11601 12586 
#module 566 size: 19 bs: 0.263388
165 300 493 1630 1818 3043 3759 4370 5149 5225 5295 5899 6009 7611 7714 10140 10241 10832 11243 
#module 567 size: 29 bs: 0.235232
27 364 389 638 786 981 1220 1522 2469 2504 2703 3092 3900 3978 4568 5012 6268 7021 7328 7404 7681 8283 8431 8470 8980 10042 10469 10985 11699 
#module 568 size: 27 bs: 1.04036
120 1137 2073 2338 2421 3106 3660 3726 4061 4449 4845 4904 5050 5386 5856 6591 7026 7087 8684 8920 9355 9458 9783 10118 10923 12125 12746 
#module 569 size: 21 bs: 0.370684
440 1524 1628 2496 2746 3106 3121 3324 3641 4764 4932 5278 5419 5541 5779 5780 6456 6831 9042 9531 10887 
#module 570 size: 30 bs: 0.174527
20 924 1001 1302 1374 1933 2329 2346 2531 3532 4709 5034 5182 5295 5763 5830 6575 6626 7271 8977 9062 9401 10238 10469 10728 10747 10812 10832 10888 11593 
#module 571 size: 8 bs: 0.154263
992 1261 4468 7027 7870 9362 9929 10275 
#module 572 size: 17 bs: 0.635572
21 1390 2117 2172 2454 2818 2820 4049 4417 4512 5345 5770 6249 6973 7252 7865 10560 
#module 573 size: 5 bs: 0.827495
1063 6185 7067 11441 11703 
#module 574 size: 34 bs: 0.113123
166 270 1626 2028 2103 2691 2838 2889 3236 3244 3382 3829 3835 3898 4143 4338 4577 4610 5526 5554 5867 6035 6058 7723 8142 8299 8582 8672 8706 8728 9007 9049 9919 12003 
#module 575 size: 27 bs: 0.860807
32 863 1346 1509 1544 1640 1673 1979 2576 2578 2955 3153 3932 4090 4694 5779 6202 6273 6362 6789 7008 7229 9284 9793 10108 10692 10695 
#module 576 size: 35 bs: 0.365424
27 142 1092 1843 2509 2990 3227 3693 3899 4003 4256 4957 5240 6008 6082 6158 6317 6372 6416 6421 6528 6903 7119 7175 7364 7451 7855 8070 8828 8920 9473 9572 10041 10455 10718 
#module 577 size: 7 bs: 1.09687
560 2615 3345 4865 5074 8108 10895 
#module 578 size: 7 bs: 0.878596
925 2550 6542 7455 8098 8918 10857 
#module 579 size: 54 bs: 0.864284
58 108 343 366 907 1069 1074 1318 1428 1774 2403 3032 3227 3310 3531 3592 3606 4023 4159 4235 4497 4552 5085 5323 5408 5630 5803 6041 6064 6462 6472 6588 6715 6909 7304 7380 7396 7547 8176 8213 8329 8802 8890 8989 8991 9268 9569 9667 9852 10284 10636 10755 10758 11274 
#module 580 size: 4 bs: 1.09749
257 5993 6917 10950 
#module 581 size: 18 bs: 0.348884
196 637 963 1212 1732 1882 2653 3135 3198 4127 4141 4543 4781 7227 7816 9276 9465 10853 
#module 582 size: 35 bs: 1.04828
75 411 894 924 1222 1399 2408 2496 2937 3106 4135 4149 4383 4534 4772 5431 5730 6546 6675 7042 7157 7260 7299 7466 7971 8150 8164 8766 9172 9496 9986 10462 10632 10858 10898 
#module 583 size: 5 bs: 0.323336
1385 1946 4356 5055 5551 
#module 584 size: 6 bs: 0.190493
810 5232 6156 6607 7967 9836 
#module 585 size: 12 bs: 0.409169
325 1081 1188 1287 2551 2714 4000 5599 5804 7339 8912 10623 
#module 586 size: 6 bs: 0.724451
1660 2224 3264 5322 5996 6869 
#module 587 size: 4 bs: 0.708146
3281 3368 3692 7690 
#module 588 size: 9 bs: 0.218912
2919 3390 3631 3967 4900 5641 8041 8258 9666 
#module 589 size: 19 bs: 0.994575
2713 3746 3891 4384 4757 5418 5802 6247 6376 6675 6878 8685 9355 9464 9535 9620 9777 9959 10531 
#module 590 size: 23 bs: 0.291486
40 981 1540 2407 2703 4462 4605 5033 5038 5520 5581 5764 6345 6640 6954 7609 8485 8633 8811 9735 10287 10316 10783 
#module 591 size: 5 bs: 0.59087
2179 5666 5992 8446 8518 
#module 592 size: 19 bs: 0.960047
328 655 832 2083 2616 4019 6280 6791 6979 7258 7259 7541 8139 8546 8873 9994 10481 11483 11498 
#module 593 size: 87 bs: 0.81369
12 34 40 47 583 690 1022 1273 1409 1474 1481 1661 1734 1907 1913 2132 2164 2184 2280 2378 2404 2465 2592 2609 2851 3023 3185 3203 3211 3319 3341 3351 3364 3644 3655 3728 3741 3766 3787 3878 3909 3951 4005 4052 4068 4285 4909 5054 5287 5577 5986 6033 6054 6116 6149 6540 6566 6717 6718 6725 7087 7411 7413 7535 7571 7828 8025 8272 8562 8588 8636 8697 8853 9397 9442 9490 9675 9679 9708 9741 9791 9792 9850 9955 10018 10225 12862 
#module 594 size: 37 bs: 0.307483
456 528 638 713 995 998 1394 1457 1729 2090 2472 3144 3560 3767 4199 4232 4385 4492 4761 4854 5173 6636 7072 7263 7617 7773 8098 8704 9095 9614 9894 10000 10045 10329 10653 10911 11025 
#module 595 size: 19 bs: 0.845658
1214 1240 1417 2289 2451 2693 3286 3747 4764 4910 7196 7457 7506 7627 7818 8099 9181 9531 11145 
#module 596 size: 12 bs: 0.139403
54 894 1608 3863 4993 5730 7044 7505 7623 8766 8877 10632 
#module 597 size: 7 bs: 0.882509
566 4805 5336 5522 6027 8960 9512 
#module 598 size: 33 bs: 0.458966
432 783 981 1789 2990 3968 3984 4442 4461 4486 5185 5363 5391 5582 5949 5959 5967 6795 7131 7380 8263 8286 8381 8468 8696 8886 9239 9518 10002 10196 10517 10866 10971 
#module 599 size: 17 bs: 0.585746
348 3310 3449 3531 3571 5079 5774 5821 6641 6742 6805 6899 6953 8890 8989 10369 10819 
#module 600 size: 23 bs: 0.682783
1825 2097 2918 3187 3874 4465 4545 4778 4989 5548 6107 6262 6835 7110 7337 7437 7571 7657 8618 8845 9404 11210 12584 
#module 601 size: 7 bs: 0.990182
951 5222 7132 7146 7715 8235 10275 
#module 602 size: 14 bs: 0.346323
1183 2636 2910 4081 4437 4744 5817 6093 6290 6931 7051 7151 9368 11015 
#module 603 size: 16 bs: 1.0012
459 670 1093 1181 4985 5310 5858 6202 6527 7026 7229 7407 8660 8936 10210 10692 
#module 604 size: 18 bs: 0.905824
41 1110 1328 1576 1806 1812 5549 6207 6317 6486 7386 8150 8230 8610 8765 9515 10010 10618 
#module 605 size: 12 bs: 0.496851
792 2269 2434 2527 3131 3409 5192 6024 7658 8656 9825 10107 
#module 606 size: 169 bs: 0.813021
1 6 39 99 225 272 300 381 392 403 446 554 559 573 624 700 975 1098 1105 1122 1130 1174 1223 1290 1318 1363 1381 1383 1422 1439 1479 1629 1651 1807 1831 1966 2040 2142 2333 2346 2484 2488 2513 2563 2580 2590 2619 2666 2719 2991 3089 3318 3340 3349 3382 3444 3452 3454 3458 3462 3520 3535 3562 3572 3695 3890 3933 3941 3972 4182 4280 4386 4567 4698 4728 4825 4855 4861 4880 4938 5067 5128 5183 5265 5284 5290 5628 5630 5660 5662 5708 5737 5766 5836 5857 5942 5954 6003 6007 6029 6081 6089 6134 6328 6576 6651 6699 6834 6853 6867 6907 7036 7047 7122 7200 7466 7521 7547 7849 7873 7901 8031 8131 8160 8179 8233 8253 8297 8347 8421 8494 8523 8571 8618 8640 8668 8757 8813 9016 9144 9353 9436 9456 9496 9521 9546 9577 9784 9800 9824 9923 10002 10079 10186 10211 10224 10574 10691 10693 10701 10809 10826 10862 10920 10999 11069 11093 11255 12019 
#module 607 size: 12 bs: 0.590228
813 1827 2208 4431 4929 5214 5217 5530 5833 7097 8830 10927 
#module 608 size: 22 bs: 0.326082
7 561 811 1255 1349 1598 1983 1987 2829 3080 4273 6108 6123 6440 6738 6896 7429 8106 8409 8549 8573 9200 
#module 609 size: 16 bs: 0.708245
341 2707 3540 3642 3795 3993 4308 4921 6373 6984 7647 7685 8266 8990 9963 10674 
#module 610 size: 23 bs: 1.09583
1160 1564 1586 2152 3259 3790 3795 3958 6391 6468 7044 7351 7378 7968 8254 8322 8371 9040 9208 9893 9950 10135 12492 
#module 611 size: 12 bs: 0.91582
52 858 909 2268 3004 3119 4377 4462 4572 6341 6710 9517 
#module 612 size: 55 bs: 1.09264
543 899 1156 1188 1430 1526 1722 1726 2176 2313 3279 3320 3440 3508 3685 3791 3962 3999 4089 4326 4613 4707 5051 5146 5157 5196 5377 5459 5599 5804 6110 6455 6599 6711 7240 7406 7456 7669 7719 7941 8071 8267 9127 9174 9274 9635 9709 9740 10256 10355 10472 10624 10637 10866 11150 
#module 613 size: 36 bs: 0.382565
78 345 394 413 531 975 976 1416 1522 1564 2696 2717 3198 3396 3613 3856 3997 4398 4903 4976 5363 5556 6094 6628 6745 7053 8219 8719 8724 9096 9192 9296 9961 10126 11270 11335 
#module 614 size: 8 bs: 0.776914
1369 1421 2372 3036 3251 4540 6142 11269 
#module 615 size: 11 bs: 0.960645
1282 1525 1614 3234 4030 4207 5059 8421 9566 9858 11006 
#module 616 size: 23 bs: 0.655604
227 707 1785 2252 3121 3124 3393 3641 3977 4018 4893 4922 5004 5093 5449 7149 7549 7999 9629 10346 10593 10816 10881 
#module 617 size: 9 bs: 0.975173
922 5363 7370 7800 8001 8098 9046 9309 11012 
#module 618 size: 47 bs: 0.715486
27 350 432 514 569 589 1110 1282 2068 2074 2319 2346 2955 2979 3032 3265 3799 3802 3806 4179 4310 4481 4990 5050 5355 5660 5988 6287 6620 6903 6964 6992 7011 7095 7334 7702 8286 8381 8555 8719 8890 8982 10323 10898 10922 11031 12575 
#module 619 size: 9 bs: 0.668653
686 2160 3786 5061 5089 6701 7496 7861 8741 
#module 620 size: 17 bs: 0.639249
216 774 1211 2747 2941 3706 4077 5221 5555 5831 8008 8279 8374 10303 10902 11487 11488 
#module 621 size: 16 bs: 0.989963
625 2947 3065 3178 3478 4002 4044 5388 6201 7379 7673 8858 9862 10800 11095 12663 
#module 622 size: 107 bs: 0.786487
176 494 495 581 765 835 898 1024 1036 1119 1263 1369 1503 1522 1564 1656 1703 1994 2027 2035 2076 2115 2151 2509 2583 2619 2668 2741 2872 2891 2978 3502 3883 3903 4134 4151 4168 4190 4202 4256 4353 4531 4717 4722 5065 5274 5341 5498 5503 5558 5587 5618 5836 5853 5901 5917 6003 6015 6070 6082 6171 6266 6305 6307 6390 6401 6506 6597 6621 6638 6741 6774 7079 7140 7309 7368 7617 7888 7935 8234 8288 8294 8559 8728 8874 8958 8965 9040 9125 9239 9435 9460 9601 9603 9656 9664 10034 10311 10367 10514 10629 10634 10700 10711 11451 11475 12426 
#module 623 size: 18 bs: 0.747645
159 442 475 1611 1620 1819 2325 2377 3052 3676 5910 6942 7104 7271 7310 7731 10012 10104 
#module 624 size: 17 bs: 1.09136
346 1228 1850 4583 5129 6013 6197 6467 6560 6728 7767 8178 8589 11241 11334 12609 12652 
#module 625 size: 7 bs: 0.327263
571 1204 1782 3825 5810 8857 10765 
#module 626 size: 86 bs: 0.279584
75 143 155 157 650 873 976 1035 1109 1234 1289 1566 1692 1804 1915 1947 2044 2194 2242 2293 2463 2921 3032 3055 3290 3444 3486 3625 3920 3965 4073 4274 4494 4626 4675 4697 4819 5142 5278 5581 5746 5835 6030 6390 6449 6481 6609 6806 6825 7070 7153 7507 7746 7783 7790 7839 7873 7978 8221 8289 8292 8329 8407 8719 8880 8899 9144 9200 9318 9339 9632 9712 9723 9761 9817 9958 9995 10134 10457 10527 10666 10982 11419 11463 11572 12624 
#module 627 size: 382 bs: 0.293069
98 110 188 238 292 327 334 371 421 430 434 454 491 522 530 544 552 567 588 621 710 714 834 839 847 852 872 879 891 911 943 945 1033 1090 1175 1176 1178 1182 1221 1299 1373 1376 1406 1436 1452 1458 1465 1534 1548 1556 1566 1593 1650 1655 1809 1829 1872 1873 1886 1911 1915 1917 1973 1988 1998 2018 2028 2043 2044 2052 2064 2082 2095 2126 2171 2193 2242 2251 2255 2259 2267 2268 2286 2321 2461 2482 2486 2518 2533 2535 2577 2596 2665 2712 2792 2802 2815 2850 2864 2868 2916 2923 2983 3008 3030 3045 3054 3078 3116 3159 3172 3184 3207 3216 3221 3230 3237 3263 3274 3311 3317 3374 3474 3511 3537 3549 3552 3561 3571 3582 3586 3591 3595 3610 3730 3745 3796 3852 3865 3894 3906 3920 3922 3965 3966 3982 4035 4121 4138 4153 4190 4200 4201 4249 4288 4290 4296 4355 4480 4529 4562 4580 4608 4622 4636 4638 4646 4689 5019 5022 5035 5078 5142 5167 5186 5226 5237 5282 5321 5359 5388 5393 5394 5436 5439 5465 5491 5506 5560 5563 5585 5612 5643 5695 5705 5731 5749 5775 5883 5923 5932 5969 5985 6006 6012 6023 6042 6064 6075 6080 6086 6112 6130 6141 6168 6297 6337 6338 6371 6416 6420 6434 6441 6454 6464 6477 6507 6536 6562 6633 6649 6694 6709 6730 6827 6873 6906 6920 6939 6957 6996 7055 7081 7098 7102 7107 7135 7200 7254 7257 7306 7399 7471 7485 7530 7544 7555 7576 7628 7697 7706 7750 7783 7786 7811 7827 7878 7898 7903 7957 7961 7977 7979 7985 8091 8124 8138 8190 8221 8249 8292 8307 8335 8352 8363 8364 8366 8368 8373 8376 8397 8407 8408 8419 8569 8629 8701 8723 8737 8762 8772 8826 8851 8866 8929 8966 9008 9073 9114 9139 9163 9221 9260 9305 9338 9373 9413 9418 9427 9467 9475 9478 9513 9525 9588 9598 9632 9656 9661 9662 9677 9685 9689 9742 9761 9825 9901 9926 10057 10098 10115 10153 10191 10298 10299 10324 10377 10474 10512 10534 10591 10640 10659 10666 10685 10701 10710 10712 10715 10739 10754 10767 10771 10777 10810 10816 10852 10919 10932 10945 10967 10987 11008 11107 11159 11400 11419 11711 12170 12527 12792 13065 
#module 628 size: 82 bs: 0.422887
74 319 323 475 570 638 709 1059 1182 1238 1472 1567 1682 1821 2044 2068 2098 2342 2460 2484 2492 2706 2864 2983 3032 3303 3336 3359 3444 3451 3534 3773 3917 4194 4205 4257 4369 4399 4401 4693 4775 4891 5141 5158 5352 5764 5788 5865 5901 6025 6045 6236 6337 6390 6416 6546 6626 6736 6806 6908 7492 7515 8101 8105 8221 8645 8736 8810 8957 9192 9658 9808 9912 10388 10527 10891 10898 10919 11016 11196 11415 12679 
#module 629 size: 36 bs: 0.532372
173 318 356 417 548 642 1349 1711 1935 2322 2438 2587 3021 3265 3341 3464 3489 3753 4335 4839 5610 6480 6782 6798 6805 6817 6988 7730 8580 8847 8998 9034 9216 10378 10687 11611 
#module 630 size: 11 bs: 0.229604
2708 3035 3040 3053 4070 8048 8635 9595 9873 10121 10839 
#module 631 size: 38 bs: 0.866679
485 534 1115 1326 1554 2108 2110 2609 3218 4142 4240 4603 5053 5307 5801 6143 6213 6529 6538 6578 6805 7085 7308 7442 7873 7932 7934 8059 8161 8515 8904 8939 8989 9100 10132 10277 10918 12874 
#module 632 size: 6 bs: 0.928481
550 2343 5228 6083 8940 10082 
#module 633 size: 13 bs: 0.315915
169 1411 2186 4705 5401 5448 5785 6312 7446 9714 11029 11225 11383 
#module 634 size: 17 bs: 0.824551
153 1523 2373 3410 4069 4307 5444 6739 6900 7468 7514 7794 7871 9042 9167 9486 10273 
#module 635 size: 168 bs: 0.478436
51 203 264 529 800 807 893 896 959 1042 1172 1229 1266 1456 1482 1587 1615 1638 1743 1791 1816 1826 1830 1888 1895 1906 1969 1970 1972 1976 1984 2008 2029 2079 2206 2257 2265 2266 2365 2446 2582 2589 2793 2817 2936 2951 2956 2996 3001 3012 3147 3170 3379 3423 3475 3708 3857 4108 4171 4238 4352 4387 4509 4519 4642 4747 4766 4836 4851 4923 4964 4973 5008 5135 5176 5457 5476 5573 5596 5625 5645 5648 5736 5838 5854 5886 5920 5997 6057 6124 6286 6295 6316 6320 6339 6583 6604 6617 6716 6719 6766 7031 7035 7075 7199 7268 7292 7425 7472 7523 7525 7705 7775 7803 7812 8074 8075 8275 8309 8453 8458 8511 8541 8822 8999 9021 9075 9085 9307 9329 9345 9499 9516 9546 9561 9607 9672 9691 9718 9744 9768 9945 9976 10096 10157 10255 10383 10461 10465 10502 10518 10592 10626 10631 10635 10707 10713 10735 10823 10837 10855 10990 11085 11130 11265 11552 12654 12902 
#module 636 size: 45 bs: 0.384034
122 314 383 620 818 1155 1343 1352 1706 3463 3665 4072 4146 4216 4554 4812 4866 5026 5151 5193 5351 5375 5512 5556 5650 5898 6052 6578 6590 6922 6990 8038 8081 8205 8412 9678 9763 10233 10420 10448 10700 11162 11435 11491 12523 
#module 637 size: 12 bs: 1.05045
2051 2375 2487 2780 3776 5953 6060 6877 7315 8683 9600 10336 
#module 638 size: 18 bs: 0.869093
13 93 1372 1838 2481 2506 2572 3174 3761 4312 5417 5702 6349 7624 8082 8231 8777 9806 
#module 639 size: 59 bs: 0.745689
222 636 905 1123 1445 1512 1618 1795 2178 2699 2736 2976 3010 3114 3498 3689 3916 3918 4079 4230 4282 4325 4444 5267 5518 5559 5616 5811 5943 6111 6181 6336 6523 6865 6970 7134 7363 7470 7720 7854 7859 7989 8611 8817 8907 9122 9529 10387 10551 10564 10736 10766 10826 10854 10899 10944 11108 11393 11717 
#module 640 size: 22 bs: 0.824963
271 1528 1725 2294 2528 2559 3087 3518 4582 4595 4809 6567 7420 7447 7565 7680 8107 8394 8437 8647 9298 11009 
#module 641 size: 40 bs: 0.270336
29 116 190 1733 1763 1765 1812 2695 2925 3067 3154 3210 3299 3411 3907 4014 4485 5204 5279 5557 5564 5939 6002 6251 6491 6621 6761 7364 7663 7683 7740 7886 8661 9138 9612 9759 10143 10526 10883 12889 
#module 642 size: 65 bs: 0.877907
172 312 362 370 377 420 572 604 699 803 919 1233 1867 1889 2185 2302 2607 2860 2861 3079 3123 3287 3352 3362 3429 3490 3500 3525 3616 3675 3743 4247 4792 4967 5181 5571 5647 5672 5691 5973 6074 6321 6647 6892 6949 7538 7686 7727 7749 7938 8347 8648 8804 8915 8921 9123 9547 10033 10151 10599 11189 11192 11193 12582 12977 
#module 643 size: 15 bs: 0.822957
217 424 716 2101 2166 2311 2520 2775 5495 6085 6239 7556 8740 10073 10610 
#module 644 size: 12 bs: 0.69626
647 2308 2739 3247 3601 4599 5922 6186 7298 8878 9537 10908 
#module 645 size: 268 bs: 0.942718
39 53 65 273 313 385 461 658 668 675 687 823 843 913 930 990 1013 1017 1022 1057 1163 1190 1198 1242 1272 1293 1306 1313 1320 1389 1475 1506 1508 1537 1546 1658 1688 1735 1755 1803 1830 1871 1908 1957 1968 2022 2039 2071 2100 2131 2133 2202 2273 2275 2300 2307 2332 2362 2467 2514 2562 2611 2664 2727 2766 2812 2830 2845 2881 2892 2909 2935 3105 3111 3127 3222 3257 3289 3403 3404 3405 3413 3493 3530 3539 3568 3600 3683 3702 3732 3752 3792 3875 3970 3979 4008 4011 4017 4062 4125 4174 4175 4303 4311 4323 4344 4375 4421 4526 4679 4687 4704 4745 4749 4917 4958 4970 4973 5057 5097 5115 5125 5127 5136 5145 5153 5184 5229 5246 5257 5297 5569 5589 5605 5609 5684 5685 5773 5882 5934 6058 6100 6118 6263 6284 6494 6514 6616 6678 6679 6692 6777 6783 6801 6807 6882 6919 6980 7023 7066 7176 7187 7191 7223 7241 7255 7284 7285 7330 7483 7498 7562 7570 7584 7592 7605 7608 7651 7660 7678 7781 7817 7831 7916 7928 8072 8085 8149 8157 8191 8212 8377 8450 8453 8473 8475 8524 8531 8536 8566 8568 8593 8789 8823 8875 8930 8972 9025 9107 9185 9218 9222 9245 9250 9269 9360 9371 9454 9578 9583 9586 9657 9660 9694 9771 9778 9843 9878 9891 9946 9992 9998 10047 10068 10075 10111 10156 10169 10379 10389 10413 10416 10436 10441 10493 10566 10582 10611 10738 10814 10823 10841 10850 10962 10965 10969 11023 11082 11117 11138 11139 11146 11395 11429 11513 12618 12896 13062 
#module 646 size: 8 bs: 0.277596
1202 3013 4071 4209 5888 7094 9573 10282 
#module 647 size: 18 bs: 0.847512
304 713 1366 1580 1821 3130 4115 5213 5725 6698 6872 8115 8613 9220 9774 9973 10022 10629 
#module 648 size: 19 bs: 0.578594
857 1739 2109 2409 2819 3219 3381 6271 6388 7044 7184 8114 8881 9062 9098 9831 10319 10532 10997 
#module 649 size: 27 bs: 0.604327
185 1042 1078 1439 1582 2054 2315 2428 2521 3191 3478 4048 4168 4216 4650 5901 6235 7231 7248 7549 7769 8006 8666 9020 9949 11473 12638 
#module 650 size: 15 bs: 0.994908
487 1520 1678 3604 4513 5342 6208 6569 6748 7597 7711 8459 8971 11018 12475 
#module 651 size: 15 bs: 0.852293
260 467 606 1002 1149 1294 2804 5360 5606 6217 6582 6646 9211 10587 12626 
#module 652 size: 21 bs: 1.08656
672 982 988 1944 2620 3118 4047 4523 6018 6206 6440 6450 7128 7709 7882 8103 8537 8676 9534 10164 10753 
#module 653 size: 30 bs: 0.226225
432 809 939 1505 1594 1794 2346 3589 3705 3717 3973 4176 4670 4762 5529 5760 5994 6226 6408 6907 7133 8314 8317 8355 8586 8830 10764 10772 11495 12679 
#module 654 size: 10 bs: 0.285886
2337 3155 3670 4092 5674 5841 6073 7358 7633 7751 
#module 655 size: 13 bs: 0.463847
1127 1177 1336 2650 4192 4335 7377 8837 8868 10100 10223 10443 11556 
#module 656 size: 35 bs: 0.521254
76 871 980 1348 1473 1575 1707 2187 2340 2452 2896 3315 3513 3845 3943 5509 5653 5935 6005 6310 6383 6810 6840 7040 7279 7359 7381 7396 8356 9627 9757 9860 10046 10311 10729 
#module 657 size: 78 bs: 0.315582
26 47 333 433 480 761 780 842 1008 1354 1378 1661 1696 1862 1865 2042 2209 2298 2371 2557 2625 2671 2858 3076 3139 3396 3540 3597 3726 3915 3964 4051 4052 4061 4273 4327 4369 4542 4544 4701 4736 4784 4829 4916 5134 5187 5206 5380 5386 5963 6016 6088 6199 6471 6600 6601 6659 6706 6750 6941 6950 7008 7042 7521 7564 7585 7659 9047 9189 9355 9720 9783 9841 10182 10490 10693 10956 12494 
