#module 0 size: 2 bs: 0.0133447
3697 6278 
#module 1 size: 2 bs: 0.0288531
2305 4720 
#module 2 size: 6 bs: 0.010926
940 1111 4151 4470 5587 6895 
#module 3 size: 2 bs: 0.0895952
3390 5704 
#module 4 size: 38 bs: 0.0431941
34 117 282 303 427 933 936 1325 1335 1820 1834 2264 2276 2290 2359 2370 2612 2782 3313 3431 3560 3641 3721 3953 3978 4438 4474 4557 4646 4749 5085 5167 5520 5968 6074 6598 6647 6804 
#module 5 size: 4 bs: 4.11149e-12
3068 3701 3746 5747 
#module 6 size: 3 bs: 2.87523e-11
1184 1594 1595 
#module 7 size: 4 bs: 6.02439e-08
1331 1922 2216 5440 
#module 8 size: 2 bs: 4.78362e-08
463 4608 
#module 9 size: 2 bs: 1.31702e-06
1569 1570 
#module 10 size: 2 bs: 5.35838e-12
1990 6856 
#module 11 size: 11 bs: 1.74857e-06
418 419 683 1039 1571 1732 2523 3034 4004 5635 6654 
#module 12 size: 3 bs: 2.6239e-12
957 3228 3899 
#module 13 size: 6 bs: 4.42661e-102
1231 1354 3844 4696 4830 6753 
#module 14 size: 10 bs: 0.0203714
1201 1560 4076 4515 5188 5499 5592 5711 6275 6406 
#module 15 size: 3 bs: 6.69212e-05
1552 2784 6401 
#module 16 size: 5 bs: 1.26742e-10
968 3910 4852 6311 6542 
#module 17 size: 2 bs: 2.26891e-09
5612 6755 
#module 18 size: 3 bs: 8.65195e-101
2658 5551 6806 
#module 19 size: 8 bs: 0.0182368
4657 5560 5578 5885 5894 6227 6285 6301 
#module 20 size: 5 bs: 0.00102977
221 585 5150 5372 6329 
#module 21 size: 7 bs: 4.22282e-08
60 1880 2120 3041 4257 4701 6655 
#module 22 size: 9 bs: 3.90193e-101
1500 2078 3643 3716 4274 5158 5250 5605 5679 
#module 23 size: 6 bs: 0.000529948
124 296 1245 1681 2360 6644 
#module 24 size: 7 bs: 2.21888e-10
1461 2863 4842 4980 5971 6046 6795 
#module 25 size: 4 bs: 5.55112e-16
2433 4235 4487 6785 
#module 26 size: 7 bs: 1.22125e-14
173 720 2112 2803 5882 6346 6833 
#module 27 size: 3 bs: 6.44101e-07
1057 4868 5562 
#module 28 size: 3 bs: 1.78411e-07
1744 1745 2910 
#module 29 size: 4 bs: 0.0181893
656 2668 3847 5223 
#module 30 size: 4 bs: 9.25647e-07
2192 4662 4670 6447 
#module 31 size: 10 bs: 0.0253623
1392 1743 4013 4041 4149 4196 5092 5243 5805 5916 
#module 32 size: 17 bs: 0.0230052
660 748 1699 1891 2130 2842 2894 3159 3818 4257 4547 4579 4885 5593 5688 5799 6394 
#module 33 size: 11 bs: 1.55676e-06
227 852 1245 1891 3620 4482 5025 5253 5319 5464 5891 
#module 34 size: 12 bs: 9.10383e-15
536 2193 3276 3463 3470 3707 3759 4130 4828 5094 6137 6320 
#module 35 size: 3 bs: 3.38587e-11
2637 2672 4308 
#module 36 size: 13 bs: 5.55112e-16
1234 1671 2032 2481 2955 3406 3555 3926 4034 5195 5788 6063 6562 
#module 37 size: 15 bs: 0.0456028
70 969 1140 3184 3679 3691 4320 4566 5064 5242 5417 5600 5899 6146 6894 
#module 38 size: 10 bs: 3.97342e-08
49 625 756 1572 3881 4222 4284 4886 5069 5342 
#module 39 size: 31 bs: 0.332229
15 67 390 437 818 942 1011 1132 1349 1381 1794 1849 2115 2183 2452 3627 3686 3779 3886 4039 4257 4455 5522 5566 5801 5842 6191 6197 6612 6779 6809 
#module 40 size: 3 bs: 0.29372
314 4040 5662 
#module 41 size: 11 bs: 0.944134
292 1535 1886 2455 2756 3532 3725 3776 3842 4178 6640 
#module 42 size: 7 bs: 0.502672
2424 2691 3563 4908 5541 6423 6814 
#module 43 size: 15 bs: 0.227799
492 730 1017 1132 1170 1422 1843 1971 1983 2259 2904 4697 5111 5270 6712 
#module 44 size: 26 bs: 0.512416
892 965 967 1127 1167 1170 1171 1172 1175 1176 1180 1181 1202 1906 2731 2910 4272 4276 5069 5471 5513 5555 5788 6064 6158 6518 
#module 45 size: 7 bs: 0.522615
1463 1864 1865 2112 3844 5388 5869 
#module 46 size: 48 bs: 0.26022
34 117 126 239 601 692 906 936 963 1107 1169 1250 1344 1461 1483 1834 2276 2290 2311 2312 2370 2574 2782 2899 3297 3313 3560 3696 3721 3783 4474 4646 4653 4695 4749 5085 5111 5271 5416 5470 5596 5994 6269 6338 6450 6598 6780 6867 
#module 47 size: 8 bs: 1.04834
100 503 923 1030 1897 2256 3715 5344 
#module 48 size: 27 bs: 0.784282
280 353 438 713 747 750 821 1453 1580 1951 2038 2200 2380 3021 3131 3145 3344 3416 3871 4811 4923 4924 4930 5558 5831 6017 6561 
#module 49 size: 11 bs: 0.333408
961 1012 1686 2883 4456 4667 4770 5556 5800 6297 6718 
#module 50 size: 7 bs: 0.985295
1343 2075 3477 4666 6212 6538 6654 
#module 51 size: 16 bs: 0.201484
864 1034 1081 1512 1700 1701 3464 3480 3569 3713 3716 3799 3800 4128 5604 6636 
#module 52 size: 14 bs: 0.590199
2 1467 2384 2647 2785 3024 3457 3570 4011 4757 4898 5838 5841 6902 
#module 53 size: 28 bs: 0.232095
41 882 996 1009 1013 2293 2715 2838 3011 3059 3178 3673 3750 3799 4065 4074 4078 4145 4147 4153 4744 5544 6474 6634 6681 6722 6857 6862 
#module 54 size: 9 bs: 0.302485
3457 4011 4153 4217 4247 4248 5129 5176 6188 
#module 55 size: 6 bs: 0.307001
1219 1457 2921 3450 4211 6745 
#module 56 size: 13 bs: 0.428592
1040 1239 1461 1835 1997 2058 4269 4726 5153 5850 6138 6255 6338 
#module 57 size: 31 bs: 0.312224
966 1272 1725 2149 2266 2331 2365 2417 2489 2565 2623 2685 2907 2929 3270 3306 3767 3931 4176 4336 4359 4509 4526 5164 5728 5756 6175 6354 6431 6468 6613 
#module 58 size: 9 bs: 0.814079
677 2115 2413 3213 3985 4573 4897 5891 6692 
#module 59 size: 4 bs: 0.96908
541 5593 5731 5734 
#module 60 size: 6 bs: 0.829993
185 673 2323 3812 4511 6472 
#module 61 size: 10 bs: 0.632943
1357 1529 1793 2968 3174 3783 4148 4184 5153 5282 
#module 62 size: 24 bs: 0.97467
549 568 712 901 948 1772 1978 2007 2347 2354 2432 2521 2816 2885 3398 3533 4634 4656 4985 5912 6179 6343 6497 6500 
#module 63 size: 21 bs: 0.263694
837 853 1031 1204 1257 1405 1494 1707 2002 2579 2596 3158 3379 3881 3884 4495 4671 5035 5462 6481 6867 
#module 64 size: 12 bs: 0.232085
590 639 673 1576 1691 2548 2670 2848 3783 5055 6476 6841 
#module 65 size: 8 bs: 0.899421
996 1455 2606 2851 4806 5985 6427 6636 
#module 66 size: 10 bs: 0.853716
134 1541 1782 1812 2037 2175 2465 3248 3500 5377 
#module 67 size: 19 bs: 0.957835
556 756 815 1299 1416 1805 2193 2438 2598 3198 3571 3711 4222 4450 4651 4801 4841 5199 6502 
#module 68 size: 21 bs: 0.301609
496 712 783 1775 1980 2019 2150 2404 3817 3898 4592 5015 5056 5385 5457 5478 5620 6081 6177 6206 6583 
#module 69 size: 19 bs: 0.280264
87 148 514 538 551 1676 1785 1946 1958 2783 2795 2840 4872 5144 5980 6471 6527 6709 6915 
#module 70 size: 13 bs: 0.777128
824 1574 2025 2804 3878 3981 4177 4180 4594 5683 6077 6259 6456 
#module 71 size: 6 bs: 0.759157
967 1196 3204 4705 5639 6115 
#module 72 size: 11 bs: 0.247983
599 618 1501 2436 4214 4307 4969 5726 6383 6789 6827 
#module 73 size: 15 bs: 0.973247
868 1295 1924 2317 2491 2680 2750 3442 3749 4337 4503 4548 5456 6053 6645 
#module 74 size: 11 bs: 0.957832
864 1918 2994 3643 3800 4744 4769 5328 5343 6669 6683 
#module 75 size: 22 bs: 1.06977
390 960 964 970 1128 1132 1174 1176 1177 1178 1180 1181 1712 2138 2146 2765 2909 3944 4538 5292 5777 6492 
#module 76 size: 22 bs: 0.612874
1080 1104 1160 1451 1564 2292 2355 2632 2967 3115 3120 3452 3688 3703 3855 4061 4083 4388 4664 4843 5272 6569 
#module 77 size: 30 bs: 0.606236
132 215 372 738 858 1342 1710 1950 1966 1976 2022 2129 2133 2208 2493 2610 2834 3249 3335 3358 3527 4627 4735 4821 5481 5784 5938 6478 6822 6848 
#module 78 size: 70 bs: 0.470766
59 104 145 182 592 789 879 1025 1304 1391 1401 1452 1714 1750 1882 1890 1904 1913 1916 1938 2068 2072 2098 2172 2179 2248 2254 2364 2394 2434 2560 2564 2728 2754 2778 2935 3005 3053 3224 3357 3359 3493 3549 3550 3657 3727 3735 4021 4114 4406 4528 4535 4536 4738 4784 4856 4893 4934 4938 5503 5511 5710 5723 5856 6100 6109 6370 6558 6703 6877 
#module 79 size: 6 bs: 0.619596
871 1179 1197 2084 4816 4833 
#module 80 size: 11 bs: 0.90714
70 147 321 1509 1627 2910 3679 5899 5900 6031 6142 
#module 81 size: 66 bs: 0.748962
123 420 596 682 695 773 841 874 876 1004 1237 1442 1511 1549 1554 1758 1799 1845 2018 2049 2712 2719 2801 2807 2824 2828 2932 2979 3064 3065 3223 3258 3279 3281 3394 3797 3854 3865 4030 4693 4805 5182 5241 5244 5269 5367 5384 5453 5514 5587 5629 5651 5665 5866 5872 5926 6054 6058 6182 6306 6531 6550 6687 6738 6847 6912 
#module 82 size: 17 bs: 0.81127
160 1478 2436 2684 2749 2941 2966 4138 5593 5725 5885 5894 6001 6104 6609 6615 6643 
#module 83 size: 17 bs: 1.06437
64 839 883 1515 1529 1995 2752 2937 3114 3800 4004 5200 5287 5420 5538 5754 6670 
#module 84 size: 17 bs: 0.455824
157 765 1683 2016 2104 2108 2111 2297 2400 2607 3050 3283 3572 3634 5692 5951 6616 
#module 85 size: 6 bs: 0.604457
1746 1747 2295 3832 4589 4990 
#module 86 size: 40 bs: 0.720362
29 291 336 381 518 919 927 1112 1418 1431 1573 1771 1796 1815 1948 2048 2091 3098 3233 3973 4029 4131 4646 4690 4719 4887 4906 5003 5196 5356 5537 5637 5855 6029 6237 6256 6661 6751 6777 6873 
#module 87 size: 28 bs: 0.221189
691 734 796 831 1288 1421 2341 2376 2903 2980 3302 3514 3545 3737 4009 4058 4144 4904 4957 5198 5273 5297 5371 5810 5975 5987 6498 6610 
#module 88 size: 18 bs: 0.308258
875 891 986 1353 1400 2097 2209 2469 2867 3293 3896 4642 5030 5419 5465 5516 6252 6849 
#module 89 size: 35 bs: 0.154936
217 1049 1210 1351 1454 1658 1693 1927 1948 2075 2563 2575 2641 3097 3232 3317 3598 3603 4166 4420 4582 5389 5556 5591 5622 5944 5948 6307 6348 6453 6546 6560 6742 6800 6861 
#module 90 size: 36 bs: 0.166997
235 527 569 674 730 1147 1160 1495 1505 1522 1687 1872 1971 2226 2439 2601 2682 2866 2940 3681 3708 3808 3869 4246 4618 4644 5193 5270 5364 5840 6043 6173 6247 6324 6794 6832 
#module 91 size: 54 bs: 0.529576
7 105 361 434 596 657 874 945 1004 1109 1230 1435 1442 1486 1554 1758 2515 2712 2807 2824 2829 2940 2979 3044 3065 3281 3394 3521 3681 3869 3885 4516 4683 4747 5182 5269 5298 5453 5480 6010 6054 6058 6111 6141 6163 6173 6204 6306 6378 6426 6531 6649 6738 6832 
#module 92 size: 54 bs: 0.845943
129 209 392 517 560 597 971 997 1290 1294 1334 1637 2076 2200 2206 2257 2573 2621 2671 2722 2798 2864 2919 3086 3328 3468 3777 4073 4311 4412 4436 4483 4586 5028 5438 5451 5470 5505 5525 5601 5640 5812 5844 5931 5947 6123 6264 6368 6537 6566 6792 6872 6893 6909 
#module 93 size: 13 bs: 0.607259
323 1088 1173 1651 3136 3458 4984 5017 5226 5695 6128 6340 6771 
#module 94 size: 23 bs: 0.563723
188 607 715 719 857 1022 1165 1349 2035 2041 2064 2154 2194 2252 3016 3221 3407 3417 3430 3712 3755 3789 4741 
#module 95 size: 19 bs: 0.645074
80 405 1003 2466 3226 3265 3268 3369 3505 4179 4358 4389 4652 5068 5199 5220 5613 5740 6657 
#module 96 size: 46 bs: 0.242104
191 300 374 400 422 433 958 1028 1437 1567 1578 1719 1866 2066 2328 2459 2638 2673 2734 2774 2961 2984 3032 3383 3436 3792 3802 3879 3925 3980 4186 4263 4354 4559 4643 5026 5029 5107 5238 5739 6034 6036 6509 6536 6640 6758 
#module 97 size: 8 bs: 0.136432
2379 4233 4544 4754 4926 5886 6630 6827 
#module 98 size: 38 bs: 0.176246
900 1008 1037 1081 1097 1674 1716 1940 2458 2551 2552 2635 2663 2851 3099 3166 3300 3503 3821 4011 4497 4517 4717 4790 5277 5321 5323 5408 5564 5785 5802 6107 6110 6238 6408 6605 6636 6918 
#module 99 size: 14 bs: 0.576361
154 717 740 2234 2969 3242 3314 3894 5011 5135 5319 5421 5963 6917 
#module 100 size: 6 bs: 0.394989
406 842 2032 5048 5114 6814 
#module 101 size: 20 bs: 1.05781
515 858 1186 1355 1440 1507 1710 2015 2363 2543 2964 2999 3244 4732 4883 4884 5232 5233 5351 6052 
#module 102 size: 35 bs: 0.332448
192 378 429 430 438 687 751 872 990 1016 1639 1670 1677 2230 2324 2522 2641 3021 3218 3389 3589 3606 3611 3796 3936 4190 4225 4617 4689 4811 5340 5678 6028 6135 6318 
#module 103 size: 8 bs: 0.810065
75 1057 3101 3643 4564 4690 5865 6134 
#module 104 size: 27 bs: 0.1618
298 582 673 991 1374 1443 1529 1598 1793 1934 2226 2570 2663 2849 3099 3300 3918 4184 4375 4612 4951 5266 5336 5632 5825 6427 6605 
#module 105 size: 18 bs: 1.08288
20 886 1772 2136 2241 2347 3909 3969 4473 4634 4679 4813 4929 6497 6500 6506 6592 6651 
#module 106 size: 29 bs: 0.588718
319 471 532 704 1503 1634 2553 2968 3132 3174 3330 3387 3875 3882 4184 4429 4580 4613 4620 4805 5043 5288 5357 5663 5884 6149 6457 6710 6724 
#module 107 size: 26 bs: 0.65797
357 895 897 1248 1737 1868 2195 2223 2442 2747 3175 3277 3619 3662 3761 3881 4165 4407 4415 4731 4874 5074 5191 5225 5584 5816 
#module 108 size: 18 bs: 0.298582
625 909 1434 2554 2955 3212 3285 3289 3557 3613 3975 4338 4602 4864 5490 5589 6059 6063 
#module 109 size: 27 bs: 0.130477
88 114 332 583 678 828 1059 1182 1847 2334 2589 2990 3274 3531 3742 4401 4837 4845 4888 5031 5210 5447 5454 5459 5488 6062 6133 
#module 110 size: 17 bs: 0.872325
916 1625 1825 2024 2284 3031 3039 4107 4364 4525 4700 4910 5862 5995 6263 6286 6772 
#module 111 size: 16 bs: 0.963274
54 474 982 1040 1044 1054 1497 1615 2847 2988 3445 4454 5240 6271 6528 6723 
#module 112 size: 31 bs: 0.956358
339 534 555 1007 1158 1311 1590 2391 2480 2610 2724 3027 3081 3177 3201 3273 3553 3765 3826 3964 4358 4462 4873 5079 5184 5318 5757 5902 6390 6458 6846 
#module 113 size: 15 bs: 0.486689
206 744 1092 1191 1525 1729 1928 1965 2375 2437 3996 4303 5131 5891 6616 
#module 114 size: 7 bs: 0.240892
1568 2073 3103 3714 3749 3989 6137 
#module 115 size: 45 bs: 0.439366
338 341 562 830 835 976 1369 1459 1606 1679 2117 2419 3682 3702 3739 3751 3810 3852 3902 3915 4016 4112 4258 4293 4368 4372 4447 4579 4595 4756 4758 4936 5194 5439 5634 5923 5976 6083 6174 6235 6270 6310 6594 6603 6905 
#module 116 size: 18 bs: 0.478216
380 1502 2102 2314 2315 2371 2620 2716 3737 3738 4047 4365 4891 5655 5860 5955 6589 6882 
#module 117 size: 11 bs: 0.677294
1581 2681 3420 4001 4238 5296 5875 5973 6313 6543 6819 
#module 118 size: 10 bs: 0.297932
380 609 1203 2506 2676 2726 4055 4357 5330 6882 
#module 119 size: 10 bs: 0.392408
453 573 658 2385 3440 3994 4903 5607 6322 6694 
#module 120 size: 174 bs: 0.803995
117 171 196 272 276 305 342 377 393 421 446 493 575 613 630 671 684 759 779 937 978 1028 1038 1039 1041 1042 1043 1051 1053 1056 1058 1082 1114 1194 1356 1360 1378 1456 1466 1490 1528 1575 1612 1619 1637 1663 1684 1740 1806 1875 1998 2000 2001 2008 2052 2147 2162 2164 2180 2196 2202 2207 2210 2212 2222 2260 2263 2286 2345 2390 2470 2473 2629 2645 2666 2717 2740 2746 2753 2794 2795 2806 2848 2849 2958 2973 3029 3110 3140 3160 3220 3235 3261 3295 3298 3324 3326 3338 3374 3419 3472 3484 3575 3748 3763 3791 3831 3840 3849 3905 4033 4044 4340 4379 4464 4500 4520 4537 4551 4593 4605 4606 4647 4706 4722 4723 4804 4809 4814 4840 4981 5002 5187 5211 5227 5236 5237 5238 5260 5261 5264 5302 5341 5489 5518 5533 5583 5635 5689 5733 5783 5792 5836 5864 5920 5995 6075 6117 6244 6309 6375 6379 6419 6438 6511 6525 6650 6690 6733 6790 6802 6852 6879 6883 
#module 121 size: 31 bs: 0.642525
42 304 449 626 628 709 740 1222 1234 1572 1919 2187 2650 2768 3119 3284 3557 3876 3881 3903 3954 4333 4356 4584 4810 4869 5407 5510 5614 5661 6268 
#module 122 size: 16 bs: 1.04475
719 2064 2377 2441 2444 2628 2684 3417 3430 3789 4590 5490 5725 6268 6479 6593 
#module 123 size: 67 bs: 0.975676
83 257 266 354 375 578 693 1018 1229 1241 1359 1582 1689 1828 1829 1853 1854 1907 1926 1986 2124 2156 2160 2211 2262 2287 2294 2316 2517 2528 2702 2703 2844 2845 2949 3082 3262 3291 3321 3358 3653 3661 3778 4116 4131 4461 4465 4780 5004 5106 5206 5276 5387 5466 5492 5773 5778 5809 5903 5967 6090 6186 6519 6635 6671 6828 6851 
#module 124 size: 22 bs: 0.636288
710 1090 1561 1935 2122 2245 2349 2506 2661 2676 2708 3004 3133 3216 3555 4014 4055 5348 5563 5677 6646 6750 
#module 125 size: 78 bs: 0.242134
166 179 254 469 710 730 735 800 977 992 1094 1211 1213 1265 1347 1358 1403 1508 1515 1583 1656 1695 1894 1910 1988 2004 2065 2114 2143 2157 2161 2220 2235 2273 2650 2706 2736 2814 2837 2873 2917 3111 3153 3312 3339 3815 3869 4018 4055 4156 4509 4599 4914 4973 4997 5267 5319 5393 5436 5450 5468 5626 5659 5681 5742 5752 5863 5887 5997 6078 6287 6366 6384 6414 6545 6549 6581 6791 
#module 126 size: 14 bs: 0.118923
214 228 1214 1555 1665 1721 2479 2830 4849 4978 5402 5911 6153 6315 
#module 127 size: 127 bs: 0.89372
5 14 19 44 85 95 138 150 216 229 299 316 415 494 620 632 648 664 745 797 805 814 863 870 922 999 1135 1183 1200 1277 1377 1464 1544 1551 1559 1678 1688 1692 1761 1778 1842 1855 1899 1944 1959 2006 2091 2151 2170 2185 2250 2329 2386 2408 2418 2443 2538 2617 2818 2860 2889 2902 2959 3012 3022 3087 3147 3172 3196 3215 3320 3337 3350 3427 3438 3443 3490 3491 3498 3537 3580 3588 3595 3618 3649 3663 3860 3998 4029 4070 4090 4118 4280 4310 4485 4622 4654 4791 4847 4887 5171 5196 5265 5356 5376 5502 5539 5557 5569 5619 5637 5716 5793 5855 5966 5992 6166 6170 6203 6256 6330 6357 6404 6567 6777 6855 6864 
#module 128 size: 32 bs: 0.502158
23 57 479 647 763 804 851 1577 1752 2129 2133 2281 2448 2708 2775 3414 3557 3571 3633 3917 3960 3984 4106 4498 4567 4619 5156 5342 5650 5874 5889 6199 
