#module 0 size: 8 bs: 0.0593177
2721 2811 4527 6752 7002 8414 9053 12516 
#module 1 size: 3 bs: 0.00012667
2785 3792 9751 
#module 2 size: 3 bs: 0.0108129
3056 6950 7049 
#module 3 size: 4 bs: 0.729248
4721 6785 7464 9906 
#module 4 size: 5 bs: 0.331979
1368 1472 2540 3278 10690 
#module 5 size: 12 bs: 0.261097
871 1498 1542 2287 5310 5463 5490 5665 7659 7831 7904 9475 
#module 6 size: 11 bs: 0.887327
1016 3701 4871 5015 6364 6608 6861 7190 9182 9184 11337 
#module 7 size: 6 bs: 0.336249
6116 7148 8895 9064 9886 10991 
#module 8 size: 5 bs: 0.365333
79 1748 2317 5325 11696 
#module 9 size: 8 bs: 0.746423
2602 5224 5491 5551 8036 8326 8591 11418 
#module 10 size: 7 bs: 0.281987
1898 2466 4460 5011 6258 10807 11216 
#module 11 size: 6 bs: 0.638401
267 2797 4689 5344 11255 11643 
#module 12 size: 4 bs: 1.02393
1345 1847 4650 6055 
#module 13 size: 12 bs: 0.855121
918 1823 4415 4725 6525 6560 7616 8595 9385 9969 10195 10422 
#module 14 size: 7 bs: 0.27769
1457 2512 3266 5297 5374 6691 10832 
#module 15 size: 5 bs: 0.362726
2677 5576 7493 8732 9531 
#module 16 size: 10 bs: 0.228176
2 800 2330 5501 5650 6502 8117 9669 10257 12949 
#module 17 size: 8 bs: 0.802344
2062 5041 5770 5956 6690 6981 11532 12762 
#module 18 size: 23 bs: 0.443343
331 475 2400 2569 2711 2743 3142 4714 5482 5911 5975 6307 6332 6352 6596 6799 7098 8070 8087 8329 8929 9188 10172 
#module 19 size: 8 bs: 0.236215
1187 1299 4677 6021 8043 9115 9857 10928 
#module 20 size: 33 bs: 0.217678
498 1269 1573 1912 1979 2716 2801 2822 2864 2976 2983 3616 3622 3787 4567 5130 5558 5827 5996 6742 6925 7220 7577 7583 7814 7997 8526 8812 8853 9002 9442 10203 10844 
#module 21 size: 20 bs: 1.02363
1263 2366 2460 2878 2914 3620 3697 3734 3761 3896 4831 5595 7062 7964 8731 8824 9214 9254 9989 10406 
#module 22 size: 12 bs: 0.171747
76 1276 2040 3311 4035 5091 6874 6984 7088 8090 8573 8740 
#module 23 size: 28 bs: 0.983633
961 1067 1534 1698 1767 2188 2768 3141 3185 3220 3372 3680 3878 4812 5169 6019 6309 7004 7613 7700 7728 8289 8755 9042 9792 10255 10608 12162 
#module 24 size: 25 bs: 0.81462
709 1245 1528 1805 2356 2508 2588 3105 3350 4006 4292 4682 5242 5458 5687 5732 6600 7308 8059 8107 8150 9410 10199 11413 12545 
#module 25 size: 12 bs: 0.870566
1645 2033 2511 6083 6590 8197 9404 10000 11503 11509 11712 12790 
#module 26 size: 5 bs: 0.952543
998 1437 3371 4371 6927 
#module 27 size: 4 bs: 0.306412
3044 4325 4556 6721 
#module 28 size: 15 bs: 1.01883
232 929 1154 1613 1816 2135 4049 4383 5226 5749 6479 6696 6995 8420 9405 
#module 29 size: 26 bs: 0.890341
400 653 1037 1097 1510 2585 2968 4136 4928 4947 5190 5306 5403 5606 5680 5785 6318 7973 8464 8888 9029 9103 9353 9490 9972 10889 
#module 30 size: 19 bs: 1.06944
1616 1618 1825 3007 3031 3075 3478 4424 4621 5036 6128 6370 6827 8140 9091 9099 9924 10068 11480 
#module 31 size: 38 bs: 0.498686
759 829 896 967 1357 1428 1902 2042 2109 2162 2303 2322 2362 2472 2490 2597 3124 3169 3334 3727 3896 4080 4333 4590 4964 6244 6815 7459 7593 7853 8215 9202 9326 9334 9372 10233 10718 11694 
#module 32 size: 39 bs: 0.904334
521 1401 1559 1944 2344 3407 3673 3687 4058 4099 4242 4738 5108 5206 5556 5632 5885 5983 6110 6285 6437 7581 7941 8227 8256 8266 8406 8545 8753 8771 8805 9232 9468 9495 9588 10054 10923 10926 11012 
#module 33 size: 49 bs: 0.28236
166 257 460 1385 1747 1888 1919 1987 2101 2479 3325 3547 3649 3682 3793 3992 4105 4370 4740 5325 5367 5544 5768 5822 5909 6286 6339 6664 6817 6831 6983 7155 7278 7287 7563 7625 7629 7932 8148 8351 8508 8743 8822 9268 9390 9663 9933 10112 11007 
#module 34 size: 24 bs: 0.962848
686 687 999 1291 1308 1508 2615 2894 2959 3450 3516 3578 4200 4961 5723 6030 6512 6638 6765 8142 8969 9288 9648 10797 
#module 35 size: 28 bs: 0.569758
388 601 816 867 958 1197 1318 2619 3118 3205 3730 4194 4864 5368 5402 5673 5900 5986 6549 6556 6585 7840 8124 8599 9595 10906 11551 12594 
#module 36 size: 40 bs: 0.908948
75 466 1091 1191 1884 2055 2177 2250 2297 2515 2520 2635 3081 3247 3289 3310 3379 3410 3473 3482 3587 3879 4039 4090 4170 4729 5113 5348 5484 6523 6649 6957 7069 7759 7963 8135 9145 9315 9905 10024 
#module 37 size: 31 bs: 0.655026
909 1042 1136 1207 1306 1372 1615 1667 3391 3413 3927 4121 4302 4742 4805 5179 5231 5646 5664 6188 7029 7907 8234 9367 9499 9893 10855 10935 10944 11425 11575 
#module 38 size: 12 bs: 0.676797
1569 2443 2450 2824 4833 5321 5859 6733 7590 8557 10107 10660 
#module 39 size: 31 bs: 1.07789
1274 2215 2676 2891 3023 3178 3230 3485 3781 3949 4434 4445 4999 5518 5854 6538 7368 7606 7727 7988 8311 8628 8813 9341 9386 9422 9726 9884 10067 10434 11160 
#module 40 size: 23 bs: 0.273819
783 1152 1415 2068 2106 2607 2700 4965 5995 6602 6916 7552 7649 7949 8297 8375 8554 8780 9640 9907 10759 10887 11595 
#module 41 size: 29 bs: 0.918795
640 678 1977 2009 2555 2753 3423 3765 3797 4189 5473 6283 6607 6660 6845 6870 7156 7179 7218 7238 7270 7817 8259 9174 9366 10045 10662 10909 11009 
#module 42 size: 40 bs: 0.404066
1129 1248 1867 1974 2076 2378 2556 2858 3316 3368 3623 3800 4108 4925 5110 5188 5359 5952 6002 6012 6034 6060 6250 6283 6329 6575 7380 7427 7744 7788 8085 8441 8525 8556 9247 10241 10254 10581 10689 10997 
#module 43 size: 32 bs: 0.264914
52 243 389 1462 1477 1694 2498 2643 2904 3125 3200 3363 3433 3665 3888 3957 4212 4216 4550 5658 6157 7007 7298 7546 7656 7668 8433 8675 10037 10185 10541 11027 
#module 44 size: 28 bs: 0.13996
1180 1530 1870 2024 2390 2452 2545 3445 3560 5375 5841 6290 6782 6895 7025 7125 7135 7541 7687 8100 8183 8639 8761 9036 9677 9897 11025 12966 
#module 45 size: 32 bs: 0.541073
997 1137 1352 1554 1690 1732 1909 2167 2197 2371 2771 3162 3353 3993 4745 5228 5288 5595 5976 6134 6226 6639 7067 7914 8242 8322 8775 8857 9083 9175 9559 10517 
#module 46 size: 41 bs: 0.325843
65 580 593 594 707 867 976 1079 1206 2166 2376 2420 2610 2667 3426 3939 4203 4861 4887 5289 5343 5736 5994 6628 7154 7308 7400 7409 7751 7955 8098 8302 8571 9075 9116 9821 10496 10581 10834 10927 11782 
#module 47 size: 69 bs: 0.756175
73 304 491 852 856 898 1045 1099 1298 1552 1777 2136 2195 2746 2862 2977 3008 3151 3348 3479 3586 3758 3798 3964 4249 4255 4367 4385 4698 4877 4927 5122 5168 5377 5629 6041 6251 6464 6565 6746 6899 6934 6951 7076 7471 7578 7718 7736 7798 7881 7885 8203 8260 8264 8425 8502 8974 9813 9963 9964 10032 10444 10445 10508 10566 10660 10854 11024 11400 
#module 48 size: 31 bs: 0.674037
262 886 901 917 1073 1956 2916 3257 3264 3462 3558 3646 3754 4597 5030 5102 7168 7372 9376 9381 9516 9656 9986 10099 10211 10219 10404 10407 10783 10796 11695 
#module 49 size: 48 bs: 0.248616
593 1009 1202 1524 1560 1630 1776 2687 2884 3466 3548 3551 4422 4697 4862 4935 5085 5431 5434 5461 5561 5624 5734 5886 6188 6416 6456 6616 6646 6923 7087 7447 7895 8110 8584 8604 9001 9071 9085 9287 9293 9689 10179 10191 10344 10708 10904 11556 
#module 50 size: 37 bs: 0.776804
379 398 1098 1212 1317 1660 1957 2046 2060 2382 2562 3095 3236 3237 3424 4760 5068 5309 5949 6126 6253 6289 7660 7664 7866 7946 8163 8194 8421 8766 9660 9668 11158 11171 12577 12588 12613 
#module 51 size: 41 bs: 0.524879
554 769 879 960 980 1209 1497 1797 1848 2157 2258 2584 2764 2850 2999 3097 3251 3424 3506 4154 4365 4450 5089 5133 5573 6248 6693 6806 7673 7713 7876 7992 8546 9489 9508 9867 10208 10388 10886 10938 11635 
#module 52 size: 17 bs: 1.00388
725 1514 2451 2533 2827 3045 4817 5186 5356 5640 6835 7429 7821 8054 8071 9465 10390 
#module 53 size: 18 bs: 1.0322
52 474 1057 2019 3305 3795 4487 4772 5020 5670 6477 6886 7554 7771 9096 9108 9675 10532 
#module 54 size: 39 bs: 0.912487
16 173 777 1322 1549 1628 1863 1943 2053 2070 2089 2097 2145 2270 2523 2758 3171 3469 3495 3812 3815 3982 3995 4626 5024 5438 6667 6692 6786 6981 7109 7482 7622 8063 8309 8441 8457 9868 10795 
#module 55 size: 42 bs: 0.349289
492 526 995 1092 1096 1739 1752 1806 2063 2187 2238 2694 3574 4354 4546 6004 6090 6141 6181 6354 6421 6743 6757 6788 6915 6970 7026 7143 8021 8033 8233 8235 8537 8856 8909 9177 9211 9625 10218 10298 10916 11490 
#module 56 size: 21 bs: 0.744898
834 1077 2734 3747 3790 4530 4580 4723 5172 6035 6333 6711 7048 7698 8983 9629 10096 10133 10384 10674 10922 
#module 57 size: 19 bs: 0.617835
207 210 939 1646 2917 3315 3807 4458 4602 5745 5890 7685 7859 8016 8229 8250 8720 10593 13043 
#module 58 size: 26 bs: 0.77663
338 839 1248 1661 1775 1829 2415 2535 2784 3020 3193 4205 4390 4612 4931 5444 6081 6402 7241 7601 8024 8693 9250 9253 11098 12679 
#module 59 size: 34 bs: 0.426882
28 622 632 634 924 984 1124 1143 1287 1383 1394 1431 1985 2665 2751 3063 3287 3317 4025 4233 5021 5464 5704 6154 6492 6629 6755 7412 7543 8271 8538 9604 9887 10332 
#module 60 size: 70 bs: 0.494644
20 172 819 1115 1254 1311 1353 1405 1411 1842 2000 2101 2298 2299 2339 2493 2505 3143 3187 3461 3624 3865 3876 4031 4061 4206 4382 4496 4532 4575 4665 4809 4993 5035 5137 5161 5255 5420 5631 5677 5865 5923 5967 5992 6052 6109 6143 6440 6994 7124 7145 7265 7446 7549 7893 8382 8674 8988 9041 9102 9534 9540 9654 9784 10091 10226 10293 10612 11699 12958 
#module 61 size: 38 bs: 0.441759
39 66 847 892 1031 1479 1506 1612 1742 1785 2121 2243 2434 2663 3037 3817 4218 4401 4617 4782 5140 5281 5707 5848 6347 6436 6598 7035 7083 7727 8172 8827 9041 9338 9375 9545 10202 10950 
#module 62 size: 107 bs: 0.858317
35 575 691 763 791 833 835 858 913 964 1104 1356 1399 1455 1513 1543 1598 1626 1786 1835 1910 1919 1969 2034 2085 2096 2121 2320 2360 2385 2396 2449 2609 2704 2898 3105 3414 3604 3740 3748 3994 4052 4217 4267 4413 4581 4744 4757 4875 4988 5013 5053 5056 5060 5263 5342 5400 5467 5817 5829 5836 5887 6066 6334 6455 6491 6873 6919 6949 6962 7099 7242 7378 7425 7445 7525 7749 7750 7834 7846 8245 8318 8351 8376 8458 8947 9286 9331 9340 9374 9491 9825 9961 9976 9982 10126 10276 10304 10317 10560 10647 10707 11096 11141 11183 11481 12995 
#module 63 size: 59 bs: 0.834082
17 194 293 294 1331 1382 1407 1493 1513 1651 1731 1749 1845 1972 2121 2212 2577 2994 3108 3192 3222 3696 3831 3925 4019 4257 4401 4707 5116 5575 6089 6102 6114 6748 6800 7014 7115 7340 7350 7661 7721 7808 7911 8320 8671 8774 8920 9101 9215 9509 9732 9931 10362 10618 10699 10774 10818 10978 11228 
#module 64 size: 17 bs: 1.05614
546 1329 1436 1807 1821 2384 3222 3875 3918 5173 5389 6807 7213 8864 10210 10623 10830 
#module 65 size: 8 bs: 0.655716
4192 4396 5209 6095 6190 8121 9150 9539 
#module 66 size: 21 bs: 0.26495
12 213 887 1283 1429 1597 1599 1637 1849 2152 2565 3530 3669 4018 4110 5472 5784 7813 8658 8701 9179 
#module 67 size: 221 bs: 0.111814
8 22 98 278 333 507 561 573 596 606 869 888 983 1027 1045 1051 1127 1161 1165 1240 1298 1308 1354 1377 1425 1499 1523 1544 1578 1603 1638 1640 1695 1699 1710 1713 1795 1893 2001 2037 2065 2071 2143 2192 2195 2277 2400 2426 2470 2500 2521 2639 2788 2792 2855 2862 2959 2982 3019 3078 3102 3244 3258 3308 3309 3417 3444 3479 3511 3521 3529 3595 3674 3677 3753 3758 3781 3791 3826 4014 4019 4025 4076 4091 4095 4142 4200 4228 4249 4282 4385 4412 4451 4464 4483 4521 4528 4579 4631 4683 4685 4784 4927 4970 4985 5052 5123 5156 5279 5308 5449 5460 5495 5499 5695 5853 5857 6016 6025 6039 6044 6236 6264 6306 6311 6325 6344 6382 6562 6591 6609 6610 6614 6956 6965 6978 6982 6985 7009 7127 7166 7212 7300 7318 7321 7325 7377 7395 7413 7480 7483 7535 7559 7568 7675 7773 7900 7920 7950 8114 8196 8242 8265 8280 8541 8596 8737 8785 8788 8819 8835 8950 8974 8985 9080 9152 9251 9256 9382 9565 9639 9711 9720 9757 9838 9852 9948 9960 9963 9994 10002 10003 10014 10135 10156 10222 10226 10348 10393 10447 10473 10556 10576 10635 10645 10659 10668 10771 10808 10866 10947 11011 11015 11024 11032 11146 11169 11266 11366 11482 11483 
#module 68 size: 16 bs: 0.719869
48 169 236 463 608 1107 1158 3999 5450 6342 6675 6676 7246 9775 10519 10546 
#module 69 size: 213 bs: 0.99473
84 558 595 642 685 924 1006 1062 1196 1235 1241 1255 1272 1331 1365 1371 1471 1479 1481 1482 1486 1513 1531 1547 1595 1707 1737 1770 1830 1891 1958 2083 2121 2177 2186 2212 2232 2249 2288 2313 2348 2352 2361 2370 2428 2434 2489 2538 2566 2577 2600 2629 2640 2698 2727 2756 2898 2950 2956 2971 3037 3047 3061 3135 3181 3301 3359 3386 3441 3486 3501 3513 3590 3606 3612 3630 3665 3680 3686 3693 3698 3723 3817 3838 3894 3973 3986 3996 4007 4051 4129 4401 4417 4458 4639 4726 4728 4734 4855 4859 4880 4970 4977 4991 4996 5057 5082 5105 5295 5305 5514 5658 5707 5778 5801 5828 5852 5890 6050 6091 6153 6163 6368 6391 6461 6491 6630 6678 6748 6754 6757 6783 6847 6850 6900 6966 6974 7003 7110 7115 7185 7275 7289 7332 7540 7598 7615 7634 7721 7958 7971 7989 8001 8013 8086 8131 8172 8224 8254 8305 8320 8470 8682 8818 8822 8826 8838 8858 8924 8986 9072 9173 9197 9200 9330 9360 9363 9380 9447 9509 9545 9660 9708 9745 9758 10075 10082 10131 10135 10167 10206 10250 10306 10358 10401 10415 10419 10525 10543 10591 10653 10699 10700 10806 10965 11001 11006 11143 11222 11451 11703 12881 12902 
#module 70 size: 6 bs: 0.106313
810 5652 6320 7627 8684 11172 
#module 71 size: 18 bs: 1.05136
276 2853 2885 2934 2939 3145 5311 5607 6399 7077 7113 7506 8385 8589 9551 9942 10234 11124 
#module 72 size: 5 bs: 0.279103
956 1701 2269 4541 7851 
#module 73 size: 11 bs: 0.156601
29 3766 3971 4504 4656 6086 6282 7138 8287 10118 10631 
#module 74 size: 11 bs: 0.214371
60 2740 3102 3908 4779 6753 6881 7516 8742 10559 10764 
#module 75 size: 8 bs: 0.509581
567 2478 2669 4852 6651 8269 9919 10939 
#module 76 size: 20 bs: 0.655238
405 794 1174 1864 2972 4324 6868 7060 7515 8408 8442 8467 8607 8794 9003 9513 9912 10322 10639 11217 
#module 77 size: 48 bs: 1.03163
49 583 830 1173 1711 1758 1961 2099 2134 2442 2836 3227 3459 3532 3675 3882 3956 3989 4079 4270 4844 4911 5390 5714 6159 6291 6449 6844 7043 7131 7287 7670 7960 7970 8040 8270 8441 8901 9006 9322 9429 9434 9881 9991 10186 10230 10616 11383 
#module 78 size: 31 bs: 0.844302
260 1065 1414 1591 1705 2013 2041 2309 2696 3005 3601 3802 3900 3968 4054 4082 4795 5746 6438 6620 6823 7045 7641 7834 8034 8094 8912 9369 10377 10860 13010 
#module 79 size: 33 bs: 0.990316
600 645 805 1075 1324 1419 1703 2247 2331 2365 2379 2418 2991 3262 3896 4647 4824 4847 4883 4886 5213 5221 5250 5653 6228 6270 6511 7424 7461 8351 9060 11208 12514 
#module 80 size: 58 bs: 0.182351
702 880 927 1196 1259 1656 1743 1877 2092 2124 2209 2296 2557 2636 2909 2961 2987 3024 3094 3137 3271 3294 3327 3352 3480 3629 4144 4668 4800 5104 5106 5246 5786 6207 6965 7170 7271 7355 7357 7372 7485 7600 7654 7995 8593 8815 8860 8876 8966 9030 9146 9164 9804 10177 10383 10861 11139 12125 
#module 81 size: 115 bs: 1.09755
1 31 200 505 541 614 932 943 1183 1303 1452 1483 1540 1619 1636 1715 1729 1878 1964 2022 2432 2522 2531 2568 2586 2765 2832 2854 2870 2902 3169 3204 3211 3378 3391 3403 3494 3535 3651 3655 3657 3715 3775 3907 3996 4070 4161 4297 4379 4446 4517 4769 4814 4900 4901 5219 5243 5290 5700 5733 5826 5866 5907 5914 6106 6160 6310 6475 6764 6833 7047 7103 7255 7283 7288 7416 7467 7489 7584 7710 7832 8194 8379 8512 8524 8529 8545 8629 8708 8713 8854 9026 9190 9336 9403 9747 10035 10036 10116 10196 10235 10408 10543 10619 10659 10816 10879 10970 11126 11223 11260 11411 11429 11840 12660 
#module 82 size: 23 bs: 0.436093
1101 1412 1859 2537 3369 3711 4613 4939 5149 5216 5265 5662 5808 7717 7816 7827 8436 8890 9086 9304 12582 12586 12725 
#module 83 size: 37 bs: 0.124505
47 885 1141 1155 1791 1869 1903 2239 2409 2486 2558 2739 2848 2893 3127 3201 4048 4654 5821 5844 6239 6331 7240 7359 7498 7580 7795 8175 8303 8580 9506 9891 10205 10221 10264 11180 11565 
#module 84 size: 27 bs: 0.500573
616 704 818 1539 1566 2006 2012 2123 2257 4655 4686 4958 5056 5247 5508 6454 6521 6641 6865 6968 7525 8245 8352 8811 9671 11188 12645 
#module 85 size: 24 bs: 0.115045
1301 1616 1725 2892 3165 3224 3709 4552 4712 4828 4910 5635 6046 6341 6977 7323 7770 7811 8724 9231 10554 10654 10900 11100 
#module 86 size: 140 bs: 0.810406
19 228 353 496 581 676 884 893 1144 1153 1217 1327 1360 1454 1457 1467 1502 1689 1702 1989 2109 2131 2236 2322 2375 2379 2472 2488 2528 2542 2595 2597 2613 2625 2632 2668 2793 2991 3016 3233 3345 3354 3400 3412 3556 3561 3625 3633 3662 3727 3768 3840 3853 3896 3905 3936 3946 4051 4080 4089 4219 4362 4468 4629 4672 4731 4876 4906 4952 4964 5106 5128 5302 5405 5622 5819 5871 5878 5881 5882 6121 6137 6234 6469 6680 6747 6773 6810 7020 7182 7207 7408 7455 7458 7459 7463 7486 7568 7853 7904 8055 8132 8367 8438 8471 8500 8524 8661 9015 9080 9112 9178 9202 9206 9222 9224 9300 9364 9449 9546 9573 9579 9682 9914 10121 10233 10425 10427 10480 10613 10718 10808 10882 11088 11259 11419 11535 12505 12654 12700 
#module 87 size: 14 bs: 0.659216
682 1772 2067 2176 2553 2666 4007 5516 6446 6876 6976 7880 8938 9607 
#module 88 size: 36 bs: 0.191003
64 524 964 965 1074 1348 1369 1417 1480 1580 2611 2929 3161 3195 3254 3645 3653 3842 4034 4244 4468 4735 4972 5177 5659 6257 7650 8125 8419 8602 8905 8910 10062 10437 10894 11091 
#module 89 size: 23 bs: 0.518619
1034 1548 1916 2293 2456 3055 3172 3210 3499 4278 4280 4507 4766 5087 5939 6240 7352 7722 7746 8343 11525 11584 12626 
#module 90 size: 24 bs: 0.869893
199 547 944 1129 1313 1647 1820 2779 3333 3385 4002 5303 5353 5392 5657 6534 7149 7243 7422 7779 8019 8252 10727 11878 
#module 91 size: 34 bs: 0.302408
784 876 1409 2345 2673 2956 3135 3465 4057 4098 4328 4457 5441 5658 5684 6163 6756 6900 7039 7478 8006 8519 8893 9313 9317 9380 9702 9813 9892 10075 10333 10415 10965 11135 
#module 92 size: 21 bs: 0.162062
222 665 717 1738 1926 3398 3567 4537 4670 5266 5586 5904 6123 6458 6784 7196 7462 7628 9967 10058 10963 
#module 93 size: 41 bs: 0.592566
72 255 758 1247 1315 1491 1753 1915 2057 2074 2110 2359 2763 3150 3432 3507 3568 3650 3894 3935 4277 4299 4680 4764 5251 6287 6663 6771 7226 7481 7491 7532 7733 8908 8986 9579 9593 9931 10462 11263 11457 
#module 94 size: 44 bs: 0.883748
971 1044 1191 1217 1454 1887 1947 1997 2191 2267 2528 2752 2802 2820 2926 3109 3561 4163 4209 4731 5656 5671 5727 5999 6887 7467 7468 7652 7744 7921 8127 8130 8477 8522 8748 9228 9324 9914 10174 10321 10859 11031 11475 11581 
#module 95 size: 34 bs: 0.769388
448 509 687 1340 1430 1706 1900 2483 3159 3173 3640 4133 4195 4492 4632 5494 6297 6682 6804 6992 7655 7711 7852 8276 8342 8878 8922 9124 9714 10571 10583 10693 10724 11450 
#module 96 size: 42 bs: 0.521039
263 264 466 527 688 1088 1339 2297 2605 3109 3202 3394 3415 3637 3729 4878 4972 5114 5457 5600 5813 6152 6463 6720 6766 6908 7183 7472 7538 7666 8151 8225 8266 8298 8667 8981 9581 9734 10010 10080 10765 11335 
#module 97 size: 33 bs: 0.288442
968 1302 1570 1649 1784 2072 2210 2223 2316 2818 3115 3238 3269 3854 3862 4596 4612 4823 5498 5955 6003 6218 6229 6398 6506 6975 7211 7843 8387 9029 9694 9855 9871 
#module 98 size: 28 bs: 0.489361
966 2304 2750 2795 3516 3572 3722 4068 4571 5181 5992 6014 6278 6533 6719 7173 7636 8095 8168 8182 8600 8980 9131 9270 10167 10295 10299 12571 
#module 99 size: 36 bs: 1.07113
33 768 864 931 1310 1463 1618 1931 2018 2264 2857 2946 3085 3168 5016 5121 5204 5470 6077 6316 6366 6405 6409 6689 6942 7169 7344 7968 8159 8828 9011 9569 10201 10265 10292 10357 
#module 100 size: 45 bs: 0.903303
25 684 1005 1053 1063 1262 1836 1970 2115 2220 2264 2266 2441 2530 2630 2649 2841 2970 3566 4053 4143 4384 4563 4982 5001 5319 5330 5884 6121 6131 6441 6791 7306 7683 7916 8049 8332 9330 9587 9895 9901 9956 10203 10705 11491 
#module 101 size: 19 bs: 0.364354
244 464 689 714 817 2590 2833 4449 4663 4752 5027 5517 5997 6119 8078 9213 9637 11152 11497 
#module 102 size: 36 bs: 0.359822
15 191 471 486 508 940 1162 1344 1606 2009 2038 2160 2555 3435 3500 3641 3774 3788 3797 3841 4191 4402 4722 5522 5574 6006 6268 6404 7310 7860 8953 9051 9482 10662 11079 12595 
#module 103 size: 17 bs: 0.225477
525 1159 1594 2333 2863 3064 4102 4318 5380 5833 7686 8555 9523 10414 10792 10822 12790 
#module 104 size: 81 bs: 0.630897
57 90 364 528 655 769 814 824 1125 1175 1343 1374 2002 2015 2073 2229 2252 2427 2510 2589 2623 2724 2772 3098 3130 3261 3562 3932 3978 4044 4180 4360 4780 4797 4835 5142 5157 5174 5419 5684 5763 5899 6138 6260 6304 6408 6478 6618 6672 6834 6882 7084 7716 7887 8088 8336 8350 8468 8566 8728 9089 9156 9264 9687 10051 10146 10248 10325 10375 10394 10474 10709 10812 10972 11117 11157 11252 11272 11498 11593 11973 
#module 105 size: 38 bs: 1.05355
1644 1663 1693 2244 2342 2387 2573 2933 2969 3356 3824 3886 3914 4285 4332 4538 5146 5170 5193 5253 5408 5412 5485 5709 5891 5965 6051 6275 7142 7263 7768 8160 8836 8882 8947 9672 9877 10845 
#module 106 size: 41 bs: 0.373478
563 866 1494 1592 1735 1973 2419 2875 2927 2974 3546 3677 4198 4423 4724 4860 5489 5525 5595 6162 6300 6448 6890 7565 7760 7778 7899 8248 9045 9120 9394 9583 9661 9664 9989 10011 10068 10253 10583 10663 11018 
#module 107 size: 18 bs: 0.299568
218 1897 2402 2658 2953 3916 4667 5276 5317 5428 5526 6361 8066 8072 9185 10244 10534 11235 
#module 108 size: 56 bs: 0.246553
920 949 1024 1093 1455 1921 1923 2609 2762 3083 3101 3581 3671 3988 4003 4207 4215 4615 4674 4716 4950 4951 5054 5109 5998 6045 6147 6197 6328 6784 6944 7071 7285 7662 7791 7879 7930 8111 8238 8364 8493 8734 9025 9128 9156 9296 9515 9547 9550 10048 10405 10791 10858 10899 10931 11106 
#module 109 size: 34 bs: 0.889336
59 384 1714 1804 1935 2180 2357 2453 2548 2776 2813 2875 3342 4087 4330 4687 4888 4916 4942 6890 6945 7298 7441 7703 8209 8248 8891 9394 9989 10020 10909 11009 11111 12653 
#module 110 size: 30 bs: 0.410609
802 874 1571 1680 2119 2421 2550 2839 3594 3869 4385 4790 5154 5340 5566 5672 5752 6336 6853 6901 7555 8003 8948 9165 9216 10356 10815 10885 12510 12618 
#module 111 size: 73 bs: 0.196766
202 375 479 540 766 1061 1167 1490 1625 1662 1721 1801 1894 1929 1953 2090 2281 2451 2922 3049 3164 3285 3639 3733 3961 3975 4117 4211 4239 4388 4438 4448 4474 4586 4638 4930 4966 5261 5339 5446 5481 5609 5814 5830 6075 6582 6722 6918 7237 7556 7824 7857 7977 8370 8501 8675 8945 8965 8999 9021 9212 9414 9440 9487 9646 9743 10281 10723 10787 10917 11130 11213 11733 
#module 112 size: 24 bs: 0.255454
922 1123 1501 3000 3789 3949 4038 4636 4944 6023 6264 6528 7309 7404 7838 8371 8427 8757 9580 9644 10632 10734 10743 10947 
#module 113 size: 35 bs: 0.639928
257 258 1349 1432 1557 1687 1858 2151 2346 2753 2871 2883 3518 3571 3589 3652 4085 5071 5411 5712 5755 5903 7097 7823 8429 8528 8803 9480 10018 10050 11008 11254 11380 11540 11703 
#module 114 size: 103 bs: 0.235744
461 584 603 615 649 650 651 715 720 934 1235 1365 1482 1546 1770 1860 1881 2111 2273 2422 2506 2736 2756 2845 2965 3070 3370 3372 3680 3699 3834 3915 3960 4279 4290 4313 4356 4431 4660 4804 4853 5152 5528 5741 5987 6076 6118 6274 6323 6330 6363 6461 6513 6551 6567 6588 6594 6714 6743 6762 6854 6928 7206 7254 7257 7389 7570 7619 7776 7781 8012 8191 8247 8283 8624 8645 8703 8814 8818 9009 9089 9094 9210 9222 9486 9536 9594 9832 9869 9870 9883 10164 10255 10273 10352 10492 10510 10531 10909 10952 11143 11436 12039 
#module 115 size: 36 bs: 0.356048
593 782 1215 1672 1709 1890 1966 2120 2256 2671 3836 4070 4357 5335 5343 5771 5815 6042 6155 6381 6425 6493 6613 6869 7209 7575 7800 8058 8301 8621 8873 8915 9047 10403 10697 10948 
#module 116 size: 66 bs: 0.947363
1 188 200 699 803 983 1230 1457 1717 1729 1895 2285 2652 2760 2823 2854 2870 2921 3119 3337 3545 3636 3724 3768 3884 4297 4517 4619 4792 4816 4901 5128 5153 5505 5589 5610 5622 5757 5844 6105 6125 6273 6310 6351 6442 6623 7268 7353 7382 7392 7477 7701 8184 8678 8788 9143 9190 9885 10622 10703 10715 10747 10813 10988 11705 12507 
#module 117 size: 31 bs: 0.625693
271 672 724 806 1314 1556 1572 1800 2155 2527 2826 2980 3180 3509 4135 4811 4993 5010 5928 6195 6266 6539 6546 7688 7961 8156 9068 9630 9767 10387 10413 
#module 118 size: 13 bs: 0.17564
1046 3035 3067 3506 4154 5793 7849 8723 8733 9186 9624 10388 11473 
#module 119 size: 56 bs: 0.385148
612 1744 1960 2184 2325 2402 2454 2658 2807 2812 2861 2907 3001 3041 3122 3289 3366 3379 3380 3484 3513 3638 3891 4062 4122 4408 4520 4867 4889 5179 5302 5423 5451 5849 5992 6033 6296 6509 6523 6723 6940 7322 7642 7667 7828 8441 8498 8822 9145 10083 10272 10590 10779 10862 11209 11415 
#module 120 size: 132 bs: 0.820129
67 507 561 606 649 650 651 720 721 765 826 869 1127 1134 1165 1176 1298 1358 1386 1392 1440 1546 1710 1713 1813 2065 2143 2158 2238 2301 2347 2426 2458 2644 2653 2659 2694 2703 2790 3017 3038 3088 3309 3343 3514 4056 4187 4245 4296 4483 4507 4528 4683 4766 4778 4808 4937 5045 5156 5346 5363 5452 5460 5493 5678 5811 6210 6234 6275 6345 6417 6501 6522 6562 6587 6743 6954 7139 7143 7369 7377 7413 7480 7535 7559 7803 7882 7920 8116 8162 8196 8199 8233 8264 8284 8312 8507 8778 8779 8819 8835 8836 8865 8934 9027 9069 9251 9256 9494 9720 9757 9838 9966 9983 10002 10056 10325 10341 10387 10537 10555 10556 10668 10771 10866 10936 11032 11155 11182 11584 11714 11788 
#module 121 size: 44 bs: 0.507058
764 895 972 1087 1278 1517 1545 1564 1677 1862 1992 2193 2264 2616 2967 3021 3279 3566 3767 3819 4158 4353 4486 4519 4760 4989 5225 5292 5647 5689 5820 6131 6433 6451 7299 7306 7356 7597 8332 9363 9653 9973 10267 10684 
#module 122 size: 35 bs: 0.468661
225 1393 1426 1624 1774 2877 3111 3239 3647 3951 4127 4489 4661 4750 4921 5124 5395 5477 5644 5927 6080 6185 6616 6777 8052 8167 8649 9017 9028 9138 9245 9365 10601 12518 12690 
#module 123 size: 54 bs: 0.322031
303 564 729 781 863 1323 1395 1433 1438 1918 1937 2148 2321 2328 3338 3713 3833 3938 4026 4443 4934 5160 5545 5567 5721 5756 5761 5892 6113 6158 6183 6317 6636 6655 6715 7054 7225 7544 8023 8091 8372 9239 9359 9437 9438 9845 9862 9944 10089 10465 10515 10981 11093 12605 
#module 124 size: 26 bs: 0.84476
56 1103 1422 1448 1696 2180 2235 2590 2805 2828 3139 3702 4330 4746 5065 5254 6419 6677 7230 7262 7902 8530 9555 9821 10209 10378 
#module 125 size: 81 bs: 0.516586
147 183 476 620 685 823 870 1084 1185 1189 1279 1523 2056 2175 2192 2353 2446 2674 2678 2794 2805 2924 2964 3062 3144 3158 3268 3483 3488 3511 3565 3684 4040 4064 4075 4378 4397 4515 4572 4584 4587 4664 4905 4912 4986 5017 5214 5254 5294 5548 5748 5989 6070 6108 6374 6631 6716 6717 7030 7172 7212 7262 7469 7542 7626 7632 7680 7868 7901 8060 8152 8323 8402 9345 9742 10128 10277 10583 10695 11393 12249 
#module 126 size: 107 bs: 0.980995
21 38 274 327 535 779 787 876 938 1015 1177 1213 1216 1237 1307 1330 1468 1504 1652 1664 1824 1846 1994 2036 2202 2383 2464 2469 2517 2656 2869 2915 3215 3382 3405 3421 3692 3857 3865 3985 4069 4071 4156 4404 4411 4473 4523 4733 4845 4891 5029 5115 5299 5442 5455 5612 5686 5708 5855 5896 6039 6093 6142 6314 6349 6517 6637 6797 6813 7039 7070 7167 7198 7324 7478 7688 7959 8034 8164 8355 8439 8503 8609 8714 8727 8777 8788 9013 9048 9189 9255 9289 9317 9524 9529 9813 9928 9968 10047 10064 10349 10565 10629 10857 10876 11135 11212 
#module 127 size: 90 bs: 0.491647
716 975 1027 1377 1519 1676 1712 1760 2004 2146 2227 2265 2300 2639 2689 2823 3113 3128 3283 3308 3320 3512 3825 3826 4020 4141 4315 4327 4334 4662 4732 4990 5005 5088 5233 5367 5479 5495 5602 5806 5959 6052 6171 6174 6217 6254 6467 6515 6531 6569 6597 6694 6702 6706 6826 6855 7024 7051 7175 7402 7500 7623 7672 7792 7801 7900 7905 7950 8676 8788 9518 9545 9552 9852 9928 9939 10073 10151 10359 10473 10551 10563 10609 10769 10942 10975 11108 11175 11552 12609 
#module 128 size: 26 bs: 0.882909
1241 1321 1959 2391 2554 2707 3213 3516 4172 4447 4583 4702 5702 5791 6443 7075 8987 9342 9821 9929 10193 10403 10450 10716 10727 11388 
#module 129 size: 45 bs: 0.3069
611 629 907 1045 1396 3151 3591 3837 4030 4149 4351 4358 4477 4698 4755 4788 5059 5117 5497 5626 6279 6465 6519 6948 7386 7433 7718 8178 8422 8635 8676 8959 9018 9899 10069 10166 10242 10566 10637 10660 10733 11442 11601 12678 13055 
#module 130 size: 146 bs: 0.824557
658 907 914 954 1033 1072 1205 1286 1467 1525 1532 1627 1655 1682 1700 1738 1754 1790 1851 2011 2023 2030 2163 2208 2368 2485 2496 2507 2574 2639 2655 2709 2720 2733 3036 3047 3148 3226 3246 3304 3522 3563 3633 3716 3777 3868 4036 4204 4246 4268 4269 4347 4469 4478 4593 4609 4643 4768 5008 5038 5066 5074 5122 5141 5234 5287 5373 5599 5675 5710 5718 5867 5921 5970 6037 6165 6168 6369 6388 6390 6552 6669 6688 6727 6821 6889 7126 7171 7260 7321 7407 7442 7470 7499 7588 7820 7875 7892 8208 8246 8261 8495 8590 8653 8685 8792 8801 8804 8892 8932 9172 9225 9456 9483 9535 9572 9620 9766 9860 9896 10012 10021 10023 10049 10140 10165 10239 10300 10329 10363 10392 10511 10586 10609 10704 10769 10842 10875 10980 10992 11015 11031 11162 11175 12494 12878 
#module 131 size: 53 bs: 0.996095
242 811 1132 1398 1441 1565 1649 1724 1832 1886 2077 2164 2173 2193 2332 2412 2437 2473 2543 2664 2815 2851 2947 3033 3280 3392 3611 3854 3973 3997 4462 4475 4485 4652 5326 5496 5637 5936 6929 8029 8361 8447 8643 8663 8717 8821 9208 10134 10259 10617 10945 11153 11678 
#module 132 size: 74 bs: 0.517083
229 237 298 518 598 885 1042 1114 1119 1155 1226 1233 1391 1528 1634 1681 1843 2082 2103 2286 2374 2394 2713 3188 3207 3298 3399 3470 3569 3582 3585 3717 3764 3829 3995 4000 4235 4333 4531 4582 4848 5139 5571 5593 5628 5657 5714 6472 6647 6798 6805 6822 6846 7001 7029 7221 7365 7878 7891 7922 7940 8138 8299 8520 9079 9263 9320 9444 10050 10461 11017 11456 12492 12881 
#module 133 size: 64 bs: 1.06131
41 613 619 705 982 1007 1014 1105 1316 1435 1446 1450 1535 1596 1789 1798 1850 1874 1933 2088 2189 2480 2580 2872 2897 3132 3199 3328 3331 3397 3602 3606 3631 4177 4323 4345 4470 4529 4565 4704 5132 5180 5189 5272 5898 6362 7037 7051 7052 7293 7414 8075 8712 9007 9745 9916 10124 10316 10382 10386 10514 10528 11215 11372 
#module 134 size: 23 bs: 0.808603
1210 1296 1648 2583 2614 3816 4166 4465 5178 5187 6593 7215 7772 7938 9252 9814 10161 10168 10626 10675 10851 10956 11566 
#module 135 size: 40 bs: 0.858951
519 644 1762 1892 1991 2014 2154 2295 2852 2892 3275 3785 3796 3970 4118 4245 4508 4774 4847 4858 5578 6644 6877 7072 7273 8009 8260 8315 8369 8378 9728 9753 9927 10157 10572 10728 10983 11232 11369 12505 
#module 136 size: 36 bs: 0.556756
833 962 1633 1818 1873 2183 2457 2744 2995 3778 3779 4104 4486 4711 4908 4971 5031 5061 5175 5539 5618 5868 6659 7284 7385 7444 7507 7835 7918 8280 8409 8480 9097 9418 10691 12950 
#module 137 size: 94 bs: 0.112926
51 62 333 469 1322 1603 1986 2001 2106 2117 2149 2398 2455 2497 2591 2651 2790 2988 3078 3103 3129 3221 3314 3515 3627 3635 3976 4167 4197 4321 4607 4693 4695 4719 4858 4902 4994 5099 5252 5285 5352 5417 5437 5584 5776 5961 6032 6365 6554 6704 6837 6906 7268 7300 7362 7596 7870 7967 7987 8038 8057 8073 8118 8165 8349 8431 8551 8686 8689 9080 9176 9341 9378 9401 9701 9765 9863 9889 10111 10204 10367 10406 10495 10635 10636 10677 10737 10827 11144 11186 11526 11588 12158 12527 
#module 138 size: 64 bs: 0.826161
1029 1335 1427 1827 1904 2251 2254 2592 2645 2832 2874 3555 3617 3728 3901 4073 4150 4232 4276 4409 4577 4635 4653 4907 4914 5223 5324 5397 5415 5509 5636 5935 6065 6212 6686 6851 6943 6990 7042 7146 7227 7302 7307 7311 7799 7864 7919 8053 8272 8699 8848 8975 9316 9402 9807 9926 10215 10308 10310 10512 10891 10921 11420 11428 
#module 139 size: 41 bs: 0.988899
768 1387 1648 1678 2433 2578 2998 3106 3255 3570 3577 3683 3864 3941 4291 4544 4671 5116 5271 5283 5893 6301 6321 6843 7288 7340 7373 7519 7790 8605 8949 9183 9292 9294 9831 10055 10279 10399 10620 11133 11405 
#module 140 size: 33 bs: 0.320485
503 836 868 1381 1639 1808 1951 2392 2714 2942 3050 3401 3498 4033 4151 4380 4400 4669 4747 4822 5704 6548 7005 7410 7825 7980 8014 8632 10045 10125 10220 10955 11021 
#module 141 size: 33 bs: 0.921897
296 1179 2010 2093 3060 3292 3780 4248 4273 4533 5300 5304 5422 5901 5985 6008 6507 6859 7731 8041 8279 9114 9273 9326 9549 10087 10162 10183 10547 10584 10736 10831 12553 
#module 142 size: 46 bs: 0.480634
200 293 778 1098 1451 1688 1930 2652 2777 2806 3030 3119 3126 3409 3552 3661 3909 4558 4758 5012 5660 5964 6186 6266 6751 6936 6952 7163 7229 7474 8440 8544 8588 8704 9058 9062 9154 9234 9795 9812 9902 10319 10840 10995 11020 12624 
#module 143 size: 32 bs: 1.02519
18 37 562 873 1475 1719 1756 2113 2525 2847 2912 3580 3834 4046 4410 4925 5211 5273 5913 6018 6038 6203 6272 6606 6725 6745 7256 8076 8850 9301 10247 10582 
#module 144 size: 161 bs: 0.516111
335 492 621 673 729 764 968 969 1166 1253 1292 1359 1418 1434 1445 1465 1466 1496 1759 1788 1889 1946 2086 2213 2271 2298 2430 2481 2504 2559 2609 2636 2769 2781 2823 2838 2910 2939 2990 3015 3022 3051 3073 3191 3214 3299 3442 3472 3605 3719 3833 3870 3906 4032 4138 4282 4301 4312 4342 4443 4456 4532 4553 4555 4559 4570 4611 4616 4634 4694 4736 4825 4827 4869 4885 5022 5160 5210 5283 5341 5462 5506 5511 5521 5562 5602 5735 5780 5809 5932 5973 6085 6098 6123 6175 6247 6279 6340 6380 6384 6393 6485 6744 6800 7042 7160 7248 7266 7297 7321 7354 7526 7675 7810 7826 7836 7854 7900 8042 8111 8221 8228 8307 8368 8372 8539 8552 8592 8609 8692 8727 8830 8976 9020 9135 9140 9239 9359 9403 9436 9437 9458 9658 9788 9791 9944 10039 10115 10454 10577 10650 10735 10748 10811 10951 10966 11095 11108 11109 12382 12854 
#module 145 size: 63 bs: 0.790465
28 808 983 1036 1287 1458 1739 1924 2021 2050 2137 2228 2661 2846 2860 2950 3052 3074 3356 3521 3575 3660 3664 3776 3890 3952 4230 4620 4684 4760 5004 5208 5328 5694 5758 5873 5895 5912 6113 6375 6665 6904 7412 7543 7599 8001 8103 8200 8488 8887 8962 9716 9950 10040 10147 10169 10303 10628 10683 11140 11203 11962 12741 
#module 146 size: 45 bs: 1.09639
54 227 443 767 923 963 1204 1208 1383 1782 1871 2218 2393 2576 2712 3091 3129 3303 3381 3438 3743 4004 4719 4754 5040 5134 5162 5601 5704 6255 6780 7349 7692 7898 8345 8772 8937 9267 9763 10070 10360 10799 11613 11701 12506 
#module 147 size: 47 bs: 0.683539
58 467 844 1066 1081 1471 1547 1635 1666 1704 2370 2484 2973 3025 3260 3582 3786 3995 4123 4762 5086 5139 5179 5195 5571 5674 6374 6938 6996 7411 8138 8246 8399 8564 8601 8738 8793 8829 8946 9079 9265 9623 10596 10706 10820 11256 12881 
#module 148 size: 50 bs: 1.03731
92 468 1048 1347 2069 2172 2211 2564 2638 2766 2780 2913 3010 3166 3708 4179 4340 4479 4865 5158 5278 5358 5461 5487 5728 5870 6149 6572 7011 7050 7086 7277 7509 8017 8190 8478 8523 8672 8852 9193 9221 9816 9878 9934 9955 10149 10413 10657 11004 11006 
#module 149 size: 47 bs: 1.04892
592 713 723 2101 2221 2516 2541 2570 2800 3028 3138 3263 3446 3718 3871 4050 4339 4358 4606 4821 4873 4973 5025 5086 5691 6374 6377 6758 7409 7452 7688 7756 7764 7909 8476 8982 9354 9453 9521 9819 10287 10611 10814 10919 10999 11082 12990 
#module 150 size: 61 bs: 0.79819
77 842 849 1078 1675 1787 1841 2044 2373 2536 2843 3322 3332 3365 3508 3553 3726 3741 3921 3950 3954 4010 4286 4591 4713 5120 5447 5769 5812 5861 6013 6256 6445 6852 7112 7177 7614 7719 7976 7978 8328 8380 8496 8585 8617 9149 9554 9679 9984 10266 10658 11118 11121 11151 11161 11168 11262 11270 11487 11501 12639 
#module 151 size: 67 bs: 0.170892
44 449 1011 1049 1058 1113 1231 1267 1373 1394 1483 1492 1618 1716 2031 2222 2224 2338 3054 3179 3206 3359 3384 3428 3559 3704 3851 4373 4389 4692 4789 4988 5064 5100 5396 5563 5879 5893 6029 6078 6079 6154 6238 6386 6841 6878 7188 7288 7423 7523 7783 7917 7985 8465 9121 9187 9344 9399 9501 9601 9692 9704 9758 10354 10679 10778 12549 
#module 152 size: 50 bs: 0.982733
472 793 1020 1193 1257 1459 2017 2196 2262 2960 3057 3147 3253 3489 3614 3811 3924 4107 4259 4599 5018 5430 5619 5789 5860 6082 6200 6481 6657 7128 7345 7374 7624 7926 8272 8518 8640 8688 8961 8989 9142 9399 9424 9733 10153 10592 10613 11191 12756 12945 
#module 153 size: 64 bs: 0.940927
17 482 917 924 1008 1384 1896 1955 2246 2259 2695 2755 2761 2774 2837 2978 3114 3293 3349 3712 3782 3922 4274 4490 4659 4842 4870 4915 5275 5614 6177 6312 6428 6568 6621 7044 7398 7602 7605 7742 7990 8115 8217 8231 8626 8683 8744 8765 8767 8971 9074 9159 9412 9423 9463 9609 9627 9723 10597 10644 10761 10881 11165 11441 
#module 154 size: 152 bs: 0.142012
13 14 66 611 625 823 919 977 996 1000 1145 1169 1295 1389 1439 1444 1469 1516 1735 1769 1833 2056 2138 2298 2349 2369 2678 2732 2778 2951 2987 3039 3223 3390 3521 3591 3640 3756 3828 3844 3860 3893 3904 4169 4221 4240 4349 4358 4377 4407 4429 4459 4549 4587 4592 4610 4664 4676 4745 4837 5051 5084 5117 5184 5279 5337 5385 5398 5707 5744 5823 5835 5959 6043 6052 6109 6144 6146 6219 6226 6324 6559 6578 6674 6740 7157 7274 7313 7329 7431 7453 7456 7501 7527 7709 7931 7958 8178 8357 8443 8565 8579 8615 8622 8676 8758 8776 8847 8970 9041 9061 9073 9098 9127 9139 9144 9209 9223 9358 9389 9397 9512 9621 9651 9683 9688 9761 9765 9936 10108 10114 10119 10132 10182 10197 10223 10226 10311 10351 10488 10532 10612 10615 10712 10725 10768 10908 10927 11114 11239 11435 12523 
#module 155 size: 146 bs: 1.06409
36 543 828 951 981 1013 1040 1041 1168 1325 1332 1397 1413 1522 1601 1614 1668 1730 1756 1856 1975 1984 2132 2200 2411 2449 2459 2461 2494 2513 2514 2594 2618 2643 2814 2919 2948 3006 3107 3186 3347 3352 3360 3467 3491 3496 3510 3544 3580 3588 3663 3670 3866 3902 3919 4097 4165 4188 4241 4522 4524 4536 4622 4675 4756 4857 4879 4909 5194 5229 5307 5393 5560 5616 5781 5787 5842 5991 6024 6112 6133 6241 6284 6359 6489 6505 6536 6809 7058 7118 7122 7188 7203 7235 7330 7403 7448 7502 7503 7617 7735 7784 7856 7910 7928 7935 7943 7966 8026 8050 8187 8338 8381 8482 8581 8729 8831 8849 8951 8953 9034 9133 9167 9181 9371 9507 9586 9632 9649 9655 9798 9801 9888 9921 9941 10143 10516 10688 10970 11019 11151 11265 11269 11340 11990 12170 
#module 156 size: 100 bs: 0.300147
378 494 837 843 875 900 950 979 1086 1271 1320 1362 1375 1463 1485 1505 1623 1773 1850 1857 2029 2116 2134 2343 2375 2407 2421 2476 2560 2923 3043 3260 3291 3440 3475 3497 3525 3618 3897 4011 4074 4159 4252 4279 4308 4335 4500 4525 4535 4600 4637 4851 4894 4923 5067 5196 5336 5483 5529 5568 5630 5633 5817 5906 6261 6426 6508 6898 6918 6964 7152 7202 7571 7591 7769 7982 8141 8204 8206 8216 8511 8610 8646 8759 8972 8993 9226 9293 9416 9502 9740 9915 9992 10071 10130 10246 10478 10785 10985 11158 
#module 157 size: 42 bs: 1.03535
798 1018 1829 1865 1913 2204 2242 2302 2784 3243 3400 3533 3603 3621 3770 3872 4157 4205 4263 4466 4564 5097 5349 5418 6305 6396 6530 6543 6643 6819 8272 8434 8541 8784 10007 10518 10522 10613 10801 10868 11128 11241 
#module 158 size: 228 bs: 0.203668
178 206 378 447 484 618 686 710 877 925 1035 1039 1100 1112 1297 1350 1406 1443 1464 1503 1521 1529 1553 1587 1610 1657 1697 1720 1726 1733 1799 1826 1837 1866 1901 1953 1976 2078 2105 2139 2168 2178 2198 2289 2341 2355 2385 2406 2438 2444 2461 2465 2491 2547 2567 2682 2725 2858 2938 2958 3120 3160 3170 3212 3351 3400 3416 3453 3528 3566 3583 3597 3651 3801 3806 3822 3852 3895 3929 3934 3962 3969 3977 4112 4208 4283 4387 4416 4461 4503 4679 4708 4751 4807 4829 4893 4919 4941 4978 4979 4983 4984 5073 5077 5098 5159 5284 5316 5532 5547 5625 5648 5669 5681 5700 5742 5773 5800 5847 5915 5924 6092 6145 6164 6254 6288 6385 6393 6447 6457 6474 6494 6604 6606 6741 6880 6964 6967 6980 6988 7119 7151 7187 7316 7393 7406 7415 7434 7449 7510 7512 7513 7587 7589 7607 7712 7797 7839 7847 7869 7889 7945 8032 8077 8102 8104 8161 8179 8263 8335 8401 8407 8426 8453 8475 8506 8533 8548 8587 8749 8762 8802 8820 8916 8964 8995 9016 9151 9346 9473 9488 9508 9541 9543 9561 9667 9710 9890 9898 9946 9981 10053 10076 10192 10247 10314 10346 10371 10441 10466 10469 10476 10509 10568 10641 10746 10753 10762 10883 10943 11069 11134 11264 11635 12495 12559 12568 12980 
#module 159 size: 41 bs: 0.701592
63 493 851 1882 2107 2424 2436 2775 2856 2886 3084 3393 3508 3935 4132 4314 4333 4846 5296 5617 5719 6366 6808 7399 7802 8025 8328 8380 8585 9107 9679 9853 10110 10232 11120 11121 11151 11161 11168 11270 11338 
#module 160 size: 46 bs: 1.05496
311 1110 1489 2816 2844 2879 3009 3093 3235 3955 4022 4100 4184 4920 5570 5661 5797 5944 6031 6230 6459 6494 6577 6842 6955 7258 7635 7785 8035 8489 8750 8768 9004 9093 9771 9957 10355 10754 10789 10869 11463 12264 12573 12683 12903 13039 
#module 161 size: 81 bs: 0.781124
254 487 488 762 827 1163 1275 1616 1654 1815 1928 1932 1957 1968 2056 2104 2130 2133 2275 2519 2730 3004 3112 3326 3404 3493 3654 3708 3913 4303 4323 4472 4588 4878 5058 5127 5138 5249 5345 5443 5684 5838 6100 6231 6243 6260 6350 6504 6514 6652 6673 6718 6789 6801 7193 7252 7589 7633 7658 7780 7861 8253 8293 8445 8536 8839 8850 8883 8893 9269 9290 9329 9543 9570 10318 10493 10793 10823 10835 10957 11189 
#module 162 size: 160 bs: 0.965259
226 273 291 542 599 602 604 605 772 840 959 1004 1122 1200 1234 1258 1266 1453 1537 1576 1605 1783 1879 2127 2174 2268 2471 2842 2906 2908 2992 3096 3184 3329 3351 3402 3468 3519 3539 3549 3632 3676 3737 3750 3814 3850 3863 3966 4029 4067 4094 4125 4311 4386 4416 4421 4481 4511 4554 4562 4628 4933 4938 4998 5039 5042 5063 5151 5171 5414 5504 5523 5527 5546 5596 5597 5620 5649 5722 5767 5803 5851 5925 5934 5962 6101 6202 6293 6308 6376 6403 6518 6580 6635 6654 6662 6670 6708 6840 6910 6980 7144 7223 7249 7253 7291 7305 7361 7419 7432 7505 7550 7669 7743 7993 8089 8123 8158 8166 8239 8362 8386 8392 8416 8502 8510 8521 8619 8625 8659 8669 8670 8709 8783 9016 9037 9038 9076 9199 9275 9303 9339 9373 9510 9528 9548 9589 9596 9945 9949 10028 10072 10138 10158 10228 10738 11070 11446 12511 12944 
#module 163 size: 83 bs: 1.07165
771 813 993 1030 1052 1054 1150 1333 1488 1561 1650 1854 1958 1998 2104 2212 2279 2577 2640 2819 2943 2994 3063 3135 3192 3218 3222 3361 3375 3463 3524 3679 3784 3817 3940 4170 4231 4276 4594 4688 4707 4945 4948 5043 5116 5208 5440 5765 5824 5918 5951 5979 6015 6114 6215 6335 6848 6997 7040 7130 7340 7466 7504 7740 7919 7952 8542 8671 8836 8859 8869 8935 9161 9162 10206 10212 10238 10415 10431 10672 10751 10871 12642 
#module 164 size: 200 bs: 0.937828
189 208 265 459 532 637 679 822 845 862 890 988 991 1025 1038 1055 1128 1151 1156 1261 1273 1309 1380 1487 1518 1641 1659 1673 1817 1840 1907 1920 1969 2025 2075 2141 2194 2212 2319 2372 2492 2676 2685 2719 2849 2881 2928 2930 2943 3040 3046 3068 3071 3092 3131 3219 3232 3273 3276 3306 3364 3373 3505 3609 3658 3666 3745 3805 3809 3832 3856 3883 3963 4173 4183 4227 4234 4281 4287 4291 4372 4465 4534 4542 4649 4761 4895 4995 5032 5092 5183 5241 5386 5396 5459 5537 5538 5554 5559 5569 5619 5676 5698 5713 5726 5782 5888 5902 6047 6072 6102 6181 6206 6233 6237 6242 6262 6298 6460 6466 6524 6526 6529 6599 6625 6698 6707 6736 6770 6788 6857 6872 6924 6942 6979 7026 7059 7079 7107 7303 7319 7439 7490 7522 7536 7551 7679 7696 7720 7886 7942 8028 8056 8145 8212 8258 8288 8319 8405 8410 8462 8474 8673 8716 8790 8845 8871 8907 8917 8923 8978 9040 9057 9171 9357 9417 9570 9602 9662 9685 9920 9980 10102 10103 10123 10198 10275 10337 10376 10470 10544 10591 10712 10772 10825 10839 10884 11211 11447 12902 
#module 165 size: 247 bs: 0.204106
2 11 63 125 259 313 372 381 385 413 529 537 580 647 698 805 865 921 936 970 990 1047 1056 1082 1102 1116 1221 1223 1251 1293 1294 1302 1305 1338 1351 1400 1420 1520 1575 1622 1631 1692 1812 1875 1876 1888 1988 1999 2043 2048 2107 2122 2147 2219 2337 2404 2448 2467 2487 2501 2572 2581 2660 2675 2688 2706 2708 2808 2830 2859 2886 2888 2889 2901 2936 2952 3149 3157 3216 3259 3288 3448 3456 3492 3615 3688 3735 3757 3803 3849 3926 3972 4001 4017 4047 4078 4092 4168 4178 4190 4201 4224 4253 4368 4393 4495 4505 4585 4598 4618 4629 4657 4730 4737 4763 4815 4820 4917 4957 5003 5028 5037 5126 5201 5212 5277 5323 5365 5371 5530 5564 5590 5630 5666 5816 5858 5908 6057 6058 6061 6063 6064 6069 6107 6139 6277 6280 6281 6367 6400 6476 6490 6574 6622 6648 6712 6862 6914 7016 7165 7176 7191 7199 7217 7349 7399 7457 7497 7553 7608 7762 7787 7815 7913 7972 8010 8047 8069 8101 8159 8170 8257 8275 8277 8316 8321 8337 8339 8377 8531 8656 8806 8886 8918 8956 9024 9055 9095 9109 9257 9457 9459 9526 9537 9544 9610 9670 9680 9694 9718 9789 9811 9841 9853 9858 9976 10026 10057 10110 10181 10224 10324 10331 10345 10472 10501 10557 10611 10646 10683 10707 10711 10752 10773 10784 10810 10824 10864 10989 11125 11183 11572 11885 12515 12666 12689 13004 
#module 166 size: 53 bs: 0.745956
43 321 677 726 775 904 935 945 1001 1260 1277 1563 2125 2351 2367 2387 2769 3189 3466 3531 3690 3859 3898 4013 4126 4467 5185 5242 5429 5541 5587 5598 5850 5943 6022 6067 6730 7394 7508 7547 7610 7858 8039 8412 8702 8791 9750 10280 10872 11147 11251 11711 12715 
#module 167 size: 166 bs: 0.544754
17 40 403 517 683 789 809 854 933 955 1005 1010 1025 1028 1065 1106 1139 1147 1160 1220 1222 1238 1243 1244 1254 1280 1319 1342 1405 1416 1484 1530 1567 1609 1708 1722 1778 1802 1936 2216 2234 2245 2292 2389 2428 2533 2621 2691 2723 2783 2821 2876 2918 3110 3187 3196 3336 3346 3356 3379 3454 3464 3731 3748 3751 3843 3874 3877 3899 4033 4046 4072 4139 4214 4381 4442 4539 4573 4603 4642 4653 4781 4859 4903 4959 5098 5116 5135 5202 5217 5220 5327 5334 5542 5552 5591 5688 5760 5768 5818 5856 5868 5919 6007 6151 6209 6215 6290 6315 6357 6358 6471 6532 6555 6697 6743 6816 6832 7006 7021 7067 7195 7328 7340 7383 7435 7557 7837 7936 8008 8080 8119 8186 8306 8365 8630 8782 8791 8875 8877 8889 9019 9063 9272 9277 9316 9332 9370 9478 9601 9674 9691 9975 9977 10100 10137 10337 10587 10751 10777 10925 11009 11083 11171 12629 13081 
#module 168 size: 16 bs: 0.860034
329 629 630 631 1795 3408 4175 5044 5594 6088 7290 7899 8189 8346 8586 9312 
#module 169 size: 70 bs: 0.169423
27 681 718 1005 1157 1212 1284 1361 1621 1766 1838 2291 2306 2340 2388 2445 2530 2664 2681 2726 2852 2882 3058 3174 3395 3706 4088 4310 4426 4471 4547 5046 5079 5182 5307 5404 5469 5474 5531 5581 5605 5655 5792 5807 5832 6441 6795 7267 7337 7819 8391 8435 8459 8486 8527 8550 8692 8697 9305 9374 9467 9500 9773 10190 10455 10878 10933 10987 11073 11085 
#module 170 size: 36 bs: 1.0171
659 804 1126 1138 1199 1214 1629 1683 1951 2144 2169 2791 3036 3146 3732 4045 4678 4691 4753 6135 6409 6541 6745 6779 6897 7031 7548 7567 8129 8394 8867 9840 10527 10603 11217 11499 
#module 171 size: 59 bs: 0.243267
196 197 589 941 948 1182 1225 1526 1568 1620 1745 1750 1771 1780 2773 2937 3029 3042 3190 3355 3642 3720 3820 3943 4145 4262 4436 4518 4540 5067 5078 5081 5163 5232 5699 5701 6627 6759 6774 7207 7312 7391 7620 8021 8100 8373 8627 8787 9230 9297 9399 9415 9700 9754 10424 10431 10471 10729 10763 
#module 172 size: 25 bs: 1.02599
520 1270 1565 1584 2066 2539 2693 2799 2911 3003 3133 3156 3290 3362 4124 4271 5643 5905 6903 7657 8483 8642 9577 10013 10549 
#module 173 size: 45 bs: 0.888085
3 986 1003 1067 1149 1312 1355 1402 1643 1751 1757 2008 2079 2203 2290 2524 2633 3203 3240 3341 3610 4785 4801 4849 5019 5023 5679 5754 5972 6629 6839 6884 7194 8481 8531 8770 8837 9446 10327 10379 10667 10721 10744 10780 11010 
#module 174 size: 56 bs: 0.915106
34 74 905 915 1224 1265 1378 1579 1593 1658 1990 2280 2315 2410 2495 2606 2789 2831 2835 3065 3104 3152 3158 3234 3634 3752 3799 4106 4153 4350 4366 4741 4786 5139 5372 5381 5565 6232 6319 6570 7056 7134 7236 7315 7991 8048 8395 9246 9355 9460 9817 10240 10455 10558 10841 11127 
#module 175 size: 126 bs: 0.561517
480 489 544 762 974 994 1095 1194 1408 1558 1654 1839 1871 1872 2027 2028 2080 2104 2133 2172 2181 2255 2279 2284 2380 2381 2408 2425 2440 2477 2723 2728 2767 2771 2803 2817 3087 3100 3153 3223 3286 3312 3480 3550 3600 3681 4093 4162 4222 4236 4498 4512 4666 4840 5101 5217 5413 5440 5603 5621 5705 5779 5796 5802 5984 6036 6084 6194 6346 6420 6468 6499 6540 6573 6731 6737 6749 6769 6801 6829 6920 7078 7252 7269 7326 7334 7681 7682 7693 8243 8452 8563 8650 8668 8680 8749 8861 9039 9127 9141 9155 9407 9420 9457 9533 9543 9578 9872 9998 10068 10077 10173 10315 10443 10567 10574 10627 10678 10687 11009 11273 11412 11437 11599 12077 12881 
#module 176 size: 100 bs: 0.94829
5 208 224 878 1026 1059 1133 1135 1219 1249 1403 1581 1674 1734 1831 1911 1996 2039 2482 2724 2729 2838 2963 3059 3154 3182 3536 3554 3557 3644 3755 3763 3920 3930 3990 4005 4037 4115 4213 4316 4361 4430 4514 4843 4956 4962 5112 5166 5387 5436 5502 5510 5553 5667 5737 5764 5861 5862 5917 5947 5954 5980 6028 6184 6205 6208 6212 6252 6313 6563 6601 6772 7102 7417 7437 7699 7723 7829 8051 8061 8241 8598 8608 9023 9165 9693 9918 9954 10374 10381 10432 10433 10625 10673 10755 10756 10767 11029 11119 12019 
#module 177 size: 100 bs: 0.288166
53 670 807 853 882 889 894 1364 1582 1586 1632 1686 1745 1927 1939 2126 2142 2182 2334 2340 2742 2957 3032 3179 3217 3250 3430 3455 3496 3573 3742 4119 4223 4305 4627 4630 4794 4796 4806 4929 5315 5361 5465 5478 5613 5877 5916 6214 6295 6338 6566 6642 6986 6987 7000 7090 7116 7364 7484 7524 7702 7706 7766 7794 7986 8192 8237 8294 8484 8532 8741 8756 8862 8940 8943 8957 8977 9052 9147 9180 9285 9343 9441 9466 9570 9799 10236 10579 10826 10852 10873 10907 10920 11142 11445 11453 12216 12228 12663 12681 
#module 178 size: 48 bs: 0.735197
233 272 1148 1388 1965 2240 2272 2274 2534 2544 2582 3429 3718 3738 3937 4269 4399 4418 4645 4881 5237 5366 5876 6166 6171 7038 7081 7092 7189 7244 7496 7842 8030 8499 8570 8576 8666 8936 9219 9233 9379 10000 10046 10334 10387 10661 11113 12591 
#module 179 size: 1 bs: 1
8866 
#module 180 size: 1 bs: 1
6709 
#module 181 size: 1 bs: 1
8106 
#module 182 size: 1 bs: 1
4420 
#module 183 size: 1 bs: 1
9850 
#module 184 size: 1 bs: 1
5942 
#module 185 size: 1 bs: 1
6750 
#module 186 size: 1 bs: 1
5840 
#module 187 size: 1 bs: 1
2468 
#module 188 size: 1 bs: 1
3744 
#module 189 size: 1 bs: 1
3297 
#module 190 size: 1 bs: 1
8679 
#module 191 size: 1 bs: 1
7133 
#module 192 size: 1 bs: 1
6699 
#module 193 size: 1 bs: 1
6820 
#module 194 size: 1 bs: 1
5454 
#module 195 size: 1 bs: 1
2868 
#module 196 size: 1 bs: 1
6612 
#module 197 size: 1 bs: 1
10044 
#module 198 size: 1 bs: 1
8942 
#module 199 size: 1 bs: 1
446 
#module 200 size: 1 bs: 1
6094 
#module 201 size: 1 bs: 1
9368 
#module 202 size: 1 bs: 1
3436 
#module 203 size: 1 bs: 1
1941 
#module 204 size: 1 bs: 1
1589 
#module 205 size: 1 bs: 1
4015 
#module 206 size: 1 bs: 1
7874 
#module 207 size: 1 bs: 1
10163 
#module 208 size: 1 bs: 1
3700 
#module 209 size: 1 bs: 1
10372 
#module 210 size: 1 bs: 1
5804 
#module 211 size: 1 bs: 1
6640 
#module 212 size: 1 bs: 1
4395 
#module 213 size: 1 bs: 1
182 
#module 214 size: 1 bs: 1
3608 
#module 215 size: 1 bs: 1
4640 
#module 216 size: 1 bs: 1
10171 
#module 217 size: 1 bs: 1
8082 
#module 218 size: 1 bs: 1
2718 
#module 219 size: 1 bs: 1
7511 
#module 220 size: 1 bs: 1
3948 
#module 221 size: 1 bs: 1
8618 
#module 222 size: 1 bs: 1
6960 
#module 223 size: 1 bs: 1
5692 
#module 224 size: 1 bs: 1
2323 
#module 225 size: 1 bs: 1
8896 
#module 226 size: 1 bs: 1
11740 
#module 227 size: 1 bs: 1
2941 
#module 228 size: 1 bs: 1
7454 
#module 229 size: 1 bs: 1
8490 
#module 230 size: 1 bs: 1
3177 
#module 231 size: 1 bs: 1
5608 
#module 232 size: 1 bs: 1
5274 
#module 233 size: 1 bs: 1
582 
#module 234 size: 1 bs: 1
301 
#module 235 size: 1 bs: 1
5075 
#module 236 size: 1 bs: 1
9194 
#module 237 size: 1 bs: 1
3626 
#module 238 size: 1 bs: 1
5076 
#module 239 size: 1 bs: 1
7488 
#module 240 size: 1 bs: 1
4568 
#module 241 size: 1 bs: 1
10258 
#module 242 size: 1 bs: 1
7204 
#module 243 size: 1 bs: 1
6939 
#module 244 size: 1 bs: 1
9249 
#module 245 size: 1 bs: 1
8128 
#module 246 size: 1 bs: 1
7923 
#module 247 size: 1 bs: 1
6294 
#module 248 size: 1 bs: 1
8363 
#module 249 size: 1 bs: 1
3672 
#module 250 size: 1 bs: 1
832 
#module 251 size: 1 bs: 1
4967 
#module 252 size: 1 bs: 1
4717 
#module 253 size: 1 bs: 1
3520 
#module 254 size: 1 bs: 1
4261 
#module 255 size: 1 bs: 1
2098 
#module 256 size: 1 bs: 1
6930 
#module 257 size: 1 bs: 1
4932 
#module 258 size: 1 bs: 1
3431 
#module 259 size: 1 bs: 1
5131 
#module 260 size: 1 bs: 1
5207 
#module 261 size: 1 bs: 1
846 
#module 262 size: 1 bs: 1
6571 
#module 263 size: 1 bs: 1
5641 
#module 264 size: 1 bs: 1
1256 
#module 265 size: 1 bs: 1
1538 
#module 266 size: 1 bs: 1
8031 
#module 267 size: 1 bs: 1
4186 
#module 268 size: 1 bs: 1
8244 
#module 269 size: 1 bs: 1
1971 
#module 270 size: 1 bs: 1
4949 
#module 271 size: 1 bs: 1
10400 
#module 272 size: 1 bs: 1
8700 
#module 273 size: 1 bs: 1
978 
#module 274 size: 1 bs: 1
9477 
#module 275 size: 1 bs: 1
3933 
#module 276 size: 1 bs: 1
4968 
#module 277 size: 1 bs: 1
6487 
#module 278 size: 1 bs: 1
12652 
#module 279 size: 1 bs: 1
6866 
#module 280 size: 1 bs: 1
8356 
#module 281 size: 1 bs: 1
6124 
#module 282 size: 1 bs: 1
11261 
#module 283 size: 1 bs: 1
9302 
#module 284 size: 1 bs: 1
6542 
#module 285 size: 1 bs: 1
4975 
#module 286 size: 1 bs: 1
9846 
#module 287 size: 1 bs: 1
10526 
#module 288 size: 1 bs: 1
10569 
