#module 0 size: 6 bs: 2.41954e-10
3029 5165 6279 8033 8836 9882 
#module 1 size: 3 bs: 0.0207954
1263 7237 7705 
#module 2 size: 3 bs: 4.84539e-11
2416 3011 11535 
#module 3 size: 3 bs: 3.62644e-06
2642 6096 7639 
#module 4 size: 3 bs: 1.55164e-09
2529 5560 10303 
#module 5 size: 3 bs: 0.00104276
6583 8568 8979 
#module 6 size: 5 bs: 0.897357
3423 3833 3974 6457 8123 
#module 7 size: 6 bs: 0.416548
1685 1867 3533 8062 10056 11095 
#module 8 size: 5 bs: 0.940495
3624 4035 6380 8877 9006 
#module 9 size: 4 bs: 0.609751
1842 3801 5538 10544 
#module 10 size: 37 bs: 0.852688
1269 1289 1383 1631 1668 2260 2718 2815 3309 3378 3766 4031 4162 4281 4803 4823 4962 5012 5482 5556 6216 6559 6770 7090 7422 7662 7879 8135 8312 8449 8704 10038 10163 10929 11220 11342 11519 
#module 11 size: 5 bs: 0.27416
8747 9551 9635 9669 12228 
#module 12 size: 61 bs: 1.05261
865 926 1135 1230 1697 1985 2090 2177 2435 2616 2634 2700 2850 2851 3026 3181 3185 3213 3684 3827 4726 4727 4733 4768 4941 5480 5697 5710 5881 5946 6485 6563 6612 6945 6965 6974 7023 7160 7441 7460 7486 7644 7721 7813 7977 8208 8269 8390 8653 8997 9044 9161 9185 9793 10213 10430 10468 10591 10730 10860 11067 
#module 13 size: 5 bs: 0.501612
6144 6863 8635 9852 10717 
#module 14 size: 28 bs: 0.719451
1503 1895 2270 2523 2958 3687 3859 3986 4084 4388 4408 4654 4668 4837 5110 5142 6217 6847 7613 7641 8435 8446 8584 8597 9145 9354 9587 11372 
#module 15 size: 6 bs: 0.246272
1931 2824 4534 6855 8324 10631 
#module 16 size: 4 bs: 0.241791
3658 6021 8977 9276 
#module 17 size: 31 bs: 0.907637
1095 1542 1576 1975 1984 2044 3889 4780 4909 5397 5616 5660 5685 5984 6385 6489 6669 6952 7078 7203 8322 8338 8380 8681 9133 9419 9679 9689 11032 12609 12666 
#module 18 size: 17 bs: 0.251134
16 1778 1917 3494 3663 4191 4296 5427 6068 6700 10088 10245 10496 10699 10853 11271 11700 
#module 19 size: 38 bs: 0.660637
949 1188 1490 1737 2142 2534 3312 3949 4234 4410 4473 4636 5034 5469 5624 5862 6271 7065 7178 7377 7483 7565 8197 8285 8437 9040 9330 9459 9722 10215 10223 10301 10367 10659 10677 10766 10815 11932 
#module 20 size: 4 bs: 0.866361
1089 6812 7866 9224 
#module 21 size: 7 bs: 0.438225
2324 4121 4494 5164 5993 7975 9958 
#module 22 size: 11 bs: 0.660116
2465 4573 4982 5150 5484 5737 8145 10270 10621 10979 12813 
#module 23 size: 12 bs: 0.210356
1803 3529 3636 3817 4770 6037 6903 7347 9692 10910 11201 12683 
#module 24 size: 10 bs: 0.711388
2336 2480 2761 2987 3455 4930 5490 7071 7857 8579 
#module 25 size: 9 bs: 0.633796
957 3846 3963 5787 7123 7458 7463 8832 9368 
#module 26 size: 5 bs: 0.430994
2668 5936 9176 9469 11148 
#module 27 size: 7 bs: 0.244442
2709 3280 6237 7468 8128 8326 10996 
#module 28 size: 18 bs: 0.236023
1798 1886 1974 2906 3216 3758 4244 6133 6139 6679 7145 8153 9300 9320 9348 9366 10316 10336 
#module 29 size: 7 bs: 0.110555
1642 1694 2589 2978 6262 9375 9650 
#module 30 size: 16 bs: 0.999654
1217 1435 1750 2819 3604 3661 4044 5231 5492 5768 5973 7878 8155 8348 9608 9838 
#module 31 size: 29 bs: 0.172725
807 1247 1256 1378 2520 2880 2994 3511 4452 5122 5305 5409 5715 5890 5991 6111 6951 7243 7270 7408 7422 9183 9231 9356 10448 10551 10854 11085 12992 
#module 32 size: 60 bs: 0.780398
860 864 1315 1348 1393 1701 1774 1953 1959 2040 2210 2258 2313 2908 2922 3064 3269 3451 3531 3572 3664 3750 4082 4273 4699 4791 4931 5039 5042 5253 5293 5464 5717 5741 5744 5751 6132 6561 6938 7216 7596 7712 7959 8019 8108 8549 8555 8964 9153 9432 9483 9840 10391 10759 10787 11081 12170 12661 12874 12995 
#module 33 size: 18 bs: 0.67823
2223 2791 3247 3780 4659 4820 7040 8217 8455 8748 9478 9625 9707 10284 10605 10692 10700 10809 
#module 34 size: 21 bs: 0.687928
788 1132 2149 3458 3504 3928 4344 5188 5309 5456 6099 6277 8462 9090 9616 9844 10211 10388 10986 11193 11240 
#module 35 size: 16 bs: 0.310191
1455 3639 3732 4149 4383 5340 5747 6876 7221 7892 8003 8121 8221 9144 9774 10858 
#module 36 size: 12 bs: 0.622325
21 2888 4132 4377 4745 4915 6639 7522 7634 7926 9032 9756 
#module 37 size: 24 bs: 0.956352
1421 1633 1679 2068 2204 2560 3405 3525 4107 4217 5902 6299 6308 6998 7187 7976 9250 9264 9315 10247 10470 10876 10920 11146 
#module 38 size: 43 bs: 0.177756
1159 1415 1524 1546 1627 1641 1693 1821 2039 2478 2526 2696 3018 3083 3142 3421 3541 3670 3716 3914 4403 4447 4828 5342 5454 5551 5669 5671 5782 6355 6430 6656 6905 6998 8006 8368 8811 9018 9324 9591 10455 10477 10983 
#module 39 size: 35 bs: 0.489046
852 967 1475 1617 1781 1831 2078 2147 2377 2401 2851 2921 3208 3436 3900 4379 5250 5375 5413 5500 5896 5931 6264 6858 6945 7126 7507 8278 9085 9107 9603 9981 10097 10617 11123 
#module 40 size: 36 bs: 0.993762
13 813 1130 1335 1402 1463 1671 1681 1977 2052 3315 3922 4032 4428 5321 5943 6915 7020 7215 7618 7893 8045 8114 8619 9062 9291 9696 9775 9829 9964 10182 10487 10514 10773 10873 11207 
#module 41 size: 15 bs: 0.50419
1889 2300 2602 3728 4356 4661 4970 4978 6749 7750 8399 8538 9683 10776 13062 
#module 42 size: 34 bs: 0.934201
1158 1293 1503 1715 2172 2287 2587 2715 2818 3385 3400 3759 4078 5412 5957 5988 5989 7074 7547 8191 8267 8453 8626 8802 9055 9377 9659 9871 10533 10870 11133 11151 12679 12881 
#module 43 size: 33 bs: 0.831184
28 1010 1085 1235 1949 2341 2798 2942 3128 3244 3299 4400 4547 4605 4621 4675 4963 5199 5437 5883 6304 6835 7093 7511 7709 7721 7840 8371 8420 8492 8732 9026 11233 
#module 44 size: 13 bs: 0.424672
867 2685 3149 3518 3677 3792 4077 4537 5925 6163 8707 9851 10023 
#module 45 size: 32 bs: 0.362906
980 1167 1480 2123 2385 2433 2439 2795 3075 3255 3426 3444 4040 4209 4910 5319 5689 6445 6828 6861 6879 7944 7998 8056 8613 8724 9441 10240 10430 10781 11109 11550 
#module 46 size: 21 bs: 0.512072
1086 1760 1914 2148 2260 3204 3538 4079 5087 5182 5735 6130 6216 7330 8390 8449 8696 9123 10143 10392 10807 
#module 47 size: 31 bs: 0.911453
1001 1042 1250 1667 1982 2442 2479 2486 2659 2691 3593 3835 4470 4630 4724 5212 5253 5373 5458 5771 6690 7000 8059 8187 8358 8381 8715 9247 9427 10053 11556 
#module 48 size: 32 bs: 1.00759
1109 1607 1855 2170 2648 2822 2866 3725 3751 3785 4741 4778 4995 5207 5956 6259 6343 7245 7579 7627 7954 8389 8459 8483 9608 9629 9874 9993 10066 10206 10379 10516 
#module 49 size: 34 bs: 0.861877
51 886 990 1298 2026 2057 2532 2957 3015 3027 3160 3339 3464 3586 4246 4563 4642 5014 5255 5476 5716 5743 5778 6241 6663 6763 7103 7568 8951 10026 10224 10420 10457 12077 
#module 50 size: 44 bs: 0.630584
771 797 931 1782 2126 2437 2675 2846 3119 3779 3873 3920 4253 4276 4285 4826 5075 5143 5381 5448 5554 5778 6054 6371 6450 6454 6683 6702 7292 7357 7551 7633 8634 8928 8932 8942 9350 9790 9975 10186 10401 10648 11575 12792 
#module 51 size: 42 bs: 0.795709
891 1337 1901 2025 2033 2339 2903 3076 3392 3591 3767 3898 3988 4374 4710 4997 5167 5226 5448 5487 5918 6007 6316 6492 7621 7676 7678 7881 8203 8243 8385 8758 8937 8965 9291 9431 9712 9872 10550 10947 11145 13019 
#module 52 size: 30 bs: 0.160075
894 1045 1268 1291 1346 1860 2030 2353 2407 2470 2486 3103 3573 4137 4290 4315 4341 5627 6531 6533 6736 6954 7982 8630 9277 9512 9838 10254 10769 12933 
#module 53 size: 28 bs: 0.598603
1105 1160 1817 2225 2387 2665 3089 3408 3531 3690 3797 4448 5713 6477 6591 6713 7698 7763 7824 8167 8262 8346 8641 9574 9765 10975 11073 11383 
#module 54 size: 60 bs: 0.885093
5 10 851 1255 1486 1492 1646 1656 1737 1904 1905 2165 2245 2554 2578 2707 3739 3949 3969 4307 4325 4636 4677 5260 5420 5466 5738 5856 5862 5907 6236 6515 6521 6574 6689 6851 6924 7565 7683 7692 8102 8285 8300 8379 8618 9164 9389 9459 9553 9753 9783 9920 10215 10409 10579 10633 10812 10958 11168 12523 
#module 55 size: 6 bs: 0.180277
1018 4350 5872 8963 10360 10961 
#module 56 size: 6 bs: 0.635771
2444 6033 7271 7295 7996 10651 
#module 57 size: 19 bs: 0.492759
1963 2344 2768 4055 4938 5433 5942 6469 6701 7122 8104 8872 8874 9336 10063 10151 10219 10755 10932 
#module 58 size: 54 bs: 0.10394
960 1195 1237 1444 1498 1883 1905 2338 2346 2491 2915 3067 3473 3883 4142 4156 4384 4579 4764 4805 4904 5104 5201 5268 5479 5522 5535 5745 5903 5968 6138 6141 6206 6524 7888 8024 8091 8575 8711 8738 8782 8793 8845 9020 9092 9192 9241 9802 9828 9944 10282 10682 10858 10886 
#module 59 size: 45 bs: 0.537087
15 796 1230 1310 1835 1985 2018 2163 2177 2181 2182 2255 2803 2849 3040 3187 3213 3250 3419 3901 4023 4041 4892 4941 5074 5697 6734 7482 7588 7909 8251 8388 8417 8431 9139 9161 10004 10087 10190 10255 10337 10566 11011 11208 11217 
#module 60 size: 11 bs: 0.214353
3264 6685 8577 9050 9137 9434 10314 10607 10777 11693 11815 
#module 61 size: 20 bs: 0.339519
816 2452 2785 2893 3080 3086 4576 4859 4918 4975 5398 5829 6039 6227 6339 7619 9530 10357 10973 11002 
#module 62 size: 62 bs: 1.01365
882 895 940 1166 1385 1731 1777 1897 2102 2141 2319 2502 2937 2960 3072 3083 3258 3438 3520 3828 4083 4275 4544 4690 4940 5126 5335 5788 5797 6427 6598 7150 7240 7465 7647 7791 7805 7948 8201 8897 9037 9078 9245 9266 9455 9504 9676 9698 9841 10511 10565 10599 10674 10846 10901 11025 11163 11168 11667 11702 11790 12249 
#module 63 size: 59 bs: 0.125714
932 1026 1093 1604 1652 1781 2154 2474 2498 2567 2592 2731 2865 3427 3436 3582 3649 3896 4178 4205 4215 4326 4329 4379 4646 4727 4999 5385 5447 5606 6180 6591 6636 6945 6984 7486 8002 8005 8223 8726 8996 9107 9363 9565 9574 9656 9691 9733 10259 10645 10663 10684 10805 10826 11017 11110 11271 11625 12690 
#module 64 size: 20 bs: 0.754293
830 956 1429 2465 2483 2867 4061 4590 5606 6121 7007 7320 8474 8499 8871 9288 9565 10414 10504 10743 
#module 65 size: 31 bs: 0.47978
30 1199 1524 1555 1897 2960 2975 3083 3709 4013 4940 5788 6418 6527 6597 6642 6656 7004 7060 7240 7302 7487 8226 8307 8702 9037 9720 9841 10108 10798 12794 
#module 66 size: 28 bs: 0.871407
1996 2686 4029 4336 4456 4555 4815 4825 5233 5528 5580 5600 6028 6932 6963 7671 7685 7837 8296 8765 8807 9057 9460 9484 9980 10208 10374 11448 
#module 67 size: 75 bs: 0.225746
764 1031 1178 1208 1398 1464 1642 1689 1702 2010 2110 2241 2260 2338 2347 2571 2624 2705 2718 2806 3033 3046 3355 3503 3702 3703 3977 4099 4515 4528 4795 5012 5182 5332 5341 5482 5530 5701 5750 6216 6356 6384 6458 6730 6826 7008 7024 7077 7090 7662 8099 8268 8271 8449 8602 8745 8763 9012 9193 9274 9553 9650 9754 9818 9971 10014 10051 10295 10359 10515 10584 11003 11220 11266 11364 
#module 68 size: 29 bs: 0.771906
1576 1758 2439 2864 2999 3255 5166 5189 5220 5270 6194 6884 7077 7944 8056 8234 8448 8556 8613 8848 9134 9298 9370 9929 10451 10785 10833 11009 12635 
#module 69 size: 11 bs: 0.861313
1225 1792 3644 5590 6487 6771 8096 8321 8991 10193 10256 
#module 70 size: 9 bs: 0.440426
2808 2838 3009 7410 9408 9702 11369 11657 12644 
#module 71 size: 30 bs: 0.473786
55 898 1201 1543 1652 2145 3249 3649 4159 4277 4329 4742 5101 5275 6049 6488 6545 6946 7524 7580 7622 7833 8341 8348 8354 8492 8994 9499 11210 12860 
#module 72 size: 70 bs: 0.885499
55 67 1068 1288 1374 1561 1604 1605 1736 1791 2486 2498 2546 3010 3053 3094 3132 3427 3482 3649 3896 4025 4048 4148 4326 4330 4619 4623 4767 4999 5211 5248 5518 5759 5799 6229 6500 6501 6592 6684 6902 7000 7192 7222 7250 7344 7430 7665 7753 7788 7813 7924 7969 8005 8117 8151 8468 8930 8996 9191 9245 10016 10221 10254 10438 10482 10613 10906 11224 11271 
#module 73 size: 30 bs: 0.997842
70 72 919 1055 1388 2031 2353 3342 3485 3486 5400 5529 5734 6236 6481 6533 6917 6954 7156 7836 8130 8210 8868 8985 9070 10078 10565 10746 10931 11205 
#module 74 size: 66 bs: 1.01357
8 964 1078 1203 1253 1298 1388 1397 1448 1457 1597 1657 1704 1757 1802 1925 1953 2035 2040 2335 3107 3257 3446 3497 3695 4176 4208 4437 4518 4524 4597 4766 5306 5347 5393 5402 5481 5603 6156 6494 6529 7021 7051 7052 7088 7254 7307 7345 7681 7795 7821 7839 8118 8163 8176 8886 9376 9780 10333 10614 10668 10926 11006 11016 12712 13004 
#module 75 size: 45 bs: 0.755117
69 920 1209 2114 2468 2686 2728 2940 3013 3198 3713 3930 4456 4722 5580 5774 6028 6143 6470 6962 7001 7118 7417 7476 7693 7724 8165 8494 8805 8841 8876 8894 8968 9106 9452 9466 9812 9969 10002 10208 10642 10689 10851 10897 11246 
#module 76 size: 36 bs: 1.07705
962 1102 2457 2851 2970 3228 3430 4496 4709 4798 4857 5169 5637 5767 5849 6862 6872 7365 7370 7384 7512 7643 8286 9311 9768 9771 10132 10133 10703 10788 10796 10814 10872 11258 11643 11660 
#module 77 size: 25 bs: 0.724983
1639 1674 2494 2695 3101 3868 4754 5283 5542 5793 6421 6490 6661 6768 8663 8923 9130 9534 9645 9704 9735 9795 10432 10475 11189 
#module 78 size: 44 bs: 0.550426
42 844 873 946 1466 1665 2613 3058 3252 3407 3656 4316 4326 4393 4702 5573 5613 6142 6495 6636 6707 7012 7129 7206 8057 8223 8637 9086 9286 9409 9565 9755 10294 10508 10526 10645 10684 10724 10783 10826 10847 10939 11017 11470 
#module 79 size: 34 bs: 0.870813
1208 1256 1341 1425 1446 1459 1649 1722 1921 2049 2706 5409 5765 5830 5928 6751 7005 7408 8312 8357 8617 8719 8899 9401 9647 10043 10351 10506 10587 10658 10854 10870 11488 11715 
#module 80 size: 63 bs: 0.46722
781 1101 1170 1380 1392 1495 1780 1846 1938 2482 2549 2650 3259 4038 4169 4173 4509 4521 4943 5052 5070 5081 5157 5562 5579 5758 6114 6265 6373 7016 7135 7146 7158 7380 7748 7978 8082 8106 8283 8364 8644 8876 9121 9148 9205 9208 9706 9814 9849 9935 9965 10136 10369 10428 10433 10554 10588 10720 11140 11268 12756 12882 12889 
#module 81 size: 49 bs: 1.06295
766 1383 2554 2566 2686 2815 2890 3309 3378 3437 3480 3739 3766 3837 4016 4029 4043 4162 4228 4419 4435 4456 5260 5270 5363 5496 5568 5600 5698 5907 6292 6770 7063 7113 7165 7671 7994 8046 8284 8704 9057 9254 9260 9402 9423 10163 10362 11342 11576 
#module 82 size: 40 bs: 0.659046
39 892 1776 2136 2141 2318 2916 3106 3129 3199 3409 4022 5399 5423 5746 5780 5845 5851 5865 6026 6530 7029 7198 7219 7415 7964 8477 8508 8576 8983 9096 9665 9734 9972 10120 10192 10254 10499 12899 13039 
#module 83 size: 38 bs: 0.566587
966 1005 1240 1810 2598 3800 3816 3891 3938 4264 4267 4771 4817 5025 5176 5357 5642 6026 6219 6844 6883 8138 8161 8797 9524 9624 9725 9970 9987 10382 10705 10756 10836 10949 11164 11465 12891 12905 
#module 84 size: 22 bs: 0.878785
26 1828 2170 4334 4790 4802 5663 6175 6525 6573 6584 6658 6698 7257 7540 7620 7829 8198 9713 10711 11362 11459 
#module 85 size: 36 bs: 0.587571
972 1424 1915 2765 2788 3054 3282 3567 3627 3689 4671 4680 4684 4736 4794 4980 5217 5486 5786 5825 6183 6203 6386 6475 7553 7604 7694 8539 8552 8976 9099 9727 10103 10564 10810 11371 
#module 86 size: 20 bs: 0.632426
1093 2592 4178 4379 4895 6016 6065 6523 6562 6564 6691 6740 7609 7706 8228 8370 10020 10625 10991 11110 
#module 87 size: 47 bs: 1.0036
17 988 1059 1139 1314 1521 1571 1827 2047 2155 3134 3241 3357 3685 4319 4351 4382 4598 4934 4936 5227 5389 5592 5656 5667 6013 6045 6123 6153 6400 6899 6985 7036 7149 7301 7336 7359 8083 8136 9122 9476 9766 10012 10469 10592 10802 11864 
#module 88 size: 29 bs: 0.532752
947 1818 1920 2550 3245 3417 3534 3675 4581 5203 5718 6048 6270 6300 6483 6627 6671 6934 7053 7137 7592 8260 8800 9068 9166 9309 9359 12681 12902 
#module 89 size: 44 bs: 0.688239
1040 1088 1359 1526 1592 1622 1653 1753 1836 2034 3118 3157 3595 3648 3769 3854 4070 4270 5046 5053 5185 5807 5821 6029 6441 6516 6517 7045 7152 7451 7715 7870 7931 7983 8067 9171 9284 10045 10273 10842 10871 11121 11245 11338 
#module 90 size: 29 bs: 0.259294
947 1113 1218 1681 1818 4428 4526 4953 5216 5279 6004 6048 7116 7215 7390 7711 7923 8058 8125 8174 8180 8909 9775 9964 10323 10427 10773 10887 12902 
#module 91 size: 49 bs: 0.602419
13 56 759 825 1010 1033 1748 1833 1924 2032 2371 2632 2817 2859 3144 3161 3613 3809 3893 4031 4143 4297 4947 4969 4978 5056 5426 5852 5869 5901 6159 6288 6425 6741 7104 7328 8258 8510 8686 8760 8905 9071 9308 9327 9503 9513 10222 11223 11504 
#module 92 size: 43 bs: 0.247076
872 1169 1552 1648 1662 1929 2069 2105 2132 2273 2370 2766 2858 3001 3006 3196 3291 3683 4839 4865 4891 4959 4973 4979 5670 5878 6293 6646 6980 7504 7628 7796 8129 8774 9021 9053 9548 9955 9976 10007 10415 11112 11572 
#module 93 size: 50 bs: 0.111392
785 850 897 1009 1193 1813 2023 2278 2321 2763 2789 2852 2875 3154 3163 3175 3236 3395 3831 3879 4005 4117 4304 4445 4460 4725 4737 4739 5206 5463 5864 5937 6292 6379 6464 6781 6843 7798 7867 7919 8829 9080 9270 9836 10362 10531 10735 10814 11161 11415 
#module 94 size: 43 bs: 1.01455
827 1272 1968 2013 2130 2223 2232 2275 2396 2661 2879 3164 3212 3235 3493 3698 3852 4011 4111 5285 6231 6238 6243 6260 6459 6652 6801 6803 7255 7589 8521 8679 8680 8838 8893 9025 9155 9269 9578 10444 10493 10957 11499 
#module 95 size: 41 bs: 0.820513
868 1111 1940 2010 2284 2540 3100 3130 3376 3517 3845 4156 4243 4306 4808 5021 5222 5875 5890 5904 5949 6005 6829 7098 7443 7475 7488 7684 8042 8882 8970 9132 9186 10313 10349 10560 10577 10697 10838 11173 12861 
#module 96 size: 118 bs: 0.451275
769 786 858 881 911 1041 1077 1093 1334 1424 1509 1723 1732 1962 2054 2183 2692 2930 3017 3091 3220 3454 3627 3684 3709 3789 3827 3937 4112 4172 4178 4197 4207 4233 4260 4343 4349 4364 4387 4450 4458 4680 4806 5100 5278 5416 5531 5533 5552 5769 5819 5840 5932 5963 6003 6015 6016 6094 6248 6252 6296 6381 6527 6631 6824 6830 6936 6937 7032 7125 7208 7325 7406 7539 7609 7696 7729 7957 8079 8232 8384 8400 8500 8539 8552 8621 8647 8676 8692 8708 8804 8947 9063 9140 9209 9256 9382 9502 9514 9584 9899 10027 10185 10234 10424 10475 10554 10615 10625 10725 10810 10913 11110 11191 11218 11868 11870 12862 
#module 97 size: 33 bs: 0.314216
71 1116 1228 1932 1964 2112 2206 2577 2770 3221 3266 3273 3744 3869 4753 5611 5814 6129 6211 6651 7352 7356 7545 8313 8320 8470 8650 8971 9925 11501 11541 12642 12746 
#module 98 size: 22 bs: 0.989773
1107 1407 1431 2799 2809 2963 3208 3838 3900 5210 5218 5290 5314 6234 6556 6649 9561 9996 10318 10813 10986 11656 
#module 99 size: 80 bs: 0.43173
1344 1361 1475 1590 1617 1683 1822 1971 2027 2078 2247 2377 2432 2633 2727 2830 2908 2948 3550 3686 3714 3808 3899 4165 4601 4639 4777 5186 5224 5266 5346 5370 5413 5449 5500 5527 5557 5617 5853 5884 5905 6010 6018 6172 6336 6477 6512 6538 6608 7083 7095 7111 7126 7174 7192 7216 7249 7464 7846 7995 8229 8257 8281 8333 8377 8527 8531 8816 9206 9528 9891 10124 10146 10403 10574 10617 10633 10894 10904 12896 
#module 100 size: 33 bs: 0.354969
1300 2115 2423 2450 2734 3234 3277 3375 3564 3584 3848 4391 4627 4957 5833 5947 5961 5969 6909 7572 7937 8011 8060 8953 9149 9601 9688 9744 9978 10050 10122 11079 11194 
#module 101 size: 53 bs: 0.186893
53 79 791 1065 1257 1756 1775 1824 1851 1939 2531 2558 2746 2747 2845 3036 3484 3830 4039 4166 4220 4308 4310 4389 4840 4944 5141 5483 5779 5783 5850 6331 6795 6889 7198 7429 8144 8405 8550 8570 8703 8725 9472 9552 9560 9864 10293 10416 10844 10907 11004 11099 11395 
#module 102 size: 41 bs: 0.805833
866 873 1176 1218 1608 1718 1927 1954 2373 2941 3130 3332 3445 3501 4034 4049 4064 4769 4874 5238 5643 6103 6511 6641 6686 6999 7055 7215 7379 7842 8037 8044 8133 8343 8607 8903 9001 9104 11022 11107 11581 
#module 103 size: 60 bs: 0.673745
873 958 1005 1414 1608 1684 1995 2955 3389 3445 3540 3594 3936 4771 5285 5519 5642 5773 5806 6401 7339 7456 7530 7647 7657 8409 8493 8607 8683 8773 8799 8940 9000 9536 9610 9612 9624 9724 9773 9970 10041 10251 10460 10671 10692 10705 10756 10775 10801 10804 10836 10863 11107 11164 11465 11962 12447 12700 12982 13010 
#module 104 size: 34 bs: 0.571229
849 1249 1290 1452 1460 1731 1920 2135 2389 2489 2496 2654 3341 3642 3805 4064 4443 5043 5376 5867 5895 6773 6881 6990 7014 7378 8311 8345 9232 9848 9999 10422 10512 10764 
#module 105 size: 21 bs: 0.417471
1128 1222 1280 1894 1994 2099 3488 4284 4889 5429 5794 6996 7223 7227 7786 8436 8490 9283 9442 10980 11259 
#module 106 size: 41 bs: 0.102916
38 57 1318 1784 1804 2095 2311 3114 3268 3290 3331 3442 3862 4580 4671 4966 5138 5191 5372 5614 5842 5924 6024 6157 6214 6358 6410 6472 6619 6769 7082 7191 7509 7535 7648 8199 8254 8817 9906 10218 10600 
#module 107 size: 42 bs: 0.422629
43 50 981 991 1786 1790 2487 2942 2983 3024 3560 3905 4104 4140 4216 4259 4301 4459 4809 4855 5414 5572 5719 6044 6665 7108 7437 7511 7536 7981 8091 8543 8575 8673 8967 9020 9068 9558 9900 10452 10811 13065 
#module 108 size: 68 bs: 1.06076
7 795 826 1119 1188 1431 1621 1753 1864 1873 2084 2108 2193 2542 2573 2614 2717 2760 2882 3121 3527 3568 3592 3622 3670 3760 3861 3950 3982 4024 4103 4237 4471 4729 4764 4850 4876 4881 4882 5505 5524 5628 5647 5804 5863 6206 6302 6417 7094 7169 7592 7744 7792 8038 8245 8316 8327 8350 8788 9022 9192 9541 9846 9875 9893 10329 12726 12950 
#module 109 size: 44 bs: 0.294779
870 1108 1725 1878 2157 2158 2449 2503 2660 2789 3050 3186 4266 4720 5359 5609 5715 5808 6411 6578 6853 7372 7538 7714 7767 7802 8008 8660 9091 9407 9741 9745 9850 10106 10115 10396 10454 10484 11021 11230 11699 11949 12158 12977 
#module 110 size: 66 bs: 0.791442
34 799 952 1305 1467 1967 2002 2179 2190 2256 2575 2641 2648 2749 2833 2872 3181 3579 3669 3777 3802 4135 4614 4673 4741 4954 5136 5199 5350 5693 6135 6146 6191 6225 6722 6726 7166 7421 7532 7713 7806 7943 8070 8244 8437 8450 8478 8752 9126 9129 9154 9289 9626 9717 10121 10491 10503 10681 10714 10990 11013 11135 11336 11551 12015 12555 
#module 111 size: 35 bs: 0.267761
785 879 1193 1246 1297 1583 1670 1892 1948 2459 2506 2789 3342 3831 4057 4725 4946 5462 5526 5681 6375 6843 7141 7370 8097 8146 8277 8491 9047 9151 9547 10129 10343 10780 10791 
#module 112 size: 67 bs: 0.163641
3 906 1121 1255 1333 1559 1599 1796 1827 1918 2008 2207 2243 2253 2267 2289 2406 2414 2733 3123 3943 3969 4051 4231 4255 4280 4325 4347 4455 4591 4796 4866 5265 5280 5420 6586 6985 7080 7109 7738 7772 8345 8452 8800 9031 9128 9279 9389 9479 9550 9557 9654 9662 9783 10126 10344 10409 10437 10623 10721 10779 10958 11010 11098 11335 11704 11710 
#module 113 size: 66 bs: 0.547216
837 996 1023 1096 1154 1411 1527 1646 1656 1816 1841 1918 1942 1969 1978 2016 2051 2152 2243 2439 2737 3056 3232 3270 3276 3444 3474 3481 3699 3969 3976 4037 5049 5319 5420 5431 5877 6220 6297 6624 6706 7073 7267 7319 7692 7702 7742 7942 8154 8345 8640 9088 9157 9216 9389 9441 9481 9498 10122 10168 10215 10229 10784 10958 11010 11473 
#module 114 size: 65 bs: 0.830345
14 865 926 1165 1230 1376 1714 1809 2394 2412 2437 2631 2682 2700 2709 2741 2790 2851 2970 3023 3185 3204 3348 3544 3559 3586 3791 4115 4800 4879 4907 4926 4984 5005 5154 5382 5411 5468 5591 5646 6104 6442 6650 7353 7984 8014 8018 8192 8269 8390 8440 8443 8553 8920 9109 9143 9545 9794 10213 10384 10426 10519 10827 10861 12937 
#module 115 size: 32 bs: 0.239684
1558 1602 2304 2420 2969 3115 3811 3935 4781 5608 5728 6007 6046 6113 6181 6878 7211 7454 7602 7682 7770 8113 8305 8856 9179 9203 9854 9966 10398 10618 10628 10632 
#module 116 size: 48 bs: 0.282048
2 833 1034 1214 1365 1443 1754 2297 3897 4116 4371 4681 5010 5158 5176 5300 5548 5944 6006 6258 6274 6674 7034 7047 7171 7386 7746 7928 7947 8009 8157 8175 8204 8668 8737 9034 9200 9287 9803 9964 9986 10292 10626 11134 11188 11451 12958 13039 
#module 117 size: 24 bs: 0.639642
1319 1505 1584 1986 3697 3701 3748 3995 4401 4842 4896 5618 6582 6871 6993 7646 8840 9417 9540 9590 9630 9863 10603 10701 
#module 118 size: 38 bs: 0.552798
1058 1133 1145 1185 1588 2218 2934 3126 3971 4089 4259 4556 4693 5068 5112 5120 5131 5135 5167 5356 5615 5812 6384 8180 8283 8372 8543 8657 8777 8968 9457 9458 9775 10014 10100 10139 10710 12880 
#module 119 size: 41 bs: 0.878398
811 869 1177 1239 2042 2092 2681 2720 2991 3218 3311 3967 4093 4096 4210 4421 4431 4489 4846 4847 4933 5301 5404 5440 6030 6541 6910 7015 7017 7144 7152 7212 7875 8849 9184 9239 9342 10662 10886 11074 11490 
#module 120 size: 56 bs: 0.138921
33 822 1223 1735 1832 2272 2312 2378 2504 2884 3222 4007 4101 4264 4390 4485 4584 4664 4807 4927 4935 5108 5245 5247 5732 5994 6001 6281 6307 6443 6844 6895 7312 7354 7427 7501 7573 8342 8395 8475 8477 8721 9098 9265 9399 9549 9811 9876 10255 10582 10757 10836 10990 11552 12169 12865 
#module 121 size: 15 bs: 0.59029
1544 3031 3517 4001 4167 5926 6176 7366 7475 9142 9243 9425 10105 10176 10290 
#module 122 size: 87 bs: 0.226002
806 1071 1072 1468 1541 1575 1663 1751 1891 1973 2186 2253 2283 2351 2432 2516 3150 3206 3646 3734 3822 4110 4134 4247 4279 4322 4457 4566 4651 4746 4945 4984 5160 5308 5332 5409 5712 5824 6209 6256 6312 6356 6453 6468 6610 6724 6784 6841 7167 7193 7207 7270 7338 7549 7615 7655 7727 7765 7858 7917 8099 8100 8225 8378 8602 8820 8862 8950 9041 9162 9318 9508 9609 9671 9819 9821 9948 10083 10123 10166 10187 10244 10380 10584 10712 10881 11475 
#module 123 size: 53 bs: 0.758647
30 882 940 2102 2326 2502 2579 3438 4083 4102 4275 4345 4690 4901 5552 5566 5582 5583 6213 6348 6431 6468 6676 7150 7615 7845 7948 7974 8076 8149 8327 8395 8528 8756 8809 8897 9066 9078 9266 9338 9455 9676 9678 9809 10029 10079 10527 10541 10598 11163 11168 11667 11702 
#module 124 size: 53 bs: 0.62305
1097 1321 1338 1734 1899 2184 2429 2475 2620 2759 3182 3254 3656 3679 3691 3980 4262 4856 4871 4956 5239 5387 5401 5462 5581 5749 6186 6399 6506 6743 6828 6922 7019 7157 7214 7719 7967 8051 8057 8220 8222 8606 8608 9500 9547 9810 9824 9873 10038 10142 10381 11169 11453 
#module 125 size: 75 bs: 1.02142
774 1519 1612 2137 2778 3035 3173 3461 3464 3554 3557 3612 3757 4020 4050 4360 4621 4642 5047 5296 5430 5459 5497 5502 5559 5622 5743 5764 5889 6007 6047 6090 6117 6192 6201 6287 6601 6830 6873 6931 6935 7102 7186 7396 7446 7708 7810 7935 7992 8051 8109 8156 8182 8186 8661 8665 8720 8837 8951 9027 9188 9238 9585 9640 9709 9750 9830 9873 10062 10102 10196 10808 11119 11214 11453 
#module 126 size: 59 bs: 0.907802
968 1043 1063 1143 1227 1299 1536 1682 1939 2331 2519 2735 2855 2919 2998 3131 3304 3422 3425 3435 3631 3641 3774 3854 3927 3964 3967 4054 4093 4324 4327 5079 5213 5465 5620 5763 6014 6266 6898 7027 7045 7140 7185 7472 7626 7789 7794 7985 8966 9167 9184 9759 9808 9912 10636 10832 10973 11639 12782 
#module 127 size: 64 bs: 0.930088
75 854 922 1050 1069 1198 1620 1862 2093 2349 2725 2896 2984 3117 3219 3659 3970 3999 4271 4272 4295 4335 4378 4381 4459 4480 4905 5326 5403 5408 5525 5619 5752 5899 5943 5953 6370 6526 6906 6915 6957 7056 7299 7664 7666 7847 7883 8325 8551 8761 8965 9039 9291 9304 9450 9496 9588 10107 10371 10857 10889 11207 12006 12590 
#module 128 size: 37 bs: 0.382922
1015 1270 1843 2435 2537 3300 3414 3450 3823 3984 4291 4338 4433 4631 4700 5317 5336 5418 5553 5724 6349 6422 6593 7100 7119 7226 7231 7755 8184 8558 8636 8688 9023 9117 10627 11031 11447 
#module 129 size: 76 bs: 1.03383
54 867 1234 1277 1379 1422 1552 1830 1908 1929 2012 2221 2222 2246 2409 2427 2471 2653 2679 2874 2877 2944 2953 3082 3153 3319 3910 4501 4519 4541 4562 4608 4660 4679 4682 5061 5249 5439 5443 5451 5475 5589 5925 5980 6051 6088 6198 6254 7043 7064 7361 7617 7912 8050 8158 8511 9177 9273 9294 9394 9521 9526 9586 9667 9694 9888 9989 10228 10441 10518 10596 11239 11411 11442 11571 12429 
#module 130 size: 37 bs: 0.120819
778 1031 1034 1221 1283 1898 2241 2395 2792 2952 3040 3419 3500 3598 3715 4249 4302 4451 4615 5361 5407 5530 6006 6274 6712 7034 7746 7904 8171 8315 8360 8390 8610 9964 9971 10179 11705 
#module 131 size: 21 bs: 0.283327
773 812 1181 1192 1362 2564 2913 3097 3666 3915 4158 7576 7987 8275 8349 9784 9910 10171 10354 10839 12506 
#module 132 size: 91 bs: 0.541363
804 930 938 951 974 1180 1345 1423 1440 1484 1502 1677 2274 2425 2583 2762 2902 2924 2977 3054 3172 3180 3441 3505 3512 3571 3638 3832 3847 4154 4289 4464 4567 4631 4680 4691 4717 4836 4934 4992 5086 5096 5133 5299 5510 5592 5631 5841 5867 6040 6045 6084 6212 6265 6327 6532 6687 6865 6978 6994 7259 7273 7344 7714 8023 8041 8081 8105 8270 8363 8615 9165 9237 9331 9502 9657 9677 9850 9899 9901 10015 10199 10275 10320 10413 10654 11138 11139 11342 11419 12652 
#module 133 size: 55 bs: 0.132715
901 1144 1644 2086 2477 2526 2907 2928 2990 3192 3302 3477 3478 3491 3670 3742 3954 4045 4170 4218 4354 4394 4447 4553 4772 5564 5621 5691 5782 5881 6009 6152 6207 6542 6576 6677 6750 6793 6974 7264 7378 7600 7721 7730 7830 8017 8580 8582 8790 8811 9531 9991 10123 10818 10989 
#module 134 size: 41 bs: 1.0636
1890 2072 2637 2690 2982 3044 3261 3681 3731 4484 4914 4955 5492 5635 5935 5960 6843 7938 8093 8140 8415 8418 8483 8484 8486 9059 9182 9190 9251 9451 9490 9542 9703 10117 10538 10943 10947 11115 11701 11765 12510 
#module 135 size: 32 bs: 0.609422
789 1140 1230 1274 1413 2281 2445 2801 3045 3148 3674 3901 4658 4706 5183 6085 6950 7177 7543 7562 7583 7733 8308 8684 8971 9100 9424 10328 10366 10648 11260 11840 
#module 136 size: 233 bs: 0.23054
4 777 843 875 883 885 893 909 913 915 967 973 979 1006 1155 1206 1229 1271 1322 1499 1549 1557 1598 1619 1628 1635 1638 1655 1661 1667 1717 1733 1744 1863 1919 1933 1952 1976 1987 2029 2046 2076 2082 2089 2097 2124 2172 2240 2270 2325 2397 2402 2454 2495 2505 2517 2544 2589 2758 2782 2800 2818 2835 2861 2973 2980 3138 3265 3363 3366 3391 3399 3410 3459 3462 3469 3532 3556 3575 3618 3829 3851 3906 3956 3978 4044 4091 4196 4223 4254 4287 4370 4373 4379 4398 4399 4413 4417 4446 4530 4548 4732 4740 4886 4993 5030 5041 5059 5139 5145 5179 5231 5302 5318 5331 5367 5452 5540 5541 5659 5664 5708 5714 5720 5748 5768 5815 5839 5844 5912 5998 6058 6253 6261 6317 6329 6374 6377 6390 6392 6508 6509 6558 6600 6622 6667 6758 6817 6831 7155 7274 7287 7381 7436 7452 7578 7610 7625 7629 7642 7645 7700 7878 7907 7936 7953 7960 8040 8086 8098 8122 8131 8148 8264 8297 8309 8351 8387 8421 8441 8476 8512 8590 8601 8639 8735 8743 8822 8936 9002 9083 9263 9268 9322 9333 9343 9453 9486 9544 9566 9573 9649 9663 9710 9916 9998 10049 10112 10131 10202 10204 10214 10277 10338 10404 10461 10543 10679 10728 10841 10862 10914 10938 10978 11007 11152 11159 11206 11261 11393 11436 11695 11708 
#module 137 size: 30 bs: 0.173928
1308 1548 2576 2595 2622 2636 2847 2865 2889 3321 3415 3991 4897 4989 5001 5020 6130 6495 7335 7412 7605 8282 8823 9178 9244 9299 9485 9564 9622 10258 
#module 138 size: 45 bs: 0.641904
970 1098 1636 1653 1724 1749 2487 2568 2726 2748 2914 3496 3499 3997 4004 4053 4070 4224 4365 4478 4547 4675 4881 5065 5103 5144 5435 5733 5756 5855 5871 6364 7699 8147 8826 8915 9241 9623 9648 9961 9984 10044 10891 11106 11611 
#module 139 size: 22 bs: 0.544319
1087 2461 2797 3860 4372 4600 5092 5121 5178 5666 5675 6118 6200 6799 6857 7305 7575 7660 8475 8749 9672 10602 
#module 140 size: 62 bs: 0.718884
1381 1465 1569 1645 1769 2031 2227 2617 2647 2853 3008 3052 3151 3296 3342 3574 3602 3745 3976 4236 4362 4465 4696 4849 4913 4965 5310 5352 5592 5686 5734 6061 6079 6236 6313 6436 6746 6787 6808 6864 6921 6985 7239 7332 7760 7836 7988 8404 8622 8924 8962 9463 9757 10012 10116 10272 10319 10439 10536 10746 11136 11649 
#module 141 size: 47 bs: 0.131361
810 1003 1211 2161 2492 2701 2722 3015 3069 3190 3262 3314 3464 3465 3524 4071 4206 4312 4532 5022 5089 5123 5358 5954 6416 6569 6626 7022 7085 7703 7929 7963 8169 8319 8471 8614 8757 9242 9397 9457 9639 10608 10624 10771 11032 11457 12534 
#module 142 size: 67 bs: 0.776479
1025 1328 2173 2189 2466 2563 2892 2962 3081 3426 4105 4305 4425 4444 4507 4560 4596 4605 4730 4788 5028 5207 5244 5753 5789 6017 6268 6844 6854 6897 7093 7520 7855 8206 8356 8410 8437 8509 8517 8529 8746 8781 8952 8974 8998 9028 9111 9195 9398 9626 9651 9786 9839 9842 9877 10037 10048 10160 10183 10694 10934 11178 11185 11190 11498 11604 12063 
#module 143 size: 81 bs: 0.942444
22 35 802 942 1110 1254 1281 1301 1321 1382 1394 1560 1566 1616 1670 1708 2142 2228 2257 2391 2515 2810 2927 3297 3358 3521 3941 3945 3993 4000 4234 4436 4546 4552 4599 4677 4723 4784 4843 4937 5007 5298 5311 5364 5377 5469 5681 5906 6083 6502 6654 6760 7025 7130 7323 7370 7374 7483 7500 7718 7812 8015 8603 8767 8786 8889 9075 9923 9971 10003 10051 10149 10225 10367 10546 10678 10815 10859 11788 11932 12685 
#module 144 size: 50 bs: 1.01487
826 903 948 961 1520 1525 1571 1730 1970 2140 2160 2703 2979 3172 3253 3502 3592 3625 3710 3815 3934 4014 4133 4283 4298 4499 4916 5007 5222 5438 5811 5873 6197 6278 7010 7313 7697 7766 7946 8625 8889 9541 9753 10073 10118 10164 10348 10919 10952 11379 
#module 145 size: 111 bs: 0.264724
54 834 936 1039 1054 1067 1127 1136 1220 1352 1528 1839 1850 1953 1956 2070 2101 2236 2265 2335 2355 2453 2460 2501 2638 2643 2662 2721 2744 2925 3014 3060 3132 3543 3676 3759 3794 3806 3812 3834 3841 3872 3919 3996 4002 4074 4087 4203 4222 4230 4257 4388 4470 4565 4571 4587 4774 4996 5037 5064 5193 5194 5273 5434 5489 5498 5506 5509 5587 5612 5639 5640 5803 5854 6350 6419 6473 6711 6739 6866 7050 7131 7199 7265 7877 8048 8178 8489 8638 8728 8762 8817 8878 8933 9093 9103 9280 9435 9546 9681 9832 10311 10572 10581 10753 10772 11001 11256 11273 11405 12495 
#module 146 size: 29 bs: 0.738501
1000 1156 1336 1409 2075 2301 2308 3338 3904 4052 4100 4643 4903 4968 5237 5672 6109 6648 7168 7584 7638 8306 8780 9396 9598 10148 10324 10982 11232 
#module 147 size: 55 bs: 0.868461
29 74 760 1124 1273 1410 1537 1664 1713 2144 2398 2540 2772 2945 3429 3522 4321 4357 4609 4613 4776 4829 4905 5000 5040 5073 5122 5156 5487 5521 5754 6151 6301 6311 6314 6797 6827 7317 7566 7689 8112 8787 8882 8901 9079 9444 9445 9714 10253 10597 10647 10729 10865 10928 11113 
#module 148 size: 42 bs: 0.536724
815 1024 1090 1103 1522 1563 2473 2925 2964 2971 3061 3328 3979 4256 4420 4582 4603 4814 4862 5127 5152 5346 5816 5854 5929 6218 6298 6396 6409 7081 7095 7175 7228 7435 7648 7735 8352 8412 9169 9357 11380 12870 
#module 149 size: 58 bs: 0.281119
916 1057 1320 1529 1568 1647 1666 1879 2127 2176 2632 2886 2887 3037 3907 4163 4390 4583 4585 4628 4641 4780 4893 5661 6200 6224 6232 6233 6242 6249 6551 6594 6721 7477 7518 7652 8386 8479 8659 8680 8693 8698 8859 8934 9004 9155 9365 9369 9415 9589 9886 10099 10156 10757 11435 11438 11463 12264 
#module 150 size: 52 bs: 0.377687
1014 1057 1320 1501 1508 1545 1568 1615 2202 2213 2357 2548 2739 2777 2836 2953 3111 3412 3825 4600 4728 4921 4922 4958 4973 5707 6070 6098 6160 6198 6199 6226 6239 6729 7110 7147 7233 7282 7367 7568 7661 8540 9173 9250 9345 9737 9792 10130 10195 10583 10799 10875 
#module 151 size: 60 bs: 0.735349
822 823 846 914 1278 1395 1474 1735 1834 2166 2188 2467 2504 2776 2881 2891 2893 3051 3281 3908 4007 4390 4557 4747 4807 4864 5051 5108 5245 5247 5994 6202 6221 6227 6307 6326 7304 7427 7501 7595 7623 7865 8074 8477 8518 8859 8867 9399 9421 9491 9674 9708 9799 10203 10255 10666 10757 10836 10999 11438 
#module 152 size: 35 bs: 0.26788
845 1131 1311 1541 2173 2635 2723 2789 2804 2854 3045 3085 3246 4542 4665 4683 5442 5513 5979 6250 6324 7105 7474 7538 8335 8356 8961 9255 9257 9491 9654 9708 10332 10386 10999 
#module 153 size: 28 bs: 0.40314
1066 1091 1295 1353 2032 2058 2268 2796 2859 3087 3162 3203 3204 4897 4919 5109 5291 5861 6798 7260 8498 8586 8950 9024 9101 9794 10402 10882 
#module 154 size: 73 bs: 1.04266
1061 1122 1189 1191 1332 1801 1910 2134 2244 2333 2343 2535 2562 3049 3107 3401 3442 3765 3931 4245 4525 4570 4622 4671 4775 4845 5003 5219 5253 5277 5597 5625 5658 5687 5741 5847 5891 5997 6499 6543 6900 6904 7035 7153 7175 7202 7502 7668 7726 7843 7851 7884 7966 7971 8010 8032 8085 8141 8181 8190 8216 8265 8709 8972 9034 9138 9200 10141 10191 10450 10830 11340 11883 
#module 155 size: 64 bs: 0.647474
767 886 955 1902 2169 2230 2286 2392 2415 2511 2786 2793 2842 2848 2850 2951 3030 3351 4106 4278 4628 4663 4672 4756 4787 4908 4942 6101 6185 6233 6289 6551 6567 6581 7585 8237 8252 8392 8506 8784 8895 9199 9230 9305 9369 9371 9436 9468 9523 9655 9670 9672 9801 9806 9845 9870 9883 9949 10072 10084 10172 10501 11070 11216 
#module 156 size: 28 bs: 0.819674
1147 1292 1705 1966 2187 2843 2929 3059 3726 4320 4363 4701 5542 5694 5801 6090 6498 6528 6914 7184 8021 8241 8723 8891 8910 9209 10052 10610 
#module 157 size: 58 bs: 0.987045
12 20 1003 1147 1186 1259 1304 1380 1547 1606 1779 2064 2254 2359 2372 2390 3335 3616 3726 3761 3802 4072 4119 4150 4168 4175 4543 4810 5162 5241 5923 5990 6357 6471 7143 7348 7491 7677 7754 8120 8132 8219 8360 8914 9062 9159 9297 9582 9763 9849 10125 10850 10933 10966 11267 11566 11664 11878 
#module 158 size: 79 bs: 0.526468
52 76 792 1017 1021 1051 1106 1261 1279 1412 1586 1726 1880 1887 1998 2104 2393 2769 2831 2841 2894 2967 3042 3068 3084 3278 3362 3377 3443 3647 3886 4392 4835 4856 5289 5539 5633 5646 5976 6155 6338 6407 6633 6709 6725 6966 7114 7163 7514 7581 8542 8596 8633 8946 8984 9024 9110 9214 9305 9339 9361 9367 9390 9559 9604 10046 10189 10389 10688 10747 10918 10965 11114 11130 11160 11168 11425 12595 12944 
#module 159 size: 16 bs: 0.536247
782 899 1019 1647 2415 2575 2636 2828 4731 6128 6979 8242 8373 9042 10620 10843 
#module 160 size: 65 bs: 0.635847
797 1080 1232 2060 2187 2627 2680 2719 2929 3145 3170 3191 3224 3225 3272 3471 3489 3590 3712 4253 4355 4484 4536 4545 4616 4790 5006 5107 5113 5234 5237 5304 5488 5858 6064 6087 6653 6735 7229 7720 7723 7754 7799 7901 8193 8310 8320 8461 8588 8634 8644 8770 9049 9211 9556 9936 9969 9977 10341 10462 10634 10722 10733 10758 10767 
#module 161 size: 86 bs: 0.309454
20 32 64 842 939 953 994 1062 1133 1363 1433 1589 1780 1787 2075 2205 2317 2493 2627 2714 2729 2839 2846 3126 3242 3323 3535 3570 3707 3756 3853 3870 3894 4092 4179 4232 4253 4407 4466 4545 4559 4833 4903 5120 5237 5820 5857 6064 6148 6165 6168 6187 6335 6384 6388 6467 6520 6744 6972 7046 7054 7491 7754 7886 8643 8751 8772 8835 8990 9457 9693 9697 9716 9942 10039 10104 10157 10310 10345 10483 10593 10710 10751 10754 10897 12584 
#module 162 size: 54 bs: 0.444192
59 73 833 975 1028 1203 1306 1840 1845 1852 2775 2918 4017 4239 4422 4482 4522 4550 4783 4819 4863 5038 5084 5158 5212 5523 5739 5999 6122 6246 6337 6778 6953 6964 7059 7142 7479 7528 7868 7918 8656 8935 9019 9138 9464 9492 9630 9752 10147 10626 10745 11188 12573 12589 
#module 163 size: 40 bs: 0.622361
1081 1350 1596 1634 1888 2053 2067 2361 2950 2968 3383 3495 3736 3933 4211 4340 4438 4655 4960 5091 5248 5334 5555 5742 5770 6110 6577 6822 6928 7462 7701 7932 8110 8938 9268 9868 10077 10175 10795 10879 
#module 164 size: 29 bs: 0.562478
41 1100 1162 1262 1427 1729 2509 3135 4019 4265 4430 4716 4797 5343 5599 6533 6539 7048 7092 7171 7762 7769 8266 8875 8881 9278 10001 10159 10370 
#module 165 size: 95 bs: 0.539314
41 1173 1244 1258 1332 1359 1389 1773 2348 2485 2508 2551 2569 2710 2732 3109 3189 3239 3286 3359 3370 3380 3448 3768 3798 3826 3924 4109 4126 4139 4195 4245 4339 4397 4490 4586 4662 4845 4932 5181 5295 5301 5316 5406 5455 5477 5546 5763 5868 6036 6140 6333 6404 6414 6617 6747 6753 6765 6804 6806 6874 6918 7086 7087 7182 7218 7324 7781 7809 7831 7852 7913 7979 7982 8001 8010 8084 8137 8235 8301 8592 8611 8853 9200 9301 9600 9919 10701 10718 10832 10855 10992 11380 11532 12293 
#module 166 size: 105 bs: 0.344184
49 835 905 1020 1366 1593 1613 1692 1696 1712 1720 1729 1789 1805 1876 1928 1960 2038 2134 2139 2159 2263 2323 2472 2669 2713 2883 3092 3359 3396 3448 3588 3603 3620 3754 3790 4006 4139 4194 4199 4245 4269 4286 4482 4529 4821 4873 4948 5003 5272 5274 5349 5508 5532 5595 5762 5792 5813 5831 5898 5910 5967 5992 6023 6332 6478 6540 6690 6920 6976 6989 7058 7230 7244 7272 7324 7375 7747 7758 7809 7914 7930 8190 8250 8256 8559 8672 8710 8808 8938 9293 9296 9758 9919 9982 10375 10407 10517 10534 10643 10922 10981 11188 11196 11215 
#module 167 size: 9 bs: 0.348594
1743 1857 3057 3962 4998 5755 6480 6987 7876 
#module 168 size: 44 bs: 0.580967
66 901 1439 1550 1626 1629 1710 1765 1767 2151 2455 2513 2787 2928 3141 3836 3864 4414 4621 5029 5243 5351 5719 5950 6169 6534 6901 6910 7093 7224 7392 7490 7908 8239 8303 8375 8562 8669 10065 10576 11128 12297 12494 12958 
#module 169 size: 23 bs: 0.571813
2302 2811 3147 3992 4067 4192 4503 4562 4622 5380 6323 6361 6968 7173 7606 7980 8039 8670 8784 9660 10509 10792 11400 
#module 170 size: 49 bs: 1.01836
1126 1330 1373 1759 2074 2298 2369 2736 3155 3585 3764 3871 4028 4030 4757 4804 5045 5072 5391 5499 5683 5832 6455 6465 6754 6805 6869 6893 7298 7334 7722 7732 7737 7771 7916 7991 8173 8333 8456 8982 9272 9417 9614 10164 10734 10774 10948 11097 13027 
#module 171 size: 70 bs: 0.35676
945 984 1104 1168 1195 1243 1347 1431 1815 1847 1893 2117 2463 2548 2552 2816 2825 2827 2844 2868 2996 3012 3019 3308 3420 3453 3536 3883 4036 4192 4282 4380 4395 4396 4568 4637 4870 4906 4920 4928 5058 5093 5155 5286 5515 5534 5709 6134 6230 6303 6423 7049 7314 7492 7797 8115 8445 8455 9275 9418 9802 9938 10068 10076 10137 10248 10318 11595 12638 12885 
#module 172 size: 50 bs: 0.996736
793 921 1368 2116 2469 3043 3292 3388 3431 3793 3819 3832 4008 4127 4147 4268 4811 5119 5987 6575 6637 6638 6705 7149 7190 7541 7670 7716 7828 7838 8292 8333 8361 8523 8768 8948 8959 9036 9061 9170 9219 9489 9533 10146 10264 10325 10372 10488 10865 11361 
#module 173 size: 113 bs: 0.72669
758 785 985 986 1074 1141 1246 1303 1391 1511 1565 1595 1808 1856 1932 1970 2345 2699 3070 3074 3194 3195 3240 3274 3288 3289 3346 3433 3449 3509 3652 3746 3771 3784 3881 4103 4113 4497 4538 4610 4618 4751 4844 4852 4967 5024 5252 5323 5374 5478 5558 5681 5761 5951 6107 6245 6352 6405 6434 6537 6761 6908 6943 6986 7026 7209 7210 7266 7303 7358 7382 7383 7389 7397 7438 7723 7826 7854 7951 8160 8277 8314 8423 8628 8722 8815 8828 8842 8975 9030 9105 9355 9406 9449 9619 9753 9761 9894 9918 10054 10238 10481 10520 10622 10653 10660 10735 10762 10988 11096 11197 11443 13055 
#module 174 size: 48 bs: 0.616482
22 847 1038 1301 1669 1964 2458 2819 2832 3041 3045 3941 4146 4429 4453 4647 4677 4899 5094 5520 5681 5818 5973 6111 6550 7128 7280 7342 7377 7439 7927 8227 8434 8491 8652 8926 9487 9613 9633 9772 10117 10289 10376 10538 10678 11701 11840 12327 
#module 175 size: 32 bs: 0.5077
1837 1907 1930 1951 2677 3475 3953 4511 4535 4703 4812 4822 4902 5700 6041 6644 6720 6839 6970 7115 7889 7950 8172 9011 9210 9568 9607 10011 10128 10486 10707 12492 
#module 176 size: 171 bs: 0.973683
62 875 973 1012 1094 1114 1175 1206 1356 1408 1420 1426 1436 1485 1531 1533 1618 1638 1744 1747 1806 1869 1933 1936 2029 2062 2079 2103 2313 2325 2402 2428 2462 2476 2541 2544 2570 2640 2674 2782 2837 2863 3062 3105 3152 3207 3260 3372 3397 3399 3400 3410 3466 3532 3547 3575 3635 3672 3717 3718 3989 3994 4003 4062 4181 4184 4196 4252 4258 4274 4299 4418 4442 4520 4626 4695 4853 4877 5082 5145 5150 5302 5367 5544 5593 5630 5664 5766 5822 5827 5828 5909 5957 6161 6247 6286 6424 6507 6509 6579 6622 6691 6758 6946 6956 6981 6983 6992 7038 7072 7164 7274 7275 7283 7287 7322 7371 7425 7449 7525 7625 7629 7710 7823 7953 7958 8047 8131 8148 8340 8341 8454 8512 8544 8743 8822 8936 9043 9082 9172 9263 9310 9381 9471 9477 9603 9656 9663 9710 9833 9879 9933 10057 10112 10131 10205 10226 10377 10471 10513 10841 10878 10977 11007 11077 11334 11413 11436 11678 12019 12641 
#module 177 size: 69 bs: 0.490468
6 771 842 1004 1441 1496 1578 1580 1675 1885 2146 2532 2675 2724 2750 2846 2910 3015 3194 3210 3251 3339 3390 3464 3609 3892 4047 4128 4253 4262 4361 4559 4635 4694 4697 4713 4838 4967 5022 5205 5263 5284 5324 5436 5459 5778 6371 7046 7329 7455 7723 7826 8209 8331 8557 8854 8890 9180 9259 9632 9640 9790 9873 9905 10042 10335 10971 11272 12792 
#module 178 size: 83 bs: 0.607424
790 1031 1047 1172 1276 1320 1417 1504 1815 1847 1877 1912 1997 2058 2174 2175 2180 2219 2272 2360 2781 2816 2844 2848 3120 3327 3452 3510 3542 3733 4483 4569 4575 4576 4584 4661 4667 4782 4906 4920 4923 4927 4928 4991 5225 5246 5361 6198 6228 6345 6479 6553 6589 6635 6640 6958 7314 7521 7569 7635 7962 8152 8170 8293 8355 8473 8498 8545 8748 8755 8794 9136 9378 9418 9555 9683 9807 9889 10473 10822 11088 11712 12039 
#module 179 size: 1 bs: 1
776 
#module 180 size: 1 bs: 1
4949 
#module 181 size: 1 bs: 1
1488 
#module 182 size: 1 bs: 1
8824 
#module 183 size: 1 bs: 1
5329 
#module 184 size: 1 bs: 1
6273 
#module 185 size: 1 bs: 1
928 
#module 186 size: 1 bs: 1
6433 
#module 187 size: 1 bs: 1
1030 
#module 188 size: 1 bs: 1
10030 
#module 189 size: 1 bs: 1
1125 
#module 190 size: 1 bs: 1
8428 
#module 191 size: 1 bs: 1
1396 
#module 192 size: 1 bs: 1
2171 
#module 193 size: 1 bs: 1
2028 
#module 194 size: 1 bs: 1
6306 
#module 195 size: 1 bs: 1
2196 
#module 196 size: 1 bs: 1
10134 
#module 197 size: 1 bs: 1
2197 
#module 198 size: 1 bs: 1
2784 
#module 199 size: 1 bs: 1
2310 
#module 200 size: 1 bs: 1
4056 
#module 201 size: 1 bs: 1
2381 
#module 202 size: 1 bs: 1
4440 
#module 203 size: 1 bs: 1
2813 
#module 204 size: 1 bs: 1
10638 
#module 205 size: 1 bs: 1
3601 
#module 206 size: 1 bs: 1
8908 
#module 207 size: 1 bs: 1
3640 
#module 208 size: 1 bs: 1
4353 
#module 209 size: 1 bs: 1
3866 
#module 210 size: 1 bs: 1
8075 
#module 211 size: 1 bs: 1
4118 
#module 212 size: 1 bs: 1
10092 
#module 213 size: 1 bs: 1
4885 
#module 214 size: 1 bs: 1
10713 
#module 215 size: 1 bs: 1
5676 
#module 216 size: 1 bs: 1
9344 
#module 217 size: 1 bs: 1
6184 
#module 218 size: 1 bs: 1
10232 
#module 219 size: 1 bs: 1
6346 
#module 220 size: 1 bs: 1
8255 
#module 221 size: 1 bs: 1
6655 
#module 222 size: 1 bs: 1
10445 
#module 223 size: 1 bs: 1
7364 
#module 224 size: 1 bs: 1
10178 
#module 225 size: 1 bs: 1
7804 
#module 226 size: 1 bs: 1
7822 
#module 227 size: 1 bs: 1
7814 
#module 228 size: 1 bs: 1
10495 
#module 229 size: 1 bs: 1
7899 
#module 230 size: 1 bs: 1
11203 
#module 231 size: 1 bs: 1
8101 
#module 232 size: 1 bs: 1
10194 
#module 233 size: 1 bs: 1
8304 
#module 234 size: 1 bs: 1
9410 
#module 235 size: 1 bs: 1
9125 
#module 236 size: 1 bs: 1
12645 
#module 237 size: 1 bs: 1
9281 
#module 238 size: 1 bs: 1
10393 
#module 239 size: 1 bs: 1
9880 
#module 240 size: 1 bs: 1
11385 
