522	969	
581	655	
298	270	
895	978	
376	431	172	193	843	762	461	282	743	537	452	715	209	232	277	441	344	574	320	691	416	372	971	973	926	125	855	45	322	782	73	426	682	674	985	287	553	336	85	145	173	386	72	723	240	96	683	117	492	
241	
545	774	890	100	539	144	772	900	614	239	363	142	70	26	315	384	153	680	893	466	987	959	424	248	187	360	301	527	964	824	284	827	68	737	160	243	875	825	163	414	38	231	619	189	434	524	184	215	830	341	808	753	786	345	58	497	788	
937	29	174	754	942	453	333	250	915	632	
389	792	15	436	
557	143	111	115	433	731	251	514	390	888	97	496	742	740	472	623	
767	107	108	234	467	757	178	583	749	268	476	608	653	375	402	877	863	54	814	177	76	912	866	773	
643	812	
216	925	
804	445	
849	139	46	585	
3	
525	
294	
860	
795	
797	
939	
764	
80	419	25	255	638	498	569	796	252	32	966	128	535	371	882	791	235	916	
582	596	
446	
584	464	168	801	307	777	663	300	
249	
439	
405	237	230	961	941	940	735	279	
487	61	
404	
308	
200	
593	
198	
650	
330	
550	
201	
976	
640	
350	
11	
892	207	261	567	428	688	317	876	296	227	975	186	205	127	595	69	206	647	673	55	325	543	120	219	953	534	
488	
16	
104	
334	950	169	850	532	378	871	560	312	765	949	52	19	575	746	130	63	214	577	600	561	667	528	709	921	403	531	311	781	137	406	99	587	98	440	124	182	22	218	923	432	803	913	319	547	636	750	879	81	21	482	221	837	622	257	460	628	645	566	559	156	703	920	225	7	102	515	64	980	
40	
938	411	164	123	889	672	410	677	656	465	617	904	519	293	286	274	149	276	523	513	745	175	864	395	105	265	598	116	362	807	2	456	898	354	589	91	343	842	624	730	146	254	34	601	610	884	692	297	103	84	443	641	649	615	351	639	33	352	133	280	621	776	247	826	510	245	480	
39	
295	
356	
396	339	
720	
447	
958	
862	502	
719	500	485	793	79	355	353	540	399	648	970	458	652	526	899	887	909	982	305	612	906	51	554	
88	
658	
599	340	702	4	71	75	475	744	820	934	634	197	979	155	894	631	714	591	87	713	233	13	571	204	728	789	132	337	346	382	911	278	210	31	292	579	
603	67	
908	
679	684	
546	
686	
306	
217	
760	694	963	457	951	394	449	718	310	101	799	529	17	437	681	314	689	483	162	119	304	924	222	269	551	324	112	49	263	417	922	451	504	967	983	459	592	473	28	977	845	769	481	179	512	229	594	708	544	35	752	159	470	383	82	565	
506	
839	
486	
157	613	
751	
508	
902	
869	
872	
716	
77	
