407	559	
185	400	
571	928	
687	308	290	383	839	
319	
608	536	
885	283	678	459	63	152	894	429	497	106	449	890	473	146	935	854	79	341	261	1028	156	274	144	289	100	1164	
206	320	354	125	
224	670	996	107	592	279	287	610	1048	1240	1253	160	807	200	949	97	76	554	301	1018	347	1021	251	1352	1016	150	604	607	702	447	564	535	771	62	1326	1025	326	999	545	
966	
733	
549	
646	716	
867	445	454	377	988	1010	451	
375	244	
651	810	
842	248	362	140	
69	176	432	522	1029	
27	122	
142	177	378	672	612	1121	270	1	708	61	219	18	25	352	1030	809	233	384	5	389	232	910	643	1013	701	458	
1277	21	
393	275	
1142	339	806	254	997	861	654	1267	188	869	829	436	1136	1015	359	814	406	317	858	1224	1370	443	460	213	1006	221	558	939	930	115	231	198	322	1321	376	1127	
196	698	
98	118	
462	1217	36	
792	37	306	
103	343	365	
207	315	325	405	55	119	
880	
805	295	166	167	590	442	659	272	773	143	159	948	189	616	534	903	208	833	123	770	424	764	358	186	288	976	360	822	975	850	1043	386	230	417	602	92	475	955	195	711	68	387	90	187	1274	99	763	
574	147	728	531	572	133	59	149	656	544	712	796	355	309	679	629	725	634	314	112	313	648	736	316	593	1258	860	
117	
914	137	
1140	
141	1064	1308	1086	158	989	1058	
665	
597	
563	
286	
902	
695	385	
576	
262	
723	
667	
706	
755	800	491	89	786	557	237	
740	
337	102	
649	1053	282	980	109	825	197	170	921	896	1031	843	77	828	636	1362	292	532	67	474	746	1246	530	
410	78	907	452	380	374	256	17	51	284	296	974	1011	54	700	461	598	791	72	246	134	1014	127	472	349	165	446	611	900	994	761	300	697	351	1000	409	972	87	264	430	617	931	630	105	336	204	1150	836	220	
49	
425	
408	
787	627	
913	
444	
1302	
958	
469	
126	
465	
744	872	
1282	
457	537	
652	
132	
658	
191	
331	
565	
203	
212	
823	
225	
901	
114	
1093	
226	
64	
1177	
546	
421	
168	
81	
427	
285	
984	
368	
539	
588	
906	
95	756	391	533	164	1342	345	714	278	1349	193	1190	1078	511	1283	586	120	241	1071	294	776	591	
332	
721	
960	
334	
1209	
1196	
271	
874	
121	
