#module 0 size: 2 bs: 9.1489e-102
2278 4594 
#module 1 size: 2 bs: 1.06478e-10
22 568 
#module 2 size: 2 bs: 4.73911e-101
3436 6226 
#module 3 size: 17 bs: 6.23582e-101
193 334 824 1727 1748 1749 1904 2003 2045 2347 3056 3508 3950 5224 5232 5303 5686 
#module 4 size: 2 bs: 8.3489e-101
3954 6176 
#module 5 size: 2 bs: 6.78878e-101
1099 3384 
#module 6 size: 2 bs: 6.93888e-101
323 6827 
#module 7 size: 2 bs: 1.75119e-101
4715 6723 
#module 8 size: 3 bs: 8.25115e-101
1018 3469 5937 
#module 9 size: 3 bs: 1.66881e-101
2651 6053 6086 
#module 10 size: 4 bs: 2.22045e-15
473 737 2950 5428 
#module 11 size: 2 bs: 1.11561e-101
4006 6445 
#module 12 size: 3 bs: 5.6784e-101
3032 5336 5807 
#module 13 size: 2 bs: 3.42138e-101
3258 5796 
#module 14 size: 7 bs: 9.52857e-101
2186 3074 3235 4108 4203 5403 5851 
#module 15 size: 2 bs: 6.19869e-101
5502 6717 
#module 16 size: 2 bs: 2.44104e-101
2511 6712 
#module 17 size: 3 bs: 8.10393e-101
540 4213 4564 
#module 18 size: 3 bs: 4.36603e-101
32 710 4904 
#module 19 size: 2 bs: 9.31206e-101
1740 3308 
#module 20 size: 6 bs: 7.40698e-101
2016 2306 3604 4932 5732 5985 
#module 21 size: 3 bs: 7.96497e-101
9 102 4467 
#module 22 size: 6 bs: 2.63828e-101
2655 2659 3944 4102 6526 6600 
#module 23 size: 8 bs: 2.10379e-101
1134 2176 3268 4069 4817 5111 5258 5680 
#module 24 size: 4 bs: 8.84301e-102
1151 3181 4472 6536 
#module 25 size: 3 bs: 3.18604e-101
78 842 3940 
#module 26 size: 3 bs: 7.03952e-101
2095 2269 5778 
#module 27 size: 4 bs: 7.59044e-101
40 279 2009 2207 
#module 28 size: 2 bs: 7.67362e-101
1734 3498 
#module 29 size: 2 bs: 1.99321e-101
3280 6500 
#module 30 size: 2 bs: 6.35095e-101
3526 4344 
#module 31 size: 3 bs: 3.73706e-101
2055 2206 5597 
#module 32 size: 3 bs: 5.16045e-101
886 2561 6622 
#module 33 size: 4 bs: 1.26269e-101
2859 3171 3201 4406 
#module 34 size: 3 bs: 1.89567e-102
2984 3910 4584 
#module 35 size: 2 bs: 1.01506e-101
679 6913 
#module 36 size: 3 bs: 4.54582e-101
276 1869 3318 
#module 37 size: 3 bs: 6.68492e-101
663 906 1252 
#module 38 size: 6 bs: 9.50285e-101
1662 2310 3979 4680 5176 6621 
#module 39 size: 4 bs: 4.41452e-101
170 3730 3922 5866 
#module 40 size: 7 bs: 9.08359e-101
1252 2074 2433 3262 3312 4066 5504 
#module 41 size: 11 bs: 5.10703e-15
1924 2038 2123 2415 2490 2600 2831 2898 3560 5556 6541 
#module 42 size: 3 bs: 5.53326e-101
487 3456 6759 
#module 43 size: 3 bs: 1.15313e-07
291 5280 6067 
#module 44 size: 6 bs: 1.10491e-101
322 742 2522 3103 4038 4735 
#module 45 size: 22 bs: 9.45954e-06
244 770 915 1569 1707 2179 2426 2877 3692 4354 4362 4458 4550 4661 5051 5116 5236 5500 5762 6300 6332 6546 
#module 46 size: 6 bs: 8.46517e-101
405 1263 2472 3561 3860 4128 
#module 47 size: 3 bs: 2.12005e-101
2218 4663 4738 
#module 48 size: 3 bs: 8.38634e-101
302 2720 3397 
#module 49 size: 3 bs: 7.59076e-101
563 3425 5501 
#module 50 size: 6 bs: 3.32302e-101
300 1705 2074 2383 2883 3766 
#module 51 size: 11 bs: 8.08444e-101
439 716 1363 1396 1943 2279 3303 3859 4015 5013 5484 
#module 52 size: 12 bs: 5.01745e-101
472 1195 1422 4050 4160 4266 4671 5334 5748 5795 6003 6366 
#module 53 size: 4 bs: 1.77983e-11
35 457 5140 6562 
#module 54 size: 5 bs: 3.21259e-101
4043 5360 5751 6245 6313 
#module 55 size: 2 bs: 1.14204e-101
3190 6922 
#module 56 size: 3 bs: 7.31453e-101
313 556 2398 
#module 57 size: 2 bs: 3.09547e-101
3052 3580 
#module 58 size: 3 bs: 3.99553e-101
2198 4570 4774 
#module 59 size: 10 bs: 2.59792e-14
1412 1679 2845 3830 3850 3917 4419 4962 5800 6459 
#module 60 size: 4 bs: 8.69987e-101
2818 4222 4516 6668 
#module 61 size: 4 bs: 9.71929e-101
1317 1631 2308 3099 
#module 62 size: 3 bs: 6.09379e-101
2888 5264 5770 
#module 63 size: 3 bs: 9.97756e-101
615 880 5775 
#module 64 size: 6 bs: 3.11826e-102
817 2963 3524 3868 5550 5782 
#module 65 size: 9 bs: 4.79148e-101
339 747 1469 2438 3228 4053 4097 5368 6182 
#module 66 size: 4 bs: 5.77316e-15
1102 1509 3842 6025 
#module 67 size: 3 bs: 3.16128e-101
1407 2793 3586 
#module 68 size: 20 bs: 2.49267e-12
268 1133 1189 1712 1874 2025 2109 2221 2595 2790 3026 3273 3410 3510 4083 4367 4438 4900 5821 6667 
#module 69 size: 3 bs: 9.65724e-102
846 1773 3114 
#module 70 size: 3 bs: 7.69995e-12
1626 6394 6526 
#module 71 size: 40 bs: 7.45882e-11
179 374 432 463 777 1437 2123 2179 2324 2549 2898 2925 3079 3418 3441 3560 3575 3664 3672 3817 4164 4306 4414 4443 4517 4712 4974 5078 5116 5164 5628 5658 6073 6360 6504 6528 6541 6590 6708 6753 
#module 72 size: 3 bs: 1.83526e-101
2414 4507 4635 
#module 73 size: 29 bs: 9.18414e-10
183 379 622 648 655 661 827 989 1015 1138 1150 1174 1281 1432 1552 2034 2066 3141 3263 3386 4137 4297 4308 4331 4402 4847 4972 5011 6873 
#module 74 size: 23 bs: 1.71683e-06
124 439 669 754 823 1331 1425 2061 2373 2473 3059 3090 3303 3554 3681 5405 5439 5512 5695 5761 5994 6309 6810 
#module 75 size: 4 bs: 9.47543e-101
1068 1481 3773 3776 
#module 76 size: 3 bs: 3.61234e-101
125 1549 3470 
#module 77 size: 3 bs: 2.67647e-103
2173 3409 6527 
#module 78 size: 3 bs: 1.53029e-101
4271 4955 6498 
#module 79 size: 10 bs: 1.64816e-101
336 374 429 1428 1789 2509 2691 3613 4648 6172 
#module 80 size: 3 bs: 6.99887e-101
2950 4010 4403 
#module 81 size: 2 bs: 3.12324e-101
2183 4996 
#module 82 size: 4 bs: 7.23947e-101
1995 2796 3696 4027 
#module 83 size: 3 bs: 5.19757e-101
3267 4509 6299 
#module 84 size: 3 bs: 6.99441e-15
897 3297 3609 
#module 85 size: 2 bs: 9.14175e-101
390 3445 
#module 86 size: 13 bs: 0.0246112
745 1694 2543 2578 2624 3143 3503 4462 4497 4874 6326 6452 6471 
#module 87 size: 3 bs: 5.81445e-101
70 1194 4235 
#module 88 size: 7 bs: 8.59231e-101
1119 1273 2540 4126 4528 4860 6107 
#module 89 size: 39 bs: 4.08562e-13
18 51 129 260 373 570 584 654 956 1073 1272 1607 1755 1814 1927 2531 2836 3264 3502 3611 3647 3804 3867 3969 4092 4269 4277 4410 4539 4546 5086 5141 5861 6158 6180 6388 6425 6467 6527 
#module 90 size: 18 bs: 0.459263
196 571 579 1338 1682 2169 2355 3784 4167 4413 4627 5223 5284 5424 5933 5958 5980 6569 
#module 91 size: 6 bs: 0.962559
832 2896 2985 3651 4090 6328 
#module 92 size: 5 bs: 0.510163
479 737 2526 3036 3524 
#module 93 size: 5 bs: 0.846549
1107 1510 1823 4574 6722 
#module 94 size: 5 bs: 0.106897
278 1223 4104 4842 6369 
#module 95 size: 3 bs: 0.637419
161 1668 6146 
#module 96 size: 3 bs: 0.571363
623 4281 5337 
#module 97 size: 3 bs: 0.370929
1261 2610 2949 
#module 98 size: 6 bs: 0.522553
372 1091 3423 4108 4609 6510 
#module 99 size: 11 bs: 0.801275
132 554 1248 1471 2686 3459 3796 4181 5447 5769 6376 
#module 100 size: 4 bs: 0.916654
604 624 3742 4748 
#module 101 size: 3 bs: 0.102599
2300 2366 4133 
#module 102 size: 78 bs: 1.01811
10 110 162 218 290 370 393 735 762 775 889 1005 1019 1027 1031 1206 1315 1321 1373 1384 1456 1543 1570 1589 1689 1693 1732 1770 1859 1922 1977 2005 2081 2354 2410 2524 2608 2857 2988 3120 3126 3221 3233 3257 3282 3400 3671 3883 3928 3957 3968 3997 4154 4202 4425 4490 4692 4753 4886 4924 4990 5137 5217 5312 5414 5561 5653 5659 5688 5850 6072 6193 6508 6629 6671 6714 6774 6838 
#module 103 size: 10 bs: 0.186636
381 466 699 778 2629 3496 5893 6051 6547 6791 
#module 104 size: 26 bs: 0.234462
398 468 475 1176 1378 1655 1918 1971 2044 2059 2421 2468 2800 2978 3125 3419 3947 4050 4058 5016 5017 5948 6148 6479 6766 6869 
#module 105 size: 20 bs: 0.558985
1433 1625 2123 2157 2514 2584 2817 3023 3417 3497 3520 3521 3593 3734 3909 3967 4252 5116 5959 6461 
#module 106 size: 13 bs: 1.01054
207 264 2143 2217 3527 3908 4029 4221 4573 4684 4764 6108 6532 
#module 107 size: 4 bs: 0.706424
1267 2411 3992 5094 
#module 108 size: 6 bs: 0.657273
170 369 1046 1753 3433 3965 
#module 109 size: 8 bs: 0.761345
939 1728 1729 1959 2480 2562 2835 6845 
#module 110 size: 8 bs: 0.357057
1070 1115 1817 2114 3770 3930 5073 5733 
#module 111 size: 11 bs: 0.584789
64 241 708 1183 1751 2215 2286 2391 4917 5640 6736 
#module 112 size: 5 bs: 0.295836
2392 2850 3270 6622 6763 
#module 113 size: 7 bs: 0.605133
243 2993 3170 3314 4338 5423 5993 
#module 114 size: 6 bs: 0.196706
170 1002 1948 2175 3172 3440 
#module 115 size: 26 bs: 1.04302
153 543 734 793 805 890 1020 1297 1326 1865 1897 1980 2654 2702 3252 3562 4388 4495 4919 5350 5461 5892 6093 6378 6633 6674 
#module 116 size: 12 bs: 0.116885
530 752 758 2503 3774 3995 4111 4197 4245 4346 5201 6301 
#module 117 size: 4 bs: 0.953187
2563 2670 5400 6074 
#module 118 size: 3 bs: 0.48635
3805 5565 6207 
#module 119 size: 5 bs: 0.561029
1354 3375 5441 5493 5903 
#module 120 size: 6 bs: 0.642738
501 1665 2029 2557 5053 6649 
#module 121 size: 6 bs: 0.727684
19 606 3005 6439 6473 6554 
#module 122 size: 7 bs: 0.918502
610 1653 1796 2219 2527 5941 5998 
#module 123 size: 21 bs: 0.50054
1 71 625 997 1721 1774 1976 2175 2437 2507 3239 3867 5099 5154 5172 5434 5989 6005 6150 6455 6635 
#module 124 size: 11 bs: 0.685205
843 1096 1732 2053 2319 2618 3028 3259 4881 6312 6406 
#module 125 size: 7 bs: 1.09571
16 52 2370 3313 4113 4779 6513 
#module 126 size: 8 bs: 0.832212
474 1106 1470 2912 3219 4384 4872 5421 
#module 127 size: 8 bs: 0.926974
1010 1179 1592 1816 2602 4057 5696 5740 
#module 128 size: 13 bs: 0.155326
105 208 981 1291 1835 2452 3914 4613 5626 6042 6044 6531 6747 
#module 129 size: 6 bs: 0.842873
3421 4777 5291 5701 5908 6825 
#module 130 size: 6 bs: 0.574456
882 2021 3430 3986 5167 5829 
#module 131 size: 10 bs: 0.359541
18 1565 2365 3127 3144 3346 4386 4716 5478 6515 
#module 132 size: 5 bs: 0.262142
565 4453 4891 5552 6800 
#module 133 size: 9 bs: 0.313276
602 2342 3030 3361 3900 4861 5254 5978 6709 
#module 134 size: 17 bs: 0.526634
287 802 1353 1609 2073 2088 2977 3070 3111 3235 3311 4610 4983 5357 5662 5841 6197 
#module 135 size: 8 bs: 0.530287
547 934 1807 4393 4503 4976 6102 6323 
#module 136 size: 4 bs: 1.03085
1209 1632 1654 4901 
#module 137 size: 25 bs: 0.767133
42 73 260 951 1554 1616 1836 2320 2556 2560 3121 3237 3402 3554 3890 3963 4008 4088 4424 5024 5456 5559 5707 6107 6741 
#module 138 size: 11 bs: 0.59652
209 466 1360 1692 2416 3707 3763 5622 5800 6580 6807 
#module 139 size: 8 bs: 0.651294
116 856 1024 3822 4708 5809 6055 6711 
#module 140 size: 23 bs: 0.507697
285 387 541 986 1131 1159 1243 1274 1459 1736 2375 3281 3301 3367 3563 4084 4314 4484 4659 4986 5178 6166 6811 
#module 141 size: 9 bs: 0.432648
81 508 1188 2200 3247 4109 5603 5683 6059 
#module 142 size: 7 bs: 1.08129
417 1029 2609 3598 4395 4723 6052 
#module 143 size: 10 bs: 1.01433
45 611 633 784 930 1211 1335 1719 3165 4499 
#module 144 size: 23 bs: 0.868204
149 344 738 1066 1067 1798 1905 2159 2232 2293 2735 2797 3024 3092 3155 4063 4592 4800 4942 5325 6016 6072 6382 
#module 145 size: 5 bs: 0.588201
583 2852 3300 5282 5464 
#module 146 size: 4 bs: 0.337108
452 2050 3491 3939 
#module 147 size: 7 bs: 0.178068
1254 2147 2216 2251 3614 4251 6374 
#module 148 size: 7 bs: 0.428501
4039 4527 4667 5632 5719 6293 6409 
#module 149 size: 4 bs: 0.917647
3222 3874 3907 6533 
#module 150 size: 10 bs: 0.611443
628 1307 1420 3484 3715 4525 5397 5772 6410 6758 
#module 151 size: 5 bs: 0.79489
418 1842 3584 5193 6765 
#module 152 size: 6 bs: 0.494661
125 2228 2398 5494 6685 6698 
#module 153 size: 6 bs: 0.868323
1382 3179 3975 4870 5995 6860 
#module 154 size: 5 bs: 0.319858
756 3040 4478 5355 6522 
#module 155 size: 7 bs: 1.04526
176 1957 3523 5488 5651 6189 6386 
#module 156 size: 8 bs: 0.132784
672 1032 2190 3047 5548 5810 6444 6793 
#module 157 size: 7 bs: 0.443235
328 945 1593 2453 3209 4387 6267 
#module 158 size: 4 bs: 0.349021
744 830 2004 5076 
#module 159 size: 8 bs: 0.434512
1385 1983 3767 4502 5600 5726 5874 6211 
#module 160 size: 6 bs: 0.321739
1008 1880 5287 5323 5780 6238 
#module 161 size: 51 bs: 0.313235
56 298 413 483 685 808 896 920 931 1436 1659 1695 1820 1827 1966 2127 2266 2280 2302 2606 2833 2898 3116 3177 3441 3522 3569 3575 3587 3708 4101 4135 4389 4558 4880 5085 5134 5402 5571 5577 5737 5806 5898 5934 6244 6340 6423 6501 6541 6664 6817 
#module 162 size: 28 bs: 0.822958
460 463 1670 1864 2142 2461 2677 2913 3119 3143 3487 3560 3819 3845 3896 4072 4117 4515 4529 5294 5638 5658 6077 6202 6528 6753 6797 6880 
#module 163 size: 6 bs: 0.687596
505 1258 2482 4370 6250 6756 
#module 164 size: 5 bs: 0.132395
720 751 2336 2551 3993 
#module 165 size: 7 bs: 0.140949
448 1022 1877 3760 4021 5576 5827 
#module 166 size: 12 bs: 1.04699
103 449 1691 1705 1861 3546 4177 4743 4971 5059 5186 5392 
#module 167 size: 21 bs: 1.04889
617 743 760 822 1270 1677 1704 1750 1884 2255 3377 3830 3989 4095 4762 4812 5411 5711 5909 6277 6645 
#module 168 size: 7 bs: 0.755097
157 2448 3082 3675 4060 4970 6529 
#module 169 size: 10 bs: 0.218796
2006 2084 2814 3920 4317 5526 5869 6542 6591 6704 
#module 170 size: 24 bs: 0.637619
386 681 703 806 910 938 1017 1680 1744 2019 3013 3122 3751 3833 3972 4044 4172 4780 4979 5253 5491 5808 6075 6608 
#module 171 size: 21 bs: 0.987039
133 690 792 1005 1135 1137 1491 1678 2285 2881 3202 3227 4628 5026 5224 5712 6433 6520 6550 6578 6602 
#module 172 size: 5 bs: 0.332732
2358 2442 2505 4770 6229 
#module 173 size: 29 bs: 0.537329
353 836 1117 1460 1477 1799 2008 2273 2459 2553 2676 3031 3226 3335 3376 4211 4250 4394 4400 4995 5021 5075 5082 5220 5563 6292 6801 6847 6866 
#module 174 size: 3 bs: 0.15265
216 3758 5370 
#module 175 size: 12 bs: 1.0373
169 536 2230 2583 3450 4042 4136 5045 5541 5817 6576 6713 
#module 176 size: 5 bs: 0.861388
9 875 1057 4293 5184 
#module 177 size: 37 bs: 0.357586
340 419 592 619 976 1351 1451 1525 2180 2188 2282 2325 2528 2668 3161 3180 3639 4118 4152 4232 4447 4586 4755 4846 5006 5286 5309 5352 5418 5427 5649 5738 5783 6259 6422 6496 6556 
#module 178 size: 33 bs: 0.965612
113 305 534 1193 1276 1431 1819 1910 1964 2593 2649 2828 2902 3195 3970 3976 4134 4144 4164 4223 4247 4268 4274 4304 4561 4939 5096 5122 6034 6048 6342 6354 6646 
#module 179 size: 6 bs: 0.357023
1587 1780 2333 2340 5834 6815 
#module 180 size: 10 bs: 0.276049
2087 2291 3765 4105 4589 4838 4969 5216 5537 6735 
#module 181 size: 5 bs: 0.592809
1366 1840 4767 5768 6848 
#module 182 size: 6 bs: 0.704722
2408 2749 3002 4739 4763 6270 
#module 183 size: 9 bs: 0.839938
247 804 1304 2105 2122 5508 5839 5862 6069 
#module 184 size: 9 bs: 0.683093
184 826 968 1302 2100 2210 3499 3964 5525 
#module 185 size: 10 bs: 1.00759
442 506 1104 2267 2728 2780 4500 4977 5244 6483 
#module 186 size: 13 bs: 0.786835
139 410 712 781 1217 1483 1582 3285 3483 3881 4660 5018 6772 
#module 187 size: 9 bs: 0.327031
136 1735 3269 3358 3625 4825 5377 6392 6843 
#module 188 size: 10 bs: 0.357663
614 732 1754 1812 3045 3224 3374 3605 3658 3730 
#module 189 size: 4 bs: 0.447741
2426 2555 2815 6365 
#module 190 size: 5 bs: 0.253088
1794 2537 5750 6489 6770 
#module 191 size: 6 bs: 0.876027
2474 3012 3113 3684 3866 6115 
#module 192 size: 86 bs: 0.214682
43 97 234 237 270 350 499 893 935 969 1047 1097 1120 1142 1164 1237 1301 1332 1368 1411 1475 1512 1543 1558 1785 1940 1967 1989 2072 2119 2229 2323 2328 2332 2407 2443 2534 2607 2779 2964 3069 3091 3097 3379 3392 3457 3458 3727 3839 4004 4073 4122 4319 4479 4489 4657 4699 4713 4729 4790 4867 5036 5084 5107 5276 5285 5315 5321 5367 5588 5615 5739 5760 5791 5814 6029 6138 6285 6294 6399 6447 6481 6605 6822 6883 6923 
#module 193 size: 26 bs: 0.781848
77 686 1012 1082 1220 1598 1650 1942 2349 2733 2758 2766 2976 3063 3087 3565 3669 4127 4208 4533 5023 5642 6007 6017 6145 6191 
#module 194 size: 13 bs: 0.461438
301 674 899 1042 1355 1731 3107 3160 4233 5060 5344 5881 6488 
#module 195 size: 13 bs: 0.881649
575 1621 1844 2209 3129 3387 3652 4630 5481 5952 5966 5979 6544 
#module 196 size: 5 bs: 0.819548
250 2477 3187 4359 6557 
#module 197 size: 130 bs: 0.356869
82 144 147 257 366 412 428 553 574 639 645 659 776 779 797 807 840 848 862 900 901 902 904 927 975 1049 1083 1085 1165 1314 1320 1461 1479 1559 1567 1572 1601 1699 1720 1858 1896 1926 2018 2091 2212 2379 2419 2483 2587 2644 2667 2682 2825 2840 2891 2975 2999 3260 3383 3415 3429 3432 3481 3545 3555 3686 3716 3733 3768 3864 3877 4065 4074 4145 4148 4257 4350 4353 4381 4461 4506 4604 4631 4642 4647 4678 4679 4717 4791 4850 4854 5029 5030 5070 5165 5187 5277 5279 5305 5328 5349 5631 5645 5661 5681 5815 5828 5842 5947 5976 6039 6062 6083 6185 6198 6241 6334 6395 6427 6428 6456 6485 6503 6545 6589 6610 6618 6625 6730 6826 
#module 198 size: 4 bs: 0.661318
9 15 4192 6435 
#module 199 size: 17 bs: 0.874669
122 221 884 1534 1697 2364 2535 3096 3466 3858 4323 4597 5210 5238 5428 5580 6537 
#module 200 size: 11 bs: 0.62307
2007 2788 3133 3216 4922 5419 5963 6163 6716 6779 6870 
#module 201 size: 3 bs: 0.504521
1618 3626 5598 
#module 202 size: 12 bs: 0.26323
307 761 1414 1639 1929 2884 3086 3098 4098 5051 6308 6506 
#module 203 size: 8 bs: 1.03616
599 1262 1887 2700 3029 4163 5261 6616 
#module 204 size: 5 bs: 0.750393
253 2886 3991 4046 4113 
#module 205 size: 10 bs: 0.278667
695 3427 4240 5145 5371 6098 6125 6614 6799 6876 
#module 206 size: 6 bs: 0.782548
160 1058 2054 3775 6452 6765 
#module 207 size: 12 bs: 0.308014
20 640 1848 2571 2845 3136 3373 4419 4481 5389 5509 6459 
#module 208 size: 16 bs: 1.00984
58 72 397 407 1932 1960 2131 2331 2926 3370 3552 4343 5219 5278 5473 6224 
#module 209 size: 15 bs: 0.665736
523 1415 1482 3199 3643 3824 4475 4917 5044 5778 5875 6080 6208 6494 6623 
#module 210 size: 7 bs: 0.594503
871 2370 2405 4051 4634 5972 6510 
#module 211 size: 6 bs: 0.311576
612 1231 2651 3328 5703 6040 
#module 212 size: 5 bs: 0.419422
1215 2601 2756 5462 6524 
#module 213 size: 6 bs: 0.747662
587 648 2132 2697 3538 4075 
#module 214 size: 7 bs: 0.306143
3148 4180 4905 5069 5455 5694 6151 
#module 215 size: 7 bs: 0.784953
573 2630 3011 3345 3882 6070 6584 
#module 216 size: 7 bs: 0.662301
155 1038 3296 5358 5872 6060 6739 
#module 217 size: 7 bs: 0.821205
152 865 2034 2906 3576 4449 6637 
#module 218 size: 23 bs: 0.73132
117 200 539 996 1190 1758 2015 2120 2516 2544 3175 3531 3916 4360 4405 4439 4450 4913 4916 5005 5655 5693 6733 
#module 219 size: 4 bs: 0.302289
1254 2222 3912 5519 
#module 220 size: 6 bs: 0.609459
2482 3075 3327 6124 6561 6910 
#module 221 size: 4 bs: 0.978576
1839 2996 5422 6844 
#module 222 size: 9 bs: 0.426904
613 1850 2117 2153 2170 3737 5072 6776 6879 
#module 223 size: 11 bs: 0.212848
282 321 1370 1688 1981 2625 3388 5590 6076 6234 6705 
#module 224 size: 8 bs: 0.446232
869 875 1687 2703 3394 4128 4700 6137 
#module 225 size: 5 bs: 0.658412
1156 3627 4579 6053 6391 
#module 226 size: 5 bs: 1.03752
1178 2653 3615 5573 6348 
#module 227 size: 6 bs: 0.972747
332 3010 3051 3198 4440 6813 
#module 228 size: 9 bs: 0.856726
380 1726 2409 3704 4140 4230 4482 5202 6280 
#module 229 size: 46 bs: 0.697948
27 408 482 490 598 849 1184 1594 1765 1828 1991 2061 2071 2276 2417 2475 2656 2660 2698 2757 2854 2873 3059 3080 3246 3266 3326 3485 3590 3644 3838 3878 4150 4237 4601 5048 5307 5452 5602 5803 5992 6047 6186 6570 6692 6761 
#module 230 size: 3 bs: 0.309219
1709 3812 5781 
#module 231 size: 28 bs: 0.385249
113 206 538 868 898 1080 1081 1214 1637 1822 2466 2847 3202 3443 3454 3904 4221 4378 4401 4540 5197 5211 5227 5241 5437 5860 5874 6368 
#module 232 size: 15 bs: 0.151794
47 106 189 310 625 736 1591 2673 3936 4173 4967 4988 5124 5373 6919 
#module 233 size: 8 bs: 0.922306
642 1473 1647 2554 3393 4884 6266 6381 
#module 234 size: 5 bs: 0.431087
2281 2671 3657 4193 4772 
#module 235 size: 10 bs: 0.18606
1767 2150 2478 3423 3962 5110 5364 6250 6521 6792 
#module 236 size: 18 bs: 0.968881
49 211 567 722 1148 1951 2194 2786 3234 3816 3857 4229 4356 4512 4565 5753 6012 6079 
#module 237 size: 21 bs: 0.678599
656 1167 1186 1285 2337 2420 2969 3408 3685 3722 3736 4358 4714 4806 5114 5532 5752 5987 6161 6255 6331 
#module 238 size: 9 bs: 0.299381
1388 1544 2435 2822 4904 4912 5550 6011 6471 
#module 239 size: 4 bs: 0.781797
1649 2971 3329 5616 
#module 240 size: 4 bs: 0.667898
2026 2917 3901 5194 
#module 241 size: 10 bs: 0.725023
99 660 1244 1901 2193 2739 3612 3659 3849 6416 
#module 242 size: 4 bs: 1.02726
16 225 2038 4012 
#module 243 size: 7 bs: 0.836403
415 3223 3759 5675 5877 6764 6844 
#module 244 size: 14 bs: 0.171631
90 177 950 1788 1997 3336 3742 3961 4071 4347 5542 5786 5931 6688 
#module 245 size: 10 bs: 0.788941
519 1025 1519 1535 1741 5117 5144 5471 5689 6480 
#module 246 size: 10 bs: 1.05824
96 1508 1635 1778 2225 3662 4731 5143 5329 5704 
#module 247 size: 13 bs: 0.753363
421 542 671 1890 2067 3596 3779 5822 5962 6246 6499 6655 6870 
#module 248 size: 5 bs: 1.03688
76 1495 3288 5119 6592 
#module 249 size: 12 bs: 0.460292
299 317 548 1993 2685 3174 3393 4126 4408 5047 5522 6687 
#module 250 size: 9 bs: 0.591549
520 2672 2715 2860 3298 4309 4543 5206 6095 
#module 251 size: 6 bs: 1.09839
1281 2042 2470 4332 4832 6902 
#module 252 size: 8 bs: 0.564134
755 1924 2079 2344 3437 4141 4355 6192 
#module 253 size: 9 bs: 0.183042
1376 1728 1813 2020 3694 4128 4505 5950 6719 
#module 254 size: 5 bs: 0.8336
3261 4311 4926 5288 5451 
#module 255 size: 9 bs: 0.645393
494 3769 4239 4267 4284 4584 4652 5807 6125 
#module 256 size: 15 bs: 0.8439
586 816 1804 2039 2284 2714 3601 4340 4377 4786 5416 6103 6356 6796 6856 
#module 257 size: 5 bs: 1.07079
977 2691 3572 4334 4907 
#module 258 size: 17 bs: 0.944842
26 396 1208 1312 2443 2579 2934 3112 3118 3691 4444 4547 4732 5269 5858 6411 6492 
#module 259 size: 3 bs: 0.696074
1527 1634 6669 
#module 260 size: 18 bs: 0.856204
245 418 450 471 557 1772 2146 3513 3809 4265 4364 4999 5603 5617 5715 6123 6264 6727 
#module 261 size: 21 bs: 0.952434
3 715 791 922 1738 1757 1810 2062 2311 2782 3467 3471 3711 4026 4291 4369 4397 4462 4898 5106 5716 
#module 262 size: 8 bs: 0.944591
630 2339 3128 3676 4776 4794 5745 5954 
#module 263 size: 12 bs: 0.359375
185 725 1390 1752 2966 3680 3931 4352 4600 4943 4989 6429 
#module 264 size: 6 bs: 0.128438
68 384 528 1356 1781 6777 
#module 265 size: 6 bs: 0.239061
135 753 1837 4001 4887 6160 
#module 266 size: 22 bs: 0.301602
306 618 952 1166 1369 1934 2120 2164 2368 3378 3380 3955 4011 4226 4497 5088 5625 5938 6238 6416 6679 6734 
#module 267 size: 24 bs: 0.475523
294 391 436 1092 1144 1443 1624 2243 2520 2747 2836 3275 3794 4532 5401 5512 5609 5779 6096 6206 6362 6659 6804 6855 
#module 268 size: 4 bs: 1.00156
540 670 3183 3267 
#module 269 size: 15 bs: 0.367417
108 827 888 1259 1281 1624 1916 2373 2704 3540 3817 4080 5039 5496 6119 
#module 270 size: 9 bs: 0.985515
23 552 1250 2312 2613 4321 4928 5067 6088 
#module 271 size: 11 bs: 0.865744
1062 1536 1945 2745 2914 3147 3363 4067 4438 4636 6888 
#module 272 size: 10 bs: 0.533551
342 1628 2504 3631 4107 4492 4693 4751 5614 5790 
#module 273 size: 7 bs: 0.999803
410 1485 2997 3808 4751 5167 6505 
#module 274 size: 9 bs: 0.953128
600 1531 1642 2070 3516 3517 4501 4576 6548 
#module 275 size: 8 bs: 0.175084
819 928 1537 2497 2580 4015 4815 5939 
#module 276 size: 4 bs: 0.156203
249 1899 2161 4638 
#module 277 size: 7 bs: 0.170015
1404 2525 3479 4326 5700 5826 6559 
#module 278 size: 7 bs: 0.426916
688 2777 3179 5243 5702 5961 6581 
#module 279 size: 9 bs: 1.04948
1162 2046 2460 3073 3818 4185 4799 5316 5608 
#module 280 size: 121 bs: 0.794289
21 114 159 325 359 382 451 621 643 790 823 850 894 916 932 958 980 1253 1283 1309 1319 1399 1515 1516 1551 1630 1747 1769 1779 1878 1950 1975 1984 1985 2012 2089 2106 2108 2211 2244 2254 2334 2439 2455 2502 2572 2611 2680 2687 2730 2760 2799 2833 2938 3176 3256 3326 3337 3389 3390 3441 3474 3700 3852 3953 3998 4112 4131 4155 4272 4294 4295 4307 4341 4381 4399 4404 4430 4530 4568 4899 4936 4950 4966 5008 5042 5066 5071 5079 5147 5173 5213 5335 5466 5511 5587 5589 5679 5717 5763 5831 5836 5888 5945 6031 6089 6168 6190 6217 6240 6252 6307 6338 6353 6463 6563 6624 6665 6895 6903 6906 
#module 281 size: 17 bs: 0.821973
647 1143 1881 1968 2290 2315 2532 2848 3621 3906 3952 4171 4280 4383 5159 6523 6678 
#module 282 size: 3 bs: 0.215728
544 4602 4768 
#module 283 size: 23 bs: 0.478855
697 1141 1251 1542 1643 2179 2324 2395 2523 2816 3146 3184 3322 3646 4415 4821 5078 5182 5347 5487 5672 6662 6708 
#module 284 size: 4 bs: 1.01093
1952 2083 2350 5868 
#module 285 size: 4 bs: 0.677209
696 867 4526 4793 
#module 286 size: 19 bs: 0.834313
319 582 774 789 1676 1988 2274 2619 3888 4174 4735 4760 5611 5643 6129 6518 6582 6725 6870 
#module 287 size: 9 bs: 0.335616
1199 1365 2191 2195 3319 3677 4677 4798 5546 
#module 288 size: 16 bs: 0.344384
1640 2575 3062 3123 3431 3641 4355 5161 5385 5607 5718 6187 6260 6362 6400 6451 
#module 289 size: 11 bs: 0.818049
917 979 1671 2189 4298 5130 5298 5703 5746 5767 6787 
#module 290 size: 6 bs: 0.704743
246 4384 4914 6117 6347 6680 
#module 291 size: 9 bs: 0.338154
1862 2040 2454 3446 4047 4276 4890 5001 6703 
#module 292 size: 13 bs: 1.00164
371 632 1003 1375 2226 3413 3519 3697 3729 5205 5457 5720 6534 
#module 293 size: 4 bs: 0.699454
226 909 1121 1532 
#module 294 size: 4 bs: 0.25464
3538 4078 5246 5957 
#module 295 size: 4 bs: 0.182838
411 1238 4151 5849 
#module 296 size: 8 bs: 0.221091
229 512 608 2636 2862 3313 5339 5823 
#module 297 size: 12 bs: 0.518965
713 748 2484 2489 2890 3058 3820 4165 4820 4987 5789 6099 
#module 298 size: 5 bs: 0.518433
2283 3463 3919 5341 6242 
#module 299 size: 11 bs: 0.194183
450 942 943 1873 2163 3396 3648 4288 4824 5510 5610 
#module 300 size: 7 bs: 1.02454
375 1787 3371 4021 4398 5516 6694 
#module 301 size: 7 bs: 0.847019
109 1118 1265 2003 4048 5754 6120 
#module 302 size: 11 bs: 0.234418
389 1624 2441 2808 3147 3250 4019 4851 5245 6022 6049 
#module 303 size: 7 bs: 0.916482
706 860 960 1809 3363 4366 6908 
#module 304 size: 10 bs: 1.05138
510 915 1160 2361 2594 2946 3185 5393 6802 6862 
#module 305 size: 19 bs: 0.102977
46 812 1084 1340 1350 1610 1685 1920 2614 3140 3447 3532 3713 4426 4581 4733 4987 5015 5856 
#module 306 size: 12 bs: 0.336578
6 638 763 946 1766 1903 2493 3276 3529 3739 4333 4343 
#module 307 size: 6 bs: 0.611196
2017 2382 3064 4531 4711 4758 
#module 308 size: 6 bs: 0.371862
76 941 2172 3512 3938 6631 
#module 309 size: 9 bs: 0.30854
1826 1979 2440 3372 3937 4119 4933 6389 6799 
#module 310 size: 12 bs: 0.164599
17 128 1221 1498 1557 1606 2925 3157 3242 3317 5852 5884 
#module 311 size: 7 bs: 0.303912
9 1450 2110 2471 5591 6213 6693 
#module 312 size: 10 bs: 0.711738
1876 3357 3699 3847 4110 4520 5650 5865 5996 6026 
#module 313 size: 12 bs: 0.392616
134 839 1305 1603 2069 2236 2376 2552 2915 4017 5744 6551 
#module 314 size: 14 bs: 0.867397
741 1377 2241 2301 2521 2669 2706 2778 2783 3068 3629 4566 5058 5593 
#module 315 size: 22 bs: 0.893384
472 879 1089 1216 1318 1615 2000 2316 2882 3124 3245 3404 3826 3897 4146 4190 4201 4216 4994 5758 6035 6549 
#module 316 size: 29 bs: 0.888292
83 524 754 1109 1226 1651 1722 1779 1824 1827 1838 2022 2124 2139 2196 2418 2462 2927 3494 3539 4049 4459 4629 5218 5513 5538 5737 5914 6216 
#module 317 size: 14 bs: 0.194353
214 304 683 2023 2208 2716 3495 4030 4139 4238 4372 5221 5252 6675 
#module 318 size: 9 bs: 0.265625
537 941 2533 2960 3757 4773 4782 5544 5558 
#module 319 size: 31 bs: 0.905575
173 477 657 800 821 870 1357 1954 2035 2227 2447 2508 2711 2844 3153 3262 3537 3731 3903 4081 4209 4671 5052 5156 5363 5379 5928 6010 6130 6366 6769 
#module 320 size: 13 bs: 0.386919
18 312 577 973 1207 1225 1870 1888 3385 4166 4705 5517 6639 
#module 321 size: 23 bs: 0.501052
183 271 594 712 954 1071 1711 1784 1789 1941 2298 2545 3203 3255 3391 3523 3741 3935 4983 5158 5541 5830 6849 
#module 322 size: 4 bs: 0.213745
3478 3564 5063 5515 
#module 323 size: 6 bs: 0.970055
818 1818 3571 3899 4392 6390 
#module 324 size: 40 bs: 0.635138
163 394 891 1023 1202 1891 1978 2464 2631 2929 2959 3043 3355 3406 3455 3687 3689 3749 3809 4156 4228 4442 4514 4590 4617 4639 4651 4783 4879 4920 5009 5055 5788 5843 5857 6290 6336 6419 6449 6475 
#module 325 size: 9 bs: 0.917409
1575 1728 2678 3881 4102 4555 4915 5007 6796 
#module 326 size: 4 bs: 0.919602
798 1183 3682 6790 
#module 327 size: 9 bs: 0.708564
522 1811 1898 2746 3192 3215 5188 5331 6157 
#module 328 size: 9 bs: 0.557352
863 953 2088 2897 3806 5535 5725 6041 6179 
#module 329 size: 18 bs: 0.384217
94 461 641 874 1288 1733 1833 1892 2861 3333 3623 4330 4649 5212 5901 6383 6397 6585 
#module 330 size: 4 bs: 0.465995
1773 2900 3352 5125 
#module 331 size: 4 bs: 0.457383
2752 2813 4422 5749 
#module 332 size: 12 bs: 0.134879
676 768 865 988 3290 3330 3748 4082 4423 4656 6643 6689 
#module 333 size: 12 bs: 0.604742
76 493 2294 2393 2708 2889 3607 3829 3832 5926 6188 6607 
#module 334 size: 39 bs: 0.786922
94 106 127 358 817 1435 1742 1763 1992 2080 2235 2321 2496 2532 2805 3079 3197 3353 3603 3831 3853 3854 3958 4016 4092 4168 4414 4415 4620 4836 4885 4911 4978 5148 5897 6027 6379 6388 6816 
#module 335 size: 4 bs: 0.828067
609 678 700 5296 
#module 336 size: 7 bs: 0.630196
1786 2356 2876 5699 5709 5750 6141 
#module 337 size: 44 bs: 0.545821
168 363 379 424 668 967 1021 1133 1542 1571 1607 1622 2031 2167 2171 2632 2642 2927 3050 3441 3492 3511 4304 4308 4337 4360 4508 4546 4789 4843 4913 4935 5087 5127 5218 5622 5889 6081 6296 6367 6385 6615 6652 6909 
#module 338 size: 4 bs: 0.115607
3411 3663 5927 5944 
#module 339 size: 16 bs: 0.877509
414 731 994 1069 1501 1533 1737 2209 2641 2785 2832 3251 3295 3633 4535 5608 
#module 340 size: 15 bs: 0.587887
181 513 558 831 1230 1268 2425 2576 3630 3807 4571 4992 5802 6058 6304 
#module 341 size: 9 bs: 1.06262
184 716 782 1033 1581 4147 4183 4864 5866 
#module 342 size: 8 bs: 0.866913
1158 1416 1672 2725 3132 3312 5356 5562 
#module 343 size: 3 bs: 0.923867
529 4575 5848 
#module 344 size: 36 bs: 0.53327
158 167 255 509 691 801 1403 1552 1661 1841 1893 2121 2149 2154 2248 2627 2870 3792 4195 4365 4534 4545 4775 4797 5136 5214 5267 5396 5620 5624 6175 6431 6697 6740 6835 6877 
#module 345 size: 5 bs: 0.115788
1919 3412 4368 4390 6636 
#module 346 size: 15 bs: 0.66276
57 101 126 317 1334 1612 1783 2603 2651 3567 5198 5479 5797 6654 6691 
#module 347 size: 3 bs: 0.5371
4441 6375 6695 
#module 348 size: 10 bs: 0.463939
89 1381 1653 2967 3169 3206 3891 4622 5265 6497 
#module 349 size: 28 bs: 0.280325
268 329 495 545 669 799 881 1007 1395 1400 1629 1790 1909 1936 2032 2415 2486 2573 2617 3094 3143 3980 4055 4796 6225 6275 6326 6771 
#module 350 size: 9 bs: 0.294436
259 403 2974 3672 3836 5019 5046 5677 6706 
#module 351 size: 19 bs: 0.295548
184 392 1433 1669 1931 1961 2324 2341 2944 3017 3515 4343 4436 4958 4974 5504 5514 5876 6107 
#module 352 size: 7 bs: 0.24632
171 647 2614 3649 4291 5731 5782 
#module 353 size: 6 bs: 0.166936
1114 2953 3021 3051 3213 3981 
#module 354 size: 4 bs: 0.577773
2206 2269 6560 6851 
#module 355 size: 10 bs: 0.91529
95 165 809 1336 3249 3667 4623 5412 5832 6778 
#module 356 size: 6 bs: 0.303811
921 1574 1818 4518 4648 6046 
#module 357 size: 6 bs: 0.364155
254 729 1203 1969 3085 3994 
#module 358 size: 5 bs: 0.58737
593 719 3800 4493 4662 
#module 359 size: 22 bs: 0.496225
274 447 1128 1324 1855 2345 2787 2865 3062 3613 3681 4469 4532 4811 4839 4948 5654 5730 6050 6085 6286 6486 
#module 360 size: 9 bs: 0.51998
566 655 1296 4254 4416 4816 4827 4869 5185 
#module 361 size: 17 bs: 0.744821
222 410 603 1352 1622 1777 1925 1939 2221 2260 3135 3660 4689 5179 5968 6599 6901 
#module 362 size: 61 bs: 0.380379
36 242 420 550 591 616 711 750 787 834 864 948 990 1095 1142 1187 1434 1442 1506 1578 1674 1805 1882 1989 2128 2160 2385 2795 3057 3145 3186 3401 3525 3705 4123 4130 4186 4204 4210 4256 4457 4494 4720 4759 4823 4834 5027 5228 5267 5372 5527 5669 5687 5739 5764 5825 5921 5991 6118 6295 6610 
#module 363 size: 6 bs: 0.491758
1051 1101 1173 2047 3725 6732 
#module 364 size: 26 bs: 0.568392
283 481 555 937 1556 2120 2386 2792 2903 3020 3071 3490 3535 3536 3636 3712 3941 4304 4439 5450 5503 5543 5551 6000 6121 6262 
#module 365 size: 17 bs: 1.04366
9 489 721 828 1001 1305 1308 1724 2574 2841 3083 3274 3688 3885 3982 5637 6682 
#module 366 size: 4 bs: 0.298609
296 3368 4537 5919 
#module 367 size: 17 bs: 0.859394
1408 1465 1583 1800 2079 2256 2297 2317 3577 4515 4781 4997 5104 5568 5676 5773 6405 
#module 368 size: 15 bs: 0.591601
76 120 854 979 1917 2431 2499 2628 2910 2990 3174 3188 4597 4907 5313 
#module 369 size: 15 bs: 0.823524
667 1412 1746 2224 3238 3342 3559 3647 3977 4645 4821 4853 5272 5453 6482 
#module 370 size: 5 bs: 0.670918
631 1303 1660 3318 4094 
#module 371 size: 55 bs: 0.393794
148 212 231 235 502 595 971 995 1391 1417 1497 1530 1584 1608 1730 1775 1944 1970 2077 2231 2247 2262 2264 2268 2348 2446 2515 2539 2581 2732 3344 3350 3359 3444 3679 3876 3915 3921 4089 4106 4120 4175 4312 4569 4640 4664 4889 5010 5074 5380 5634 5955 6105 6199 6469 
#module 372 size: 7 bs: 0.135181
716 2137 2582 2998 3004 4205 5575 
#module 373 size: 12 bs: 0.680186
57 920 3115 3165 3253 3599 4253 4681 5174 5533 6203 6588 
#module 374 size: 6 bs: 0.169513
991 1304 5146 5549 5942 6486 
#module 375 size: 11 bs: 0.226272
324 2830 2915 4451 4455 4930 4962 5489 5722 5951 6660 
#module 376 size: 41 bs: 0.844015
31 45 316 338 402 439 551 1428 1836 2123 2445 2471 2474 2508 3033 3142 3167 3241 3539 3557 3893 4137 4170 4491 5057 5068 5246 5605 5660 5861 5887 6136 6293 6343 6363 6440 6627 6641 6668 6832 6858 
#module 377 size: 15 bs: 1.03382
633 1937 2533 2621 3366 3815 3885 4498 4686 4696 5383 5399 5724 5884 6254 
#module 378 size: 24 bs: 0.759376
293 385 439 590 673 1241 1393 1644 2013 2324 2412 2486 2577 2674 3790 3848 4056 4336 4460 4788 4826 4888 5164 5540 
#module 379 size: 9 bs: 0.216532
1171 1851 2531 3292 3923 4269 4637 6648 6806 
#module 380 size: 24 bs: 0.652798
85 171 198 201 367 622 635 788 1413 1556 1993 2791 3324 3674 3893 3936 3978 5001 5540 5823 5949 6015 6317 6566 
#module 381 size: 6 bs: 0.733997
61 876 947 2182 3354 3574 
#module 382 size: 6 bs: 0.655851
1299 2829 5255 5519 5671 6620 
#module 383 size: 15 bs: 1.0621
67 485 1149 1973 2002 2303 2360 2679 4214 5247 5322 5798 5960 6212 6538 
#module 384 size: 12 bs: 1.03668
434 1713 1808 2234 2657 2734 4030 4456 5221 5252 5317 5435 
#module 385 size: 36 bs: 0.744875
186 388 689 1127 1196 1342 1815 2076 2130 2265 2299 2423 2458 2842 3173 3585 3624 3732 3745 3970 4017 4138 4258 4541 4963 5003 5458 5480 5800 6065 6122 6357 6507 6575 6666 6895 
#module 386 size: 13 bs: 0.722442
232 444 1298 2166 2723 3944 4215 4301 4339 5209 5434 6023 6177 
#module 387 size: 47 bs: 0.710416
75 352 416 532 1035 1060 1130 1157 1275 1472 1489 1771 1902 1947 1994 2028 2145 2214 2402 2655 2675 2765 2973 3158 3289 3320 3414 3473 3608 3632 3637 3791 4176 4719 4925 5121 5715 5873 5929 6071 6139 6215 6248 6401 6600 6690 6900 
#module 388 size: 4 bs: 0.805293
1242 1935 4418 6421 
#module 389 size: 4 bs: 0.702698
1397 2103 3534 6670 
#module 390 size: 16 bs: 0.758477
636 719 780 2024 2140 2650 2817 3279 3310 3461 4318 4964 4974 5001 5037 5054 
#module 391 size: 8 bs: 0.583252
607 1244 1974 4519 4934 5105 5553 6840 
#module 392 size: 13 bs: 0.52035
1306 1402 1716 1756 2677 2831 2911 4249 4342 4517 4863 5723 6341 
#module 393 size: 14 bs: 0.591871
38 149 360 683 1505 1723 2249 2892 2992 3693 3695 5262 5270 6355 
#module 394 size: 11 bs: 0.802363
76 112 311 503 940 1856 2987 2991 4544 5853 6038 
#module 395 size: 15 bs: 0.192576
467 777 1675 2401 2652 2856 3434 3683 3948 4149 4616 5623 5847 6325 6484 
#module 396 size: 115 bs: 0.771459
25 34 53 60 62 80 151 210 230 233 347 356 425 446 454 478 526 531 561 605 785 814 914 1090 1180 1227 1260 1276 1502 1504 1541 1564 1573 1620 1652 1849 1956 1965 2068 2203 2359 2385 2604 2619 2648 2769 2849 2867 2879 2885 2904 3034 3137 3139 3254 3331 3356 3420 3595 3710 3746 3793 3798 3806 3835 3886 3985 4093 4179 4191 4198 4212 4217 4376 4379 4429 4563 4582 4619 4675 4694 4809 4873 4895 4939 5089 5199 5207 5251 5257 5266 5314 5342 5572 5698 5885 5943 5970 5973 6001 6133 6142 6183 6200 6251 6321 6335 6442 6565 6568 6597 6686 6726 6775 6780 
#module 397 size: 3 bs: 1.06969
2185 3278 5910 
#module 398 size: 4 bs: 0.824712
1759 2598 6116 6542 
#module 399 size: 7 bs: 0.619105
559 666 1154 2240 3610 4765 4882 
#module 400 size: 15 bs: 1.05813
192 926 1116 1409 1658 1717 2634 3476 3600 3924 4024 5505 5672 5946 6454 
#module 401 size: 25 bs: 0.151384
50 409 590 644 992 1455 1474 1713 1915 2099 2412 2886 2986 3507 3578 4116 4121 4225 4556 4634 5019 5467 6780 6794 6839 
#module 402 size: 6 bs: 0.642846
1914 2101 3166 3884 4524 4813 
#module 403 size: 15 bs: 0.55668
115 195 240 463 955 1850 2165 2245 2257 2322 3149 3622 4385 5038 5040 
#module 404 size: 11 bs: 0.980992
256 684 1219 1786 2165 2819 3362 3887 4363 6617 6619 
#module 405 size: 18 bs: 0.376874
24 1213 1760 2380 2430 2444 2585 2727 3014 3100 3416 3826 4305 4596 6113 6361 6661 6773 
#module 406 size: 38 bs: 0.579199
248 263 284 293 424 492 603 661 783 966 1133 1546 1547 1588 1641 1698 1874 2012 2048 2223 2632 3001 3271 3369 3597 3618 3743 4200 4273 4302 4921 5087 5218 5639 5794 6263 6590 6738 
#module 407 size: 8 bs: 0.752965
1548 1590 2803 3264 4013 4795 5923 6013 
#module 408 size: 26 bs: 0.855254
287 495 949 1294 1554 1830 1895 1913 1946 2061 2106 2318 2320 2472 2595 2751 3825 4037 4435 4917 4956 5034 5431 5518 5695 6089 
#module 409 size: 6 bs: 0.980688
2057 2362 5563 6020 6223 6465 
#module 410 size: 49 bs: 0.110282
37 39 129 348 362 443 576 949 1077 1153 1398 1561 1742 2197 2227 2374 2389 2596 2605 2642 3134 3168 3306 3718 3797 3870 3963 4016 4022 4187 4220 4483 4853 4962 5012 5131 5642 5664 5988 6010 6030 6048 6143 6302 6425 6501 6514 6613 6657 
#module 411 size: 28 bs: 0.502368
439 459 989 1008 1079 1257 1547 1579 1961 1986 2432 2517 2612 2632 3156 3369 3619 3640 3892 4391 4428 4787 4898 5033 5530 5629 6269 6738 
#module 412 size: 6 bs: 0.878826
892 2261 4583 5621 5674 5699 
#module 413 size: 4 bs: 0.747234
518 4243 4718 5095 
#module 414 size: 16 bs: 1.03775
86 658 1217 1293 1599 1868 1974 2620 3611 3894 3970 5141 5409 5579 5916 6626 
#module 415 size: 62 bs: 0.790917
42 55 119 156 443 657 1264 1316 1553 1617 1619 1718 1793 2009 2120 2369 2427 2479 2579 2633 2702 2811 2866 2878 2983 3055 3072 3168 3208 3634 3685 3777 3955 4014 4161 4407 4624 4691 4802 4874 5109 5114 5200 5354 5420 5446 5456 5534 5536 5581 5693 5728 5912 6010 6339 6425 6432 6516 6518 6647 6702 6812 
#module 416 size: 38 bs: 0.436357
45 66 87 293 576 593 601 637 769 820 1153 1259 1427 1467 1571 1911 2015 2043 2060 2187 2475 2839 2872 3000 3670 3709 3762 3889 4053 4431 4841 4893 5861 5956 6319 6434 6667 6753 
#module 417 size: 14 bs: 0.460434
51 2155 2362 2384 3828 3848 3963 4283 4893 5339 5456 5528 6279 6320 
#module 418 size: 5 bs: 0.947449
426 562 2750 6430 6525 
#module 419 size: 22 bs: 0.674545
276 549 653 1555 1921 1923 1993 2118 2324 2688 2790 3210 3489 4054 4515 4517 4556 5005 5307 5619 6114 6604 
#module 420 size: 12 bs: 0.635581
2137 2801 2995 4833 5054 5135 5348 5382 6181 6478 6760 6885 
#module 421 size: 38 bs: 0.184564
188 202 574 813 825 1198 1383 1405 1424 1576 1700 1982 2120 2288 2663 2736 2744 2759 2773 2932 2972 2980 3078 3533 4157 4896 5359 6094 6110 6195 6227 6282 6327 6408 6474 6595 6785 6878 
#module 422 size: 9 bs: 0.753152
1160 1599 1999 2141 3542 5574 6268 6434 6443 
#module 423 size: 10 bs: 0.586125
596 773 1664 1842 2576 3787 3885 5443 5647 6567 
#module 424 size: 5 bs: 0.212483
3690 3971 4299 4701 6352 
#module 425 size: 10 bs: 1.07487
470 597 1663 1746 2658 2681 4263 4703 4849 5982 
#module 426 size: 13 bs: 0.603104
145 429 1426 2125 3212 3349 3571 3942 4023 4279 4282 5785 6744 
#module 427 size: 22 bs: 0.866978
585 663 740 760 974 1088 1129 1410 1736 1977 2558 3299 3724 3925 4005 4490 4588 5916 6144 6634 6701 6886 
#module 428 size: 21 bs: 0.788698
219 227 584 920 983 1016 1690 1894 2893 3037 3060 5034 5035 5056 5153 5486 5909 6170 6235 6277 6348 
#module 429 size: 5 bs: 0.389518
569 2858 5369 6135 6476 
#module 430 size: 9 bs: 0.493285
365 1708 1846 3918 4688 4740 6232 6398 6586 
#module 431 size: 18 bs: 0.133603
31 308 316 580 636 1706 3018 3426 3506 3701 3732 4343 4345 4608 4826 5748 5804 6642 
#module 432 size: 12 bs: 0.312297
76 269 289 803 1078 1362 1580 3589 4041 4676 5584 6053 
#module 433 size: 3 bs: 1.08605
1271 2488 2853 
#module 434 size: 7 bs: 0.612285
300 302 713 3934 4300 5936 6472 
#module 435 size: 14 bs: 0.59542
142 320 709 780 1197 3117 3200 4730 5293 5555 5618 5922 6178 6381 
#module 436 size: 75 bs: 0.136769
5 142 204 251 309 395 430 766 967 1050 1113 1241 1256 1266 1286 1622 1638 1742 1806 2012 2158 2167 2263 2296 2371 2428 2596 2637 2742 2776 2869 2874 2905 3046 3095 3167 3211 3273 3477 3505 3544 3665 3703 3917 3936 3959 3973 3984 4360 4450 4462 4603 4641 4665 4778 4836 4892 4994 5109 5128 5456 5490 5758 6002 6028 6064 6081 6141 6149 6271 6283 6471 6677 6710 6715 
#module 437 size: 10 bs: 0.946235
267 403 1181 1273 1646 2395 3557 3875 4126 4959 
#module 438 size: 14 bs: 0.112911
4 175 1414 1867 2096 2565 2863 3932 4009 4126 4466 4868 5454 5459 
#module 439 size: 36 bs: 0.140046
525 1118 1430 1872 1968 2056 2211 2295 2406 2449 2566 2622 2709 2855 2887 3081 3110 3130 3218 3248 3364 3557 3656 3869 3999 4059 4096 4174 4218 5200 5351 5430 5759 5846 5896 6153 
#module 440 size: 11 bs: 0.566859
476 1043 2343 2369 2836 3439 3541 3647 6018 6380 6680 
#module 441 size: 16 bs: 0.391636
91 260 357 1755 2060 2491 3502 3823 4064 4615 4695 4951 4981 5886 6272 6347 
#module 442 size: 46 bs: 0.260046
32 131 459 701 727 817 972 1126 1229 1412 1477 1679 1931 2013 2137 2387 2495 2531 2729 2836 3243 3292 3438 3834 3848 3850 4178 4291 4437 4458 4562 4935 4949 4974 5078 5152 5340 5375 5504 5886 5920 6112 6332 6491 6627 6731 
#module 443 size: 7 bs: 0.623348
1052 2220 2635 3422 5840 6159 6517 
#module 444 size: 17 bs: 0.955896
626 772 1322 1679 2377 3996 4103 4858 4949 5050 5100 5886 5920 6491 6627 6828 6859 
#module 445 size: 13 bs: 0.119854
746 1440 1863 2136 2286 2694 2755 3339 3913 4560 4668 5169 5281 
#module 446 size: 113 bs: 0.621885
74 118 121 146 201 297 464 465 589 677 717 718 728 793 872 1000 1026 1048 1053 1055 1072 1076 1146 1170 1214 1234 1236 1277 1278 1280 1289 1306 1349 1423 1486 1607 1776 1853 1860 1955 1972 2027 2184 2213 2224 2286 2304 2401 2439 2462 2662 2692 2731 2754 2763 2768 2864 2939 2956 3059 3105 3108 3131 3201 3642 3661 3674 3706 3916 4085 4091 4132 4199 4268 4285 4289 4290 4335 4578 4736 4752 4908 4938 5118 5224 5324 5395 5410 5467 5499 5520 5569 5582 5627 5643 5663 5664 5735 5753 5911 6045 6056 6126 6161 6184 6358 6364 6426 6583 6676 6745 6780 6891 
#module 447 size: 15 bs: 0.329201
572 837 847 1179 2094 3553 3856 4002 4408 4593 4865 5230 5636 5750 6210 
#module 448 size: 12 bs: 0.147976
1178 1562 1943 2485 2880 2946 3449 4554 4906 5150 6082 6743 
#module 449 size: 120 bs: 1.06855
121 130 146 178 286 294 297 421 521 542 589 590 677 692 724 793 837 898 913 970 1026 1048 1055 1072 1170 1234 1277 1278 1280 1289 1339 1367 1385 1423 1486 1599 1602 1607 1706 1745 1776 1820 1853 1972 1990 1996 2027 2062 2153 2213 2260 2304 2462 2586 2629 2692 2722 2731 2768 2800 2864 2939 2956 3025 3042 3059 3089 3105 3108 3185 3294 3577 3661 3668 3794 3896 4045 4091 4268 4270 4285 4335 4454 4533 4535 4556 4557 4653 4752 4756 4803 4895 4908 4938 5005 5177 5294 5301 5395 5410 5569 5582 5627 5643 5664 5735 5911 5984 6096 6165 6184 6261 6404 6583 6612 6651 6737 6785 6889 6891 
#module 450 size: 13 bs: 0.904236
1335 2432 2945 2958 3027 3291 3388 3403 3723 3781 5032 6104 6237 
#module 451 size: 14 bs: 0.635464
116 213 2481 3217 3534 3786 4045 5098 5274 5975 6493 6783 6784 6888 
#module 452 size: 12 bs: 0.117846
1437 1834 1908 2041 3017 3061 3594 4086 4468 5366 6164 6450 
#module 453 size: 28 bs: 0.232083
12 48 445 730 844 1140 1930 2202 2536 2833 2875 3424 3554 4280 4391 4491 4504 4598 4643 4880 4909 5594 5800 5890 5914 6033 6579 6891 
#module 454 size: 21 bs: 0.960223
256 447 675 811 1147 1282 1908 1963 2093 2962 3104 3212 3524 3573 4207 4355 4424 4878 5606 6134 6603 
#module 455 size: 18 bs: 0.770518
361 1122 1912 1928 2144 2338 2352 2492 2919 4351 4672 4980 4986 5248 5465 5644 6364 6436 
#module 456 size: 6 bs: 0.14635
1614 1703 2689 3284 4975 6346 
#module 457 size: 13 bs: 1.07083
141 281 835 1361 2206 2568 3451 4331 4496 4915 6275 6393 6555 
#module 458 size: 10 bs: 0.763797
919 1904 3035 3338 3508 4219 4792 5801 5878 6574 
#module 459 size: 11 bs: 0.127548
228 1563 1683 1949 2064 2182 2982 4184 4320 4710 5162 
#module 460 size: 46 bs: 0.318673
150 182 214 533 683 814 985 1110 1112 1269 1782 1801 1886 2111 2277 2351 2396 2424 2664 2901 2951 3041 3162 3232 3240 3332 3802 3902 3943 4030 4139 4255 4271 4542 4585 4625 4876 4910 4941 5157 5444 5805 5891 6318 6371 6861 
#module 461 size: 24 bs: 0.239437
1037 1673 1743 1840 1845 1855 2305 2724 2883 3049 3088 3151 3500 3635 4246 4737 4848 4866 4998 5163 5362 5668 6043 6872 
#module 462 size: 9 bs: 1
810 1792 2135 2162 2238 5132 5233 5967 6573 
#module 463 size: 17 bs: 0.922187
172 303 326 588 1329 2078 2638 3472 3754 3949 4287 5190 5930 6462 6673 6721 6769 
#module 464 size: 23 bs: 0.591609
238 462 733 1768 2174 2465 2550 2559 2718 2836 3044 4162 4242 4470 4801 5057 5378 5557 5635 6020 6090 6162 6577 
#module 465 size: 15 bs: 1.07486
664 1310 3366 3620 3764 3782 3827 4325 4477 4591 5284 5953 6249 6330 6337 
#module 466 size: 11 bs: 0.172318
41 1514 2435 2933 3178 3365 4292 4804 4871 5550 6715 
#module 467 size: 35 bs: 0.493428
33 48 117 267 669 920 984 1279 1386 1388 1684 2538 2612 3059 3194 3619 3865 4138 4158 4367 4391 4852 4954 4959 5152 5171 5408 5432 5524 5554 5742 5986 6209 6509 6650 
#module 468 size: 9 bs: 0.422315
2181 2404 3856 3905 4375 5981 6092 6231 6601 
#module 469 size: 26 bs: 0.316586
1054 1212 1337 1545 1866 1933 1998 2129 2496 3152 3287 3418 3655 3879 4076 4482 4626 4757 4822 4857 5175 5773 6032 6063 6221 6552 
#module 470 size: 35 bs: 0.358324
18 620 644 788 1295 1392 1755 1761 1814 1910 2011 2098 2299 2309 2823 3231 3265 3323 3452 3514 4361 4414 4415 4476 4577 5231 5440 5531 5773 5949 6297 6310 6455 6598 6724 
