#module 0 size: 9 bs: 0.922466
285 409 461 485 517 578 579 591 598 
#module 1 size: 35 bs: 0.411429
11 56 59 69 72 97 103 113 119 123 132 133 151 178 192 252 258 292 300 302 303 306 348 369 386 393 406 479 501 515 523 548 566 589 603 
#module 2 size: 17 bs: 0.407672
19 32 34 82 90 93 100 160 199 307 343 368 392 421 496 509 553 
#module 3 size: 29 bs: 0.763251
61 68 108 122 150 181 188 221 228 236 280 286 309 313 362 380 389 391 401 404 425 441 452 455 506 550 577 580 605 
#module 4 size: 22 bs: 0.897475
4 18 31 45 54 174 180 265 273 314 338 396 407 445 450 460 502 557 571 581 585 606 
#module 5 size: 39 bs: 0.173792
21 28 37 42 63 87 99 107 130 167 195 230 233 257 264 305 311 315 325 340 342 357 398 406 419 446 456 457 465 467 474 475 499 503 516 539 545 569 597 
#module 6 size: 33 bs: 0.988073
2 12 50 84 111 142 152 155 157 237 249 271 292 312 322 326 327 328 345 372 394 408 411 414 474 478 481 489 492 495 536 537 601 
#module 7 size: 25 bs: 1.01444
37 44 49 52 86 94 107 111 115 117 189 193 197 205 218 374 379 387 433 443 535 554 567 593 600 
#module 8 size: 38 bs: 1.08342
74 88 91 98 116 129 137 147 184 197 207 212 246 261 268 319 336 355 358 375 403 405 434 435 453 464 477 482 486 519 530 543 570 574 582 584 586 588 
#module 9 size: 46 bs: 0.137366
25 30 71 79 83 127 146 159 166 168 177 190 202 206 210 211 222 224 229 239 242 247 251 254 256 276 281 287 289 291 397 402 413 415 437 439 473 493 494 497 511 513 551 555 576 587 
#module 10 size: 39 bs: 0.211721
7 46 64 73 75 81 83 96 102 106 127 131 134 146 159 163 190 198 208 211 215 223 242 270 291 321 323 352 487 504 512 524 538 541 542 546 555 561 595 
#module 11 size: 36 bs: 0.257681
37 47 85 87 125 136 143 148 175 184 191 207 216 225 233 248 310 350 378 383 399 426 430 457 469 476 480 508 518 530 552 572 573 575 584 590 
#module 12 size: 18 bs: 0.338373
9 48 53 123 135 165 272 279 283 294 308 331 361 370 373 420 424 560 
#module 13 size: 69 bs: 1.02613
1 5 6 10 15 20 22 24 26 35 39 43 51 57 58 65 76 78 89 102 110 118 120 126 128 140 141 149 169 170 172 186 201 213 231 241 245 262 263 266 269 273 278 290 293 346 353 360 371 373 385 395 420 422 424 431 442 444 459 460 505 512 514 525 532 564 568 583 606 
#module 14 size: 13 bs: 0.527156
41 66 194 204 341 354 356 377 472 500 558 563 602 
#module 15 size: 33 bs: 0.657064
4 17 33 55 121 138 144 153 176 182 203 209 226 243 259 260 284 288 301 329 333 359 364 367 400 412 417 429 498 520 529 544 549 
#module 16 size: 36 bs: 1.03733
23 27 40 60 105 109 112 185 209 217 219 220 234 235 236 240 246 250 267 275 282 288 318 320 330 334 335 344 367 418 423 440 448 462 533 562 
#module 17 size: 40 bs: 0.84253
3 20 70 80 101 104 118 128 141 145 149 156 161 171 186 187 203 238 244 245 260 296 297 301 304 363 376 381 385 416 428 438 451 459 466 507 510 544 559 592 
#module 18 size: 16 bs: 0.50185
3 13 16 92 124 196 277 332 351 432 436 449 463 468 484 556 
#module 19 size: 58 bs: 0.468781
8 14 15 29 36 38 51 62 67 77 95 114 154 158 162 164 179 183 196 200 214 253 255 274 279 295 298 316 324 337 339 347 366 382 384 410 427 428 447 454 455 458 462 471 483 490 506 521 522 526 527 528 534 540 560 562 599 607 
#module 20 size: 28 bs: 1.09989
105 109 139 173 227 232 250 267 282 286 298 299 313 317 349 365 388 390 470 480 488 491 531 547 565 594 596 604 
