#module 0 size: 3 bs: 0.000126736
1701 2269 7851 
#module 1 size: 5 bs: 0.514559
1368 1472 2540 3278 10690 
#module 2 size: 9 bs: 0.533069
2661 2721 2811 4527 6752 7002 8414 9053 12516 
#module 3 size: 164 bs: 0.619885
59 304 491 561 729 802 818 836 933 968 1063 1099 1103 1139 1269 1359 1384 1433 1448 1487 1552 1571 1639 1696 1979 1996 2065 2136 2279 2421 2481 2500 2545 2550 2585 2746 2766 2769 2813 2822 2835 2839 2855 2939 2982 3008 3051 3191 3346 3348 3400 3417 3586 3605 3622 3658 3806 3833 3869 3871 3964 3966 3993 4205 4367 4380 4384 4385 4477 4486 4532 4563 4564 4736 4880 4927 4952 5065 5154 5160 5225 5377 5566 5575 5673 5694 5752 5758 5780 5820 6041 6251 6306 6336 6344 6380 6393 6528 6529 6530 6610 6614 6744 6746 6819 6901 6951 7076 7220 7265 7300 7321 7471 7555 7578 7696 7736 7803 7885 7997 8003 8014 8023 8203 8227 8265 8372 8381 8464 8502 8526 8541 8555 8693 8812 8830 8948 8950 9165 9216 9359 9382 9442 9662 9896 9963 9964 9994 10032 10203 10239 10378 10433 10444 10447 10515 10577 10625 10815 10885 10951 11070 11712 12510 
#module 4 size: 11 bs: 0.516616
1179 2183 2621 3925 6101 6532 6555 6987 7427 8186 9905 
#module 5 size: 16 bs: 0.219548
1249 1734 1898 2466 4285 4460 4602 4956 5011 5713 6258 8345 8772 10807 11119 11216 
#module 6 size: 5 bs: 1.04036
79 1748 2317 5325 11696 
#module 7 size: 6 bs: 0.543032
267 2797 4689 5344 11255 11643 
#module 8 size: 4 bs: 0.177104
1345 1847 4650 6055 
#module 9 size: 11 bs: 0.915754
918 1823 4415 4725 6525 6560 7616 8595 9385 10195 10422 
#module 10 size: 4 bs: 0.532485
90 2785 3792 9751 
#module 11 size: 5 bs: 0.381454
2677 5576 7493 8732 9531 
#module 12 size: 15 bs: 0.631472
232 929 1003 1154 1816 2135 4049 4383 5226 5749 6479 6696 6995 8420 9405 
#module 13 size: 9 bs: 0.573549
29 3766 3971 4504 4656 6282 8287 10118 10631 
#module 14 size: 9 bs: 0.750523
1630 2062 5041 5770 5956 6690 6981 11532 12762 
#module 15 size: 8 bs: 0.704242
1807 3222 3875 3918 5173 6807 7213 10830 
#module 16 size: 42 bs: 0.466731
678 813 993 1030 1143 1150 1299 1333 1561 1650 1802 1854 2184 2640 3063 3361 3375 3463 3524 3679 3690 4231 4276 4688 4945 5315 5440 5765 5918 6335 6848 7952 8671 8766 8782 9162 9364 10238 10672 10751 11018 11694 
#module 17 size: 15 bs: 0.848073
52 474 1057 2019 3305 3795 4772 5020 6477 6886 7554 9096 9108 9675 10532 
#module 18 size: 34 bs: 0.671524
278 966 1556 1744 1960 2486 2658 2750 2795 3516 3638 3722 4068 4571 5181 5276 5526 5992 6014 6278 6533 6719 6782 7173 8095 8182 8498 9131 9270 9528 10167 10295 10779 10862 
#module 19 size: 19 bs: 0.127346
672 806 1556 1572 1800 2155 2527 2980 3180 3509 3996 4993 5928 6266 7688 7961 8156 9475 9630 
#module 20 size: 19 bs: 0.729074
1859 2537 3369 3711 4939 5265 5662 5808 6691 7717 7816 7827 8890 9086 9304 10332 12582 12586 12725 
#module 21 size: 10 bs: 0.110388
1324 2255 2803 3286 4093 5152 5986 6573 11273 12881 
#module 22 size: 35 bs: 0.469825
52 243 389 1462 1477 1595 1694 2498 2643 2904 3125 3200 3363 3665 3693 3888 3957 4212 4216 4550 5658 6157 7007 7298 7656 7668 8433 8675 9042 9423 10037 10185 10541 11001 11027 
#module 23 size: 11 bs: 0.532447
76 1276 1319 2040 3311 5091 6874 6984 8090 8573 8740 
#module 24 size: 34 bs: 1.00235
563 866 1494 1592 1735 1973 2419 2875 2927 2974 3546 3677 4198 4423 4724 4860 5525 5595 6448 6890 7778 8248 8422 9045 9120 9394 9583 9661 9664 9989 10011 10068 10253 10583 
#module 25 size: 155 bs: 0.188968
19 228 237 353 581 634 676 803 871 884 893 901 969 1144 1153 1217 1327 1360 1457 1502 1689 1702 1989 2115 2131 2236 2285 2303 2375 2418 2488 2528 2595 2597 2605 2625 2632 2668 2793 2883 2915 2921 2988 2991 3016 3233 3266 3345 3354 3412 3556 3561 3633 3636 3662 3727 3768 3840 3853 3896 3905 3936 3946 4051 4080 4089 4158 4207 4219 4362 4418 4477 4619 4629 4672 4713 4816 4876 4906 4964 4985 5016 5106 5128 5302 5328 5361 5405 5511 5622 5871 5878 5881 5882 6121 6137 6234 6285 6469 6680 6747 6773 6810 6823 7182 7207 7353 7408 7415 7455 7458 7459 7463 7477 7486 7568 7593 7657 7683 7831 7885 7904 8055 8132 8367 8438 8500 8661 8678 9015 9080 9112 9143 9178 9202 9206 9224 9300 9449 9546 9579 9682 10121 10425 10427 10480 10613 10718 10808 10882 11088 11259 11419 12505 12654 
#module 26 size: 26 bs: 0.14015
405 794 1072 1174 1355 1757 1870 4324 5487 6868 6928 7060 7515 7580 8442 8467 8607 8794 9003 9486 9513 9912 10322 10379 10639 10728 
#module 27 size: 62 bs: 0.669223
57 601 816 867 919 1124 1185 1197 1318 1903 2056 2175 2268 2619 2674 2716 2924 3118 3130 3205 3268 3486 3684 4075 4141 4194 4311 4584 4704 4912 5153 5368 5402 5444 5673 5748 5900 5989 6070 6549 6556 6585 6717 6791 7171 7626 7840 8124 8323 8402 8599 9595 9732 10151 10608 10695 10873 11372 11393 11435 11551 12594 
#module 28 size: 4 bs: 0.673071
3044 4325 4556 6721 
#module 29 size: 34 bs: 0.646412
257 258 1020 1349 1432 1557 1687 1788 2151 2586 2609 2753 2871 3518 3571 3589 3652 5071 5712 5755 5903 6160 6511 7097 8429 8528 8803 9480 10018 11008 11380 11429 11540 11703 
#module 30 size: 53 bs: 0.498109
16 206 378 447 1387 1503 1587 1657 1720 1733 2027 2078 2133 2461 2465 2525 2938 3403 3413 3423 3698 3717 3962 3977 4208 4387 4581 4679 4984 5339 5413 5547 5625 5847 5924 6385 6604 6846 7270 7510 8080 8179 8243 8475 8749 8820 9543 9784 9890 10461 10568 11096 12162 
#module 31 size: 27 bs: 0.839779
1301 1402 1459 1616 1825 2017 3007 3147 3478 3709 4424 4599 4621 5036 5879 6128 6707 7770 7811 8140 8688 9091 9099 9424 9924 10068 11480 
#module 32 size: 23 bs: 0.441231
686 687 999 1291 1308 1508 2959 3516 3578 4200 4680 4961 5723 6512 6638 6765 8168 8276 9288 9648 10377 10797 11117 
#module 33 size: 48 bs: 0.233789
920 949 1024 1093 1455 1647 1921 2609 2762 3101 3581 3671 3785 3988 4003 4207 4215 4448 4487 4716 4950 4951 5054 5998 6045 6147 7071 7285 7662 7791 7879 7930 8111 8329 8364 8493 8734 9095 9128 9296 9515 9550 10048 10405 10858 10899 10931 11106 
#module 34 size: 44 bs: 1.04072
75 466 1091 1191 1292 1884 1897 2055 2177 2250 2297 2402 2515 2635 3247 3289 3310 3379 3410 3441 3473 3482 3587 4039 4090 4729 4889 5113 5348 5484 5544 6523 6649 6957 7275 7963 8086 8135 8245 9145 9185 9315 10024 10244 
#module 35 size: 25 bs: 0.902891
645 805 1075 1703 2247 2331 2365 2379 2418 2506 2991 3325 3896 4647 4824 4847 5213 5653 6228 6270 6789 7461 8351 11208 12514 
#module 36 size: 43 bs: 0.812374
65 580 593 594 707 867 976 1079 1206 2166 2376 2420 2610 2667 3426 3939 4203 4861 4887 5289 5736 5994 6628 7154 7308 7400 7409 7751 7955 8098 8107 8302 9075 9116 9277 9410 10199 10254 10496 10581 10834 10927 11782 
#module 37 size: 23 bs: 0.21609
59 1935 2357 2453 2548 2776 2813 2914 3342 3370 4330 4687 4888 4916 7441 7703 7907 9254 9989 10909 11009 11111 12653 
#module 38 size: 8 bs: 0.471703
4908 5061 5539 6780 7444 8480 9418 10691 
#module 39 size: 5 bs: 0.42689
3035 3067 7849 8723 9186 
#module 40 size: 22 bs: 0.591004
222 665 717 1738 1926 3398 3567 4537 4670 5266 5363 5904 6123 6458 6608 6784 7196 7462 7628 9967 10058 10963 
#module 41 size: 43 bs: 0.811986
521 1044 1303 1559 1944 2344 2727 3407 3673 3687 4058 4242 4738 4878 4972 5108 5206 5556 5635 5813 5885 5983 6110 6437 6463 7472 7581 7941 8256 8266 8406 8545 8753 8805 9232 9468 9495 9588 10054 10923 10926 11012 11475 
#module 42 size: 11 bs: 0.206081
199 1313 2779 3333 3385 5303 5353 5392 6534 7779 13043 
#module 43 size: 51 bs: 1.02478
862 1029 1096 1569 1739 1806 1882 1924 2086 2443 2450 2824 2838 2846 3042 3682 3796 3952 4037 4312 4409 4508 4635 4833 5321 5397 5509 5667 5721 5764 5873 5935 6065 6212 6375 6733 6943 7590 7723 8053 8103 8315 8391 8552 8557 8828 8975 10107 10308 10660 11203 
#module 44 size: 108 bs: 0.757624
73 278 304 491 720 721 765 826 852 856 1045 1099 1127 1298 1552 1644 1777 1813 1991 2136 2195 2644 2659 2819 2862 2892 2977 3008 3038 3088 3129 3151 3348 3479 3586 3758 3798 3964 4249 4255 4296 4385 4399 4507 4698 4712 4766 4858 4877 4927 5122 5168 5377 5629 6041 6234 6251 6275 6417 6464 6522 6565 6746 6899 6934 6951 7076 7212 7471 7578 7718 7736 7798 7881 7882 7885 8116 8199 8203 8260 8264 8312 8425 8502 8507 8779 8934 8974 9069 9231 9609 9753 9813 9963 9964 10032 10341 10444 10445 10508 10566 10660 10854 10992 11024 11232 11400 11584 
#module 45 size: 69 bs: 0.114585
303 517 791 1028 1038 1092 1147 1160 1161 1238 1416 1484 1543 1613 1722 1778 2068 2234 2292 2442 2691 2918 3217 3740 3843 3899 3994 4052 4072 4076 4139 4402 4525 4642 4796 5022 5202 5499 5752 5818 5836 5984 6007 6151 6315 6358 6382 6471 7021 7435 7749 8080 8119 8305 8318 8365 8791 8995 9332 9370 9674 9691 9961 10137 10317 10707 10783 11083 12629 
#module 46 size: 9 bs: 0.283273
1406 2406 2433 2725 3056 4941 6950 7049 7541 
#module 47 size: 29 bs: 0.964485
28 808 1287 1458 1739 2021 2137 2950 3356 3890 4577 5004 5464 5758 5912 6091 6375 6665 7412 7543 7599 8001 8200 8271 8488 9950 10683 11140 12741 
#module 48 size: 20 bs: 0.703708
709 1245 1528 1805 2508 2588 3105 4006 4292 4445 4742 5242 5458 5732 6600 7048 8059 8150 11413 12545 
#module 49 size: 15 bs: 0.787511
1333 1626 1835 2445 3943 4540 4982 5053 5979 7130 7242 7625 8542 9161 12642 
#module 50 size: 39 bs: 0.224979
543 1325 1332 1808 1951 2382 2392 2411 2479 2714 2847 3036 3544 4097 4151 4522 4536 4669 4747 5601 6133 6489 6504 6505 7058 7410 7502 7825 7898 7935 8632 9167 10045 10125 10143 10220 10250 11021 13039 
#module 51 size: 29 bs: 0.7296
443 963 1335 1385 1772 1987 2218 2507 2821 3303 3547 3743 3793 5162 5208 5367 5573 5895 6255 6339 6817 7003 8001 8200 9663 9763 10047 10070 11962 
#module 52 size: 18 bs: 0.568304
1663 3224 4335 4552 5687 5796 5901 6841 7783 8017 8465 8523 8581 10130 10134 10554 10900 11155 
#module 53 size: 44 bs: 0.915702
764 931 972 1087 1278 1517 1545 1677 1862 1992 2202 2264 2616 2967 3021 3058 3071 3566 3819 4353 4486 4519 4735 4760 4989 5292 5647 5689 5694 6131 6451 7299 7356 7597 8332 8724 9363 9653 9716 9973 10267 10292 10587 10684 
#module 54 size: 17 bs: 0.395774
51 494 2093 2346 2609 3051 5636 5932 6032 6158 6587 7042 7596 9149 10204 11186 11481 
#module 55 size: 62 bs: 0.218204
925 1202 1306 1347 1477 1560 1776 1929 2069 2242 2465 2541 2766 3166 3433 3548 3615 3850 4340 4630 4697 4862 4865 5189 5431 5434 5461 5498 5561 5624 5886 6350 6456 6616 6646 6923 7011 7086 7187 7447 7546 8110 8584 8604 8672 8750 8802 8820 9071 9083 9287 9561 9689 9726 9747 10179 10344 10708 10753 10904 11006 11556 
#module 56 size: 17 bs: 0.204149
200 2060 2652 3119 3552 3909 5964 6751 7163 7229 7990 8184 8544 9795 9902 10622 11020 
#module 57 size: 26 bs: 0.684167
33 768 1310 1463 1618 1931 2018 2430 2857 3168 3595 4730 5121 5204 5569 6316 6366 6942 7169 7344 7550 7968 8159 9569 10201 10265 
#module 58 size: 16 bs: 0.546024
227 767 923 1204 1208 1782 3129 3381 3438 4695 4754 5040 8566 10737 11007 12506 
#module 59 size: 7 bs: 0.139627
6116 7148 7422 8895 9064 9886 10991 
#module 60 size: 7 bs: 0.578997
541 2432 5652 6320 7627 8684 11172 
#module 61 size: 26 bs: 0.778388
1009 1890 2256 2492 2760 3261 3351 3863 4416 4554 4822 5309 6202 6654 6980 7144 8166 8277 8510 8669 8774 8815 9016 9199 9547 10784 
#module 62 size: 8 bs: 0.558917
4192 4396 5209 6095 6190 8121 9150 9539 
#module 63 size: 19 bs: 0.566851
244 464 689 714 817 2590 2833 4449 4663 4752 5027 5517 5997 6119 8078 9213 9637 11152 11497 
#module 64 size: 26 bs: 0.967013
21 166 460 1747 1888 1919 3992 4370 4606 4615 5428 5909 6286 6831 6983 7038 7155 7287 7563 7629 8508 8743 9268 9390 9933 10112 
#module 65 size: 35 bs: 0.632831
593 782 1215 1485 1672 1709 1820 1966 2120 2671 3836 4070 4357 5335 5343 5771 5815 6042 6155 6381 6425 6493 6613 6869 7209 7575 7800 8058 8301 8621 8915 9047 10403 10697 10948 
#module 66 size: 17 bs: 0.22196
48 169 236 463 608 1107 1158 3660 3999 5450 6342 6675 6676 7246 9775 10519 10546 
#module 67 size: 45 bs: 0.891276
1129 1726 1867 2076 2113 2297 2378 2567 2858 3316 3368 3394 3623 3800 4108 4118 4356 4413 4921 4925 5110 5188 5359 5927 5952 6002 6012 6034 6060 6250 6279 6329 6575 7380 7744 7788 8085 8525 8556 8771 8987 10241 10689 10983 10997 
#module 68 size: 10 bs: 0.190549
567 2229 2478 2669 4852 6304 6651 8269 9919 10939 
#module 69 size: 14 bs: 0.14926
1104 2396 2602 5224 5342 5400 5491 5551 8036 8326 8458 8591 11141 11418 
#module 70 size: 50 bs: 0.679478
191 508 640 940 1055 1162 1977 2009 2555 2753 3219 3435 3500 3641 3765 3774 3788 3797 4189 4191 5473 5538 5574 5660 6080 6268 6274 6283 6607 6660 6845 6870 7179 7238 7270 7310 7522 7817 7860 8148 8259 8645 9174 9366 9482 10045 10662 11079 11425 12595 
#module 71 size: 111 bs: 0.870912
17 40 403 517 683 789 854 933 955 1010 1025 1065 1106 1160 1220 1222 1243 1244 1254 1342 1405 1427 1484 1530 1567 1609 1708 1722 1778 1936 1998 2216 2245 2292 2389 2428 2533 2783 2863 2876 2885 2908 3196 3336 3454 3843 3874 3877 4033 4214 4381 4442 4603 4653 4781 4859 4903 4959 5135 5220 5255 5327 5334 5389 5514 5542 5552 5591 5677 5688 5760 5768 5856 5919 6209 6357 6743 6816 7006 7195 7544 7557 7837 8080 8306 8365 8630 8782 8791 8875 8889 9019 9063 9263 9272 9277 9294 9316 9370 9478 9601 9674 9872 9975 9977 10100 10792 10925 10935 11171 13081 
#module 72 size: 38 bs: 0.429651
604 834 974 1077 1358 1373 1422 1606 1858 2070 2232 2615 2767 2913 3122 3516 3790 4002 4085 4530 4580 4723 5172 5670 6035 6333 6349 8224 8625 8956 8983 9629 10096 10133 10299 10384 10810 11222 
#module 73 size: 52 bs: 0.918881
673 1445 1946 2086 2388 2504 2781 2838 3015 3022 3073 3409 3719 4036 4138 4232 4235 4301 4342 4456 4555 4616 4634 4825 5341 5462 5490 5521 5973 6085 6384 7160 7248 7266 7526 7810 7826 8042 8228 8368 8474 8539 9020 9458 9750 9788 10039 10454 10735 11108 11109 12854 
#module 74 size: 44 bs: 0.862632
759 829 896 967 1344 1357 1902 2042 2109 2162 2322 2362 2472 2490 2597 3050 3124 3169 3334 3727 3896 4080 4590 4711 4964 5546 5646 6244 6815 7459 7593 7613 7853 8215 9202 9326 9334 9372 9893 10233 10718 10855 10944 11120 
#module 75 size: 179 bs: 0.302152
67 84 381 507 606 724 814 837 869 990 1018 1047 1082 1127 1134 1157 1165 1176 1223 1305 1351 1399 1400 1420 1428 1434 1440 1520 1586 1612 1623 1631 1698 1699 1710 1742 1812 2024 2048 2143 2147 2277 2301 2328 2448 2467 2471 2653 2660 2706 2808 2839 2859 2901 2936 2988 3017 3259 3309 3448 3456 3565 3577 3616 3621 3735 3926 4094 4121 4168 4190 4201 4253 4270 4368 4483 4528 4683 4942 5003 5037 5039 5045 5156 5323 5346 5371 5590 5666 5678 5761 5851 5858 5908 5987 6044 6057 6061 6064 6490 6531 6562 6648 6755 6855 7165 7191 7258 7274 7413 7457 7480 7535 7553 7672 7762 7771 7823 7835 7847 7920 7932 8010 8047 8069 8101 8162 8164 8196 8229 8242 8289 8316 8529 8557 8775 8819 8835 8865 8886 9004 9055 9251 9459 9494 9526 9544 9610 9720 9757 9858 9956 10002 10051 10057 10064 10135 10181 10224 10324 10325 10345 10556 10620 10668 10711 10771 10824 10866 10936 11032 11125 11146 11180 11182 11714 11788 11885 13004 
#module 76 size: 61 bs: 0.167966
77 265 842 898 1187 1787 1841 2044 2373 2843 2976 3276 3322 3332 3553 3726 3741 3816 3921 3950 3954 4010 4051 4286 4684 4713 5120 5310 5447 5769 5812 5861 6013 6072 6256 6469 6852 7102 7112 7177 7577 7614 7719 7976 7978 8380 8496 8536 8617 8716 9554 9679 9984 10169 10266 10658 10928 11118 11487 11501 12639 
#module 77 size: 213 bs: 1.03715
8 22 98 278 333 507 561 573 596 606 869 888 983 1027 1036 1045 1127 1161 1165 1298 1308 1354 1377 1425 1499 1523 1603 1638 1640 1695 1699 1710 1713 1795 1893 2001 2037 2065 2071 2143 2192 2195 2277 2400 2426 2470 2500 2521 2639 2788 2855 2862 2959 3078 3102 3258 3308 3309 3417 3444 3479 3511 3521 3529 3595 3674 3677 3753 3758 3781 3791 3826 3884 4014 4019 4025 4091 4095 4200 4206 4228 4249 4282 4385 4412 4464 4483 4521 4528 4579 4620 4631 4683 4685 4784 4808 4927 4970 5052 5123 5156 5279 5308 5449 5460 5495 5695 5853 5857 6025 6039 6144 6236 6264 6306 6311 6325 6442 6562 6591 6609 6614 6956 6965 6982 6985 7127 7166 7212 7300 7318 7321 7325 7377 7395 7413 7480 7483 7532 7535 7559 7568 7675 7701 7773 7900 7920 7950 8114 8196 8242 8265 8280 8284 8541 8596 8737 8785 8788 8819 8835 8950 8974 8985 9080 9152 9251 9256 9382 9639 9711 9720 9757 9838 9852 9948 9960 9963 9994 10002 10003 10014 10040 10135 10147 10156 10222 10226 10348 10393 10447 10473 10556 10576 10635 10645 10659 10668 10771 10808 10813 10866 10947 11011 11015 11024 11032 11146 11169 11266 11366 11482 11483 
#module 78 size: 14 bs: 0.374704
3074 3521 3776 3837 6113 6440 6904 6944 8382 8962 9397 10303 10356 10628 
#module 79 size: 10 bs: 0.428952
1437 3371 4217 4371 6753 6919 6927 7516 8882 10647 
#module 80 size: 37 bs: 0.908909
471 885 961 1141 1155 1791 1869 1903 2239 2409 2486 2558 2739 2845 2848 3127 3201 3372 4938 5821 5844 6239 6331 7240 7359 7498 7795 8175 8234 8303 8949 9506 9891 10205 10221 10264 11565 
#module 81 size: 5 bs: 1.09715
1392 2573 3514 5452 8836 
#module 82 size: 31 bs: 0.881838
783 1132 1415 1724 2067 2173 2332 2607 2700 2917 3033 3973 4475 4652 5496 5605 5995 6602 6916 6929 7552 7649 7949 8554 8780 8821 9607 9640 10759 10887 11595 
#module 83 size: 59 bs: 0.260702
18 37 232 554 562 873 960 1475 1497 1719 1756 1797 2157 2525 2584 2764 2912 2999 3251 3424 3580 4046 4365 4410 4925 5089 5133 5211 5273 5913 6018 6038 6203 6248 6272 6284 6606 6693 6725 6745 7151 7448 7673 7713 7856 7992 8076 8420 8850 8938 9301 9405 9489 9508 9867 10247 10654 10886 11635 
#module 84 size: 37 bs: 0.913043
242 811 1132 1398 1441 1649 1832 1886 2077 2164 2193 2412 2437 2473 2664 2815 2947 3280 3392 3854 4462 4485 5637 5936 6186 8029 8361 8447 8663 9208 10164 10259 10525 10617 10945 11153 11678 
#module 85 size: 69 bs: 0.795277
202 375 479 540 766 1061 1167 1490 1625 1662 1801 1894 1929 1953 2090 2281 2922 3049 3164 3285 3639 3733 3916 3961 3975 4211 4239 4388 4438 4448 4474 4567 4586 4638 4966 5261 5446 5481 5609 6075 6582 6722 6918 7237 7824 7857 7977 8066 8370 8501 8675 8945 8965 8999 9021 9212 9414 9440 9487 9646 9743 10281 10723 10787 10825 10917 11130 11213 11733 
#module 86 size: 31 bs: 0.818161
632 924 984 1287 1383 1394 1431 1643 2008 2079 2576 2751 3063 3317 3498 3606 4004 4233 5021 5272 5275 5704 6154 6629 7005 8538 9604 9723 9887 10799 11613 
#module 87 size: 159 bs: 0.901844
658 868 907 914 954 1033 1205 1286 1467 1505 1525 1532 1573 1627 1655 1682 1700 1738 1754 1790 1851 1918 2002 2011 2023 2030 2083 2096 2163 2208 2368 2485 2496 2507 2574 2636 2639 2655 2709 2720 2733 3036 3047 3148 3226 3246 3304 3522 3563 3633 3716 3777 3868 3886 4117 4187 4204 4246 4269 4347 4469 4478 4593 4609 4643 4755 4768 5008 5038 5066 5074 5122 5141 5234 5287 5373 5581 5599 5675 5710 5718 5867 5921 5970 6037 6165 6168 6369 6388 6390 6552 6669 6688 6727 6821 6889 6925 7107 7126 7260 7321 7407 7442 7470 7499 7556 7588 7814 7820 7875 7892 8208 8246 8261 8495 8590 8653 8685 8792 8801 8804 8892 8932 9172 9225 9456 9483 9535 9572 9620 9766 9860 9896 10012 10021 10023 10049 10140 10165 10239 10300 10329 10363 10392 10511 10586 10609 10704 10769 10842 10875 10980 11015 11031 11162 11175 12494 12609 12878 
#module 88 size: 34 bs: 0.713687
547 789 1180 1530 2390 2452 2545 2553 3445 3464 3757 4007 5375 5841 6290 6782 6832 6895 7025 7125 7135 7687 7837 8100 8183 8252 8639 8761 9036 9601 9677 9897 11025 12966 
#module 89 size: 29 bs: 0.777407
210 939 1646 2025 2238 2897 3315 3343 3807 4268 4458 4546 4726 5241 5745 5890 6627 6954 7368 7685 7859 8016 8021 8104 8250 8720 9969 10067 10593 
#module 90 size: 48 bs: 0.73564
225 388 400 653 1037 1393 1426 1510 1624 1774 2877 2968 3111 3239 3647 3951 4136 4489 4661 4750 4928 4947 5190 5306 5477 5606 5644 5680 5785 6317 6318 6363 6616 6664 6777 7973 8167 8888 9017 9028 9103 9353 9490 9972 10601 10674 12518 12690 
#module 91 size: 55 bs: 1.01257
15 768 1407 1488 1493 1531 1678 1972 1974 2212 2577 2578 2994 2998 3106 3192 3222 3255 3570 3683 3696 3864 3940 3941 4544 4707 4910 5116 5271 5893 6089 6114 6301 6686 6843 7014 7288 7340 7373 7519 7790 7919 8605 8671 8920 9183 9215 9292 9792 9831 10055 10362 10399 11133 11405 
#module 92 size: 31 bs: 0.657251
3 622 1067 1149 1296 1312 1355 1767 2079 2203 2290 2524 3185 3203 3220 3240 3610 4801 5023 5679 5754 6309 6839 7700 8186 8837 9446 10327 10721 10744 11010 
#module 93 size: 55 bs: 0.13041
311 1110 1489 1932 2489 2816 2844 2879 3009 3052 3093 3235 3583 3686 3955 4022 4100 4377 4512 4920 5570 5661 5797 5944 6230 6459 6494 6514 6674 6842 6955 7393 7635 7658 7785 8035 8489 8750 8768 8858 9093 9667 9771 9957 10355 10754 10789 10869 10906 11463 12264 12511 12573 12683 12903 
#module 94 size: 34 bs: 0.704415
262 886 917 1073 1956 2806 2916 3257 3462 3558 3646 3754 4597 5030 5102 5139 6952 7168 7372 9062 9089 9376 9381 9516 9656 9986 10099 10211 10219 10404 10407 10783 10796 11695 
#module 95 size: 48 bs: 0.306385
16 173 329 777 1322 1451 1549 1628 1863 1943 2053 2089 2097 2145 2270 2758 2973 3126 3171 3469 3495 3812 3815 3982 3995 4175 4626 5024 5139 5438 5594 6404 6667 6692 6786 6938 6981 7109 7482 7622 8063 8309 8441 8457 8838 9868 10197 10795 
#module 96 size: 8 bs: 0.812654
2119 3594 4790 5340 5566 5672 6853 7555 
#module 97 size: 22 bs: 0.326122
865 1912 2438 2523 3575 4223 5013 5025 5489 5632 6145 6162 6297 6300 6977 7323 7565 7760 7889 9354 9453 10663 
#module 98 size: 25 bs: 0.176507
1274 2215 2676 2860 3023 3178 3230 3485 3781 3949 4434 4999 5134 5854 6538 7606 7727 8311 8813 9341 9386 9726 9884 10434 11160 
#module 99 size: 48 bs: 0.987337
971 980 1153 1191 1217 1454 1498 1542 1887 1947 2191 2287 2349 2528 2752 2802 2820 3109 3559 3561 3879 4163 4731 5665 5671 5727 5907 6019 6887 7467 7468 7652 7659 7921 8127 8130 8477 8748 9144 9228 9324 9914 10174 10321 10859 10980 11031 11581 
#module 100 size: 72 bs: 0.671329
41 613 619 982 1007 1014 1105 1316 1350 1435 1450 1596 1789 1798 1850 1874 2088 2189 2361 2422 2480 2564 2580 2736 2801 2872 3132 3199 3291 3328 3331 3397 3602 3631 4177 4323 4345 4470 4529 4565 4704 4917 5132 5180 5659 5898 6362 7037 7051 7052 7293 7414 7656 8012 8075 8703 8883 8972 9007 9094 9745 9845 9916 10124 10316 10382 10386 10492 10514 10528 11215 11372 
#module 101 size: 15 bs: 0.369097
276 2934 3145 4654 5311 5607 6399 7077 7113 7506 8385 8589 9551 10234 11124 
#module 102 size: 54 bs: 0.480342
74 905 915 1224 1265 1579 1990 2111 2304 2410 2495 2501 2606 2694 2831 2864 3065 3262 3562 3572 3634 3752 3799 4034 4056 4072 4087 4350 4677 4741 4786 5565 6570 7134 7230 7236 7254 7315 7608 7787 7799 7991 8048 9355 9365 9966 9983 10056 10455 10841 10872 10955 12571 12689 
#module 103 size: 71 bs: 0.511521
255 758 1247 1315 1331 1491 1544 1651 1688 1717 1737 1753 1915 2057 2074 2110 2160 2249 2359 2477 2763 3150 3206 3507 3650 3661 3831 3894 3935 4299 4351 4758 4764 4937 5626 5778 5801 6086 6287 6346 6368 6391 6663 6748 6754 6771 6839 6966 7110 7115 7226 7481 7491 8320 8986 9058 9151 9234 9579 9593 9931 10222 10319 10358 10462 10733 11009 11263 11457 12624 12700 
#module 104 size: 26 bs: 0.660214
768 1693 2244 3356 3525 3824 3914 4332 4538 4851 5067 5170 5253 5485 5709 5891 5965 6051 6405 7152 7768 8160 8947 9740 9915 10357 
#module 105 size: 45 bs: 0.328516
72 338 659 1062 1248 1534 1661 1775 1829 1893 2415 2436 2600 2784 3020 3109 3193 3501 3706 3751 4390 4612 5124 5842 6081 6185 6308 6402 6706 6808 7289 7583 7601 7988 8024 8522 8649 8693 9138 9250 9253 9726 10232 11098 12679 
#module 106 size: 45 bs: 0.478955
472 793 798 1193 1257 2196 2519 3057 3147 3489 3603 3614 4259 4599 5018 5064 5430 5619 5860 6082 6200 6396 6481 6643 6657 7128 7345 7374 7624 7926 8272 8434 8518 8640 8688 8961 9142 9399 9733 10153 10592 10613 11191 12756 12945 
#module 107 size: 55 bs: 0.913717
699 862 1029 1096 1739 1827 1924 2832 2846 2850 2874 2998 3024 3042 3081 3154 3555 3617 3664 3952 4150 4409 4635 4729 4906 4907 4914 5106 5223 5324 5819 5830 5873 6212 6375 7020 7042 7723 7864 8103 8272 8506 8828 8945 8975 9009 9402 9672 9682 9807 10215 10582 10891 11203 11420 
#module 108 size: 41 bs: 0.487787
1052 1054 1272 1409 1997 2130 2267 2345 2673 2698 2956 3135 3465 3784 4098 4457 5441 5793 6050 6163 6215 6756 6900 7040 7466 7504 7971 8006 8440 8519 8893 9052 9360 9892 10075 10333 10415 10871 10965 11171 11703 
#module 109 size: 62 bs: 0.704379
62 1016 1263 1725 1986 2117 2295 2356 2455 2591 2892 2988 3103 3165 3207 3314 3627 3701 4105 4321 4693 4712 4828 4858 4931 5015 5285 5437 5776 5961 6046 6364 6554 6594 6861 7138 7776 7870 7987 8038 8057 8551 8635 8778 9176 9182 9184 9214 9231 9378 9701 9915 9927 10367 10406 10495 10572 10815 11144 11337 11588 12527 
#module 110 size: 35 bs: 0.344898
384 1592 1714 1804 2366 2460 2875 2878 2884 3620 3677 3697 3734 3761 3896 4831 4996 5493 5595 5828 6448 6890 6945 7062 8013 8209 8248 8731 8824 8891 9394 9989 10020 10406 10868 
#module 111 size: 26 bs: 1.052
833 962 1633 1818 1873 2457 2744 2995 3778 3779 4104 4305 4486 4971 5031 5175 5618 5779 5868 6659 7284 7385 7918 8280 8409 12950 
#module 112 size: 21 bs: 0.207482
1209 1412 2144 2764 3292 3506 4154 4811 4864 5149 5193 7713 7876 8052 8152 8436 8733 9624 10388 10887 11473 
#module 113 size: 76 bs: 0.70207
229 598 885 909 950 1042 1114 1119 1155 1226 1271 1391 1634 1635 1667 1681 1720 2082 2103 2286 2374 2645 2713 3001 3064 3188 3298 3399 3470 3582 3585 3747 3764 3829 3995 4500 4531 4582 5139 5179 5195 5231 5571 5593 5657 5714 6647 6798 6805 6822 6877 7001 7029 7149 7183 7365 7878 7891 7922 7940 8138 8299 8520 8564 8601 9079 9312 9320 9367 9444 9499 10050 10461 11017 11456 12881 
#module 114 size: 140 bs: 0.452007
27 503 681 718 787 805 1005 1168 1212 1240 1284 1361 1397 1437 1452 1522 1565 1584 1614 1615 1621 1766 1856 1882 1970 2189 2200 2291 2306 2340 2441 2445 2459 2494 2513 2530 2543 2681 2726 2814 2852 2882 2919 3174 3237 3395 3467 3496 3588 3796 3901 3919 3964 3986 4088 4224 4310 4400 4426 4471 4524 4547 4553 4857 5046 5079 5182 5221 5307 5404 5408 5469 5522 5531 5558 5605 5655 5656 5792 5807 5905 6031 6281 6441 6455 6521 6536 6559 6795 7235 7267 7293 7324 7330 7337 7403 7503 7512 7658 7784 7819 7837 7910 7980 8049 8332 8338 8391 8435 8459 8486 8527 8550 8697 8729 8828 8831 9020 9133 9152 9305 9374 9467 9500 9587 9649 9668 9728 9773 9921 9984 10793 10878 10933 10987 11073 11085 11269 12170 12559 
#module 115 size: 65 bs: 0.324868
492 526 649 650 651 822 995 1092 1309 1546 1739 2063 2187 2238 2685 2694 3273 3574 3856 4165 4354 4534 4649 5032 5459 5726 5832 5892 6004 6090 6141 6181 6242 6354 6421 6475 6588 6599 6743 6757 6788 6857 6915 6970 7026 7143 7303 7439 8021 8033 8233 8235 8537 8790 8856 9177 9211 9534 9625 10218 10298 10516 10544 10916 11990 
#module 116 size: 36 bs: 0.885215
839 1277 1865 1913 1976 2204 2302 2535 2784 3243 3603 3770 3872 3897 4157 4205 4263 4466 4682 5185 5349 5418 6305 6543 6639 7241 8272 8412 8523 8541 8784 10007 10518 10522 10613 10801 
#module 117 size: 32 bs: 0.990958
296 1169 1207 1381 2010 3060 3730 3780 4248 4533 5300 5304 5422 6008 6507 6859 7389 8041 8755 9114 9273 9326 9549 10087 10162 10183 10547 10584 10736 10743 10831 12553 
#module 118 size: 79 bs: 1.09551
60 98 496 720 721 765 809 826 1127 1380 1425 1566 1578 1603 1813 2158 2521 2644 2659 2790 2926 3031 3038 3068 3088 3102 3150 3244 3417 3554 3677 3908 3924 3990 4115 4142 4144 4296 4514 4778 4927 5104 5177 5493 5504 5554 5695 5786 6016 6234 6236 6275 6311 6417 6469 6522 6881 7166 7318 7821 7882 8116 8199 8264 8312 8507 8737 8742 8778 8779 8934 9069 9080 10341 10393 10414 10447 10808 11584 
#module 119 size: 37 bs: 0.203026
263 264 466 527 682 688 1088 1339 2176 2297 3109 3202 3415 3637 3729 5114 5457 5516 5600 6152 6720 6766 6876 6908 7538 7666 8151 8225 8266 8667 8980 8981 9581 9734 10010 10765 11335 
#module 120 size: 24 bs: 0.146267
922 1123 1501 3000 3646 3789 3949 4038 4636 4944 6023 6436 6528 7309 7404 7838 8371 8757 9040 9580 9644 10632 10734 10947 
#module 121 size: 44 bs: 0.698586
592 713 723 1377 1843 2101 2221 2299 2516 2570 2800 3028 3138 3263 3446 4050 4339 4358 4562 4821 4873 4973 5086 5691 6377 6577 6620 6758 7278 7383 7452 7688 7756 7764 7909 8476 8982 9521 9819 10287 10814 10919 10999 12990 
#module 122 size: 17 bs: 0.168525
1481 1877 2842 3301 3386 3612 3723 4129 4613 4639 5295 5412 6491 7263 8239 9877 10080 
#module 123 size: 24 bs: 0.64862
331 475 1436 2400 2569 2711 2743 3142 4714 5482 5911 5975 6307 6332 6352 6596 6799 7098 8070 8087 8329 8929 9188 10172 
#module 124 size: 28 bs: 0.130943
56 584 1103 1524 2180 2235 2590 2687 2805 2828 3139 3533 3702 4330 4422 4746 5254 6419 6677 7262 7636 7902 8530 8600 9555 9821 10209 11128 
#module 125 size: 200 bs: 0.861352
36 413 543 600 828 951 956 1040 1041 1056 1212 1214 1265 1317 1375 1413 1419 1437 1601 1621 1629 1668 1730 1830 1837 1848 1856 1975 1984 2006 2038 2132 2169 2189 2200 2273 2275 2288 2355 2370 2449 2461 2477 2494 2512 2513 2514 2594 2613 2618 2643 2681 2726 2740 2919 2948 2961 3006 3061 3174 3186 3237 3347 3352 3424 3491 3496 3510 3580 3588 3663 3670 3686 3712 3775 3841 3863 3866 3902 4035 4088 4099 4125 4180 4188 4241 4273 4541 4675 4756 4774 4857 4879 4883 4886 4909 4973 4991 5057 5060 5097 5100 5194 5221 5229 5250 5307 5317 5365 5393 5787 5803 5816 5991 6024 6031 6069 6126 6241 6289 6341 6359 6361 6536 6678 6783 6809 6897 7118 7122 7203 7218 7403 7424 7448 7503 7617 7664 7731 7784 7910 7928 7943 7946 7958 7966 8050 8129 8159 8163 8187 8338 8377 8416 8482 8546 8656 8728 8729 8893 8951 8953 9060 9097 9133 9181 9200 9202 9326 9371 9447 9507 9586 9632 9649 9655 9660 9668 9798 9891 9921 9941 10208 10360 10374 10401 10559 10688 10764 10970 11019 11151 11265 11269 11340 12559 12577 12588 12613 12666 
#module 126 size: 16 bs: 0.816189
1904 2254 2536 5954 6851 6990 7004 7227 7302 7311 7802 8699 8848 9926 10310 10921 
#module 127 size: 76 bs: 0.518486
5 208 224 878 986 1078 1133 1135 1219 1403 1465 1674 1675 1831 1911 2039 2482 2729 2838 2963 3098 3182 3536 3557 3644 3755 3763 3920 3930 4213 4316 4430 4843 4962 5112 5166 5387 5436 5502 5510 5553 5737 5764 5862 5917 5980 6028 6184 6212 6252 6313 6563 6601 7069 7119 7437 7699 7720 7829 8051 8061 8241 8598 8608 9023 9693 9918 9954 10381 10432 10673 10755 10756 10767 11029 12019 
#module 128 size: 68 bs: 0.267164
147 183 476 620 685 823 870 1084 1175 1189 1279 1396 1523 2056 2192 2353 2678 2794 2805 3032 3062 3144 3158 3483 3488 3511 4040 4064 4378 4397 4515 4572 4587 4664 4905 4986 5017 5214 5254 5294 5548 6108 6188 6374 6716 7030 7172 7212 7262 7469 7542 7632 7634 7680 7868 7901 8060 8741 9345 9742 10128 10277 10583 10637 11442 11593 11601 12249 
#module 129 size: 40 bs: 0.824548
448 509 687 913 1340 1900 2483 2777 2894 3159 3173 3450 3767 4133 4195 4492 4632 5019 5494 5811 6682 6804 6992 7432 7655 7711 7852 8276 8342 8878 8922 8969 9124 10560 10571 10583 10693 10724 11450 13055 
#module 130 size: 50 bs: 0.66931
49 583 830 1173 1711 1758 1961 2099 2134 2836 3227 3459 3532 3675 3882 3956 3989 4079 4844 4911 5171 5390 5714 5925 6159 6291 6449 6844 7043 7131 7287 7670 7960 7970 8040 8270 8441 8901 9006 9011 9322 9429 9434 9881 9991 10186 10230 10616 10845 11383 
#module 131 size: 76 bs: 1.0372
218 612 1255 1386 1537 1744 2184 2325 2402 2454 2566 2658 2807 2812 2861 2907 3041 3095 3289 3366 3379 3380 3484 3513 3638 3825 3891 3893 4029 4062 4122 4408 4520 4740 4867 4889 5179 5302 5423 5451 5849 5992 6033 6296 6509 6523 6723 6940 7035 7139 7322 7642 7667 7828 7936 8072 8386 8441 8822 9002 9145 9247 9683 9714 9945 10083 10131 10272 10382 10534 10590 10862 10963 11209 11235 11415 
#module 132 size: 18 bs: 0.237914
725 1514 2394 2451 2533 2827 3045 4817 5186 5356 5640 6835 6880 8054 8071 9465 10390 10549 
#module 133 size: 36 bs: 0.38563
595 964 1656 1690 1891 2071 2197 2742 2755 3087 3181 3349 3787 3996 4274 4490 4573 5614 5734 6568 6621 7398 7955 8231 8765 9074 9159 9173 9412 10082 10306 10597 11100 11157 11165 11451 
#module 134 size: 62 bs: 0.216372
255 293 459 778 998 1247 1315 1840 1915 1930 2763 2929 3030 3432 3568 3650 3666 3883 3894 3935 4257 4291 4299 4764 4855 4875 4995 5012 5722 6287 6782 6936 7115 7226 7474 7481 7491 7808 7886 7911 8588 8602 8704 8845 8908 8917 8986 9101 9292 9579 9812 9931 10470 10618 10653 10712 10772 10840 10995 11211 11447 11457 
#module 135 size: 57 bs: 1.09934
64 524 880 964 965 1074 1348 1394 1417 1480 1580 1648 1985 2033 2511 2611 2929 3161 3195 3254 3645 3653 3842 4166 4244 4277 4468 4972 5178 5187 6083 6492 6590 6593 7215 7650 7917 7938 8125 8197 8419 8856 8877 8905 9404 9814 10062 10437 10626 10675 10851 10894 10956 11091 11503 11509 11566 
#module 136 size: 67 bs: 0.660515
364 528 625 655 769 824 1343 1374 1799 2073 2228 2252 2427 2589 2666 2772 3083 3585 3812 3932 3978 4044 4180 4360 4780 4797 4835 5092 5142 5157 5174 5419 5763 5899 6030 6138 6260 6321 6328 6376 6408 6478 6618 6672 6731 6834 7031 7084 7716 8088 8238 8336 8350 8468 9156 9264 9687 10146 10248 10375 10394 10474 10709 10972 11252 11272 11973 
#module 137 size: 61 bs: 0.999868
35 575 691 1034 1051 1058 1150 1401 1535 1548 1645 2034 2293 2456 2510 2556 2983 3019 3055 3104 3172 3210 3414 3499 3604 3972 4278 4451 4507 4744 4766 5043 5087 5411 5939 6205 6208 6240 6455 6962 6978 7156 7352 7378 7445 7722 7746 7749 7750 7759 7964 8343 8985 9156 9286 9565 9936 9982 11254 11525 11584 
#module 138 size: 51 bs: 0.455276
461 615 649 651 715 720 1235 1365 1546 1770 1860 1881 2168 2756 3382 3632 3680 3699 3960 4313 4431 4853 5987 6118 6330 6454 6461 6551 6567 6594 6714 6762 6854 7206 7243 7776 8115 8283 8470 8682 8818 9009 9210 9339 9594 9869 10273 10352 10806 11143 12039 
#module 139 size: 21 bs: 0.655753
934 1199 1214 1866 3337 3732 4450 4678 5077 6409 6474 6541 6988 7548 7567 8587 10527 10747 10762 10988 11217 
#module 140 size: 111 bs: 0.252529
189 532 845 991 998 1025 1128 1156 1518 1641 1659 2141 2194 2212 2676 2719 2799 2849 2881 2928 2929 2930 2943 2953 3092 3131 3232 3306 3373 3609 3666 3745 3756 3809 3883 3963 4173 4227 4281 4291 4372 4429 4542 4659 4676 4761 4875 5078 5216 5340 5374 5386 5676 5698 5902 6047 6181 6206 6233 6237 6262 6460 6466 6524 6526 6529 6599 6698 6788 6979 7079 7319 7431 7433 7551 7679 7911 8258 8462 8615 8622 8673 8871 8907 8917 8923 8978 9057 9171 9209 9267 9357 9358 9602 9685 9920 9980 10103 10119 10123 10198 10275 10279 10337 10376 10591 10768 10839 10884 11211 12902 
#module 141 size: 21 bs: 0.182039
493 851 2775 3508 5296 5560 5616 5617 5719 5782 8025 8328 8380 8585 9107 9679 11121 11151 11161 11168 11270 
#module 142 size: 25 bs: 0.534226
63 272 864 1882 2107 2424 2856 2886 2946 3084 3085 3393 3894 4314 4333 4846 5251 5415 6366 6689 7221 7399 9853 10110 11338 
#module 143 size: 60 bs: 0.511848
43 321 677 726 775 904 945 1001 1260 1277 1323 1371 1563 2072 2125 2351 2367 2387 2769 3110 3189 3466 3806 3859 3898 4013 4126 4417 4467 4728 5146 5158 5242 5429 5541 5587 5598 5850 5943 6022 6067 6730 7086 7087 7328 7394 7508 7547 7610 7656 7858 7989 8039 8702 8791 10280 10466 11251 11711 12715 
#module 144 size: 55 bs: 0.235406
17 482 924 1008 1896 1955 2050 2246 2258 2259 2695 2761 2837 2978 3114 3253 3293 3782 3922 4230 4762 4805 4842 4870 4915 5208 5756 5985 6177 6257 6312 6428 6513 7602 7605 7742 8170 8217 8279 8626 8683 8744 8767 8887 8910 8918 8971 8989 9034 9463 10161 10644 10761 10881 11441 
#module 145 size: 137 bs: 0.524847
2 259 313 372 385 529 537 580 647 698 805 921 936 970 981 1116 1221 1293 1338 1575 1622 1692 1876 1888 1988 1999 2043 2122 2213 2321 2337 2404 2487 2572 2581 2633 2675 2688 2708 2830 2888 2889 2952 3091 3157 3216 3288 3492 3688 3803 3849 4017 4047 4078 4092 4178 4224 4393 4495 4505 4598 4618 4657 4763 4815 4820 4917 4957 5028 5126 5201 5212 5277 5530 5564 5666 5816 6058 6063 6107 6139 6277 6280 6293 6367 6400 6476 6622 6712 6862 6884 6976 7016 7176 7190 7194 7199 7217 7349 7815 7972 8257 8275 8321 8337 8339 8377 8481 8531 9024 9085 9257 9457 9537 9680 9718 9789 9811 9841 9976 10110 10331 10472 10501 10557 10611 10646 10683 10707 10752 10773 10810 10864 10989 11572 11575 12515 
#module 146 size: 31 bs: 0.250203
616 704 854 1033 1046 1539 1566 1598 2012 2123 2257 2990 3088 4655 4686 4958 5056 5508 5827 6641 6865 6968 7382 7525 7821 8245 8352 8811 9671 11188 12645 
#module 147 size: 27 bs: 0.380072
22 525 1159 1594 1752 2333 2484 3677 4102 4302 4318 5380 5518 5833 5887 5949 7686 8873 8950 9523 9994 10156 10393 10414 10447 10822 12790 
#module 148 size: 48 bs: 0.937143
771 1030 1150 1707 1785 1838 1958 2186 2212 2243 2577 2640 2819 3063 3108 3135 3218 3361 3375 3463 3817 4170 4231 4594 4688 4948 5043 5455 5765 5824 5951 6015 6335 6598 6997 7070 7661 7740 7880 7952 8869 8935 9154 9545 10206 10212 10431 10699 
#module 149 size: 51 bs: 0.849753
58 298 467 518 844 1066 1081 1136 1471 1547 1652 1666 1704 2347 2370 3025 3260 3786 4000 4123 4848 5082 5086 5179 5498 5628 5664 5674 6374 6472 6996 7090 7369 7411 8138 8738 8793 8829 8946 9265 9623 10190 10461 10596 10706 10820 10852 11082 11256 12492 12881 
#module 150 size: 27 bs: 0.226047
486 1241 1321 1959 2391 2554 2707 3213 4172 4447 4583 4702 5791 6443 7075 7781 7916 9342 9821 9929 10193 10403 10450 10716 10727 11388 11878 
#module 151 size: 30 bs: 0.281407
25 27 684 1005 1262 1836 2220 2266 2530 2630 2649 2841 2970 4053 4143 4384 4563 5001 5319 5330 5884 6441 6736 7306 8332 9330 9895 9901 10705 11491 
#module 152 size: 33 bs: 0.893504
260 1065 1414 1591 1705 2013 2041 2309 2696 3005 3601 3802 3900 3968 4054 4082 4795 5746 6438 6620 6711 6823 7045 7641 7834 8034 8056 8094 8376 8912 9369 10860 13010 
#module 153 size: 340 bs: 0.624306
2 11 18 47 92 226 273 291 381 398 484 487 537 542 546 580 599 602 603 605 616 772 800 814 840 879 935 936 958 959 990 1004 1082 1098 1102 1122 1200 1234 1258 1266 1294 1305 1317 1320 1329 1351 1356 1372 1420 1453 1520 1568 1576 1605 1631 1658 1660 1756 1783 1812 1821 1875 1879 1957 2028 2036 2046 2048 2111 2127 2174 2181 2188 2219 2330 2342 2384 2404 2448 2467 2471 2525 2562 2572 2581 2660 2706 2768 2848 2906 2933 2936 2965 2992 3004 3070 3096 3107 3141 3149 3184 3216 3236 3237 3259 3329 3360 3378 3401 3402 3424 3456 3468 3539 3549 3551 3569 3580 3676 3735 3737 3803 3834 3878 3913 3966 4017 4067 4078 4094 4125 4127 4168 4178 4184 4201 4253 4368 4386 4388 4410 4421 4481 4511 4585 4628 4660 4667 4737 4804 4812 4925 4983 5037 5039 5042 5063 5068 5127 5169 5323 5395 5414 5501 5505 5523 5527 5528 5570 5590 5596 5597 5620 5648 5649 5650 5666 5681 5741 5767 5816 5851 5858 5908 5934 5962 6006 6038 6061 6064 6076 6077 6126 6146 6253 6289 6323 6403 6476 6502 6518 6580 6622 6635 6648 6662 6670 6697 6708 6806 6840 6882 6910 6928 7142 7165 7193 7199 7223 7249 7256 7291 7305 7361 7399 7419 7448 7497 7505 7553 7570 7587 7633 7660 7664 7669 7735 7743 7847 7866 7913 7993 8010 8019 8026 8047 8069 8076 8117 8123 8158 8163 8191 8194 8263 8316 8352 8362 8392 8421 8502 8521 8580 8619 8624 8659 8670 8709 8783 8814 8864 8916 9038 9055 9076 9222 9245 9257 9275 9303 9329 9373 9510 9526 9544 9548 9589 9596 9610 9669 9670 9680 9801 9840 9858 9870 9883 9888 9891 9949 9976 10026 10028 10057 10072 10110 10138 10158 10181 10210 10224 10228 10255 10257 10324 10345 10472 10492 10501 10510 10531 10582 10623 10738 10952 11070 11125 11147 11158 11180 11264 11436 11446 11499 11885 12577 12588 12613 12618 12949 
#module 154 size: 48 bs: 0.611165
92 468 1048 1369 1482 2172 2211 2446 2638 2780 2818 3010 3404 3531 3708 4179 4479 5138 5278 5358 5474 5487 5728 5859 5870 6149 6572 7050 7088 7262 7277 7509 8190 8478 8532 8852 9193 9221 9816 9878 9934 9955 10037 10149 10413 10657 11004 11006 
#module 155 size: 64 bs: 0.509815
44 449 1011 1049 1058 1113 1231 1394 1483 1492 1618 1716 2031 2224 2338 2440 2960 3054 3179 3287 3359 3384 3428 3704 3851 3915 3934 4132 4373 4389 4592 4692 4757 4784 4789 4988 5563 5789 5893 6029 6078 6079 6125 6154 6238 6370 6386 6878 7188 7423 7523 7985 9121 9344 9501 9692 9704 9758 10354 10371 10679 10778 11490 12549 
#module 156 size: 66 bs: 0.566088
37 642 702 880 927 1196 1259 1438 1743 2015 2092 2124 2131 2209 2296 2528 2557 2636 2793 2909 2987 3016 3039 3094 3271 3294 3327 3352 3480 3625 4219 4668 4800 4998 5106 5246 6207 6324 6965 7271 7355 7357 7372 7485 7540 7600 7654 7995 8399 8593 8860 8876 8966 9146 9164 9289 9573 9804 9920 10177 10383 10882 11139 11535 12125 12944 
#module 157 size: 135 bs: 0.738809
20 38 172 274 327 535 637 779 784 876 938 1015 1115 1145 1177 1213 1216 1237 1254 1280 1294 1307 1330 1353 1405 1411 1439 1468 1824 1842 1994 2339 2366 2383 2464 2469 2493 2517 2703 2792 2869 3143 3187 3215 3421 3461 3573 3624 3692 3865 3876 3985 4057 4061 4156 4221 4328 4404 4411 4473 4523 4575 4665 4733 4745 4779 4809 4845 5029 5115 5161 5228 5420 5442 5612 5631 5686 5708 5855 5865 5896 5923 5967 6039 6052 6093 6109 6142 6143 6314 6637 6797 6813 7039 7067 7167 7198 7446 7478 7549 7893 7959 8008 8034 8503 8571 8609 8674 8714 8777 8988 9013 9027 9102 9255 9289 9317 9524 9536 9540 9654 9813 9968 10091 10111 10226 10293 10349 10565 10612 10629 10857 10908 11135 11498 
#module 158 size: 127 bs: 0.849628
1 31 125 188 379 505 614 932 943 944 1183 1230 1540 1619 1636 1715 1729 1864 1878 2022 2348 2522 2531 2568 2629 2765 2832 2854 2870 2902 3169 3204 3211 3378 3391 3494 3535 3545 3651 3655 3657 3715 3724 3775 3838 3996 4161 4297 4379 4446 4517 4769 4814 4900 4901 5219 5243 5290 5589 5700 5733 5757 5773 5826 5852 5866 5914 6105 6106 6153 6273 6310 6416 6475 6623 6764 6833 7047 7103 7185 7255 7283 7392 7416 7489 7584 7615 7710 7832 8194 8401 8408 8512 8524 8629 8708 8713 8854 9001 9026 9069 9190 9336 9885 10035 10036 10116 10196 10235 10408 10543 10619 10659 10700 10715 10816 10832 10879 10943 10970 11126 11223 11260 11411 11705 11840 12660 
#module 159 size: 140 bs: 0.39092
335 492 564 705 729 781 819 863 968 1166 1253 1292 1311 1395 1418 1448 1466 1496 1845 1846 1889 1923 1937 2148 2481 2505 2769 2853 2910 2939 2990 3015 3191 3214 3299 3338 3442 3472 3519 3605 3713 3719 3750 3833 3865 3870 3906 3938 4031 4032 4048 4385 4443 4532 4570 4611 4694 4827 4869 4885 4934 5109 5160 5233 5283 5297 5506 5562 5567 5602 5735 5780 5809 6052 6098 6123 6174 6175 6247 6279 6340 6351 6393 6446 6485 6636 6655 6715 6744 6800 7225 7297 7321 7354 7446 7623 7826 7836 7854 8091 8111 8221 8307 8372 8379 8592 8609 8692 8727 8830 8976 9140 9239 9359 9403 9436 9437 9438 9529 9552 9658 9791 9862 9939 9944 10089 10465 10577 10650 10748 10811 10818 10876 10951 10966 10981 11093 11095 12382 12605 
#module 160 size: 87 bs: 0.550313
14 716 975 1027 1233 1377 1676 1712 1760 2004 2146 2227 2265 2300 2639 2656 2689 2823 3113 3128 3283 3308 3512 3826 3857 4020 4069 4315 4327 4334 4662 4732 4990 5005 5088 5210 5367 5398 5479 5495 5545 5806 5959 6052 6217 6254 6515 6569 6597 6694 6702 6740 6826 7024 7051 7175 7402 7500 7792 7801 7900 7905 7950 8676 8849 9189 9518 9545 9651 9832 9852 9928 10073 10151 10182 10359 10473 10551 10563 10615 10769 10774 10942 10975 11108 11175 11552 
#module 161 size: 40 bs: 0.967001
834 997 1137 1352 1504 1554 1732 1909 2167 2197 2371 2959 3162 3353 3405 3993 4071 4745 4891 5288 5595 5976 6109 6134 6226 6517 7054 7067 7257 7446 7619 7914 8322 8609 8714 8857 9175 9559 10517 10734 
#module 162 size: 66 bs: 0.423598
254 487 488 618 762 827 1163 1275 1815 1928 1957 1964 1968 2056 2104 2730 2964 3112 3120 3326 3493 3654 3907 4303 4323 4472 4588 4878 5058 5249 5345 5443 5684 5838 5972 6100 6231 6243 6260 6652 6673 6718 6741 6749 6801 7406 7589 7780 7861 8253 8293 8445 8806 8820 8839 8850 8964 9269 9290 10318 10493 10793 10823 10835 10957 11189 
#module 163 size: 63 bs: 0.731868
294 558 1241 1331 1479 1486 1513 2121 2313 2352 2428 2434 2538 2893 3037 3047 3350 3463 3590 3894 3996 4001 4019 4051 4401 5140 5305 5778 5890 6347 6368 6391 6630 6748 6839 6847 6850 6974 7110 7115 7332 7350 7464 7661 7721 8131 8142 8172 8224 8254 8320 8986 9021 9072 9197 9363 9509 9708 10222 10699 10978 11143 11228 
#module 164 size: 62 bs: 0.161248
194 763 791 858 1382 1513 1519 1543 1731 1749 1786 1910 1969 2085 2320 2360 2609 2704 2898 3137 3740 3748 3994 4267 4792 5056 5130 5263 5467 5817 5836 6102 6334 6742 6873 6949 7099 7170 7425 7733 7749 7846 8275 8318 8759 8909 9109 9313 9331 9340 9374 9491 9825 10126 10276 10304 10317 10707 10785 10861 11183 12507 
#module 165 size: 107 bs: 0.709943
378 843 875 895 900 979 1086 1271 1320 1362 1564 1667 1773 1850 1857 1916 2029 2078 2116 2134 2343 2375 2407 2421 2476 2560 2734 2923 3001 3043 3260 3279 3440 3475 3497 3618 4011 4074 4159 4252 4279 4308 4388 4500 4535 4600 4637 4734 4894 4923 4977 4989 5336 5483 5529 5568 5610 5630 5633 5822 5906 6021 6261 6426 6508 6898 6964 7009 7202 7253 7386 7571 7591 7598 7661 7728 7769 7868 7982 8043 8141 8204 8206 8216 8439 8511 8601 8610 8646 8993 9115 9226 9293 9367 9380 9416 9502 9857 9992 10071 10246 10478 10922 10938 10985 11158 12626 
#module 166 size: 121 bs: 0.615074
54 480 489 544 580 762 994 1095 1194 1383 1408 1654 1743 1839 1871 1872 2080 2104 2133 2279 2284 2380 2381 2393 2408 2425 2651 2653 2665 2712 2723 2728 2767 2771 2817 3100 3153 3170 3223 3271 3312 3480 3550 3600 3629 3681 4162 4222 4558 4588 4666 4674 4719 4840 5101 5217 5232 5440 5603 5621 5705 5781 5802 6036 6066 6084 6112 6131 6194 6391 6420 6468 6499 6540 6548 6573 6737 6769 6801 6829 6920 7078 7252 7334 7681 7692 7693 7709 8247 8452 8563 8650 8668 8680 8861 9025 9030 9039 9073 9127 9141 9155 9407 9420 9533 9578 9627 9998 10068 10077 10173 10315 10443 10574 10627 10678 11009 11412 11437 11599 12077 
#module 167 size: 86 bs: 0.6537
39 66 810 847 892 1000 1006 1013 1031 1430 1506 1706 2000 2138 2298 2663 2778 2891 2951 3173 3640 3817 3904 4169 4218 4236 4290 4349 4382 4496 4498 4532 4549 4559 4617 4782 5035 5279 5281 5385 5707 5744 5823 5835 5848 6015 6226 6772 6994 7067 7083 7124 7145 7313 7326 7329 7727 7895 8298 8355 8357 8427 8565 8579 8776 8827 8847 8859 8935 9041 9127 9135 9223 9338 9375 9545 9688 9942 10108 10115 10202 10220 10488 10950 11699 12958 
#module 168 size: 89 bs: 0.613377
13 611 835 977 996 1295 1389 1444 1469 1516 1769 1833 2369 2732 2987 3039 3390 3461 3591 3828 3844 3860 4026 4030 4149 4240 4358 4407 4459 4610 4664 4788 4837 4871 5051 5059 5084 5117 5137 5184 5337 5497 5829 6043 6109 6219 6465 6467 6519 6578 6631 6948 7157 7456 7501 7527 7931 8178 8443 8676 8758 8959 8970 9018 9098 9139 9389 9512 9621 9761 9765 9899 10069 10114 10132 10166 10223 10242 10311 10351 10532 10612 10725 10927 11114 11239 12523 12678 12995 
#module 169 size: 76 bs: 0.476107
333 629 630 631 1322 1603 1795 2001 2106 2117 2149 2398 2497 3078 3103 3408 3515 3635 3976 4167 4197 4321 4607 4719 4847 4858 4902 4994 5085 5099 5285 5352 5417 5578 5584 5594 6088 6365 6554 6837 7268 7290 7300 7362 7778 7899 7967 8009 8073 8118 8346 8349 8369 8431 8551 8586 8628 8686 8689 9051 9080 9176 9341 9378 9701 9765 9863 9889 10367 10495 10636 10677 10827 11369 11526 12158 
#module 170 size: 28 bs: 0.209715
520 1270 1565 2066 2539 2693 2851 2911 3003 3133 3156 3290 3362 3611 3997 4124 4271 5326 5643 5905 6903 7657 8483 8642 8643 8717 9577 10013 
#module 171 size: 38 bs: 0.303822
12 213 849 887 1059 1283 1429 1581 1597 1599 1637 1680 1751 1849 2152 2565 3059 3341 3530 3669 4018 4110 4785 5472 5784 6445 7146 7813 8410 8658 8701 8770 8937 9179 10667 10780 11262 11701 
#module 172 size: 52 bs: 0.429116
968 1097 1302 1446 1570 1649 1784 1895 2072 2210 2223 2316 2784 2818 2971 3115 3238 3630 3854 3862 4596 4612 4622 4823 4933 5105 5196 5299 5403 5498 5955 6003 6218 6229 6398 6506 6975 7211 7698 7843 7942 8387 8712 8826 8924 9029 9048 9694 9855 9871 10191 10419 
#module 173 size: 63 bs: 1.08601
196 197 589 941 948 1182 1210 1225 1526 1620 1745 1750 1771 1780 2452 2773 2937 3029 3042 3190 3355 3642 3720 3820 4145 4262 4393 4436 4518 5081 5163 5699 5701 6574 6627 6759 6774 6827 7207 7307 7312 7391 7620 8021 8100 8373 8627 8787 9230 9297 9399 9415 9700 9702 9754 10168 10424 10431 10471 10512 10729 10763 10812 
#module 174 size: 48 bs: 0.815115
469 519 644 765 833 1101 1152 1664 1762 1892 2014 2154 2520 2623 2774 2852 3221 3275 3560 3731 3742 3970 4153 4245 4858 5044 5247 5252 6210 6644 6704 6906 7072 7273 7507 8165 8189 8260 8378 8853 9401 10157 10537 10555 10572 10907 11212 12505 
#module 175 size: 36 bs: 0.532103
34 915 1378 1388 1593 1658 2280 2315 2495 2789 2942 3158 3234 3814 4106 4366 4965 5139 5372 5381 6232 6319 6570 7056 8030 8375 8395 9246 9460 9817 10240 10558 10703 10841 11127 12591 
#module 176 size: 38 bs: 0.323386
178 207 874 1026 1053 2251 2271 2458 2542 2592 2682 2724 2969 3264 4005 4073 4361 4409 4539 4591 4721 5947 6183 6785 7417 7512 7772 7887 8055 8089 8471 9422 9906 9907 10705 10777 10791 11428 
#module 177 size: 148 bs: 0.479375
206 378 447 621 710 877 1035 1039 1100 1251 1297 1443 1464 1503 1521 1529 1553 1610 1657 1697 1759 1799 1826 1901 2078 2105 2139 2178 2198 2289 2341 2355 2385 2444 2465 2491 2547 2858 2938 2958 2972 3075 3152 3160 3212 3416 3453 3528 3597 3801 3822 3852 3895 3927 3929 3969 4107 4112 4209 4283 4461 4503 4708 4751 4807 4893 4919 4978 4979 5073 5098 5151 5159 5284 5316 5532 5547 5669 5742 5800 5915 5924 5999 6092 6164 6288 6385 6433 6447 6457 6604 6914 6964 6967 7187 7269 7316 7434 7449 7512 7513 7607 7712 7839 7869 7945 8032 8077 8102 8161 8179 8335 8407 8426 8453 8506 8533 8548 8762 8820 9037 9346 9473 9488 9541 9710 9898 9946 9981 10053 10076 10192 10314 10346 10441 10469 10476 10509 10567 10641 10687 10746 10883 11069 11134 12495 12568 12980 
#module 178 size: 19 bs: 0.339768
804 1126 1138 1683 2614 2791 3146 4045 4678 4691 4753 6135 6745 6779 7797 8394 8867 9252 10603 
#module 179 size: 181 bs: 0.540448
53 498 670 679 807 853 882 889 890 894 988 1112 1125 1151 1261 1267 1273 1364 1558 1582 1632 1673 1686 1721 1745 1817 1907 1920 1927 1933 1939 2075 2126 2142 2182 2194 2222 2262 2319 2334 2340 2372 2559 2565 2583 2957 2960 3040 3046 3097 3179 3250 3269 3320 3364 3365 3430 3444 3455 3496 3505 3649 3658 3728 3805 3809 3811 3832 4119 4183 4234 4280 4287 4465 4627 4630 4671 4722 4794 4806 4829 4849 4895 4929 4930 5183 5241 5396 5463 5465 5469 5470 5478 5537 5559 5586 5613 5619 5702 5814 5877 5888 5916 5996 6197 6214 6295 6298 6338 6345 6526 6566 6625 6642 6652 6770 6872 6924 6942 6986 7000 7044 7059 7116 7364 7429 7484 7490 7524 7536 7682 7702 7706 7766 7794 7986 8028 8145 8192 8212 8237 8288 8294 8319 8405 8484 8756 8862 8940 8943 8957 8977 9040 9147 9180 9187 9285 9343 9417 9441 9466 9570 9662 9758 9799 10102 10236 10579 10712 10826 10844 10889 10920 11142 11241 11445 11453 12216 12228 12663 12681 
#module 180 size: 58 bs: 0.680556
233 271 593 1148 1314 1965 2240 2272 2274 2534 2544 2582 2826 3429 3718 3738 3937 4135 4269 4645 4881 4935 5010 5237 5366 5876 6166 6171 6195 6501 6539 6546 7081 7092 7189 7244 7453 7496 7764 7842 8297 8499 8570 8576 8666 8936 9061 9068 9219 9233 9379 9767 10000 10046 10334 10387 10661 11113 
#module 181 size: 1 bs: 1
8866 
#module 182 size: 1 bs: 1
6709 
#module 183 size: 1 bs: 1
8106 
#module 184 size: 1 bs: 1
4420 
#module 185 size: 1 bs: 1
9850 
#module 186 size: 1 bs: 1
5942 
#module 187 size: 1 bs: 1
6750 
#module 188 size: 1 bs: 1
5840 
#module 189 size: 1 bs: 1
2468 
#module 190 size: 1 bs: 1
3744 
#module 191 size: 1 bs: 1
3297 
#module 192 size: 1 bs: 1
8679 
#module 193 size: 1 bs: 1
7133 
#module 194 size: 1 bs: 1
6699 
#module 195 size: 1 bs: 1
6820 
#module 196 size: 1 bs: 1
5454 
#module 197 size: 1 bs: 1
2868 
#module 198 size: 1 bs: 1
6612 
#module 199 size: 1 bs: 1
10044 
#module 200 size: 1 bs: 1
8942 
#module 201 size: 1 bs: 1
446 
#module 202 size: 1 bs: 1
6094 
#module 203 size: 1 bs: 1
9368 
#module 204 size: 1 bs: 1
3436 
#module 205 size: 1 bs: 1
1941 
#module 206 size: 1 bs: 1
1589 
#module 207 size: 1 bs: 1
4015 
#module 208 size: 1 bs: 1
7874 
#module 209 size: 1 bs: 1
10163 
#module 210 size: 1 bs: 1
3700 
#module 211 size: 1 bs: 1
10372 
#module 212 size: 1 bs: 1
5804 
#module 213 size: 1 bs: 1
6640 
#module 214 size: 1 bs: 1
4395 
#module 215 size: 1 bs: 1
182 
#module 216 size: 1 bs: 1
3608 
#module 217 size: 1 bs: 1
4640 
#module 218 size: 1 bs: 1
10171 
#module 219 size: 1 bs: 1
8082 
#module 220 size: 1 bs: 1
2718 
#module 221 size: 1 bs: 1
7511 
#module 222 size: 1 bs: 1
3948 
#module 223 size: 1 bs: 1
8618 
#module 224 size: 1 bs: 1
6960 
#module 225 size: 1 bs: 1
5692 
#module 226 size: 1 bs: 1
2323 
#module 227 size: 1 bs: 1
8896 
#module 228 size: 1 bs: 1
11740 
#module 229 size: 1 bs: 1
2941 
#module 230 size: 1 bs: 1
7454 
#module 231 size: 1 bs: 1
8490 
#module 232 size: 1 bs: 1
3177 
#module 233 size: 1 bs: 1
5608 
#module 234 size: 1 bs: 1
5274 
#module 235 size: 1 bs: 1
582 
#module 236 size: 1 bs: 1
301 
#module 237 size: 1 bs: 1
5075 
#module 238 size: 1 bs: 1
9194 
#module 239 size: 1 bs: 1
3626 
#module 240 size: 1 bs: 1
5076 
#module 241 size: 1 bs: 1
7488 
#module 242 size: 1 bs: 1
4568 
#module 243 size: 1 bs: 1
10258 
#module 244 size: 1 bs: 1
7204 
#module 245 size: 1 bs: 1
6939 
#module 246 size: 1 bs: 1
9249 
#module 247 size: 1 bs: 1
8128 
#module 248 size: 1 bs: 1
7923 
#module 249 size: 1 bs: 1
6294 
#module 250 size: 1 bs: 1
8363 
#module 251 size: 1 bs: 1
3672 
#module 252 size: 1 bs: 1
832 
#module 253 size: 1 bs: 1
4967 
#module 254 size: 1 bs: 1
4717 
#module 255 size: 1 bs: 1
3520 
#module 256 size: 1 bs: 1
4261 
#module 257 size: 1 bs: 1
2098 
#module 258 size: 1 bs: 1
6930 
#module 259 size: 1 bs: 1
4932 
#module 260 size: 1 bs: 1
3431 
#module 261 size: 1 bs: 1
5131 
#module 262 size: 1 bs: 1
5207 
#module 263 size: 1 bs: 1
846 
#module 264 size: 1 bs: 1
6571 
#module 265 size: 1 bs: 1
5641 
#module 266 size: 1 bs: 1
1256 
#module 267 size: 1 bs: 1
1538 
#module 268 size: 1 bs: 1
8031 
#module 269 size: 1 bs: 1
4186 
#module 270 size: 1 bs: 1
8244 
#module 271 size: 1 bs: 1
1971 
#module 272 size: 1 bs: 1
4949 
#module 273 size: 1 bs: 1
10400 
#module 274 size: 1 bs: 1
8700 
#module 275 size: 1 bs: 1
978 
#module 276 size: 1 bs: 1
9477 
#module 277 size: 1 bs: 1
3933 
#module 278 size: 1 bs: 1
4968 
#module 279 size: 1 bs: 1
6487 
#module 280 size: 1 bs: 1
12652 
#module 281 size: 1 bs: 1
6866 
#module 282 size: 1 bs: 1
8356 
#module 283 size: 1 bs: 1
6124 
#module 284 size: 1 bs: 1
11261 
#module 285 size: 1 bs: 1
9302 
#module 286 size: 1 bs: 1
6542 
#module 287 size: 1 bs: 1
4975 
#module 288 size: 1 bs: 1
9846 
#module 289 size: 1 bs: 1
10526 
#module 290 size: 1 bs: 1
10569 
