#module 0 size: 6 bs: 5.13494e-05
36 204 433 726 949 981 
#module 1 size: 3 bs: 7.64137e-08
433 496 594 
#module 2 size: 5 bs: 4.75378e-101
144 417 558 655 953 
#module 3 size: 3 bs: 0.00408615
401 599 936 
#module 4 size: 5 bs: 0.00377509
83 297 463 539 684 
#module 5 size: 4 bs: 6.93896e-101
240 423 816 943 
#module 6 size: 4 bs: 3.44169e-15
282 513 600 705 
#module 7 size: 4 bs: 3.21965e-15
356 392 561 887 
#module 8 size: 6 bs: 7.01718e-09
259 525 565 672 675 785 
#module 9 size: 4 bs: 5.89624e-101
87 475 605 806 
#module 10 size: 7 bs: 0.0374281
340 372 385 464 576 579 665 
#module 11 size: 3 bs: 4.07296e-10
303 712 860 
#module 12 size: 5 bs: 1.64753e-09
505 534 625 689 885 
#module 13 size: 3 bs: 5.0024e-101
87 499 610 
#module 14 size: 3 bs: 1.17998e-09
799 808 922 
#module 15 size: 6 bs: 7.70468e-11
48 115 324 664 781 802 
#module 16 size: 4 bs: 1.36249e-07
72 356 589 804 
#module 17 size: 5 bs: 2.04133e-101
11 251 564 667 771 
#module 18 size: 5 bs: 0.0223347
91 472 618 630 673 
#module 19 size: 4 bs: 1.57652e-14
288 640 919 983 
#module 20 size: 5 bs: 1.11022e-16
460 508 531 577 623 
#module 21 size: 4 bs: 1.57081e-10
329 575 614 818 
#module 22 size: 5 bs: 8.30182e-101
41 184 237 498 601 
#module 23 size: 10 bs: 0.000721146
28 70 168 270 412 429 435 571 825 894 
#module 24 size: 8 bs: 0.668288
316 349 369 394 663 671 840 847 
#module 25 size: 8 bs: 0.784277
66 97 388 586 646 666 811 879 
#module 26 size: 8 bs: 0.98931
194 373 393 500 573 647 667 747 
#module 27 size: 5 bs: 0.86113
127 375 549 565 914 
#module 28 size: 11 bs: 1.0058
3 24 108 141 187 391 470 596 624 882 916 
#module 29 size: 5 bs: 0.90156
228 249 268 418 782 
#module 30 size: 9 bs: 1.09023
59 281 368 370 401 453 550 617 937 
#module 31 size: 11 bs: 0.527634
8 17 145 197 692 728 732 813 849 939 948 
#module 32 size: 6 bs: 0.259435
10 79 287 395 650 881 
#module 33 size: 7 bs: 0.378433
6 149 382 478 561 775 835 
#module 34 size: 7 bs: 0.55724
15 87 219 341 365 444 677 
#module 35 size: 6 bs: 0.392287
1 47 112 541 656 826 
#module 36 size: 9 bs: 0.280564
13 111 135 328 380 473 502 633 766 
#module 37 size: 7 bs: 0.512965
55 142 290 510 608 669 976 
#module 38 size: 10 bs: 0.436318
56 181 261 306 374 551 609 736 839 867 
#module 39 size: 7 bs: 0.149352
65 93 259 266 413 458 690 
#module 40 size: 6 bs: 0.500636
140 147 580 801 901 979 
#module 41 size: 5 bs: 0.148148
16 151 407 602 833 
#module 42 size: 9 bs: 0.896251
156 165 207 229 379 455 576 913 923 
#module 43 size: 4 bs: 0.699023
26 29 470 494 
#module 44 size: 9 bs: 0.517227
54 234 236 275 536 851 862 888 959 
#module 45 size: 8 bs: 0.566686
132 205 343 378 441 503 622 780 
#module 46 size: 8 bs: 1.03442
2 170 196 271 430 454 545 932 
#module 47 size: 9 bs: 0.414041
161 296 426 462 465 554 704 708 809 
#module 48 size: 11 bs: 0.805596
49 180 218 363 397 467 509 613 654 753 904 
#module 49 size: 9 bs: 0.311036
332 478 584 628 776 844 876 898 962 
#module 50 size: 14 bs: 0.998914
34 49 117 150 172 183 305 381 698 757 764 845 867 906 
#module 51 size: 4 bs: 0.580487
148 244 394 871 
#module 52 size: 7 bs: 0.967107
54 106 146 235 274 910 972 
#module 53 size: 21 bs: 0.395029
42 45 50 61 62 104 315 408 431 493 521 559 572 588 679 688 700 725 837 875 896 
#module 54 size: 7 bs: 0.697772
101 166 318 410 598 603 942 
#module 55 size: 3 bs: 0.611685
195 255 277 
#module 56 size: 4 bs: 1.03044
22 179 296 866 
#module 57 size: 4 bs: 0.551131
339 425 456 465 
#module 58 size: 8 bs: 0.363752
202 330 366 597 652 832 846 900 
#module 59 size: 10 bs: 0.536346
128 206 317 333 387 570 717 756 787 941 
#module 60 size: 5 bs: 0.270841
19 211 299 578 632 
#module 61 size: 8 bs: 0.470007
173 256 310 436 451 561 705 770 
#module 62 size: 8 bs: 0.455321
25 63 163 345 427 460 623 826 
#module 63 size: 25 bs: 0.396894
31 67 73 113 118 159 209 283 304 325 350 389 402 479 515 574 590 676 706 715 720 723 814 930 956 
#module 64 size: 5 bs: 1.0812
222 501 575 587 750 
#module 65 size: 8 bs: 0.862484
32 247 250 266 322 383 523 670 
#module 66 size: 8 bs: 0.395531
95 103 313 335 471 716 742 893 
#module 67 size: 12 bs: 0.384715
75 162 357 582 616 639 643 645 694 824 863 958 
#module 68 size: 6 bs: 0.944715
309 334 437 469 473 968 
#module 69 size: 9 bs: 0.487644
120 213 217 442 482 535 544 878 907 
#module 70 size: 6 bs: 0.521869
152 399 403 667 917 932 
#module 71 size: 8 bs: 0.455634
5 121 198 348 714 741 791 913 
#module 72 size: 17 bs: 0.709471
12 177 224 253 286 292 298 474 486 651 682 779 798 817 823 843 854 
#module 73 size: 10 bs: 0.695041
223 326 405 411 524 703 717 722 795 886 
#module 74 size: 10 bs: 0.679936
94 160 241 269 344 530 646 760 793 833 
#module 75 size: 7 bs: 0.723156
109 167 300 600 861 890 982 
#module 76 size: 11 bs: 0.775186
35 48 81 110 178 266 502 789 857 889 973 
#module 77 size: 6 bs: 0.728353
60 578 593 771 884 905 
#module 78 size: 15 bs: 0.989095
9 58 62 71 77 102 245 291 340 443 617 856 908 921 950 
#module 79 size: 8 bs: 0.476572
23 294 319 331 421 533 841 873 
#module 80 size: 10 bs: 0.71657
54 68 252 272 297 480 592 755 920 927 
#module 81 size: 16 bs: 0.391703
119 123 131 143 220 263 414 497 526 543 786 811 912 931 960 987 
#module 82 size: 8 bs: 0.686986
86 98 352 419 518 678 903 978 
#module 83 size: 5 bs: 0.787987
203 697 864 877 929 
#module 84 size: 7 bs: 0.779861
260 407 445 461 481 615 740 
#module 85 size: 9 bs: 0.579396
114 241 487 555 710 747 820 842 975 
#module 86 size: 10 bs: 0.155224
116 346 406 459 498 556 581 699 746 915 
#module 87 size: 14 bs: 0.135059
82 100 225 386 424 452 477 492 554 659 674 677 876 918 
#module 88 size: 5 bs: 0.433091
266 347 607 855 909 
#module 89 size: 5 bs: 0.258059
87 162 311 338 901 
#module 90 size: 6 bs: 0.291263
99 171 231 439 658 971 
#module 91 size: 10 bs: 1.02238
158 232 237 257 295 511 572 657 850 933 
#module 92 size: 5 bs: 0.951299
37 279 527 538 792 
#module 93 size: 15 bs: 0.870126
6 23 30 38 111 163 432 456 534 554 573 631 803 974 985 
#module 94 size: 16 bs: 1.04268
107 201 415 513 514 528 529 680 709 738 768 778 781 925 963 977 
#module 95 size: 9 bs: 0.228609
103 134 265 333 542 569 583 662 665 
#module 96 size: 10 bs: 0.816694
51 90 293 398 457 532 544 773 796 859 
#module 97 size: 20 bs: 0.43058
33 80 92 153 163 164 254 264 355 449 488 577 637 719 743 752 769 784 890 901 
#module 98 size: 8 bs: 1.01352
88 133 174 298 312 519 694 730 
#module 99 size: 7 bs: 0.73315
285 473 540 568 619 648 897 
#module 100 size: 29 bs: 0.102751
4 20 46 57 69 182 199 215 221 302 323 360 438 450 553 585 604 612 641 642 644 653 739 800 880 899 902 980 984 
#module 101 size: 13 bs: 1.08605
7 43 87 239 280 434 484 507 606 683 686 702 711 
#module 102 size: 16 bs: 0.297204
85 155 258 276 356 359 367 400 456 522 565 566 595 624 776 858 
#module 103 size: 7 bs: 0.87837
3 125 129 307 547 696 793 
#module 104 size: 13 bs: 0.247307
21 139 175 230 557 620 713 729 734 761 788 928 964 
#module 105 size: 9 bs: 0.849323
243 273 307 377 420 506 747 751 805 
#module 106 size: 15 bs: 0.586716
64 84 163 172 189 251 254 272 336 428 440 504 560 589 967 
#module 107 size: 13 bs: 1.08592
27 95 191 284 342 354 621 695 759 815 831 836 869 
#module 108 size: 14 bs: 0.534204
91 133 214 321 351 447 485 552 556 635 733 745 816 926 
#module 109 size: 15 bs: 1.05257
80 89 129 224 246 314 356 371 416 473 562 696 774 865 868 
#module 110 size: 6 bs: 0.156013
337 394 567 629 685 807 
#module 111 size: 23 bs: 0.761128
14 33 80 130 137 188 192 227 288 446 517 551 591 611 661 748 754 766 767 830 892 901 938 
#module 112 size: 20 bs: 0.242537
26 124 176 212 238 248 362 396 483 636 701 707 765 810 829 848 853 872 895 966 
#module 113 size: 11 bs: 0.36853
105 126 149 301 404 422 430 731 812 870 935 
#module 114 size: 10 bs: 0.759947
34 136 158 352 353 466 746 852 891 933 
#module 115 size: 6 bs: 0.547427
76 169 226 384 516 535 
#module 116 size: 11 bs: 0.822386
154 200 210 376 476 495 507 546 634 718 749 
#module 117 size: 10 bs: 0.70493
96 409 513 537 638 681 724 772 822 911 
#module 118 size: 8 bs: 0.482165
39 74 289 356 512 744 834 934 
