#module 0 size: 30 bs: 0.718584
4 23 35 51 92 214 297 312 313 412 443 483 489 502 536 556 560 567 602 661 688 704 739 773 780 822 859 878 893 928 
#module 1 size: 71 bs: 1.01383
31 48 96 99 109 124 126 137 138 158 180 191 198 206 239 251 252 277 290 292 307 338 345 351 368 370 376 378 386 388 399 404 424 431 437 439 458 468 475 485 488 490 495 505 534 640 658 663 681 683 712 715 718 722 775 788 815 817 821 829 840 849 889 899 909 910 946 955 961 969 985 
#module 2 size: 69 bs: 0.298592
31 75 96 108 123 128 142 161 165 168 173 175 178 190 198 206 212 219 226 256 277 286 287 307 322 336 345 353 357 360 386 387 404 408 413 421 424 437 439 451 468 475 488 490 495 542 544 552 589 593 658 681 712 715 752 767 777 806 846 849 866 884 887 889 891 910 918 969 975 
#module 3 size: 21 bs: 0.692378
62 66 122 244 265 306 341 342 346 380 561 571 624 630 680 730 842 872 906 921 923 
#module 4 size: 42 bs: 0.681662
52 68 80 88 93 97 121 127 169 216 220 253 304 324 329 433 484 496 506 508 509 510 515 528 545 555 584 612 613 668 692 717 728 786 820 853 904 905 927 949 984 987 
#module 5 size: 64 bs: 0.246264
17 42 64 65 72 105 107 143 148 154 176 199 205 207 221 258 295 300 305 316 323 347 374 379 385 396 425 479 513 530 599 625 632 635 648 650 659 660 687 693 705 714 737 742 749 762 764 794 798 823 841 858 873 896 912 914 917 938 942 945 953 956 964 977 
#module 6 size: 117 bs: 0.769657
12 18 25 27 36 53 57 71 72 82 98 107 130 141 143 144 147 157 166 177 185 193 195 197 211 213 223 230 235 248 257 264 268 269 281 282 308 315 332 390 395 402 417 422 423 427 430 462 476 478 491 497 514 518 524 525 530 538 546 550 553 564 575 581 594 616 626 643 646 652 653 655 667 673 679 682 710 720 731 744 745 749 761 771 782 791 792 797 800 805 808 810 811 814 816 819 827 835 838 843 850 861 865 871 882 883 888 910 913 935 936 963 967 977 979 980 981 
#module 7 size: 51 bs: 0.841662
40 44 60 63 151 154 168 170 205 208 229 242 300 316 347 354 383 420 445 460 520 577 597 600 619 622 664 743 761 763 764 768 779 784 785 799 814 818 828 857 873 875 877 880 931 940 944 945 956 960 982 
#module 8 size: 34 bs: 0.393613
1 16 36 60 74 91 111 202 249 263 280 316 326 415 440 442 471 524 551 591 607 622 624 633 699 772 781 810 826 833 838 852 880 980 
#module 9 size: 20 bs: 0.223785
50 61 167 174 350 365 369 397 401 406 523 537 540 580 611 689 695 716 734 776 
#module 10 size: 71 bs: 0.936321
37 46 57 77 78 81 106 134 147 171 187 201 225 231 232 233 238 240 261 262 289 291 321 323 330 371 372 409 448 461 463 480 499 516 521 522 529 543 566 570 577 586 595 614 627 657 660 664 676 690 720 729 748 756 759 802 811 824 854 856 886 907 916 951 952 958 959 962 964 971 986 
#module 11 size: 60 bs: 0.215513
7 17 39 69 73 79 84 102 123 129 140 145 152 156 164 168 186 187 200 204 232 261 295 321 325 330 331 344 364 366 379 454 461 519 544 547 586 620 627 641 644 649 701 705 708 720 741 758 777 834 881 887 892 903 916 933 936 950 953 978 
#module 12 size: 27 bs: 1.07346
34 56 100 188 311 317 367 373 384 401 429 474 568 580 605 628 639 665 697 698 740 747 848 908 946 947 985 
#module 13 size: 30 bs: 0.718006
2 24 118 131 150 172 260 293 294 310 320 358 389 441 455 494 517 574 662 665 684 760 769 783 836 860 908 922 930 974 
#module 14 size: 73 bs: 0.568565
3 5 6 8 21 30 38 54 58 70 83 146 149 153 163 192 196 228 237 259 271 275 285 288 314 352 356 362 392 407 414 416 434 438 469 472 498 503 511 549 569 576 578 582 598 601 610 617 666 669 672 675 700 703 706 727 738 746 750 757 774 778 789 851 862 864 868 876 890 901 911 932 988 
#module 15 size: 74 bs: 0.152218
13 19 20 22 81 86 101 125 133 153 159 189 218 245 267 273 302 343 355 361 375 391 394 432 450 453 465 482 504 526 527 532 541 562 585 609 636 645 647 650 651 654 671 711 721 724 732 735 746 793 794 795 803 804 807 813 830 832 839 874 890 895 902 919 924 926 934 939 943 947 957 965 968 970 
#module 16 size: 77 bs: 0.537623
20 29 47 55 58 104 117 120 160 184 194 215 267 278 279 285 299 309 327 328 333 340 381 393 400 403 418 428 453 466 470 473 477 481 487 501 504 527 531 548 557 559 563 565 573 579 583 623 631 642 651 675 678 703 707 725 726 747 750 755 766 770 801 807 812 837 864 869 870 874 879 890 928 929 947 973 983 
#module 17 size: 28 bs: 0.101438
11 14 54 87 94 95 110 115 192 210 217 243 246 254 298 348 398 410 446 467 492 535 572 588 590 719 736 746 
#module 18 size: 24 bs: 0.919762
10 89 90 94 110 136 203 224 298 405 447 456 533 615 629 674 702 754 787 855 925 937 948 972 
#module 19 size: 14 bs: 0.383059
45 139 179 250 255 283 382 606 685 686 709 844 885 915 
#module 20 size: 48 bs: 0.477567
9 33 41 49 76 85 112 113 119 133 162 181 227 234 236 241 267 301 303 334 356 359 377 449 452 461 473 493 499 500 539 558 587 592 603 604 608 618 637 656 691 696 753 796 809 831 876 898 
#module 21 size: 38 bs: 0.605503
43 67 103 135 155 182 209 222 247 254 272 284 318 319 337 339 349 419 444 482 486 507 512 590 621 638 713 751 760 765 846 863 867 894 900 920 954 966 
#module 22 size: 54 bs: 1.09367
15 26 28 32 59 83 95 103 108 114 116 132 149 175 183 190 192 266 270 274 276 296 335 359 363 405 407 411 426 435 436 451 457 459 464 554 582 596 603 634 670 677 694 723 733 790 825 845 847 867 897 932 941 976 
