#module 0 size: 21 bs: 1.12128e-10
59 80 133 140 168 232 245 246 278 322 395 416 421 440 457 527 544 647 764 938 957 
#module 1 size: 23 bs: 1.44551e-13
58 87 138 328 412 457 465 490 499 501 527 536 538 586 604 624 637 668 712 721 773 939 962 
#module 2 size: 10 bs: 9.28756e-101
48 161 163 185 271 343 559 624 676 711 
#module 3 size: 27 bs: 2.22045e-16
4 63 102 105 285 293 325 355 369 376 453 454 458 468 472 528 545 679 689 705 807 822 842 870 877 913 919 
#module 4 size: 28 bs: 6.52238e-05
10 55 83 96 101 142 197 206 208 210 379 398 442 601 650 683 723 745 770 830 834 840 850 902 943 948 955 983 
#module 5 size: 18 bs: 0.02485
7 57 193 204 255 269 323 465 531 546 620 645 708 875 882 899 959 967 
#module 6 size: 9 bs: 0.00125698
51 191 390 415 425 734 762 816 900 
#module 7 size: 10 bs: 1.33227e-15
387 433 535 589 668 671 764 848 875 986 
#module 8 size: 8 bs: 0.00073627
299 444 483 517 571 574 812 863 
#module 9 size: 6 bs: 0.0828633
243 358 514 565 868 923 
#module 10 size: 20 bs: 1.16573e-14
33 38 58 64 104 111 282 295 344 358 391 487 646 668 721 731 744 825 926 946 
#module 11 size: 30 bs: 1.24234e-13
30 36 37 42 87 135 166 245 298 308 351 371 375 385 387 396 478 493 544 649 692 753 765 778 797 819 917 935 936 951 
#module 12 size: 17 bs: 2.53413e-07
11 86 128 142 166 371 488 560 716 732 774 849 850 890 904 943 987 
#module 13 size: 10 bs: 0.000615841
368 370 382 412 540 612 692 693 814 942 
#module 14 size: 37 bs: 1.73548e-06
13 75 85 100 111 139 168 173 194 236 282 287 289 292 295 330 344 353 357 421 474 525 538 555 587 593 628 663 677 681 694 781 784 802 881 884 907 
#module 15 size: 21 bs: 3.40257e-07
64 119 199 215 330 339 384 391 416 429 514 522 699 744 778 797 867 903 945 951 962 
#module 16 size: 29 bs: 5.7393e-06
89 146 149 157 159 172 181 202 224 281 301 304 336 457 510 543 589 611 651 657 660 669 800 809 824 855 865 920 963 
#module 17 size: 25 bs: 1.02696e-13
18 57 65 87 119 143 215 384 391 416 497 608 627 635 641 656 721 729 786 797 819 887 951 962 969 
#module 18 size: 35 bs: 3.01681e-05
12 36 60 78 123 128 168 219 227 237 278 372 413 419 474 494 495 516 527 580 634 637 638 658 659 665 802 867 883 934 936 938 963 969 981 
#module 19 size: 23 bs: 6.27703e-08
26 125 179 193 213 238 243 287 308 354 371 497 517 526 569 579 610 616 840 845 885 895 916 
#module 20 size: 11 bs: 0.000140589
116 349 368 404 444 530 804 841 916 934 987 
#module 21 size: 19 bs: 0.00288307
85 298 422 445 476 485 553 582 584 593 651 703 725 781 782 812 814 858 883 
#module 22 size: 34 bs: 1.05435
19 55 156 164 197 200 205 210 230 261 341 383 396 450 530 533 576 643 650 670 709 727 745 751 755 760 813 834 850 871 874 943 966 983 
#module 23 size: 19 bs: 0.42499
64 82 143 171 184 388 426 496 542 565 644 655 785 791 931 939 958 969 981 
#module 24 size: 22 bs: 0.520331
2 12 58 93 128 165 166 168 270 278 321 547 549 550 605 632 726 765 886 912 917 938 
#module 25 size: 15 bs: 0.672362
76 169 212 235 310 312 350 375 486 513 619 702 735 940 961 
#module 26 size: 23 bs: 0.93031
14 141 149 207 256 274 345 363 386 488 629 715 722 728 815 849 856 897 947 948 951 971 972 
#module 27 size: 54 bs: 0.322617
4 8 13 19 34 49 71 110 115 118 124 157 159 211 237 240 251 257 279 288 318 324 327 346 348 350 378 381 406 409 467 502 504 507 518 592 595 639 717 718 738 742 758 777 790 796 805 811 837 839 879 940 973 977 
#module 28 size: 55 bs: 1.08226
18 67 90 97 123 127 134 143 169 188 209 216 236 241 250 253 300 308 352 366 402 414 436 448 462 463 464 499 506 512 514 570 591 593 626 640 642 698 699 702 710 735 748 757 767 768 883 888 903 906 935 936 969 979 981 
#module 29 size: 54 bs: 1.07772
12 29 39 76 103 141 145 148 159 165 183 206 231 240 242 244 251 272 276 283 293 317 342 348 356 364 399 411 417 418 424 427 431 451 508 512 553 557 607 612 619 622 678 716 769 780 803 804 818 834 855 905 941 956 
#module 30 size: 35 bs: 0.31582
22 50 79 120 159 203 220 234 268 331 333 337 345 346 362 442 494 585 614 620 640 730 752 763 801 809 851 861 882 888 892 899 914 959 975 
#module 31 size: 34 bs: 0.206172
5 22 46 56 70 117 130 249 263 311 329 337 340 346 375 397 474 504 512 554 653 662 667 719 730 737 752 761 772 826 844 909 921 944 
#module 32 size: 24 bs: 0.275114
3 27 62 89 112 118 290 347 439 470 485 492 498 590 602 652 700 713 730 750 766 843 898 919 
#module 33 size: 62 bs: 0.708442
15 51 59 80 84 88 98 99 107 124 144 162 170 214 221 232 266 303 315 319 333 349 394 410 428 440 456 476 524 537 547 555 575 581 587 588 596 609 613 621 625 628 695 718 746 747 762 776 788 791 799 803 817 839 841 893 900 915 925 930 949 980 
#module 34 size: 19 bs: 0.898103
39 52 89 103 108 240 334 379 411 459 481 484 524 543 576 599 858 971 972 
