950	169	850	767	107	937	234	467	757	29	749	268	476	608	174	754	453	333	773	250	915	632	
261	567	688	317	876	296	227	975	186	205	673	120	942	
172	123	677	656	762	465	276	239	363	142	70	26	315	475	153	405	2	456	343	842	360	230	961	941	254	789	940	31	292	735	279	
545	760	938	232	987	959	424	248	355	233	540	13	399	648	970	571	132	46	776	278	305	612	826	
157	613	
584	4	634	979	314	155	464	162	168	801	178	304	591	87	713	583	307	674	204	728	653	877	346	382	911	863	451	967	983	603	459	592	473	866	67	117	777	663	300	
522	969	
599	892	207	80	799	702	71	75	498	569	796	252	32	197	631	714	206	647	966	128	222	325	337	49	263	417	543	953	534	
581	655	
396	339	
582	596	
557	143	111	849	237	115	433	731	139	251	216	514	390	888	97	496	742	740	925	371	882	791	235	916	472	585	623	
804	445	
774	890	411	164	889	672	410	617	904	519	293	286	274	149	523	513	745	175	864	395	105	265	934	598	116	362	807	894	898	354	589	91	624	730	34	601	610	884	692	297	103	84	443	964	641	649	615	351	639	33	68	737	352	280	621	619	247	510	210	245	579	480	
539	108	680	375	402	177	825	163	414	76	38	231	912	
340	951	101	144	949	772	900	614	744	820	384	416	372	893	119	793	146	353	319	652	301	526	899	824	284	827	156	703	133	922	434	524	492	906	51	554	179	512	184	215	830	341	808	753	786	497	
457	394	719	449	718	310	419	25	255	638	689	483	187	551	887	628	645	160	54	814	535	243	875	909	982	189	845	345	58	
862	502	
895	978	
487	61	
3	
525	
376	100	431	529	17	437	681	282	743	537	452	715	209	277	441	574	320	691	926	125	924	782	173	527	386	240	96	977	788	
298	270	
294	
860	
795	
797	
939	
764	
446	
249	
439	
404	
308	
200	
593	
198	
650	
330	
550	
241	
201	
976	
640	
350	
11	
488	
16	
104	
694	378	963	193	843	461	344	971	973	855	45	127	466	595	69	322	137	406	73	426	682	547	985	287	553	336	85	145	389	792	269	324	112	219	72	723	504	28	683	15	436	769	481	229	594	708	544	35	752	159	470	383	82	565	
40	
39	
295	
356	
720	
447	
958	
88	
658	
908	
679	684	
546	
686	
306	
217	
506	
839	
486	
334	532	871	560	312	765	500	485	52	19	575	746	130	63	214	577	428	600	561	667	528	709	921	403	531	311	781	79	99	587	98	440	124	182	22	218	923	432	803	913	458	636	750	879	81	21	482	55	221	837	622	257	460	566	559	920	225	7	102	515	64	980	
643	812	
751	
508	
902	
869	
872	
716	
77	
