#module 0 size: 20 bs: 0.00159413
128 131 177 218 225 231 324 400 409 446 586 611 620 623 665 759 784 919 1305 1331 
#module 1 size: 178 bs: 0.251957
53 56 57 59 65 70 79 95 101 109 112 113 117 119 120 121 123 133 139 143 144 147 149 152 156 158 159 163 164 166 167 168 185 186 187 189 194 195 199 201 209 223 224 237 255 261 272 274 276 278 281 282 283 287 289 295 306 309 313 314 322 333 341 342 343 344 355 356 357 358 360 386 391 403 405 406 408 417 421 424 434 442 449 458 467 475 476 490 497 512 520 524 531 533 534 544 552 553 554 555 571 572 574 578 583 590 597 599 602 603 605 610 625 629 634 641 647 648 655 656 659 661 668 670 678 679 687 699 711 712 725 735 736 743 745 754 756 764 770 773 795 796 805 822 833 839 850 857 860 865 866 874 885 889 910 933 948 955 968 973 975 985 998 1010 1012 1014 1019 1026 1028 1040 1127 1272 1273 1326 1339 1351 1354 1357 
#module 2 size: 45 bs: 0.679838
58 105 130 222 277 348 368 389 448 455 470 530 536 546 548 573 576 612 633 643 645 646 660 683 729 730 760 792 825 828 853 870 873 879 882 886 919 929 930 958 976 999 1022 1218 1325 
#module 3 size: 47 bs: 0.893958
5 52 55 96 178 188 207 212 215 233 238 271 303 337 345 350 354 363 396 411 412 428 437 459 540 644 651 719 741 762 775 862 883 913 918 920 951 971 1030 1078 1141 1221 1321 1334 1367 1376 1377 
#module 4 size: 99 bs: 0.245984
51 81 88 89 105 124 126 127 130 148 155 176 205 216 232 235 250 286 293 317 318 328 329 330 331 332 335 370 380 388 389 395 410 429 431 455 464 471 472 525 528 556 560 563 569 573 576 577 588 591 618 624 630 633 637 645 646 662 673 677 690 693 700 715 730 731 732 733 739 750 765 789 804 814 826 870 873 886 888 894 901 905 909 912 956 981 986 994 999 1024 1029 1140 1252 1283 1295 1304 1332 1333 1359 
#module 5 size: 103 bs: 0.613216
3 6 49 60 61 67 69 73 75 77 88 91 92 93 98 100 102 103 124 138 145 161 184 191 192 217 220 246 254 260 262 263 285 294 296 300 329 330 339 376 394 399 402 419 422 423 432 436 445 460 464 473 511 537 541 542 551 561 567 570 575 587 600 606 635 636 652 681 686 692 707 750 751 757 765 772 783 787 788 798 808 814 823 830 838 854 872 905 907 914 928 938 960 961 962 966 970 1011 1140 1149 1216 1220 1353 
#module 6 size: 64 bs: 0.371981
54 55 190 206 207 208 215 227 239 244 249 256 299 307 365 366 374 377 379 384 390 401 425 428 439 463 468 469 519 540 547 558 565 566 581 585 619 627 631 651 672 703 704 705 710 748 749 769 813 818 829 840 868 869 883 916 917 920 972 982 1008 1092 1276 1297 
#module 7 size: 45 bs: 0.818919
115 146 179 202 228 234 245 247 259 293 310 312 325 375 418 426 427 435 456 461 462 543 557 596 628 639 676 684 688 726 737 746 755 794 799 801 816 867 875 877 902 984 997 1267 1302 
#module 8 size: 166 bs: 1.08434
4 7 10 11 12 14 15 16 17 18 19 20 21 23 24 25 26 27 28 30 31 32 33 34 36 38 42 46 72 82 94 97 99 137 170 181 204 226 236 240 241 242 265 266 275 280 316 323 334 336 340 351 382 404 415 420 444 451 455 483 563 568 642 671 673 708 716 721 727 774 776 790 793 844 855 881 884 893 897 909 921 939 963 964 989 1001 1007 1023 1027 1032 1033 1039 1043 1048 1053 1058 1064 1071 1086 1093 1099 1105 1115 1120 1121 1132 1136 1150 1164 1170 1177 1183 1196 1202 1224 1228 1234 1240 1246 1253 1258 1265 1266 1268 1269 1270 1274 1277 1283 1285 1298 1299 1300 1301 1303 1306 1307 1308 1316 1317 1319 1320 1322 1323 1324 1327 1328 1329 1330 1335 1336 1337 1340 1341 1342 1350 1356 1358 1361 1364 1365 1371 1373 1374 1375 1378 
#module 9 size: 23 bs: 0.977592
165 177 210 248 257 362 433 452 549 589 608 613 622 693 810 836 861 892 906 974 1020 1030 1295 
#module 10 size: 15 bs: 0.426252
78 108 269 319 343 349 407 413 453 521 598 786 892 953 978 
#module 11 size: 35 bs: 0.934091
1 90 115 116 125 132 135 142 146 162 214 264 292 301 338 418 457 466 538 539 639 658 682 684 713 722 747 827 851 859 875 876 898 904 969 
#module 12 size: 82 bs: 0.866903
114 122 154 157 160 182 183 196 213 221 233 253 284 288 291 308 321 369 401 447 454 474 535 545 559 562 580 593 644 650 651 664 667 669 674 675 680 705 719 720 724 742 763 797 802 806 809 817 824 835 843 858 864 871 878 880 883 887 891 895 911 932 936 949 950 957 965 971 988 995 1006 1008 1016 1042 1221 1271 1275 1282 1338 1360 1362 1369 
#module 13 size: 79 bs: 0.647121
13 22 29 35 37 50 64 66 76 111 140 180 197 253 267 273 290 315 359 362 433 438 441 465 491 505 523 532 594 614 621 626 632 638 644 701 705 734 738 768 811 815 832 835 844 883 887 912 921 937 959 971 974 977 980 987 995 1041 1042 1048 1053 1071 1112 1132 1136 1157 1190 1222 1228 1293 1294 1315 1318 1326 1355 1366 1368 1370 1372 
#module 14 size: 58 bs: 0.565166
2 96 106 107 150 188 193 203 211 251 270 297 326 347 383 392 416 447 529 547 564 584 592 604 607 628 654 691 697 698 702 728 741 771 821 834 842 862 899 903 934 935 952 996 1009 1015 1017 1018 1021 1142 1209 1217 1219 1223 1284 1321 1349 1352 
#module 15 size: 25 bs: 0.772315
74 80 104 129 198 320 361 367 371 372 398 450 466 674 718 851 863 932 954 967 1000 1025 1092 1296 1362 
#module 16 size: 31 bs: 0.289976
110 118 162 214 219 229 258 292 298 301 305 311 353 381 385 522 526 579 615 649 666 714 740 753 766 890 900 915 931 1264 1363 
#module 17 size: 38 bs: 0.244482
48 62 71 169 243 268 327 346 352 364 387 414 419 443 527 594 595 601 609 616 640 653 685 695 744 767 800 803 812 819 820 831 841 849 856 908 979 1267 
#module 18 size: 51 bs: 0.724182
63 68 86 87 134 136 141 142 151 153 200 230 252 279 302 304 346 373 378 393 397 430 440 443 550 582 616 617 657 663 666 689 694 696 706 709 717 723 752 758 761 791 807 837 852 858 896 947 983 1013 1031 
