#module 0 size: 3 bs: 2.44249e-15
42 679 755 
#module 1 size: 3 bs: 2.21553e-11
433 496 594 
#module 2 size: 2 bs: 2.7367e-13
415 778 
#module 3 size: 6 bs: 5.18333e-101
20 154 210 495 634 718 
#module 4 size: 2 bs: 6.66134e-16
593 884 
#module 5 size: 5 bs: 8.90197e-07
80 541 826 861 868 
#module 6 size: 3 bs: 8.28721e-101
84 712 860 
#module 7 size: 4 bs: 2.67842e-07
19 75 471 639 
#module 8 size: 3 bs: 3.3724e-101
397 513 605 
#module 9 size: 4 bs: 2.25454e-101
235 384 812 921 
#module 10 size: 5 bs: 0.00577647
407 503 643 697 877 
#module 11 size: 3 bs: 2.34784e-05
129 793 887 
#module 12 size: 6 bs: 2.93048e-101
26 49 191 374 410 608 
#module 13 size: 5 bs: 6.94928e-101
363 397 443 447 509 
#module 14 size: 5 bs: 1.30351e-12
280 639 702 771 833 
#module 15 size: 8 bs: 5.46316e-08
7 43 80 137 239 434 702 752 
#module 16 size: 2 bs: 2.21758e-101
475 806 
#module 17 size: 4 bs: 9.61234e-101
263 551 609 867 
#module 18 size: 6 bs: 0.0359904
161 194 393 500 704 708 
#module 19 size: 6 bs: 5.21936e-101
11 74 356 399 667 917 
#module 20 size: 16 bs: 0.66252
8 79 144 145 197 204 417 558 655 692 728 732 849 939 948 953 
#module 21 size: 4 bs: 0.587205
100 297 492 927 
#module 22 size: 11 bs: 0.497227
62 128 156 443 617 632 662 787 834 859 941 
#module 23 size: 13 bs: 0.36268
60 119 123 143 220 263 400 497 786 813 931 960 987 
#module 24 size: 6 bs: 0.363647
36 204 287 726 949 981 
#module 25 size: 20 bs: 0.780377
94 177 223 224 253 286 292 298 405 416 486 547 682 722 779 798 817 823 843 854 
#module 26 size: 6 bs: 0.829027
50 61 80 289 674 725 
#module 27 size: 7 bs: 0.98137
62 315 408 431 521 567 688 
#module 28 size: 25 bs: 0.732811
9 45 61 104 166 172 318 329 331 353 354 410 493 559 588 597 598 603 652 845 846 864 896 942 966 
#module 29 size: 7 bs: 1.04295
241 395 487 710 747 842 975 
#module 30 size: 5 bs: 1.01081
59 501 689 885 938 
#module 31 size: 6 bs: 0.773574
126 219 348 791 889 935 
#module 32 size: 7 bs: 0.823879
266 347 368 599 607 855 909 
#module 33 size: 10 bs: 1.06015
58 71 131 245 383 387 467 716 835 921 
#module 34 size: 7 bs: 1.04731
313 335 346 451 471 569 742 
#module 35 size: 13 bs: 0.52707
56 136 158 203 226 232 250 257 295 466 616 852 891 
#module 36 size: 6 bs: 0.868897
16 407 445 461 481 740 
#module 37 size: 3 bs: 0.683801
488 631 974 
#module 38 size: 7 bs: 0.502405
200 321 376 514 546 749 892 
#module 39 size: 6 bs: 0.597691
64 252 356 404 454 686 
#module 40 size: 12 bs: 0.855978
29 147 228 243 244 251 288 592 685 751 754 875 
#module 41 size: 8 bs: 0.945835
349 369 394 663 671 840 847 982 
#module 42 size: 13 bs: 0.365616
22 27 181 202 284 330 354 366 810 815 832 869 900 
#module 43 size: 10 bs: 0.942295
85 198 342 412 529 534 621 738 925 963 
#module 44 size: 11 bs: 0.551599
73 225 259 270 458 525 565 672 675 785 876 
#module 45 size: 14 bs: 0.729476
69 99 199 295 323 352 439 450 612 641 644 678 902 980 
#module 46 size: 14 bs: 0.588927
12 140 307 326 350 411 474 703 717 795 799 830 865 886 
#module 47 size: 14 bs: 0.208516
32 51 265 293 357 406 447 472 544 734 773 780 796 928 
#module 48 size: 13 bs: 0.573472
21 116 175 360 398 406 457 459 498 620 622 746 964 
#module 49 size: 9 bs: 0.116771
10 107 201 528 529 680 768 781 881 
#module 50 size: 8 bs: 0.743177
409 479 513 519 537 584 772 822 
#module 51 size: 9 bs: 0.351785
28 76 162 309 367 392 423 656 709 
#module 52 size: 9 bs: 0.479438
116 120 221 273 459 532 572 699 915 
#module 53 size: 17 bs: 0.662758
4 57 90 171 231 302 378 438 476 585 642 653 739 745 800 880 899 
#module 54 size: 12 bs: 0.214729
17 85 149 412 435 508 640 711 741 760 919 983 
#module 55 size: 16 bs: 0.899599
34 77 91 133 340 446 552 582 616 618 645 733 824 863 905 908 
#module 56 size: 27 bs: 0.144007
31 67 113 159 209 222 283 304 325 389 402 479 515 555 574 590 706 715 720 723 756 814 858 910 930 956 972 
#module 57 size: 6 bs: 0.841238
89 371 465 554 696 789 
#module 58 size: 18 bs: 0.716282
27 124 148 176 179 212 226 238 248 296 370 530 701 765 829 837 872 895 
#module 59 size: 8 bs: 1.04386
39 48 319 324 664 686 802 853 
#module 60 size: 4 bs: 0.290465
103 579 583 665 
#module 61 size: 6 bs: 1.0196
111 135 291 328 380 766 
#module 62 size: 10 bs: 0.309568
243 263 356 377 420 578 684 747 774 820 
#module 63 size: 13 bs: 0.438235
5 165 207 229 379 469 524 565 647 775 913 923 943 
#module 64 size: 11 bs: 0.974514
87 121 149 246 256 484 562 610 673 774 907 
#module 65 size: 3 bs: 0.188507
272 589 888 
#module 66 size: 7 bs: 1.06877
125 211 344 462 621 683 760 
#module 67 size: 19 bs: 0.437457
24 47 65 112 114 141 275 288 446 494 526 538 637 744 748 766 841 851 912 
#module 68 size: 8 bs: 0.938024
1 25 30 109 110 507 600 705 
#module 69 size: 6 bs: 0.959235
80 249 268 418 629 807 
#module 70 size: 11 bs: 0.282595
14 115 134 188 192 333 337 517 611 770 809 
#module 71 size: 7 bs: 0.834716
273 441 511 553 657 699 903 
#module 72 size: 21 bs: 0.285553
117 118 150 167 183 196 301 303 305 381 396 621 636 695 698 764 831 836 867 869 932 
#module 73 size: 24 bs: 0.992515
35 93 130 149 259 266 269 296 299 300 316 334 365 375 413 426 478 549 565 670 690 731 870 973 
#module 74 size: 4 bs: 0.238365
87 311 522 689 
#module 75 size: 17 bs: 0.718701
3 15 140 180 218 310 372 385 444 467 502 564 613 654 677 750 782 
#module 76 size: 8 bs: 0.705545
294 463 506 556 581 602 700 878 
#module 77 size: 6 bs: 0.672533
483 504 550 597 791 848 
#module 78 size: 8 bs: 0.853129
95 183 281 401 572 617 893 906 
#module 79 size: 7 bs: 0.500051
173 356 436 480 499 561 920 
#module 80 size: 11 bs: 0.79691
88 133 174 277 298 312 540 714 805 816 818 
#module 81 size: 12 bs: 0.252688
66 70 127 298 428 516 586 666 811 825 879 936 
#module 82 size: 6 bs: 0.818443
170 261 362 502 543 545 
#module 83 size: 6 bs: 0.418895
554 628 776 844 962 984 
#module 84 size: 14 bs: 0.101996
83 85 155 276 340 359 414 566 595 630 650 730 894 950 
#module 85 size: 16 bs: 0.693025
108 164 187 234 391 424 470 596 624 767 804 882 890 916 967 971 
#module 86 size: 9 bs: 0.20862
3 13 319 523 536 600 676 750 753 
#module 87 size: 7 bs: 1.00601
86 98 382 518 784 871 978 
#module 88 size: 6 bs: 0.12475
20 214 351 635 831 968 
#module 89 size: 8 bs: 0.166369
258 339 348 386 456 856 858 937 
#module 90 size: 11 bs: 0.179605
97 105 152 169 240 422 428 535 651 694 976 
#module 91 size: 9 bs: 0.125909
151 168 285 473 568 619 648 857 897 
#module 92 size: 7 bs: 0.553236
33 92 218 264 637 901 985 
#module 93 size: 9 bs: 1.08433
81 460 477 533 554 633 781 904 929 
#module 94 size: 15 bs: 0.948749
37 153 254 279 355 427 449 453 527 531 577 614 623 769 792 
#module 95 size: 9 bs: 0.749223
55 81 178 195 255 425 759 977 979 
#module 96 size: 29 bs: 0.446914
20 41 46 102 132 139 182 184 206 210 213 215 217 230 237 317 419 442 482 557 570 601 658 713 729 761 788 926 958 
#module 97 size: 11 bs: 0.125993
62 271 352 373 539 604 641 646 812 850 933 
#module 98 size: 7 bs: 0.317404
146 247 314 429 576 606 707 
#module 99 size: 7 bs: 0.80684
2 236 247 322 430 444 455 
#module 100 size: 8 bs: 0.343272
146 341 421 444 465 719 866 914 
#module 101 size: 9 bs: 0.738022
6 23 432 534 542 571 573 575 873 
#module 102 size: 4 bs: 0.438708
388 437 505 625 
#module 103 size: 8 bs: 1.03984
142 290 306 510 669 736 839 959 
#module 104 size: 9 bs: 0.573224
38 72 101 163 332 449 743 757 803 
#module 105 size: 9 bs: 0.821812
160 189 227 251 336 580 591 615 801 
#module 106 size: 5 bs: 1.0751
36 189 282 485 922 
#module 107 size: 4 bs: 1.0586
440 560 808 862 
#module 108 size: 9 bs: 0.774453
82 338 403 452 492 554 587 659 918 
#module 109 size: 5 bs: 0.413513
54 68 512 876 934 
#module 110 size: 16 bs: 0.703439
63 96 106 205 260 274 343 345 464 638 661 681 724 776 898 911 
