#module 0 size: 6 bs: 7.93872e-101
3029 5165 6279 8033 8836 9882 
#module 1 size: 9 bs: 0.0954236
2838 3009 7178 7410 9408 9702 11369 11657 12644 
#module 2 size: 3 bs: 0.0177667
1263 7237 7705 
#module 3 size: 3 bs: 3.09064e-12
2642 6096 7639 
#module 4 size: 3 bs: 0.0635471
6583 8568 8979 
#module 5 size: 3 bs: 8.26351e-10
2416 3011 11535 
#module 6 size: 6 bs: 2.04628e-06
1220 4230 7265 8933 9093 10311 
#module 7 size: 6 bs: 0.676614
62 2225 11334 11678 12641 12685 
#module 8 size: 6 bs: 0.771384
2473 3423 3833 3974 6457 8123 
#module 9 size: 5 bs: 0.956372
3624 4035 6380 8877 9006 
#module 10 size: 10 bs: 0.63146
957 3846 3963 5787 7123 7458 7463 8832 9241 9368 
#module 11 size: 5 bs: 0.589432
1466 6707 9755 10783 11224 
#module 12 size: 5 bs: 0.913949
8747 9551 9635 9669 12228 
#module 13 size: 7 bs: 0.138765
2324 4121 4494 5164 5993 7975 9958 
#module 14 size: 5 bs: 0.573077
3529 3636 3817 6903 10910 
#module 15 size: 5 bs: 0.682874
6144 6863 8635 9852 10717 
#module 16 size: 11 bs: 0.877567
1154 1411 1942 1978 3232 3481 4702 5877 6297 7100 9157 
#module 17 size: 4 bs: 0.234792
3658 6021 8977 9276 
#module 18 size: 31 bs: 1.00564
1642 1694 2270 2523 2589 2835 2958 3111 3687 3859 3986 4084 4091 4408 4413 4654 4668 4837 4973 5110 5142 6217 6262 6729 7578 8584 9145 9375 9650 10461 11708 
#module 19 size: 24 bs: 0.57469
1319 1986 3697 3979 3995 4302 4401 4842 4896 5010 5272 5618 6765 6804 6871 6993 7048 7324 8715 8840 9590 9863 10603 10701 
#module 20 size: 30 bs: 0.827514
57 1318 1662 1784 1804 2095 3114 3290 3331 3862 4580 4966 5138 5372 5614 6157 6214 6358 6410 6472 6746 6769 7153 7191 7509 8254 8489 9870 9906 10218 
#module 21 size: 13 bs: 0.553497
2465 2867 4061 4573 4982 5150 5484 5737 8145 10621 10745 10979 12813 
#module 22 size: 9 bs: 0.685772
830 1429 5606 7007 7320 8474 9288 10504 10743 
#module 23 size: 6 bs: 0.133853
2701 3414 3689 5689 6857 7926 
#module 24 size: 7 bs: 0.926392
1931 2824 4534 6855 8324 10631 11380 
#module 25 size: 60 bs: 0.514844
5 10 766 851 1038 1492 1599 1737 1904 1905 2165 2311 2554 2578 2707 3739 4307 4429 4636 4677 4843 5144 5260 5278 5364 5466 5681 5738 5862 5907 6236 6515 6521 6924 7165 7377 7500 7683 7857 7888 8285 8300 8379 8618 9331 9459 9553 9753 9756 9923 9961 10160 10215 10579 10633 10678 10966 11342 12523 12992 
#module 26 size: 4 bs: 0.368404
1773 3826 6747 12293 
#module 27 size: 20 bs: 0.844345
1085 1235 1949 2341 2513 2798 3128 3244 4400 4547 4621 4963 5883 6835 7840 8217 8420 8492 9026 11233 
#module 28 size: 23 bs: 0.805008
835 1222 1894 2099 3484 3488 4284 4889 5429 5492 5794 5992 6540 7223 7227 7375 8436 8490 8875 9283 10818 10980 11259 
#module 29 size: 8 bs: 0.129481
3744 4361 4697 5954 6528 6751 7141 7696 
#module 30 size: 41 bs: 0.719467
2 1443 1520 1525 1798 1821 1886 1974 2906 3625 3758 3815 3897 4133 4244 4371 4421 4804 4933 5811 5929 6139 6674 6679 6893 7004 7386 7839 7947 8009 8668 8737 9300 9320 9348 9366 9624 10251 10316 10336 11074 
#module 31 size: 38 bs: 0.488994
49 1108 1427 1692 1725 2072 2173 2297 2323 2449 2789 2866 2883 2918 3603 3661 4529 4873 5532 5808 6014 6023 6332 6411 6578 6853 7538 7798 7914 8199 8250 8660 8935 8938 9278 10396 11949 12510 
#module 32 size: 8 bs: 0.267285
2762 3195 3505 3638 6532 7344 9105 9165 
#module 33 size: 43 bs: 0.21232
29 891 931 1337 1664 1890 1901 2025 2339 2475 2637 2690 2890 2903 3076 3392 3767 3988 4023 4897 4905 4914 4969 4997 5167 5448 5487 5918 6316 6492 7317 7330 7676 7881 8203 8243 8385 8418 9712 9872 10253 10947 12590 
#module 34 size: 44 bs: 0.879259
1119 1188 1753 1864 1905 2084 2457 2542 2573 2760 3527 3592 3760 3950 3982 4237 4764 4876 4881 4882 5628 6197 6206 7094 7275 7383 7384 7744 8038 8245 8575 9192 9541 9768 9771 9846 9893 10044 10133 10329 10343 10791 10814 12950 
#module 35 size: 6 bs: 1.02075
4107 4571 4587 6396 7298 9247 
#module 36 size: 53 bs: 0.18109
1081 1350 1596 1888 1952 1982 2053 2067 2361 2486 2950 2968 3363 3383 3495 3933 4211 4287 4340 4399 4438 4630 4960 5091 5334 5555 5595 5742 6110 6253 6317 6392 6577 6578 6822 6928 6957 7131 7462 7701 7918 7932 8059 8110 8930 9868 9986 10175 10795 10879 11188 11340 11556 
#module 37 size: 44 bs: 0.870843
41 1100 1162 1362 1427 1463 1696 1729 1845 2509 2564 2913 3135 3448 4245 4716 4863 4932 5343 5599 6246 6478 6533 6539 7048 7092 7171 7646 7762 7769 7781 7809 7868 8175 8204 8266 8875 8881 8985 9287 9296 10001 10370 10981 
#module 38 size: 20 bs: 0.393206
1217 1435 2082 2819 3604 3661 4044 4417 4945 5231 5492 5768 5973 7645 7907 8155 8348 8434 9608 9838 
#module 39 size: 46 bs: 0.931096
781 1392 1495 1780 1938 2482 2650 2729 3335 4509 4521 4603 4943 5081 5562 5579 5793 6265 7135 7146 7158 7886 8083 8165 8774 8923 9121 9148 9208 9311 9645 9704 9814 9839 9935 10225 10433 10554 10593 10720 10788 11268 11664 12642 12882 12889 
#module 40 size: 49 bs: 0.839561
810 1496 1578 2057 2161 2492 2722 2910 3069 3149 3262 3314 3464 3465 3518 3524 3792 4077 4206 4312 4826 4838 5022 5123 5984 6569 6626 6663 6669 7085 7102 7110 7703 7929 8319 8331 8614 8707 8757 9297 9396 9397 9478 9548 9639 10042 10608 10624 11032 
#module 41 size: 28 bs: 0.126605
12 28 1003 1547 1588 1779 2254 2372 3190 3335 3761 4119 4532 4543 5135 5162 5356 5990 6471 7491 7511 7677 8206 8471 8543 8615 9763 10850 
#module 42 size: 24 bs: 1.06694
1571 2140 3172 3710 3847 3934 4283 4916 5222 5873 6153 6760 7273 7697 7946 8270 8889 8903 9753 9920 10003 10592 10929 10952 
#module 43 size: 52 bs: 0.536714
56 1051 1963 2344 2371 2768 2817 3797 3893 3992 4031 4055 4184 4528 4938 4947 5056 5433 5901 5942 6288 6361 6469 6701 6720 7064 7104 7122 7214 7328 7613 8039 8510 8555 8577 8872 8946 9110 9137 9308 9336 9513 10063 10151 10219 10222 10755 10777 10932 11504 11693 11815 
#module 44 size: 36 bs: 0.2796
1015 1270 1501 1843 2537 3299 3450 3780 3823 4291 4338 4596 4700 5317 5418 5553 5724 5753 6098 6593 7119 7226 7231 7755 8558 8636 8688 9117 9521 9626 10627 10934 11031 11447 11604 12555 
#module 45 size: 17 bs: 0.276075
1293 2476 2587 3152 3400 5412 5957 5988 7164 8191 8264 8626 9377 11159 12170 12679 12881 
#module 46 size: 42 bs: 0.256426
51 1066 1091 1353 1830 2027 2058 2230 2268 2631 2679 2790 2796 2957 3087 3162 3586 4246 4519 4642 4919 5109 5778 5861 6308 6763 6798 7617 8475 8586 8950 8951 8984 9024 9101 9794 10228 10402 10457 10882 11411 12683 
#module 47 size: 106 bs: 0.556438
764 1072 1208 1468 1541 1751 1842 1891 1973 2186 2283 2338 2351 2432 2516 2571 2579 2624 3150 3206 3302 3503 3756 3822 3971 4102 4110 4134 4218 4247 4322 4457 4528 4566 4746 4901 4984 5012 5160 5308 5525 5538 5566 5712 5750 5824 6152 6209 6213 6256 6312 6348 6356 6357 6453 6468 6526 6724 6730 6784 6841 6879 7167 7193 7207 7270 7338 7549 7615 7727 7765 7858 7998 8099 8268 8378 8528 8602 8862 9066 9162 9318 9338 9508 9609 9671 9819 9821 10014 10029 10107 10123 10166 10187 10244 10366 10371 10380 10527 10584 10712 10851 11003 11475 11550 11878 
#module 48 size: 28 bs: 0.678358
1014 1877 2715 2886 2953 3001 3006 3452 3542 4959 5246 5878 6198 6958 7147 7282 7589 7661 7796 8679 9361 9526 10068 10444 10583 10771 10847 12885 
#module 49 size: 6 bs: 0.270115
1018 4350 5872 8963 10360 10961 
#module 50 size: 6 bs: 0.45564
1743 1857 3057 5755 6480 6987 
#module 51 size: 56 bs: 0.633985
789 865 926 1135 1230 1283 1809 1835 1880 1985 1998 2090 2177 2435 2616 2700 2850 2952 3026 3181 3185 3213 3278 3827 4615 4726 4727 4733 4768 4941 5697 5710 5946 6485 6563 6612 6712 6965 7023 7460 7644 8208 8251 8269 8315 8390 8653 8997 9044 9161 9185 9793 10468 10591 10730 11067 
#module 52 size: 9 bs: 0.939327
1225 1792 3644 5590 6487 8096 8991 10193 10256 
#module 53 size: 9 bs: 0.522383
3451 4273 4931 5239 7681 9840 12077 12661 12995 
#module 54 size: 6 bs: 0.899592
759 4978 6159 7456 8905 10460 
#module 55 size: 25 bs: 0.886447
1095 1537 1542 1975 1984 2044 3889 4780 4909 5397 5616 5660 5685 6385 6489 7203 8322 8338 8380 8681 9419 9445 9679 9689 12666 
#module 56 size: 5 bs: 1.05323
2803 3213 8443 10566 10827 
#module 57 size: 28 bs: 0.429715
825 962 1102 3436 3582 4233 4297 4563 4646 4798 5341 5375 5637 5849 5852 5896 5931 6264 7512 7643 8286 9085 9981 10097 10132 10703 11123 11660 
#module 58 size: 46 bs: 0.430126
807 1297 1336 1381 1904 2031 2227 2284 2647 3008 3050 3296 3342 3602 4057 4362 4378 4465 5310 5466 5513 5526 5686 5734 6079 6236 6313 6521 6787 6808 6954 6985 7156 7168 7836 8227 8551 8622 9757 10043 10078 10319 10746 11136 12523 12977 
#module 59 size: 8 bs: 0.568829
1685 1867 3533 3954 8062 9531 10056 11095 
#module 60 size: 67 bs: 0.205221
795 960 1119 1195 1237 1444 1498 1905 2338 2346 2491 2717 2760 2915 3067 3473 3527 3560 3592 3861 3883 4142 4156 4237 4579 4764 4805 4850 4881 5201 5323 5479 5522 5535 5745 5903 5968 6206 6537 7699 7888 8024 8091 8100 8575 8711 8738 8782 8793 8845 9020 9030 9092 9192 9241 9802 9828 9893 9944 10282 10329 10858 10886 10988 11096 13055 13065 
#module 61 size: 7 bs: 0.537974
966 1170 3938 8797 10705 12891 12905 
#module 62 size: 15 bs: 0.362014
1103 3061 3328 4862 5092 5152 5191 5816 6298 6396 7081 7435 7884 8352 8412 
#module 63 size: 30 bs: 0.653515
1394 1557 1558 1602 2420 2660 2907 2927 2928 2969 3478 3935 4781 5728 5881 6046 6113 7264 7682 7730 7770 7830 8724 8856 9179 9203 9854 9966 10618 10628 
#module 64 size: 36 bs: 0.374695
1300 1635 2115 2423 2450 2734 3234 3277 3375 3564 3584 3848 3851 4391 4627 4957 5833 5947 5961 5969 6661 6909 7572 7937 8060 8154 8284 8953 9088 9149 9601 9688 9744 10050 10122 11079 
#module 65 size: 46 bs: 0.841096
868 1111 1181 1423 1560 1940 2284 3376 3517 4154 4243 4306 4808 5021 5875 5904 6005 6084 6619 6853 7098 7443 7488 7684 7767 8199 8227 8807 8970 9132 9186 9237 9243 10015 10313 10320 10349 10354 10413 10454 10560 10577 10600 10697 10838 12861 
#module 66 size: 94 bs: 0.567753
34 799 952 1305 1467 1967 2002 2179 2189 2190 2256 2466 2563 2575 2641 2648 2749 2787 2833 2872 2892 3181 3426 3579 3669 3777 3802 4105 4135 4305 4410 4473 4596 4614 4673 4741 4954 5028 5034 5136 5199 5350 5624 5693 5789 6033 6135 6146 6191 6225 6722 6726 6854 7065 7166 7245 7421 7532 7713 7806 7943 8070 8244 8437 8450 8478 8509 8746 9126 9129 9154 9195 9398 9626 9717 9722 9786 10037 10121 10301 10491 10503 10659 10681 10694 10714 10766 10990 11013 11135 11267 11336 11551 12555 
#module 67 size: 30 bs: 0.201137
1222 1394 1557 1616 1634 2099 2228 2257 2517 2660 2927 3115 3736 3811 4272 4655 4781 4886 5608 6481 6878 7211 8305 8639 8856 9203 9496 9966 10125 10398 
#module 68 size: 35 bs: 0.676294
1034 1463 1681 2018 2792 3040 3187 3419 3500 3805 3837 3922 4428 4451 5407 5548 6006 6274 6778 7034 7746 7928 7977 8360 8390 8592 8610 8909 9874 9964 10066 10179 10773 11217 11576 
#module 69 size: 52 bs: 0.185858
812 845 914 1131 1311 1541 2112 2509 2789 2804 2891 2990 3045 3081 3097 4507 4647 5051 5244 5442 5979 6181 6250 6301 7105 7109 7342 7427 7454 7474 7623 8335 8356 8517 8529 8781 8952 8998 9100 9255 9487 9491 9654 9708 9842 9877 10171 10332 10538 10999 12063 12874 
#module 70 size: 19 bs: 1.00621
74 1124 1368 2540 2955 3085 3246 4268 4357 4464 4829 6311 6797 7689 8307 8882 8901 9036 11699 
#module 71 size: 45 bs: 0.612054
2832 2982 3044 3261 3681 3731 4484 4720 4914 4955 5492 5635 5935 5936 5960 6610 6843 7605 7917 7938 8093 8140 8415 8483 8484 8486 9059 9190 9251 9451 9469 9487 9490 9542 9566 9703 10117 10538 10943 10947 11115 11148 11701 11765 12510 
#module 72 size: 55 bs: 0.704037
811 1040 1177 1359 1524 1526 1592 1653 1753 1836 2034 2726 2919 3118 3157 3304 3595 3613 3648 3769 3854 3967 4054 4070 4096 4270 4431 5046 5185 5455 5807 6029 6441 6516 6674 7045 7152 7212 7451 7715 7870 7931 8686 8915 9071 9284 9342 9912 10045 10273 10842 10871 11106 11245 11338 
#module 73 size: 19 bs: 0.339795
1262 1268 2485 2508 2551 3286 3924 4586 5477 5868 6414 6597 7060 7852 7982 8235 8592 10855 10992 
#module 74 size: 45 bs: 0.666961
815 1024 1061 1366 1928 2035 2134 2333 2964 2971 3049 3092 3442 3497 4256 4420 4525 4622 4775 5003 5127 5658 5687 5739 5816 5854 5997 6499 6543 7095 7175 7735 7884 7966 7971 8010 8190 8216 8265 9034 9138 9293 9758 10191 11215 
#module 75 size: 26 bs: 1.04509
14 1165 1280 1376 1714 2394 2741 2808 3348 3544 3559 4907 5005 5382 5411 6104 6650 6996 7984 8440 8920 9109 10426 11011 11705 12937 
#module 76 size: 31 bs: 0.538976
1576 1758 2123 2439 2864 2999 3255 4029 4209 5166 5189 5270 6194 6884 7077 7078 7944 8056 8234 8448 8556 8613 8848 9134 9298 9370 9929 10430 10833 11009 12635 
#module 77 size: 59 bs: 0.647897
813 854 922 1050 1055 1128 1147 1198 1335 1463 1620 1786 1862 1994 2349 2503 2725 2896 3117 3591 3659 3970 4295 4381 4414 4459 4480 4815 5321 5326 5619 5752 5868 5899 5943 6370 6526 6915 7056 7347 7618 7621 7786 7847 7893 8325 8845 9291 9304 9442 9696 10182 10487 10514 10857 10873 10889 11190 11207 
#module 78 size: 76 bs: 0.617372
71 1109 1116 1130 1228 1463 1588 1607 1855 1932 2170 2182 2770 2822 2962 3221 3250 3266 3725 3751 3785 3869 4019 4425 4778 4995 5207 5611 5698 5814 5956 6039 6129 6211 6259 6268 6343 6651 6844 7352 7482 7520 7545 7579 7618 7627 7954 8388 8389 8410 8459 8483 8974 9028 9530 9608 9629 9651 9829 9874 9925 9993 10004 10048 10066 10183 10206 10379 10516 11208 11273 11498 11541 12006 12015 12746 
#module 79 size: 43 bs: 0.535686
22 883 1038 1301 1669 1964 2520 2665 3920 3941 4146 4453 4677 4899 5094 5188 5681 5818 6017 6111 6271 7074 7128 7280 7377 7439 7927 8434 8652 8926 9231 9613 9633 9772 10117 10211 10289 10376 10448 10678 11701 12327 12992 
#module 80 size: 43 bs: 1.07751
21 872 1169 1552 1648 1895 1929 2105 2132 2273 2370 2460 2858 2888 3291 3377 3683 4377 4745 4839 4865 4915 4979 5670 6293 6639 6646 6799 6980 7504 7522 7628 7634 8129 9021 9032 9053 9339 9955 9976 10007 10415 11572 
#module 81 size: 39 bs: 0.120473
788 945 1132 1195 1243 2149 2552 2868 2996 3012 3019 3389 3458 3504 3663 3928 4344 5058 5286 5456 6099 6277 7160 8455 8683 8940 9616 9623 9844 9970 10137 10176 10211 10248 10388 10775 10986 11193 11240 
#module 82 size: 61 bs: 0.836564
13 991 1010 1033 1172 1748 1760 1924 2032 2175 2360 2760 2859 3024 3087 3144 3161 3203 3247 3452 3809 3830 4070 4143 4380 4384 4812 4904 5093 5104 5268 5426 5480 5869 6138 6141 6418 6425 6524 6741 7027 7974 7981 8258 8498 8570 8575 8755 8782 9020 9090 9171 9327 9503 9720 9734 10290 10636 10682 11223 12782 
#module 83 size: 25 bs: 0.415431
57 1318 1804 2311 2788 3031 3268 3765 3862 3919 4001 4671 4814 4980 5741 5924 6176 6218 6472 7082 7535 7648 8817 9019 10218 
#module 84 size: 41 bs: 0.180565
55 898 920 1201 1229 1543 1767 2145 2659 3249 3649 4025 4159 4277 4329 4742 5101 5275 6049 6375 6545 6946 6962 7000 7001 7206 7524 7580 7622 7833 8151 8341 8348 8354 8492 8994 9499 10642 11210 12297 12860 
#module 85 size: 54 bs: 0.53787
773 1261 1813 1915 2158 2452 2635 2765 2785 2789 2854 2893 2902 3054 3086 3241 4265 4266 4286 4542 4576 4671 4680 4683 4859 4918 4948 4975 5486 5631 5786 5829 6203 6227 6250 6339 6475 7538 7553 7604 7619 7714 7769 9099 9257 9654 10159 10357 10386 10725 10813 10973 11002 11021 
#module 86 size: 30 bs: 0.668992
72 894 1045 1291 1346 2030 2353 2407 2470 3103 3486 3573 4137 4290 4341 5400 5529 5627 6531 6533 6736 6917 6954 7982 8630 9277 9512 9838 10931 12933 
#module 87 size: 53 bs: 0.313127
827 1272 1529 1968 2013 2130 2176 2223 2232 2275 2286 2396 2661 2879 3164 3212 3235 3493 3698 3852 4011 4111 4608 5675 6231 6238 6243 6260 6459 6652 6771 6801 6803 7255 7589 7660 8321 8521 8680 8693 8838 8893 9004 9025 9155 9269 9315 9578 10493 10957 11463 11499 12264 
#module 88 size: 25 bs: 0.47364
760 1713 2398 2772 2945 3429 3522 4609 4776 5000 5040 5073 5487 6151 6314 7317 7566 7821 8787 9079 9444 10597 10647 10729 10865 
#module 89 size: 15 bs: 0.325235
1345 1723 2930 3937 4806 5840 5841 6936 6978 8692 9170 9256 9382 9899 11868 
#module 90 size: 35 bs: 0.254642
38 870 1733 1878 1883 2159 2460 3050 3147 3186 4996 5305 5380 5609 6024 6578 6711 7372 7767 7802 8008 8597 8817 9182 9407 9681 9741 9745 9938 10115 10484 10753 11230 12158 12977 
#module 91 size: 80 bs: 1.02617
1344 1361 1475 1590 1617 1683 1822 1971 2027 2078 2247 2377 2633 2727 2830 2908 2948 3550 3686 3808 3899 4165 4601 4639 4777 5186 5224 5266 5346 5370 5413 5449 5500 5527 5557 5617 5853 5884 5905 6010 6018 6172 6336 6477 6512 6538 6608 6686 7083 7095 7111 7126 7140 7174 7216 7249 7464 7507 7846 7995 8210 8229 8257 8281 8343 8377 8531 8816 8868 9206 9528 9578 9891 10124 10403 10574 10617 10830 10904 11205 
#module 92 size: 44 bs: 0.728801
901 1144 1159 1641 1644 1697 1731 1898 2039 2086 2477 2526 3192 3258 3477 3478 3670 3742 3828 4045 4354 4394 4447 5342 5564 5782 6009 6542 6750 6793 6827 6974 7378 7441 7600 7721 8017 8582 8790 8811 9134 9991 10983 10989 
#module 93 size: 68 bs: 0.481779
936 1001 1039 1127 1250 1352 1613 1850 1876 1956 2070 2236 2265 2335 2355 2453 2643 2662 2744 2925 3010 3014 3132 3543 3588 3676 3794 3806 3812 3834 3872 3996 4087 4203 4222 4257 4470 4587 4774 5064 5193 5212 5273 5434 5489 5498 5506 5508 5509 5640 5803 6419 6473 6739 7050 7877 8048 8358 8638 8762 9280 9435 9832 10053 10572 10772 11001 11405 
#module 94 size: 18 bs: 0.126182
1054 1067 1126 1199 1330 1373 2207 2298 2312 3338 4101 4537 5856 6869 7334 8173 8178 13027 
#module 95 size: 50 bs: 0.7814
4 834 915 1136 1528 1667 1717 2101 2479 2501 2505 2758 3060 3265 3841 3978 4223 4388 4565 5194 5318 5458 5587 5639 5748 5815 6374 6847 6866 7199 7641 7642 7936 8446 8590 8878 9343 9546 9587 9868 10077 10202 10277 10581 10862 11256 11261 11372 11405 12495 
#module 96 size: 37 bs: 0.669632
17 906 988 1059 1139 1521 1571 2155 3134 3685 3953 4351 4382 4598 4684 4934 4936 5222 5227 5389 6013 6123 6400 6899 6985 7036 7149 7301 7336 7359 9122 9406 9476 10469 10802 10948 11864 
#module 97 size: 93 bs: 1.00129
822 823 846 1223 1278 1395 1474 1735 1832 1834 1887 2166 2268 2272 2378 2467 2504 2776 2881 2891 2893 3512 3908 4007 4163 4264 4390 4557 4664 4747 4807 4935 5051 5108 5176 5245 5247 5994 6001 6163 6219 6221 6250 6281 6307 6386 6443 6589 6844 6895 7354 7427 7501 7573 7595 7623 7638 7655 7865 8074 8342 8477 8479 8518 8794 8859 8867 9098 9265 9399 9421 9549 9555 9604 9674 9708 9725 9799 9811 9876 9987 10255 10370 10582 10666 10757 10836 10881 10949 10990 11438 11552 12865 
#module 98 size: 48 bs: 0.583725
986 1141 1391 1565 1808 1932 2459 2750 3018 3070 3074 3251 3346 3691 3784 3962 4694 4713 4967 4998 5047 5374 5463 5558 6107 6405 6908 6986 7026 7303 7389 7826 7876 7951 8170 8313 8314 8470 8722 8815 8975 9761 10520 10762 10894 11197 11443 11501 
#module 99 size: 64 bs: 0.500357
33 958 1005 1240 1414 1684 1759 1810 1995 2223 2668 3327 3520 3594 3646 3728 4264 4267 4316 4636 4771 4817 5285 5357 5519 5613 5642 6026 6345 6401 6640 6883 7040 7339 7530 7565 7647 7652 8161 8409 8493 8683 8721 8799 8838 9000 9025 9176 9536 9610 9612 9724 9773 10041 10382 10756 10801 10804 10836 11164 11465 11962 12447 12982 
#module 100 size: 71 bs: 0.626265
35 804 903 949 1110 1254 1273 1281 1410 1490 1566 1708 2142 2160 2391 2515 2534 2810 3155 3297 3312 3502 3521 3945 3949 3993 4234 4436 4599 4784 4937 5007 5311 5469 5583 5906 6083 6186 6278 6502 6654 7130 7313 7323 7374 7483 7718 7812 8112 8197 8588 8767 8786 8889 9040 9075 9091 9330 9407 9971 10051 10118 10149 10223 10367 10546 10677 10780 10815 11788 11932 
#module 101 size: 48 bs: 0.498366
793 921 1368 2116 2469 2736 3043 3292 3388 3764 3793 3871 4008 4028 4127 4147 5119 5832 5987 6575 6638 6705 6805 7190 7305 7541 7670 7716 7771 7828 7838 8292 8333 8361 8871 8948 8959 8982 9061 9219 9489 9533 10146 10264 10325 10372 10488 11361 
#module 102 size: 33 bs: 0.319519
1802 1970 2074 2369 2853 3585 3701 3871 3936 4030 4757 5391 5499 5683 5832 6455 6465 6934 7722 7916 7991 8456 8625 8982 9232 9272 9417 9614 10073 10164 10734 11097 11379 
#module 103 size: 28 bs: 0.676728
1192 2136 2318 2706 2916 3199 3257 3409 3446 3666 3915 4158 5746 5865 7219 7415 7576 7702 7964 7987 8138 8155 8508 8550 8576 9647 9910 10839 
#module 104 size: 25 bs: 0.563372
43 50 816 953 1689 2218 2983 3905 4104 4809 4855 5414 5572 5812 6044 6665 7108 7437 7536 8745 8967 9558 9560 9697 9900 
#module 105 size: 22 bs: 0.862924
26 1828 2170 2187 4334 4790 4802 6175 6525 6573 6584 6658 6698 7257 7540 7620 8198 9706 9713 10711 11362 11459 
#module 106 size: 78 bs: 0.153991
905 1020 1593 1712 1720 1789 1805 1960 2038 2139 2263 2323 2472 2669 2713 3396 3448 3754 3790 4006 4139 4194 4199 4269 4430 4482 4529 4662 4732 4821 5248 5274 5349 5532 5546 5762 5770 5792 5813 5831 5898 5910 5967 5992 6332 6333 6690 6920 6976 6989 7047 7058 7218 7230 7244 7272 7747 7758 7831 7914 7924 7930 8559 8672 8710 8808 8853 8938 9919 9982 10375 10407 10517 10534 10643 10922 11188 11196 
#module 107 size: 64 bs: 0.672432
919 964 1253 1298 1388 1397 1421 1448 1457 1597 1657 1757 2040 2068 2442 3074 3446 3485 3695 3889 3910 4176 4205 4208 4437 4518 4524 4597 4766 5306 5347 5393 5402 5603 5672 6156 6355 6494 6529 6998 7021 7051 7088 7210 7254 7307 7345 7795 8118 8176 8886 9070 9264 9376 9780 10333 10470 10477 10614 10668 10926 11006 11016 12712 
#module 108 size: 41 bs: 0.639387
59 73 860 975 1028 1203 1306 1393 1584 1852 1925 1953 2040 2244 3107 3269 3446 3897 4422 4550 4699 4791 5084 5158 5253 5300 5771 5999 6122 6203 6561 6964 7868 7959 8019 8656 9492 9780 10141 10292 10614 
#module 109 size: 77 bs: 0.174332
811 869 1043 1063 1143 1239 1536 1622 1629 1682 2092 2144 2331 2519 2710 2720 2735 2855 3131 3218 3435 3620 3641 3774 3864 3927 3964 3967 4093 4096 4271 4324 4327 4489 4846 4847 5079 5103 5133 5156 5213 5274 5316 5398 5404 5440 5465 5620 5763 6014 6266 6541 6898 6910 7015 7017 7045 7152 7472 7626 7664 7789 7794 7875 8001 8256 8966 9167 9184 9239 9759 9808 9912 10662 10832 10973 11639 
#module 110 size: 56 bs: 0.508605
7 972 1621 1873 2108 2193 2502 2614 2882 3228 3240 3282 3358 3430 3568 3622 3684 3836 4000 4024 4103 4285 4471 4496 4709 4798 4857 5169 5505 5552 5647 5767 5804 5951 6133 6248 6302 6862 6872 7169 7365 7792 7854 8153 8316 8350 8788 9022 9206 9875 10796 10810 10859 10872 11643 12726 
#module 111 size: 60 bs: 0.355249
806 1090 1178 1209 1522 1563 1996 2468 2566 2686 3080 3355 3823 3977 4029 4336 4345 4456 4555 4582 4710 4825 5233 5363 5528 5568 5580 5600 6028 6373 6458 6932 6963 7008 7417 7671 7685 7710 7724 7837 8296 8602 8763 8765 8841 9057 9106 9164 9402 9460 9484 9553 9754 9812 9980 10208 10359 10374 11448 12870 
#module 112 size: 93 bs: 0.392278
791 826 948 970 981 1069 1088 1098 1214 1622 1626 1636 1653 1710 1724 1754 1756 2151 2346 2455 2487 2568 2703 2748 2914 2984 3219 3496 3592 3612 3997 4004 4053 4070 4224 4298 4301 4335 4433 4547 4553 4675 4770 5065 5141 5225 5326 5336 5403 5408 5438 5733 5756 5821 5855 5863 5871 5950 5953 6037 6040 6207 6364 6417 6517 6677 6906 7015 7053 7137 7145 7299 7664 7666 7883 7931 7983 8067 8147 8303 8760 8761 8826 9309 9359 9540 9692 10348 10416 10891 10919 11004 11611 
#module 113 size: 63 bs: 0.361341
1026 1093 1639 1674 1781 2054 2187 2592 2695 2941 3091 3101 3296 3554 3868 4178 4379 4450 4616 4754 4895 5100 5217 5283 5542 5663 5793 5932 6016 6287 6421 6490 6523 6525 6562 6564 6691 6768 6824 7208 7406 7609 7706 7829 8228 8663 8676 8891 9130 9209 9534 9733 9795 10020 10052 10432 10475 10625 10805 11110 11189 11625 11870 
#module 114 size: 65 bs: 0.561305
769 858 1041 1732 2183 2930 3017 3627 3709 3789 4172 4178 4197 4207 4260 4343 4349 4364 4387 4736 5510 5531 6003 6015 6016 6065 6381 6527 6631 6649 6740 6830 7032 7125 7539 7609 7694 7729 8079 8232 8370 8384 8400 8500 8552 8647 8708 8804 9001 9256 9514 9584 9735 9948 10103 10185 10234 10424 10475 10615 10810 10913 11191 11218 12862 
#module 115 size: 39 bs: 1.01566
833 1042 1840 2638 2775 2837 4017 4239 4522 4819 5038 5072 5212 5373 5523 6132 6337 6508 6778 7059 7142 7479 7528 8108 8187 8669 9082 9138 9153 9432 9464 9630 9752 9833 10147 10626 11151 12573 12589 
#module 116 size: 36 bs: 0.106518
785 879 1583 1670 2506 2682 2759 3392 3395 3656 3679 4057 4946 5291 5401 5462 5468 5581 6495 6922 7129 7260 7370 7719 8057 8146 8277 8606 9047 9545 9547 10129 10224 11169 11453 11840 
#module 117 size: 53 bs: 0.227336
76 785 847 879 892 1009 1071 1193 1246 1297 1892 1948 2023 2173 2789 3041 3045 3342 3571 3831 3879 4005 4057 4146 4725 4737 4946 5206 5520 5526 5681 6550 6843 6954 7128 7156 7383 7538 7798 8015 8146 8346 8434 8491 9487 9765 10083 10129 10531 10735 10791 11073 11161 
#module 118 size: 41 bs: 0.984716
6 1256 1341 1425 1446 1459 1649 1722 1921 2049 2110 2344 2706 2806 3703 4014 4047 4279 5263 5284 5332 5409 5830 5928 7005 8617 8719 8899 9012 9050 9274 9401 10359 10506 10587 10658 10854 10870 11173 11488 11519 
#module 119 size: 61 bs: 0.65255
785 1009 1308 1782 2278 2304 2529 2576 2595 2763 2847 2852 2865 2875 3154 3163 3175 3236 3281 3991 4005 4445 4460 4725 4737 4739 4795 4897 5001 5560 5864 5937 6292 6326 6464 6781 6826 6843 7335 7412 7602 7723 7798 7867 7919 8271 8282 8829 9080 9244 9270 9449 9485 9619 9622 9810 9836 10303 10362 11161 11415 
#module 120 size: 30 bs: 0.177505
974 1269 1289 1383 1631 1668 2815 3309 3378 3441 3766 4162 4281 4803 4823 4962 5864 6379 6464 6687 6770 7090 7879 8041 8135 8312 8704 10163 10362 11342 
#module 121 size: 75 bs: 0.525086
864 956 1078 1105 1160 1175 1250 1315 1701 1774 1817 1953 1959 2210 2258 2387 2908 2922 3064 3089 3319 3385 3408 3531 3540 3572 3664 3690 3748 3750 4043 4078 4082 4448 4451 5042 5293 5373 5385 5464 5713 5717 5744 6477 6591 6713 6938 6953 7052 7216 7283 7712 7763 7824 8167 8187 8262 8349 8549 8641 8964 9427 9483 9574 9630 9765 10391 10663 10759 10787 10975 11081 11383 12506 12881 
#module 122 size: 22 bs: 0.372129
1077 1484 1502 2583 3357 4307 4934 5045 5278 5299 5416 5592 5667 6045 6754 6937 7259 7737 8924 9331 9714 11864 
#module 123 size: 81 bs: 0.923404
15 42 844 866 873 946 1176 1608 1718 1927 1954 2373 2474 2483 2731 3058 3084 3252 3407 3445 3501 3800 4034 4049 4132 4326 4393 4769 5025 5285 5573 5643 5773 5806 6103 6142 6495 6511 6636 6641 6734 6999 7012 7379 7657 7698 7842 8002 8037 8044 8133 8223 8607 8637 9104 9286 9363 9409 9565 10190 10294 10414 10508 10526 10605 10645 10671 10684 10689 10692 10700 10724 10774 10809 10826 10939 11017 11022 11107 11470 12700 
#module 124 size: 29 bs: 0.137959
852 1107 1407 1831 2078 2401 2799 2809 2921 2963 3208 3436 3838 3900 5218 5250 5290 6234 6264 6331 6556 6858 7314 8278 9561 10097 10318 10860 11123 
#module 125 size: 83 bs: 0.957552
39 53 79 1065 1257 1299 1775 1776 1824 1851 1939 2141 2531 2558 2732 2746 2747 2845 2998 3036 3106 3129 3422 3631 3774 4022 4039 4093 4166 4220 4308 4310 4389 4840 4944 5079 5399 5423 5483 5754 5779 5780 5783 5845 5850 5851 5967 6026 6331 6530 6795 6889 7029 7185 7198 7429 7985 8144 8405 8477 8508 8703 8725 8983 9096 9184 9472 9665 9734 9864 9972 10120 10192 10254 10293 10499 10599 10844 10907 10928 11099 11395 12899 
#module 126 size: 34 bs: 0.355471
826 961 1653 1730 1749 1753 2703 2760 2979 3253 3592 4014 4298 4499 4547 4590 4729 4881 5053 5435 5438 5524 5628 5811 6258 6417 6897 7010 7592 7766 8499 9524 9753 11121 
#module 127 size: 36 bs: 0.989019
28 1010 1439 1550 1790 2093 2151 2787 2942 3141 4140 4605 4675 5029 5199 5243 5437 5719 6169 6534 7093 7224 7511 7709 7855 8371 8375 8673 8732 9431 9450 10065 10452 10550 11128 12494 
#module 128 size: 16 bs: 0.453126
1455 3639 3732 4149 4383 5340 5747 6876 7221 7892 8003 8121 8221 9144 9774 10858 
#module 129 size: 53 bs: 0.780784
1166 1415 1546 1627 1693 1821 2042 2444 2478 2526 2696 3142 3258 3311 3421 3499 3541 3648 3670 3716 3828 3914 4403 4447 4828 5335 5454 5551 5621 5669 5671 5782 6299 6355 6430 6656 6905 6998 7182 7295 7875 8006 8580 8811 9324 9591 9698 10455 10477 10651 10674 10876 10983 
#module 130 size: 52 bs: 0.784226
926 985 1230 2412 2700 2709 2970 3023 3185 3280 3281 3652 3734 3771 3991 4115 4497 4538 4800 4879 4926 5154 5280 5591 5646 5761 5951 6202 6237 6442 6761 7353 7365 7468 7772 8014 8018 8128 8192 8269 8326 8423 8553 8820 9041 9716 9894 10213 10519 10660 10861 10996 
#module 131 size: 55 bs: 0.875871
980 996 1023 1096 1480 1486 1527 1555 1646 1656 1816 1841 1969 2051 2152 2245 2433 2439 2737 2795 3056 3220 3270 3276 3437 3444 3699 3976 4037 5037 5049 5319 5420 5431 6220 6409 6574 6706 7073 7228 7267 7319 7692 7742 7942 8154 8640 9216 9441 9481 9498 10122 10168 10229 11473 
#module 132 size: 277 bs: 1.08544
777 843 875 885 893 913 967 973 1006 1012 1094 1114 1155 1206 1271 1322 1348 1356 1408 1420 1426 1436 1485 1499 1505 1531 1533 1549 1598 1619 1628 1638 1655 1665 1744 1747 1806 1863 1869 1919 1933 1936 1987 2029 2062 2076 2079 2089 2097 2103 2124 2154 2313 2325 2397 2402 2428 2454 2462 2495 2544 2570 2640 2674 2691 2800 2861 2973 2980 3062 3105 3138 3207 3260 3366 3372 3391 3397 3399 3410 3459 3462 3466 3469 3532 3547 3575 3593 3618 3635 3717 3718 3829 3835 3906 3989 3994 4003 4181 4196 4252 4254 4258 4274 4299 4329 4370 4373 4398 4418 4442 4446 4520 4530 4548 4626 4695 4724 4740 4853 4877 4993 5030 5039 5041 5059 5082 5139 5150 5179 5302 5331 5367 5452 5540 5541 5544 5593 5630 5659 5664 5708 5714 5720 5766 5822 5827 5828 5839 5844 5909 5912 5998 6058 6161 6247 6261 6286 6329 6377 6390 6424 6507 6509 6558 6579 6582 6600 6622 6667 6691 6758 6817 6831 6946 6956 6981 6983 6992 7038 7072 7155 7274 7283 7287 7322 7371 7381 7425 7436 7449 7452 7525 7596 7610 7625 7629 7700 7823 7878 7953 7958 7960 8040 8047 8098 8122 8131 8148 8297 8309 8340 8341 8351 8381 8421 8441 8462 8476 8512 8544 8601 8735 8743 8822 8936 9002 9043 9083 9172 9263 9268 9322 9381 9453 9471 9477 9486 9544 9573 9603 9656 9663 9691 9710 9833 9879 9916 9933 10049 10057 10112 10131 10205 10214 10226 10338 10377 10404 10471 10513 10543 10679 10728 10841 10878 10914 10938 10977 11007 11077 11206 11393 11413 11436 11695 12019 
#module 133 size: 52 bs: 0.552569
8 990 1519 1544 1580 1679 2057 2184 2778 3035 3128 4001 4642 4679 4783 4871 5014 5439 5476 5481 5559 5716 5751 5924 5926 5942 6201 6241 6304 6469 6601 6743 6873 7366 7396 7446 8104 8153 8156 8163 8209 8222 8665 8874 9142 9632 9659 9667 9709 10026 10105 11006 
#module 134 size: 44 bs: 0.912623
75 774 1000 1519 1612 2137 2385 2786 3035 3173 3557 4020 4360 4642 5296 5430 5497 5622 6007 6117 6931 7186 7810 7935 7963 7992 8051 8182 8661 8720 8837 8951 9238 9585 9830 10102 10196 10420 10808 11109 11119 11214 11453 13004 
#module 135 size: 108 bs: 0.841004
16 30 882 895 940 1385 1731 1777 1897 1917 2102 2141 2319 2326 2502 2937 2960 2975 3072 3083 3258 3438 3494 3828 4013 4083 4167 4191 4275 4296 4544 4690 4940 5126 5210 5309 5314 5427 5582 5788 5797 6121 6427 6431 6598 6642 6676 6685 6700 6951 7118 7150 7240 7302 7392 7465 7487 7748 7791 7845 7948 8076 8115 8149 8226 8275 8327 8395 8562 8702 8805 8809 8897 9018 9037 9078 9137 9266 9434 9455 9504 9676 9678 9841 9978 9996 10088 10108 10314 10428 10496 10511 10541 10565 10607 10798 10846 10901 11025 11163 11168 11194 11667 11700 11702 11790 12249 12794 
#module 136 size: 59 bs: 0.411364
20 32 64 939 1062 1133 1145 1363 1433 1589 1675 1780 2075 2317 2493 2627 2714 2839 3126 3323 3535 3707 3853 3894 4092 4179 4232 4355 4407 4546 4723 4833 5120 5237 5820 5857 6148 6168 6384 6388 7054 7491 8643 8751 8758 8937 8990 9457 9693 9775 9942 10014 10310 10324 10345 10710 10751 11145 12584 
#module 137 size: 81 bs: 0.962878
54 867 1025 1169 1234 1277 1328 1379 1422 1552 1704 1839 1902 1908 1929 2012 2069 2204 2221 2222 2287 2409 2427 2471 2653 2721 2766 2874 2877 2944 3153 3196 3319 3759 4002 4541 4660 4679 4682 5061 5249 5443 5451 5475 5612 5842 5925 5980 6051 6088 6254 6350 7043 7361 7912 8050 8158 8435 8511 8728 9103 9177 9273 9294 9394 9586 9667 9694 9851 9888 9976 9989 10441 10518 10596 11112 11146 11239 11442 11571 12429 
#module 138 size: 30 bs: 0.64223
1409 2202 2301 2308 2836 3461 3677 3870 3904 4052 4100 4466 4903 4968 6109 6165 6187 6648 7584 8306 8780 9737 10130 10148 10157 10483 10754 10875 10982 11232 
#module 139 size: 58 bs: 0.730577
64 1031 1221 1283 1464 1642 1702 2114 2147 2205 2241 2260 2347 2395 2705 2718 2978 3033 3046 3598 3702 3715 4179 4515 5358 5361 5482 5500 5530 5701 5758 6216 6384 6385 6416 7022 7024 7271 7382 7662 7904 7996 8171 8278 8449 9193 9818 9971 10014 10039 10051 10270 10295 10515 11220 11266 11364 11457 
#module 140 size: 33 bs: 0.506852
886 1021 2392 2511 2685 2850 2851 2894 2957 2970 3027 3160 3204 3351 4756 6101 6185 6233 6289 6581 8269 8506 8895 9254 9523 9655 9801 9845 10072 10384 10392 11070 11216 
#module 141 size: 38 bs: 0.486651
1058 1101 1185 1846 2218 2549 2934 2940 4089 4169 4259 4693 5068 5112 5356 5562 5615 6384 6470 7016 8082 8283 8372 8494 8543 8657 8777 8876 8968 9205 9457 9458 9965 10014 10100 10139 11140 12756 
#module 142 size: 33 bs: 0.676826
1140 1274 1413 2206 2281 2445 2801 3148 3273 3674 3901 4051 4658 4706 4892 5183 6085 6950 7177 7356 7543 7562 7583 7588 7733 8308 8684 8971 9424 9662 10328 10648 11260 
#module 143 size: 32 bs: 0.172764
955 1278 1310 2163 2181 2255 2849 3051 3119 3779 3873 4643 5074 5143 5381 6054 7103 7292 7551 7633 7909 8184 8417 8431 8752 8928 9139 9289 10087 10337 10420 11575 
#module 144 size: 34 bs: 0.289353
1087 2188 2246 2461 2797 3860 4372 4501 4600 4864 4908 5121 5178 5255 5589 5666 6118 6198 6200 6567 7575 8129 8237 8475 8749 8784 9468 9672 9870 9949 9989 10156 10172 10602 
#module 145 size: 61 bs: 0.879747
3 1121 1255 1333 1559 1796 1827 1918 2008 2243 2253 2267 2289 2414 2723 3121 3123 3943 3969 4231 4255 4280 4325 4347 4455 4591 4651 4665 4866 5420 5442 5521 6324 6586 7080 7109 7267 7490 8102 8452 8800 8961 9031 9128 9279 9389 9479 9550 9654 9783 10126 10344 10409 10544 10623 10721 10812 10958 11010 11098 11710 
#module 146 size: 33 bs: 0.561532
69 1062 1211 1398 2033 2205 2567 2728 3013 3198 3242 3525 3713 3930 4173 4722 5774 6143 6335 6529 7476 7693 8805 8876 8894 8968 9452 9466 9557 9969 10002 10897 11246 
#module 147 size: 90 bs: 0.218506
13 891 994 1130 1147 1186 1259 1304 1380 1402 1606 1671 1705 1779 1818 1966 1977 2052 2064 2187 2254 2359 2390 2494 2549 2843 2929 3259 3315 3590 3616 3726 3757 3767 3802 3984 3999 4041 4168 4228 4810 5052 5157 5226 5237 5241 5502 5694 6090 6422 6445 6471 6914 7020 7055 7085 7116 7143 7348 7380 7618 7678 7754 7901 8021 8045 8106 8114 8120 8219 8241 8364 8619 8914 8937 8965 9062 9159 9242 9291 9431 9582 9588 9849 10062 10136 10369 10933 11566 12534 
#module 148 size: 48 bs: 0.329539
1292 1441 1496 2532 3015 3059 3210 3339 3390 3464 3554 4050 4363 4794 5459 5497 5542 5743 5764 5889 6047 6090 6192 6467 6498 6744 6830 6914 6935 7184 7708 8023 8109 8186 8723 8854 9027 9188 9209 9640 9727 9750 9873 10104 10310 10610 10632 11145 
#module 149 size: 57 bs: 0.848651
1086 1295 1914 2148 2175 2260 2595 2622 2636 2791 2828 2852 2865 2889 3058 3204 3321 3415 3538 3898 3991 4071 4079 4117 4374 4569 4923 4989 5020 5087 5182 5735 6128 6130 6216 7330 8132 8169 8242 8373 8390 8449 8696 8748 8823 9042 9123 9133 9178 9299 9564 9625 10143 10258 10807 13010 13019 
#module 150 size: 77 bs: 0.783068
767 796 916 1057 1568 1647 1666 1879 2127 2169 2176 2632 2739 2793 2842 2886 2887 2951 3030 3037 3907 4106 4278 4583 4585 4628 4641 4663 4672 4780 4787 4891 4893 4942 5661 6224 6232 6233 6239 6242 6249 6551 6594 6721 7477 7518 7585 8252 8386 8392 8659 8698 8934 9004 9173 9199 9230 9354 9365 9369 9371 9415 9436 9589 9670 9806 9883 9886 10084 10099 10195 10203 10501 10776 11435 11463 12264 
#module 151 size: 42 bs: 1.05254
771 842 1004 1885 2146 2560 2675 2724 2846 3194 3570 3892 4128 4253 4262 4559 4635 4967 5205 5324 5436 5778 6335 6371 7046 7157 7329 7455 7723 7826 7976 8557 8890 9180 9259 9790 9873 9905 10335 10971 11272 12792 
#module 152 size: 48 bs: 0.40732
802 942 1097 1167 1321 1338 1382 1734 1899 2184 2429 2620 3182 3254 3609 3691 3980 4170 4772 4910 4956 5298 5377 5387 5401 5691 5749 5811 6399 6506 6828 6861 7019 7025 7967 8220 8603 8608 8773 8976 9500 9809 9824 9873 10038 10142 10381 12609 
#module 153 size: 48 bs: 0.87719
1465 1569 1645 1769 2016 2047 2135 2617 3052 3075 3151 3574 3745 3976 4236 4696 4849 4913 4965 5043 5496 6061 6114 6436 6624 6864 6881 6921 6985 7239 7332 7760 7836 7978 7988 8154 8404 8527 8962 9463 9766 10012 10439 10536 10588 11010 11649 12896 
#module 154 size: 99 bs: 0.462518
20 797 1080 1089 1156 1232 1303 1787 2126 2187 2437 2627 2680 2719 3145 3170 3191 3224 3272 3471 3489 3712 3791 4150 4175 4253 4276 4320 4484 4536 4545 4552 4701 5006 5024 5075 5107 5113 5220 5234 5304 5448 5488 5554 5801 5858 5923 6064 6087 6450 6454 6520 6653 6683 6702 6735 6812 6972 7229 7357 7720 7754 7799 7826 7866 8193 8271 8310 8320 8461 8634 8644 8770 8772 8805 8835 8910 8932 8942 9049 9211 9224 9350 9556 9936 9969 9975 9977 10186 10341 10401 10451 10462 10634 10722 10733 10758 10767 10785 
#module 155 size: 50 bs: 0.652215
807 1247 1256 1378 1541 1575 1663 1750 2010 2157 2880 2994 3100 3264 3511 3801 4452 4796 5122 5359 5409 5556 5715 5890 5991 6111 6829 6951 7156 7243 7270 7408 7422 7767 8225 8368 9183 9231 9356 9425 9479 10106 10351 10437 10551 10781 10854 11085 11704 11715 
#module 156 size: 90 bs: 0.902779
52 792 1017 1051 1106 1279 1412 1545 1548 1586 1726 1887 2060 2104 2393 2577 2602 2613 2634 2769 2831 2841 2884 2967 3042 3068 3084 3321 3362 3412 3443 3510 3647 3886 4392 4728 4753 4822 4835 4856 4970 5289 5539 5633 5976 6155 6338 6407 6442 6633 6966 7114 7163 7187 7514 7545 7581 7750 8018 8542 8596 8633 8650 8946 9024 9086 9110 9143 9214 9361 9367 9390 9559 9604 9794 10046 10189 10247 10389 10688 10747 10918 10965 11114 11130 11160 11168 11425 12595 12944 
#module 157 size: 65 bs: 0.136497
778 947 1113 1218 1681 1818 1920 2336 2406 2480 2550 2733 2761 2987 3245 3417 3534 3675 4032 4099 4116 4216 4249 4526 4556 4581 4874 4930 4953 5131 5203 5216 5279 5490 5718 6048 6270 6300 6483 6526 6671 7071 7215 7711 7923 8058 8125 8174 8180 8260 8579 9039 9068 9166 9458 9775 9803 10323 10427 10811 10863 11201 12006 12880 12902 
#module 158 size: 51 bs: 0.478146
782 899 1014 1019 1057 1508 1615 1633 1647 1889 2026 2213 2300 2357 2415 2575 2636 2777 3222 3405 3825 4217 4485 4731 4820 4921 4922 4958 4970 5707 6070 6160 6199 6239 6749 6952 6979 7233 7304 7367 7568 8538 9250 9305 9345 9598 9792 10023 10284 10620 10843 
#module 159 size: 46 bs: 0.455602
837 1920 1996 3444 3455 3474 3480 4016 4038 4040 4419 4435 4443 4849 4953 5070 5131 5352 5765 5895 6004 6689 6851 7063 7113 7390 7738 7994 8046 8357 8765 9169 9260 9389 9423 9812 10116 10240 10272 10512 10779 10784 10887 11258 11448 12681 
#module 160 size: 47 bs: 0.296448
849 1249 1290 1452 1460 1599 1731 1920 2389 2489 2496 2654 3100 3130 3332 3341 3491 3642 3805 3845 4064 4443 5238 5265 5376 5867 5949 6212 6576 6773 6990 7014 7378 7475 8042 8311 8345 9232 9848 9999 10422 10512 10764 11335 11419 11581 11704 
#module 161 size: 84 bs: 0.729173
41 1122 1173 1189 1191 1244 1332 1389 1801 1910 2343 2348 2535 2562 2569 3107 3109 3189 3239 3359 3370 3380 3401 3768 3798 3897 3931 4074 4109 4126 4195 4315 4339 4397 4490 4570 4586 4845 5181 5219 5295 5316 5406 5597 5847 5891 6036 6140 6404 6617 6874 6900 6904 6918 7035 7086 7087 7202 7218 7502 7668 7726 7843 7851 7913 7979 8032 8084 8085 8137 8141 8301 8611 8709 8972 9034 9200 9301 9357 9600 10450 10718 10769 11532 
#module 162 size: 37 bs: 0.702719
1837 1907 1930 1951 2677 3431 3475 3793 3819 3832 4511 4535 4703 4811 4902 5700 6041 6637 6644 6839 6970 7115 7889 7950 8172 8523 8768 9011 9210 9489 9568 10011 10128 10486 10576 10707 12492 
#module 163 size: 80 bs: 1.00748
786 881 911 930 938 951 1015 1314 1334 1424 1440 1509 1677 1962 2183 2274 2425 2692 2924 3180 3300 3454 4112 4289 4458 4567 4631 4691 4717 4934 5086 5096 5533 5656 5769 5819 5825 5867 5963 6094 6183 6252 6296 6327 6349 6627 6865 6994 7119 7325 7538 7957 8041 8081 8105 8184 8363 8500 8539 8621 8947 9023 9063 9140 9502 9657 9677 9850 9901 10015 10027 10199 10275 10627 10654 10802 11138 11139 11342 12652 
#module 164 size: 53 bs: 0.50837
66 968 1227 1258 1365 1443 1730 1765 1821 2598 2681 2991 3216 3425 3496 3816 3891 4070 4210 4365 4371 4421 4478 4681 4933 5176 5213 5301 5351 5944 6030 6674 6753 6806 6901 6910 7144 7732 7908 8009 8157 8239 8668 8849 9552 9648 9784 9984 11134 11451 11490 12958 13039 
#module 165 size: 48 bs: 0.848828
909 979 1503 1618 1661 1715 1976 2046 2172 2240 2463 2541 2587 2782 2818 2863 3556 3672 3956 4062 4413 5145 5989 6213 6424 7547 8086 8267 8387 8453 8454 8492 8756 8802 9055 9310 9333 9649 9710 9871 9998 10079 10533 10598 10978 10991 11133 11152 
#module 166 size: 71 bs: 0.258619
758 785 847 850 897 1074 1246 1511 1595 1856 1970 2321 2345 2458 2699 2763 3225 3274 3288 3289 3433 3449 3509 3746 3881 4005 4113 4304 4460 4610 4618 4751 4844 4852 5252 5478 5681 5732 5902 6245 6352 6434 6709 6725 6943 6986 7209 7266 7358 7383 7397 7438 7723 8160 8277 8423 8628 8828 8842 9355 9449 9619 9918 10054 10238 10481 10622 10653 10660 10735 10920 
#module 167 size: 112 bs: 0.551861
67 70 932 1068 1180 1288 1374 1561 1604 1605 1652 1736 1778 1791 1803 1860 2474 2486 2498 2546 2977 3053 3094 3132 3427 3482 3567 3649 3714 3896 4048 4072 4148 4215 4305 4319 4326 4330 4444 4560 4597 4619 4623 4671 4730 4767 4788 4797 4836 4992 4999 5211 5447 5518 5759 5799 6068 6180 6203 6229 6488 6500 6501 6592 6684 6902 6945 6984 7000 7095 7126 7192 7222 7250 7430 7486 7665 7753 7788 7813 7969 8005 8097 8113 8117 8136 8468 8726 8996 9107 9111 9151 9191 9245 9786 10016 10221 10245 10259 10438 10482 10564 10613 10633 10699 10853 10906 11178 11185 11271 11371 12690 
#module 168 size: 26 bs: 0.401274
2302 2811 4067 4192 4503 4562 4622 4682 5277 5625 6323 6559 6968 7173 7606 7980 8011 8141 8181 8670 8784 9660 10509 10792 11400 11883 
#module 169 size: 53 bs: 0.967941
984 1104 1158 1347 1431 1833 1847 1893 2117 2548 2552 2825 2827 3082 3308 3420 3453 4036 4192 4282 4395 4396 4568 4637 4870 4928 5155 5515 5709 6198 6226 6303 7049 7492 7536 7797 8453 8498 9011 9275 9418 9607 9802 10011 10068 10076 10204 10533 10583 11595 11656 12492 12638 
#module 170 size: 92 bs: 0.240597
790 1031 1047 1168 1276 1320 1417 1504 1815 1847 1912 1997 2174 2180 2219 2223 2272 2781 2816 2844 2848 3120 3327 3536 3733 4321 4356 4483 4575 4576 4584 4613 4659 4661 4667 4782 4906 4920 4927 4928 4935 4991 5089 5246 5534 6134 6198 6228 6230 6423 6479 6553 6589 6635 7312 7314 7521 7569 7635 7805 7962 8130 8152 8201 8293 8355 8395 8399 8445 8473 8540 8545 8748 8794 9136 9345 9378 9418 9555 9683 9707 9807 9889 10473 10799 10822 11088 11113 11712 12039 12169 13062 
#module 171 size: 1 bs: 1
776 
#module 172 size: 1 bs: 1
4949 
#module 173 size: 1 bs: 1
1488 
#module 174 size: 1 bs: 1
8824 
#module 175 size: 1 bs: 1
5329 
#module 176 size: 1 bs: 1
6273 
#module 177 size: 1 bs: 1
928 
#module 178 size: 1 bs: 1
6433 
#module 179 size: 1 bs: 1
1030 
#module 180 size: 1 bs: 1
10030 
#module 181 size: 1 bs: 1
1125 
#module 182 size: 1 bs: 1
8428 
#module 183 size: 1 bs: 1
1396 
#module 184 size: 1 bs: 1
2171 
#module 185 size: 1 bs: 1
2028 
#module 186 size: 1 bs: 1
6306 
#module 187 size: 1 bs: 1
2196 
#module 188 size: 1 bs: 1
10134 
#module 189 size: 1 bs: 1
2197 
#module 190 size: 1 bs: 1
2784 
#module 191 size: 1 bs: 1
2310 
#module 192 size: 1 bs: 1
4056 
#module 193 size: 1 bs: 1
2381 
#module 194 size: 1 bs: 1
4440 
#module 195 size: 1 bs: 1
2813 
#module 196 size: 1 bs: 1
10638 
#module 197 size: 1 bs: 1
3601 
#module 198 size: 1 bs: 1
8908 
#module 199 size: 1 bs: 1
3640 
#module 200 size: 1 bs: 1
4353 
#module 201 size: 1 bs: 1
3866 
#module 202 size: 1 bs: 1
8075 
#module 203 size: 1 bs: 1
4118 
#module 204 size: 1 bs: 1
10092 
#module 205 size: 1 bs: 1
4885 
#module 206 size: 1 bs: 1
10713 
#module 207 size: 1 bs: 1
5676 
#module 208 size: 1 bs: 1
9344 
#module 209 size: 1 bs: 1
6184 
#module 210 size: 1 bs: 1
10232 
#module 211 size: 1 bs: 1
6346 
#module 212 size: 1 bs: 1
8255 
#module 213 size: 1 bs: 1
6655 
#module 214 size: 1 bs: 1
10445 
#module 215 size: 1 bs: 1
7364 
#module 216 size: 1 bs: 1
10178 
#module 217 size: 1 bs: 1
7804 
#module 218 size: 1 bs: 1
7822 
#module 219 size: 1 bs: 1
7814 
#module 220 size: 1 bs: 1
10495 
#module 221 size: 1 bs: 1
7899 
#module 222 size: 1 bs: 1
11203 
#module 223 size: 1 bs: 1
8101 
#module 224 size: 1 bs: 1
10194 
#module 225 size: 1 bs: 1
8304 
#module 226 size: 1 bs: 1
9410 
#module 227 size: 1 bs: 1
9125 
#module 228 size: 1 bs: 1
12645 
#module 229 size: 1 bs: 1
9281 
#module 230 size: 1 bs: 1
10393 
#module 231 size: 1 bs: 1
9880 
#module 232 size: 1 bs: 1
11385 
