#module 0 size: 3 bs: 0.00653331
2 3434 6036 
#module 1 size: 21 bs: 0.160399
196 278 484 720 765 1731 1759 2069 2520 3658 3856 3966 4003 4031 4143 4331 4787 5519 5660 6113 6138 
#module 2 size: 4 bs: 1.05473
1076 2932 5751 6512 
#module 3 size: 7 bs: 0.240037
869 2238 3051 3643 6621 6823 6885 
#module 4 size: 7 bs: 0.867952
552 1665 2321 3745 4761 5464 5946 
#module 5 size: 5 bs: 0.245807
965 1545 1602 1706 5984 
#module 6 size: 4 bs: 0.194587
1464 3219 6774 6838 
#module 7 size: 7 bs: 0.493932
669 962 3016 3501 3617 4129 6824 
#module 8 size: 4 bs: 0.222272
1143 3243 5951 6902 
#module 9 size: 7 bs: 0.419619
2314 2573 2736 3204 4224 5303 5468 
#module 10 size: 8 bs: 1.04024
617 1638 1722 1945 2514 3607 3807 4816 
#module 11 size: 38 bs: 0.956379
54 101 147 201 478 858 996 1023 1136 1164 1241 1256 1324 1684 1719 1835 2107 2377 2548 2717 3364 3811 3864 4214 4478 4631 4721 4734 4882 4883 4988 5123 5832 5859 6325 6552 6597 6840 
#module 12 size: 11 bs: 0.773512
1531 1757 1935 3274 3655 4571 4580 5393 5549 6141 6237 
#module 13 size: 8 bs: 0.656547
169 320 2954 4016 4531 5258 6561 6677 
#module 14 size: 183 bs: 0.407369
63 90 106 217 262 303 324 329 345 389 395 407 474 489 490 506 507 527 534 574 627 638 656 670 749 826 838 937 953 1017 1030 1095 1121 1140 1237 1240 1301 1302 1365 1395 1405 1472 1474 1498 1501 1513 1537 1559 1579 1593 1603 1787 1831 1909 1915 1988 2069 2113 2115 2261 2270 2332 2367 2388 2453 2459 2495 2506 2513 2561 2571 2607 2675 2744 2764 2862 2994 3013 3015 3033 3096 3203 3237 3393 3432 3445 3454 3485 3495 3589 3604 3644 3686 3689 3701 3707 3717 3818 3866 3893 3988 4007 4018 4087 4171 4181 4239 4288 4329 4435 4457 4496 4499 4509 4582 4586 4601 4629 4663 4694 4737 4755 4769 4822 4827 4861 4870 4936 4977 4989 5025 5040 5048 5061 5107 5139 5167 5191 5251 5300 5386 5389 5402 5446 5493 5517 5559 5633 5666 5668 5691 5828 5953 5992 5997 6097 6133 6140 6229 6236 6274 6287 6292 6301 6321 6334 6361 6368 6446 6453 6461 6548 6556 6585 6611 6648 6680 6706 6746 6760 6802 6805 6918 
#module 15 size: 23 bs: 0.36066
93 115 286 613 643 1085 1876 2182 2511 2713 2793 3156 3715 4092 4578 5144 5156 5213 5515 6038 6170 6650 6813 
#module 16 size: 28 bs: 0.712746
226 696 725 1169 1212 1272 2017 2091 3173 3472 3907 4173 4353 4391 4594 4667 4823 4951 5529 6107 6282 6298 6408 6485 6667 6709 6866 6909 
#module 17 size: 11 bs: 0.968757
587 1600 1850 2157 2284 2556 2749 4591 4873 5185 6507 
#module 18 size: 16 bs: 0.84039
260 418 1056 1377 1616 1726 1766 2150 2284 3025 4730 4804 5188 5516 5838 5891 
#module 19 size: 17 bs: 0.298475
1166 1233 1524 1527 1548 1963 2029 2083 2112 2135 2876 4372 5463 5523 5784 6011 6205 
#module 20 size: 68 bs: 0.710536
259 293 325 464 508 603 623 884 1117 1225 1512 1672 1821 1873 1884 2031 2064 2109 2363 2487 2821 2909 2933 2940 2974 3065 3227 3419 3529 3575 3632 3652 3724 3815 3838 3840 3949 3968 4049 4149 4577 4642 4711 4764 4815 4840 4942 5036 5152 5159 5247 5313 5316 5330 5415 5474 5489 5563 5620 5621 5767 5916 6017 6665 6666 6705 6713 6899 
#module 21 size: 12 bs: 0.993296
296 683 2440 3491 3711 3941 4060 4473 5540 6105 6503 6524 
#module 22 size: 36 bs: 0.78148
43 124 209 378 487 1026 1173 1371 1899 2230 2278 2898 2917 3180 3481 3640 3669 4083 4178 4429 4530 4577 4594 4818 4949 5045 5053 5182 5681 5702 5795 6311 6333 6480 6615 6667 
#module 23 size: 34 bs: 0.39139
155 375 390 624 768 1287 1384 1974 1977 1993 2205 2789 2899 3300 3375 4073 4166 4283 4623 4745 5305 5371 5374 5420 5677 5799 5804 6300 6353 6379 6569 6654 6656 6827 
#module 24 size: 15 bs: 0.902032
6 477 729 1239 2065 2132 2299 2331 2461 2708 3355 5494 5786 6381 6712 
#module 25 size: 181 bs: 0.85001
17 18 73 84 190 225 245 255 267 353 380 411 414 426 480 504 520 539 549 658 659 662 741 759 762 819 825 846 902 963 1000 1020 1031 1085 1089 1095 1111 1125 1182 1219 1223 1232 1258 1270 1281 1322 1354 1357 1368 1381 1401 1410 1476 1483 1507 1585 1644 1724 1732 1769 1854 1921 1942 1998 2005 2030 2062 2095 2146 2164 2218 2235 2249 2295 2311 2323 2346 2382 2418 2433 2448 2486 2533 2562 2574 2584 2609 2636 2672 2776 2800 2832 2863 2895 2910 3021 3031 3057 3080 3140 3145 3195 3255 3264 3305 3354 3373 3387 3401 3410 3437 3438 3514 3524 3574 3666 3730 3737 3747 3769 3952 3959 4010 4022 4200 4287 4301 4487 4505 4541 4547 4590 4629 4661 4669 4736 4757 4837 4856 4872 4920 4981 5104 5200 5204 5235 5265 5335 5413 5437 5441 5564 5644 5655 5691 5708 5737 5814 5861 5915 6022 6035 6067 6097 6117 6163 6258 6314 6322 6425 6534 6544 6594 6636 6698 6727 6730 6747 6777 6859 6878 
#module 26 size: 25 bs: 0.148425
202 438 629 772 1052 1060 1132 1480 1770 2038 2209 2217 2734 2947 3616 3792 3923 4112 4315 4785 4875 5233 5452 6052 6134 
#module 27 size: 18 bs: 1.0857
907 2138 2387 2452 3309 3441 3838 4067 4108 4232 4247 4430 4489 5154 5732 5854 6225 6656 
#module 28 size: 51 bs: 0.118267
96 253 261 341 454 596 660 797 798 804 853 901 1376 1377 1606 1699 1796 1928 2106 2575 2722 2739 2836 3012 3285 3374 3390 3451 3698 3736 3903 4139 4413 4533 4542 4647 5072 5136 5173 5192 5434 5454 5533 5689 5694 5987 6166 6238 6549 6584 6910 
#module 29 size: 27 bs: 0.5162
38 304 398 423 601 1029 1034 1068 1321 1470 1489 1642 1695 2484 2703 2824 3162 3552 3939 4121 4451 4483 4502 4914 5320 5973 6110 
#module 30 size: 7 bs: 0.423231
1624 1646 3546 4847 4880 5047 5458 
#module 31 size: 132 bs: 0.800823
34 64 114 216 232 271 312 341 369 371 409 452 502 509 575 581 709 732 818 824 835 901 911 934 942 972 975 1054 1059 1299 1515 1575 1610 1680 1727 1803 1814 1848 1853 1907 2072 2087 2094 2108 2179 2191 2206 2228 2231 2301 2480 2481 2533 2576 2589 2633 2718 2827 2856 2860 2889 2915 2985 3034 3060 3073 3117 3121 3357 3376 3512 3559 3571 3664 3693 3703 3704 3742 3748 3789 3819 3822 3990 4014 4084 4094 4113 4203 4230 4249 4252 4330 4360 4370 4385 4414 4454 4556 4568 4574 4603 4608 4678 4776 4836 4864 4983 5114 5246 5293 5296 5454 5504 5528 5701 5724 5740 5758 5841 5875 6056 6080 6092 6260 6375 6526 6527 6549 6581 6679 6807 6914 
#module 32 size: 9 bs: 0.162429
236 1920 2086 3004 3898 4068 4242 5738 6147 
#module 33 size: 8 bs: 1.06677
678 1110 1159 3626 4732 5248 6076 6369 
#module 34 size: 25 bs: 0.168058
184 349 577 891 928 1022 1296 1903 1946 2043 2145 2156 2165 2279 2872 3342 3346 3826 4532 4890 5083 5925 6341 6518 6879 
#module 35 size: 31 bs: 1.07774
240 472 535 622 710 776 1431 1519 1955 1992 2006 3008 3040 3586 3753 3831 4114 4398 5259 5291 5511 5688 5829 5924 6204 6216 6228 6787 6800 6825 6844 
#module 36 size: 22 bs: 1.08993
70 383 699 727 2370 2871 2949 3211 3218 3502 3676 3749 4071 4469 4708 4848 5181 5663 6405 6539 6671 6678 
#module 37 size: 28 bs: 0.929798
154 165 548 711 773 779 1785 1789 2057 2229 2264 2763 3002 4210 4360 4472 4619 4813 4974 5060 5270 5669 5672 5718 5769 6364 6483 6867 
#module 38 size: 27 bs: 0.895658
203 621 630 770 1487 1671 1728 2147 2866 2990 3000 3026 3075 3150 3397 3487 3558 3600 3995 4024 4387 4597 4954 5674 6013 6398 6408 
#module 39 size: 28 bs: 0.549186
39 124 372 451 1337 1679 1689 1745 1936 2455 2901 3236 3262 3292 3450 3584 3635 4030 4036 4054 4197 4225 4337 4440 5062 5370 5996 6227 
#module 40 size: 44 bs: 0.306485
32 102 333 356 897 989 1009 1080 1220 1496 1763 2234 2287 2288 2303 2540 2886 2931 3291 3386 3565 3598 3752 3842 3860 3872 4298 4318 4359 4415 4768 4953 4957 5057 5161 5221 5557 5634 5825 5894 5995 6139 6323 6496 
#module 41 size: 14 bs: 0.242298
76 455 1566 1576 2016 2305 2371 2775 3171 3399 3400 4932 5649 6478 
#module 42 size: 61 bs: 0.517916
46 52 53 339 448 580 685 753 805 868 877 1344 1414 1439 1607 1743 1772 1901 1989 2244 2497 2521 2526 2780 2839 2911 2996 3001 3159 3542 3580 4019 4111 4170 4182 4190 4222 4228 4408 4481 4651 4682 4921 5041 5362 5447 5574 5625 5695 5753 5908 5986 5994 6172 6319 6385 6409 6553 6620 6703 6808 
#module 43 size: 154 bs: 1.00268
57 69 121 180 202 232 352 386 503 525 540 542 583 644 849 874 886 946 1018 1041 1054 1093 1135 1153 1262 1299 1350 1444 1452 1477 1484 1497 1544 1610 1635 1647 1719 1735 1837 1907 1956 2063 2096 2100 2126 2190 2224 2277 2280 2344 2348 2617 2626 2682 2695 2701 2733 2777 2834 2868 2875 2915 2948 2960 3064 3166 3177 3192 3231 3301 3338 3363 3495 3520 3525 3578 3648 3660 3676 3708 3732 3751 3758 3764 3776 3878 3887 3902 3920 4103 4134 4144 4167 4203 4358 4418 4459 4480 4504 4524 4539 4562 4620 4634 4689 4715 4753 4767 4771 4853 4864 4871 4884 4913 5042 5056 5158 5223 5229 5347 5366 5375 5378 5437 5461 5485 5526 5550 5578 5644 5701 5713 5773 5849 5877 5899 5911 5937 6028 6051 6124 6179 6181 6235 6339 6428 6514 6579 6603 6679 6685 6739 6793 6880 
#module 44 size: 62 bs: 0.901428
214 394 521 554 556 930 960 1255 1346 1436 1441 1484 1508 1680 1791 1972 2092 2140 2236 2248 2372 2723 2738 2784 2785 3186 3196 3218 3240 3334 3413 3493 3591 3662 3857 3950 3953 4013 4075 4078 4124 4188 4220 4726 4788 5103 5124 5214 5426 5502 6151 6222 6280 6294 6431 6500 6542 6564 6604 6628 6699 6845 
#module 45 size: 21 bs: 0.909519
493 817 991 1119 1694 2186 2551 2563 2922 2975 3910 4216 4245 4511 4823 4919 4967 5554 5945 6060 6362 
#module 46 size: 25 bs: 0.864616
104 197 415 585 672 836 982 1036 1231 1597 1851 2148 2393 2644 2973 3009 3112 3122 3505 5292 5692 6188 6193 6815 6915 
#module 47 size: 17 bs: 0.601948
263 313 1746 1840 2661 2684 2880 3019 3915 3969 4449 4970 5105 5819 6001 6232 6886 
#module 48 size: 28 bs: 1.06474
71 397 522 737 920 966 967 1142 1331 1392 1550 1623 2758 3205 3328 3641 4064 4289 4795 4945 5339 5495 5521 5720 6003 6571 6649 6833 
#module 49 size: 16 bs: 0.492556
573 1499 1865 2024 2104 2410 2735 2752 3184 3270 3989 4465 4503 5066 5113 5739 
#module 50 size: 27 bs: 0.107081
257 330 499 659 674 1197 1514 1870 1887 2000 2124 2257 3114 3146 3381 3430 3773 4296 4348 4918 5435 6148 6625 6672 6675 6798 6829 
#module 51 size: 16 bs: 0.902653
538 1191 1305 1424 2802 3317 3590 3854 3888 4062 4202 4399 5038 5197 5587 6295 
#module 52 size: 33 bs: 0.102106
410 496 616 971 976 1104 1186 1218 1245 1369 1399 1976 2558 2950 3107 3136 3737 3883 3984 3994 4056 4790 4984 5669 5881 5910 5985 6264 6504 6560 6711 6796 6848 
#module 53 size: 48 bs: 1.07492
31 42 161 198 572 713 851 969 1045 1372 1433 1447 1620 1657 1711 1738 2047 2262 2317 2489 2510 2648 2704 2833 3303 3407 3874 4076 4120 4281 4524 4567 4589 4596 4949 5017 5132 5680 5699 5723 5731 5883 5898 6245 6356 6513 6736 6806 
#module 54 size: 42 bs: 0.283486
417 634 645 807 854 914 1066 1108 1158 1326 1390 1411 1572 1605 1636 1641 1947 2075 2080 2089 2381 2509 2972 2988 3341 3611 3682 3855 4122 4172 4191 4269 4517 4958 5542 5846 5850 5858 6029 6272 6403 6600 
#module 55 size: 40 bs: 0.774767
48 295 367 845 899 957 1032 1079 1117 1271 1332 1349 1805 1819 1906 1925 1932 2004 2051 2384 2813 2909 2974 3067 3130 3223 3529 3800 3968 4099 4267 4307 4606 4642 5069 5430 5530 5821 5863 6152 
#module 56 size: 45 bs: 0.503994
22 307 444 766 844 932 938 994 1070 1089 1205 1357 1381 1510 1511 1542 1655 1690 1718 1872 2411 2536 2888 3073 3127 3129 3201 3208 3273 3310 3377 3379 3900 4297 4305 4505 4956 5051 5134 5318 5912 6306 6313 6457 6779 
#module 57 size: 40 bs: 0.921833
321 386 723 896 1138 1363 1430 1471 1475 1541 1569 1627 1805 1822 1858 1859 1934 1951 2042 2602 2668 2903 3280 3283 3297 3350 3521 3639 3834 3846 4020 5027 5707 5778 6246 6463 6630 6758 6768 6797 
#module 58 size: 41 bs: 0.866368
420 501 533 664 866 1523 1674 1771 2048 2285 2645 2647 2826 2938 2943 2957 3048 3123 3194 3312 3402 3428 3440 3509 3599 3862 4073 4186 4960 5090 5359 5404 5561 5641 5711 6196 6488 6523 6868 6898 6924 
#module 59 size: 34 bs: 0.420903
66 223 618 667 883 968 988 1092 1250 1276 1434 1721 1923 1941 2178 2185 2267 2308 2316 2742 3289 3709 4130 4193 4294 4405 5022 5187 5278 5360 5734 6027 6131 6595 
#module 60 size: 36 bs: 0.220131
299 582 642 730 745 788 1162 1228 1449 1521 1554 1586 1973 2456 2809 2918 2991 3325 3349 3958 4207 4262 4525 4831 5119 5462 5562 5661 5872 6030 6032 6205 6213 6332 6482 6717 
#module 61 size: 44 bs: 0.63013
273 665 693 785 876 890 1102 1226 1633 1714 2111 2252 2360 2402 2464 2615 2621 2638 2969 3165 3316 3539 3727 4053 4150 4259 4280 4695 4862 5222 5423 5599 5610 5631 5645 5754 5884 5902 6019 6074 6303 6588 6612 6849 
#module 62 size: 38 bs: 0.295084
35 270 558 570 716 933 1081 1354 1425 1539 1685 1816 2059 2080 2155 2163 2289 2468 2637 2692 3439 3457 3750 3980 4174 4334 4525 4691 4756 4766 4926 5263 5423 5697 5892 6042 6465 6722 
#module 63 size: 26 bs: 0.748126
189 859 1071 1253 1298 1420 1504 1532 1701 1741 2770 2981 3536 4490 4565 4584 4657 4844 4886 5095 5135 5183 5357 5885 6218 6398 
#module 64 size: 116 bs: 0.174326
15 41 178 293 300 332 545 633 652 676 677 718 721 782 820 921 922 948 964 1011 1021 1203 1249 1251 1274 1293 1316 1427 1437 1509 1553 1650 1666 1775 1841 1843 1877 1890 1966 2003 2012 2018 2098 2149 2223 2297 2417 2581 2585 2622 2729 2790 2852 2885 2942 2961 2966 2999 3032 3035 3068 3098 3332 3359 3384 3464 3490 3656 3675 3804 3858 3881 4166 4183 4424 4527 4538 4587 4615 4621 4693 4810 4991 5028 5130 5231 5264 5281 5328 5340 5438 5466 5509 5565 5602 5647 5673 5685 5726 5866 5888 6142 6190 6191 6207 6211 6220 6253 6285 6314 6419 6423 6502 6525 6536 6647 
#module 65 size: 82 bs: 0.840121
10 23 157 167 208 246 702 812 870 941 1207 1210 1352 1484 1676 1677 1687 1818 1869 1929 2008 2215 2333 2342 2385 2423 2515 2537 2563 2669 2690 2766 2815 2822 2831 2855 3030 3052 3235 3259 3327 3329 3343 3619 3624 3677 3763 3764 3972 3986 4038 4059 4131 4162 4300 4320 4611 4913 4946 5098 5128 5255 5424 5606 5624 5642 5792 5944 5949 5966 6082 6175 6239 6320 6358 6420 6432 6491 6495 6826 6864 6895 
#module 66 size: 135 bs: 0.470226
61 110 129 150 191 210 291 452 453 481 559 576 821 869 936 944 974 994 1001 1009 1151 1167 1172 1195 1203 1244 1280 1300 1385 1454 1551 1629 1807 1905 1926 1943 1960 2005 2028 2103 2154 2161 2246 2260 2328 2361 2372 2513 2532 2588 2673 2681 2723 2750 2760 2817 2964 2978 2986 3028 3034 3037 3108 3126 3132 3212 3224 3252 3289 3318 3352 3404 3418 3420 3532 3587 3929 3932 3962 3999 4308 4310 4335 4413 4464 4495 4581 4666 4679 4686 4705 4719 4724 4760 4805 4825 4896 4963 5073 5116 5124 5269 5305 5363 5372 5379 5403 5569 5615 5638 5701 5804 5840 5853 5865 5886 5938 6072 6159 6160 6212 6240 6268 6304 6327 6384 6437 6586 6610 6635 6664 6673 6697 6750 6788 
#module 67 size: 113 bs: 0.996781
2 8 83 84 123 180 212 319 347 387 458 714 839 848 1004 1146 1150 1254 1306 1313 1347 1385 1397 1491 1529 1530 1557 1568 1707 1755 1939 2028 2076 2131 2169 2204 2302 2332 2355 2376 2386 2446 2475 2650 2658 2694 2721 2745 2751 2761 2838 2934 2963 3077 3133 3172 3418 3445 3531 3604 3687 3691 3740 3835 3836 3844 3925 3979 4052 4077 4141 4164 4243 4258 4277 4316 4341 4444 4461 4808 4923 4999 5165 5203 5205 5228 5321 5478 5512 5648 5698 5787 5807 5910 5960 6044 6052 6062 6091 6103 6198 6371 6449 6471 6492 6501 6530 6545 6568 6580 6602 6631 6700 
#module 68 size: 101 bs: 0.271694
1 21 175 177 186 187 224 549 675 731 740 935 1155 1275 1282 1304 1317 1359 1374 1458 1460 1493 1495 1538 1630 1670 1699 1708 1719 1744 1751 1781 1857 1870 1880 1966 1978 2001 2053 2054 2105 2146 2151 2316 2435 2502 2524 2619 2666 2867 2924 3138 3181 3316 3424 3468 3480 3503 3538 3562 3592 3738 3830 3857 3863 4105 4107 4361 4433 4497 4713 4793 4809 4868 4895 5110 5142 5243 5253 5306 5315 5330 5341 5543 5650 5675 5834 5879 5955 6310 6467 6498 6593 6607 6641 6642 6690 6742 6765 6795 6890 
#module 69 size: 48 bs: 0.442949
205 342 367 384 551 584 615 847 918 1040 1090 1280 1417 1481 1672 1983 1984 2097 2233 2276 2437 2814 2995 3444 3449 3477 3588 4636 4637 4684 4753 4758 4928 4973 5063 5289 5470 5537 5716 5765 5810 5826 6297 6326 6366 6592 6724 6830 
#module 70 size: 22 bs: 1.08912
399 604 789 1265 1319 1415 1668 2324 2358 2431 2522 2618 3120 3153 3459 3479 4362 5019 5079 5575 6189 6870 
#module 71 size: 37 bs: 0.370523
105 170 221 475 536 620 742 764 1027 1045 1170 1195 1445 1712 1846 2315 2816 2823 2908 3006 3179 3627 3796 4043 4090 4098 4268 4924 5142 5155 5193 5256 5686 5706 5733 5845 6455 
#module 72 size: 56 bs: 0.995015
12 24 234 251 322 331 491 566 707 719 733 757 811 910 998 1046 1277 1459 1546 1599 1849 1998 2192 2353 2778 2788 2829 2930 2940 3083 3506 3510 3638 3657 3782 3802 3829 3839 4035 4066 4152 4165 4176 4187 4498 4624 5238 5257 5535 5548 5811 5941 5962 6022 6328 6490 
#module 73 size: 31 bs: 0.331331
146 469 505 809 973 1042 1215 1242 1368 1565 1799 1871 2209 2318 2319 2630 3125 3328 3427 3685 3880 4992 5216 5274 5401 5413 6271 6458 6497 6661 6676 
#module 74 size: 45 bs: 0.26082
56 133 571 596 751 774 1003 1129 1199 1212 1286 1367 1440 1535 1632 2007 2118 2333 2596 2746 2897 3924 3989 4092 4234 4237 4301 4382 4549 4664 4877 5150 5348 5356 5391 5492 5499 5625 5678 5932 6058 6245 6266 6483 6764 
#module 75 size: 46 bs: 0.596974
57 176 206 292 350 422 560 625 810 830 892 915 979 1089 1291 1335 1580 1582 1798 2056 2066 2181 2235 2359 2667 2818 2835 2986 3020 3421 3431 3461 3463 3737 4358 4456 4526 4563 4723 5200 6024 6061 6197 6531 6769 6883 
#module 76 size: 67 bs: 0.822645
97 116 289 357 366 373 423 435 600 1041 1044 1379 1470 1587 1622 1698 1708 1723 1869 1914 1933 1938 1950 2339 2350 2365 2394 2412 2474 2493 2580 2594 2664 2715 2984 3135 3162 3183 3263 3275 3321 3366 3722 3755 3849 3907 4145 4349 4412 4441 4471 4502 4638 4687 4701 4742 4881 4896 5020 5842 6073 6168 6267 6342 6482 6519 6861 
#module 77 size: 171 bs: 0.428536
25 67 94 130 192 200 229 337 354 381 406 434 441 445 459 476 510 512 518 541 563 587 717 756 803 816 852 917 923 1012 1024 1118 1147 1156 1166 1168 1238 1257 1263 1378 1386 1393 1518 1567 1592 1716 1733 1786 1869 1916 1954 1957 1997 2008 2032 2079 2159 2187 2193 2199 2220 2243 2273 2310 2341 2343 2362 2470 2472 2485 2545 2651 2671 2697 2732 2737 2755 2768 2823 2851 2958 3024 3076 3084 3102 3109 3118 3144 3163 3247 3276 3290 3314 3383 3452 3470 3513 3544 3596 3622 3639 3674 3677 3683 3723 3739 3743 3760 3867 3970 4045 4050 4088 4270 4355 4388 4422 4546 4562 4622 4628 4645 4659 4680 4804 4909 4997 5223 5232 5272 5324 5351 5422 5424 5453 5477 5534 5593 5613 5627 5639 5659 5671 5679 5693 5709 5712 5800 5823 5836 5862 5874 5963 5966 6025 6082 6090 6104 6209 6250 6259 6352 6358 6383 6493 6505 6655 6667 6778 6843 6916 
#module 78 size: 88 bs: 0.365147
81 238 401 408 421 471 473 692 694 767 806 831 867 1048 1122 1157 1181 1201 1275 1283 1444 1454 1533 1734 1737 1902 1964 2018 2110 2142 2171 2214 2226 2247 2285 2408 2432 2499 2516 2552 2590 2647 2656 2740 2765 2782 3057 3100 3119 3153 3224 3284 3396 3428 3517 3608 3705 3706 3771 3853 3922 3926 4026 4073 4097 4390 4666 4733 4756 4888 5009 5163 5314 5328 5404 5438 5445 5498 5780 5783 5853 6185 6212 6456 6638 6734 6773 6847 
#module 79 size: 17 bs: 0.108289
1058 1096 1619 2225 2505 3234 3759 3760 4491 4656 4823 5350 5761 5950 6126 6226 6605 
#module 80 size: 74 bs: 0.279169
111 257 277 287 316 392 565 673 696 706 725 913 992 1106 1154 1187 1288 1355 1400 1788 1813 1876 1908 1917 1990 2002 2099 2137 2188 2304 2320 2406 2479 2678 3086 3114 3416 3770 3886 3907 3976 4098 4101 4201 4208 4219 4233 4251 4327 4394 4425 4569 4572 4887 4900 4941 4955 5071 5212 5288 5311 5600 5617 5789 5824 5904 6009 6228 6427 6485 6608 6624 6775 6909 
#module 81 size: 57 bs: 0.59835
82 185 361 391 414 631 661 752 859 1141 1227 1628 2030 2044 2101 2172 2223 2356 2420 2628 2685 3103 3265 3308 3467 3469 3642 3730 4082 4185 4285 4467 4477 4534 4584 4697 4703 4709 4777 4981 4996 5224 5317 5392 5456 5501 5632 5808 5830 5837 5887 6078 6314 6375 6418 6574 6622 
#module 82 size: 29 bs: 0.284216
416 576 590 697 1037 1177 1251 1488 1601 1643 2241 2405 2527 2654 2668 3114 3190 3344 3668 4748 4765 4866 5026 5250 5286 5529 5551 5855 6047 
#module 83 size: 42 bs: 0.114423
86 143 529 827 1118 1163 1295 1466 1547 1683 1954 2017 2103 2158 2368 2380 2677 2702 2709 2728 2808 2819 3082 3116 3448 3653 3670 3873 4148 4326 4411 4442 5129 5604 6075 6270 6350 6394 6396 6443 6764 6900 
#module 84 size: 47 bs: 0.487083
207 298 370 653 687 796 813 829 1035 1078 1104 1176 1206 1360 1443 1445 1479 1761 1820 1976 2070 2544 3136 3671 3918 3973 4025 4159 4204 4223 4494 4543 5143 5405 5416 5545 5546 5714 5719 5881 5985 6238 6296 6360 6533 6711 6796 
#module 85 size: 42 bs: 0.222542
628 746 790 844 872 954 1221 1485 1502 1520 1628 1778 2071 2164 2689 2877 3202 3411 3568 3634 3692 3765 3865 3908 4095 4157 4423 4718 4803 5050 5190 5235 5337 5342 5525 5614 5616 5766 6256 6289 6338 6754 
#module 86 size: 47 bs: 0.536566
419 437 660 687 893 900 1500 1608 1675 1704 1828 1881 1940 2091 2528 2543 2637 2909 3029 3085 3220 3478 3545 3679 3716 3810 3821 4118 4147 4364 4667 4743 4826 5106 5459 5535 5743 5802 6107 6282 6382 6408 6616 6653 6683 6709 6799 
#module 87 size: 16 bs: 0.674341
84 1077 1165 1175 1202 1455 1594 2757 2873 3134 3436 3798 3827 4633 6757 6784 
#module 88 size: 75 bs: 0.198831
28 227 305 449 537 547 646 777 783 821 837 981 997 1189 1198 1248 1312 1313 1327 1492 1534 1702 1739 1830 1833 1875 2027 2039 2128 2167 2445 2557 2658 2676 2699 2795 2934 3082 3092 3115 3142 3217 3261 3323 3368 3378 3582 3725 4354 4365 4366 4496 4521 4756 4917 4975 5007 5010 5014 5030 5195 5227 5279 5365 5763 6075 6160 6206 6264 6394 6397 6425 6454 6708 6785 
#module 89 size: 66 bs: 1.08999
11 27 49 134 596 750 774 840 871 940 1003 1008 1134 1482 1506 1516 1535 1543 1617 1626 1810 1829 1844 2037 2125 2269 2325 2333 2347 2424 2596 2623 3147 3193 3271 3494 3534 3718 3790 3956 3996 4301 4345 4356 4384 4408 4552 4559 4802 4872 4877 4901 5367 5409 5869 5932 5942 5957 6249 6395 6481 6637 6643 6694 6766 6796 
#module 90 size: 83 bs: 0.498665
136 369 530 579 637 828 841 984 1010 1016 1067 1088 1133 1285 1423 1575 1615 1639 1664 1756 1780 1793 1808 1900 1994 2026 2094 2174 2175 2450 2517 2743 2848 2857 2859 2944 2951 3443 3777 4080 4133 4255 4297 4370 4540 4568 4574 4608 4683 4789 4799 4857 4865 5070 5080 5108 5121 5138 5177 5309 5322 5467 5605 5607 5618 5687 5717 5741 5798 5903 5956 5980 6031 6081 6095 6234 6633 6639 6769 6807 6872 6873 6896 
#module 91 size: 37 bs: 0.6366
125 274 495 791 889 1084 1185 1247 1468 1562 1625 1634 1878 1886 1896 1944 2160 2254 2345 2425 2581 2772 2825 3471 3897 4029 4332 4595 4863 5395 5579 6225 6265 6330 6401 6682 6719 
#module 92 size: 85 bs: 0.910715
3 20 112 132 183 230 285 328 402 425 561 701 744 808 860 1083 1171 1249 1407 1497 1577 1581 1720 1729 1981 2046 2119 2129 2136 2172 2265 2327 2349 2465 2538 2566 2628 2657 2962 3206 3216 3249 3287 3337 3446 3498 3594 3615 3630 3783 3786 3816 3859 4082 4184 4238 4284 4323 4377 4410 4735 4777 4801 4855 4889 4962 5015 5021 5141 5326 5377 5443 5456 6161 6184 6357 6393 6484 6509 6517 6663 6723 6741 6816 6856 
#module 93 size: 51 bs: 0.452538
50 109 355 775 814 815 951 1284 1448 1750 1826 1834 1979 2106 2266 2286 2603 2801 3072 3185 3197 3295 3500 3507 3528 3612 3713 3820 3944 4138 4238 4265 4445 4482 4729 4800 4849 4962 4998 5196 5230 5319 5323 5385 5972 6043 6202 6337 6506 6819 6841 
#module 94 size: 62 bs: 0.492945
36 40 114 140 141 145 311 413 459 671 700 709 863 878 881 1005 1133 1148 1303 1573 1631 1727 1942 2108 2170 2404 2604 2633 2714 2743 2773 2864 3306 3313 3576 3877 3882 4014 4093 4126 4249 4297 4321 4360 4401 4568 4971 5001 5076 5131 5246 5273 5619 5735 5736 5980 6479 6562 6613 6662 6804 6896 
#module 95 size: 45 bs: 0.36826
374 412 578 1152 1478 1500 1525 1662 2052 2075 2390 2579 2640 2937 3017 3347 3380 3398 3442 3609 3666 3799 3896 3927 3964 3991 4001 4004 4119 4231 4273 4744 4838 5006 5294 5564 5690 5980 6034 6186 6591 6809 6862 6911 6921 
#module 96 size: 98 bs: 0.331152
193 204 251 256 269 380 382 450 491 526 539 642 650 659 662 668 801 925 993 1028 1097 1196 1202 1214 1258 1269 1270 1279 1333 1336 1354 1421 1503 1732 1769 1897 2075 2084 2196 2221 2407 2448 2451 2686 2832 2844 2916 3095 3195 3200 3233 3392 3510 3673 3695 3734 3808 3841 3879 3894 4022 4168 4209 4211 4438 4476 4590 4624 4661 4702 4763 4920 4943 5065 5086 5088 5104 5254 5331 5408 5708 5748 5940 5991 6015 6035 6177 6324 6459 6473 6575 6609 6718 6777 6780 6874 6882 6892 
#module 97 size: 78 bs: 0.255126
89 220 266 268 340 461 514 516 609 684 894 919 1038 1053 1211 1353 1482 1563 1572 1596 1692 1918 1959 2011 2068 2078 2153 2256 2389 2441 2478 2627 2786 2955 3018 3457 3515 3537 3613 3629 3710 3718 3756 3780 3790 3875 4072 4169 4235 4269 4414 4662 4673 4760 4812 4850 4927 4948 4986 5018 5310 5329 5419 5421 5484 5665 5724 5725 5757 5865 5979 6410 6418 6668 6687 6745 6844 6857 
#module 98 size: 104 bs: 0.42139
60 157 162 243 249 282 377 428 439 602 607 688 722 754 778 929 977 1073 1252 1259 1264 1361 1398 1404 1413 1700 1777 1809 1815 1860 1924 1958 1986 2121 2491 2504 2505 2555 2581 2635 2639 2719 2731 3014 3036 3042 3074 3087 3131 3198 3239 3473 3535 3563 3672 3817 3916 3917 4032 4128 4153 4218 4261 4404 4500 4539 4593 4640 4658 4716 4859 4908 4929 5058 5118 5145 5364 5406 5431 5480 5505 5509 5590 5635 5730 5909 5926 5959 5981 6007 6150 6275 6293 6354 6372 6491 6543 6577 6619 6695 6701 6715 6724 6907 
#module 99 size: 60 bs: 1.03925
62 222 468 784 931 970 1062 1063 1208 1267 1320 1340 1362 1370 1446 1450 1653 1985 1999 2565 2587 2849 2879 3054 3058 3088 3111 3497 3583 3665 3852 3909 3931 3981 4117 4156 4192 4256 4309 4314 4350 4730 4740 4798 4845 5039 5174 5212 5284 5349 5722 5788 5799 5947 6049 6279 6391 6433 6546 6691 
#module 100 size: 49 bs: 0.631657
222 432 442 465 592 856 1462 1574 1709 1723 1954 2166 2412 2458 2477 2649 2747 3005 3215 3326 3475 3527 3847 4002 4044 4089 4125 4177 4324 4610 4828 4882 5074 5091 5101 5166 5207 5583 5705 5857 6021 6392 6400 6406 6482 6537 6555 6596 6922 
#module 101 size: 48 bs: 0.132639
19 37 298 370 429 496 555 663 833 834 1100 1186 1206 1309 1688 1740 1953 1976 2467 2716 2807 2830 3143 3170 3399 3412 3471 3667 3737 3817 3899 3998 4041 4227 4688 4725 4851 5162 5261 5325 5432 5658 5790 6012 6238 6335 6386 6796 
#module 102 size: 152 bs: 0.878554
11 29 47 74 85 225 228 231 244 247 276 306 338 343 348 369 386 388 396 406 467 523 599 606 626 657 735 786 804 1075 1112 1183 1522 1604 1621 1654 1673 1697 1703 1733 1836 1847 1852 1858 1919 1991 2125 2127 2198 2228 2231 2330 2354 2374 2378 2414 2454 2466 2582 2597 2706 2725 2754 2759 2842 2850 2897 2926 3028 3128 3139 3210 3213 3251 3330 3361 3362 3369 3394 3460 3490 3494 3499 3533 3557 3595 3633 3649 3661 3694 3718 3790 3813 3861 3876 3893 3975 4058 4155 4203 4215 4306 4312 4319 4333 4375 4396 4458 4545 4552 4579 4613 4653 4696 4739 4869 4872 5032 5102 5184 5219 5220 5276 5399 5421 5496 5504 5552 5553 5556 5581 5594 5643 5793 5795 5822 5831 5868 5922 6039 6041 6042 6050 6254 6344 6375 6429 6468 6567 6710 6711 6745 
#module 103 size: 33 bs: 0.426281
297 433 703 904 905 1310 1479 1507 1598 1669 1783 1996 2219 2632 2773 2797 3070 3177 3850 4516 4552 4573 4676 5210 5419 5601 5781 5803 5805 6112 6233 6343 6499 
#module 104 size: 47 bs: 0.897108
182 235 562 875 1047 1178 1235 1273 1549 1612 1754 1862 1882 1894 1911 2212 2220 2369 2599 2887 2919 3069 3187 3299 3406 3556 3823 3885 4006 4212 4375 4378 4436 4780 4952 5301 5378 5453 5461 5622 5742 5785 5801 5900 6194 6626 6812 
#module 105 size: 44 bs: 0.394942
173 211 532 750 879 987 1051 1116 1297 1350 1461 1611 1794 1930 2033 2116 2471 2771 3063 3155 3541 3566 3785 4508 4649 4754 4979 5063 5209 5242 5490 5518 5544 5611 5651 5801 5982 6098 6162 6298 6644 6711 6858 6889 
#module 106 size: 74 bs: 0.968788
166 199 244 283 344 443 679 691 927 1043 1377 1383 1526 1555 1563 1817 1855 2022 2060 2197 2211 2294 2336 2439 2521 2559 2680 2687 2893 2906 3010 3248 3371 3585 3680 3767 3805 3809 3965 3971 3982 4017 4063 4241 4278 4339 4528 4617 4752 4893 5011 5059 5252 5280 5387 5421 5503 5572 5584 5752 5958 5999 6048 6200 6255 6263 6336 6375 6483 6516 6646 6651 6759 6910 
#module 107 size: 64 bs: 0.941159
13 138 144 151 336 342 456 588 712 724 906 1069 1107 1123 1175 1255 1323 1594 1980 2208 2253 2281 2312 2383 2400 2420 2567 2663 2774 2907 2983 3190 3229 3265 3338 3570 3573 3974 4195 4448 4467 4630 4631 4635 4703 4721 4867 4905 4916 5268 5299 5411 5685 5764 5852 5906 5920 5967 5986 6046 6416 6438 6601 6732 
#module 108 size: 41 bs: 0.549951
61 559 715 944 1074 1115 1229 1667 1747 1760 1847 1960 2259 2260 2541 2547 2683 2891 3037 3078 3161 3319 3504 3577 3621 4034 4272 4427 4665 4846 5125 5336 5373 5538 5864 5876 6072 6144 6159 6169 6314 
#module 109 size: 88 bs: 0.520737
179 302 310 380 450 491 519 659 726 819 925 950 952 1039 1095 1097 1105 1120 1290 1301 1313 1440 1501 1663 1693 1732 1767 1768 1769 1897 2005 2050 2196 2232 2261 2570 2764 2858 2870 3007 3038 3053 3094 3106 3485 3701 3734 3841 3866 3901 4392 4439 4475 4624 4763 4943 4959 5088 5146 5153 5254 5266 5402 5446 5476 5517 5595 5628 5691 5715 5820 6029 6035 6092 6133 6140 6143 6146 6317 6334 6446 6453 6461 6629 6680 6802 6874 6882 
#module 110 size: 104 bs: 1.07631
14 58 99 107 323 475 652 681 695 794 912 1246 1260 1364 1458 1507 1593 1658 1667 1715 1847 1952 2035 2040 2120 2260 2268 2292 2403 2490 2535 2729 2820 2837 2847 2892 2896 2925 2945 3040 3050 3059 3160 3178 3288 3388 3492 3575 3702 3787 3803 3832 3871 3928 3937 4011 4034 4061 4090 4136 4272 4379 4506 4518 4641 4830 4831 4860 4898 4902 4912 4972 4994 5008 5170 5189 5336 5418 5455 5592 5637 5655 5664 5675 5747 5813 5838 5864 5876 6037 6055 6082 6128 6132 6144 6241 6376 6388 6477 6606 6696 6761 6767 6831 
#module 111 size: 199 bs: 0.965011
37 100 126 131 171 195 251 254 301 462 486 513 543 545 560 589 598 605 619 639 654 689 734 738 743 811 813 843 857 949 1013 1033 1109 1149 1161 1179 1194 1216 1222 1234 1236 1315 1408 1440 1442 1560 1578 1584 1648 1681 1710 1720 1752 1774 1797 1845 1877 1889 1962 2013 2168 2171 2183 2207 2245 2271 2275 2293 2300 2322 2357 2395 2398 2462 2629 2670 2779 2798 2921 2936 2952 2979 2980 2982 3041 3045 3058 3101 3110 3199 3268 3302 3365 3403 3415 3447 3454 3468 3486 3503 3519 3551 3593 3597 3712 3744 3757 3914 3920 3957 3963 3978 4047 4065 4066 4163 4250 4254 4302 4308 4363 4371 4426 4453 4507 4537 4585 4592 4599 4612 4625 4668 4670 4692 4715 4717 4731 4774 4778 4794 4872 4874 4878 4891 4897 4907 4976 5004 5049 5055 5087 5099 5202 5231 5271 5277 5287 5302 5333 5361 5471 5481 5510 5520 5609 5791 5843 5878 5919 5928 5930 5931 5941 5964 5965 5976 6026 6145 6231 6242 6307 6308 6328 6359 6363 6380 6390 6422 6431 6435 6447 6452 6475 6476 6510 6535 6573 6645 6762 
#module 112 size: 23 bs: 0.557193
128 213 218 705 1289 1465 1505 1736 2130 2469 2691 3046 3240 3547 3784 4012 4609 4773 5541 5848 6286 6582 6814 
#module 113 size: 44 bs: 0.693543
163 494 498 690 799 1101 1131 1457 1845 1982 2177 2218 2427 2929 2968 3238 3244 3353 3417 3555 3781 3801 4039 4102 4319 4421 4646 5002 5089 5179 5226 5239 5304 5417 5640 5777 5954 5968 6154 6472 6474 6792 6877 6913 
#module 114 size: 48 bs: 0.349609
187 265 446 682 895 1094 1184 1295 1314 1334 1451 1614 1753 1864 2620 2624 2660 2711 2840 3191 3225 3254 3322 3513 3569 3954 4317 4381 4455 4832 4834 4925 5031 5149 5176 5624 5626 5782 5839 6110 6116 6405 6424 6551 6557 6627 6789 6851 
#module 115 size: 1 bs: 1
6550 
#module 116 size: 1 bs: 1
611 
#module 117 size: 1 bs: 1
5547 
#module 118 size: 1 bs: 1
4140 
#module 119 size: 1 bs: 1
2606 
#module 120 size: 1 bs: 1
6897 
#module 121 size: 1 bs: 1
1812 
#module 122 size: 1 bs: 1
4416 
#module 123 size: 1 bs: 1
4135 
#module 124 size: 1 bs: 1
4217 
#module 125 size: 1 bs: 1
6153 
#module 126 size: 1 bs: 1
4070 
#module 127 size: 1 bs: 1
6224 
#module 128 size: 1 bs: 1
5597 
#module 129 size: 1 bs: 1
5856 
#module 130 size: 1 bs: 1
3157 
#module 131 size: 1 bs: 1
1904 
#module 132 size: 1 bs: 1
882 
#module 133 size: 1 bs: 1
640 
#module 134 size: 1 bs: 1
1802 
#module 135 size: 1 bs: 1
6291 
#module 136 size: 1 bs: 1
2085 
#module 137 size: 1 bs: 1
4091 
#module 138 size: 1 bs: 1
2593 
#module 139 size: 1 bs: 1
6811 
#module 140 size: 1 bs: 1
6010 
#module 141 size: 1 bs: 1
5033 
#module 142 size: 1 bs: 1
1403 
#module 143 size: 1 bs: 1
2283 
#module 144 size: 1 bs: 1
3462 
#module 145 size: 1 bs: 1
1137 
#module 146 size: 1 bs: 1
5566 
#module 147 size: 1 bs: 1
1561 
#module 148 size: 1 bs: 1
4627 
#module 149 size: 1 bs: 1
3554 
#module 150 size: 1 bs: 1
4639 
#module 151 size: 1 bs: 1
92 
#module 152 size: 1 bs: 1
5577 
#module 153 size: 1 bs: 1
4246 
#module 154 size: 1 bs: 1
850 
#module 155 size: 1 bs: 1
5728 
#module 156 size: 1 bs: 1
3043 
#module 157 size: 1 bs: 1
5744 
#module 158 size: 1 bs: 1
2034 
#module 159 size: 1 bs: 1
3044 
#module 160 size: 1 bs: 1
4650 
#module 161 size: 1 bs: 1
2700 
#module 162 size: 1 bs: 1
250 
#module 163 size: 1 bs: 1
2512 
#module 164 size: 1 bs: 1
4295 
#module 165 size: 1 bs: 1
5779 
#module 166 size: 1 bs: 1
5064 
#module 167 size: 1 bs: 1
4930 
#module 168 size: 1 bs: 1
3845 
#module 169 size: 1 bs: 1
103 
#module 170 size: 1 bs: 1
2970 
#module 171 size: 1 bs: 1
2805 
#module 172 size: 1 bs: 1
3728 
#module 173 size: 1 bs: 1
5755 
#module 174 size: 1 bs: 1
4290 
#module 175 size: 1 bs: 1
6415 
#module 176 size: 1 bs: 1
4046 
#module 177 size: 1 bs: 1
6054 
#module 178 size: 1 bs: 1
3961 
#module 179 size: 1 bs: 1
3425 
#module 180 size: 1 bs: 1
3912 
#module 181 size: 1 bs: 1
612 
#module 182 size: 1 bs: 1
5003 
#module 183 size: 1 bs: 1
758 
#module 184 size: 1 bs: 1
2959 
#module 185 size: 1 bs: 1
6402 
#module 186 size: 1 bs: 1
5444 
#module 187 size: 1 bs: 1
5921 
#module 188 size: 1 bs: 1
2274 
#module 189 size: 1 bs: 1
2971 
#module 190 size: 1 bs: 1
4244 
#module 191 size: 1 bs: 1
2976 
#module 192 size: 1 bs: 1
6120 
#module 193 size: 1 bs: 1
6085 
#module 194 size: 1 bs: 1
346 
