867	445	454	452	672	612	708	61	219	974	1011	700	461	18	25	352	384	5	377	988	409	972	87	430	232	1010	451	1013	336	
207	315	325	405	55	119	
608	536	
1190	1078	511	1071	776	
319	
103	343	365	
224	378	670	996	107	1121	1	389	910	701	
98	118	
842	248	362	140	
531	805	590	442	659	272	773	948	189	616	534	287	610	391	725	208	833	123	770	424	764	850	386	387	90	294	316	593	
966	
733	
549	
69	176	432	522	1029	
27	122	
687	308	295	903	358	186	288	976	360	1048	822	975	314	890	473	146	1043	230	290	383	839	92	475	955	195	711	68	1274	341	261	289	100	1164	99	763	
375	244	
755	800	491	89	786	557	237	
51	141	284	1064	1308	1086	296	158	598	791	72	246	134	825	1014	127	472	446	611	994	896	1031	989	1058	761	300	697	351	264	77	105	
574	147	728	572	133	59	149	885	283	678	152	497	106	656	544	712	796	355	309	679	629	449	634	112	79	313	648	1028	156	274	144	736	1258	860	
880	
459	
206	320	410	78	907	380	374	256	17	166	167	143	159	54	354	349	165	417	602	125	900	1000	187	617	931	630	204	1150	836	334	220	
196	698	
117	
914	137	
1140	
665	
597	
563	
286	
902	
407	559	
576	
262	
723	
667	
706	
740	
337	102	
49	
425	
408	
787	627	
913	
444	
1277	21	
1302	
649	1053	95	756	282	533	164	1342	921	345	714	278	1349	193	1283	586	828	636	120	241	532	591	
792	37	306	
958	
469	
126	
465	
744	872	
1282	
457	537	
646	716	
652	
132	
658	
980	109	339	806	997	861	654	1267	188	869	197	170	829	436	1136	359	814	843	858	1224	1370	443	460	213	1006	939	1362	292	930	115	198	322	376	67	474	746	1246	530	1127	
191	
651	810	
331	
565	
203	
212	
823	
225	
901	
114	
1093	
226	
64	
571	928	
1177	
546	
421	
168	
142	177	592	279	63	894	429	1142	270	1240	1253	160	254	807	200	935	1030	809	233	854	949	97	76	554	301	1018	347	1021	251	1352	1016	150	604	607	702	447	564	535	1015	771	62	1326	1025	326	406	317	999	221	558	643	231	545	1321	458	
81	
393	275	
427	
285	
984	
368	
539	
588	
185	400	
906	
332	
721	
960	
1209	
1196	
271	
874	
462	1217	36	
121	
695	385	
