#module 0 size: 3 bs: 0.00699482
1407 3091 4450 
#module 1 size: 3 bs: 0.00355037
1263 7237 7705 
#module 2 size: 3 bs: 3.15818e-07
2416 3011 11535 
#module 3 size: 3 bs: 0.0237012
2642 6096 7639 
#module 4 size: 4 bs: 0.0114341
3529 3636 3817 10910 
#module 5 size: 3 bs: 0.0635472
6583 8568 8979 
#module 6 size: 6 bs: 0.000590342
3029 5165 6279 8033 8836 9882 
#module 7 size: 6 bs: 0.000806906
1220 4230 7265 8933 9093 10311 
#module 8 size: 4 bs: 0.00326277
4117 6388 9556 9716 
#module 9 size: 54 bs: 0.193531
5 10 766 851 1038 1492 1599 1737 1904 1905 2165 2311 2554 2578 2707 3739 4307 4636 4677 4843 5260 5278 5466 5738 5862 5907 6236 6515 6521 6924 7128 7165 7377 7683 8285 8300 8379 8618 9164 9331 9459 9553 9714 9753 9756 9920 10160 10215 10579 10633 10678 10966 11342 12523 
#module 10 size: 7 bs: 0.300094
62 2225 11151 11334 11678 12641 12685 
#module 11 size: 5 bs: 0.911218
3624 4035 6380 8877 9006 
#module 12 size: 9 bs: 0.414153
957 3846 3963 5787 7123 7458 7463 8832 9368 
#module 13 size: 15 bs: 0.327334
2344 2768 4055 4938 5433 5942 6469 6701 7122 8872 9336 10063 10151 10219 10932 
#module 14 size: 5 bs: 1.07968
1466 6707 9755 10783 11224 
#module 15 size: 5 bs: 0.678507
6144 6863 8635 9852 10717 
#module 16 size: 18 bs: 0.861438
1439 1563 1685 1867 3533 4305 4560 4582 5568 6181 7454 8062 8113 9061 9854 10056 10142 11095 
#module 17 size: 23 bs: 0.795354
1034 1986 2792 3500 3701 4302 5001 5407 5548 6006 6274 6436 6778 7034 7646 7746 7928 7977 8360 8610 9964 10975 11383 
#module 18 size: 5 bs: 0.98849
3423 3833 3974 6457 8123 
#module 19 size: 4 bs: 0.770998
3658 6021 8977 9276 
#module 20 size: 8 bs: 0.491334
3744 4361 4697 5954 6528 6751 7141 7696 
#module 21 size: 6 bs: 0.876391
1931 2824 4534 6855 8324 10631 
#module 22 size: 6 bs: 0.766686
7190 7305 7838 8361 8948 11361 
#module 23 size: 4 bs: 0.625849
1089 6812 7866 9224 
#module 24 size: 22 bs: 0.803416
2270 2589 2835 2958 3687 3859 4084 4408 4413 4654 4668 4837 5110 5142 6217 6262 7578 7613 8584 9375 10461 11708 
#module 25 size: 29 bs: 0.513807
852 967 1475 1617 1831 2078 2377 2825 2921 2963 3208 3436 3564 3900 4379 4777 5413 5500 5659 5896 6234 6264 7275 8278 9085 9561 10097 10617 11123 
#module 26 size: 33 bs: 0.138038
1415 1546 1693 1821 2042 2068 2478 3311 3421 3525 3541 3648 3716 3914 4447 4828 5551 5669 5671 6299 6355 6430 6998 7182 7843 7875 8006 9264 9324 9591 10455 10477 10876 
#module 27 size: 30 bs: 1.04057
1520 1912 2272 3627 3638 3838 4584 4736 4794 5290 6015 6203 6234 6386 6649 6830 7694 8335 8384 8552 8976 9098 9727 9948 10103 10185 10564 10813 11371 11501 
#module 28 size: 16 bs: 0.899179
1846 2114 2940 3713 4173 6143 8082 8165 8494 8805 8876 9466 9557 10897 10901 12756 
#module 29 size: 29 bs: 1.06619
970 1015 1270 1843 3441 3450 3823 4291 4298 4338 4700 5317 5418 5553 5724 5864 6197 7100 7119 7226 7231 7755 8558 8636 9541 10627 10919 11031 11447 
#module 30 size: 11 bs: 0.635248
4410 4473 5034 5624 7065 8437 9722 10301 10659 10766 11362 
#module 31 size: 37 bs: 0.41135
28 922 1010 1620 1862 2093 2349 2787 2896 3117 3659 3802 4295 4459 4480 5199 5321 5408 5752 5899 5943 6300 6370 6534 7056 7299 7511 8371 8478 8845 8965 9068 9431 9450 10550 10857 11207 
#module 32 size: 29 bs: 0.54733
72 1045 1346 2030 2353 2407 2470 2485 2486 3103 3573 3924 4137 4290 4315 4341 5400 5627 6531 6533 6736 6954 7852 7982 8630 9277 9512 9838 10769 
#module 33 size: 43 bs: 0.113464
1393 1925 2244 2313 2333 3400 4239 4522 4622 4630 4724 4791 5212 5253 5277 5380 5523 5658 5687 5739 5741 5803 6323 6392 6858 6964 6968 7131 7596 7918 7959 8187 8656 8709 8728 8930 9034 9432 9464 9986 10141 10147 11883 
#module 34 size: 30 bs: 0.469751
2 845 1365 1443 1524 1525 1526 2034 2919 3118 3304 3631 3897 4054 4371 4421 4681 4933 5300 6258 6674 7386 7839 7947 8009 8157 8668 8737 10292 11074 
#module 35 size: 60 bs: 1.0264
52 792 1019 1106 1278 1279 1586 1834 1837 1887 2255 2301 2575 2602 2831 2841 2881 2967 3042 3051 3443 3647 3870 3886 4276 4731 4822 4835 4970 5646 5976 6128 6227 6307 6338 6979 7040 7584 8326 8373 8450 8542 9024 9129 9143 9214 9559 9598 9604 9706 10620 10688 10707 10747 10918 10965 11114 11130 11160 12595 
#module 36 size: 11 bs: 0.453923
1421 1679 2560 3405 4107 4217 4537 7976 10247 10470 10920 
#module 37 size: 21 bs: 0.679182
807 1217 1378 1750 2157 2513 3511 4429 4452 5122 5305 5715 5718 7243 7270 9117 9183 9186 9356 10551 11085 
#module 38 size: 24 bs: 0.307738
891 1337 1890 2025 2033 2339 2624 2903 3076 3767 3988 5167 5448 6007 6316 8203 8385 8758 8937 8965 9712 9872 10897 11145 
#module 39 size: 28 bs: 0.745659
1100 1427 1729 2564 2913 3448 3748 4430 4716 4863 5343 5599 6246 6478 6533 6539 7092 7171 7769 7868 8175 8266 8875 8881 10001 10159 10370 10981 
#module 40 size: 36 bs: 0.274581
54 57 936 1379 1839 1956 2287 2302 2355 2638 2721 3442 3676 3759 3765 3794 3806 3834 3919 4002 4222 4774 5489 5587 5803 6254 6350 6739 7050 8489 8762 8817 9103 9832 10581 12495 
#module 41 size: 30 bs: 0.689072
931 1901 2475 2506 2759 3656 3679 3920 4262 5401 5448 5462 5581 6922 7129 7693 7719 7984 8057 8606 8634 8890 9350 9547 9810 9873 10401 10648 11169 11453 
#module 42 size: 29 bs: 0.678078
71 1228 1855 1932 1964 2770 2865 2889 3266 4995 5698 5814 5956 6348 7352 7356 7545 8320 8459 8634 8650 8971 9100 9608 9925 9993 10516 11541 12746 
#module 43 size: 71 bs: 0.673061
960 1047 1168 1243 1320 1347 1748 1815 1847 2548 2799 2816 2825 2844 2963 2996 3012 3019 3082 3120 3162 3308 3420 3452 3453 3536 3733 3809 4036 4282 4396 4483 4568 4575 4906 4920 4928 4991 5058 5155 5246 5534 6134 6198 6230 6303 6423 6479 6553 6556 6958 7049 7314 7492 7635 8201 8293 8355 8445 8455 9266 9275 9418 9561 10068 10149 10318 10473 10822 11712 12885 
#module 44 size: 27 bs: 0.83938
1066 1091 1830 1877 2058 2175 2230 2268 2679 2715 2796 3087 3162 3203 3542 4519 4679 5861 6198 7617 8498 8755 9526 10228 10882 11411 11712 
#module 45 size: 5 bs: 0.818313
2803 3213 8443 10566 10827 
#module 46 size: 6 bs: 1.08642
2444 6033 7271 7295 7996 10651 
#module 47 size: 8 bs: 0.577655
1842 2571 2987 3801 5490 5538 7071 10544 
#module 48 size: 13 bs: 1.02171
2808 2838 3009 4163 7178 7410 8934 9408 9702 11369 11435 11657 12644 
#module 49 size: 35 bs: 0.141742
835 1128 1222 1280 1894 1994 2072 2099 2982 3261 3488 4284 4889 5429 5762 5794 5935 5992 6540 6996 7223 7227 7375 7638 7786 8436 8490 9182 9251 9283 9442 10818 10947 10980 11259 
#module 50 size: 38 bs: 0.771335
1300 1635 2115 2423 2450 2734 3234 3277 3375 3584 3848 3851 4391 4627 4957 5299 5947 5961 5969 6661 6909 7572 7937 8060 8154 8284 8953 9149 9549 9601 9688 9744 9978 10050 10122 10427 11079 11194 
#module 51 size: 12 bs: 0.349586
1484 5045 5284 5737 5833 6562 6582 6754 6937 7259 7737 10073 
#module 52 size: 8 bs: 0.389498
1626 1710 2984 3999 4271 4335 6906 9588 
#module 53 size: 55 bs: 0.376275
865 926 1135 1230 1283 1835 1880 1985 1998 2090 2177 2435 2616 2700 2850 2952 3026 3181 3185 3213 3278 3827 4115 4615 4726 4727 4733 4768 4941 5154 5382 5591 5697 5710 5946 6563 6612 6712 6965 7023 7460 8208 8315 8390 8440 9044 9161 9185 9793 10468 10591 10730 10860 11067 11705 
#module 54 size: 75 bs: 0.150414
8 919 964 990 1018 1078 1203 1253 1298 1388 1397 1448 1457 1597 1657 1704 1757 1953 2040 2057 2335 2442 3257 3268 3446 3485 3695 3889 3910 4176 4208 4437 4518 4524 4597 4766 5306 5347 5393 5402 5481 5603 5741 5872 6156 6355 6494 7021 7051 7088 7254 7307 7345 7681 7795 8118 8153 8163 8176 8209 8665 8886 8963 9070 9376 9632 9780 10026 10333 10614 10668 10926 11006 11016 12077 
#module 55 size: 51 bs: 0.321954
767 886 899 2169 2230 2392 2415 2511 2786 2793 2894 3030 3351 3908 4106 4278 4663 4672 4756 4787 4908 5539 6101 6185 6233 6289 7353 7585 8237 8252 8392 8506 8895 9199 9230 9305 9369 9436 9523 9655 9672 9801 9845 9883 9949 10072 10384 10501 10843 11070 11216 
#module 56 size: 44 bs: 0.679428
812 1131 1247 1311 1541 1575 1663 1904 2013 2990 3097 3264 3935 3954 4532 4677 5189 5364 5403 5466 6268 6803 6924 7128 7474 7683 7855 7987 8225 8275 8349 8368 9421 9531 9651 9783 9784 9923 10160 10171 10354 10781 10966 12506 
#module 57 size: 44 bs: 0.186961
758 986 1391 1595 2459 2750 3018 3070 3074 3251 3346 3691 3962 4694 4713 4967 4998 5280 5374 5463 5558 6107 6405 7026 7210 7303 7358 7389 7772 7826 7876 7951 8170 8314 8722 8815 8975 9761 10520 10622 10762 10894 11197 11443 
#module 58 size: 35 bs: 0.855505
7 972 1141 1621 2108 2614 2882 3240 3282 3622 3684 3836 4024 4103 4471 4709 5505 5552 5951 6133 6302 6527 7169 7365 7792 7854 8153 8316 8788 9022 9030 9206 10810 10988 12726 
#module 59 size: 6 bs: 0.981369
1743 1857 3057 5755 6480 6987 
#module 60 size: 31 bs: 0.421804
1095 1542 1975 1984 2044 4569 4780 4909 5397 5616 5660 5685 5984 6385 6489 6669 6952 7078 7203 8322 8338 8380 8681 8774 9419 9679 9689 10593 11032 12609 12666 
#module 61 size: 56 bs: 0.507976
16 882 1778 1917 2102 2567 2728 2940 3013 3198 3494 3930 4191 4205 4296 4507 4690 4722 4999 5427 5582 5774 6068 6143 6685 6700 6951 6984 7118 7476 8149 8577 8805 8894 8897 9137 9434 9452 9466 9725 9842 9969 10002 10088 10245 10314 10496 10541 10689 10777 10853 10897 11271 11700 11702 11815 
#module 62 size: 44 bs: 0.829903
796 955 1116 1310 1809 2126 2163 2181 2255 2437 3051 3119 3377 3779 3791 3873 4285 4826 5143 5381 5554 6054 6098 6683 6702 7103 7292 7357 7551 7633 8184 8634 8752 8862 8928 9139 9289 9339 9737 9886 10337 10420 10875 11575 
#module 63 size: 29 bs: 0.756776
1544 1580 2385 2778 3035 3414 4001 4783 5439 5689 5924 5926 5942 5988 6201 6581 6873 7082 7186 7396 7446 8104 8665 8874 9659 9667 9709 11006 11109 
#module 64 size: 43 bs: 0.342492
56 1104 1347 1348 1963 2313 2552 2811 2817 3451 3453 3883 3992 4067 4184 4192 4395 4562 4637 4870 4931 5535 5751 5989 6361 6559 7173 7606 7980 8555 8670 9092 9660 9802 9840 9871 10076 11003 11400 11504 11595 12170 12995 
#module 65 size: 45 bs: 0.681491
962 1102 1873 2851 2970 3228 3430 3436 3568 3582 4215 4345 4496 4646 4798 4857 5169 5375 5447 5637 5647 5767 5849 5931 6175 6373 6862 6872 7512 7643 8350 8765 9107 9460 9875 9981 10097 10132 10259 10703 10711 10872 11123 11643 11660 
#module 66 size: 56 bs: 0.417656
50 760 1273 1410 1713 2144 2391 2398 2761 2772 2945 2983 3417 3429 3522 3604 3945 4099 4216 4321 4609 4613 4729 4776 5000 5040 5073 5156 5414 5487 6044 6151 6314 6483 6665 7108 7137 7566 7718 7821 7923 8112 8260 8787 8967 9079 9444 9558 10044 10597 10647 10729 10811 10865 11016 11113 
#module 67 size: 42 bs: 0.469834
22 1038 1669 1883 1940 1964 2420 2520 2880 2994 4552 4677 4843 4899 5094 5188 5309 5818 6017 6039 6111 6236 6271 7074 7377 7439 7488 7500 7857 7927 8618 8652 8809 8926 9231 9613 9633 10043 10211 10448 10678 12992 
#module 68 size: 61 bs: 0.865066
17 906 988 1059 1121 1139 1314 1502 1521 1571 1677 1827 2155 2583 3134 3357 3685 4231 4319 4351 4382 4598 4684 4934 4936 5021 5227 5389 5590 5592 5667 6013 6045 6123 6153 6400 6899 6985 7036 7149 7273 7301 7336 7359 8083 8136 8924 9122 9331 9406 9476 10193 10256 10264 10454 10469 10592 10802 10948 11864 12652 
#module 69 size: 31 bs: 0.314888
930 951 2389 2466 2563 3053 3132 4072 4305 4444 4560 4597 4730 4788 4802 5028 6488 6658 6854 8206 8311 9111 9398 9786 9901 10438 10654 11178 11185 11419 12712 
#module 70 size: 55 bs: 0.670866
1162 1782 2637 2668 2690 2832 2890 3044 3681 3731 4453 4484 4897 4914 4955 5492 5635 5936 5960 6573 6610 6843 7605 7676 7917 7938 8093 8140 8415 8418 8483 8484 8486 9059 9176 9190 9451 9469 9487 9490 9542 9703 9874 10117 10206 10538 10796 10943 10947 11115 11148 11459 11693 11701 11765 
#module 71 size: 61 bs: 1.07288
810 1578 2161 2492 2701 2722 2910 3015 3069 3149 3190 3262 3314 3464 3465 3524 3689 3894 4071 4077 4206 4312 4407 4838 5022 5086 5089 5123 5358 5707 5716 6241 6416 6569 6626 6663 7022 7054 7085 7102 7703 7929 7963 8169 8319 8331 8471 8614 9242 9297 9396 9397 9457 9639 10042 10196 10608 10624 11032 11457 12534 
#module 72 size: 24 bs: 0.139101
932 1026 1639 1652 1781 2592 3250 3427 4379 4895 5217 5606 6523 6564 6691 6945 7540 7706 8726 9107 9713 10020 10805 11625 
#module 73 size: 55 bs: 0.853977
1122 1189 1332 1720 1798 1801 1886 1910 2343 2535 2562 2906 3049 3107 3401 3758 3798 3897 3931 4074 4244 4350 4570 4845 5219 5406 5597 5625 5847 5891 6139 6900 7004 7035 7202 7218 7502 7726 7843 7851 8032 8085 8137 8141 8181 9034 9200 9300 9366 10316 10336 10360 10450 10961 11532 
#module 74 size: 48 bs: 0.603754
1465 1569 1645 1769 2016 2047 2135 2617 2719 3052 3151 3574 3745 3976 4236 4696 4849 4913 4965 5043 5352 6061 6114 6624 6864 6881 6921 6985 7239 7332 7720 7760 7978 7988 8404 8527 8962 9370 9463 9766 10012 10116 10272 10439 10536 11010 11649 12896 
#module 75 size: 22 bs: 0.498338
43 816 2401 2452 2785 3080 3560 4576 4855 4975 5250 5398 5829 6339 7536 7619 9172 10282 10357 10374 10973 11002 
#module 76 size: 55 bs: 0.292177
1090 1209 1446 1522 1996 2336 2468 2566 2686 2940 3309 4029 4336 4456 4555 4710 4825 5131 5233 5270 5363 5528 5580 5600 5765 5895 6004 6028 6470 6962 6963 7390 7417 7671 7685 7724 7837 8296 8357 8602 8765 8841 9057 9106 9402 9484 9812 9980 10208 10851 10887 10897 11190 11448 12870 
#module 77 size: 51 bs: 0.484361
964 1126 1262 1373 1802 1970 2074 2369 2736 3155 3585 3764 3871 3953 4028 4030 4757 4804 4916 5072 5391 5499 5683 5811 5832 6455 6465 6869 6893 6934 7334 7722 7732 7771 7916 7946 7991 8135 8173 8456 8625 8982 9272 9417 9614 10164 10734 10948 11097 11379 13027 
#module 78 size: 83 bs: 0.666249
806 1072 1240 1468 1751 1891 1973 2186 2283 2351 2432 2516 2579 3150 3206 3302 3646 3734 3800 4102 4134 4170 4218 4457 4566 4746 4772 4901 4945 4984 5025 5160 5186 5308 5566 5691 5712 5824 6152 6209 6213 6256 6312 6453 6468 6724 6784 6841 7167 7193 7207 7338 7573 7615 7702 7727 7730 7765 7858 8528 8756 8820 9041 9066 9162 9318 9338 9508 9545 9609 9671 9809 9821 10029 10123 10166 10187 10244 10366 10380 10527 10712 11475 
#module 79 size: 33 bs: 0.514539
53 1111 1915 3100 3491 3501 4064 4243 4808 5656 5875 5904 6005 6475 6576 7098 7443 7684 8042 8807 8970 9132 10313 10349 10560 10577 10607 10697 10838 10839 11173 11335 12861 
#module 80 size: 75 bs: 0.231374
849 1113 1249 1290 1452 1460 1599 1918 1920 2008 2010 2489 2496 2550 2654 2853 3100 3130 3341 3455 3642 3805 3837 3845 3943 4064 4156 4325 4435 4443 4591 4866 4874 5216 5238 5265 5376 5496 5867 5890 5949 6511 6773 6829 6990 7014 7063 7113 7378 7422 7600 8042 8046 8125 8174 8345 9232 9260 9423 9479 9848 9999 10126 10351 10422 10437 10764 10812 10854 11136 11335 11576 11581 11704 12681 
#module 81 size: 44 bs: 0.890482
1093 1674 2054 2494 2695 2809 3101 3480 3868 3984 4043 4178 4197 5100 5283 5531 5793 6065 6248 6422 6490 6740 6768 6824 7143 7609 7716 8228 8370 8400 8676 9001 9130 9733 9735 9795 10432 10475 10625 10810 10913 11110 11189 12862 
#module 82 size: 48 bs: 0.998208
67 1068 1268 1288 1374 1605 1736 1791 1860 2546 3094 3482 3520 3567 3649 3714 4148 4330 4767 5211 5518 5759 5799 6229 6500 6501 6592 6684 6902 7192 7222 7250 7430 7665 7753 7788 7969 8005 8468 8615 9191 9245 10016 10254 10482 10613 10699 10906 
#module 83 size: 14 bs: 0.153795
2324 4121 4494 4619 4623 5164 5993 7465 7791 7975 9958 10221 11246 11702 
#module 84 size: 37 bs: 0.997433
1000 1156 1211 1409 2075 2205 2301 2308 3191 3242 3338 3535 3904 4052 4100 4643 4903 4968 5237 5672 5820 6109 6335 6529 6648 7584 8132 8306 8780 8835 8910 10039 10148 10324 10897 10982 11232 
#module 85 size: 53 bs: 0.553433
795 826 1119 1188 1431 1753 1808 1864 1974 2084 2193 2480 2542 2573 2717 2760 3527 3592 3760 3861 3950 3982 4237 4764 4850 4876 4881 4882 5323 5522 5628 5804 6206 6302 6537 7094 7592 7744 7888 8038 8100 8245 8327 9192 9541 9828 9846 9893 10329 11096 11656 12950 13055 
#module 86 size: 31 bs: 0.536907
788 945 1132 1195 2149 2868 2996 3012 3019 3458 3504 3663 3928 4344 5058 5244 5286 5456 6099 7160 8455 8683 9616 9844 9970 10137 10211 10248 10388 11193 11240 
#module 87 size: 90 bs: 0.818158
958 966 1005 1034 1414 1525 1684 1759 1810 1889 1995 2598 3222 3245 3247 3269 3389 3594 3815 3816 3891 3936 3938 4032 4116 4133 4267 4316 4581 4636 4771 4817 4820 5285 5357 5519 5524 5613 5642 5773 5884 6401 6502 6671 7304 7313 7339 7456 7530 7565 7647 7657 8161 8409 8493 8683 8773 8797 8799 8940 9000 9166 9536 9610 9612 9624 9707 9724 9773 9803 9970 10041 10251 10284 10382 10460 10705 10756 10775 10801 10804 10836 10863 11164 11465 11962 12447 12891 12905 12982 
#module 88 size: 77 bs: 0.707305
34 799 952 953 1467 1967 2002 2170 2179 2189 2190 2256 2575 2641 2648 2749 2787 2833 2872 2892 3579 3669 3802 4135 4596 4614 4741 4954 5136 5199 5350 5437 5693 5753 6135 6146 6225 6722 6726 7166 7245 7421 7532 7709 7713 7806 7943 8070 8244 8450 8478 8509 8732 8746 9126 9154 9195 9431 9626 9697 9717 9786 10037 10491 10503 10681 10714 10934 11013 11135 11267 11336 11447 11551 11604 12015 12555 
#module 89 size: 27 bs: 0.962973
66 1281 1550 1767 2151 3141 4414 4605 5029 5243 5719 6169 6901 6910 7093 7144 7224 7392 7490 7709 8375 8562 10065 10576 11490 11788 12297 
#module 90 size: 42 bs: 0.18405
778 947 1101 1392 1495 1818 2482 2494 2549 2650 3259 3534 3675 3756 4038 4169 4249 5070 5081 5203 5562 5758 6048 6270 6586 7016 8106 8364 9068 9148 9205 9645 9704 9839 9965 10720 11140 11268 12642 12882 12889 12902 
#module 91 size: 52 bs: 0.33895
1058 1133 1145 1170 1185 1588 1689 2218 2493 2934 3126 3707 3853 4089 4179 4232 4259 4693 4809 4833 5068 5112 5135 5356 5615 5812 6384 6526 6730 8180 8283 8372 8543 8657 8745 8751 8777 8968 9457 9458 9693 9775 9900 9942 10014 10100 10139 10452 10509 10512 10792 12006 
#module 92 size: 87 bs: 0.439619
6 764 1031 1178 1221 1283 1398 1464 1642 1694 1702 2110 2241 2260 2347 2395 2705 2718 2791 2806 2978 3033 3046 3355 3378 3503 3598 3702 3703 3715 3971 3977 4014 4047 4110 4247 4515 4528 5012 5263 5332 5341 5361 5482 5525 5530 5701 6216 6356 6384 6458 6770 6908 7008 7024 7090 7662 7711 7904 8099 8171 8449 8602 8617 8696 8828 9012 9193 9274 9449 9478 9650 9754 9818 9971 10014 10051 10107 10163 10295 10359 10515 10584 10658 11220 11266 11364 
#module 93 size: 58 bs: 0.952784
815 1024 1050 1103 1361 1773 2473 2503 2508 2519 2710 2725 2925 2971 3061 3286 3826 3927 4256 4420 4815 4862 5127 5152 5346 5619 5816 5854 5868 5905 5929 5997 6010 6298 6409 6419 6679 6747 6918 7052 7081 7095 7175 7228 7435 7626 7735 7884 7913 8001 8352 8412 8816 9320 9357 10889 11380 12293 
#module 94 size: 26 bs: 0.107609
2962 3221 3725 3785 4105 4425 5176 5207 6129 6343 6844 7520 7579 7627 7954 8389 8410 8974 9028 9629 10048 10183 10379 10516 11273 11498 
#module 95 size: 31 bs: 0.770803
901 1144 1644 1697 1898 2086 2477 2526 3192 3477 3742 4354 4394 4553 4805 4882 5065 5454 5621 6009 6207 6750 6905 6974 7441 7721 8580 8582 8711 8790 9991 
#module 96 size: 52 bs: 0.439378
802 942 1097 1321 1338 1382 1537 1583 1734 1899 2184 2429 2620 3182 3254 3358 3691 3980 4000 4856 4871 4956 5298 5377 5387 5401 5749 5811 6399 6506 6687 6743 6828 7019 7025 7214 7370 7967 8051 8220 8222 8286 8603 8608 9445 9500 9824 9873 10038 10381 10859 11258 
#module 97 size: 44 bs: 0.324026
8 57 1318 1784 1804 2095 2311 2788 2964 3114 3290 3331 3442 3862 4001 4671 4775 4814 4966 4980 5138 5372 5614 5786 5842 5924 6157 6214 6218 6358 6410 6472 6769 7153 7175 7191 7509 7535 7553 7648 8254 8817 9906 10218 
#module 98 size: 21 bs: 0.240506
1085 1235 1949 2798 3128 3244 3299 4045 4400 4675 4963 5883 6304 6542 6835 7840 8217 8420 8492 9026 11233 
#module 99 size: 55 bs: 0.802475
771 842 1004 1441 1496 1595 1675 1885 2146 2675 2724 2839 2846 3015 3194 3210 3390 3464 3570 3609 3892 4047 4128 4253 4262 4559 4635 4967 5047 5205 5324 5436 5459 5778 6371 6935 7046 7157 7329 7455 7723 7826 8109 8556 8557 9180 9259 9640 9790 9873 9905 10335 10971 11272 12792 
#module 100 size: 41 bs: 0.897024
74 1124 1345 1368 1723 1938 2540 2677 2930 2955 3937 4357 4464 4509 4521 4806 4829 5579 5769 5840 5841 6311 6797 6936 6978 7158 7689 8307 8363 8692 8882 8901 8923 9121 9208 9256 9382 9814 9899 10428 11868 
#module 101 size: 64 bs: 1.0474
785 847 985 1074 1246 1511 1565 1856 1970 2345 2699 2762 2977 3195 3274 3288 3289 3433 3449 3505 3746 3784 3881 4005 4113 4538 4610 4618 4751 4844 5252 5478 5681 5761 6352 6434 6532 6986 7130 7209 7266 7344 7382 7397 7438 7723 8277 8423 8628 8828 8842 9105 9165 9355 9406 9449 9753 9894 9918 10343 10653 10660 10735 13055 
#module 102 size: 33 bs: 0.368629
32 64 69 939 1062 1363 1433 1589 2627 2714 3323 4092 4232 4355 4466 4546 4723 5120 5857 6148 6168 6388 7491 7754 8643 8990 10157 10310 10483 10710 10751 10754 12584 
#module 103 size: 39 bs: 1.04732
790 1031 1086 1320 1417 1997 2174 2180 2223 2781 2791 2848 3037 4356 4575 4576 4661 4928 4978 5361 6159 6228 6635 7569 8152 8473 8545 8748 8905 9136 9378 9468 9683 9707 9807 9889 11088 11712 13062 
#module 104 size: 70 bs: 0.194527
22 35 949 1147 1254 1301 1490 1566 1708 1966 2142 2391 2515 2534 2810 3239 3297 3312 3521 3941 3949 4109 4234 4320 4363 4436 4599 4677 4701 4784 4937 5007 5311 5469 5906 6036 6186 6445 6654 6878 7280 7323 7374 7377 7483 7812 8197 8723 8767 8786 8889 9040 9091 9330 9407 9541 9772 9873 10118 10223 10367 10376 10514 10546 10677 10780 10815 11009 11932 12327 
#module 105 size: 48 bs: 1.07145
1167 1480 1569 1576 1758 2123 2433 2439 2795 2907 2928 2999 3075 3255 3426 3477 3478 4209 4910 5166 5319 5564 6793 6827 6828 6861 6879 7077 7264 7721 7830 7944 7998 8017 8056 8448 8613 8724 8848 9134 9298 9929 10430 10833 10989 11109 11550 12635 
#module 106 size: 43 bs: 0.395647
1394 1557 1558 1602 1616 1634 2228 2257 2304 2517 2660 2927 2969 3115 3811 4272 4781 4886 5608 5728 5881 6007 6046 6113 6847 7211 7602 7682 7747 7770 8305 8639 8856 9179 9203 9496 9854 9966 10125 10398 10618 10628 10632 
#module 107 size: 197 bs: 0.933801
777 875 885 973 1012 1094 1114 1175 1356 1408 1420 1426 1436 1485 1505 1531 1533 1598 1628 1638 1665 1744 1747 1806 1869 1933 1936 1987 2029 2062 2076 2079 2082 2103 2154 2325 2402 2428 2462 2476 2495 2544 2570 2640 2674 2827 2837 3062 3105 3138 3152 3207 3260 3366 3372 3397 3399 3410 3462 3466 3532 3547 3618 3635 3717 3718 3906 3989 3994 4003 4082 4181 4196 4252 4258 4274 4279 4299 4322 4329 4418 4520 4530 4626 4695 4853 4877 5039 5059 5082 5150 5179 5293 5302 5331 5367 5373 5412 5540 5541 5544 5593 5630 5659 5766 5822 5827 5828 5909 5957 5998 6058 6161 6247 6261 6286 6377 6424 6507 6508 6509 6579 6622 6691 6758 6946 6956 6981 6983 6992 7038 7072 7155 7164 7283 7287 7322 7371 7425 7449 7452 7525 7625 7629 7700 7710 7823 7953 7958 8047 8098 8122 8131 8340 8462 8512 8544 8626 8743 8822 8936 9043 9082 9153 9377 9381 9471 9477 9486 9603 9608 9656 9663 9691 9710 9833 9879 9933 10057 10112 10131 10205 10226 10377 10471 10513 10841 10878 10914 10938 10977 11007 11077 11206 11413 11436 12019 
#module 108 size: 72 bs: 1.01057
52 76 792 1017 1106 1228 1279 1412 1548 1726 1932 2104 2112 2412 2576 2577 2595 2769 2831 2841 2847 2865 2889 2967 3068 3281 3321 3886 4392 4753 4835 5289 5611 6202 6211 6326 6338 6407 6442 6651 6709 6713 6725 7114 7163 7352 7514 7545 7581 8018 8313 8470 8553 8596 8747 8823 9047 9100 9143 9178 9244 9551 9564 9635 9669 9925 10688 10918 11130 11160 11425 12228 
#module 109 size: 42 bs: 0.476578
1208 1256 1269 1341 1425 1446 1459 1631 1649 1668 1722 1921 2049 2706 4803 4823 4962 5409 5830 5928 6194 6884 6932 7005 7408 7879 8312 8617 8719 8811 8899 9050 9401 9647 10506 10587 10658 10870 11488 11519 11715 12661 
#module 110 size: 29 bs: 0.824635
1159 1415 1455 1498 1546 1627 2039 3142 3670 3732 4149 4383 4403 4447 5340 5747 5782 6876 6943 7221 7892 8003 8121 8133 8221 9144 9774 10858 10983 
#module 111 size: 45 bs: 0.454378
15 866 873 1176 1608 1718 1927 1954 2373 3058 3247 3445 3452 3780 4034 4049 4132 4659 4769 5643 5806 6103 6597 6641 6686 6999 7379 7522 7842 8037 8044 8343 8607 8903 9625 9678 10605 10671 10692 10700 10809 11022 11107 12700 13010 
#module 112 size: 41 bs: 0.721529
39 1776 2136 2141 2318 2319 2916 3106 3129 3199 3409 3915 4022 5399 5423 5746 5780 5783 5845 5851 6026 6530 6795 7029 7198 7219 7415 7964 8508 8576 8983 9096 9734 9972 10120 10192 10254 10599 10846 12899 13039 
#module 113 size: 132 bs: 0.443087
30 79 882 894 895 940 1051 1065 1166 1257 1299 1385 1641 1731 1775 1777 1824 1851 2102 2141 2319 2353 2502 2531 2558 2696 2746 2747 2845 2937 2960 3036 3072 3083 3135 3258 3438 3484 4039 4083 4166 4275 4308 4310 4389 4544 4690 4840 4944 5079 5126 5210 5335 5342 5400 5483 5529 5583 5754 5779 5788 5797 5850 5967 6331 6427 6431 6481 6533 6598 6633 6656 6676 6889 6917 7140 7150 7174 7198 7240 7429 7487 7748 7845 7948 8006 8039 8076 8115 8144 8210 8405 8550 8633 8702 8703 8725 8868 8897 8946 8985 9018 9037 9078 9110 9367 9455 9472 9504 9560 9604 9676 9698 9841 9864 10293 10511 10565 10674 10798 10844 10907 10928 10931 11025 11099 11168 11205 11395 11667 11790 12249 
#module 114 size: 40 bs: 0.256437
51 886 1091 1353 1633 2026 2213 2396 2957 3160 3339 3586 4246 4563 4600 4642 4919 4958 5014 5109 5255 5291 5476 6199 6308 6798 7260 7367 7568 8586 8749 8984 9101 9250 9305 10224 10402 10457 10483 12683 
#module 115 size: 42 bs: 0.731081
38 870 1552 1725 1878 2158 2159 2460 3050 3147 3186 4720 4996 5359 5609 5808 6023 6024 6411 6578 6711 7372 7767 7802 8008 8597 8660 8817 8935 9681 9745 9938 10115 10396 10484 10753 11115 11230 11699 11949 12510 12977 
#module 116 size: 12 bs: 0.172527
867 1902 2685 3518 3677 3792 5925 6163 8707 9294 9851 10023 
#module 117 size: 44 bs: 0.592827
12 781 994 1003 1547 1779 1780 2254 2317 2341 2372 3145 3335 3616 3761 3802 4119 4150 4168 4543 4810 4943 5162 5356 5789 5990 6357 6471 7135 7146 7348 7491 7511 7677 7754 8543 8757 9049 9431 9935 10345 10433 10850 11664 
#module 118 size: 92 bs: 0.183837
881 938 974 1423 1440 2158 2183 2274 2425 2635 2765 2854 2902 2924 3054 3085 3180 3241 3246 3571 3639 3732 3832 3847 4112 4154 4243 4266 4268 4289 4306 4464 4542 4567 4631 4680 4683 4691 4934 5096 5133 5486 5631 5747 5867 5991 6084 6183 6250 6265 6327 6349 6627 6631 6865 6994 7221 7538 7604 7714 7767 7892 8023 8041 8081 8105 8539 9036 9099 9170 9237 9256 9257 9502 9654 9657 9677 9741 9774 9850 10015 10027 10106 10199 10275 10320 10386 10413 11021 11138 11139 12158 
#module 119 size: 51 bs: 0.225187
826 903 961 1110 1289 1525 1566 1571 2140 2160 2703 2979 3172 3253 3376 3502 3521 3592 3625 3710 3766 3934 4014 4283 4298 4590 5007 5222 5438 5811 5873 6083 6278 6417 6760 6897 7010 7697 7766 7946 8270 8499 8763 8889 9524 9541 9753 10003 10118 10929 10952 
#module 120 size: 174 bs: 0.31442
777 843 883 893 913 967 979 1006 1155 1206 1229 1271 1322 1499 1549 1598 1619 1655 1667 1717 1733 1863 1919 1952 2082 2089 2097 2101 2124 2240 2270 2397 2454 2479 2505 2659 2691 2758 2800 2861 2968 2973 2980 3249 3265 3363 3391 3459 3469 3495 3556 3575 3829 3835 3933 3956 3978 3986 4044 4091 4223 4254 4287 4370 4373 4398 4399 4417 4446 4548 4732 4740 4993 5030 5041 5139 5231 5318 5452 5458 5555 5587 5664 5708 5714 5720 5748 5768 5815 5844 5912 6058 6253 6261 6317 6329 6374 6390 6558 6600 6622 6667 6817 6822 6831 7059 7155 7274 7381 7436 7452 7578 7610 7625 7641 7642 7645 7878 7907 7932 7936 7960 8040 8086 8131 8148 8264 8297 8309 8351 8381 8421 8441 8476 8590 8601 8735 8743 8822 8936 9002 9083 9145 9263 9268 9322 9343 9453 9544 9566 9573 9868 9916 9998 10049 10077 10112 10131 10214 10277 10338 10404 10543 10679 10728 10841 10862 10914 11159 11261 11393 11695 12679 12881 
#module 121 size: 106 bs: 0.414306
59 73 860 975 1001 1028 1203 1306 1315 1319 1584 1701 1774 1817 1840 1845 1852 1959 2040 2210 2258 2387 2775 2918 2922 3064 3107 3385 3531 3540 3572 3664 3697 3750 3979 4017 4078 4273 4401 4422 4482 4550 4699 4819 4842 4896 5010 5038 5042 5084 5158 5239 5300 5464 5559 5618 5717 5744 5999 6122 6132 6337 6561 6804 6871 6938 6953 6964 6993 7048 7142 7216 7386 7479 7528 7712 7824 7868 8019 8108 8156 8167 8549 8641 9019 9138 9287 9296 9483 9492 9540 9574 9590 9630 9863 10391 10603 10626 10663 10701 10759 10787 11081 11188 12573 12589 
#module 122 size: 31 bs: 0.251142
1025 1154 1328 1545 2393 2653 2841 3006 3084 3270 3362 3412 3510 3869 4728 4942 5633 5639 6155 6866 6966 7073 7187 7942 9361 9371 9390 9806 10203 10389 12944 
#module 123 size: 54 bs: 0.230049
13 29 891 1109 1130 1218 1335 1402 1463 1607 1664 1671 1681 1977 2052 3767 3777 3922 4428 4778 4905 4997 5279 5326 5487 5918 6259 6492 6915 6957 7215 7317 7380 7618 7621 7627 7664 7881 7893 8114 8241 8325 8483 8909 9062 9291 9304 9874 9964 10066 10253 10323 10773 10947 
#module 124 size: 27 bs: 1.03482
1140 1230 1274 1413 2206 2445 2801 3273 3674 3771 3901 4497 4658 4706 6085 6454 7177 7562 7583 8251 8308 8634 8684 8971 8997 9424 10328 
#module 125 size: 52 bs: 1.01038
825 854 984 1033 1199 1748 1833 1924 2117 2148 2371 2781 3144 3161 3893 4013 4031 4143 4281 4297 4928 4947 5104 5268 5426 5515 5852 5869 5901 6141 6288 6418 6425 6524 6720 7060 7104 7328 7797 7847 7974 8510 8782 9308 9327 9503 9720 10143 10222 10682 11223 12638 
#module 126 size: 42 bs: 0.52644
830 956 1105 1160 1429 2465 2483 2867 3089 3408 3690 3797 4061 4448 4451 5385 5484 5713 5987 6121 6591 7007 7320 7698 7763 7828 8138 8262 8346 8474 8871 8959 8982 9288 9765 10414 10504 10621 10743 10979 11073 12813 
#module 127 size: 46 bs: 0.339285
42 844 873 946 2060 2474 2613 2731 3058 3252 3407 4326 4393 4702 5285 5560 5573 6142 6180 6495 6636 7486 7805 8002 8223 8637 8721 8996 9086 9104 9286 9363 9409 9565 10190 10294 10508 10526 10645 10684 10724 10774 10826 10939 11017 11470 
#module 128 size: 56 bs: 0.871137
834 1039 1054 1067 1127 1250 1291 1330 1613 1850 2070 2298 2453 2479 2501 2662 2744 3014 3132 3319 3328 3588 3593 3835 3995 4087 4203 4222 4257 4571 4587 5064 5092 5193 5273 5506 5508 5509 5640 5771 5803 6396 7298 7877 8048 8178 8358 8638 9247 9280 9427 9435 10053 10572 10772 11001 
#module 129 size: 29 bs: 0.707532
1172 1760 2360 3031 3300 3517 3830 4167 4380 4812 5093 5480 6138 6176 6741 7027 7475 7699 8570 9090 9142 9425 9734 10176 10290 10636 12690 12782 12933 
#module 130 size: 85 bs: 0.608749
41 49 833 905 1020 1061 1173 1191 1192 1214 1366 1696 1729 1789 1805 1876 1928 1960 2035 2038 2134 2323 2472 2551 2569 2669 2713 3092 3359 3396 3497 3603 3620 3754 4006 4139 4194 4245 4525 4821 5003 5272 5274 5532 5813 5944 5992 6499 6765 7047 7058 7244 7272 7324 7668 7758 7809 7831 7966 7971 8010 8190 8204 8216 8250 8256 8592 8669 8710 8808 8972 9200 9293 9752 9758 9919 10191 10375 10407 10517 10922 10992 11188 11215 11340 
#module 131 size: 83 bs: 0.613922
20 26 797 1080 1232 1303 1787 1828 2187 2627 2680 2843 2846 2929 3170 3191 3224 3225 3272 3471 3489 3712 4253 4334 4484 4536 4545 4616 4790 5006 5024 5075 5107 5113 5234 5237 5304 5488 5663 5858 5902 6064 6087 6221 6245 6450 6520 6653 6735 6972 7229 7620 7723 7754 7799 7826 7829 7886 7901 8193 8310 8320 8461 8634 8644 8770 8772 8805 8932 9211 9350 9936 9969 9975 9977 10186 10341 10462 10634 10722 10733 10758 10767 
#module 132 size: 44 bs: 0.858935
916 1647 1666 1879 2127 2176 2394 2793 2842 2887 2951 3907 4583 4585 4628 4641 4661 4893 5661 6200 6224 6232 6233 6242 6249 6551 6721 7477 7518 7652 8386 8399 8538 8659 8698 8784 9365 9415 9589 9670 10099 10156 10602 10776 
#module 133 size: 48 bs: 0.407402
823 1272 1305 1395 1832 2027 2166 2232 2312 2504 2631 2776 2790 2804 2884 4101 4390 4557 4673 4747 5468 5675 5778 5994 6165 6187 6763 7575 7595 7655 8234 8378 8475 8479 8680 8859 8867 8950 9399 9674 9794 9799 10046 10332 10582 10757 10881 11552 
#module 134 size: 63 bs: 0.985039
75 774 1441 1496 1519 1612 2137 2532 3015 3173 3390 3461 3464 3554 3557 4020 4050 4262 4360 4621 4642 5296 5430 5459 5497 5502 5622 5743 5764 5889 6007 6090 6117 6192 6601 6931 7708 7810 7935 7992 8051 8182 8661 8720 8837 8951 9027 9238 9585 9640 9709 9750 9830 9873 10062 10102 10196 10808 11119 11214 11453 12590 13004 
#module 135 size: 33 bs: 0.200301
826 1098 1239 1653 1730 1749 1756 2568 2703 2914 3496 3499 3592 4004 4053 4224 4499 4547 4881 5065 5144 5435 5733 5756 5871 6364 6417 6677 9241 9961 10891 11451 11611 
#module 136 size: 49 bs: 0.304196
791 948 981 1069 1088 1622 1636 1724 1754 2455 2991 3219 3612 3997 4433 4770 5141 5225 5336 5821 5863 5950 5953 6037 6040 6364 7015 7053 7145 7347 7666 7789 7931 7983 8067 8147 8303 8760 8761 8826 9239 9309 9359 9692 10348 10416 11004 11201 12880 
#module 137 size: 78 bs: 1.04772
811 1040 1043 1143 1237 1592 1653 1753 1836 1939 2034 2681 2720 2726 2748 3118 3157 3216 3425 3595 3613 3648 3769 3854 3964 3967 4070 4096 4210 4220 4270 4365 4478 5046 5053 5185 5301 5546 5647 5745 5807 5855 6029 6441 6516 6517 7017 7045 7152 7451 7715 7870 7931 8235 8686 8849 8915 9071 9171 9284 9342 9552 9623 9648 9912 9984 10045 10273 10282 10842 10855 10871 10886 11106 11121 11134 11245 11338 
#module 138 size: 72 bs: 0.325872
1042 1081 1593 1596 1692 1888 1982 2067 2139 2263 2449 2486 2883 2950 3363 3383 3495 3754 3790 3835 4199 4211 4340 4438 4529 4873 4960 5091 5248 5334 5349 5508 5555 5595 5742 5770 5831 5898 5910 6110 6332 6473 6543 6577 6578 6690 6822 6920 6928 6976 6989 7131 7230 7701 7914 7924 7930 8059 8110 8559 8672 8938 9982 10175 10407 10534 10643 10795 10879 11188 11196 11556 
#module 139 size: 39 bs: 0.823997
4 915 1136 1350 1352 1528 1712 2053 2236 2265 2361 2643 3060 3543 3736 3806 3812 3835 3841 3872 3996 4388 4470 4565 4655 4774 5194 5434 5498 5587 6646 7199 7462 8878 9546 10202 11256 11372 11405 
#module 140 size: 31 bs: 0.69789
980 1021 1087 1422 1662 1908 2188 2207 2461 2797 3232 3481 4372 4580 4864 5037 5121 5178 5191 5666 6070 6118 6567 6857 7926 8942 9157 9177 9694 9870 10172 
#module 141 size: 68 bs: 0.719017
813 1130 1147 1186 1225 1259 1304 1380 1402 1606 1705 1779 1792 2064 2359 2390 2729 2843 3315 3644 3726 3757 3802 4041 4175 4228 5052 5157 5226 5241 5502 5923 6471 6487 6914 7020 7055 7257 7627 7678 8021 8045 8096 8120 8198 8219 8360 8364 8619 8914 9039 9062 9159 9582 9696 9849 10121 10136 10179 10182 10369 10371 10487 10785 10873 10933 11566 11878 
#module 142 size: 39 bs: 0.68692
994 1292 2843 3059 3554 3590 5220 5542 5694 5801 6047 6090 6467 6471 6498 6525 6584 6698 6744 6830 6914 7085 7184 7406 7883 8021 8186 8241 8663 8723 8937 9188 9209 9534 9763 10104 10451 10610 11145 
#module 143 size: 56 bs: 0.651661
822 846 1278 1474 1735 1834 2467 2504 2665 2881 2891 3051 3081 3822 4007 4390 4664 4807 5051 5108 5245 5247 5513 6191 6219 6307 6844 7105 7427 7501 7549 7623 7865 8074 8477 8517 8518 8529 8781 8952 9491 9708 9876 9877 9987 10255 10666 10694 10757 10836 10949 10990 10999 11438 12063 12865 
#module 144 size: 47 bs: 0.272977
804 850 897 1813 2278 2321 2529 2763 2815 2822 2875 3163 3175 3236 3395 3991 4005 4162 4304 4445 4460 4739 4795 5864 5937 6292 6379 6464 6781 6826 7335 7723 7798 7867 7919 8271 8588 8704 9080 9270 9619 9836 10303 10362 10735 11342 11415 
#module 145 size: 103 bs: 0.250332
13 759 782 1295 1308 1561 1760 1803 1914 2032 2058 2148 2175 2498 2595 2622 2634 2636 2709 2828 2852 2859 2865 2889 3023 3027 3087 3204 3280 3321 3392 3415 3538 3591 3656 3898 3991 4048 4079 4374 4800 4879 4897 4923 4926 4969 4989 5020 5087 5182 5556 5735 5750 6130 6237 6485 6495 6903 7012 7330 7335 7366 7412 7468 7644 8014 8057 8117 8128 8192 8242 8243 8258 8268 8269 8282 8390 8449 8606 8653 8696 8854 9042 9123 9133 9254 9299 9485 9513 9564 9622 10084 10105 10143 10213 10258 10392 10426 10519 10807 10861 10996 13019 
#module 146 size: 80 bs: 0.712887
785 847 879 1009 1071 1193 1246 1892 1948 2023 2253 2281 2445 2457 2458 2682 2789 3041 3045 3148 3154 3509 3652 3831 3879 4051 4146 4651 4725 4737 4946 5183 5206 5520 5526 5681 5973 5979 6301 6550 6761 6843 6950 7128 7177 7342 7383 7384 7543 7733 8015 8097 8146 8308 8434 8491 8829 9100 9151 9179 9255 9487 9550 9662 9768 9771 10054 10083 10129 10133 10289 10481 10531 10538 10735 10791 10814 11161 11260 11840 
#module 147 size: 67 bs: 0.207093
773 812 892 914 1108 1181 1261 1362 1427 1435 1560 2173 2297 2449 2509 2789 2819 2866 2913 3045 3086 3511 3661 3666 4019 4158 4265 4286 4455 4542 4647 4797 4859 4918 4948 5442 5532 5865 6250 6619 6853 7105 7538 7576 7762 7769 7987 8155 8199 8250 8348 8356 8508 8660 8998 9243 9255 9257 9278 9530 9654 9708 9910 10386 10600 10999 11949 
#module 148 size: 67 bs: 0.410848
1014 1057 1320 1501 1504 1508 1568 1615 2202 2300 2357 2523 2537 2632 2739 2777 2836 2886 2953 3001 3006 3082 3111 3825 4485 4526 4600 4780 4921 4922 4959 4973 5589 5878 6160 6198 6226 6239 6593 6594 6729 6749 7110 7147 7233 7282 7589 7661 8058 8540 8679 8688 9173 9345 9354 9365 9792 9989 10130 10195 10444 10583 10596 10771 10799 10847 11447 
#module 149 size: 65 bs: 0.527345
54 867 1234 1277 1830 1929 2012 2204 2221 2222 2246 2409 2427 2471 2874 2877 2944 2953 3082 3153 4501 4503 4541 4562 4608 4660 4679 4973 5061 5249 5443 5451 5475 5589 5612 5925 5980 6051 6088 6198 7043 7064 7361 7912 8158 8435 8511 9250 9273 9294 9394 9521 9586 9694 9888 9989 10228 10441 10518 10596 11146 11239 11442 11571 12429 
#module 150 size: 41 bs: 0.271461
14 1107 1165 1376 1407 1714 1893 2147 2326 2423 2741 2799 3208 3348 3544 3559 3838 3900 4703 4754 4907 5218 5290 5314 5527 5572 5700 5709 6234 6277 6287 6644 6649 7437 8891 9561 9996 10052 10318 10813 10986 
#module 151 size: 52 bs: 0.722968
807 868 1297 1336 1381 1509 1670 1904 2031 2227 2284 2647 3008 3050 3296 3342 3602 3993 4057 4362 4378 4465 5310 5411 5466 5526 5686 5734 6079 6236 6313 6521 6650 6746 6787 6808 6954 6985 7156 7168 7836 8227 8551 8622 9075 9757 10078 10319 10746 11136 12523 12977 
#module 152 size: 67 bs: 0.860755
74 793 864 921 1368 1907 1930 1951 2116 2469 3043 3292 3388 3431 3475 3793 3819 3832 3871 4008 4127 4147 4511 4535 4811 4902 5119 6041 6575 6637 6638 6705 6805 6839 6970 7115 7149 7541 7670 7889 7950 8172 8191 8292 8333 8523 8768 8964 8982 9011 9210 9219 9489 9533 9568 9607 10011 10128 10146 10325 10372 10486 10488 10707 10755 10865 12492 
#module 153 size: 46 bs: 0.675502
55 898 920 1180 1201 1229 1543 1604 2145 3010 3132 3249 3649 3896 4025 4159 4277 4742 4836 4992 5082 5101 5275 5839 6049 6375 6545 7000 7001 7206 7524 7580 7622 7813 7833 8151 8341 8348 8354 8492 8994 9499 10214 10642 11210 12860 
#module 154 size: 42 bs: 0.448431
33 822 1223 1276 2219 2272 2378 2893 3327 3512 4264 4584 4667 4782 4906 4927 4935 5732 6001 6281 6345 6443 6589 6640 6883 6895 7312 7354 7750 7962 8130 8342 8395 8477 8794 9265 9555 9811 9876 10189 12039 12169 
#module 155 size: 44 bs: 0.82789
789 1230 1985 2018 2182 2255 2849 2881 3040 3187 3419 3751 3901 4023 4276 4573 4768 4892 4982 5005 5074 5956 6734 7482 7588 7909 8145 8208 8388 8417 8431 8483 8715 8840 8920 9829 10004 10087 10255 10745 11011 11208 11217 12937 
#module 156 size: 81 bs: 0.308769
70 1055 1198 1344 1475 1590 1683 1775 1822 1891 1971 2027 2247 2377 2432 2633 2727 2746 2830 2908 2948 3486 3550 3686 3808 3899 3970 4165 4451 4601 4639 4984 5224 5266 5346 5370 5449 5500 5557 5617 5853 6018 6172 6336 6477 6481 6512 6538 6608 6917 7083 7111 7126 7140 7174 7216 7249 7464 7507 7846 7995 8011 8210 8229 8257 8281 8377 8531 8868 8950 9528 9578 9819 9891 10124 10270 10403 10574 10830 10904 11205 
#module 157 size: 60 bs: 0.474179
1244 1258 1332 1359 1389 2331 2348 2732 3109 3189 3370 3380 3448 3768 3798 4126 4139 4195 4245 4269 4339 4397 4490 4586 4662 4932 5181 5295 5301 5316 5455 5477 5620 5763 5792 6140 6333 6404 6414 6617 6753 6806 6874 6904 6918 7086 7087 7171 7781 7979 8084 8265 8301 8611 8853 9301 9348 9600 10718 10832 
#module 158 size: 65 bs: 0.553314
3 1255 1333 1486 1559 1796 1827 1918 2008 2243 2253 2267 2289 2406 2414 2723 2733 2864 3121 3123 3332 3943 3969 4231 4255 4280 4325 4347 4381 4591 4651 4665 4796 4852 4930 5420 5442 5521 5856 6212 6324 7080 7109 8102 8160 8452 8579 8800 8961 9031 9128 9279 9389 9479 9550 9783 10238 10344 10409 10623 10721 10958 11010 11098 11710 
#module 159 size: 95 bs: 0.60083
837 996 1023 1096 1383 1392 1411 1527 1555 1646 1656 1816 1841 1897 1918 1942 1969 1978 2051 2152 2243 2245 2737 2975 3056 3276 3437 3444 3474 3699 3969 3976 4016 4037 4040 4325 4419 4556 4603 4849 4940 4953 5049 5070 5420 5431 5877 6220 6297 6574 6642 6689 6706 6851 6985 7080 7228 7267 7302 7319 7692 7738 7742 7942 7994 8046 8154 8226 8345 8640 9088 9169 9216 9311 9389 9441 9481 9498 9848 10108 10122 10168 10215 10225 10229 10240 10588 10623 10779 10784 10788 10958 11010 11473 12794 
#module 160 size: 51 bs: 0.227543
827 1272 1529 1968 2130 2176 2275 2286 2661 2879 3164 3212 3235 3493 3698 3728 3852 4011 4111 4891 6104 6231 6238 6243 6260 6459 6652 6771 6801 7255 7521 7589 7660 8321 8521 8680 8693 8838 8893 9004 9025 9109 9155 9269 9315 9578 10493 10957 11463 11499 12264 
#module 161 size: 39 bs: 0.662826
991 1444 1786 1790 2338 2346 2487 2491 2760 2915 2942 3024 3067 3473 3905 4104 4140 4142 4301 4384 4579 4904 5201 5465 5479 5903 5968 7536 7981 8091 8575 8673 8738 8793 9020 9944 11128 12494 13065 
#module 162 size: 81 bs: 0.727828
769 786 858 911 1041 1077 1334 1424 1440 1732 1962 2183 2692 2941 3017 3220 3454 3709 3789 4172 4207 4233 4260 4343 4349 4364 4387 4458 4717 5278 5416 5510 5533 5819 5825 5932 5963 6003 6016 6094 6252 6296 6381 6421 6631 7032 7116 7125 7208 7325 7539 7729 7957 8079 8232 8500 8539 8621 8647 8708 8804 8947 8991 9023 9063 9140 9209 9256 9502 9514 9584 10027 10234 10424 10475 10554 10615 10725 11191 11218 11870 
#module 163 size: 55 bs: 0.547423
909 979 1158 1206 1271 1293 1503 1618 1661 1715 1976 2046 2172 2463 2541 2587 2782 2818 2863 3672 3956 4062 4413 4442 5056 5145 6213 6424 7547 8024 8086 8267 8387 8446 8453 8454 8492 8802 9055 9310 9333 9587 9649 9710 9871 10079 10204 10533 10598 10978 10991 11133 11152 11163 12874 
#module 164 size: 70 bs: 0.128553
811 869 968 1063 1143 1177 1227 1443 1536 1629 1682 1765 1939 2092 2735 2855 2998 3131 3218 3422 3435 3641 3774 3828 3864 3927 3964 3967 4093 4324 4327 4421 4431 4489 4846 4847 5079 5103 5213 5351 5399 5404 5440 6014 6030 6266 6541 6898 6910 7045 7152 7185 7212 7472 7794 7875 7908 7985 8239 8966 9167 9184 9665 9759 9808 9912 10499 10662 11639 12958 
#module 165 size: 47 bs: 0.299836
21 872 1169 1552 1648 1895 1929 2069 2105 2132 2273 2370 2766 2858 2888 3196 3291 3683 3860 4377 4682 4745 4839 4865 4915 4979 5670 6293 6639 6799 6980 7504 7628 7634 7796 8050 8129 9021 9032 9053 9548 9955 9976 10007 10415 11112 11572 
#module 166 size: 1 bs: 1
776 
#module 167 size: 1 bs: 1
4949 
#module 168 size: 1 bs: 1
1488 
#module 169 size: 1 bs: 1
8824 
#module 170 size: 1 bs: 1
5329 
#module 171 size: 1 bs: 1
6273 
#module 172 size: 1 bs: 1
928 
#module 173 size: 1 bs: 1
6433 
#module 174 size: 1 bs: 1
1030 
#module 175 size: 1 bs: 1
10030 
#module 176 size: 1 bs: 1
1125 
#module 177 size: 1 bs: 1
8428 
#module 178 size: 1 bs: 1
1396 
#module 179 size: 1 bs: 1
2171 
#module 180 size: 1 bs: 1
2028 
#module 181 size: 1 bs: 1
6306 
#module 182 size: 1 bs: 1
2196 
#module 183 size: 1 bs: 1
10134 
#module 184 size: 1 bs: 1
2197 
#module 185 size: 1 bs: 1
2784 
#module 186 size: 1 bs: 1
2310 
#module 187 size: 1 bs: 1
4056 
#module 188 size: 1 bs: 1
2381 
#module 189 size: 1 bs: 1
4440 
#module 190 size: 1 bs: 1
2813 
#module 191 size: 1 bs: 1
10638 
#module 192 size: 1 bs: 1
3601 
#module 193 size: 1 bs: 1
8908 
#module 194 size: 1 bs: 1
3640 
#module 195 size: 1 bs: 1
4353 
#module 196 size: 1 bs: 1
3866 
#module 197 size: 1 bs: 1
8075 
#module 198 size: 1 bs: 1
4118 
#module 199 size: 1 bs: 1
10092 
#module 200 size: 1 bs: 1
4885 
#module 201 size: 1 bs: 1
10713 
#module 202 size: 1 bs: 1
5676 
#module 203 size: 1 bs: 1
9344 
#module 204 size: 1 bs: 1
6184 
#module 205 size: 1 bs: 1
10232 
#module 206 size: 1 bs: 1
6346 
#module 207 size: 1 bs: 1
8255 
#module 208 size: 1 bs: 1
6655 
#module 209 size: 1 bs: 1
10445 
#module 210 size: 1 bs: 1
7364 
#module 211 size: 1 bs: 1
10178 
#module 212 size: 1 bs: 1
7804 
#module 213 size: 1 bs: 1
7822 
#module 214 size: 1 bs: 1
7814 
#module 215 size: 1 bs: 1
10495 
#module 216 size: 1 bs: 1
7899 
#module 217 size: 1 bs: 1
11203 
#module 218 size: 1 bs: 1
8101 
#module 219 size: 1 bs: 1
10194 
#module 220 size: 1 bs: 1
8304 
#module 221 size: 1 bs: 1
9410 
#module 222 size: 1 bs: 1
9125 
#module 223 size: 1 bs: 1
12645 
#module 224 size: 1 bs: 1
9281 
#module 225 size: 1 bs: 1
10393 
#module 226 size: 1 bs: 1
9880 
#module 227 size: 1 bs: 1
11385 
