#module 0 size: 8 bs: 0.0241654
2721 2811 4527 6752 7002 8414 9053 12516 
#module 1 size: 3 bs: 0.00326788
659 1313 2958 
#module 2 size: 4 bs: 0.0409984
525 2333 5380 9523 
#module 3 size: 4 bs: 0.0176793
4642 7047 7283 8803 
#module 4 size: 5 bs: 4.68343e-06
2385 2438 6880 7119 9488 
#module 5 size: 3 bs: 0.0252837
1701 2269 7851 
#module 6 size: 4 bs: 0.95484
4721 6785 7464 9906 
#module 7 size: 21 bs: 0.314921
709 1245 1528 1805 2508 2588 3105 4006 4292 5242 5458 5732 6600 7308 8059 8107 8150 9410 10199 11413 12545 
#module 8 size: 5 bs: 0.749153
3035 3067 7849 8723 9186 
#module 9 size: 36 bs: 0.433437
226 784 1481 2174 2520 3329 3737 4067 4094 4613 4938 5063 5412 5596 5622 5767 5862 6101 6160 6518 6635 6910 7230 7263 7505 7617 7827 7993 8089 8239 8502 8619 9303 9877 10138 11012 
#module 10 size: 8 bs: 0.739318
2602 5224 5491 5551 8036 8326 8591 11418 
#module 11 size: 6 bs: 0.918955
267 2797 4689 5344 11255 11643 
#module 12 size: 4 bs: 0.476817
1345 1847 4650 6055 
#module 13 size: 6 bs: 0.859757
1898 2466 4460 5011 6258 10807 
#module 14 size: 8 bs: 0.806527
2062 5041 5770 5956 6690 6981 11532 12762 
#module 15 size: 5 bs: 0.848514
1368 1472 2540 3278 10690 
#module 16 size: 11 bs: 0.129164
918 4415 4725 6525 6560 7616 8595 9385 9969 10195 10422 
#module 17 size: 5 bs: 0.431041
90 2785 3792 7825 9751 
#module 18 size: 5 bs: 0.767219
2677 5576 7493 8732 9531 
#module 19 size: 16 bs: 1.05808
232 929 1154 1613 1816 2135 4049 4383 4546 5226 5749 6479 6696 6995 8420 9405 
#module 20 size: 10 bs: 0.766233
2 800 2330 5501 5650 6502 8117 9669 10257 12949 
#module 21 size: 28 bs: 0.574212
1269 1573 1979 2716 2822 2976 3616 3622 3787 4567 5130 5558 5827 5996 6742 6925 7220 7577 7814 7997 8283 8526 8812 8853 9002 9442 10203 10844 
#module 22 size: 6 bs: 0.158813
6116 7148 8895 9064 9886 10991 
#module 23 size: 15 bs: 0.651148
783 2106 2607 2700 4965 5605 5995 6916 7552 7949 8297 8375 8554 9907 11595 
#module 24 size: 55 bs: 0.57645
1129 1248 1867 1912 2076 2113 2378 2523 2858 3316 3368 3394 3575 3623 3800 4108 4223 4925 5013 5025 5110 5188 5359 5489 5952 6002 6012 6034 6060 6145 6162 6250 6279 6283 6300 6329 6575 7144 7149 7380 7565 7744 7788 7889 8085 8441 8525 8556 9354 9453 10241 10581 10663 10689 10997 
#module 25 size: 7 bs: 0.217778
4908 5061 5539 7444 8480 9418 10691 
#module 26 size: 32 bs: 0.873906
257 258 1020 1349 1432 1557 1687 2151 2609 2753 2871 2883 3518 3571 3589 3652 5071 5712 5755 5903 7097 7823 8429 8475 8528 9480 10018 11008 11380 11429 11540 11703 
#module 27 size: 41 bs: 0.59986
803 983 1230 1699 1717 1895 2285 2605 2760 2823 3545 3603 3768 3884 4158 4464 4620 4816 5128 5153 5308 5505 5757 5844 6310 6442 7353 7477 7701 8114 8184 8355 8434 8788 9143 10040 10147 10622 10703 10813 11705 
#module 28 size: 8 bs: 0.230787
1187 1299 4677 6021 8043 9115 9857 10928 
#module 29 size: 31 bs: 0.1863
699 2850 2874 3081 3098 3154 3925 4149 4150 4151 4906 4914 5223 5553 5819 5830 6212 6511 6563 7020 7472 7699 8132 8506 8945 9402 9672 9682 10250 10582 10891 
#module 30 size: 6 bs: 0.624248
998 3666 3883 4875 11211 11447 
#module 31 size: 14 bs: 0.496868
2105 2303 3224 4335 4552 5901 8017 8465 8523 8581 10130 10134 10554 10900 
#module 32 size: 36 bs: 0.822843
33 413 615 768 1056 1310 1463 1618 1931 2018 2264 3757 4629 5016 5121 5204 5330 5365 5569 6316 6366 6771 6862 6942 7169 7344 7733 7968 8159 8656 9011 9569 10020 10265 10292 11490 
#module 33 size: 13 bs: 0.394651
257 1385 1919 1987 2891 3547 5367 6339 6664 6817 7932 9663 10047 
#module 34 size: 34 bs: 0.609626
57 388 601 816 867 1197 1318 2619 2926 3118 3130 3205 3486 3730 3924 4141 4194 5368 5402 5673 5900 6549 6585 6834 7171 7840 8124 8599 9595 10151 10873 10906 11551 12594 
#module 35 size: 5 bs: 0.921721
2761 3712 5428 9423 9609 
#module 36 size: 27 bs: 0.760224
1180 1530 2024 2390 2452 2545 3445 5375 5841 6290 6782 6895 6901 7025 7125 7135 7541 7687 8100 8639 9036 9165 9677 9897 11025 11273 12966 
#module 37 size: 41 bs: 0.301464
759 829 896 967 1344 1357 1428 1902 2042 2109 2162 2322 2362 2472 2490 2597 3050 3124 3169 3334 3727 3896 4080 4590 4711 4952 4964 6244 6815 7459 7593 7853 8009 8215 9202 9326 9334 9372 10233 10718 11120 
#module 38 size: 23 bs: 0.9174
645 805 1075 2247 2331 2365 2379 2418 2991 3896 4647 4824 4847 5213 5653 6228 6270 6789 7461 8351 11208 12514 12654 
#module 39 size: 18 bs: 0.22352
59 1935 2357 2453 2548 2776 2813 2914 3370 4330 4687 4888 4916 9254 9989 10909 11111 12653 
#module 40 size: 31 bs: 0.296352
563 866 1494 1592 1735 1973 2419 2927 2974 3546 3677 4198 4423 4724 5525 5595 6448 7778 8422 9045 9120 9394 9583 9661 9664 9989 10011 10068 10253 10583 11018 
#module 41 size: 72 bs: 0.609091
637 764 882 972 1087 1125 1278 1517 1545 1564 1677 1862 1992 2085 2208 2264 2317 2616 2967 3212 3217 3342 3430 3566 3819 4519 4735 4760 4794 4796 4855 5292 5465 5613 5647 5689 5694 6131 6979 6986 7042 7090 7299 7306 7356 7524 7551 7597 7650 7702 8095 8125 8192 8237 8332 8756 8977 9147 9285 9363 9441 9570 9653 9716 9799 9973 10236 10267 10653 10684 10852 12216 
#module 42 size: 39 bs: 1.00705
43 338 472 677 724 726 775 793 945 1193 1257 1563 1845 2213 2519 2559 3119 3489 4013 4316 4885 5541 5619 5964 6022 6067 6730 6800 7128 7374 8640 8791 9399 9732 10280 10774 10818 11453 12945 
#module 43 size: 45 bs: 0.400176
65 580 593 594 707 867 976 1079 1206 2166 2376 2420 2610 2667 3426 3484 3939 4203 4861 4887 5117 5289 5736 5994 6519 6628 6766 7154 7308 7400 7409 7751 7955 8098 8302 9075 9116 9277 10496 10581 10689 10834 10927 11209 11782 
#module 44 size: 18 bs: 0.925384
966 2795 3516 3722 4038 4068 4571 5181 6014 6458 6533 6567 6719 7173 10167 10295 10356 11117 
#module 45 size: 15 bs: 1.08278
905 1224 2304 2548 2687 3370 3572 3767 4330 6746 7636 8600 10299 10909 12571 
#module 46 size: 88 bs: 0.708981
62 227 291 469 833 1101 1152 1352 1487 1545 1644 1664 1762 1986 2014 2069 2117 2158 2591 2852 2988 3103 3165 3195 3221 3275 3356 3560 3731 3742 3914 4105 4153 4321 4607 4693 4847 4858 4902 4931 5252 5285 5437 5885 5965 6554 6562 6594 6639 6704 6906 7072 7268 7471 7507 7776 7778 7870 7899 7987 8038 8057 8378 8551 8602 8635 8717 8778 8905 9174 9176 9336 9378 9401 9753 9765 9889 10367 10406 10572 10815 10907 11144 11212 11232 11588 12158 12527 
#module 47 size: 34 bs: 0.503358
84 554 769 879 960 1497 1797 2157 2584 2999 3097 3251 3424 3614 4365 5089 5133 5573 6248 6693 7151 7673 7713 7856 7992 8938 9216 9346 9489 9508 9867 10886 10938 11635 
#module 48 size: 59 bs: 1.00626
183 476 529 620 685 823 1084 1175 1189 1199 1279 1523 2002 2192 2353 2678 2794 2805 3032 3144 3158 3390 3483 3488 3511 4026 4040 4064 4378 4397 4515 4572 4587 4664 4986 5017 5214 5254 5294 5418 5548 6108 6716 7030 7172 7212 7262 7469 7542 7632 7868 8060 9345 9742 10128 10277 10583 11593 12249 
#module 49 size: 27 bs: 1.00483
813 993 1143 1333 1561 1626 1650 1802 1835 2445 3063 3524 3943 4276 4982 5053 5440 5918 5979 6215 7130 8542 8782 9161 9162 10751 12642 
#module 50 size: 8 bs: 0.146471
11 1320 5648 6146 7633 9247 10254 10581 
#module 51 size: 42 bs: 0.379294
52 243 389 474 715 1057 1462 2019 2498 2904 3125 3200 3305 3363 3639 3795 3888 3957 4212 4550 4772 5020 6157 6886 6918 7007 7298 7554 7656 7668 7771 8433 8675 9096 9108 9675 10037 10185 10532 10541 11027 11251 
#module 52 size: 55 bs: 0.599673
461 649 1029 1427 1827 1881 2645 2832 3555 3617 3699 3728 3901 3954 3960 4073 4232 4259 4276 4313 4409 4431 4635 4653 4713 4853 4907 4914 5935 5987 6200 6212 6330 6686 6854 7042 7206 7307 7864 7919 8272 8380 8975 9009 9316 9594 9679 9733 9869 10273 10352 10433 10512 11428 12039 
#module 53 size: 50 bs: 0.505264
311 1110 1489 1932 2489 2816 2844 2879 3009 3093 3235 3583 3686 3955 4100 4377 4512 4920 5570 5661 5797 5944 6230 6459 6494 6514 6674 6842 7258 7635 7658 7785 8035 8489 8750 8768 8858 9004 9093 9667 9771 9957 10355 10789 10869 11463 12264 12573 12683 12903 
#module 54 size: 72 bs: 0.48745
613 619 982 1007 1014 1104 1105 1316 1350 1399 1435 1446 1596 1789 1798 1850 1874 2088 2189 2343 2361 2396 2580 2801 2872 2897 3132 3199 3328 3331 3397 3558 3606 3615 3631 4177 4470 4505 4529 4565 4704 4917 5132 5146 5180 5342 5400 5659 5887 5898 6035 7037 7051 7052 7293 7656 8075 8458 8688 8712 9208 9221 9745 9916 10124 10133 10316 10382 10514 11141 11215 11372 
#module 55 size: 20 bs: 0.481959
79 778 1930 3552 3909 4558 5916 6751 6936 7382 7474 8588 8704 9154 9795 9812 9902 10840 10995 11020 
#module 56 size: 27 bs: 0.747881
616 704 818 854 1046 1539 2012 2082 2123 2257 3399 4277 4585 4655 4958 5056 5247 5508 6641 6865 6968 7525 8245 8352 8811 9671 11188 
#module 57 size: 47 bs: 1.02269
400 653 1037 1276 1426 1510 1624 2585 2877 2968 3111 3239 3647 4136 4489 4750 4928 4947 5124 5190 5306 5477 5606 5644 5680 5785 6185 6317 6318 6616 6777 7218 7973 8167 8649 8888 9017 9028 9103 9138 9353 9490 9972 10601 10674 12518 12690 
#module 58 size: 52 bs: 0.957367
729 802 1139 1359 1448 1639 1696 2481 2550 2769 2839 3191 3346 3400 3605 3833 3869 4032 4380 4385 4486 4532 4564 4570 4736 5065 5154 5160 5225 5752 5780 6175 6380 6393 6530 6744 7321 8307 8372 8609 8830 8948 9135 9359 10239 10303 10515 10577 10885 10951 11712 12510 
#module 59 size: 19 bs: 1.07848
468 1048 1077 2780 3602 3708 4780 5082 5278 6374 7509 8190 8883 9193 9816 10149 10413 10955 11006 
#module 60 size: 57 bs: 0.610517
364 528 655 769 1343 1374 1799 2015 2073 2228 2252 2427 2510 2589 2666 3261 3585 3812 3978 4044 4180 4360 4797 4835 5092 5142 5157 5174 5419 5763 5899 6260 6408 6618 6672 6731 7031 7084 7716 8289 8336 8350 8468 9156 9264 9287 9687 10051 10146 10248 10375 10394 10474 10709 10972 11252 11973 
#module 61 size: 18 bs: 0.539566
207 210 939 3315 3807 4458 4540 4726 5745 5890 6627 7685 7859 8016 8229 8250 8720 10593 
#module 62 size: 35 bs: 0.400713
92 1001 1147 1272 2211 2564 3010 3465 3531 4179 4353 4479 4996 5358 5487 5529 5728 5859 5870 6149 6504 6572 6955 7087 7088 7670 8254 8453 8478 8532 8852 9878 9946 9955 11004 
#module 63 size: 16 bs: 0.206402
225 1324 1356 1598 1703 2255 3325 3649 4751 5497 5768 5986 6465 7625 8351 11007 
#module 64 size: 18 bs: 0.134742
51 494 2093 2346 2609 3051 3412 5636 5932 6032 6158 6587 7042 7596 9149 10204 11186 11481 
#module 65 size: 69 bs: 0.733426
492 526 822 995 1092 1309 1518 1546 1739 1752 1969 2187 2676 2685 2694 2930 3232 3273 3574 3856 4354 4372 4534 4649 4761 5012 5032 5726 5892 6004 6090 6102 6141 6181 6242 6354 6421 6460 6466 6475 6599 6788 6857 6915 6970 7026 7143 7303 7439 8021 8033 8235 8537 8790 8856 8909 9171 9177 9211 9534 9625 9966 9983 10056 10121 10218 10298 10544 10916 
#module 66 size: 12 bs: 0.553801
1594 2863 3416 4102 4318 5833 7316 7686 8335 10792 10822 11069 
#module 67 size: 8 bs: 0.703165
4192 4396 5209 6095 6190 8121 9150 9539 
#module 68 size: 19 bs: 0.776834
12 213 887 1429 1597 1599 1637 1849 2152 2565 3530 3669 4018 4110 5472 5784 7813 8658 9179 
#module 69 size: 204 bs: 0.370599
8 22 98 278 333 507 561 596 606 869 888 983 1027 1045 1127 1161 1165 1240 1298 1308 1354 1377 1425 1499 1523 1544 1603 1638 1640 1695 1699 1710 1713 1795 1893 2001 2037 2065 2071 2143 2192 2195 2277 2400 2426 2470 2500 2521 2639 2788 2855 2862 2959 3074 3078 3102 3258 3308 3309 3417 3444 3479 3511 3521 3529 3595 3674 3677 3753 3758 3781 3791 3826 4014 4019 4025 4091 4142 4200 4206 4228 4249 4282 4385 4412 4483 4521 4528 4579 4631 4683 4685 4784 4927 4970 4985 5052 5123 5156 5279 5308 5449 5460 5495 5695 5853 5857 6025 6039 6144 6236 6264 6306 6311 6325 6562 6609 6614 6904 6956 6965 6982 6985 7009 7024 7127 7166 7212 7300 7318 7321 7325 7377 7395 7413 7480 7483 7535 7559 7568 7675 7773 7900 7920 7950 8114 8196 8242 8265 8280 8541 8596 8737 8785 8788 8819 8835 8950 8974 8985 9080 9152 9251 9256 9382 9639 9711 9720 9757 9838 9852 9948 9963 9994 10002 10003 10014 10135 10156 10222 10226 10348 10393 10447 10473 10556 10576 10628 10635 10645 10659 10668 10771 10808 10866 10947 11011 11015 11024 11032 11146 11169 11366 11482 
#module 70 size: 8 bs: 1.08374
2952 3262 6974 7787 8806 9197 9784 12689 
#module 71 size: 305 bs: 0.179526
34 47 206 273 291 487 542 546 599 602 603 604 605 616 622 772 814 840 935 958 959 1004 1008 1122 1129 1157 1200 1234 1258 1266 1317 1329 1351 1372 1453 1529 1537 1568 1579 1605 1664 1692 1774 1783 1823 1875 1879 1990 2038 2040 2111 2127 2147 2181 2219 2258 2268 2342 2384 2471 2494 2562 2572 2623 2765 2768 2842 2848 2893 2906 2908 2933 2938 2965 2992 3004 3070 3096 3107 3114 3149 3179 3184 3191 3237 3329 3401 3402 3468 3510 3519 3539 3549 3551 3560 3588 3632 3670 3676 3742 3750 3803 3850 3863 3913 3966 4017 4022 4094 4125 4127 4184 4209 4311 4386 4387 4421 4481 4511 4554 4562 4628 4667 4722 4737 4762 4804 4812 4931 4933 5027 5039 5042 5063 5092 5151 5171 5252 5307 5395 5411 5414 5505 5523 5527 5528 5546 5570 5597 5620 5649 5666 5681 5722 5741 5756 5796 5803 5842 5851 5925 5934 5962 6006 6031 6038 6057 6077 6135 6293 6308 6323 6361 6376 6403 6433 6513 6556 6565 6580 6662 6670 6708 6749 6762 6806 6840 6882 6928 6948 7142 7187 7193 7223 7249 7253 7256 7284 7291 7305 7361 7419 7432 7458 7497 7550 7587 7605 7660 7669 7735 7743 7910 8019 8026 8050 8123 8129 8158 8166 8170 8183 8191 8196 8279 8352 8362 8392 8416 8502 8510 8521 8580 8624 8625 8645 8659 8670 8709 8733 8744 8783 8864 8918 8953 8971 9034 9037 9038 9076 9097 9199 9245 9257 9275 9329 9339 9355 9373 9510 9548 9589 9596 9655 9670 9680 9683 9728 9801 9840 9870 9883 9888 9945 9949 9956 9976 10026 10028 10072 10158 10210 10228 10471 10472 10492 10623 10738 10754 10907 11070 11147 11180 11212 11216 11254 11441 11446 12511 12577 12588 12618 12660 12715 13004 
#module 72 size: 12 bs: 0.276712
1016 3701 4871 5015 6364 6608 6861 7190 9182 9184 9390 11337 
#module 73 size: 11 bs: 0.954348
60 3102 3371 3908 4217 6753 6881 6919 7516 8742 10647 
#module 74 size: 51 bs: 0.636063
242 811 895 1132 1398 1441 1565 1649 1724 1832 1886 2077 2164 2173 2193 2332 2412 2437 2473 2543 2664 2815 2851 2917 2947 3033 3392 3854 3973 3997 4462 4475 4485 4652 5326 5496 5637 5936 6929 8029 8361 8447 8643 8663 8821 10259 10525 10617 10945 11153 11678 
#module 75 size: 24 bs: 0.134147
331 475 1436 2400 2569 2711 2743 3142 4714 5482 5911 5975 6307 6332 6352 6596 6799 7098 8070 8087 8329 8929 9188 10172 
#module 76 size: 34 bs: 0.60154
593 782 1215 1672 1709 1820 1890 1966 2256 2671 3836 4070 4357 5335 5343 5771 6042 6155 6381 6425 6493 6613 6869 7209 7575 7800 8058 8301 8621 8915 9047 10403 10697 10948 
#module 77 size: 44 bs: 0.866274
448 687 1340 1430 1706 1900 2483 2894 3159 3173 3450 3640 4133 4195 4492 4632 5494 5823 6297 6682 6804 6992 7455 7655 7852 8276 8342 8565 8579 8669 8878 8922 8969 9124 9139 9714 10560 10571 10583 10693 10724 11239 11450 13055 
#module 78 size: 29 bs: 0.143926
260 1065 1414 1591 1705 2013 2041 2309 2696 3601 3802 3900 4054 4082 4795 5746 6438 6620 6823 7045 7641 7834 8034 8056 8094 8912 9369 10860 13010 
#module 79 size: 27 bs: 0.357063
833 962 1633 1818 1873 2183 2457 2744 2995 3778 3779 4104 4305 4486 4971 5031 5175 5618 5779 5868 6659 7385 7835 7918 8280 8409 12950 
#module 80 size: 32 bs: 0.806535
834 974 1373 1422 1606 1858 1860 2070 2615 2767 2913 3122 3516 3790 4002 4085 4530 4580 4723 5172 5670 6035 6333 8224 8956 8983 9629 10096 10133 10299 10384 10810 
#module 81 size: 51 bs: 0.990442
298 518 598 612 885 1042 1114 1119 1391 1528 1593 1720 2082 2103 2374 2454 2713 2835 3298 3399 3470 3582 3585 3764 3829 3995 4000 4531 5139 5571 5657 5714 6647 6805 6822 7001 7029 7035 7878 7940 8299 8520 8564 9079 9320 9444 10050 10461 11017 11456 12881 
#module 82 size: 42 bs: 0.903965
592 1843 2101 2221 2516 2570 2663 2800 3028 3138 3263 3446 3718 3871 4050 4339 4358 4821 4873 4973 5086 5691 6377 6577 6620 6758 7278 7452 7688 7756 7764 7909 8476 8982 9521 9819 10287 10611 10814 10919 10999 12990 
#module 83 size: 18 bs: 0.361871
244 464 689 714 817 2590 2833 4449 4663 4752 5517 5997 6119 8078 9213 9637 11152 11497 
#module 84 size: 32 bs: 0.724973
41 262 886 901 917 1956 2806 2916 3462 3646 3754 4597 5030 5102 5139 5430 6952 7168 7372 9089 9376 9381 9516 9656 9986 10099 10219 10404 10407 10783 10796 11695 
#module 85 size: 21 bs: 0.963354
405 794 1174 1864 2972 4324 6868 7060 7515 8408 8442 8467 8607 8794 9003 9513 9912 10322 10639 10728 11217 
#module 86 size: 26 bs: 0.430651
1034 1548 1916 2293 2456 2510 2983 3055 3172 3210 3499 3972 4278 4280 5087 5939 6202 6208 6240 7352 7722 7746 8343 8882 11525 12626 
#module 87 size: 43 bs: 0.526354
723 968 1097 1302 1570 1649 1784 2072 2210 2223 2316 2446 2818 3115 3238 3630 3854 3862 3926 4596 4612 5403 5498 5955 6003 6218 6229 6398 6506 6975 7211 7698 7843 7942 8387 8464 9029 9694 9855 9871 9890 10191 11001 
#module 88 size: 26 bs: 0.851136
493 851 1013 2775 3508 3954 4713 5296 5310 5560 5616 5617 5719 7583 8025 8328 8380 8585 9107 9679 11121 11151 11161 11168 11270 12639 
#module 89 size: 44 bs: 0.552486
16 173 777 1322 1549 1628 1863 1943 2053 2089 2097 2145 2270 2556 2758 2973 3171 3469 3495 3812 3815 3982 3995 4626 5024 5139 5438 6404 6667 6692 6786 6938 6981 7109 7482 7622 8063 8309 8441 8457 8987 9868 10795 10841 
#module 90 size: 12 bs: 0.16273
1481 1877 3386 3612 3723 4129 4639 5295 6491 8131 9185 10080 
#module 91 size: 37 bs: 1.01092
471 885 1141 1155 1791 1869 1903 2227 2239 2409 2486 2558 2739 2848 3127 3201 4654 5821 5844 6239 6331 7240 7359 7498 7580 7795 8175 8234 8303 8949 9270 9506 9891 10205 10221 10264 11565 
#module 92 size: 45 bs: 0.527854
685 1062 1272 1595 1707 1830 2186 2232 2288 2352 2600 2673 2698 2727 2956 3061 3135 3301 3501 3686 3693 3706 4905 4970 4991 5514 5658 5684 6050 6678 6756 6783 6865 6900 7275 7289 7634 7971 8741 9200 9360 9660 9758 10075 10401 
#module 93 size: 36 bs: 0.900303
558 584 924 1241 1479 1535 2121 2177 2313 2348 2434 2538 2971 3047 3441 3590 3606 3680 4401 5105 5189 5890 6657 6847 8172 8826 8924 9072 9360 9363 9486 9708 10419 10806 11143 11222 
#module 94 size: 27 bs: 0.467107
672 806 923 1148 1556 1572 1800 2155 2527 2980 3180 3509 3638 3996 4198 4881 5099 5744 5928 6266 7163 7961 8156 8666 9475 9630 10862 
#module 95 size: 23 bs: 0.271036
922 1501 3000 3646 3789 3949 4636 4944 6023 6436 6528 7309 7404 7838 8371 8757 9040 9580 9644 10125 10632 10734 10947 
#module 96 size: 11 bs: 0.463446
1123 2734 3533 3747 3968 6711 7029 7048 9499 10922 11128 
#module 97 size: 69 bs: 0.150887
202 375 479 540 766 1061 1167 1490 1625 1662 1801 1929 1953 2090 2281 2922 3049 3164 3285 3639 3733 3904 3916 3961 3975 4211 4388 4438 4448 4474 4586 4638 4966 5261 5446 5481 5609 6075 6118 6582 6721 6722 6918 7237 7548 7824 7857 7977 8066 8370 8501 8945 8965 8999 9021 9212 9414 9440 9487 9646 9743 10281 10723 10787 10825 10917 11130 11213 11733 
#module 98 size: 111 bs: 0.697043
67 507 561 606 650 651 869 927 1134 1165 1176 1298 1358 1386 1392 1440 1553 1710 1713 2065 2143 2168 2238 2301 2347 2426 2653 2772 2826 3017 3052 3309 3343 3514 3929 4020 4118 4187 4245 4483 4528 4683 4808 4811 4921 4937 5010 5045 5123 5156 5237 5346 5363 5452 5460 5599 5678 5811 5927 6210 6288 6345 6501 6546 6562 6954 7139 7369 7377 7413 7433 7480 7535 7559 7803 7920 8104 8162 8196 8233 8284 8819 8835 8865 9027 9251 9256 9494 9720 9757 9767 9838 10002 10325 10387 10537 10549 10555 10556 10668 10771 10866 10936 10983 11032 11134 11155 11182 11259 11714 11788 
#module 99 size: 47 bs: 0.141147
18 37 543 873 1332 1475 1719 1756 1837 2411 2525 2847 2912 3360 3544 3580 3834 3878 4046 4097 4410 4522 4536 4925 5273 5781 5913 6018 6038 6112 6133 6203 6272 6489 6505 6606 6725 6745 7058 7502 7935 8076 8850 9167 9891 10143 10247 
#module 100 size: 19 bs: 1.06424
725 1514 2451 2533 2827 3045 3137 4817 5186 5356 5640 6835 7170 7821 8054 8071 9465 10390 10861 
#module 101 size: 43 bs: 0.788647
521 1031 1044 1303 1401 1444 1559 1944 2344 3407 3673 3687 4058 4099 4242 4738 5556 5628 5632 5635 5885 5983 6110 6285 6437 7581 7941 8227 8256 8266 8406 8522 8545 8753 8771 8805 9232 9468 9588 10054 10923 10926 11475 
#module 102 size: 25 bs: 0.114985
482 1384 1663 1870 1955 2259 2695 2978 3005 3293 3717 3782 3922 4010 4805 4842 5339 6257 6521 6846 7602 8626 8683 8910 10761 
#module 103 size: 24 bs: 0.762755
1000 1693 2229 2244 2356 2478 2669 3824 4332 4538 4852 5170 5253 5485 5709 5891 6051 6304 6651 7768 8160 9915 9919 10939 
#module 104 size: 44 bs: 1.06653
263 264 466 486 682 688 1088 1339 2297 2349 3109 3202 3415 3637 3729 4227 4972 5114 5307 5457 5490 5516 5600 5612 6152 6720 6737 6908 7538 7666 7693 7921 8151 8266 8667 8981 9141 9581 9734 10010 10123 10198 10765 11335 
#module 105 size: 21 bs: 0.602416
64 524 964 1348 1369 1417 1480 1580 2611 3161 3195 3645 3653 4034 4244 4468 6532 9178 10062 10437 11091 
#module 106 size: 38 bs: 0.486638
595 1063 1656 1690 1891 2071 2197 2742 2755 2774 3087 3181 3349 4274 4490 4573 5614 5734 6098 6568 6621 7297 7398 7955 8231 8765 9074 9159 9173 9412 9436 10082 10306 10597 11100 11157 11165 11451 
#module 107 size: 17 bs: 0.423994
276 2853 2934 2939 3145 5311 5607 6399 7077 7113 7506 8385 8589 9551 9942 10234 11124 
#module 108 size: 41 bs: 0.507355
48 169 236 303 463 608 1107 1158 1161 1693 1747 2077 3207 3660 3914 3999 4076 4144 4778 5022 5067 5104 5450 5499 5502 5786 5860 6342 6382 6478 6675 6676 6832 6924 7246 8947 9775 10519 10546 10845 12492 
#module 109 size: 54 bs: 0.64504
920 949 1024 1093 1455 1647 1921 2609 2762 3083 3101 3581 3671 3988 4003 4207 4215 4487 4615 4716 4950 4951 5054 5998 6045 6147 6328 6784 6944 7071 7285 7662 7791 7879 7930 8111 8238 8364 8493 8734 9095 9128 9156 9296 9515 9547 9550 10048 10405 10791 10858 10899 10931 11106 
#module 110 size: 41 bs: 0.42376
640 678 1055 1450 1977 2009 2555 2753 2803 3219 3423 3765 3797 4093 4189 4191 5473 5538 5660 6274 6283 6607 6660 6845 6870 7156 7179 7238 7270 7310 7522 7817 8259 9366 10045 10528 10662 11021 11079 11425 12595 
#module 111 size: 22 bs: 0.409617
15 191 508 940 1162 2160 2176 2555 3435 3500 3641 3774 3788 3797 4822 5522 5574 6268 6876 7860 9482 10662 
#module 112 size: 26 bs: 0.849167
125 398 505 1098 1393 1660 2060 2382 2562 3236 3378 4161 4686 5068 5091 5463 6253 6454 7866 8090 8194 8766 11158 11171 12613 12645 
#module 113 size: 98 bs: 0.415031
38 218 274 327 535 787 938 1015 1177 1213 1216 1237 1307 1468 1504 1989 1994 2138 2202 2383 2464 2469 2505 2517 2656 2951 2959 3215 3382 3405 3421 3692 3837 3857 3865 3985 4069 4071 4156 4466 4473 4523 4733 4845 4891 5029 5115 5299 5420 5442 5531 5612 5686 5708 5848 6039 6093 6142 6349 6517 6637 6797 6813 7067 7198 7324 7457 7688 7959 8034 8072 8164 8439 8503 8571 8609 8714 8727 8777 8959 8962 8988 9013 9048 9189 9255 9288 9289 9317 9354 9438 9524 9968 10349 10534 10629 10801 11498 
#module 114 size: 38 bs: 0.99777
321 634 904 1260 1277 1323 2125 2351 2497 2769 3189 3466 3562 3577 3690 3859 3898 4467 5158 5185 5429 5587 5598 5850 5943 7086 7394 7508 7610 7858 8039 8412 8702 10620 10827 10872 11251 11711 
#module 115 size: 207 bs: 0.759083
36 543 600 828 951 956 970 1035 1040 1041 1168 1212 1214 1317 1325 1375 1397 1413 1419 1437 1522 1592 1601 1614 1615 1621 1629 1668 1730 1821 1848 1856 1975 1984 2006 2046 2080 2132 2169 2189 2200 2275 2288 2355 2436 2449 2459 2461 2477 2494 2501 2512 2513 2514 2594 2613 2618 2643 2726 2740 2814 2919 2948 3006 3107 3186 3347 3352 3360 3424 3467 3491 3496 3588 3663 3686 3698 3732 3775 3841 3866 3902 3919 4125 4165 4180 4188 4241 4273 4541 4622 4662 4675 4730 4756 4774 4779 4857 4879 4883 4886 4909 4977 5057 5060 5100 5194 5221 5229 5250 5307 5317 5365 5393 5413 5625 5787 5847 5949 5991 6024 6031 6038 6069 6126 6241 6289 6341 6359 6536 6808 6809 6897 6927 7118 7122 7203 7235 7330 7403 7424 7448 7503 7567 7608 7664 7731 7784 7910 7928 7943 7946 7966 8026 8050 8159 8163 8187 8338 8381 8421 8482 8546 8729 8831 8839 8849 8951 8953 9034 9060 9133 9181 9305 9326 9371 9447 9507 9586 9632 9649 9668 9758 9798 9801 9921 9941 10208 10232 10246 10516 10527 10559 10688 10764 10970 11019 11265 11269 11340 11441 11990 12170 12559 12588 12666 13039 
#module 116 size: 128 bs: 0.295048
1 31 188 200 379 614 932 943 1183 1452 1540 1619 1636 1715 1729 1878 2022 2392 2522 2531 2568 2629 2652 2790 2832 2854 2870 2902 2921 3056 3147 3169 3204 3211 3378 3403 3494 3535 3636 3651 3655 3657 3715 3724 3775 3838 3996 4297 4379 4517 4602 4619 4769 4814 4900 4901 4942 5219 5243 5290 5589 5700 5733 5773 5826 5852 5866 5907 5914 6105 6106 6153 6273 6310 6362 6623 6764 6807 6833 7103 7255 7392 7416 7467 7489 7584 7615 7710 7832 8049 8242 8401 8512 8524 8529 8629 8678 8708 8713 8854 9026 9069 9190 9529 9885 10035 10036 10116 10196 10235 10408 10543 10619 10659 10700 10715 10816 10832 10876 10879 10943 11126 11127 11223 11260 11411 11840 12660 
#module 117 size: 99 bs: 0.835582
603 835 934 961 979 1067 1235 1312 1317 1365 1482 1534 1576 1698 1767 1770 1903 2132 2188 2273 2422 2506 2547 2736 2756 2845 2952 3070 3141 3181 3185 3220 3253 3370 3372 3588 3631 3680 3834 3878 3915 4216 4279 4290 4356 4660 4781 4804 5152 5169 5741 5829 6019 6076 6126 6309 6323 6363 6461 6481 6513 6714 6928 7004 7006 7257 7389 7570 7613 7619 7700 7728 7972 8012 8247 8624 8645 8703 8755 8814 8818 8989 9042 9055 9094 9792 9870 9878 9883 10164 10255 10492 10510 10531 10608 10909 10952 11436 12995 
#module 118 size: 28 bs: 0.714201
74 1265 2111 2410 2495 2606 2831 3065 3152 3634 3752 3799 4087 4350 4741 4786 5565 6570 7056 7134 7236 7254 7315 7991 8048 8322 10455 12506 
#module 119 size: 27 bs: 1.06561
1274 2215 2676 3023 3178 3230 3485 3781 3949 4434 4445 4999 6538 7368 7606 7727 7988 8311 8813 9341 9386 9422 9726 9884 10067 10434 11160 
#module 120 size: 30 bs: 0.326074
25 684 1005 1053 1836 2220 2441 2630 2649 2841 2970 4053 4143 4384 4563 5001 5319 5330 5884 6278 6441 6736 7306 8332 9330 9587 9895 9901 10705 11491 
#module 121 size: 59 bs: 0.240783
27 718 1005 1212 1284 1361 1621 1766 1838 1970 2063 2291 2306 2340 2530 2664 2681 2852 2882 3058 3174 3395 4088 4310 4426 4471 5046 5079 5182 5307 5404 5474 5581 5605 5655 5792 5807 5832 6281 6284 6441 6455 6795 7267 7337 8435 8459 8486 8527 8550 8697 9374 9467 9500 10190 10878 10933 11073 11085 
#module 122 size: 194 bs: 0.390514
2 259 313 372 381 385 529 537 580 647 698 805 865 936 981 990 1047 1082 1102 1116 1251 1293 1305 1338 1400 1420 1520 1575 1622 1631 1812 1876 1988 1999 2043 2048 2122 2337 2404 2448 2467 2487 2572 2581 2660 2675 2688 2706 2708 2808 2859 2888 2889 2936 3091 3157 3216 3259 3448 3456 3492 3565 3618 3688 3735 3803 3849 3972 4017 4047 4078 4092 4168 4178 4190 4201 4224 4253 4368 4393 4495 4505 4524 4598 4618 4657 4763 4815 4820 4917 4957 5028 5037 5126 5201 5212 5277 5323 5371 5530 5564 5590 5630 5666 5816 5858 5908 6058 6061 6063 6064 6107 6139 6277 6280 6367 6400 6476 6490 6574 6622 6648 6712 6914 6976 7016 7165 7176 7191 7199 7217 7349 7553 7762 7815 7913 8010 8047 8069 8101 8257 8275 8316 8321 8337 8339 8377 8531 8886 9024 9085 9109 9257 9457 9459 9526 9537 9544 9610 9680 9694 9702 9718 9789 9811 9841 9858 9976 10057 10181 10224 10324 10331 10345 10472 10501 10557 10611 10646 10683 10707 10711 10752 10773 10810 10824 10864 10989 11125 11499 11572 11575 11885 12515 
#module 123 size: 26 bs: 0.270104
917 1073 1451 1688 2777 3126 3257 3264 3409 3661 4659 4758 5275 6186 7044 7742 7985 7990 9058 9062 9234 9723 10211 10319 10591 12624 
#module 124 size: 69 bs: 0.529535
1255 1711 1744 1960 2184 2325 2368 2402 2515 2566 2658 2807 2812 2836 2861 2907 3041 3095 3289 3366 3379 3380 3513 3891 3986 4062 4122 4408 4446 4520 4740 4867 4889 5177 5179 5302 5423 5451 5849 5992 6033 6296 6509 6523 6723 6940 7322 7642 7667 7828 7936 8305 8441 8498 8544 8822 8838 9131 9145 10083 10131 10157 10272 10382 10590 10963 11235 11415 13043 
#module 125 size: 29 bs: 0.883235
880 1159 1296 1645 2033 2511 4166 5178 5187 5315 5754 6083 6590 6593 7215 7938 8197 9404 9814 10626 10675 10751 10851 10956 11503 11509 11566 11694 12790 
#module 126 size: 32 bs: 0.580808
834 997 1137 1352 1554 1732 1909 2167 2197 2371 2771 3162 3312 3353 3993 4029 4745 5288 5595 5976 6134 6226 7067 7914 8242 8386 8775 9175 9354 9559 10517 10734 
#module 127 size: 47 bs: 0.999343
3 924 984 986 1003 1067 1149 1179 1312 1355 1643 2008 2079 2203 2290 2524 2633 3203 3240 3287 3341 3610 4233 4785 4801 4849 5019 5023 5679 5754 6154 6629 6839 6884 7194 8186 8481 8531 8770 8837 9446 9887 10327 10667 10721 10744 11010 
#module 128 size: 40 bs: 0.124049
75 527 1091 1191 2055 2250 2297 2635 3247 3310 3410 3473 3482 3587 3879 4039 4090 4729 4848 5108 5113 5206 5348 5484 5544 5813 6463 6649 6957 7069 7427 7759 7963 8135 8225 8980 9315 9495 9905 10024 
#module 129 size: 32 bs: 0.626674
529 921 994 1221 1262 1383 1408 1431 1651 2381 2665 2728 2830 3149 3288 3350 3786 4001 4860 5272 6058 6135 6346 6755 8003 9267 10124 10472 10567 10799 12666 12881 
#module 130 size: 110 bs: 0.711873
564 673 729 781 863 968 969 1166 1253 1395 1418 1434 1466 1496 1759 1788 1889 1937 2148 2321 2328 2504 2636 2769 2781 2910 3015 3191 3214 3299 3338 3442 3472 3605 3713 3719 3833 3870 3938 4032 4443 4456 4553 4611 4694 4827 4869 4885 4934 5160 5283 5309 5506 5511 5567 5602 5735 5761 5780 5809 6085 6113 6175 6183 6247 6279 6340 6351 6393 6636 6655 6715 6744 6800 7160 7225 7266 7321 7544 7836 7854 8091 8372 8379 8592 8692 8727 8830 8976 9020 9140 9239 9359 9403 9658 9791 9862 9944 9950 10089 10465 10650 10748 10811 10951 10966 10981 11093 11095 12605 
#module 131 size: 46 bs: 0.769362
1445 1465 1946 1996 2086 2271 2388 2838 3022 3073 3719 4138 4268 4301 4312 4342 4555 4616 4634 4825 5341 5462 5521 5737 5973 6384 7248 7526 7810 7826 8042 8228 8368 8474 8539 9301 9458 9750 9788 10039 10454 10735 11108 11109 12019 12854 
#module 132 size: 45 bs: 0.738387
199 547 944 1051 1321 2120 2391 2554 2707 2779 3019 3213 3333 3385 4172 4447 4451 4583 4702 5303 5353 5392 5791 6443 6534 6978 7075 7243 7779 7781 7916 8252 8985 9342 9565 9821 9929 9936 10193 10403 10450 10716 10727 11388 11878 
#module 133 size: 31 bs: 0.896468
56 147 1103 1279 1396 2180 2235 2590 2805 2828 3062 3139 3702 4239 4746 5254 6419 6677 7185 7213 7262 7901 7902 8530 9555 9821 10209 10378 10637 10830 11442 
#module 134 size: 89 bs: 0.64074
329 333 629 630 631 644 833 983 1322 1603 1795 1884 1892 1991 2106 2117 2149 2295 2398 2455 2790 2852 2892 3078 3103 3129 3165 3314 3408 3635 3785 4052 4167 4197 4245 4321 4389 4607 4695 4719 4847 4858 4901 4994 5285 5578 5584 5594 5610 5776 5961 6082 6088 6554 6780 6877 6906 7072 7268 7273 7290 7778 7899 8165 8346 8349 8369 8431 8551 8586 8686 8689 9176 9378 9401 9701 9728 9765 9889 9927 9961 10367 10406 10495 10572 10636 10827 11369 12505 
#module 135 size: 42 bs: 0.762565
255 503 758 1247 1315 1491 1753 1915 2057 2074 2110 2359 2638 2763 3150 3432 3507 3568 3650 3894 3935 4299 4400 4680 4764 5251 6287 6663 7226 7481 7491 7980 8908 8986 9579 9593 9931 9934 10462 11263 11457 12700 
#module 136 size: 25 bs: 0.801119
63 272 864 1748 1882 2107 2424 2856 2857 2886 2946 3084 3085 3168 3393 4314 4846 6366 6689 7399 9853 10110 10201 11338 11696 
#module 137 size: 31 bs: 0.850308
296 1169 1381 2010 3060 3780 4248 4533 4669 4747 5300 5304 5422 6008 6507 6859 8041 9114 9273 9326 9549 10087 10162 10183 10220 10547 10584 10736 10743 10831 12553 
#module 138 size: 37 bs: 0.722084
384 1263 1714 1804 2366 2460 2875 2878 3620 3697 3734 3761 3896 4831 4880 4996 5595 5828 6448 6890 6945 7062 7964 8013 8209 8248 8277 8731 8824 8891 9214 9394 9528 9989 10406 10784 10868 
#module 139 size: 28 bs: 1.05697
1052 1054 1409 2345 3135 3465 3784 4098 4457 5441 6163 6215 7466 7504 8006 8440 8519 8893 9052 9313 9892 10314 10333 10415 10965 11171 11703 12958 
#module 140 size: 45 bs: 0.523091
971 980 1153 1217 1454 1498 1542 1887 1947 1997 2191 2267 2287 2528 2752 2802 2820 3559 3561 3905 4163 4731 5656 5665 5671 5727 6887 7467 7468 7652 7659 7921 8127 8130 8477 8748 9228 9300 9324 9914 10174 10321 10859 11031 11581 
#module 141 size: 25 bs: 0.358515
222 665 717 1738 1926 3398 3567 3665 4537 4670 5266 5658 5904 6123 6784 7011 7196 7277 7462 7628 8672 8762 9967 10058 10963 
#module 142 size: 29 bs: 0.270535
686 687 824 999 1291 1308 1508 2959 3516 3578 3932 4200 4961 5723 6030 6138 6512 6638 6765 7797 8142 8168 8182 8276 9397 9648 10377 10797 11272 
#module 143 size: 161 bs: 0.409897
658 836 868 907 914 954 1033 1072 1205 1286 1467 1505 1525 1532 1627 1655 1682 1700 1738 1754 1790 1851 1918 2011 2023 2030 2083 2096 2163 2479 2485 2496 2507 2574 2636 2639 2655 2709 2720 2733 3036 3148 3226 3246 3304 3522 3563 3595 3633 3716 3777 3868 3886 4036 4089 4117 4204 4246 4255 4269 4347 4380 4469 4478 4593 4609 4643 4734 4755 4768 4876 5008 5038 5066 5074 5122 5141 5234 5287 5373 5675 5710 5718 5820 5867 5921 5970 6037 6165 6168 6369 6388 6390 6552 6669 6688 6727 6821 6889 7107 7126 7260 7321 7407 7442 7470 7499 7556 7588 7820 7875 7892 7922 8014 8208 8246 8261 8495 8590 8653 8685 8792 8801 8804 8892 8932 9172 9225 9456 9483 9535 9572 9620 9766 9860 9896 10012 10021 10023 10140 10165 10239 10300 10329 10363 10392 10511 10586 10609 10704 10769 10842 10875 10980 11015 11031 11162 11175 12494 12609 12878 
#module 144 size: 90 bs: 0.786738
335 621 716 975 1027 1377 1519 1586 1676 1712 2146 2265 2300 2430 2639 2823 3113 3128 3283 3308 3512 3740 3826 4019 4025 4282 4315 4327 4334 4547 4662 4732 4990 5005 5088 5210 5233 5367 5495 5545 5562 5602 5806 5959 6171 6174 6175 6217 6254 6446 6485 6515 6531 6591 6597 6694 6702 6706 6826 6855 7051 7175 7402 7500 7623 7672 7792 7801 7900 7905 8221 8985 9518 9552 9852 9928 9939 10073 10151 10359 10386 10473 10551 10769 10942 10975 11011 11108 11552 12382 
#module 145 size: 95 bs: 0.668934
378 575 837 875 900 950 1086 1362 1463 1623 1773 1857 2029 2034 2116 2134 2343 2375 2407 2421 2476 2560 2688 2923 3043 3279 3291 3440 3475 3497 3525 3897 4011 4074 4159 4252 4279 4308 4525 4535 4600 4637 4851 4894 4923 4989 5067 5336 5483 5529 5568 5633 5817 5822 5906 6261 6426 6508 6819 6898 6964 7152 7202 7378 7386 7571 7591 7598 7769 7982 8141 8204 8206 8216 8511 8610 8646 8759 8972 8993 9226 9286 9293 9380 9416 9502 9740 9915 9992 10071 10246 10478 10785 10985 11158 
#module 146 size: 35 bs: 0.531922
562 593 1009 1042 1136 1524 1776 2884 3391 4742 4862 4935 5211 5231 5343 5431 5624 5646 6188 6416 6456 6616 7029 7895 7907 8584 8604 9001 9071 9287 9689 9893 10344 10855 10944 
#module 147 size: 163 bs: 0.677407
206 378 447 484 710 877 1035 1039 1100 1297 1335 1387 1406 1443 1464 1503 1521 1587 1646 1657 1697 1726 1733 1826 1837 1866 1901 2028 2036 2078 2139 2198 2289 2341 2406 2444 2465 2491 2567 2682 2725 2938 3351 3453 3566 3597 3801 3806 3822 3852 3895 3927 3962 3969 3977 4107 4112 4208 4209 4283 4450 4461 4503 4679 4708 4829 4893 4919 4941 4978 4979 4983 4984 5073 5077 5098 5159 5173 5284 5316 5408 5532 5547 5669 5742 5800 5915 5924 5999 6092 6164 6385 6447 6451 6457 6472 6474 6541 6604 6606 6697 6874 6950 6964 6967 6980 6988 7049 7393 7434 7449 7510 7512 7513 7587 7607 7712 7837 7839 7847 7869 7945 8032 8077 8102 8161 8179 8263 8407 8426 8533 8548 8573 8587 8820 8916 8995 9016 9346 9473 9508 9541 9604 9710 9898 9981 10076 10192 10247 10346 10441 10469 10476 10509 10568 10641 10687 10762 10883 11264 12495 12568 12980 
#module 148 size: 56 bs: 0.548531
704 791 858 913 1018 1543 1786 1910 2320 2360 2442 2449 2609 2898 3414 3604 3621 3748 3994 4267 4371 4655 4757 4958 4988 5056 5263 5467 5836 6334 6873 6949 6962 6968 7242 7425 7445 7525 7749 7750 7834 7846 8318 8376 8684 9331 9340 9374 9491 9982 10276 10304 10317 10707 11183 11188 
#module 149 size: 63 bs: 0.28421
642 702 880 1196 1259 1438 1743 2015 2092 2124 2131 2209 2296 2557 2636 2793 2909 2961 3016 3039 3094 3271 3294 3327 3352 3625 4007 4219 4668 4800 4998 5106 5246 6207 6965 7271 7355 7357 7372 7485 7540 7600 7654 7703 7995 8593 8815 8860 8876 8966 9146 9164 9289 9573 9804 9920 10064 10177 10383 11139 11535 12125 12944 
#module 150 size: 184 bs: 0.949455
19 228 333 353 496 507 509 561 567 573 581 676 871 884 893 1144 1153 1165 1327 1433 1457 1499 1502 1578 1689 1699 1702 1710 1795 2001 2037 2065 2115 2131 2143 2236 2266 2277 2375 2478 2488 2500 2528 2595 2625 2632 2668 2669 2788 2793 2855 2876 2915 2982 3016 3030 3044 3233 3244 3266 3354 3417 3536 3556 3662 3753 3791 3840 3853 3936 3946 4089 4095 4219 4245 4325 4362 4412 4477 4483 4528 4556 4607 4629 4672 4683 4808 4964 4970 5128 5156 5297 5361 5374 5405 5460 5871 5878 5881 5882 6016 6044 6121 6137 6236 6311 6469 6501 6610 6680 6747 6773 6791 6810 7182 7207 7300 7377 7408 7413 7415 7459 7463 7486 7532 7568 7596 7683 7831 7904 7920 7950 8269 8280 8284 8367 8438 8500 8529 8661 8737 8819 8835 9015 9080 9112 9178 9206 9222 9224 9449 9478 9546 9579 9682 9720 9757 9919 9955 9960 9994 10414 10425 10427 10447 10480 10537 10555 10556 10576 10668 10677 10771 10866 10882 10939 10947 11032 11088 11146 11182 11266 11482 11483 
#module 151 size: 36 bs: 0.122124
77 842 849 898 1488 1675 1841 2044 2843 3322 3332 3553 3726 3921 3940 3950 4286 4591 5120 5447 5769 5812 6013 6445 6852 7177 7719 7976 8496 8536 9554 9984 10266 11118 11262 11501 
#module 152 size: 42 bs: 0.401596
229 237 705 873 1226 1233 1306 1615 1634 1681 2286 2394 2480 2553 3071 3132 3188 3569 4121 4235 4333 4345 4582 5140 5281 5593 6344 6477 6798 6827 6844 7221 7365 7414 7760 7891 8518 9263 9845 9916 10654 10935 
#module 153 size: 55 bs: 0.434127
28 54 227 443 632 767 924 931 984 1204 1287 1383 1782 2079 2393 2576 2712 2751 3063 3317 3381 3438 3498 3515 3976 4004 4025 4233 4719 4754 5021 5040 5134 5352 5417 5704 6154 6255 6365 6629 6837 7362 7412 7543 7692 7967 8271 8538 8566 8937 10332 10360 11526 11613 11701 
#module 154 size: 93 bs: 0.770433
20 172 271 274 779 876 1115 1213 1237 1254 1280 1294 1314 1330 1353 1405 1411 1695 1760 1824 1842 2101 2339 2493 2505 2703 2869 3143 3187 3280 3337 3421 3461 3573 3624 3865 3876 4057 4061 4135 4221 4328 4411 4575 4665 4733 4745 4809 4993 5161 5228 5255 5420 5631 5677 5855 5865 5896 5923 6052 6109 6142 6143 6314 6440 7039 7167 7478 7959 8008 8034 8557 8674 8714 8988 9536 9540 9654 10000 10091 10111 10226 10293 10565 10612 10629 10747 10857 10950 10988 11135 11435 11788 
#module 155 size: 67 bs: 0.229247
870 925 1006 1202 1347 1477 1560 1630 1694 1929 2069 2175 2178 2242 2465 2541 2766 3166 3433 3466 3528 3548 3906 4340 4422 4630 4661 4697 4807 4865 5085 5434 5461 5464 5498 5561 5624 5707 5886 6350 6616 6646 6923 7086 7187 7447 7546 7547 7680 8110 8672 8728 8750 8761 8802 9083 9561 9726 9747 10053 10179 10708 10746 10753 10904 11006 11556 
#module 156 size: 85 bs: 0.624922
72 685 798 839 1248 1371 1661 1775 1829 1865 1913 1976 2196 2204 2302 2367 2387 2415 2535 2784 3020 3193 3243 3269 3291 3603 3770 3872 3951 4126 4157 4205 4263 4390 4417 4503 4612 4622 4682 4728 4823 5017 5018 5064 5097 5196 5242 5349 5444 5687 6080 6081 6305 6396 6402 6543 6639 6643 7241 7601 7624 7989 8024 8272 8523 8541 8649 8693 8784 8961 8972 9250 9253 9365 10007 10153 10518 10522 10613 11098 11155 11191 11251 12679 12756 
#module 157 size: 48 bs: 0.270338
58 467 843 844 1066 1081 1271 1471 1547 1652 1666 1667 1704 2370 3001 3025 3064 3260 4123 4175 4500 4664 5086 5179 5195 5674 6374 6631 6757 6996 7409 7411 7958 8138 8399 8601 8738 8793 8829 8946 9265 9367 9623 10596 10706 11082 11256 12881 
#module 158 size: 76 bs: 0.541099
13 611 919 977 996 1295 1389 1469 1516 1571 1769 1833 2369 2732 2987 3390 3591 3828 3844 3860 4030 4240 4285 4358 4407 4459 4610 4664 5051 5059 5084 5117 5137 5184 5337 5385 5959 6043 6109 6219 6324 6467 6578 7054 7157 7274 7329 7456 7501 7527 7931 8178 8443 8758 8847 8970 9018 9098 9389 9512 9621 9761 9765 10114 10132 10166 10197 10223 10242 10311 10351 10612 10725 10927 11114 12523 
#module 159 size: 57 bs: 0.454075
29 874 941 1680 1904 1959 2251 2254 2458 2536 2542 2592 2724 2969 3664 3766 3971 4361 4409 4504 4539 4577 4656 5324 5415 5954 6065 6086 6282 6654 6851 6986 6990 7138 7146 7227 7302 7311 7417 7799 7887 8055 8287 8471 8699 8848 9402 9807 9926 10118 10215 10310 10705 10777 10779 10921 11420 
#module 160 size: 114 bs: 0.696336
14 66 625 729 819 892 1145 1292 1311 1354 1360 1439 1566 1846 1897 1923 2000 2004 2298 2349 2505 2689 2778 2792 2990 3605 3640 3865 4031 4048 4169 4218 4228 4236 4349 4382 4404 4429 4496 4498 4532 4549 4559 4782 4788 5035 5109 5160 5276 5398 5479 5835 6175 6206 6559 6569 6740 6850 6994 7083 7124 7145 7265 7313 7326 7354 7431 7446 7549 7709 7727 7893 8023 8086 8357 8372 8382 8427 8615 8676 8776 8830 8857 8988 9041 9073 9102 9127 9144 9223 9338 9375 9437 9545 9651 9688 9832 9899 10069 10108 10119 10182 10202 10226 10244 10488 10563 10615 10768 10908 11419 11601 11699 12678 
#module 161 size: 34 bs: 0.521058
17 924 1008 1896 2050 2246 2661 2837 4230 4416 4870 4915 5758 5985 6177 6312 6336 6428 6513 8115 8217 8744 8767 8887 8971 9034 9074 9463 9627 10161 10644 10881 11140 11441 
#module 162 size: 37 bs: 0.944289
808 963 983 1287 1458 1987 2021 2050 2137 2507 2860 2950 3303 3743 3793 3825 3890 4230 4760 5004 5162 5208 5758 5895 5912 6091 6375 6665 7003 7599 8001 8200 8488 9763 10070 10683 11962 
#module 163 size: 98 bs: 0.172704
254 487 488 618 762 827 1124 1163 1185 1275 1610 1654 1815 1928 1957 1964 1968 2056 2104 2130 2275 2674 2730 2924 2964 3112 3120 3160 3268 3326 3404 3493 3654 3684 3907 4075 4303 4323 4472 4584 4588 4837 4878 4912 5058 5127 5138 5249 5345 5443 5684 5748 5838 5924 5972 5989 6070 6100 6231 6243 6260 6652 6673 6717 6718 6741 6801 7050 7252 7269 7406 7589 7626 7780 7861 8253 8293 8323 8402 8445 8820 8893 8964 9007 9269 9290 9543 10318 10493 10657 10695 10793 10823 10835 10957 11189 11393 12162 
#module 164 size: 124 bs: 0.642435
54 480 489 544 762 1095 1194 1204 1208 1654 1743 1772 1808 1839 1871 1872 1951 2104 2133 2172 2279 2284 2380 2408 2425 2651 2712 2714 2723 2767 2817 2850 2942 3024 3100 3170 3223 3271 3480 3550 3600 3629 3681 4033 4162 4222 4581 4666 4674 4719 4840 5101 5217 5232 5440 5601 5603 5621 5704 5705 5802 6036 6066 6084 6131 6194 6391 6420 6468 6499 6540 6548 6551 6573 6673 6769 6829 6920 7005 7078 7334 7410 7681 7898 8243 8345 8377 8452 8563 8632 8650 8668 8680 8749 8772 8861 9025 9030 9039 9127 9155 9210 9326 9394 9407 9420 9533 9578 9872 9998 10045 10068 10077 10173 10315 10443 10574 10627 11009 11096 11412 11437 11599 12077 
#module 165 size: 135 bs: 0.421281
17 403 517 683 789 809 854 933 955 1010 1025 1028 1065 1106 1160 1220 1222 1223 1238 1243 1244 1254 1342 1416 1484 1530 1567 1609 1678 1708 1722 1778 1936 1998 2027 2068 2216 2245 2292 2389 2428 2533 2621 2691 2783 2885 2901 2918 3110 3196 3286 3336 3454 3464 3751 3843 3874 3877 3899 4033 4072 4139 4214 4381 4402 4442 4603 4653 4781 4859 4903 4959 5003 5135 5202 5220 5327 5334 5389 5526 5542 5552 5591 5688 5760 5818 5856 5919 5984 6007 6151 6209 6315 6357 6358 6471 6588 6743 6816 7021 7116 7195 7328 7383 7435 7557 8080 8119 8365 8630 8782 8791 8875 8877 8889 9019 9063 9272 9277 9316 9332 9370 9601 9674 9691 9975 10100 10137 10337 10466 10925 11083 12629 12741 13081 
#module 166 size: 20 bs: 0.682371
1412 1859 2537 3369 3711 4939 5149 5265 5662 5808 6691 7717 7816 8436 8890 9086 9304 12582 12586 12725 
#module 167 size: 144 bs: 0.484981
73 278 304 491 519 720 721 765 826 852 856 1034 1045 1099 1127 1224 1298 1552 1644 1725 1777 1813 1991 2136 2154 2158 2195 2304 2644 2659 2746 2819 2862 2892 2977 3008 3038 3088 3129 3151 3165 3348 3479 3572 3586 3758 3798 3964 3966 3970 4249 4255 4296 4367 4384 4385 4399 4507 4698 4712 4766 4778 4858 4877 4927 5122 5168 5377 5493 5504 5584 5629 5708 5967 6041 6234 6251 6275 6417 6464 6522 6528 6565 6746 6899 6934 6951 7076 7212 7300 7471 7578 7718 7736 7798 7803 7881 7882 7885 8073 8116 8118 8199 8203 8260 8264 8312 8425 8502 8507 8555 8600 8628 8778 8779 8934 8974 9051 9069 9231 9609 9753 9813 9863 9963 9964 10032 10295 10341 10406 10444 10445 10508 10566 10572 10660 10737 10854 10992 11024 11070 11232 11400 11584 
#module 168 size: 48 bs: 0.478025
293 532 1407 1493 1531 1807 1972 2212 2573 2577 2578 2994 3092 3153 3192 3222 3696 3875 3918 4257 4707 5116 5575 5824 6089 6114 7014 7115 7340 7422 7441 7790 7808 7886 7911 8306 8470 8671 8682 8836 8920 9101 9215 9931 10055 10362 10399 10618 
#module 169 size: 9 bs: 0.339175
2119 3594 4790 5340 5566 5672 6524 6853 7555 
#module 170 size: 56 bs: 0.452796
35 39 691 771 847 1030 1150 1506 1612 1742 1785 1958 2212 2243 2577 2640 3063 3108 3135 3218 3361 3375 3463 3679 3817 4170 4231 4594 4617 4688 4744 4945 4948 5043 5455 5765 5951 6015 6335 6598 6848 6997 7070 7740 7880 7952 8827 8859 8869 8935 9364 9545 10206 10212 10238 10672 
#module 171 size: 29 bs: 1.09299
1301 1402 1459 1616 1618 1825 2017 3007 3031 3075 3478 3709 3816 4424 4621 4828 5036 5879 6046 6128 7770 7811 8140 9091 9099 9424 9924 10068 11480 
#module 172 size: 35 bs: 0.594912
768 1049 1648 1894 1974 2433 2998 3106 3255 3570 3683 3864 3941 4291 4544 5271 5793 5893 6301 6321 6386 6405 6843 7288 7373 7519 8605 9183 9292 9294 9831 10279 10357 11133 11405 
#module 173 size: 43 bs: 0.8798
49 583 1173 1758 1961 2099 2134 2218 2836 3227 3459 3532 3675 3956 3989 4056 4079 4270 4844 4911 5390 5714 6159 6449 7043 7131 7287 7960 7970 8040 8270 8441 8901 9006 9322 9429 9434 9881 9991 10186 10230 10616 11383 
#module 174 size: 38 bs: 0.128448
21 166 460 830 1036 1747 1888 3250 3627 3882 3992 4351 4370 4606 5325 5626 5782 5909 6256 6286 6291 6338 6831 6943 6983 7038 7155 7287 7563 7629 7960 8148 8508 8743 9268 9933 10112 10733 
#module 175 size: 27 bs: 0.275793
40 76 541 763 1319 1786 2432 2704 2821 2864 2898 3311 4035 5091 5263 6102 6215 6874 6984 7040 7099 7846 8740 9825 9977 10115 10871 
#module 176 size: 47 bs: 0.797448
194 222 294 1331 1382 1486 1513 1731 1737 1749 2121 2249 3037 3831 4019 4401 4792 4910 5305 5778 5801 6347 6368 6391 6630 6748 6754 6771 6966 7110 7115 7332 7350 7661 7721 8298 8320 8774 9021 9151 9509 10126 10358 10699 10978 11228 12507 
#module 177 size: 34 bs: 0.296587
1677 1721 1859 2144 2234 2262 2960 3021 3057 3320 3364 3811 3934 4592 4930 5613 5814 6079 6197 6338 6915 6977 7059 7323 7429 8212 8617 8724 9142 9187 10371 10587 10820 11241 
#module 178 size: 107 bs: 0.476172
189 208 265 845 965 991 1025 1074 1128 1156 1380 1641 1659 1969 2141 2194 2373 2492 2676 2719 2849 2881 2928 2929 2930 2943 2953 3068 3131 3206 3232 3254 3276 3306 3373 3609 3745 3756 3842 3963 4173 4227 4281 4291 4542 4676 4761 5216 5386 5554 5676 5713 5902 6047 6072 6102 6181 6233 6237 6262 6460 6466 6526 6529 6599 6698 6788 7026 7079 7107 7229 7319 7551 7679 7696 8145 8419 8462 8622 8673 8716 8871 8907 8917 8923 8978 9057 9209 9357 9358 9417 9602 9685 9920 9980 10103 10123 10198 10275 10337 10376 10591 10772 10839 10884 10894 12902 
#module 179 size: 64 bs: 0.291788
44 449 1011 1058 1113 1231 1267 1394 1483 1492 1618 1716 1854 1985 2031 2224 2338 2440 2586 3054 3179 3359 3384 3428 3704 3851 4132 4373 4389 4592 4692 4784 4789 5064 5563 5789 6029 6078 6079 6125 6154 6238 6370 6492 6841 6872 6878 7188 7345 7423 7523 7783 7917 9121 9344 9501 9692 9704 9758 10354 10371 10679 10778 12549 
#module 180 size: 27 bs: 0.342588
520 1270 1565 1584 2066 2539 2693 2799 2851 2911 3003 3133 3156 3290 3362 3611 4124 4271 5643 5652 5905 6903 7657 8483 8642 9577 10013 
#module 181 size: 61 bs: 0.192843
196 197 589 810 948 1182 1210 1225 1526 1620 1745 1750 1757 1771 1780 2452 2773 2937 3029 3042 3190 3355 3642 3720 3820 4145 4262 4436 4518 5078 5081 5163 5699 5701 6320 6627 6759 6774 7207 7312 7391 7620 7627 8021 8100 8373 8627 8787 9230 9297 9399 9415 9700 9754 10168 10379 10424 10431 10729 10763 10812 
#module 182 size: 41 bs: 0.945836
804 1126 1138 1209 1415 1683 2067 2144 2614 2764 2791 3146 3292 3506 4045 4154 4678 4691 4753 4864 5193 6409 6555 6602 6779 7649 7876 8052 8152 8394 8780 8867 9252 9607 9624 9640 10388 10603 10759 10887 11473 
#module 183 size: 29 bs: 0.951524
34 614 915 1378 1388 1658 2280 2315 2750 2789 3104 3158 3234 3814 4106 4366 5372 5381 5854 6232 6319 8030 8395 9246 9460 9817 10240 10558 12591 
#module 184 size: 46 bs: 0.780196
681 862 1096 1569 1739 1806 1882 1924 2443 2450 2824 2846 3042 3682 3796 3952 4508 4684 4833 5321 5397 5509 5721 5873 6065 6212 6375 6644 6733 7590 7723 7819 8053 8103 8315 8391 8552 8557 8828 9773 10107 10169 10308 10660 10987 11203 
#module 185 size: 28 bs: 0.965725
909 1042 1136 1207 1271 1485 1635 1667 2484 3001 3345 3391 3413 4302 4500 4742 5044 5179 5231 5459 5518 5664 7183 7907 8189 8873 9312 9367 
#module 186 size: 108 bs: 0.908738
5 178 208 224 878 986 1026 1059 1078 1133 1135 1219 1249 1283 1403 1581 1674 1734 1751 1787 1831 1904 1911 2039 2086 2482 2724 2729 2838 2963 3059 3182 3554 3557 3644 3741 3755 3763 3920 3930 3990 4005 4037 4051 4115 4213 4430 4514 4843 4956 4962 5112 5166 5328 5387 5436 5502 5510 5667 5764 5861 5917 5947 5980 6028 6184 6205 6212 6252 6313 6601 6772 7102 7112 7437 7614 7720 7802 7829 7976 7978 8051 8061 8241 8380 8410 8598 8608 8701 9023 9679 9693 9918 9954 10374 10381 10432 10625 10631 10658 10673 10755 10756 10767 10780 11029 11119 11487 
#module 187 size: 150 bs: 0.191306
53 459 498 670 679 807 822 853 889 890 894 988 1038 1112 1151 1261 1273 1364 1558 1582 1632 1673 1686 1817 1840 1907 1920 1927 1933 1939 1969 2025 2075 2126 2142 2182 2222 2319 2334 2340 2372 2565 2583 2957 3040 3046 3179 3365 3444 3455 3496 3505 3658 3728 3805 3809 3832 3893 4119 4183 4234 4287 4413 4465 4599 4627 4630 4671 4806 4895 4929 4995 5183 5241 5396 5469 5470 5478 5537 5559 5586 5619 5698 5702 5877 5888 6214 6295 6298 6526 6566 6625 6642 6707 6770 6872 6942 6986 6987 7000 7044 7059 7364 7484 7490 7536 7682 7706 7766 7772 7794 7926 7986 8028 8258 8288 8294 8319 8405 8445 8484 8716 8845 8862 8940 8943 8957 9040 9180 9343 9466 9570 9662 10049 10102 10470 10579 10592 10678 10712 10826 10844 10889 10920 11142 11172 11445 12228 12663 12681 
#module 188 size: 51 bs: 0.674568
233 713 1965 2240 2272 2274 2299 2534 2544 2582 3429 3718 3738 3776 3937 4269 4339 4418 4645 5366 5815 5876 6166 6171 6195 6539 7081 7092 7189 7244 7453 7496 7711 7842 8088 8499 8570 8576 8666 8936 9061 9068 9219 9233 9379 10000 10046 10334 10387 10661 11113 
#module 189 size: 1 bs: 1
8866 
#module 190 size: 1 bs: 1
6709 
#module 191 size: 1 bs: 1
8106 
#module 192 size: 1 bs: 1
4420 
#module 193 size: 1 bs: 1
9850 
#module 194 size: 1 bs: 1
5942 
#module 195 size: 1 bs: 1
6750 
#module 196 size: 1 bs: 1
5840 
#module 197 size: 1 bs: 1
2468 
#module 198 size: 1 bs: 1
3744 
#module 199 size: 1 bs: 1
3297 
#module 200 size: 1 bs: 1
8679 
#module 201 size: 1 bs: 1
7133 
#module 202 size: 1 bs: 1
6699 
#module 203 size: 1 bs: 1
6820 
#module 204 size: 1 bs: 1
5454 
#module 205 size: 1 bs: 1
2868 
#module 206 size: 1 bs: 1
6612 
#module 207 size: 1 bs: 1
10044 
#module 208 size: 1 bs: 1
8942 
#module 209 size: 1 bs: 1
446 
#module 210 size: 1 bs: 1
6094 
#module 211 size: 1 bs: 1
9368 
#module 212 size: 1 bs: 1
3436 
#module 213 size: 1 bs: 1
1941 
#module 214 size: 1 bs: 1
1589 
#module 215 size: 1 bs: 1
4015 
#module 216 size: 1 bs: 1
7874 
#module 217 size: 1 bs: 1
10163 
#module 218 size: 1 bs: 1
3700 
#module 219 size: 1 bs: 1
10372 
#module 220 size: 1 bs: 1
5804 
#module 221 size: 1 bs: 1
6640 
#module 222 size: 1 bs: 1
4395 
#module 223 size: 1 bs: 1
182 
#module 224 size: 1 bs: 1
3608 
#module 225 size: 1 bs: 1
4640 
#module 226 size: 1 bs: 1
10171 
#module 227 size: 1 bs: 1
8082 
#module 228 size: 1 bs: 1
2718 
#module 229 size: 1 bs: 1
7511 
#module 230 size: 1 bs: 1
3948 
#module 231 size: 1 bs: 1
8618 
#module 232 size: 1 bs: 1
6960 
#module 233 size: 1 bs: 1
5692 
#module 234 size: 1 bs: 1
2323 
#module 235 size: 1 bs: 1
8896 
#module 236 size: 1 bs: 1
11740 
#module 237 size: 1 bs: 1
2941 
#module 238 size: 1 bs: 1
7454 
#module 239 size: 1 bs: 1
8490 
#module 240 size: 1 bs: 1
3177 
#module 241 size: 1 bs: 1
5608 
#module 242 size: 1 bs: 1
5274 
#module 243 size: 1 bs: 1
582 
#module 244 size: 1 bs: 1
301 
#module 245 size: 1 bs: 1
5075 
#module 246 size: 1 bs: 1
9194 
#module 247 size: 1 bs: 1
3626 
#module 248 size: 1 bs: 1
5076 
#module 249 size: 1 bs: 1
7488 
#module 250 size: 1 bs: 1
4568 
#module 251 size: 1 bs: 1
10258 
#module 252 size: 1 bs: 1
7204 
#module 253 size: 1 bs: 1
6939 
#module 254 size: 1 bs: 1
9249 
#module 255 size: 1 bs: 1
8128 
#module 256 size: 1 bs: 1
7923 
#module 257 size: 1 bs: 1
6294 
#module 258 size: 1 bs: 1
8363 
#module 259 size: 1 bs: 1
3672 
#module 260 size: 1 bs: 1
832 
#module 261 size: 1 bs: 1
4967 
#module 262 size: 1 bs: 1
4717 
#module 263 size: 1 bs: 1
3520 
#module 264 size: 1 bs: 1
4261 
#module 265 size: 1 bs: 1
2098 
#module 266 size: 1 bs: 1
6930 
#module 267 size: 1 bs: 1
4932 
#module 268 size: 1 bs: 1
3431 
#module 269 size: 1 bs: 1
5131 
#module 270 size: 1 bs: 1
5207 
#module 271 size: 1 bs: 1
846 
#module 272 size: 1 bs: 1
6571 
#module 273 size: 1 bs: 1
5641 
#module 274 size: 1 bs: 1
1256 
#module 275 size: 1 bs: 1
1538 
#module 276 size: 1 bs: 1
8031 
#module 277 size: 1 bs: 1
4186 
#module 278 size: 1 bs: 1
8244 
#module 279 size: 1 bs: 1
1971 
#module 280 size: 1 bs: 1
4949 
#module 281 size: 1 bs: 1
10400 
#module 282 size: 1 bs: 1
8700 
#module 283 size: 1 bs: 1
978 
#module 284 size: 1 bs: 1
9477 
#module 285 size: 1 bs: 1
3933 
#module 286 size: 1 bs: 1
4968 
#module 287 size: 1 bs: 1
6487 
#module 288 size: 1 bs: 1
12652 
#module 289 size: 1 bs: 1
6866 
#module 290 size: 1 bs: 1
8356 
#module 291 size: 1 bs: 1
6124 
#module 292 size: 1 bs: 1
11261 
#module 293 size: 1 bs: 1
9302 
#module 294 size: 1 bs: 1
6542 
#module 295 size: 1 bs: 1
4975 
#module 296 size: 1 bs: 1
9846 
#module 297 size: 1 bs: 1
10526 
#module 298 size: 1 bs: 1
10569 
