#module 0 size: 3 bs: 0.0333658
1824 3291 3424 
#module 1 size: 3 bs: 0.0485798
3157 3630 6828 
#module 2 size: 6 bs: 0.057095
333 2223 2467 3295 6167 6819 
#module 3 size: 11 bs: 0.0873545
169 1963 2041 2584 2790 2927 4558 4966 4987 5496 6772 
#module 4 size: 13 bs: 0.0329436
584 2134 2141 2417 2863 2893 3127 5421 5451 5730 6224 6513 6648 
#module 5 size: 4 bs: 0.0660688
242 520 4501 6676 
#module 6 size: 3 bs: 0.0411486
189 754 5963 
#module 7 size: 11 bs: 0.02888
1387 1441 2530 3320 3834 4542 4728 5694 5771 6255 6719 
#module 8 size: 6 bs: 0.344514
633 2122 2789 3615 4016 4420 
#module 9 size: 4 bs: 0.742572
524 918 4038 4845 
#module 10 size: 4 bs: 0.334231
3096 3531 4387 5250 
#module 11 size: 6 bs: 0.129941
324 917 3205 4763 4839 6797 
#module 12 size: 17 bs: 0.572958
1076 1268 1474 1624 1888 2367 2656 2698 3243 3750 4730 4965 6097 6133 6180 6241 6792 
#module 13 size: 78 bs: 0.460154
122 168 353 357 486 877 889 1001 1571 1629 1867 1926 1958 2040 2126 2161 2165 2172 2181 2191 2376 2384 2409 2422 2498 2662 2681 2729 2866 2925 2936 3140 3487 3751 4049 4088 4089 4137 4149 4312 4359 4408 4434 4686 4768 4798 4873 4907 4946 5107 5175 5178 5314 5339 5391 5486 5609 5638 5707 5753 5761 5926 5931 5957 6003 6088 6213 6261 6267 6441 6443 6471 6482 6545 6632 6799 6909 6917 
#module 14 size: 22 bs: 0.118225
10 351 492 730 1187 1422 1843 1971 1983 2996 3216 3245 3719 4100 4969 5270 5698 5798 6366 6417 6712 6912 
#module 15 size: 6 bs: 0.765231
1699 3767 4554 4627 4650 5671 
#module 16 size: 4 bs: 0.138068
2018 2615 4634 6595 
#module 17 size: 33 bs: 1.03305
38 265 814 1170 1348 1479 2243 2269 2314 2327 2343 2957 3104 3489 3896 4086 4149 4402 4545 4622 5051 5211 5304 5476 5600 5700 5816 5870 5945 6117 6319 6441 6820 
#module 18 size: 13 bs: 0.120697
309 1455 1532 1656 2707 2847 2935 2976 3797 3877 4737 5864 6707 
#module 19 size: 40 bs: 0.440043
332 561 572 598 628 797 1096 1217 1234 1464 1636 1648 1783 1833 1888 2349 2478 2558 2721 2889 3113 3201 3251 3445 3727 3925 4198 4222 4241 4425 4549 4565 5018 5155 5382 5548 5880 5968 6133 6431 
#module 20 size: 15 bs: 0.836602
514 853 1577 1748 1893 2194 2248 3137 3803 4036 4093 4652 5888 5976 6363 
#module 21 size: 46 bs: 0.61531
4 46 136 167 198 273 285 435 482 498 504 545 554 689 779 890 949 1144 1298 1388 1935 2082 2444 2462 2672 2840 3194 3222 3255 3406 3636 4020 4365 4366 4392 4496 4556 4867 5124 5624 5676 6671 6709 6716 6891 6918 
#module 22 size: 21 bs: 1.05852
453 659 1291 1459 1486 1674 1913 2214 2348 2515 2706 2870 3155 3778 4363 4760 5214 5731 6057 6238 6282 
#module 23 size: 25 bs: 1.09426
589 692 731 1029 1318 1320 1480 2379 2593 2604 3028 3788 4734 5037 5277 5506 5510 5668 6022 6134 6315 6427 6432 6462 6694 
#module 24 size: 48 bs: 0.885586
70 291 434 560 617 999 1018 1086 1120 1323 1339 1345 1350 1428 1489 1507 1513 1517 1530 1616 1623 1825 2313 2402 2860 2986 3051 3317 3469 3791 3798 4318 4547 4561 4690 4993 5160 5162 5275 5376 5440 5708 5784 5977 6277 6318 6600 6629 
#module 25 size: 28 bs: 1.03354
420 471 796 1465 1478 1488 1500 1614 1681 1818 2700 2712 2750 2937 2942 3029 3799 3872 4033 4536 4744 5176 5273 6179 6242 6363 6833 6857 
#module 26 size: 8 bs: 1.03601
193 403 1236 2624 2812 4059 5606 5893 
#module 27 size: 5 bs: 0.430635
680 1587 3668 5862 6023 
#module 28 size: 8 bs: 0.571133
156 852 1082 2201 2478 3850 4635 6031 
#module 29 size: 10 bs: 0.831325
674 1000 1415 2203 2206 2963 3542 5020 6228 6579 
#module 30 size: 7 bs: 0.909437
2695 3377 3412 3785 4121 5357 6700 
#module 31 size: 26 bs: 0.659404
298 379 647 910 951 1621 2849 2930 3258 3409 3441 3458 3914 3936 4303 4346 4384 4465 5193 5204 5230 5427 5889 6043 6725 6892 
#module 32 size: 11 bs: 0.422859
728 729 1446 1564 2541 2731 2846 2954 3041 4261 5501 
#module 33 size: 22 bs: 0.200636
1376 1701 1814 1920 1959 1970 2375 2938 3472 3806 3982 4081 4485 4790 4962 5360 5874 6092 6531 6725 6726 6903 
#module 34 size: 38 bs: 0.620055
212 218 774 778 1020 1149 1153 1254 1408 1549 1562 1617 1758 1775 2253 2415 2468 2499 2967 3272 3346 3536 3678 4006 4417 4683 4906 4930 5042 5253 5354 5533 5612 5644 5674 5817 6603 6649 
#module 35 size: 64 bs: 0.831298
99 319 522 594 753 783 801 846 881 967 978 1246 1289 1393 1402 1670 1672 1736 1762 1772 1785 1795 1961 2216 2306 2370 2489 2496 2890 2912 2913 3035 3264 3289 3316 3416 3480 3585 3742 3848 3891 3946 4017 4328 4427 4470 4582 4815 4875 4980 5060 5081 5144 5788 5810 5971 6087 6120 6148 6374 6436 6515 6622 6641 
#module 36 size: 6 bs: 0.634731
2461 3003 3808 4175 5192 6034 
#module 37 size: 19 bs: 0.485083
32 59 276 625 1227 1441 1501 1637 2533 2780 2958 3083 3858 4608 4796 5337 5694 6255 6384 
#module 38 size: 33 bs: 0.734911
523 611 636 656 705 744 855 1287 1338 1729 2022 2160 2334 2347 2354 2962 3071 3249 3587 3924 4249 4344 4543 5083 5304 5377 5834 6123 6170 6393 6590 6619 6754 
#module 39 size: 33 bs: 0.282752
188 648 799 1184 1293 1689 1890 2200 2235 2430 2531 2710 3193 3681 3804 3849 4010 4323 4339 4367 4720 5012 5094 5508 5658 5674 5727 6364 6469 6575 6869 6896 6910 
#module 40 size: 43 bs: 0.565615
78 99 195 316 753 757 978 1307 1429 1436 1548 1942 1961 2009 2322 2370 2475 2482 2690 2839 2912 3035 3062 3090 3416 3561 3566 3777 3898 3969 4786 4991 5057 5180 5226 5774 5964 6083 6120 6148 6479 6836 6915 
#module 41 size: 10 bs: 0.80879
278 322 829 1609 3723 4990 5014 5098 5690 6113 
#module 42 size: 64 bs: 0.612737
281 562 641 808 851 974 1017 1038 1077 1174 1192 1211 1261 1347 1486 1566 1577 1731 1904 1987 2294 2439 2955 2982 3099 3120 3181 3216 3221 3271 3331 3351 3369 3400 3440 3655 3657 3803 3823 3884 3914 4068 4230 4253 4388 4665 4677 4844 4979 5020 5193 5562 5725 5821 5836 5856 5976 6113 6146 6195 6230 6405 6478 6497 
#module 43 size: 6 bs: 0.255015
112 1309 1369 2621 4142 5776 
#module 44 size: 55 bs: 0.504302
91 243 282 327 562 614 641 851 1038 1077 1103 1109 1148 1211 1272 1366 1566 2606 2627 2752 2955 2982 3120 3143 3196 3221 3369 3537 3574 3650 3747 3818 3884 3960 3980 4126 4192 4230 4388 4397 4474 4706 4789 4804 4979 5215 5659 5725 5836 6038 6110 6263 6305 6478 6812 
#module 45 size: 18 bs: 0.924302
190 365 579 1271 1820 2284 2749 2777 2950 4574 4647 5113 5171 5729 6320 6388 6606 6854 
#module 46 size: 42 bs: 1.04484
72 133 207 230 232 281 299 369 904 1206 1508 1948 1992 2074 2190 2233 2362 2788 2956 3056 3130 3301 3478 3492 3732 3836 4127 4268 4808 4907 4973 5011 5021 5077 5374 5563 5637 5968 6171 6431 6461 6528 
#module 47 size: 31 bs: 0.389769
6 25 39 451 788 863 1127 1233 1405 1578 1792 1806 1907 2072 2077 2217 2773 2845 3085 3238 3448 3459 3597 3789 3976 3994 4228 4667 4694 4751 5150 
#module 48 size: 12 bs: 0.614697
1250 1793 2011 2078 4785 4860 5904 6065 6409 6652 6653 6727 
#module 49 size: 20 bs: 0.245592
49 237 306 442 1517 2048 2227 2879 2894 3549 3627 4018 4140 4597 4671 5648 5663 5715 5927 6439 
#module 50 size: 54 bs: 1.02427
102 118 256 297 531 701 742 1036 1612 1660 1759 2000 2035 2073 2092 2157 2446 2500 2554 2556 2569 2623 2819 2830 3337 3354 3655 3656 3782 3816 3915 3941 4015 4085 4099 4102 4334 4468 4783 5131 5202 5299 5752 5786 5958 6066 6303 6415 6434 6450 6502 6556 6602 6751 
#module 51 size: 30 bs: 1.00699
135 235 415 817 1406 1911 2521 2550 2746 3212 3370 3476 3885 4400 4410 4478 4481 4484 4820 4908 5052 5103 5343 5397 5647 5650 5716 6311 6504 6724 
#module 52 size: 53 bs: 0.356014
297 391 402 677 701 736 742 956 1007 1230 1258 1612 1665 1930 2127 2352 2446 2477 2556 2569 2578 3060 3173 3177 3362 3515 3656 3869 3988 3998 4008 4013 4085 4109 4333 4639 5086 5222 5413 5424 5429 5584 5752 5786 5830 5958 6070 6203 6330 6383 6407 6434 6744 
#module 53 size: 39 bs: 0.492727
133 143 230 245 400 752 887 1232 1457 1627 1713 1760 2057 2190 2362 2421 2810 2820 2895 2956 3345 3350 3454 3908 4305 4430 4579 4684 4846 5264 5295 5410 5929 5978 6270 6562 6592 6605 6638 
#module 54 size: 16 bs: 0.990271
469 1375 1779 3546 3710 3845 4051 4053 4199 4267 4317 4330 5069 6244 6331 6486 
#module 55 size: 17 bs: 0.852314
47 321 872 1378 1655 1777 2398 2562 2632 4079 5556 5569 5786 5866 5939 6060 6678 
#module 56 size: 51 bs: 0.412329
53 216 283 400 528 594 645 902 1152 1391 1772 1781 1805 2123 2323 2392 2732 2827 2886 2970 3160 3313 3373 3454 3812 3888 3929 3948 4273 4321 4469 4470 4564 4578 4582 4588 4803 4864 4895 5167 5518 5525 5616 5846 5880 5906 6081 6500 6516 6554 6662 
#module 57 size: 16 bs: 0.515536
80 109 1811 2997 3043 3192 3512 4847 4884 4974 5488 5590 5974 6061 6304 6560 
#module 58 size: 39 bs: 0.274819
250 385 706 799 912 1409 1791 1946 2086 2170 2193 2365 2527 2611 2905 3267 3366 3563 3648 3831 4001 4352 4473 4541 4816 4925 4963 5379 5696 5767 5799 5897 5993 6121 6128 6191 6300 6367 6580 
#module 59 size: 49 bs: 0.715003
34 138 277 295 476 807 940 958 1064 1091 1201 1300 1350 1463 1504 1533 1573 1657 1710 1712 1744 2003 2395 2491 2711 2754 2767 2779 2832 3064 3163 3726 3802 3841 4201 4374 4736 5160 5695 5814 5816 5857 5898 5951 6026 6039 6094 6328 6499 
#module 60 size: 71 bs: 0.823156
1 57 359 414 430 505 560 608 670 907 1018 1019 1086 1154 1209 1394 1403 1631 1857 2139 2184 2304 2331 2341 2492 2626 2874 2966 2973 3001 3148 3209 3231 3248 3317 3382 3398 3469 3576 3791 3892 4292 4383 4394 4761 4774 4777 4793 4872 5046 5199 5275 5368 5373 5440 5441 5482 5743 5891 6078 6108 6177 6200 6277 6291 6350 6440 6517 6549 6763 6808 
#module 61 size: 49 bs: 0.317266
77 142 326 349 462 502 509 559 651 695 857 938 943 1147 1323 1492 1503 1509 1649 1725 1871 2070 2337 2923 2928 3296 3324 3491 3990 4547 4726 4729 4800 4927 5143 5292 5477 5704 5735 5844 5907 6059 6332 6389 6580 6668 6677 6757 6919 
#module 62 size: 63 bs: 0.977436
183 223 328 337 344 363 496 536 640 769 775 1083 1342 1502 1544 1735 1949 1966 1991 2090 2095 2130 2131 2208 2301 2383 2386 2404 2424 2479 2495 2688 2697 2865 2877 2881 2926 3072 3105 3150 3408 3528 3535 3975 4155 4313 4639 4651 5033 5490 5910 5911 6011 6085 6102 6175 6317 6357 6376 6547 6567 6570 6851 
#module 63 size: 45 bs: 1.03298
28 367 398 407 740 818 1265 1372 1400 1412 2158 2166 2324 2408 2414 2537 2551 2594 2701 2714 2884 2887 3199 3312 3497 3653 3873 4207 4270 4280 4390 4391 4852 4967 4983 5380 5807 5811 5944 6162 6391 6490 6541 6664 6760 
#module 64 size: 32 bs: 0.398836
180 604 821 892 968 1069 1144 1161 1163 1351 1425 1608 2066 2138 2192 2473 2844 3321 3335 3502 3911 3977 4026 4161 4364 4461 5481 5796 5967 6231 6569 6793 
#module 65 size: 56 bs: 0.306943
126 163 330 395 743 813 991 1092 1095 1228 1233 1263 1405 1434 1495 1640 1790 2171 2196 2311 2381 2474 2517 2579 2588 2699 2844 2882 3065 3075 3088 3125 3423 3488 3886 4234 4244 4288 4662 4733 4740 4748 5265 5359 5364 5369 5554 5908 6022 6075 6131 6480 6630 6775 6785 6866 
#module 66 size: 76 bs: 0.962264
48 194 583 726 984 1243 1270 1581 1610 1620 1624 1687 1723 1869 1919 1980 1981 2024 2131 2175 2242 2334 2419 2508 2565 2739 2850 3268 3285 3287 3329 3413 3498 3567 3649 3680 3711 4253 4277 4291 4368 4389 4452 4546 4826 4853 4864 4939 4976 4996 5005 5015 5101 5141 5184 5342 5411 5456 5540 5586 5610 5736 5772 5934 5990 6135 6165 6310 6507 6601 6739 6741 6778 6807 6829 6876 
#module 67 size: 28 bs: 1.06823
382 484 543 1283 1848 2145 2607 3134 3189 3263 3609 3665 4158 4169 4361 4464 4809 4843 4904 4932 4970 5004 5416 5643 6503 6743 6806 6916 
#module 68 size: 48 bs: 0.86865
119 208 247 452 501 637 766 822 873 895 1052 1643 1659 1908 1964 2332 2574 2643 2670 2692 2791 2869 3000 3014 3100 3188 3262 3302 3374 3483 3645 3731 4304 4308 4862 4896 5090 5334 5400 5408 5466 5933 6013 6087 6280 6494 6519 6571 
#module 69 size: 35 bs: 0.363451
88 481 537 740 941 1011 1266 1302 1547 1950 1994 2057 2060 2125 2333 2520 2553 2580 2900 4018 4020 4305 4822 4896 4900 4972 5082 5336 5703 6004 6082 6090 6116 6706 6788 
#module 70 size: 50 bs: 0.416794
366 376 460 785 890 945 949 1009 1074 1151 1301 1305 1542 1670 1878 2246 2272 2484 2740 3161 3395 3415 3485 3601 3963 3983 4248 4269 4310 4353 4428 4443 4476 4581 4660 4881 4952 4989 5073 5096 5100 5449 5462 5655 5711 5748 5896 6276 6424 6852 
#module 71 size: 67 bs: 0.969211
155 240 308 393 643 673 718 740 777 896 966 1013 1137 1195 1225 1239 1241 1302 1372 1863 1874 1909 1934 1938 2414 2455 2457 2464 2490 2552 2676 2766 2815 2871 3224 3299 3355 3496 3501 3514 3540 3582 3639 4050 4282 4316 4322 4483 4491 4575 4788 4821 4924 5106 5266 5410 5450 5513 5552 5595 5795 6162 6201 6463 6511 6695 6750 
#module 72 size: 59 bs: 0.889698
104 257 646 839 848 1009 1117 1129 1163 1253 1364 1448 1633 1661 1852 2010 2162 2171 2274 2484 2670 2809 2965 2994 3053 3133 3210 3239 3347 3372 3439 3486 3522 3555 3866 3919 3999 4129 4370 4415 4926 4936 4958 5019 5104 5417 5449 5588 5593 5711 5914 6077 6080 6204 6642 6750 6780 6827 6875 
#module 73 size: 13 bs: 0.991244
165 397 1085 2538 3178 3426 4139 4701 5071 5087 6306 6584 6810 
#module 74 size: 12 bs: 0.497948
271 384 387 425 724 1072 2014 2019 2097 2664 3353 6195 
#module 75 size: 14 bs: 0.69192
35 423 1580 1851 2238 3420 3749 3779 3930 4433 4703 4711 5858 5869 
#module 76 size: 49 bs: 1.07725
100 417 900 906 960 1066 1097 1106 1189 1333 1525 1681 1714 1752 1767 1940 2084 2207 2328 2575 3304 3570 3800 3810 3964 4204 4497 4628 4677 4717 5287 5426 5471 5529 5564 5602 5633 5649 5687 5721 5791 5985 6404 6447 6481 6578 6643 6683 6809 
#module 77 size: 46 bs: 0.783744
113 816 861 1145 1200 1413 1437 1438 1592 1689 1738 1834 1914 2009 2044 2168 2431 2944 3187 3322 3328 3337 3348 3358 3580 3586 3784 3849 4014 4019 4082 4223 4321 4339 4367 4399 4504 4583 4720 5170 5651 5658 5726 6699 6908 6922 
#module 78 size: 9 bs: 0.837457
36 567 1625 2532 3055 3315 4042 5025 6628 
#module 79 size: 40 bs: 0.830316
197 206 531 836 995 1307 1334 1801 2035 2073 2346 2392 2446 2500 2799 2819 2857 3106 3431 3613 3782 3813 3816 3851 4092 4162 4243 4438 4783 4855 5212 5502 5693 5751 6066 6149 6269 6602 6604 6740 
#module 80 size: 29 bs: 0.533944
418 614 770 825 1223 1457 1466 1493 1630 1700 2065 2660 2762 3025 3629 3708 4445 4688 4699 4738 5186 5430 5614 5763 5785 5929 6232 6403 6534 
#module 81 size: 31 bs: 0.704384
270 627 682 1028 1031 1461 2713 2744 2765 2854 3780 3795 3802 4031 4595 4675 5149 5242 5267 5327 5418 5442 5498 5766 5853 5882 6029 6253 6285 6576 6839 
#module 82 size: 84 bs: 0.458654
37 124 244 270 421 457 529 587 589 683 693 807 813 864 876 1054 1107 1162 1169 1197 1208 1240 1276 1285 1420 1442 1520 1523 1529 1569 1601 1605 1652 1703 1807 1896 2133 2215 2674 2715 2723 2764 2771 2779 2782 2823 2932 2964 2975 3032 3291 3297 3392 3598 3753 3778 3796 4154 4319 4922 5065 5294 5305 5645 5653 5780 5805 5845 5872 5950 5953 5991 6052 6185 6198 6205 6309 6322 6422 6456 6480 6485 6597 6795 
#module 83 size: 33 bs: 0.572582
239 638 659 847 849 939 1120 1308 1628 2681 2794 2814 2864 2872 2972 3468 3736 4095 4168 4312 4806 4817 4985 5195 5224 5325 5396 5437 5756 5855 6321 6499 6545 
#module 84 size: 67 bs: 1.0607
122 177 200 310 448 723 865 1181 1288 1864 1912 1968 1993 2015 2054 2126 2277 2303 2314 2336 2378 2401 2509 2798 2945 3015 3017 3151 3182 3302 3474 3489 3517 3602 3636 3637 3896 3997 4053 4103 4294 4343 4568 4775 4780 4794 4879 4912 5051 5340 5423 5460 5609 5667 5926 5983 6098 6117 6299 6345 6571 6588 6729 6859 6891 6898 6906 
#module 85 size: 90 bs: 0.593871
15 125 253 338 388 406 437 494 624 860 942 989 1104 1365 1473 1497 1634 1732 1789 1812 1910 1957 2093 2265 2280 2286 2481 2568 2689 2694 2722 2777 2808 2852 2885 2950 2998 3122 3198 3232 3305 3324 3454 3516 3533 3692 3694 3804 3826 3955 3984 4252 4284 4327 4413 4414 4446 4479 4647 4800 4824 4854 4871 4887 5072 5130 5362 5387 5458 5485 5500 5740 5881 5956 6084 6089 6103 6161 6192 6211 6229 6260 6288 6388 6525 6526 6582 6606 6784 6863 
#module 86 size: 44 bs: 0.698036
75 248 262 811 1018 1030 1034 1060 1327 1452 1743 1829 1913 2108 2111 2149 2174 2454 2561 2706 2707 2753 2763 2765 2943 2979 2988 3229 3752 4087 4356 4704 5080 5297 5470 5710 5888 5973 6047 6100 6277 6609 6732 6848 
#module 87 size: 46 bs: 0.594271
323 447 530 542 700 1096 1206 1477 1538 1561 1778 2042 2202 2411 2428 2436 2488 2519 2784 2805 2948 3164 3393 3427 3438 3446 3824 3859 4326 4997 5034 5067 5125 5395 5447 5699 5771 5938 6178 6214 6365 6408 6599 6781 6830 6888 
#module 88 size: 33 bs: 0.76927
111 198 305 786 1168 1417 1698 2137 2225 2340 2342 2682 2702 2833 2862 3020 3330 3541 3922 3937 3962 3970 4170 4525 4925 4975 5550 5622 5778 5887 6561 6613 6920 
#module 89 size: 61 bs: 0.652662
69 254 422 516 536 592 640 659 712 840 972 1005 1047 1059 1121 1126 1257 1308 1450 1526 1635 1837 1916 1920 2148 2224 2358 2634 2723 2926 3089 3275 3288 3684 3715 3758 3822 4534 4682 4713 4939 5013 5185 5448 5473 5477 5492 5495 5842 5873 5998 6071 6264 6268 6281 6286 6413 6484 6640 6644 6776 
#module 90 size: 34 bs: 0.513752
3 7 72 148 230 400 581 1099 1439 1483 1713 1768 2323 2886 2953 3350 3454 3588 3606 3843 4189 4551 4803 4846 5168 5229 5525 5719 5792 5846 6006 6115 6419 6562 
#module 91 size: 52 bs: 0.703444
146 176 409 1010 1102 1306 1349 1358 1457 1630 1682 2296 2555 2625 2687 2783 2897 3018 3117 3227 3290 3340 3629 3638 3781 3815 3867 4255 4403 4554 4684 4738 4827 4894 5133 5410 5607 5684 5785 5787 5932 5970 6025 6058 6246 6372 6379 6397 6420 6421 6464 6905 
#module 92 size: 36 bs: 0.444308
19 76 231 249 290 293 663 675 737 888 1020 1213 1646 2318 2727 2776 3536 3560 3612 4163 4340 4526 4764 4885 4890 4968 5024 5078 5183 5479 5524 5773 6033 6051 6381 6411 
#module 93 size: 84 bs: 0.653495
54 96 162 389 422 519 568 745 809 1026 1094 1262 1323 1346 1449 1526 1527 1530 1531 1664 1800 1825 2183 2325 2397 2437 2503 2590 2618 2712 2781 2868 2949 2986 3024 3038 3154 3156 3640 3647 3781 3793 3801 3854 4057 4265 4562 4606 4659 4738 4988 5029 5169 5207 5239 5244 5289 5290 5312 5338 5469 5543 5572 5592 5789 5918 5932 5969 5973 6001 6016 6036 6041 6058 6095 6137 6239 6334 6617 6706 6803 6826 6860 6923 
#module 94 size: 61 bs: 0.750432
2 99 153 196 198 204 447 504 602 741 902 971 1022 1295 1393 1588 1705 1722 2002 2033 2093 2117 2178 2275 2412 2525 2717 2933 2998 3061 3141 3253 3289 3410 3456 3527 3568 4116 4208 4298 4336 4535 4784 4943 5070 5161 5201 5286 5298 5491 5793 5800 5913 6005 6010 6260 6279 6292 6544 6669 6680 
#module 95 size: 57 bs: 0.643195
74 79 123 172 394 792 911 919 932 1024 1032 1035 1084 1199 1215 1392 1398 1468 1582 1731 1733 1753 1797 2249 2400 2796 2811 2816 2920 2941 2952 2982 3042 3098 3371 3430 3466 3805 3953 4041 4569 4632 4716 5118 5148 5160 5220 5234 5614 5630 5724 5739 6144 6249 6334 6430 6762 
#module 96 size: 68 bs: 0.61832
87 258 274 335 479 642 661 668 686 741 753 801 944 983 1016 1381 1404 1416 1707 1757 1895 1898 1903 1942 2012 2043 2049 2179 2209 2219 2295 2298 2370 2387 2506 2570 2639 2647 2653 2841 2947 3021 3026 3524 3556 3664 3672 3952 4005 4427 4451 4797 4874 4898 4935 5446 5507 5577 5738 5797 5839 6021 6158 6202 6225 6339 6518 6621 
#module 97 size: 58 bs: 0.698473
26 301 603 768 1282 1547 1679 1688 1793 2083 2261 2433 2589 2608 2724 2770 2804 2851 3218 3260 3280 3397 3622 3981 4024 4119 4200 4325 4348 4362 4396 4419 4440 4460 4825 4840 4896 5095 5116 5159 5284 5289 5303 5355 5531 5552 5555 5933 6069 6129 6196 6210 6262 6308 6333 6548 6791 6921 
#module 98 size: 74 bs: 0.722307
151 211 279 336 561 572 628 681 719 764 797 854 1188 1217 1245 1278 1310 1396 1418 1498 1541 1590 1599 1636 1648 1783 1796 1892 1899 1925 1927 1928 2068 2120 2349 2350 2353 2493 2592 2613 2889 3201 3461 3573 3614 3743 4138 4180 4198 4222 4314 4549 4619 4630 4722 4802 4829 4992 5018 5109 5358 5382 5459 5472 5503 5548 5774 5875 5903 6009 6206 6380 6558 6811 
#module 99 size: 62 bs: 0.943327
4 22 42 45 343 405 466 556 583 608 616 666 735 750 1037 1154 1395 1430 1613 1750 1773 1989 2022 2096 2293 2331 2355 2423 2441 2447 2598 2793 2842 3209 3539 3600 3743 3820 3852 3875 3916 4017 4040 4242 4258 4332 4508 4984 4994 5033 5172 5189 5385 5457 5515 5568 5617 5736 5876 6517 6627 6651 
#module 100 size: 118 bs: 0.899002
98 115 145 184 258 260 335 347 352 370 373 410 432 439 535 601 679 767 791 881 941 948 1012 1133 1159 1252 1278 1294 1427 1460 1575 1617 1653 1667 1669 1711 1784 1786 1936 2025 2062 2187 2189 2209 2268 2295 2330 2360 2393 2418 2524 2544 2581 2620 3004 3021 3055 3077 3119 3158 3168 3211 3261 3282 3352 3365 3368 3403 3507 3511 3518 3553 3564 3739 3938 3946 4104 4279 4305 4331 4347 4371 4448 4449 4490 4589 4615 4750 4878 4961 4986 5084 5136 5280 5350 5353 5366 5483 5493 5515 5555 5642 5677 5827 5975 6069 6119 6158 6210 6242 6339 6523 6529 6625 6696 6701 6705 6861 
#module 101 size: 111 bs: 0.95522
9 86 142 231 312 326 338 364 440 509 536 653 698 726 769 799 830 955 1083 1156 1183 1258 1292 1555 1720 1780 1787 1919 1980 2007 2008 2046 2055 2106 2135 2235 2267 2309 2357 2386 2430 2560 2566 2792 2865 3048 3072 3139 3202 3329 3332 3362 3463 3490 3520 3596 3608 3711 3903 3912 3942 3975 3988 3993 4013 4045 4182 4277 4278 4345 4389 4401 4450 4577 4592 4639 4762 4772 4795 4909 4996 5043 5127 5141 5188 5218 5318 5386 5672 5723 5752 5775 5808 5958 6085 6105 6122 6256 6273 6390 6442 6445 6454 6580 6583 6586 6626 6639 6756 6851 6871 
#module 102 size: 100 bs: 0.244421
66 129 233 313 378 515 527 533 538 576 590 667 790 878 913 952 962 992 1021 1138 1244 1353 1642 1668 1694 1702 1875 1876 1877 2028 2099 2254 2321 2510 2513 2526 2619 2651 2668 2677 2704 2742 2757 2908 3030 3091 3114 3190 3235 3270 3360 3361 3402 3418 3440 3617 3644 3687 3754 3910 4077 4221 4224 4306 4324 4379 4509 4604 4614 4625 4739 4787 4861 4900 4951 5045 5066 5076 5179 5206 5233 5306 5468 5594 5917 5921 6000 6027 6050 6114 6173 6258 6392 6659 6673 6710 6728 6755 6802 6856 
#module 103 size: 118 bs: 0.597781
66 110 129 137 144 161 201 210 226 378 416 585 618 622 657 667 688 697 716 871 878 913 975 988 1092 1138 1190 1247 1434 1453 1514 1585 1771 1870 1917 1923 1941 2114 2188 2254 2288 2305 2385 2474 2517 2573 2576 2595 2602 2619 2760 2880 2990 3008 3016 3030 3086 3091 3114 3146 3235 3361 3488 3499 3530 3591 3633 3644 3687 3907 3910 3917 4037 4077 4114 4216 4219 4224 4509 4614 4679 4733 4739 4900 4918 4953 5010 5037 5066 5179 5187 5231 5254 5288 5364 5372 5468 5594 5632 5686 5825 5840 5908 5928 5982 6022 6160 6258 6427 6467 6527 6630 6659 6673 6694 6710 6755 6790 
#module 104 size: 48 bs: 0.584602
11 246 461 557 623 805 870 1073 1090 1259 1516 1947 2300 2365 2514 2555 2582 2617 3074 3241 3276 3563 3660 3730 3932 4386 4405 4505 4792 4801 5157 5209 5276 5335 5508 5652 5706 5758 5767 5923 6089 6121 6367 6501 6553 6693 6759 6846 
#module 105 size: 13 bs: 0.350602
781 1746 2183 2339 2460 2542 2824 4599 5117 5741 5941 6698 6711 
#module 106 size: 39 bs: 0.616227
160 267 495 593 691 804 880 898 1423 1607 1691 2628 2669 2968 3327 3356 3421 3500 3534 3620 3769 3824 3846 3943 4184 4275 4351 4435 5299 5326 5345 5713 5938 5952 6495 6502 6703 6816 6843 
#module 107 size: 1 bs: 1
65 
#module 108 size: 1 bs: 1
2959 
#module 109 size: 1 bs: 1
97 
#module 110 size: 1 bs: 1
6314 
#module 111 size: 1 bs: 1
192 
#module 112 size: 1 bs: 1
2855 
#module 113 size: 1 bs: 1
377 
#module 114 size: 1 bs: 1
5415 
#module 115 size: 1 bs: 1
518 
#module 116 size: 1 bs: 1
3847 
#module 117 size: 1 bs: 1
982 
#module 118 size: 1 bs: 1
13 
#module 119 size: 1 bs: 1
1654 
#module 120 size: 1 bs: 1
1186 
#module 121 size: 1 bs: 1
1841 
#module 122 size: 1 bs: 1
3174 
#module 123 size: 1 bs: 1
1965 
#module 124 size: 1 bs: 1
541 
#module 125 size: 1 bs: 1
2173 
#module 126 size: 1 bs: 1
5153 
#module 127 size: 1 bs: 1
5954 
#module 128 size: 1 bs: 1
2545 
#module 129 size: 1 bs: 1
5068 
#module 130 size: 1 bs: 1
3523 
#module 131 size: 1 bs: 1
2308 
#module 132 size: 1 bs: 1
3679 
#module 133 size: 1 bs: 1
1218 
#module 134 size: 1 bs: 1
3786 
#module 135 size: 1 bs: 1
3783 
#module 136 size: 1 bs: 1
4151 
#module 137 size: 1 bs: 1
4436 
#module 138 size: 1 bs: 1
5660 
#module 139 size: 1 bs: 1
5142 
#module 140 size: 1 bs: 1
6247 
#module 141 size: 1 bs: 1
5781 
#module 142 size: 1 bs: 1
2992 
#module 143 size: 1 bs: 1
3605 
#module 144 size: 1 bs: 1
5912 
#module 145 size: 1 bs: 1
3906 
#module 146 size: 1 bs: 1
459 
#module 147 size: 1 bs: 1
1118 
#module 148 size: 1 bs: 1
463 
#module 149 size: 1 bs: 1
4437 
#module 150 size: 1 bs: 1
472 
#module 151 size: 1 bs: 1
3349 
#module 152 size: 1 bs: 1
5093 
#module 153 size: 1 bs: 1
1039 
#module 154 size: 1 bs: 1
2901 
#module 155 size: 1 bs: 1
1045 
#module 156 size: 1 bs: 1
1454 
#module 157 size: 1 bs: 1
1171 
#module 158 size: 1 bs: 1
6720 
#module 159 size: 1 bs: 1
1185 
#module 160 size: 1 bs: 1
1229 
#module 161 size: 1 bs: 1
1414 
#module 162 size: 1 bs: 1
1242 
#module 163 size: 1 bs: 1
6787 
#module 164 size: 1 bs: 1
1363 
#module 165 size: 1 bs: 1
4641 
#module 166 size: 1 bs: 1
1485 
#module 167 size: 1 bs: 1
2680 
#module 168 size: 1 bs: 1
6506 
#module 169 size: 1 bs: 1
1618 
#module 170 size: 1 bs: 1
6093 
#module 171 size: 1 bs: 1
1647 
#module 172 size: 1 bs: 1
4524 
#module 173 size: 1 bs: 1
2907 
#module 174 size: 1 bs: 1
2315 
#module 175 size: 1 bs: 1
3704 
#module 176 size: 1 bs: 1
5681 
#module 177 size: 1 bs: 1
2516 
#module 178 size: 1 bs: 1
3961 
#module 179 size: 1 bs: 1
2559 
#module 180 size: 1 bs: 1
2633 
#module 181 size: 1 bs: 1
2610 
#module 182 size: 1 bs: 1
5989 
#module 183 size: 1 bs: 1
4194 
#module 184 size: 1 bs: 1
2743 
#module 185 size: 1 bs: 1
3623 
#module 186 size: 1 bs: 1
5008 
#module 187 size: 1 bs: 1
3136 
#module 188 size: 1 bs: 1
6837 
#module 189 size: 1 bs: 1
3451 
#module 190 size: 1 bs: 1
5841 
#module 191 size: 1 bs: 1
3770 
#module 192 size: 1 bs: 1
6324 
#module 193 size: 1 bs: 1
3883 
#module 194 size: 1 bs: 1
5151 
#module 195 size: 1 bs: 1
4453 
#module 196 size: 1 bs: 1
6913 
#module 197 size: 1 bs: 1
5618 
#module 198 size: 1 bs: 1
5794 
#module 199 size: 1 bs: 1
6452 
#module 200 size: 1 bs: 1
6593 
