#module 0 size: 2 bs: 2.22045e-16
160 3952 
#module 1 size: 13 bs: 7.2347e-101
540 572 1409 1717 2235 2634 2925 3322 3600 5148 5946 6454 6573 
#module 2 size: 3 bs: 5.92137e-101
2888 5264 5770 
#module 3 size: 3 bs: 3.33067e-16
2511 2997 5167 
#module 4 size: 2 bs: 5.19517e-101
3258 3622 
#module 5 size: 3 bs: 9.01169e-101
540 4213 4564 
#module 6 size: 4 bs: 2.77857e-101
1375 2198 2575 6772 
#module 7 size: 2 bs: 1.75439e-101
5421 6669 
#module 8 size: 5 bs: 9.07365e-102
3032 3897 5336 5807 6137 
#module 9 size: 4 bs: 5.14304e-101
1151 3181 4472 6536 
#module 10 size: 4 bs: 5.99643e-101
175 1310 1495 1941 
#module 11 size: 4 bs: 2.62685e-101
1115 1939 3430 3662 
#module 12 size: 2 bs: 5.45881e-101
225 2350 
#module 13 size: 6 bs: 3.37679e-101
244 770 2426 3940 5051 6365 
#module 14 size: 6 bs: 4.84716e-101
55 2392 2561 3270 6622 6763 
#module 15 size: 4 bs: 2.57015e-102
648 1869 2132 3538 
#module 16 size: 29 bs: 6.32651e-101
153 543 734 793 805 890 1020 1297 1326 1390 1865 1897 1980 2129 2654 2702 3252 3562 4388 4495 4919 4977 5350 5461 5892 6093 6378 6633 6674 
#module 17 size: 2 bs: 1.01819e-101
539 2993 
#module 18 size: 2 bs: 8.55266e-101
228 3767 
#module 19 size: 3 bs: 6.94493e-101
1924 2038 5556 
#module 20 size: 2 bs: 8.44239e-101
2412 4116 
#module 21 size: 4 bs: 8.51455e-101
755 1924 2490 6192 
#module 22 size: 2 bs: 7.84442e-101
4355 4570 
#module 23 size: 2 bs: 3.00359e-101
5185 5803 
#module 24 size: 3 bs: 3.83722e-101
2593 4268 5114 
#module 25 size: 21 bs: 1.94464e-09
41 245 418 557 783 1355 1772 2146 3271 3369 3513 4200 4292 4302 4364 4999 5087 5603 5617 6264 6491 
#module 26 size: 2 bs: 7.18792e-101
405 3860 
#module 27 size: 4 bs: 1.10611e-102
411 1238 1734 5901 
#module 28 size: 4 bs: 8.18117e-101
802 4230 4608 5804 
#module 29 size: 2 bs: 4.84152e-101
479 3083 
#module 30 size: 2 bs: 4.58124e-101
900 1940 
#module 31 size: 3 bs: 2.64515e-101
296 4537 5919 
#module 32 size: 2 bs: 5.74517e-101
5884 6760 
#module 33 size: 3 bs: 9.36711e-101
3626 4217 5598 
#module 34 size: 3 bs: 4.90594e-101
981 3198 3891 
#module 35 size: 6 bs: 4.07909e-101
505 1663 2598 4048 4468 6137 
#module 36 size: 3 bs: 5.38751e-10
1315 3414 5121 
#module 37 size: 4 bs: 7.64682e-101
1252 1712 2074 4943 
#module 38 size: 3 bs: 2.00311e-101
3483 4748 5695 
#module 39 size: 4 bs: 8.23149e-102
1018 3469 4271 5937 
#module 40 size: 3 bs: 1.9831e-101
106 3099 4645 
#module 41 size: 4 bs: 6.09638e-101
1317 3099 5772 6397 
#module 42 size: 3 bs: 2.3234e-09
1157 3608 5770 
#module 43 size: 3 bs: 1.02909e-10
625 2437 6671 
#module 44 size: 3 bs: 6.55385e-101
1128 1628 4532 
#module 45 size: 4 bs: 5.0009e-101
1038 1812 3296 6060 
#module 46 size: 3 bs: 9.12136e-101
1472 1947 3414 
#module 47 size: 12 bs: 1.65715e-05
397 1427 2276 2475 3116 3326 3393 4237 4366 4603 5841 6224 
#module 48 size: 12 bs: 4.83496e-101
1482 1624 1728 1784 2387 2808 2863 4082 4774 5245 5454 6235 
#module 49 size: 2 bs: 4.50964e-101
240 1759 
#module 50 size: 6 bs: 9.01714e-101
565 1646 3044 3875 5509 5631 
#module 51 size: 3 bs: 8.65553e-101
1321 5400 6074 
#module 52 size: 12 bs: 9.5006e-101
269 819 928 1867 2185 2497 3062 4006 4015 4424 4815 5939 
#module 53 size: 3 bs: 6.427e-101
3190 4882 6694 
#module 54 size: 5 bs: 7.77156e-16
2574 3166 3885 5383 6038 
#module 55 size: 7 bs: 7.08076e-101
6 1724 2029 4901 5246 5957 6649 
#module 56 size: 13 bs: 5.02076e-101
119 613 921 947 1073 1259 2362 3963 5339 5456 5563 5591 6320 
#module 57 size: 19 bs: 1.05852e-11
42 260 951 1365 1817 1836 2320 2556 2560 3195 3554 3890 3963 4008 4044 5024 5456 5559 5707 
#module 58 size: 9 bs: 4.90608e-13
956 1126 1778 2722 2836 3647 3924 6425 6806 
#module 59 size: 36 bs: 1.85518e-13
18 248 263 284 293 424 603 783 1133 1266 1546 1547 1698 1874 2012 2048 2223 3001 3271 3369 3456 3618 3743 4092 4200 4273 4302 4415 4921 5087 5794 6263 6491 6590 6708 6738 
#module 60 size: 4 bs: 6.01079e-102
2818 4222 4516 6668 
#module 61 size: 3 bs: 9.49121e-101
2438 4562 5399 
#module 62 size: 28 bs: 5.11813e-14
129 260 654 956 1607 1931 2671 2836 3168 3438 3599 3647 3867 3969 3977 4092 4269 4277 4410 4546 4798 5141 5581 6158 6180 6501 6527 6806 
#module 63 size: 17 bs: 5.67324e-14
464 465 728 1306 2439 2554 2691 3111 3706 3769 4085 4289 4578 4736 5520 6161 6807 
#module 64 size: 4 bs: 5.6504e-08
1579 4794 5629 5767 
#module 65 size: 22 bs: 0.869024
24 472 879 1216 1318 1615 1919 2000 2162 2316 2882 3124 3245 3404 3826 4146 4201 4216 4994 5758 6035 6533 
#module 66 size: 4 bs: 0.223308
2488 2853 3954 6176 
#module 67 size: 9 bs: 0.849228
700 1275 1626 1902 1994 2402 6067 6394 6526 
#module 68 size: 15 bs: 0.334924
746 1440 1863 2136 2286 2694 2755 3234 3339 3913 4190 4560 5169 5281 5424 
#module 69 size: 5 bs: 0.888196
461 1288 3013 3290 4512 
#module 70 size: 13 bs: 0.59612
35 118 690 1091 1603 1680 2119 2630 2703 3879 4651 4783 5948 
#module 71 size: 6 bs: 0.444935
1008 1880 5287 5323 5780 6238 
#module 72 size: 13 bs: 0.796054
874 916 950 1610 2787 3478 3930 4071 4383 4858 5668 6275 6745 
#module 73 size: 4 bs: 0.218105
720 1303 3318 4094 
#module 74 size: 6 bs: 1.05033
1114 2953 3021 3051 3068 3981 
#module 75 size: 5 bs: 0.262083
410 569 2858 5369 6135 
#module 76 size: 5 bs: 0.387848
2042 3421 5611 6129 6518 
#module 77 size: 6 bs: 0.748242
68 384 528 1356 1781 6777 
#module 78 size: 4 bs: 0.951674
1352 4539 4827 6419 
#module 79 size: 9 bs: 0.546031
612 1231 2398 3899 4183 4334 4913 5866 6040 
#module 80 size: 8 bs: 0.339757
599 1262 1887 2700 3029 4163 5261 6616 
#module 81 size: 8 bs: 0.472267
9 818 2659 2841 3922 3944 4102 4265 
#module 82 size: 7 bs: 0.13349
717 1053 1236 2184 3723 5324 6358 
#module 83 size: 11 bs: 0.845033
301 899 1042 1731 3107 3160 4233 4792 5060 5344 6488 
#module 84 size: 7 bs: 0.923422
554 2985 3651 3818 4090 6328 6732 
#module 85 size: 5 bs: 0.315099
386 660 1244 2298 6232 
#module 86 size: 9 bs: 0.451607
597 1663 1846 2681 4128 4849 6560 6845 6888 
#module 87 size: 10 bs: 0.52011
832 1415 2629 3643 4634 4917 5778 5875 5972 6208 
#module 88 size: 10 bs: 1.09567
176 1957 3010 3336 3523 4440 5651 6189 6386 6813 
#module 89 size: 15 bs: 0.939812
86 141 281 835 1729 2046 2206 2491 2568 2966 3451 3671 4915 6393 6555 
#module 90 size: 7 bs: 0.320822
249 1673 1899 2161 3500 4638 4847 
#module 91 size: 17 bs: 0.479343
94 208 586 589 816 2039 2284 2452 2679 3498 3824 4340 4786 5733 6034 6076 6356 
#module 92 size: 10 bs: 0.48741
623 945 1593 1631 2308 2453 3099 3209 4387 6056 
#module 93 size: 3 bs: 0.65922
125 2228 5494 
#module 94 size: 27 bs: 0.447275
353 836 1117 1460 1477 1799 2008 2273 2459 2553 2676 3031 3335 3376 4211 4394 4995 5021 5075 5082 5220 5563 6048 6292 6734 6801 6847 
#module 95 size: 18 bs: 0.852721
297 913 1195 1422 1650 2811 3537 3722 4050 4160 4266 4671 5334 5748 5795 6003 6366 6737 
#module 96 size: 42 bs: 0.560908
110 162 370 762 775 889 1027 1206 1373 1411 1456 1543 1589 1693 1770 2005 2524 2857 2988 3120 3126 3257 3282 3400 3928 3968 3997 4154 4692 4886 4932 4990 5137 5312 5414 5659 5732 5850 6474 6629 6714 6838 
#module 97 size: 14 bs: 0.946661
99 256 556 1548 2153 3174 3572 4392 4566 4591 6134 6391 6685 6765 
#module 98 size: 14 bs: 0.120014
641 1733 1833 1892 2470 2861 3623 3751 4258 4649 5671 6383 6585 6902 
#module 99 size: 9 bs: 0.457471
227 1690 3427 3937 5145 5371 6098 6125 6799 
#module 100 size: 4 bs: 0.485573
4293 4739 5184 6160 
#module 101 size: 10 bs: 0.340945
1137 1804 3601 4279 4589 5416 5675 6103 6796 6856 
#module 102 size: 9 bs: 0.503175
512 721 1381 1455 2118 2406 2967 3411 3688 
#module 103 size: 8 bs: 0.771214
206 792 1329 3949 5712 5801 5822 6352 
#module 104 size: 5 bs: 1.00126
559 666 2182 3610 4765 
#module 105 size: 17 bs: 0.461064
271 594 608 954 1071 1784 2221 3203 3255 3287 3391 3741 3935 4137 5247 6262 6849 
#module 106 size: 10 bs: 0.431592
696 1051 2704 3773 4107 4777 5291 5701 5908 6825 
#module 107 size: 16 bs: 0.113267
572 837 847 1179 2094 3553 3856 4002 4593 4865 5230 5636 5911 6202 6207 6210 
#module 108 size: 4 bs: 0.851543
588 2478 5605 6712 
#module 109 size: 6 bs: 0.862416
66 590 1281 3611 4460 6557 
#module 110 size: 10 bs: 1.0191
370 672 688 1032 2190 3047 5548 5810 6444 6793 
#module 111 size: 40 bs: 0.886946
212 231 462 595 619 971 995 1033 1282 1363 1944 2231 2262 2268 2348 2446 2515 2539 2581 2839 3359 3679 3921 4106 4175 4312 4569 4664 4824 4889 5010 5063 5418 5515 5634 5955 6069 6105 6199 6469 
#module 112 size: 4 bs: 0.832445
2193 2312 3310 5590 
#module 113 size: 9 bs: 0.908426
289 803 1306 2238 3874 3964 5584 6182 6715 
#module 114 size: 17 bs: 0.216506
133 617 1005 1135 1510 2047 2103 2285 2410 2756 2881 3227 4628 5026 5712 6508 6578 
#module 115 size: 36 bs: 1.04247
158 167 691 801 910 997 1153 1661 1670 1672 1685 1893 1985 2096 2149 2248 2630 2688 2870 3119 3842 3890 4428 4534 4545 4775 5214 5568 5620 6175 6431 6527 6697 6835 6866 6877 
#module 116 size: 6 bs: 0.959493
2077 3284 4437 4975 5926 6104 
#module 117 size: 10 bs: 0.536418
587 1159 1188 1736 3047 3416 3847 3881 4088 5675 
#module 118 size: 12 bs: 0.978915
1078 2041 3090 3222 3820 4086 4126 4183 4199 4468 6164 6432 
#module 119 size: 8 bs: 0.216482
276 1154 2236 2376 3052 3535 4332 4455 
#module 120 size: 13 bs: 0.621948
1102 1259 1654 1916 2373 3192 3540 3817 4080 4696 5039 5496 6119 
#module 121 size: 4 bs: 0.609832
139 410 1582 3808 
#module 122 size: 8 bs: 0.379992
712 781 1217 2414 3285 4660 5018 5412 
#module 123 size: 8 bs: 0.125635
1171 1851 2531 3292 3923 4269 4637 6648 
#module 124 size: 30 bs: 0.160362
83 524 754 1109 1226 1722 1779 1824 1827 1838 1930 2022 2124 2139 2196 2462 2927 3494 3539 4049 4391 4459 4629 5218 5513 5538 5737 5914 6216 6271 
#module 125 size: 12 bs: 0.493278
575 1621 1844 2209 3129 3387 3652 4630 5481 5966 5979 6544 
#module 126 size: 8 bs: 0.539425
417 1029 2609 3598 4395 4723 5471 6052 
#module 127 size: 12 bs: 0.359839
56 413 920 1436 1691 1820 2127 2266 3569 5806 6340 6501 
#module 128 size: 25 bs: 0.726948
468 475 1378 1655 1918 1971 2059 2421 2468 2800 2978 3125 3419 3858 3947 4050 4058 4680 5016 5017 6148 6301 6479 6727 6869 
#module 129 size: 3 bs: 0.939051
22 568 3916 
#module 130 size: 6 bs: 0.503299
1376 1813 2020 4128 4505 6913 
#module 131 size: 26 bs: 0.806188
149 344 738 1067 1782 1798 1905 2159 2232 2293 2735 2797 3024 3092 3155 4004 4063 4073 4592 4800 4942 5325 6001 6016 6072 6382 
#module 132 size: 10 bs: 1.05814
628 1307 1420 3484 3715 4525 5397 5772 6410 6758 
#module 133 size: 11 bs: 0.839716
677 1194 2582 2998 3089 3264 3884 4205 5575 6375 6651 
#module 134 size: 6 bs: 0.204234
1254 2216 2251 3614 4251 6374 
#module 135 size: 8 bs: 0.654618
89 375 1002 1787 3213 3371 4398 5516 
#module 136 size: 6 bs: 1.05919
1267 2281 2411 3294 3992 5094 
#module 137 size: 6 bs: 0.621061
3659 4043 5360 5751 6245 6313 
#module 138 size: 14 bs: 0.705812
477 2007 3133 3216 3760 4922 5419 5786 5963 6163 6655 6716 6779 6870 
#module 139 size: 14 bs: 1.08486
112 311 503 938 940 1025 1856 2535 2662 2991 4356 4544 4870 5853 
#module 140 size: 13 bs: 0.481231
421 542 671 1058 1148 1890 2067 3073 3596 3779 5238 5962 6499 
#module 141 size: 15 bs: 0.174692
26 396 784 1208 1312 2443 2579 2934 3112 3691 4547 5269 5858 6411 6492 
#module 142 size: 133 bs: 0.414655
82 144 147 257 366 412 428 449 553 619 639 645 659 750 776 779 797 807 840 848 862 901 902 904 927 975 1049 1083 1085 1165 1269 1314 1320 1461 1497 1559 1567 1572 1601 1699 1720 1858 1896 1926 2018 2091 2212 2379 2419 2483 2528 2587 2644 2667 2825 2840 2891 2975 2999 3260 3383 3415 3429 3432 3481 3545 3555 3686 3733 3768 3864 3877 4065 4074 4145 4148 4257 4350 4353 4381 4461 4506 4604 4631 4642 4647 4678 4679 4717 4791 4850 4854 5029 5030 5070 5165 5187 5267 5277 5279 5305 5328 5349 5645 5661 5681 5815 5828 5842 5947 5976 6039 6062 6083 6185 6198 6241 6286 6334 6395 6427 6428 6485 6503 6506 6545 6589 6610 6618 6625 6676 6730 6826 
#module 143 size: 33 bs: 0.164274
155 736 782 992 1391 1530 1677 1768 1862 2188 2247 2264 2418 2465 2550 2732 3350 3563 3670 3679 3687 3876 3915 4051 4640 4801 4803 5074 5358 5420 5635 6162 6675 
#module 144 size: 8 bs: 0.764203
3 3516 3782 4212 5953 6249 6330 6337 
#module 145 size: 13 bs: 0.22564
442 506 1104 2267 2728 2780 4500 4668 4977 5244 5510 5600 6129 
#module 146 size: 18 bs: 0.162089
95 165 809 1080 1263 1336 1382 1553 2996 3249 3667 4623 5301 5412 5832 5877 6445 6778 
#module 147 size: 6 bs: 0.48193
340 670 3595 3694 4505 5950 
#module 148 size: 8 bs: 0.70162
519 1519 1741 3300 5144 5329 6211 6480 
#module 149 size: 8 bs: 0.872989
798 1183 1469 1774 2960 4311 5423 6790 
#module 150 size: 12 bs: 0.260786
402 1459 1508 1537 1635 2225 3281 3301 4731 4893 5143 6442 
#module 151 size: 6 bs: 0.321901
1366 1840 4767 5768 6483 6848 
#module 152 size: 6 bs: 0.789878
919 1308 1665 2064 4710 5162 
#module 153 size: 12 bs: 0.918537
300 302 1280 1299 2213 2720 3766 3934 5724 5936 6472 6620 
#module 154 size: 10 bs: 1.05017
1003 2183 2226 3235 3413 3519 4996 5205 5457 6534 
#module 155 size: 6 bs: 1.00944
1977 2354 3957 4490 5653 6774 
#module 156 size: 3 bs: 0.921667
2240 2613 6851 
#module 157 size: 4 bs: 0.913486
935 4453 5552 6800 
#module 158 size: 6 bs: 1.05511
411 1258 2186 2222 5849 6764 
#module 159 size: 5 bs: 0.86916
1471 5059 5186 5392 6426 
#module 160 size: 12 bs: 0.474431
247 604 804 1470 1789 2055 2269 2768 5508 5597 5839 5862 
#module 161 size: 5 bs: 0.665625
559 1154 1527 1634 6117 
#module 162 size: 14 bs: 0.268179
390 416 605 897 1674 2736 2773 3297 3445 3533 3609 4093 4157 4802 
#module 163 size: 12 bs: 0.470573
339 678 747 1057 2438 3228 3758 3828 4053 4097 4318 5368 
#module 164 size: 22 bs: 0.99986
193 334 824 1727 1748 1749 1904 1955 2003 2045 2347 3035 3056 3508 3950 4219 4573 5224 5232 5303 5686 5878 
#module 165 size: 26 bs: 0.221342
77 202 574 686 1012 1082 1166 1678 1942 2349 2545 2758 2766 2932 2976 2980 3063 3565 3669 4127 4574 5023 6007 6017 6145 6878 
#module 166 size: 14 bs: 0.524283
648 752 1251 1291 2440 2523 2816 3646 3849 3982 4359 5487 6005 6662 
#module 167 size: 16 bs: 1.01563
78 365 597 1046 1853 1901 2291 2658 4141 4263 4715 4768 5211 5493 6476 6500 
#module 168 size: 20 bs: 0.953043
571 904 1338 1682 2355 2671 3657 3784 4167 4193 4413 4627 4772 5223 5324 5933 5958 5980 6292 6569 
#module 169 size: 3 bs: 0.915515
3123 3612 6705 
#module 170 size: 7 bs: 0.48484
157 2448 3082 3675 4060 4543 6529 
#module 171 size: 9 bs: 0.403029
415 544 563 2194 2754 3425 4493 4602 4662 
#module 172 size: 14 bs: 1.09125
96 229 608 1295 1818 2225 2472 4370 4390 4848 4893 5868 6107 6619 
#module 173 size: 9 bs: 0.891635
1070 1115 1817 2114 3770 4667 5073 5733 5810 
#module 174 size: 11 bs: 0.991873
342 2504 3631 3901 4107 4492 4600 4693 4751 5790 5930 
#module 175 size: 10 bs: 0.230425
1416 2433 3132 3262 3312 4066 5356 5504 5562 6112 
#module 176 size: 3 bs: 0.101432
1563 1761 6297 
#module 177 size: 7 bs: 0.678268
1979 2336 3096 3198 3972 4900 6576 
#module 178 size: 11 bs: 0.824341
81 126 689 1649 1703 2689 3329 4298 4916 5616 5750 
#module 179 size: 6 bs: 0.893167
518 2261 3117 4243 4583 5699 
#module 180 size: 8 bs: 0.924963
1361 1712 1830 1895 4037 4956 5840 6531 
#module 181 size: 12 bs: 0.854035
856 1024 1618 3822 5027 5663 5689 5809 6055 6711 6717 6908 
#module 182 size: 5 bs: 0.458094
448 1877 4930 6010 6520 
#module 183 size: 18 bs: 0.245599
38 360 683 1504 1505 1723 1965 2249 2892 2992 3693 3695 4139 5262 5270 5337 5435 6355 
#module 184 size: 17 bs: 0.713118
222 424 603 1622 1777 1835 2167 2260 3135 3660 3796 4416 4689 5179 6379 6599 6901 
#module 185 size: 21 bs: 0.573941
319 582 640 774 789 1068 1676 1793 1983 1988 2274 2619 3127 3775 3888 4138 4735 4760 5643 6582 6725 
#module 186 size: 8 bs: 1.04388
214 304 2716 2734 2951 3495 4238 5221 
#module 187 size: 3 bs: 0.570776
2442 2505 4770 
#module 188 size: 7 bs: 0.253625
631 1914 2101 2692 3938 4041 4813 
#module 189 size: 9 bs: 0.12316
970 1329 3729 4287 4793 6261 6584 6673 6721 
#module 190 size: 9 bs: 0.94775
192 1281 1552 2444 3060 3141 4331 4635 5136 
#module 191 size: 9 bs: 0.204406
195 1450 2110 2471 4314 5047 5607 6206 6213 
#module 192 size: 3 bs: 0.836039
16 3313 6513 
#module 193 size: 15 bs: 0.49863
673 1181 1305 1571 1811 2069 2594 4017 4053 4223 4235 4826 5024 6187 6347 
#module 194 size: 6 bs: 0.961658
398 537 1479 1834 5479 5910 
#module 195 size: 7 bs: 0.602031
1062 1536 2914 3085 4438 4636 5720 
#module 196 size: 4 bs: 0.944491
3187 4043 4333 5489 
#module 197 size: 32 bs: 0.514278
73 419 592 976 1351 1451 1525 2180 2282 2325 2668 3161 3180 3639 3920 4118 4152 4232 4447 4586 4755 5006 5286 5309 5352 5427 5649 5738 5783 6259 6422 6496 
#module 198 size: 8 bs: 0.431233
676 1055 3330 3748 4082 4871 5205 6689 
#module 199 size: 4 bs: 0.531126
313 2117 4023 5640 
#module 200 size: 4 bs: 0.278115
1242 1935 3489 4718 
#module 201 size: 4 bs: 0.837775
939 1728 2562 2835 
#module 202 size: 4 bs: 0.868942
2050 3491 3939 5377 
#module 203 size: 7 bs: 1.024
3075 3327 3564 5393 6124 6561 6910 
#module 204 size: 8 bs: 0.708498
846 1773 1859 2900 3114 3352 3641 5125 
#module 205 size: 9 bs: 0.967496
1812 2368 3035 3233 3878 3924 4571 5147 6574 
#module 206 size: 29 bs: 0.386093
113 538 868 876 898 1291 1637 1822 1823 2466 2601 2847 3052 3202 3443 3454 3904 4221 4378 4540 5197 5224 5227 5241 5860 5865 5874 6433 6602 
#module 207 size: 10 bs: 0.381806
602 2342 3030 3361 3900 4861 5254 5978 6709 6759 
#module 208 size: 9 bs: 0.832727
600 1531 1642 2070 3517 4501 4576 5296 6548 
#module 209 size: 27 bs: 0.803951
283 387 481 555 733 937 1556 2120 2386 2903 3020 3071 3490 3536 3636 3712 4304 4439 4470 4832 5450 5503 5543 5551 6099 6121 6262 
#module 210 size: 6 bs: 0.259936
1209 2125 2172 3223 3318 5565 
#module 211 size: 7 bs: 0.381347
9 15 102 1407 2929 4467 6435 
#module 212 size: 4 bs: 0.935808
1261 2175 2949 6682 
#module 213 size: 16 bs: 1.0374
926 1402 1431 1706 1756 1819 1948 2207 2911 3497 3896 4249 4342 4863 5723 6360 
#module 214 size: 4 bs: 0.538388
1612 1970 4498 5797 
#module 215 size: 6 bs: 0.342485
134 981 3914 4613 5749 6747 
#module 216 size: 8 bs: 0.568204
826 968 1302 1362 2169 2210 4024 4197 
#module 217 size: 3 bs: 0.767972
3409 3919 6521 
#module 218 size: 8 bs: 0.476568
812 2135 2691 3531 5132 5396 5674 5699 
#module 219 size: 6 bs: 0.568737
389 2808 3324 4053 6049 6796 
#module 220 size: 14 bs: 0.872798
17 513 869 1221 1498 1557 1746 2987 3188 3242 3317 4528 4773 5852 
#module 221 size: 19 bs: 0.291715
743 760 822 1270 1704 1750 1884 2255 3377 3830 3989 4095 4762 5232 5411 5711 5909 6277 6645 
#module 222 size: 13 bs: 0.706352
58 72 286 397 1370 1932 2131 2926 3370 3552 5219 5278 5473 
#module 223 size: 4 bs: 0.939482
241 457 5140 6562 
#module 224 size: 7 bs: 0.234605
1095 2016 2306 3604 5285 5985 6822 
#module 225 size: 9 bs: 0.55955
4393 4475 4971 5245 5638 5718 6376 6601 6922 
#module 226 size: 3 bs: 0.525683
1888 3561 6299 
#module 227 size: 11 bs: 0.857755
977 1010 1179 1592 1632 1816 2300 2602 3995 4057 5740 
#module 228 size: 5 bs: 0.290533
1783 2333 2651 3470 5703 
#module 229 size: 10 bs: 1.04908
735 3358 3397 3724 4005 4105 4490 5403 5769 6701 
#module 230 size: 5 bs: 0.975727
624 1752 2481 3912 4838 
#module 231 size: 10 bs: 0.44663
839 2479 2552 2777 2915 4075 4914 6044 6478 6551 
#module 232 size: 7 bs: 0.27614
1305 1937 2461 2739 3267 4017 6416 
#module 233 size: 10 bs: 0.146457
520 2672 2715 2860 3298 3882 3965 4309 5206 6095 
#module 234 size: 10 bs: 0.712276
2358 3526 4039 4203 4527 5632 5719 6293 6409 6794 
#module 235 size: 38 bs: 0.938444
328 525 1319 1872 1917 1968 1988 2056 2106 2218 2295 2391 2520 2566 2572 2622 2680 2709 2887 3081 3110 3248 3364 3390 3557 3656 3794 3869 4059 4096 4430 4530 4663 5574 5759 5846 6089 6153 
#module 236 size: 14 bs: 0.263983
402 447 547 756 1807 2216 3237 4137 4458 4503 4976 5501 6102 6323 
#module 237 size: 8 bs: 0.471471
1176 1377 2241 2301 2521 2669 2706 4653 
#module 238 size: 7 bs: 0.745138
216 648 1683 2982 4184 4320 5370 
#module 239 size: 7 bs: 0.606274
609 679 2356 2370 4113 5798 5993 
#module 240 size: 5 bs: 0.105385
278 1223 4104 4842 6369 
#module 241 size: 21 bs: 0.565335
72 142 320 642 709 780 1197 1473 2554 3393 4730 4884 4904 5293 5555 5618 5922 6141 6178 6266 6381 
#module 242 size: 11 bs: 0.206198
550 802 1170 1417 2509 3466 3634 4624 5200 5745 5896 
#module 243 size: 7 bs: 0.874432
19 606 1509 3005 6439 6473 6554 
#module 244 size: 9 bs: 0.733349
2549 2580 3571 3615 5573 6231 6348 6756 6770 
#module 245 size: 4 bs: 0.519881
1792 3061 4242 4949 
#module 246 size: 10 bs: 0.556677
185 725 2095 3680 3931 4703 4989 6179 6429 6559 
#module 247 size: 7 bs: 0.573501
246 751 2551 2585 3342 4615 6680 
#module 248 size: 9 bs: 0.722104
741 2040 3446 4047 4276 4890 5750 6341 6703 
#module 249 size: 14 bs: 0.352991
510 1160 1981 2361 3157 3185 3589 3812 3907 4326 5188 6234 6346 6862 
#module 250 size: 6 bs: 0.853262
253 695 2886 3991 4046 5825 
#module 251 size: 6 bs: 0.10661
474 1935 3169 3219 3411 4418 
#module 252 size: 16 bs: 0.742702
572 635 636 741 780 1322 2024 3725 3893 4441 4964 4974 5001 5037 5078 6695 
#module 253 size: 34 bs: 0.585712
39 303 800 821 1954 2078 2447 2508 2638 2711 2844 2984 3153 3262 3603 3731 3754 3910 4081 4209 4584 5052 5156 5176 5190 5294 5363 5379 5928 5995 6130 6380 6769 6816 
#module 254 size: 6 bs: 0.719608
615 880 989 4306 4981 5775 
#module 255 size: 6 bs: 0.871814
45 128 930 1413 4408 4499 
#module 256 size: 66 bs: 0.631565
36 161 237 242 420 591 611 616 711 787 834 864 948 990 1092 1142 1187 1434 1442 1491 1506 1805 1882 1923 1989 2128 2160 2288 2385 2795 3057 3069 3118 3145 3186 3394 3401 3525 3705 3925 4123 4186 4204 4210 4256 4444 4457 4494 4720 4759 4823 4834 5131 5228 5321 5367 5372 5527 5615 5739 5764 5921 6118 6270 6295 6605 
#module 257 size: 78 bs: 0.814255
43 97 234 237 270 350 499 711 893 969 1047 1097 1120 1142 1164 1237 1301 1332 1368 1475 1512 1558 1785 1967 1989 2072 2229 2323 2328 2332 2407 2534 2607 2964 3069 3091 3097 3118 3379 3392 3457 3458 3727 3839 4122 4281 4319 4444 4479 4489 4657 4699 4713 4729 4732 4790 4867 5036 5084 5107 5315 5321 5588 5615 5739 5760 5791 5814 6029 6138 6285 6294 6399 6447 6481 6605 6883 6923 
#module 258 size: 8 bs: 0.189488
136 1735 3625 3932 4347 4825 6267 6614 
#module 259 size: 5 bs: 0.982928
448 4021 5212 5576 5827 
#module 260 size: 3 bs: 0.908343
593 3759 5709 
#module 261 size: 4 bs: 0.659431
70 701 753 3982 
#module 262 size: 5 bs: 0.131209
489 1580 2537 5941 6489 
#module 263 size: 10 bs: 1.04411
758 1653 3169 3206 4078 4403 4454 4509 5265 6497 
#module 264 size: 7 bs: 0.192501
362 716 724 941 4041 4773 5544 
#module 265 size: 23 bs: 0.266972
72 124 439 754 823 1331 1425 1868 2061 2373 2473 3059 3090 3303 3554 4416 5247 5405 5439 5761 5994 6309 6810 
#module 266 size: 6 bs: 0.637339
1296 1640 2474 4203 4869 5216 
#module 267 size: 7 bs: 0.150216
336 494 2819 4239 4284 5035 5807 
#module 268 size: 7 bs: 0.607883
630 710 2339 3128 3676 4776 4794 
#module 269 size: 6 bs: 0.683402
1340 3437 3690 4299 4701 5517 
#module 270 size: 44 bs: 0.49053
27 408 482 598 1184 1594 1765 1828 1849 1991 2061 2071 2276 2653 2656 2660 2698 2757 2854 2873 3080 3246 3266 3326 3472 3485 3590 3838 4150 4237 4476 4519 4601 4752 5056 5364 5452 5602 5992 6047 6186 6462 6570 6692 
#module 271 size: 4 bs: 0.493875
308 381 2441 4042 
#module 272 size: 12 bs: 0.406229
450 942 943 1873 2026 2163 3396 3648 4288 4824 6449 6475 
#module 273 size: 18 bs: 0.210103
843 1096 1392 1608 1732 2053 2319 2618 2823 3028 3259 3883 4753 4881 5561 6312 6406 6556 
#module 274 size: 7 bs: 0.219827
663 906 1647 2150 6212 6250 6792 
#module 275 size: 16 bs: 0.410188
51 131 697 1116 1658 2185 2650 3278 3357 3417 3476 3600 5616 5650 6390 6461 
#module 276 size: 15 bs: 0.938784
508 1385 2910 2939 3279 3806 3918 4037 4688 4740 4780 5255 5984 6398 6586 
#module 277 size: 6 bs: 0.126021
426 562 2750 5614 6430 6505 
#module 278 size: 15 bs: 0.410239
49 130 681 703 806 1744 2019 2786 3122 3833 4172 4979 5808 5931 6614 
#module 279 size: 13 bs: 0.507436
23 552 1026 1250 1751 2595 3613 4321 4928 5067 5537 6088 6389 
#module 280 size: 10 bs: 0.463615
146 632 1339 1404 2525 2875 3479 3739 5700 5702 
#module 281 size: 8 bs: 1.03377
91 357 1001 3274 3354 4064 4951 6272 
#module 282 size: 7 bs: 0.153049
772 2377 3730 4103 5100 5383 6828 
#module 283 size: 44 bs: 0.904983
163 291 394 532 891 1023 1202 1501 1891 1978 2366 2424 2464 2631 2917 2959 3043 3137 3239 3355 3455 3689 3749 3809 4156 4215 4228 4401 4442 4514 4590 4617 4639 4879 5009 5055 5280 5788 5843 5857 5891 6282 6290 6336 
#module 284 size: 15 bs: 0.720711
115 811 2245 2257 2322 2499 2793 3149 3265 4385 5038 5040 5150 5246 5796 
#module 285 size: 11 bs: 0.573078
380 1337 1726 2409 2747 3704 4140 4482 4857 5202 6280 
#module 286 size: 7 bs: 0.598319
132 991 1483 1952 5549 6486 6843 
#module 287 size: 4 bs: 0.977371
737 2526 3036 3524 
#module 288 size: 12 bs: 0.730718
658 1217 1974 2044 2620 3894 3975 4369 5015 5579 5995 6626 
#module 289 size: 13 bs: 0.500979
103 1691 1705 2621 2746 2803 3105 3815 4686 5224 5669 5693 6885 
#module 290 size: 23 bs: 0.216678
135 212 635 636 1282 1584 1775 2137 2279 2680 2801 2839 3303 3344 4001 4089 4887 5380 5584 5626 5634 6577 6647 
#module 291 size: 16 bs: 0.177085
67 1149 1272 2002 2303 2360 2679 4084 4667 5012 5247 5322 5960 6368 6494 6538 
#module 292 size: 31 bs: 0.102651
188 202 390 825 1198 1383 1405 1424 1576 1700 1982 2663 2744 2759 2932 2972 2980 3078 3835 4157 4896 5359 5991 6094 6110 6195 6227 6327 6408 6595 6785 
#module 293 size: 23 bs: 0.599964
179 684 915 1569 1707 2179 2311 2877 3664 3692 4354 4362 4550 4661 4851 5116 5236 5500 5762 6300 6332 6400 6546 
#module 294 size: 7 bs: 0.61927
1792 3261 4833 4926 5288 5451 5558 
#module 295 size: 3 bs: 0.420936
250 2477 5341 
#module 296 size: 12 bs: 0.640917
101 317 1334 1783 2540 2603 3512 3567 5198 5528 6320 6654 
#module 297 size: 12 bs: 0.765984
536 1671 2189 2815 3567 3584 5130 5298 5331 5746 6058 6787 
#module 298 size: 16 bs: 0.86126
1199 1408 1583 1800 1996 2079 2256 2297 2628 3577 4515 4781 4997 5104 5676 5773 
#module 299 size: 8 bs: 0.146741
232 2166 2723 3776 3944 4339 5209 5434 
#module 300 size: 5 bs: 0.62032
1881 2509 5872 6649 6739 
#module 301 size: 17 bs: 0.484271
145 892 1426 2123 2415 2482 2677 3040 3349 3942 4072 4117 4282 4346 4478 4583 6744 
#module 302 size: 21 bs: 0.915769
184 716 1433 1625 1931 2123 2157 2514 2584 3023 3231 3444 3520 3521 3593 3734 3820 3909 3967 4252 5116 
#module 303 size: 9 bs: 1.05041
966 1173 2583 2632 3597 5409 6075 6296 6740 
#module 304 size: 15 bs: 0.624827
397 984 1388 1684 1695 2676 3130 4912 5146 5152 5505 5742 5744 5959 6623 
#module 305 size: 6 bs: 0.502202
2017 2382 3064 4531 4711 4758 
#module 306 size: 8 bs: 0.37675
1134 2176 3268 4069 4817 5111 5258 5680 
#module 307 size: 5 bs: 0.133876
1708 2338 3697 6436 6510 
#module 308 size: 46 bs: 0.974173
75 352 414 731 1035 1060 1069 1130 1298 1489 1533 1771 1902 2028 2145 2214 2655 2675 2765 2888 2973 3158 3251 3289 3295 3320 3473 3632 3637 3791 4176 4719 4925 5715 5873 5929 6023 6071 6139 6177 6215 6248 6401 6600 6690 6900 
#module 309 size: 6 bs: 0.363933
1354 2122 3375 5125 5441 6522 
#module 310 size: 23 bs: 0.636932
40 745 791 1243 1257 1876 2543 2578 2624 2782 3143 3449 3467 3471 3503 3711 4397 4462 4497 4874 5106 6452 6456 
#module 311 size: 14 bs: 0.760192
120 323 1549 2778 2990 3737 4226 4245 4436 4575 4597 5058 5313 6025 
#module 312 size: 11 bs: 0.87746
403 1786 1963 2967 3362 4517 4659 4934 5484 6223 6617 
#module 313 size: 6 bs: 0.751777
324 1106 2912 3210 4384 4872 
#module 314 size: 13 bs: 0.224875
761 863 1740 2088 2897 3774 3816 4681 5382 5535 6041 6179 6197 
#module 315 size: 22 bs: 0.180287
287 521 1353 1609 1927 2073 2343 3055 3070 3311 3328 3962 4181 4352 4594 4610 4983 5243 5357 6159 6581 6702 
#module 316 size: 7 bs: 0.74605
773 1794 3787 3885 5033 5637 5647 
#module 317 size: 8 bs: 0.117794
1146 1705 2883 3012 3546 4177 4720 4971 
#module 318 size: 11 bs: 0.940536
109 898 1118 1265 1870 2003 2610 2783 4258 4502 5726 
#module 319 size: 16 bs: 0.203682
444 813 828 994 1162 1737 2209 2641 2785 2832 3586 3633 4535 4920 5608 6773 
#module 320 size: 5 bs: 1.0807
116 3825 6392 6451 6876 
#module 321 size: 10 bs: 0.110572
2006 2084 2814 3920 4317 5526 5869 6229 6591 6704 
#module 322 size: 13 bs: 0.976167
664 718 3366 3440 3620 3642 3764 4325 4477 5284 5683 6116 6542 
#module 323 size: 4 bs: 0.104445
744 830 2004 5076 
#module 324 size: 8 bs: 0.79606
1716 1724 3165 3253 4253 5174 5533 6588 
#module 325 size: 7 bs: 0.301518
152 312 523 577 1099 1959 4716 
#module 326 size: 22 bs: 0.80161
379 622 655 661 1015 1138 1174 1432 1659 2066 3263 3386 4254 4267 4297 4402 4416 4972 5011 5099 6635 6873 
#module 327 size: 8 bs: 0.63712
973 1225 1826 2627 3385 3971 4423 5478 
#module 328 size: 22 bs: 0.324302
972 1465 1477 1555 1590 1602 1801 1837 1886 2729 3332 3829 4178 4563 4876 5251 5340 5805 5970 6113 6133 6332 
#module 329 size: 145 bs: 0.769247
25 34 53 60 62 80 150 151 182 210 211 230 233 347 356 425 434 446 454 478 526 531 533 561 785 814 914 985 1031 1052 1090 1110 1112 1180 1227 1260 1481 1502 1541 1564 1573 1578 1620 1652 1709 1956 2068 2111 2203 2208 2277 2351 2359 2385 2396 2604 2648 2657 2664 2731 2749 2769 2849 2867 2879 2885 2901 2904 3034 3041 3139 3162 3232 3240 3254 3331 3356 3420 3450 3710 3746 3793 3798 3802 3886 3902 3943 4130 4162 4179 4191 4198 4255 4372 4376 4379 4429 4542 4563 4582 4585 4619 4625 4675 4694 4809 4860 4873 4895 4910 4941 5089 5157 5199 5207 5257 5266 5276 5314 5342 5444 5572 5687 5698 5885 5943 5973 6142 6183 6200 6251 6268 6318 6335 6371 6525 6550 6565 6568 6597 6686 6726 6775 6780 6861 
#module 330 size: 11 bs: 0.344737
1066 1278 1713 1808 2023 2234 2734 4030 4456 5252 5317 
#module 331 size: 81 bs: 0.323797
5 168 183 329 348 361 481 490 492 566 626 722 823 844 931 1050 1122 1150 1217 1220 1395 1516 1651 1711 1730 1784 1815 1912 1936 1939 2012 2144 2296 2352 2417 2455 2545 2596 2733 2919 3000 3087 3250 3262 3402 3433 3490 3511 3587 3644 3852 3959 3961 3980 4011 4137 4208 4209 4496 4652 4672 4980 4983 5008 5048 5052 5201 5402 5465 5490 5524 5642 5831 5893 5968 6028 6031 6149 6217 6225 6710 
#module 332 size: 5 bs: 0.401191
119 173 3985 4014 4562 
#module 333 size: 18 bs: 1.07551
613 675 699 2069 2384 2480 2962 3104 3496 4207 4424 4466 4878 5606 5989 6051 6603 6791 
#module 334 size: 12 bs: 1.09005
1388 1544 2435 2822 2933 3178 3365 4641 4904 5550 6011 6471 
#module 335 size: 7 bs: 0.699583
76 2401 4891 5118 5467 5643 5801 
#module 336 size: 15 bs: 0.16228
207 264 1904 2143 2217 3527 3908 4029 4221 4684 4764 6108 6191 6532 6860 
#module 337 size: 11 bs: 0.143417
791 817 886 922 1738 1757 1810 2062 2080 3143 4291 
#module 338 size: 14 bs: 0.788379
181 558 729 831 1230 1268 1719 2425 2896 3807 4992 5753 5802 6304 
#module 339 size: 33 bs: 0.549005
10 218 290 393 585 740 974 1019 1088 1384 1410 1570 1598 1855 1922 2081 2147 2383 2558 2608 3221 3299 4202 4280 4490 4507 4588 4924 5217 5593 5688 6193 6634 
#module 340 size: 8 bs: 0.424654
90 2850 3962 4344 4490 5007 5110 6250 
#module 341 size: 9 bs: 0.413869
597 1271 1575 2454 2670 2678 2996 5519 6844 
#module 342 size: 20 bs: 0.830162
306 952 1166 1369 1565 1617 1934 2003 2120 2164 2449 3378 3380 3955 4011 5088 5938 5996 6679 6734 
#module 343 size: 15 bs: 0.1349
18 385 439 1393 2105 2486 2577 2674 3629 3649 4056 4336 4460 4888 6567 
#module 344 size: 6 bs: 0.165305
282 321 1688 1794 2625 3979 
#module 345 size: 7 bs: 0.175545
1616 3121 3363 4366 5491 5707 6731 
#module 346 size: 12 bs: 0.160539
706 860 960 1809 2745 3147 3363 4067 6022 6115 6537 6761 
#module 347 size: 7 bs: 0.224718
2752 3372 4119 4422 4440 4933 6120 
#module 348 size: 18 bs: 0.901313
178 768 778 1043 1248 1644 1755 2011 2173 3177 4166 4695 5231 5554 6042 6547 6639 6859 
#module 349 size: 21 bs: 0.682532
31 316 338 439 502 545 754 1836 3142 3167 3539 3557 3560 4170 4491 5057 5068 5619 5660 6343 6627 
#module 350 size: 15 bs: 0.22776
117 200 732 996 1190 1758 2516 2544 3175 4338 4360 4450 5005 5655 6733 
#module 351 size: 7 bs: 0.107721
52 244 1229 1482 2866 4779 4917 
#module 352 size: 6 bs: 0.387631
882 2021 2220 3308 5167 5829 
#module 353 size: 11 bs: 0.524408
254 466 1360 1692 1951 2725 2872 3763 5127 5622 5789 
#module 354 size: 3 bs: 1.06446
5800 5954 6580 
#module 355 size: 6 bs: 0.806437
2044 2555 3739 4250 6341 6566 
#module 356 size: 5 bs: 0.150393
530 2100 3025 3512 6631 
#module 357 size: 8 bs: 0.629769
289 2803 3859 4013 4205 4795 5639 6013 
#module 358 size: 8 bs: 1.00543
522 633 2431 2944 3215 5095 5785 6157 
#module 359 size: 7 bs: 0.931713
470 1842 2015 2480 4524 4864 5639 
#module 360 size: 10 bs: 0.707343
64 708 1076 1746 2215 3280 3684 3857 6144 6736 
#module 361 size: 19 bs: 0.357795
274 584 1083 1324 1914 2198 2405 2865 4331 4469 4774 4839 4948 5245 5654 5730 6050 6085 6286 
#module 362 size: 7 bs: 0.846754
332 827 2034 3576 4368 5447 6637 
#module 363 size: 13 bs: 0.670026
47 105 189 1591 2673 3936 4173 4967 4988 5373 5642 5823 6919 
#module 364 size: 6 bs: 0.385861
783 2013 2507 2522 3707 4970 
#module 365 size: 29 bs: 0.117877
293 915 1072 1398 1662 2310 2324 2374 2596 2605 2642 2697 3306 3422 3797 3850 3903 3963 4022 4220 4483 5988 6030 6143 6181 6302 6514 6517 6621 
#module 366 size: 24 bs: 0.483769
980 1203 1430 1988 1995 2027 2211 2685 2880 3218 3248 3345 3999 4027 4174 4218 4824 5079 5193 5351 5430 5536 5581 6858 
#module 367 size: 8 bs: 1.04551
1839 1949 2862 2876 4010 5422 6421 6886 
#module 368 size: 23 bs: 0.477486
294 391 436 1131 1144 1443 1973 2243 2449 2520 2586 2836 2900 3275 3794 5401 5609 5779 6096 6165 6659 6804 6855 
#module 369 size: 7 bs: 0.600812
1840 2305 2724 3426 4102 4133 4246 
#module 370 size: 47 bs: 0.455949
42 306 348 443 657 769 822 1264 1617 1619 1931 1972 2054 2369 2427 2485 2633 2878 2983 3072 3079 3131 3197 3208 3434 3699 3777 3955 4161 4164 4691 4812 5109 5354 5389 5446 5456 5534 5536 5563 5728 5912 6325 6339 6516 6698 6812 
#module 371 size: 8 bs: 0.694163
780 810 1792 2533 4132 4405 4676 5967 
#module 372 size: 8 bs: 0.5664
9 869 875 1687 4192 4700 6693 6827 
#module 373 size: 22 bs: 0.364527
322 471 647 1143 1968 2290 2315 2532 2536 2788 2848 3621 3866 3906 4171 4407 4504 4992 5159 5233 6523 6678 
#module 374 size: 29 bs: 0.813441
31 373 580 636 1118 1792 3018 3115 3439 3506 3507 3557 3599 3647 3701 3790 4345 4573 4826 5016 5389 5660 5672 5861 6096 6425 6641 6642 6646 
#module 375 size: 13 bs: 0.411283
43 74 745 934 1934 2165 2543 2578 2779 3716 4147 4497 5625 
#module 376 size: 27 bs: 0.398963
287 603 949 1294 1622 1913 1946 2061 2221 2309 2318 2320 2563 2697 2751 3172 3317 4416 4435 5034 5431 5443 5518 6089 6112 6405 6501 
#module 377 size: 12 bs: 0.581394
1562 2035 2106 2191 2195 2278 2344 3319 3677 4677 4846 5546 
#module 378 size: 7 bs: 0.5469
2283 3330 3423 3463 4423 5903 6242 
#module 379 size: 8 bs: 0.531257
459 1565 2120 2365 3459 4386 4562 6515 
#module 380 size: 22 bs: 0.344797
50 61 409 583 644 1474 1599 2099 2682 2852 2986 3103 3507 3578 3696 4121 4225 4556 5019 5282 5464 6839 
#module 381 size: 22 bs: 0.498244
209 268 742 1133 1189 1874 2025 2109 2221 2790 2977 3026 3273 3410 3510 4083 4367 4438 4820 5085 6080 6667 
#module 382 size: 11 bs: 0.719095
1215 1898 1998 2557 2796 3745 4335 4541 5480 5680 6122 
#module 383 size: 11 bs: 0.508027
407 463 1850 2170 2331 2913 4343 5072 5594 6776 6879 
#module 384 size: 10 bs: 0.415449
459 1694 2517 3143 4026 4344 4898 5629 5677 6269 
#module 385 size: 9 bs: 0.831826
171 817 1997 2614 2963 3649 5731 5754 5782 
#module 386 size: 14 bs: 0.383054
76 493 870 1273 1814 2294 2677 2708 3607 3832 4019 5876 6188 6607 
#module 387 size: 10 bs: 1.08776
259 1396 2974 2998 3836 4103 5331 5658 6279 6706 
#module 388 size: 65 bs: 0.137224
1 32 37 184 238 485 618 644 674 709 715 751 886 915 1141 1214 1398 1405 1433 1555 1617 1660 1945 2227 2374 2387 2389 2574 2596 2642 2855 2864 3134 3374 3406 3454 3490 3769 3797 3800 3870 3888 3993 4214 4230 4425 4483 4533 4758 5046 5057 5206 5499 5952 6020 6030 6090 6143 6181 6302 6321 6514 6613 6657 6802 
#module 389 size: 17 bs: 0.18106
653 1077 1398 1894 2503 2642 2859 3171 3201 3718 4187 4229 4406 5459 5781 6425 6514 
#module 390 size: 42 bs: 1.08043
296 363 379 424 668 817 967 1021 1133 1402 2031 2171 2620 2927 3004 3376 3441 3492 3804 4308 4337 4360 4508 4577 4789 4935 5087 5218 5525 5557 5889 6150 6310 6367 6379 6385 6524 6598 6615 6652 6724 6909 
#module 391 size: 14 bs: 0.53071
276 374 1181 1999 2141 2393 2635 2889 3542 4290 4648 6434 6443 6691 
#module 392 size: 19 bs: 0.751763
473 1760 2380 2430 2727 2906 3014 3100 3452 3580 4305 4596 5462 5582 5621 5881 5949 6015 6361 
#module 393 size: 7 bs: 0.232373
4 71 509 1178 2565 4868 6082 
#module 394 size: 5 bs: 0.202153
1156 3627 6053 6086 6583 
#module 395 size: 15 bs: 0.41405
307 1414 1639 1767 1925 1929 2884 3074 3086 3098 4098 4287 6308 6506 6741 
#module 396 size: 23 bs: 0.485176
799 989 1079 1547 1961 1986 2195 2200 2612 3156 3247 3323 3605 3640 3892 4109 4391 4787 5316 5530 5603 5629 6059 
#module 397 size: 32 bs: 0.731331
392 483 540 685 808 2123 2179 2302 2606 2898 3522 3575 3708 4101 4135 4389 4529 4558 4880 5078 5134 5307 5571 5898 5934 6020 6244 6423 6528 6541 6664 6817 
#module 398 size: 7 bs: 0.913368
3148 4180 4905 5069 5455 5694 6151 
#module 399 size: 10 bs: 1.03049
865 2490 3931 4019 4345 4426 5624 5927 5944 6080 
#module 400 size: 9 bs: 0.550975
607 3062 3674 4054 5105 5553 5982 6069 6840 
#module 401 size: 26 bs: 0.796806
268 495 669 769 799 881 1007 1400 1629 1641 1790 1909 1921 2486 2573 2617 3094 3144 3173 3346 4055 4209 4796 5478 6326 6771 
#module 402 size: 15 bs: 0.428379
439 1908 1943 2527 2946 3017 3303 3887 4343 4466 4554 4906 5013 5484 6743 
#module 403 size: 20 bs: 0.538736
388 1433 1754 2324 2341 3017 3317 3438 3461 3499 3515 3658 3672 4782 4958 5033 5366 5514 6086 6601 
#module 404 size: 4 bs: 0.485467
226 909 1121 1532 
#module 405 size: 18 bs: 0.498275
85 198 201 310 579 788 1282 1413 1556 1721 2791 3823 3936 3978 4120 4301 5540 6317 
#module 406 size: 10 bs: 0.470915
610 921 1574 1653 1689 2219 4518 5053 5998 6046 
#module 407 size: 24 bs: 0.800168
301 476 638 667 763 867 946 1903 1976 2279 2475 2493 2527 3276 3529 3574 3594 3658 4343 4345 4526 5378 5610 5723 
#module 408 size: 41 bs: 0.981891
121 692 1000 1101 1214 1234 1277 1289 1423 1486 1607 1776 1990 2224 2260 2304 2364 2462 2956 3059 3577 3630 3661 3668 3683 4091 4270 4285 4938 5177 5253 5272 5395 5569 5627 5664 5735 6045 6184 6723 6891 
#module 409 size: 6 bs: 0.340496
1397 1846 3534 4038 6232 6670 
#module 410 size: 5 bs: 0.830274
429 1273 3212 6172 6254 
#module 411 size: 20 bs: 0.157831
293 439 917 1908 2576 2676 2680 3848 3893 4336 4449 4460 4731 4788 4824 5164 5456 5887 6440 6832 
#module 412 size: 21 bs: 0.555585
501 570 613 1158 1403 1437 1561 3333 3364 3502 3541 4151 4195 4336 4622 5086 5158 6000 6086 6388 6467 
#module 413 size: 15 bs: 1.0553
956 1162 1207 2460 3168 3804 4092 4185 4410 4620 4799 5577 6032 6425 6806 
#module 414 size: 14 bs: 1.09219
122 196 221 473 558 737 884 1367 1534 1697 5210 5428 5580 6636 
#module 415 size: 8 bs: 1.02167
209 657 783 1357 1969 4092 4955 6498 
#module 416 size: 16 bs: 0.681167
46 108 888 1084 1350 1920 2614 3140 3447 3532 3713 4365 4581 4797 4987 5856 
#module 417 size: 99 bs: 0.264067
31 169 172 255 371 402 452 509 551 713 871 988 1089 1129 1211 1274 1335 1428 1485 1625 1698 1718 1796 1841 1946 2074 2121 2140 2230 2243 2345 2425 2432 2445 2714 2800 2813 2829 2865 2890 2900 2945 2958 3027 3033 3050 3058 3142 3167 3199 3241 3269 3291 3388 3403 3539 3660 3781 3910 3986 4009 4012 4044 4111 4136 4240 4351 4379 4609 4705 4708 4738 4811 4832 4969 5032 5034 5044 5045 5057 5068 5355 5488 5512 5541 5662 5817 5821 5851 5887 5916 6018 6136 6237 6296 6362 6363 6404 6713 
#module 418 size: 36 bs: 0.357072
33 117 267 298 669 822 920 1279 1386 1908 1936 2538 3059 3132 3194 3619 3663 3996 4019 4158 4361 4367 4391 4517 4852 4954 4959 5171 5408 5432 5696 5923 5986 6209 6509 6650 
#module 419 size: 16 bs: 0.152697
219 367 372 509 983 1304 1624 1861 2893 3037 3681 5153 5486 5851 6012 6170 
#module 420 size: 29 bs: 0.555648
48 186 388 549 1127 1196 1342 2076 2098 2130 2265 2423 2458 2842 3585 3624 3732 4138 4557 5154 5172 5458 5759 6065 6357 6507 6575 6666 6895 
#module 421 size: 30 bs: 0.423295
388 636 727 1126 1213 1412 1679 2057 2495 3017 3184 3200 3238 3243 3438 3830 3834 3848 3850 3996 4782 4935 5050 5375 5886 5920 6020 6332 6491 6627 
#module 422 size: 138 bs: 0.694835
18 142 168 204 251 264 309 395 430 432 620 766 937 967 1113 1133 1220 1241 1256 1266 1286 1293 1400 1427 1622 1638 1742 1806 1904 1909 1915 1936 1966 2012 2059 2158 2167 2197 2263 2280 2296 2371 2417 2428 2596 2620 2637 2733 2742 2776 2792 2869 2874 2905 2933 3046 3079 3087 3095 3167 3211 3224 3226 3273 3335 3338 3368 3387 3402 3477 3505 3527 3544 3587 3597 3665 3703 3826 3936 3941 3958 3959 3973 3984 4081 4208 4209 4308 4330 4363 4377 4400 4439 4443 4450 4462 4555 4573 4665 4743 4816 4836 4843 4874 4892 4963 5003 5021 5109 5117 5128 5175 5218 5437 5490 5524 5581 5620 5644 5716 6002 6028 6064 6073 6077 6081 6121 6126 6191 6283 6425 6459 6612 6661 6677 6710 6733 6753 
#module 423 size: 5 bs: 0.968805
1016 1147 2155 4893 6450 
#module 424 size: 43 bs: 0.503897
87 326 601 636 637 719 769 820 896 1104 1158 1259 1427 1467 1669 1911 1931 2043 2060 2187 2475 2582 2728 2763 2839 3173 3709 3762 3889 4431 4826 4841 5024 5244 5696 5748 5956 6020 6319 6434 6667 6753 6797 
#module 425 size: 13 bs: 1.05442
1542 1643 2093 2179 2324 2395 3146 3499 3646 5182 5347 5672 6708 
#module 426 size: 13 bs: 0.44161
184 462 1033 1931 2174 2559 2718 3461 3647 4962 5021 6020 6465 
#module 427 size: 17 bs: 0.663635
119 156 467 777 1119 1316 1675 2652 2856 2971 3384 3948 4149 4616 5623 5847 6484 
#module 428 size: 118 bs: 0.153345
21 114 159 325 359 382 451 621 643 730 790 823 850 894 932 955 958 1253 1283 1309 1319 1399 1515 1551 1630 1747 1766 1769 1779 1878 1950 1968 1975 1984 1985 2012 2089 2108 2211 2244 2254 2334 2502 2611 2680 2687 2730 2760 2799 2833 2938 3176 3256 3337 3364 3389 3390 3441 3474 3700 3953 3998 4112 4131 4155 4272 4294 4295 4307 4341 4381 4399 4404 4430 4530 4565 4568 4899 4950 4966 5042 5066 5071 5173 5210 5213 5335 5466 5511 5531 5542 5587 5589 5679 5717 5763 5836 5888 5945 6089 6114 6168 6190 6217 6240 6252 6307 6338 6353 6463 6563 6579 6604 6624 6665 6741 6903 6906 
#module 429 size: 11 bs: 0.520375
148 235 460 595 1864 3461 3487 3819 3845 4579 4907 
#module 430 size: 19 bs: 0.848743
842 1048 1081 1685 1745 1788 3217 3742 3786 3792 4045 5098 5274 5502 5830 6493 6688 6783 6784 
#module 431 size: 47 bs: 0.618311
279 305 358 534 717 1193 1219 1276 1588 1863 1910 1964 1992 2009 2136 2299 2649 2828 2902 3042 3195 3418 3967 3970 3976 4017 4092 4134 4164 4247 4274 4304 4323 4561 4939 5096 5122 5169 5197 5628 6048 6073 6292 6342 6354 6504 6880 
#module 432 size: 4 bs: 0.121227
953 5522 5725 6687 
#module 433 size: 15 bs: 0.707816
2686 2830 2915 2950 3514 3994 4451 4520 5440 5722 5951 6455 6643 6660 6766 
#module 434 size: 38 bs: 0.812814
181 573 656 1037 1107 1167 1186 1285 1349 1535 1743 1845 2337 2420 2969 3049 3088 3408 3635 3685 3736 4358 4598 4714 4737 4806 4866 4998 5163 5362 5532 5752 5987 6043 6161 6255 6331 6872 
#module 435 size: 6 bs: 0.458816
213 596 1668 5975 6146 6722 
#module 436 size: 8 bs: 0.627418
849 1514 1960 3865 4778 4804 5704 6592 
#module 437 size: 11 bs: 0.103838
572 872 1054 2362 3436 4283 5339 5699 6025 6226 6549 
#module 438 size: 21 bs: 0.373682
57 243 369 576 1412 1571 1614 2224 3170 3314 3559 3647 3977 4110 4821 4853 5453 6026 6482 6501 6723 
#module 439 size: 13 bs: 0.625378
529 614 1587 1780 2032 2333 3045 3573 3805 4733 5834 5848 6815 
#module 440 size: 11 bs: 1.00319
713 748 2202 2484 2489 2595 2817 3113 4165 4300 5826 
#module 441 size: 22 bs: 1.04888
12 20 445 1140 1848 2416 2571 2845 3136 3373 3424 3827 3917 4419 4481 4643 4909 4936 5389 5890 6033 6459 
#module 442 size: 54 bs: 0.706106
113 127 487 805 822 996 1212 1435 1545 1742 1763 1844 1866 1933 2142 2321 2496 2805 3136 3152 3197 3353 3603 3655 3804 3831 3853 3854 4016 4076 4144 4168 4414 4620 4626 4757 4822 4885 4911 4978 5124 5410 5773 5897 6027 6048 6063 6123 6203 6221 6552 6709 6816 6889 
#module 443 size: 8 bs: 0.717099
170 259 854 979 1753 2340 2408 5194 
#module 444 size: 13 bs: 0.971102
1606 1664 2181 2317 2404 2600 2636 3757 3905 4375 5981 6092 6601 
#module 445 size: 24 bs: 0.78635
285 541 567 986 991 1017 1022 1860 1928 2154 2375 2492 3367 3939 4484 4656 4986 5178 5248 5644 6079 6364 6608 6811 
#module 446 size: 11 bs: 0.608864
2087 3108 3151 3179 3412 3765 3868 4108 5961 6719 6735 
#module 447 size: 6 bs: 0.324731
3011 3825 4908 5007 5942 6070 
#module 448 size: 12 bs: 0.507901
522 1581 2995 3002 3288 3682 4763 5054 5119 5135 5348 6246 
#module 449 size: 17 bs: 1.05875
177 299 548 1554 1993 2083 2831 3183 3431 4267 4712 4756 5161 5385 6166 6260 6362 
