#module 0 size: 4 bs: 0.000359023
3403 11049 11687 11688 
#module 1 size: 3 bs: 0.000262474
3627 3636 7922 
#module 2 size: 8 bs: 1.07935e-101
2819 6316 7792 7793 7996 8812 9048 9682 
#module 3 size: 3 bs: 9.99201e-16
3978 4185 7592 
#module 4 size: 3 bs: 3.20382e-101
2448 3385 3386 
#module 5 size: 2 bs: 1.47641e-09
2886 2887 
#module 6 size: 15 bs: 0.00316926
482 1302 2934 3107 4964 5046 5159 5698 5753 7545 7739 8562 8563 8624 10741 
#module 7 size: 12 bs: 1.29008e-13
499 3431 4529 7498 8887 8916 9415 9429 10047 10156 10181 10267 
#module 8 size: 10 bs: 0.0106761
1535 2421 3744 4270 4508 4529 7041 8529 10981 12613 
#module 9 size: 3 bs: 0.0781609
2633 3421 3444 
#module 10 size: 2 bs: 1.37779e-13
2950 7426 
#module 11 size: 10 bs: 1.57701e-101
2870 3240 3424 3954 4035 7462 7926 10014 10622 12995 
#module 12 size: 4 bs: 2.14539e-08
3834 7513 9514 10493 
#module 13 size: 9 bs: 9.71872e-101
16 161 3415 4475 4962 5918 6957 8437 10525 
#module 14 size: 8 bs: 3.04743e-101
442 7190 7509 7688 9027 9239 10137 11019 
#module 15 size: 3 bs: 0.000735582
637 972 10292 
#module 16 size: 2 bs: 0.0882903
206 6499 
#module 17 size: 5 bs: 3.56212e-101
225 568 3162 4661 8666 
#module 18 size: 5 bs: 4.74007e-101
6848 7235 9548 11372 11639 
#module 19 size: 5 bs: 0.0325726
376 1825 7922 9348 9944 
#module 20 size: 2 bs: 4.79154e-08
1336 7429 
#module 21 size: 3 bs: 6.52372e-101
4505 8873 11451 
#module 22 size: 5 bs: 8.02941e-101
3817 4587 5099 6617 8412 
#module 23 size: 4 bs: 3.32732e-11
100 8601 9871 10249 
#module 24 size: 4 bs: 0.000135463
8437 8935 9173 9178 
#module 25 size: 8 bs: 4.81859e-08
1915 4214 5114 6076 6150 6153 9199 10869 
#module 26 size: 8 bs: 0.0358202
1915 3946 5895 6090 6153 7855 8805 9644 
#module 27 size: 7 bs: 1.89109e-08
4549 5867 7892 8857 10447 11482 12514 
#module 28 size: 13 bs: 8.69431e-05
528 611 1205 1908 3463 4558 5003 5581 5876 5997 7672 8541 10929 
#module 29 size: 9 bs: 0.0568139
1496 2697 2944 3418 3589 3768 5877 8425 8770 
#module 30 size: 8 bs: 9.87686e-101
1313 2621 2789 4632 7493 8490 9308 9593 
#module 31 size: 14 bs: 0.042111
107 602 897 1454 1665 2553 3257 3500 3522 4002 7837 8245 9870 12950 
#module 32 size: 7 bs: 1.21649e-10
2221 4779 10116 10239 11069 11265 11266 
#module 33 size: 2 bs: 0.0174191
8967 11206 
#module 34 size: 24 bs: 0.0119173
213 782 896 1124 1689 3041 3086 3590 4135 4144 4597 4879 6589 7141 7194 7394 9310 9437 9438 9460 9517 9886 9935 10206 
#module 35 size: 7 bs: 3.75515e-101
2457 2643 6293 7557 7775 7776 11196 
#module 36 size: 10 bs: 6.6951e-06
2559 3262 3837 4693 5694 6944 7491 9389 9688 9876 
#module 37 size: 5 bs: 1.60992e-10
977 2055 5360 6365 11261 
#module 38 size: 11 bs: 3.8156e-101
712 827 2415 2958 3424 3908 5918 6098 6621 8934 10007 
#module 39 size: 21 bs: 0.0247864
32 1572 1865 3095 3321 3857 3949 4940 5060 5259 5441 5504 6297 6436 6659 7896 9175 9576 9594 9981 10201 
#module 40 size: 4 bs: 0.000643706
1135 3182 5020 7692 
#module 41 size: 10 bs: 4.73406e-10
767 1030 1612 2101 2610 3742 5073 6883 7565 10908 
#module 42 size: 5 bs: 8.35792e-08
1105 1277 1650 5381 7513 
#module 43 size: 8 bs: 0.00747908
274 2068 2408 3289 4044 5325 7571 9013 
#module 44 size: 4 bs: 7.77156e-16
2169 3021 3855 8394 
#module 45 size: 9 bs: 0.134643
302 364 1707 4926 7327 7654 9813 11556 12475 
#module 46 size: 16 bs: 0.95268
1087 2711 2898 3412 4194 4646 5069 5156 5191 5817 6116 6195 6291 6766 10875 11551 
#module 47 size: 8 bs: 0.295335
2628 3186 3686 9243 10007 10695 10904 11193 
#module 48 size: 7 bs: 0.276473
292 379 1254 1880 3624 8615 11482 
#module 49 size: 8 bs: 0.35744
2070 2101 3621 4170 5714 6377 7809 12492 
#module 50 size: 15 bs: 0.242896
1376 1714 2147 2371 2741 3348 3544 3559 4868 5962 7559 8195 8440 8590 11011 
#module 51 size: 20 bs: 0.403588
1007 1892 2182 2477 2929 3120 3418 4020 4910 5417 5633 5963 7135 7227 7707 8069 8420 8734 9258 10196 
#module 52 size: 12 bs: 1.04772
1270 2408 3127 3129 3131 3135 5593 8882 8883 9836 10511 10624 
#module 53 size: 5 bs: 1.0118
479 3661 5111 10404 11379 
#module 54 size: 26 bs: 0.548394
430 682 1302 1436 1519 1614 1690 1743 1850 2782 3107 3630 4304 5508 5518 5628 6330 7739 7913 7923 8885 8952 9332 9637 10592 10741 
#module 55 size: 33 bs: 0.768625
181 467 934 1703 2516 3175 3921 4014 4064 4142 4360 4450 4876 4908 5412 5470 6408 6764 7008 7043 7274 7299 8274 9167 9936 10234 10300 10469 10549 10659 10826 10902 12575 
#module 56 size: 15 bs: 0.612136
46 1183 1973 3145 3612 4069 4169 4379 5311 5484 6384 7022 7584 8174 11104 
#module 57 size: 21 bs: 0.326841
1001 1815 1998 3111 3118 6243 6391 7118 7656 7858 7932 8853 9821 10058 10750 10793 10811 11074 11276 11576 12039 
#module 58 size: 10 bs: 0.548956
727 827 2004 2174 3908 6098 6723 7402 8559 12293 
#module 59 size: 47 bs: 0.351947
218 816 1127 2027 2251 2262 2284 2354 2376 2779 2798 2900 2945 3079 3960 4047 4464 4654 4752 4753 4963 5180 5210 5217 5279 5595 5677 5808 6059 6078 6308 6594 6628 7083 7506 7794 8003 8279 8322 8443 9101 9211 9863 9951 11243 12510 12712 
#module 60 size: 33 bs: 1.03979
351 523 572 576 653 867 875 1544 1966 2480 2834 3157 3193 3389 3585 3839 5186 6172 6344 6745 7114 7131 7607 7638 7839 8142 8316 8374 8398 8748 9288 9696 10882 
#module 61 size: 17 bs: 1.04811
1639 1918 2778 4136 4477 4901 5337 5829 6482 6581 7103 7373 7869 8283 9422 10974 12158 
#module 62 size: 37 bs: 1.00165
109 548 1052 1117 1169 1197 1344 1427 1662 2423 2598 2652 3370 3442 3475 3800 3916 4303 4630 4774 4775 5057 5443 5465 5506 5538 5783 5792 6198 6561 7199 7519 9441 10663 10868 11158 12505 
#module 63 size: 32 bs: 0.620494
35 210 983 1092 1555 1591 1768 1885 2368 2718 3212 3609 3755 3759 3988 4180 4403 4674 5134 5227 5387 5538 5879 6390 6481 6669 6773 7362 8557 9026 9979 10329 
#module 64 size: 11 bs: 0.640321
1036 1486 1695 3882 5479 5528 5816 6359 8673 9036 9402 
#module 65 size: 8 bs: 1.04329
186 278 1698 4715 9408 10281 10286 11595 
#module 66 size: 7 bs: 0.798472
1274 1275 1648 2955 4294 5064 6652 
#module 67 size: 10 bs: 0.953494
715 2554 3470 3996 4534 5661 6155 6684 7331 8720 
#module 68 size: 6 bs: 0.969766
1070 1168 2782 3513 4085 10734 
#module 69 size: 25 bs: 0.993943
207 1689 1946 2983 3196 3763 3891 4035 4440 4512 4826 6254 6376 7215 7524 7525 7742 8278 8596 8910 10512 10631 10791 10894 11382 
#module 70 size: 19 bs: 0.892164
124 127 774 1879 2122 2927 3468 4915 7640 8397 8499 8696 8992 9394 9700 9830 10242 10715 12937 
#module 71 size: 11 bs: 0.592691
1293 2802 3408 4090 4685 5051 7870 9341 9344 12088 12790 
#module 72 size: 8 bs: 0.618002
101 389 2058 2796 3408 3734 8623 9390 
#module 73 size: 11 bs: 0.785285
3 446 608 1597 1891 3101 5623 5712 5984 6750 9941 
#module 74 size: 8 bs: 0.253011
349 1293 4200 6777 7658 9007 10195 12088 
#module 75 size: 8 bs: 0.828919
95 1305 1979 2008 2737 3580 3794 5058 
#module 76 size: 27 bs: 0.335155
122 601 976 1014 1094 1489 2455 3326 3512 3555 3856 4071 4248 4287 6154 6174 6424 6671 8545 8622 9413 9784 9957 10264 10931 11571 11878 
#module 77 size: 13 bs: 0.17405
575 2758 2800 4158 6846 7561 7918 9416 10137 11007 11142 11393 11556 
#module 78 size: 6 bs: 0.623717
428 451 1226 1656 4676 4766 
#module 79 size: 30 bs: 0.705256
121 506 563 1072 1102 1285 1297 2019 2599 2616 3312 3918 4053 4222 4432 5450 5647 5995 6442 6474 7169 7264 7346 8277 8820 9547 9743 10885 11445 11660 
#module 80 size: 36 bs: 0.553694
147 708 764 870 1359 2441 2627 2637 3130 3327 3550 3946 3955 3995 4286 4367 5140 5538 5783 7127 7179 7286 7441 7476 7711 8032 9113 9397 9419 9546 9695 10140 10362 10445 10717 11498 
#module 81 size: 18 bs: 0.1644
306 1200 1749 2860 2964 3387 3676 4011 4525 4999 5273 6218 6477 6937 7801 8600 10605 10639 
#module 82 size: 6 bs: 0.563372
1358 3582 3583 3654 6820 9373 
#module 83 size: 31 bs: 0.458977
1347 1874 2061 2063 2138 2176 2370 2793 2872 3028 3333 3510 3578 4805 4862 4865 5451 5673 6130 6217 6344 6348 7253 7728 9552 10174 10582 10830 11042 11411 12515 
#module 84 size: 23 bs: 0.131226
256 2328 2418 3050 4171 4686 5602 5826 5885 5981 5987 7563 8680 8785 9006 9077 9380 10108 10746 11245 11446 11572 12297 
#module 85 size: 5 bs: 0.633837
327 3646 3684 6491 9876 
#module 86 size: 29 bs: 0.742691
111 880 904 1280 1640 1734 1824 2806 2907 3252 3297 3478 3629 3816 4430 4597 5459 7103 7335 8452 8608 8872 9208 9422 9795 10235 10629 12559 12855 
#module 87 size: 44 bs: 0.798139
34 106 119 244 474 542 950 1099 1246 1294 1717 4201 4412 4474 4612 4672 4952 4986 5061 5573 5653 5921 6233 6341 6400 6892 7350 7639 8071 8074 8191 9185 9447 9667 9669 10035 10080 10106 10691 10939 10971 11209 11582 12667 
#module 88 size: 61 bs: 0.817159
47 316 927 1410 1464 1515 1909 2074 2111 2547 2551 2614 3054 3366 3575 3640 3688 3845 3851 3909 4448 4523 4599 4708 4806 4891 5139 5173 5496 5700 5721 5964 6197 6616 7167 7230 7363 7552 8073 8693 8711 8748 8792 8828 8949 9016 9350 9391 9489 9516 9851 10124 10324 10463 10484 10693 10915 11124 11418 12582 12881 
#module 89 size: 10 bs: 0.552569
529 977 3964 4475 5460 5918 6275 8011 9688 12790 
#module 90 size: 34 bs: 0.385693
1255 1459 1552 1781 1841 2400 2735 2788 3040 3811 3816 3837 4164 4213 4312 4597 5449 5613 5769 5849 5857 6382 6827 6960 6985 7184 7491 7720 7789 8228 8331 8848 10153 10625 
#module 91 size: 42 bs: 0.173064
231 261 804 1928 1955 2095 2640 2713 2768 2784 3137 3239 3342 3477 3715 3854 4217 4814 5131 5445 5585 6361 6601 6971 7304 7472 7615 8075 8299 8562 8671 8736 8813 8933 9442 10098 10510 11191 11429 11554 11733 12514 
#module 92 size: 56 bs: 0.594373
192 438 473 535 773 794 1048 1149 1153 1428 1659 2294 2352 2541 2579 2922 2929 3961 4078 4080 4176 4233 4528 4535 4601 4712 5283 5319 5535 5663 6177 6268 6459 6520 6911 7200 7298 7337 7561 7565 8150 8417 8498 8527 8968 9300 9440 9604 10218 10371 10454 10654 10672 10823 10881 11710 
#module 93 size: 6 bs: 0.390145
2816 3206 3207 4539 7398 10834 
#module 94 size: 18 bs: 0.396433
978 1008 2265 2436 2924 4150 4684 6468 6548 6619 7260 7385 7564 8585 8645 10392 11161 12514 
#module 95 size: 79 bs: 1.0948
10 36 375 578 834 1182 1276 1295 1513 1613 1647 1785 1926 2035 2289 2456 2467 2759 2766 2825 2882 2915 3219 3395 3410 3603 3648 4282 4584 4651 4713 4719 4746 4829 4978 5076 5107 5110 5198 5209 5397 5422 5425 5591 5802 6227 6349 7210 7288 7536 7634 8302 8402 8439 8478 8616 8714 8761 8810 9052 9382 9483 9624 9679 9708 9808 9884 9921 9986 10190 10343 10684 10887 10965 11106 11711 11814 12716 12782 
#module 96 size: 44 bs: 0.628135
131 865 1015 1420 1664 1721 1929 2069 2291 3280 3351 3718 3767 4406 4593 5082 5109 5292 5348 5350 6085 6307 6317 6321 6327 6549 6724 6869 7550 7551 7728 8593 8929 9030 9145 9383 9933 10021 10226 10765 11125 11213 12678 12873 
#module 97 size: 42 bs: 0.783492
29 207 1208 1383 1474 1689 1771 1937 1946 1969 2481 3272 3552 3554 3763 3781 4072 4119 4157 4291 4733 4826 5600 5818 6255 6864 7215 7496 8004 8111 8617 8722 8759 8910 9761 9991 10279 10631 10781 10791 10851 12095 
#module 98 size: 18 bs: 0.253874
211 510 2089 2101 2693 2835 3459 4084 4370 4779 5708 6983 7551 7728 9002 9145 11142 11152 
#module 99 size: 25 bs: 0.572835
260 432 508 2134 2844 3507 4763 5017 5285 6038 6230 6604 6727 6909 8263 8265 8412 8957 9073 9171 10566 10954 11027 11114 12953 
#module 100 size: 21 bs: 0.766273
886 1119 1706 2433 2695 2957 3223 3341 3347 3498 5685 5734 6027 6573 6612 7954 8055 10210 10220 11450 11966 
#module 101 size: 38 bs: 0.470741
41 90 160 384 436 729 900 1440 1762 1901 2039 2071 2123 2780 2797 3033 3036 3422 4670 4866 4985 5067 5359 5676 5968 6035 6084 6270 6445 6453 7374 7514 8375 9147 9302 10040 10157 11419 
#module 102 size: 23 bs: 0.110089
458 562 797 1253 1452 1689 2118 2121 2953 2954 4214 5357 5779 5909 6598 6767 7042 7259 8368 8969 10029 10911 11053 
#module 103 size: 20 bs: 0.951581
252 1689 1798 2205 2617 2969 3244 5408 5552 6364 6497 6511 7085 7378 7492 8134 8496 9186 9484 11715 
#module 104 size: 22 bs: 0.480076
1347 1458 1505 1587 2961 3134 4333 4341 6132 6335 6345 6347 7634 7728 7817 8476 10460 10519 10568 10753 11142 11696 
#module 105 size: 19 bs: 0.30325
161 232 824 1522 1549 4162 4407 4591 5766 6815 6957 7522 7984 8047 9165 10202 10356 11388 11556 
#module 106 size: 10 bs: 1.02771
828 1876 2194 2391 2991 2992 6290 8581 8961 11157 
#module 107 size: 8 bs: 0.661977
551 941 2089 6245 7278 7634 9375 10558 
#module 108 size: 12 bs: 0.663603
1634 2649 2888 2967 2998 4522 4807 4914 4959 6205 9113 12492 
#module 109 size: 30 bs: 0.790611
122 976 1042 1202 1489 2148 2472 2970 3371 3512 3563 3662 3747 3856 3963 4248 4283 5402 5783 6022 6671 6694 7203 8340 8737 9247 9588 9957 10264 10757 
#module 110 size: 23 bs: 0.674658
579 1360 1619 1679 1896 3334 3365 4005 4847 4935 5132 6014 6616 6694 7480 7602 8106 8257 8781 9660 9878 10103 10267 
#module 111 size: 10 bs: 0.736469
1003 1524 2789 4914 5673 6809 7480 8708 10267 11171 
#module 112 size: 5 bs: 0.695763
2145 2801 3397 6229 11006 
#module 113 size: 5 bs: 0.113816
1430 2767 5733 7434 7435 
#module 114 size: 21 bs: 0.163127
849 1689 2682 3171 3604 4249 4602 5386 5973 6944 7406 7802 7994 8200 8980 9458 9591 9906 10204 10240 11178 
#module 115 size: 35 bs: 0.271544
113 1066 1206 1425 2100 3088 3114 3124 3276 3786 4446 5085 5194 5908 6063 6226 6314 7036 8127 8328 8558 8791 9457 9677 10119 10532 11031 11118 11120 11121 11269 11558 11576 12514 12577 
#module 116 size: 5 bs: 0.418022
3796 6329 6332 7674 8448 
#module 117 size: 157 bs: 0.405645
142 329 355 430 452 604 673 766 833 894 938 995 1077 1174 1187 1247 1289 1296 1508 1748 1792 1805 1866 1924 1935 1988 2165 2568 2574 2699 2716 2781 2784 2852 3088 3096 3137 3164 3169 3210 3277 3369 3405 3417 3436 3452 3457 3461 3472 3488 3502 3679 3683 3716 3807 3816 3900 3906 3935 4006 4018 4059 4106 4160 4254 4292 4342 4355 4359 4473 4480 4509 4606 4642 4678 4889 4918 5008 5019 5091 5168 5197 5331 5349 5501 5537 5539 5757 5845 5846 5949 6018 6118 6127 6338 6416 6525 6535 6667 6720 6782 6790 7113 7211 7303 7313 7314 7389 7439 7623 7697 7814 7815 7864 7930 7934 8031 8046 8386 8401 8555 8571 8683 8730 8790 8803 8933 9072 9136 9159 9294 9363 9368 9459 9468 9807 9820 9873 10213 10328 10510 10652 10730 10907 10956 10995 11111 11112 11121 11147 11155 12162 12249 12591 12642 12889 12905 
#module 118 size: 11 bs: 0.319243
2941 3744 3771 4508 4524 5341 6586 6964 8881 8892 9825 
#module 119 size: 22 bs: 0.551623
497 622 1309 1712 2739 3426 3821 3876 4800 4942 5199 5656 6969 9421 9510 9598 9703 9734 10592 10914 10972 12670 
#module 120 size: 11 bs: 1.01106
694 2462 2835 4811 6132 6719 9113 9226 10232 11243 11410 
#module 121 size: 49 bs: 0.984856
442 453 521 708 1278 1726 1920 1980 1997 2110 2677 2829 2880 3214 3511 3853 4007 4035 4046 4092 4280 4286 4389 4649 4917 5280 5511 5576 5993 6023 6285 6434 6658 6736 7015 7256 7286 9047 9182 9298 9702 10140 10333 10354 10362 10617 10978 11233 11448 
#module 122 size: 33 bs: 0.860222
213 465 878 985 1740 1980 2627 2967 3198 3214 3511 3535 3755 3759 3946 4035 4419 4427 4758 5737 6023 6744 7174 7381 7464 7597 7614 8762 8876 9502 10574 11448 11491 
#module 123 size: 28 bs: 0.97707
488 1023 1039 1981 2435 2461 2508 2980 3108 3624 4227 4234 4345 4495 4638 4887 5612 6402 6554 6731 7274 7474 8326 8971 9264 9721 10694 10735 
#module 124 size: 6 bs: 0.108518
6077 7465 7627 7659 9479 10557 
#module 125 size: 62 bs: 0.40056
51 257 308 413 507 556 655 857 1661 1975 2023 2061 2063 2370 2463 2483 2630 2822 2851 3332 3333 3510 3936 3958 3986 3990 4070 4682 4865 5451 5478 5863 6070 6106 6433 7216 7480 7493 7533 7556 7644 8139 8158 8195 8442 8487 8668 8678 8744 8941 9079 9120 9490 9593 10132 10174 10267 10472 10504 10582 10800 10874 
#module 126 size: 16 bs: 0.292618
60 254 1941 2109 3962 4335 5033 6157 6279 6617 6623 6716 6718 7635 8860 10866 
#module 127 size: 19 bs: 1.04774
5295 6046 6142 6731 6982 7361 7649 7902 8070 8128 8399 8669 8946 9254 10158 10778 11395 11541 12672 
#module 128 size: 20 bs: 0.525622
217 309 400 918 1345 1532 1745 1864 2432 2435 2710 3188 4575 4731 5477 7189 7745 8528 9596 10905 
#module 129 size: 22 bs: 0.526381
885 959 1021 1155 2097 3308 3340 3673 3698 4604 4845 4867 5068 5208 6399 6922 7555 7746 7906 8738 8783 10550 
#module 130 size: 12 bs: 0.278577
1408 2393 2645 2764 3342 3599 4958 7853 7854 8387 9694 12867 
#module 131 size: 42 bs: 1.08181
174 402 541 547 1720 1893 2423 2493 2721 2740 2843 3194 4096 4377 4401 4571 4572 4630 4656 4979 5250 5464 5569 5838 6097 6131 6214 6590 7051 7228 7589 7612 7884 7914 7970 8110 8445 8728 9248 9717 10619 11501 
#module 132 size: 14 bs: 0.439913
183 824 911 1254 2984 3356 5054 5084 5568 5633 5709 6828 6852 9791 
#module 133 size: 11 bs: 1.0307
1149 4407 4539 5709 5766 6209 6834 6846 8305 10672 10822 
#module 134 size: 11 bs: 0.666552
103 635 1115 1439 4012 8935 9894 10746 11447 12697 12843 
#module 135 size: 6 bs: 0.42014
803 3686 5727 7508 8448 10680 
#module 136 size: 41 bs: 0.28723
209 345 374 1956 1993 2066 2067 2311 2317 2367 2371 2373 2375 2379 2386 2387 3290 3441 3913 4447 4472 4609 4868 5017 6167 6906 6913 8135 8749 8808 9034 9723 9891 9912 10662 11353 11355 11400 11664 11719 12663 
#module 137 size: 7 bs: 0.162306
997 1499 7728 8254 8492 10137 10862 
#module 138 size: 15 bs: 0.851768
947 3569 3810 4246 4454 4637 5633 7011 8154 9399 9555 10704 10883 12019 13006 
#module 139 size: 99 bs: 0.395725
7 28 184 590 762 820 986 1023 1098 1213 1219 1378 1554 1576 1577 1599 1816 1827 1840 1907 2242 2321 2414 2506 2525 2676 2910 2923 2937 3116 3224 3231 3247 3490 3524 3656 4092 4126 4172 4174 4366 4435 4443 4668 4669 4735 4815 4849 4949 5036 5047 5070 5232 5308 5339 5396 5486 5510 5526 5643 5752 5754 5764 5836 5907 5952 6114 6212 6507 6639 6673 7233 7481 7494 7683 7799 7818 8051 8125 8324 8494 8606 8789 8855 8883 8947 9009 9144 9587 9589 9924 9985 10250 10515 10673 10751 12382 12756 12972 
#module 140 size: 21 bs: 0.599647
28 370 491 1023 2083 2638 3373 4092 5526 5764 5836 6464 6918 6967 8049 8051 8494 8788 8978 9545 10274 
#module 141 size: 21 bs: 0.467811
812 1496 1859 2222 2944 3356 4993 5163 6304 6566 7102 7784 8078 8346 8424 8704 8716 8724 8770 9718 10779 
#module 142 size: 5 bs: 1.08249
3841 4920 5428 6514 9262 
#module 143 size: 10 bs: 0.220371
839 2888 3576 4639 6231 7780 8475 8672 9212 12397 
#module 144 size: 34 bs: 0.406855
226 925 1048 1659 2139 2180 2387 2541 2858 3226 3690 4029 4078 5345 5684 5695 6100 6231 6260 6520 6688 6715 6870 8224 8330 8498 9046 9300 9960 10823 10869 10957 12264 12953 
#module 145 size: 13 bs: 0.429523
2252 3148 3149 6093 6100 6230 6231 8956 10869 11038 11048 12397 12602 
#module 146 size: 22 bs: 0.984069
1433 1846 3827 3837 4168 4172 4693 5420 5604 5694 5702 6082 6144 6166 6692 7057 7453 7773 8079 9389 9942 10223 
#module 147 size: 12 bs: 0.993056
652 859 1395 4058 4843 5489 7037 8190 8311 9138 9871 12505 
#module 148 size: 33 bs: 0.77448
550 686 1023 1640 1734 2270 2404 2615 2806 2879 3146 3533 3816 4163 4597 4618 5020 5086 5415 5566 6004 6141 6504 6797 7608 8407 9422 10198 10235 10624 10835 10919 12891 
#module 149 size: 17 bs: 1.06218
152 373 1019 1959 2470 3578 3869 4468 4588 4893 5959 6025 6344 6900 8923 9414 11635 
#module 150 size: 20 bs: 0.595377
714 1854 2786 2959 3354 3613 4716 6235 6478 6765 6768 7409 7883 8186 8774 9409 9752 10114 10518 13010 
#module 151 size: 17 bs: 0.562667
907 1996 2838 3122 3126 3600 4421 5089 5153 5880 7188 7202 8214 8562 9097 10679 11147 
#module 152 size: 19 bs: 0.858858
596 1864 2160 2665 2837 2952 3649 5041 5112 5355 6155 6369 6664 6935 7056 7384 9540 9771 12997 
#module 153 size: 28 bs: 0.983883
695 1618 1689 2682 2969 4037 4101 4170 4232 4343 4579 4754 4907 5430 5862 6471 6863 6945 7741 8041 8261 8565 8772 9410 10175 10792 10884 12291 
#module 154 size: 12 bs: 0.247875
779 2960 4469 4948 7561 7727 8556 11058 11117 11137 11138 11308 
#module 155 size: 27 bs: 1.02617
188 516 721 2444 2971 3113 3180 3748 3780 4227 4840 4884 5674 5691 5780 6266 6340 7010 7181 7819 8389 8690 8755 8991 9611 10551 11545 
#module 156 size: 21 bs: 0.577589
172 317 400 459 2128 2267 2845 3086 3952 4073 4293 4458 4958 5786 5852 6706 7772 8836 9162 9215 10579 
#module 157 size: 10 bs: 0.790421
2109 2785 3301 4420 4782 7729 9578 10461 11137 11157 
#module 158 size: 33 bs: 0.262058
220 704 1122 1320 1572 1751 2328 2430 2847 3095 3857 4365 4683 5441 5499 6107 7154 7442 7629 7838 8096 8351 8372 8436 8580 9175 9437 9576 9580 10041 10060 10709 11340 
#module 159 size: 5 bs: 0.658237
361 5632 6621 11883 12214 
#module 160 size: 37 bs: 1.0529
159 1257 1564 1693 1729 2137 2635 3865 3904 4227 4244 4578 4615 4966 5336 5346 5438 5691 5951 6092 6181 7013 7166 7420 7630 7684 7822 7826 7988 8931 9417 9712 10309 10352 11142 11265 11266 
#module 161 size: 41 bs: 0.495663
64 159 953 1103 1257 1316 1567 1569 1686 1697 1729 1919 2635 2682 2956 3464 3828 4665 5017 5185 5429 5856 5862 6336 6344 6370 6443 6451 6534 7006 7040 7391 7736 7834 7989 8654 8802 9045 9202 10130 11142 
#module 162 size: 26 bs: 0.646976
532 1968 2133 3166 3493 4200 4339 4340 4920 6522 7289 8453 8531 8536 8656 8893 9290 9816 10829 11037 11070 11084 11279 12302 12969 13004 
#module 163 size: 57 bs: 1.04023
76 204 262 1065 1139 1147 1151 1170 1468 1862 1872 2080 2761 2791 2857 2963 3007 3637 3739 3993 4520 5117 5174 5379 5405 5942 6003 6050 6138 6158 6322 6528 6701 6884 6924 7062 7181 7383 7410 7537 7549 7689 8323 8695 8745 9164 9529 9561 9584 9768 9771 9973 10133 10142 11283 11614 12865 
#module 164 size: 15 bs: 0.485211
2 2130 2194 2938 4489 5684 5878 5985 6522 6820 6871 8293 8934 10405 11261 
#module 165 size: 72 bs: 0.502073
144 951 1206 1287 1654 1770 2100 2106 2144 2206 2389 2700 2749 2855 2951 3057 3088 3114 3124 3303 3502 3647 3733 3824 3966 4115 4137 4236 4358 4400 5085 5343 5765 5908 5925 5933 6295 6563 7142 7360 7427 7534 7544 7624 8054 8171 8558 9275 9361 9512 9524 9658 9662 9687 9969 10107 10119 10291 10388 10733 10845 10982 11092 11118 11121 11127 11424 11456 11554 11558 12514 12635 
#module 166 size: 25 bs: 0.860354
645 705 1095 1237 1494 2101 2673 3269 3872 4514 4780 4965 5155 5461 7067 7440 7958 8551 9322 9819 10661 10814 10825 11436 12609 
#module 167 size: 6 bs: 1.07799
2730 5578 6538 7050 9214 10123 
#module 168 size: 13 bs: 0.330392
878 1902 3160 3755 3759 4323 5811 6621 7758 9523 11261 11513 11712 
#module 169 size: 17 bs: 0.98606
397 1616 1741 3147 3418 4218 4856 6256 7330 8504 9089 9287 9745 10068 10382 11311 12488 
#module 170 size: 41 bs: 0.759015
203 205 595 1894 1976 2168 2184 2252 2275 2787 3418 3484 3756 4514 4860 4873 5155 5251 5266 5773 5875 6261 6312 6883 7255 7383 7573 7657 7703 8030 8328 8506 8827 9255 9666 9821 10096 10413 10661 10814 12602 
#module 171 size: 13 bs: 0.589989
292 1880 2031 2316 2365 2635 3271 3765 5614 5617 6883 6952 7384 
#module 172 size: 29 bs: 0.102792
209 369 606 775 1212 1943 2385 2411 2446 3723 3728 3838 3992 5017 6133 6231 6386 6572 8234 8332 8628 9071 9111 9560 10703 10803 10899 10930 11150 
#module 173 size: 36 bs: 0.565467
143 209 326 499 690 2065 2073 2312 2377 2378 2380 2382 2383 2384 2388 2409 3056 3775 4077 4189 4540 4575 4701 4703 4870 4878 5018 5211 6428 7318 7407 8483 9246 10611 11310 13006 
#module 174 size: 159 bs: 0.986185
123 190 220 359 395 537 540 692 718 811 862 961 1060 1227 1241 1377 1407 1466 1481 1483 1539 1791 1932 2024 2084 2142 2186 2192 2193 2209 2212 2215 2253 2406 2653 2883 2918 3017 3200 3204 3205 3260 3591 3776 3788 3818 3847 3852 3867 3914 3917 3989 4001 4033 4100 4371 4429 4461 4487 4517 4590 4622 4631 4641 4704 4718 4780 4923 4971 5221 5252 5263 5367 5400 5453 5492 5494 5559 5586 5707 5735 5740 5887 6071 6216 6274 6286 6300 6372 6550 6553 6567 6835 7072 7263 7292 7316 7377 7483 7504 7549 7554 7570 7595 7735 7743 7788 7832 7997 8084 8309 8349 8376 8392 8393 8430 8431 8434 8466 8771 8815 8845 8891 8922 9091 9123 9253 9338 9475 9495 9544 9570 9594 9790 9840 9904 9998 10079 10145 10193 10228 10296 10337 10344 10433 10480 10643 10677 10891 10970 11126 11143 11145 11165 11664 11994 12447 12595 12618 
#module 175 size: 44 bs: 0.608167
377 528 759 790 1348 1351 1632 2090 2132 2187 2188 2189 2190 2191 2194 2195 2213 2215 2216 2219 2646 2647 3342 3530 4091 4778 4969 4991 5034 5447 5659 5666 6723 6746 7358 7454 8396 9270 9378 9835 10111 10134 10262 11029 
#module 176 size: 117 bs: 1.07688
137 191 274 280 360 618 687 698 898 1023 1039 1224 1687 1714 1722 1819 1927 1961 1981 2060 2103 2272 2287 2316 2435 2508 2650 2682 2842 2846 2854 2862 2980 3132 3139 3203 3320 3449 3485 3565 3587 3674 3721 3736 3772 3789 3793 3883 3895 3932 4345 4537 4630 4636 4705 4731 4762 4824 4887 4945 5015 5179 5212 5242 5476 5512 5515 5854 6005 6162 6250 6327 6526 6531 6586 6731 7415 7424 7477 7571 7856 7861 7938 8012 8023 8101 8172 8199 8410 8437 8635 8710 8743 8987 8990 9041 9066 9075 9189 9209 9325 9343 9376 9622 9754 10019 10199 10209 10321 10357 10422 10613 10707 10712 11083 11169 11188 
#module 177 size: 10 bs: 1.06237
486 990 1080 4372 5364 5482 7432 7531 8982 10191 
#module 178 size: 108 bs: 0.62106
21 43 68 94 180 216 315 334 352 793 809 853 963 996 1001 1086 1125 1144 1175 1204 1411 1476 1624 1643 1706 1708 1735 1918 2001 2114 2157 2240 2292 2753 2783 2866 2936 3129 3474 3708 3732 3782 3792 3805 3902 4054 4143 4316 4334 4459 4577 4772 5040 5141 5154 5229 5277 5281 5365 5662 5806 5824 5919 5937 5958 6007 6415 6694 6968 7446 7473 7480 7591 7705 7797 7857 7888 8016 8285 8435 8442 8463 8472 8579 8852 8901 9082 9272 9360 9367 9651 9929 10067 10094 10238 10310 10402 10506 10522 10751 10779 11262 11514 11576 12549 12586 12648 12670 
#module 179 size: 24 bs: 0.262604
510 1635 2339 2607 2849 2876 3128 3393 3544 3861 4165 4925 6048 6241 7277 7551 7927 8440 8459 9145 10084 10232 10604 11591 
#module 180 size: 34 bs: 0.952382
22 133 166 301 344 426 1224 1301 1834 1845 2136 2681 3360 3737 3822 5629 5646 5976 6057 6199 6350 6560 7486 8823 8896 9289 9345 9964 10825 10925 11139 11338 11463 11989 
