#module 0 size: 2 bs: 3.42738e-101
4513 8459 
#module 1 size: 2 bs: 7.29417e-14
2278 5575 
#module 2 size: 2 bs: 5.06272e-101
1545 3771 
#module 3 size: 2 bs: 1.38505e-101
1003 7166 
#module 4 size: 2 bs: 2.33083e-101
2623 6062 
#module 5 size: 3 bs: 9.73419e-101
4688 7279 10729 
#module 6 size: 3 bs: 4.07072e-101
1866 2505 7526 
#module 7 size: 2 bs: 3.40792e-101
1437 5002 
#module 8 size: 4 bs: 3.36864e-101
3863 7505 7623 10327 
#module 9 size: 2 bs: 5.4609e-101
1196 1249 
#module 10 size: 2 bs: 7.19725e-102
4549 8175 
#module 11 size: 3 bs: 9.16659e-101
8401 9359 10637 
#module 12 size: 2 bs: 4.30783e-101
1292 9524 
#module 13 size: 3 bs: 6.29656e-101
1382 7303 7976 
#module 14 size: 3 bs: 6.37046e-101
3652 4124 5754 
#module 15 size: 2 bs: 5.90448e-101
7417 12880 
#module 16 size: 2 bs: 7.53776e-101
6460 7997 
#module 17 size: 3 bs: 9.32009e-101
5377 9127 9635 
#module 18 size: 2 bs: 1.43349e-101
5507 5804 
#module 19 size: 2 bs: 3.63436e-101
810 9468 
#module 20 size: 13 bs: 9.84936e-101
58 907 1069 2403 3227 3592 3664 3852 4497 4812 6041 6830 10636 
#module 21 size: 5 bs: 9.532e-101
206 625 3304 4340 4937 
#module 22 size: 3 bs: 7.16594e-101
1505 10171 10978 
#module 23 size: 4 bs: 5.5964e-101
1237 4255 6365 11556 
#module 24 size: 2 bs: 5.75895e-101
5528 7051 
#module 25 size: 3 bs: 2.10785e-101
1150 1319 1631 
#module 26 size: 3 bs: 9.00146e-101
1938 8825 9242 
#module 27 size: 3 bs: 8.61835e-101
2021 2999 7249 
#module 28 size: 2 bs: 6.19477e-06
989 10320 
#module 29 size: 2 bs: 4.27329e-101
7685 7885 
#module 30 size: 2 bs: 5.76771e-101
8345 10415 
#module 31 size: 3 bs: 7.49972e-101
1999 6459 6655 
#module 32 size: 3 bs: 1.51522e-101
2225 5592 10505 
#module 33 size: 2 bs: 8.4182e-101
7058 7800 
#module 34 size: 2 bs: 8.609e-102
7930 13055 
#module 35 size: 4 bs: 3.69704e-14
922 5098 5694 8857 
#module 36 size: 2 bs: 4.37271e-101
1699 5903 
#module 37 size: 4 bs: 2.8386e-101
1533 3368 4170 9359 
#module 38 size: 2 bs: 9.57213e-102
462 5948 
#module 39 size: 2 bs: 7.98694e-12
3798 7554 
#module 40 size: 2 bs: 1.4741e-101
2177 5080 
#module 41 size: 20 bs: 5.34369e-07
1189 1969 2793 3325 4084 4889 5399 5975 6182 6320 7319 7459 7589 8137 8198 9307 9713 9946 10072 10465 
#module 42 size: 3 bs: 8.75784e-102
7277 7642 10317 
#module 43 size: 3 bs: 1.16565e-101
3243 8688 9853 
#module 44 size: 2 bs: 7.60004e-101
1929 5302 
#module 45 size: 2 bs: 7.47005e-101
2555 3226 
#module 46 size: 3 bs: 2.55897e-101
5316 6856 7984 
#module 47 size: 2 bs: 7.91169e-101
6995 10370 
#module 48 size: 2 bs: 3.26257e-101
7504 8716 
#module 49 size: 4 bs: 1.55431e-15
492 2085 9135 9204 
#module 50 size: 5 bs: 6.07377e-101
3163 4072 5451 7190 8369 
#module 51 size: 2 bs: 5.06292e-102
1020 9400 
#module 52 size: 2 bs: 5.37284e-101
5641 8787 
#module 53 size: 3 bs: 7.75666e-101
3095 3414 6688 
#module 54 size: 2 bs: 8.36058e-101
5239 11602 
#module 55 size: 3 bs: 1.25442e-10
205 5451 7721 
#module 56 size: 2 bs: 2.64692e-102
5370 6020 
#module 57 size: 2 bs: 3.11435e-101
610 1960 
#module 58 size: 6 bs: 7.21789e-101
2670 3137 3186 4982 5398 6574 
#module 59 size: 29 bs: 3.53243e-06
303 589 887 1031 1049 1218 1385 1620 1798 2024 2696 2912 3061 3647 3869 4397 5415 5552 5865 5958 6795 7044 7516 7968 8710 8719 8828 9685 10804 
#module 60 size: 2 bs: 7.01528e-101
1427 2270 
#module 61 size: 10 bs: 6.9418e-101
1335 1583 4157 4354 6046 7210 8061 8122 10769 11215 
#module 62 size: 4 bs: 6.45988e-101
505 768 1732 7083 
#module 63 size: 21 bs: 7.12078e-09
718 2983 3032 3324 3936 4184 4241 4308 4430 5099 5467 5730 6587 7087 7198 7266 7333 7858 8332 10001 11141 
#module 64 size: 3 bs: 2.86428e-101
4930 5117 7917 
#module 65 size: 3 bs: 6.87239e-101
726 2473 6384 
#module 66 size: 29 bs: 0.0259606
934 1818 1992 2141 2250 2696 2717 2953 3253 3688 3816 3997 4325 4432 5247 5419 5671 5988 6056 6904 7087 7506 7700 7854 8691 8992 10556 10662 10672 
#module 67 size: 6 bs: 9.32205e-102
3478 6176 6273 9929 10910 12638 
#module 68 size: 5 bs: 4.95937e-13
791 860 2301 3299 7701 
#module 69 size: 4 bs: 7.57096e-101
608 3967 8551 9296 
#module 70 size: 6 bs: 3.2245e-101
3724 4382 5880 6664 8931 10115 
#module 71 size: 4 bs: 7.98251e-101
1845 3308 8777 8907 
#module 72 size: 4 bs: 9.74037e-101
868 3748 4469 9255 
#module 73 size: 7 bs: 1.07372e-101
1512 1573 2572 4990 5300 5483 10253 
#module 74 size: 7 bs: 5.10624e-101
637 1212 7045 9540 9921 10543 11338 
#module 75 size: 6 bs: 4.87399e-101
2926 3891 5327 5418 6247 6675 
#module 76 size: 18 bs: 0.000952948
1417 2289 2451 2693 3208 3286 3747 4910 5241 6176 6437 7196 7429 7627 7818 8099 9181 11145 
#module 77 size: 5 bs: 5.96544e-11
968 1482 3484 8581 11840 
#module 78 size: 9 bs: 5.50155e-08
894 1646 2098 2450 3396 4072 5112 5141 7893 
#module 79 size: 31 bs: 5.66925e-10
350 558 569 710 1567 2068 3032 3540 3806 4179 4481 5050 5355 5660 5788 6131 6287 6867 6918 6964 6992 7011 7021 7702 7931 8719 9632 10164 10323 11007 11335 
#module 80 size: 8 bs: 1.06934
690 2025 2238 3022 3205 3703 7945 8447 
#module 81 size: 15 bs: 0.581955
967 1140 1710 2115 2212 3201 5208 5242 5902 5921 6450 7692 8537 10312 12661 
#module 82 size: 24 bs: 0.82737
346 554 992 1519 3131 3420 3428 3518 3615 3753 4561 4652 6013 6086 6420 7740 8178 8227 9342 10134 10298 10820 11334 12609 
#module 83 size: 17 bs: 0.522536
580 2210 2730 3407 3590 3865 4110 4806 5638 6352 6661 7850 8750 9091 10658 12642 12881 
#module 84 size: 5 bs: 1.00852
335 2003 3839 3990 6986 
#module 85 size: 4 bs: 0.767151
1200 1667 1781 5249 
#module 86 size: 10 bs: 0.618593
4139 6560 6657 7300 7379 9151 9960 10870 11209 11712 
#module 87 size: 10 bs: 0.868524
366 1907 2237 2384 7881 8788 8899 9944 9973 11018 
#module 88 size: 16 bs: 0.647383
878 1457 2480 4541 5687 5698 5739 6226 6491 6701 6769 6822 8314 8327 9553 10341 
#module 89 size: 6 bs: 0.514666
528 10286 10359 10773 10964 11371 
#module 90 size: 14 bs: 0.903042
655 724 1423 1898 3764 4678 5789 6563 6610 7900 8109 8565 8613 10146 
#module 91 size: 6 bs: 0.223848
2343 4461 5228 8381 8940 10082 
#module 92 size: 30 bs: 0.63437
292 553 945 1342 1566 1789 1904 2299 2585 3994 4575 4733 4789 4968 5735 5896 6434 6600 6720 7438 7493 7546 8015 8694 8970 8984 9356 9681 10593 12475 
#module 93 size: 3 bs: 0.544838
3220 7791 10484 
#module 94 size: 3 bs: 0.430038
2481 4126 7624 
#module 95 size: 5 bs: 0.116657
85 1498 1653 8181 8642 
#module 96 size: 8 bs: 0.766832
2824 3713 6927 7025 8029 8374 11412 12726 
#module 97 size: 4 bs: 0.776597
33 1225 5061 5819 
#module 98 size: 32 bs: 0.219457
243 320 439 657 1395 1835 2098 2204 2304 2356 3130 3161 5190 5209 5350 5660 5696 5717 5950 6833 7434 7921 8216 8260 8579 8989 9591 9979 10029 10447 10569 11708 
#module 99 size: 4 bs: 0.10808
3158 4024 7032 10477 
#module 100 size: 17 bs: 0.844632
191 430 530 542 1093 3828 4253 4825 4976 5347 5431 5441 6334 6745 7115 8100 8823 
#module 101 size: 5 bs: 0.156079
1712 3469 4790 6662 9196 
#module 102 size: 6 bs: 0.923126
1666 1716 4016 5935 6271 9915 
#module 103 size: 15 bs: 0.170805
625 1650 2688 3065 3078 3178 3478 5388 6201 6300 7673 8446 8858 9427 9924 
#module 104 size: 5 bs: 0.146856
3133 7416 7585 9111 10242 
#module 105 size: 5 bs: 0.298672
1962 3261 3374 9920 10272 
#module 106 size: 9 bs: 0.94524
572 2097 4859 5442 5499 6535 9225 10123 10275 
#module 107 size: 18 bs: 0.896072
1731 2435 2742 3192 4025 4044 4448 5635 5997 6442 7263 7662 7673 8150 8206 8406 8420 12638 
#module 108 size: 13 bs: 0.625305
676 1048 2274 3063 3551 5056 5398 7851 8295 8493 8888 9740 10200 
#module 109 size: 6 bs: 0.861331
771 4049 4455 5340 7274 8953 
#module 110 size: 9 bs: 0.236341
539 1135 1490 4395 6544 6899 7014 8200 10819 
#module 111 size: 7 bs: 0.75434
2088 2119 3322 6385 7435 10546 10978 
#module 112 size: 5 bs: 0.169989
354 1581 3347 9013 10122 
#module 113 size: 7 bs: 0.23006
437 3200 6154 6629 7355 7565 9224 
#module 114 size: 4 bs: 0.332146
1486 2161 2269 7995 
#module 115 size: 6 bs: 0.595
2012 3068 5400 5936 10023 10483 
#module 116 size: 5 bs: 0.506146
1865 2077 3110 3398 4119 
#module 117 size: 24 bs: 0.884285
779 1240 1541 1563 2696 3124 3139 6074 6950 6966 7899 7938 8017 8826 8830 9189 9194 9535 9584 9978 10082 10846 10936 12297 
#module 118 size: 5 bs: 0.464009
3083 4702 5328 5659 10020 
#module 119 size: 5 bs: 0.410728
622 1272 4426 5976 9721 
#module 120 size: 10 bs: 0.385992
271 1543 1725 2559 3020 5495 7447 8107 8818 9403 
#module 121 size: 9 bs: 0.633479
611 1058 1108 3781 8036 8170 10091 10329 11400 
#module 122 size: 17 bs: 0.183446
194 344 412 1644 1758 2101 3104 3204 4595 4807 6276 7482 7575 8605 8749 8773 9297 
#module 123 size: 3 bs: 0.70393
3134 4631 7529 
#module 124 size: 21 bs: 0.702068
1160 1586 2152 2411 2928 3280 3449 3763 3790 3968 6391 6468 6829 7044 7084 7378 7717 9040 9210 9893 10135 
#module 125 size: 11 bs: 0.536079
2747 3405 4601 4753 5118 5243 6962 8455 8543 10809 11488 
#module 126 size: 7 bs: 0.453512
881 2967 4315 6576 7857 10602 11020 
#module 127 size: 6 bs: 0.928335
571 584 1204 3825 5810 10165 
#module 128 size: 18 bs: 0.357158
1610 2407 2527 2753 3189 3401 3439 3634 3949 4154 4361 5764 7112 7699 9667 9747 9862 10706 
#module 129 size: 5 bs: 0.718037
1374 4035 5796 8077 8871 
#module 130 size: 13 bs: 1.05469
441 566 1838 1927 2572 3761 5336 6623 7286 7404 8231 8777 10584 
#module 131 size: 10 bs: 0.266399
964 1561 2645 3334 5063 5116 5487 8464 8839 9668 
#module 132 size: 9 bs: 0.137722
557 3946 4116 4368 5160 6024 6611 6941 9149 
#module 133 size: 4 bs: 0.652783
4412 5984 8800 8852 
#module 134 size: 7 bs: 0.140982
1176 3552 3571 3812 5969 6130 8995 
#module 135 size: 37 bs: 0.168113
20 300 713 915 924 1554 1572 1693 1933 2329 2513 2552 3071 3532 3716 4428 4709 5182 5283 6134 6273 6324 6736 6904 6938 7271 7794 7839 8256 8703 8977 10310 10728 10747 10832 10888 11593 
#module 136 size: 4 bs: 0.940108
3770 6724 9001 11079 
#module 137 size: 15 bs: 0.675549
52 1658 2268 2872 3004 3119 4377 4462 6061 6341 6710 7491 7694 9517 11117 
#module 138 size: 10 bs: 0.356329
177 511 1028 2312 3285 3925 6089 7310 9413 10222 
#module 139 size: 5 bs: 0.265062
327 3923 4301 8673 8759 
#module 140 size: 13 bs: 0.898621
691 761 1106 1936 3477 3794 3817 4244 5701 5823 7543 8376 10933 
#module 141 size: 14 bs: 1.09107
2376 2718 4123 4464 5924 6768 6993 8659 9279 9745 10173 10922 11110 11251 
#module 142 size: 7 bs: 1.0841
760 3306 3736 5753 6184 7581 9175 
#module 143 size: 4 bs: 0.689132
1984 3125 6218 7669 
#module 144 size: 20 bs: 0.846691
29 641 1132 2069 3336 3359 4697 4775 5217 6270 6390 6621 6747 7140 7226 7530 7572 7932 9958 10527 
#module 145 size: 5 bs: 0.998686
2933 3174 5417 5768 6050 
#module 146 size: 12 bs: 0.469954
57 2118 3612 3768 4907 4955 6979 7979 8086 9654 10825 10980 
#module 147 size: 15 bs: 0.557018
1852 2200 3394 3614 3681 3795 5126 6006 6261 6880 6928 7993 8860 10845 10948 
#module 148 size: 5 bs: 0.920731
4511 6109 7670 8139 8422 
#module 149 size: 43 bs: 0.936978
201 1275 1553 2080 2240 2331 2621 2638 2658 2770 2993 3818 3947 4520 5253 5289 5580 5594 6063 6673 6725 6845 7181 7621 7655 8035 8474 8572 8670 8681 9037 9068 9130 9184 9253 10114 10482 10506 10538 10616 11087 11111 11219 
#module 150 size: 20 bs: 0.204315
621 1221 2683 3184 3670 3944 3982 4249 4288 6316 6833 7306 7442 7751 7844 7977 8804 8856 9304 9687 
#module 151 size: 27 bs: 0.915
180 629 649 845 909 972 982 1312 3179 3471 4227 4606 4801 5019 5083 5718 5962 6183 7262 7290 7405 7409 8158 8360 9139 9485 11701 
#module 152 size: 6 bs: 0.903865
2295 2498 3306 7509 9175 9300 
#module 153 size: 10 bs: 0.851766
159 1652 2469 3978 5555 5848 6956 7716 8053 9077 
#module 154 size: 7 bs: 0.446069
773 2515 2543 4243 6359 6853 10737 
#module 155 size: 5 bs: 0.308543
984 3776 5566 9864 10910 
#module 156 size: 5 bs: 1.06323
3191 7399 8118 10598 11699 
#module 157 size: 9 bs: 0.833071
60 1238 1565 1687 3157 6425 7884 9824 10587 
#module 158 size: 3 bs: 0.506592
4294 8147 8932 
#module 159 size: 16 bs: 0.989908
782 1510 1674 2393 2517 3123 3935 4318 6165 7303 7821 8125 8290 8296 9364 12712 
#module 160 size: 7 bs: 0.178476
16 486 3837 4267 8083 8194 10899 
#module 161 size: 4 bs: 0.451992
2198 3919 4618 10535 
#module 162 size: 3 bs: 0.142532
1542 3824 3864 
#module 163 size: 4 bs: 0.44765
848 1213 7171 10583 
#module 164 size: 8 bs: 1.08181
2946 3384 5397 6023 8162 10349 10396 10703 
#module 165 size: 5 bs: 0.875396
1445 3058 3544 4597 7684 
#module 166 size: 6 bs: 0.240256
4070 4396 6297 6665 7500 9088 
#module 167 size: 14 bs: 0.761215
778 926 1681 2604 6120 6307 6819 6927 7710 8246 8692 9488 10119 11026 
#module 168 size: 11 bs: 1.05067
631 2508 3602 4088 5109 5365 6323 7659 8766 9202 9500 
#module 169 size: 21 bs: 0.836617
1116 2287 2367 2537 2635 2898 4145 4366 4886 4966 5539 5615 6128 7783 8410 8842 9209 9217 9580 10103 10318 
#module 170 size: 10 bs: 0.402687
1041 1994 2870 3097 4373 6797 9708 9970 10408 10751 
#module 171 size: 5 bs: 0.163232
4573 5100 5458 7019 9441 
#module 172 size: 8 bs: 0.766743
1836 3109 3650 4715 5198 6695 7541 10916 
#module 173 size: 7 bs: 0.428545
1527 3594 3785 6936 7898 8054 9193 
#module 174 size: 8 bs: 0.154918
3720 4259 4291 5156 6554 10155 10403 10522 
#module 175 size: 13 bs: 0.853556
507 1737 2349 2397 3059 3424 6275 6475 6563 7958 8204 8663 10781 
#module 176 size: 8 bs: 0.966834
1401 2395 2947 5385 6661 8955 9712 10952 
#module 177 size: 9 bs: 0.758752
1398 6147 6705 6755 7017 7912 8117 10291 10734 
#module 178 size: 10 bs: 0.130928
2025 2489 2564 2656 2910 3465 3855 4744 6457 8828 
#module 179 size: 22 bs: 0.486482
174 1024 1073 1492 1503 1811 2072 2600 3005 3168 3316 5091 5866 6367 6744 7426 7668 7909 8242 8570 9223 10376 
#module 180 size: 10 bs: 0.984575
1007 1029 1039 1732 7264 8135 8717 9099 9570 11010 
#module 181 size: 3 bs: 0.818149
4112 6686 7139 
#module 182 size: 11 bs: 0.201279
26 927 2235 5636 6188 6659 8404 9115 9453 9494 10884 
#module 183 size: 15 bs: 0.368941
646 720 3574 4158 4834 5402 5477 6114 6473 6606 6687 6930 7028 8791 9455 
#module 184 size: 6 bs: 0.498302
3659 6177 6877 7398 10733 11099 
#module 185 size: 22 bs: 0.952948
322 1040 1174 2143 3318 3560 3585 4406 4436 4467 4887 5331 5403 5691 6731 7086 7455 8600 8683 10041 10501 10768 
#module 186 size: 6 bs: 0.694749
4193 5429 6527 6589 7789 8160 
#module 187 size: 43 bs: 0.187229
108 783 847 981 1074 2366 2372 2434 2979 3032 3531 4235 4384 4492 4977 5079 5085 5630 5708 5803 6448 6588 6715 6742 6909 7131 7873 7968 8161 8176 8329 8333 8890 8989 8991 9027 9268 9852 10284 10369 10557 10755 10758 
#module 188 size: 14 bs: 0.211478
37 1465 1523 1998 2583 2868 3571 3930 6268 7312 7854 10239 10634 11072 
#module 189 size: 12 bs: 0.913599
2764 3350 4425 4634 5120 6065 7458 7517 7942 8257 8488 9142 
#module 190 size: 9 bs: 0.650424
573 1496 1612 3254 4784 7527 7683 8466 8734 
#module 191 size: 4 bs: 0.730366
1543 3963 5259 9786 
#module 192 size: 16 bs: 0.101018
836 883 994 1976 2257 2353 3188 4706 5628 6153 6637 7319 9021 10626 10868 12893 
#module 193 size: 5 bs: 0.2989
2487 2780 4137 5953 11694 
#module 194 size: 5 bs: 0.311959
4735 5621 6827 7288 10928 
#module 195 size: 3 bs: 0.129442
4632 9607 10526 
#module 196 size: 10 bs: 1.08253
15 239 3142 5032 6467 7171 8775 9033 10230 11694 
#module 197 size: 43 bs: 0.224877
166 270 636 1626 1795 2028 2103 2691 2699 2838 2889 3236 3244 3382 3835 3898 4143 4338 4577 4610 5526 5867 6523 6579 7462 7470 7720 7723 8142 8299 8582 8672 8706 8728 8817 9007 9049 9122 9919 10564 10750 10944 12003 
#module 198 size: 14 bs: 1.03488
1340 1806 2320 3100 3194 3813 3914 4995 5307 6641 6922 8195 9066 9910 
#module 199 size: 14 bs: 0.905176
624 1822 3883 4651 4728 5086 5662 5836 6003 6486 6944 6953 8282 10211 
#module 200 size: 11 bs: 0.278378
1185 2151 3195 3421 3968 4579 4739 4796 5273 5413 6757 
#module 201 size: 8 bs: 0.159601
28 2190 4582 7484 9161 10481 10544 10559 
#module 202 size: 6 bs: 0.782593
1425 2777 3481 6898 8933 10976 
#module 203 size: 4 bs: 0.695508
695 5688 6466 6947 
#module 204 size: 9 bs: 0.55614
1926 3042 3642 3959 4268 5378 6564 7247 9267 
#module 205 size: 9 bs: 0.144991
145 1308 1399 3553 3922 4135 4290 4680 8402 
#module 206 size: 12 bs: 0.862228
1202 1213 5088 5949 6465 6676 8339 9327 9790 9799 10234 10857 
#module 207 size: 13 bs: 1.00826
1491 2243 3372 4347 4732 5781 8091 8405 8628 9293 10113 10184 10236 
#module 208 size: 8 bs: 0.429969
762 960 1287 6087 6334 8428 10024 10689 
#module 209 size: 12 bs: 0.612403
184 1079 2214 2882 3112 3542 4946 5366 6485 7336 8877 10947 
#module 210 size: 5 bs: 0.971303
1609 8056 8662 10175 11097 
#module 211 size: 35 bs: 0.4649
169 587 1227 1559 1826 1875 2419 2593 2980 3402 3698 3774 4217 4705 4895 5401 5785 6312 6393 6580 6919 6978 7034 8797 8830 9158 9188 9390 9999 10789 10835 10992 10996 11225 11383 
#module 212 size: 4 bs: 0.508924
2179 5666 5992 7394 
#module 213 size: 21 bs: 0.492367
96 217 304 713 1132 1366 1821 3649 4115 4481 5213 6872 7080 7287 8115 8571 9554 9774 9950 10022 10629 
#module 214 size: 14 bs: 0.534709
574 983 1103 1195 1305 2815 3547 4588 4912 5761 6852 6876 9431 11551 
#module 215 size: 12 bs: 0.473871
585 601 1008 3122 3575 4984 6982 7077 8140 8300 10776 11267 
#module 216 size: 16 bs: 0.891386
295 705 1336 1507 2116 3988 4031 4300 5021 5816 6051 6085 6376 6610 8187 8885 
#module 217 size: 28 bs: 0.287335
173 356 548 642 1349 2438 2587 3021 3265 3464 3489 3582 3794 3995 4335 5060 5104 5192 5610 6798 6805 6817 7730 8998 9034 9216 10378 10687 
#module 218 size: 8 bs: 0.189764
1078 1210 2639 5070 5900 5927 7321 8322 
#module 219 size: 9 bs: 0.312289
550 1333 2541 5037 6083 6382 7261 9206 10082 
#module 220 size: 6 bs: 0.656919
3031 3101 4932 7866 10887 12635 
#module 221 size: 3 bs: 0.342133
8554 10617 10712 
#module 222 size: 9 bs: 0.407802
69 1509 1557 1584 5411 6231 9984 10897 11102 
#module 223 size: 5 bs: 0.254498
1702 3215 3243 6258 6862 
#module 224 size: 5 bs: 0.738444
1833 5807 6426 9009 10425 
#module 225 size: 19 bs: 0.58727
1137 1577 1833 1896 2086 3085 3495 4961 6175 6509 6542 7160 7852 8162 8615 9838 10127 10857 11377 
#module 226 size: 22 bs: 0.162106
488 879 1548 1809 2126 2321 3320 4129 4276 4451 4646 4838 5359 5491 7257 7456 7657 7706 8071 10637 10771 10810 
#module 227 size: 26 bs: 0.618463
699 1107 1419 1458 2386 2439 2482 2778 3057 3473 3479 3546 4630 5154 5465 5647 5672 5942 6647 7125 7347 8104 8648 10192 10336 11119 
#module 228 size: 30 bs: 0.979414
551 700 849 1261 2060 2200 2775 2811 3483 3577 3717 4420 4670 4985 5075 5564 5882 5892 6135 6677 6834 7069 7228 8059 8289 8889 9766 11340 11572 12584 
#module 229 size: 7 bs: 0.665116
317 1463 1777 3117 3223 5082 9489 
#module 230 size: 7 bs: 0.634896
2880 3095 6892 7089 7469 11100 12944 
#module 231 size: 33 bs: 0.47715
41 314 383 620 973 1155 1244 1343 2677 3463 3665 4216 4537 4554 5151 5193 5351 5556 5632 5665 5898 6311 6432 6578 6590 6922 7888 8038 8081 8205 11106 11162 11435 
#module 232 size: 9 bs: 0.256527
374 481 3235 3777 5197 5694 6392 8725 10669 
#module 233 size: 10 bs: 0.595729
1280 1403 3090 6245 6301 6870 6920 7339 9621 12264 
#module 234 size: 7 bs: 0.147515
98 832 1406 6456 7179 7344 7396 
#module 235 size: 15 bs: 0.723594
265 1868 2294 3026 3200 3705 3952 4721 5223 5947 8697 9197 9944 10270 12652 
#module 236 size: 21 bs: 1.02358
106 211 434 1332 2538 3385 3997 4102 4140 4405 5225 5744 6094 6257 6614 7363 8273 8843 9011 9039 10557 
#module 237 size: 11 bs: 0.845745
976 2437 3657 5180 5927 7114 9985 10509 10675 10951 11223 
#module 238 size: 7 bs: 0.537142
594 1381 2942 5763 6541 8912 9536 
#module 239 size: 4 bs: 1.08297
2807 6875 8010 10717 
#module 240 size: 11 bs: 1.05502
698 885 1624 1696 1698 4022 4339 5152 5963 6175 6498 
#module 241 size: 9 bs: 0.821894
2323 3808 5616 5929 8590 8668 9811 10679 12019 
#module 242 size: 6 bs: 1.06643
1914 2584 2808 5623 6839 7943 
#module 243 size: 10 bs: 0.658131
30 3831 4798 8563 8867 10218 10959 11124 11405 12506 
#module 244 size: 9 bs: 0.977933
209 1999 3166 4582 5261 5391 5482 6879 10337 
#module 245 size: 22 bs: 0.638427
456 1113 1348 1416 1500 2163 2837 2924 3182 3277 3346 3524 3634 3743 5676 6412 7015 8006 8308 10981 11451 11509 
#module 246 size: 10 bs: 0.939054
343 722 874 1578 2013 2432 7258 8639 10612 12125 
#module 247 size: 26 bs: 0.710526
76 871 980 1412 1575 1707 2187 3159 3315 3513 3845 3943 5084 5653 6310 6810 6840 7040 7359 7381 8356 9534 9627 9757 9860 10046 
#module 248 size: 5 bs: 1.04367
586 1814 6428 7014 9650 
#module 249 size: 8 bs: 0.224828
3349 4357 5850 6752 7775 7929 8985 11705 
#module 250 size: 17 bs: 0.277006
2093 2168 3071 3643 3645 4447 4529 4579 6116 6468 7408 8792 9189 9965 10043 10936 12494 
#module 251 size: 12 bs: 0.556233
1180 1571 4457 4870 5475 5973 6709 8349 8461 9305 10056 10746 
#module 252 size: 15 bs: 0.377471
267 390 1916 3128 3557 3860 4121 4248 4518 4572 5840 6476 7564 7667 9671 
#module 253 size: 7 bs: 0.209135
596 4182 4677 5721 6708 7535 11436 
#module 254 size: 6 bs: 0.333459
2675 3298 3607 5864 6688 11021 
#module 255 size: 9 bs: 1.02345
365 1447 1635 2640 4056 4089 4221 4548 6180 
#module 256 size: 60 bs: 0.502774
67 623 665 914 952 1194 1604 1649 1717 1766 1787 1951 2167 2425 2786 2981 3137 3238 3510 3588 3632 3998 4297 4794 4991 5186 5196 5395 5426 5603 5851 6404 6447 6463 6505 6577 6729 7322 7548 7805 7856 8011 8024 8236 8267 8521 8664 9032 9041 9174 9360 9487 10088 10861 10931 11014 11113 11231 11643 11936 
#module 257 size: 47 bs: 0.863631
704 873 905 1123 1512 1618 2736 3010 3114 3260 3498 3599 3689 3916 3918 4203 4230 4282 4312 4317 4444 4533 5518 5559 5943 6111 6181 6336 6386 6575 6638 6865 6970 7071 7365 7859 7935 7989 8611 9529 10387 10551 10680 10838 10854 11108 11393 
#module 258 size: 5 bs: 0.610567
3617 5584 6814 7358 9243 
#module 259 size: 4 bs: 0.954406
2524 5288 9538 11448 
#module 260 size: 5 bs: 0.344078
503 1033 3426 3793 10950 
#module 261 size: 10 bs: 0.82768
798 875 3062 4477 4546 5292 5497 6924 10215 11840 
#module 262 size: 5 bs: 0.730999
1314 3739 4459 7864 10058 
#module 263 size: 9 bs: 1.00284
1125 2227 2662 4177 5481 6791 7156 9876 10475 
#module 264 size: 7 bs: 0.183721
492 1127 4521 6211 7342 10168 13043 
#module 265 size: 5 bs: 1.00139
4104 4849 9483 10276 11497 
#module 266 size: 13 bs: 0.545621
136 784 1072 1440 3181 5982 7614 7750 8278 8937 9495 9521 12545 
#module 267 size: 7 bs: 0.705594
474 954 1601 2033 5170 5686 6137 
#module 268 size: 10 bs: 0.576194
8 328 1056 3971 4521 5862 6365 6366 7319 11169 
#module 269 size: 3 bs: 1.02186
5993 6917 8882 
#module 270 size: 8 bs: 0.718922
906 1038 2157 6712 6808 9079 9859 9895 
#module 271 size: 19 bs: 0.164672
256 592 1517 1764 3275 3627 3843 4372 5470 5642 6327 6759 6960 8019 8203 10404 10863 11092 12605 
#module 272 size: 7 bs: 0.539235
876 1144 1167 4411 5933 8384 10081 
#module 273 size: 19 bs: 0.741538
593 820 1832 1981 3155 3608 3867 5294 5387 6613 8238 8443 8674 9098 9548 9994 10014 10439 11097 
#module 274 size: 4 bs: 0.168331
84 1753 4096 10623 
#module 275 size: 5 bs: 0.215361
882 1262 1487 2970 3637 
#module 276 size: 7 bs: 0.805131
1209 1476 4286 5560 8597 9873 10568 
#module 277 size: 8 bs: 0.824945
3 2313 2342 4223 7834 8361 10264 10624 
#module 278 size: 7 bs: 0.124741
917 1530 5167 6250 8883 9057 10943 
#module 279 size: 3 bs: 0.909076
7647 9347 11589 
#module 280 size: 4 bs: 0.483443
3276 4358 4827 7259 
#module 281 size: 6 bs: 0.59283
1989 4828 9551 9689 10677 10754 
#module 282 size: 4 bs: 0.537719
3605 4161 7610 8969 
#module 283 size: 26 bs: 1.0305
458 648 1274 1317 1347 1460 3240 4949 5285 5576 5634 5791 5909 6242 6646 6895 6932 7050 7978 8009 8164 9637 9851 10124 10508 11073 
#module 284 size: 12 bs: 0.984481
923 1193 1322 2529 3213 3502 3842 4839 5649 9645 10627 10638 
#module 285 size: 18 bs: 0.90432
1439 2428 3331 5494 5549 6188 6195 7231 8006 8408 9020 9096 9456 10152 10308 10640 10691 11473 
#module 286 size: 11 bs: 0.460308
2614 3090 3232 3255 3809 4409 5271 6313 8330 8389 10399 
#module 287 size: 15 bs: 0.307877
535 1886 2899 3499 4616 6235 6520 7213 7467 8031 9147 9152 9753 10057 10460 
#module 288 size: 11 bs: 0.601901
1833 2228 2978 3549 4884 7169 7372 7424 7724 8214 9331 
#module 289 size: 4 bs: 0.943101
34 2569 6021 10660 
#module 290 size: 11 bs: 0.136017
140 1170 2616 4156 4624 5443 5607 6202 8080 8904 10067 
#module 291 size: 3 bs: 0.272335
3820 4173 4621 
#module 292 size: 7 bs: 0.52038
1276 4487 7172 7193 9394 9697 11109 
#module 293 size: 9 bs: 0.426071
1272 1704 2485 2624 2698 4563 4962 6047 10466 
#module 294 size: 9 bs: 0.74461
2373 4307 5252 5444 6482 6526 9042 9486 10886 
#module 295 size: 6 bs: 0.333116
3271 5908 7804 8923 9092 9204 
#module 296 size: 14 bs: 0.722944
215 1900 2162 2427 2791 2893 3190 4363 7418 8495 8971 9316 9442 10374 
#module 297 size: 3 bs: 1.04449
1359 4169 5133 
#module 298 size: 10 bs: 0.667707
2854 3051 3604 3871 4642 5372 8243 9123 9252 11840 
#module 299 size: 17 bs: 0.656479
839 1299 2070 2450 4138 4526 4633 4866 6441 6633 7703 7954 8364 9685 9761 10455 10512 
#module 300 size: 7 bs: 0.899019
61 866 1416 4560 5568 7260 10432 
#module 301 size: 16 bs: 0.875773
1483 1878 2047 3030 3350 3699 3854 5204 5581 6012 7471 8762 9525 9545 9569 10705 
#module 302 size: 13 bs: 0.210054
644 1315 1413 4524 4587 4774 4800 5453 6672 6965 7326 7489 8340 
#module 303 size: 11 bs: 0.218428
364 854 857 1205 3895 4133 4580 6521 6671 8087 8193 
#module 304 size: 14 bs: 0.560951
780 858 937 2732 3214 4234 4500 4811 4922 4999 5964 7549 7645 11189 
#module 305 size: 5 bs: 0.692225
1021 2568 7946 9343 10934 
#module 306 size: 7 bs: 0.451292
1820 1966 2443 4381 5007 6348 8383 
#module 307 size: 7 bs: 0.419433
2429 3108 3830 5613 7738 9157 11380 
#module 308 size: 23 bs: 0.958862
1695 2461 2542 2825 2863 3156 3245 3569 3823 3977 4061 4550 5099 6022 6904 7722 8632 8637 8657 8901 8988 10595 10813 
#module 309 size: 6 bs: 0.258468
1188 3432 7568 7587 10785 11029 
#module 310 size: 5 bs: 0.22979
78 716 2426 4090 8873 
#module 311 size: 7 bs: 0.485974
829 1660 3832 4002 4032 9857 10628 
#module 312 size: 10 bs: 0.603421
650 787 3996 5043 5222 5743 6691 7715 11228 11428 
#module 313 size: 18 bs: 0.227333
305 1364 1378 1477 1827 2208 3789 4431 4622 5183 5214 5530 5833 5915 7540 9692 10042 10279 
#module 314 size: 7 bs: 1.04626
1335 2493 3446 3575 5926 7168 10321 
#module 315 size: 11 bs: 0.735337
391 1084 2800 3268 5007 5404 6525 7713 7874 9630 9784 
#module 316 size: 9 bs: 0.497681
804 1126 1677 4287 4292 4380 5163 7390 11258 
#module 317 size: 7 bs: 0.173695
1034 4228 5299 7006 7043 9044 10727 
#module 318 size: 6 bs: 0.243434
4132 4937 5446 6175 8172 8174 
#module 319 size: 11 bs: 0.194713
64 1167 1980 2301 3939 4664 6317 7003 9581 10402 10474 
#module 320 size: 20 bs: 0.218857
672 988 1095 1765 1944 2620 4047 4523 5279 6018 6206 6786 7021 7128 7454 8468 9492 10164 10753 12889 
#module 321 size: 8 bs: 0.873994
1237 1950 2353 2680 3704 4411 5769 11878 
#module 322 size: 13 bs: 0.389305
35 1771 1773 2597 3355 4810 6278 6455 7315 8621 10968 11123 11205 
#module 323 size: 6 bs: 0.133717
431 3242 3380 5529 8047 12293 
#module 324 size: 9 bs: 0.669326
3638 4935 5166 5683 6193 8525 9928 10371 11211 
#module 325 size: 12 bs: 0.522563
188 497 3053 4076 6267 7059 7501 8048 9414 9498 10270 10377 
#module 326 size: 3 bs: 0.541693
2506 5013 8686 
#module 327 size: 7 bs: 0.335951
2319 3198 3657 6749 7701 8542 9956 
#module 328 size: 9 bs: 0.143234
2255 2636 4437 5221 5817 6093 6290 9368 11015 
#module 329 size: 11 bs: 0.441123
1231 3581 3784 4408 5280 6113 6943 7361 8675 8776 10963 
#module 330 size: 6 bs: 0.373519
1721 3097 3395 6221 6349 7412 
#module 331 size: 5 bs: 0.304448
4603 4951 5437 8209 8895 
#module 332 size: 11 bs: 0.654343
814 2082 3024 3301 5188 5430 6011 6704 6778 8008 11012 
#module 333 size: 4 bs: 0.922982
791 2454 5954 9566 
#module 334 size: 12 bs: 0.511382
929 1415 2092 2120 2835 2918 4080 6504 6702 7237 7522 8504 
#module 335 size: 11 bs: 0.190477
1372 2083 4302 5602 5629 5919 6357 6738 7116 7999 10252 
#module 336 size: 13 bs: 0.955983
1197 5122 5171 5918 6168 6326 6660 7046 7431 7481 8894 9362 9854 
#module 337 size: 7 bs: 1.08391
1799 2081 4167 5058 5992 7475 9657 
#module 338 size: 11 bs: 0.776499
2526 2702 4612 6190 7190 8222 8369 8526 8689 8700 10209 
#module 339 size: 7 bs: 0.899664
1350 3838 4166 4427 7005 7189 10356 
#module 340 size: 8 bs: 0.5006
25 1384 4534 5765 6508 6598 9890 11413 
#module 341 size: 24 bs: 1.08675
153 681 853 1161 1183 1779 3410 4069 4665 5858 6197 6739 7839 8815 8874 8982 9167 9473 9641 9912 9995 10273 10346 11475 
#module 342 size: 18 bs: 0.530502
1462 1817 1928 3288 3352 5234 5906 6272 6987 7323 8769 8845 9285 9319 9537 9813 9902 10083 
#module 343 size: 4 bs: 0.663584
3391 7145 9201 9460 
#module 344 size: 4 bs: 0.421367
4196 4496 6418 9777 
#module 345 size: 3 bs: 0.392822
1405 4804 7105 
#module 346 size: 28 bs: 0.659348
75 143 323 417 508 518 852 1335 1363 1495 1711 2322 3486 3809 4316 4355 5261 6480 6736 6806 6988 7992 8033 8456 9338 9875 10513 11611 
#module 347 size: 6 bs: 0.41888
308 2389 3620 6532 7880 9533 
#module 348 size: 19 bs: 0.817243
2046 2577 2665 2743 3460 3484 3796 5194 5339 5440 5570 6445 7721 8163 8986 9477 9502 11098 11340 
#module 349 size: 17 bs: 0.346706
961 997 1752 1862 2087 2663 2897 2934 2966 3143 5877 6645 7506 8394 8682 8919 9560 
#module 350 size: 24 bs: 0.212072
66 357 892 948 1100 1723 1804 2074 2704 2985 4525 4529 5040 6757 7729 7747 7982 8009 8559 8602 9317 10300 10523 13019 
#module 351 size: 5 bs: 1.08262
3807 3819 5077 7634 9361 
#module 352 size: 6 bs: 0.573467
1223 4723 6419 7052 8403 10039 
#module 353 size: 8 bs: 0.662088
299 1549 4245 4659 5276 7799 7878 8737 
#module 354 size: 16 bs: 0.982556
939 1362 1511 2196 2734 3843 3896 4205 5107 5393 7952 8001 8857 11095 11104 11733 
#module 355 size: 4 bs: 0.534017
724 2588 4315 9508 
#module 356 size: 7 bs: 0.569976
109 683 2991 5187 7203 10496 11442 
#module 357 size: 11 bs: 0.511524
2311 3567 3748 4101 5702 5885 7007 8550 9457 10699 13043 
#module 358 size: 4 bs: 0.755007
1865 4171 4269 10051 
#module 359 size: 4 bs: 1.05708
4831 8674 9255 10198 
#module 360 size: 22 bs: 0.321409
789 831 2246 4165 5737 6008 6081 6368 6631 6794 6929 7270 7617 7836 8610 8820 8954 9016 9918 10448 11030 11453 
#module 361 size: 11 bs: 0.593551
921 3453 5143 5763 5793 7971 8247 8810 9981 10034 10885 
#module 362 size: 4 bs: 0.557129
986 5344 5407 11694 
#module 363 size: 15 bs: 0.232493
494 999 1484 2015 3328 3373 4301 4833 5361 6126 6472 7386 8886 9055 10919 
#module 364 size: 13 bs: 1.0655
3505 4301 4875 5971 6045 6377 6409 7367 7769 8535 8608 9991 10833 
#module 365 size: 9 bs: 0.368664
1783 2104 3669 3687 4052 6229 9447 10555 11001 
#module 366 size: 7 bs: 1.05815
361 379 1071 1284 4416 4637 4795 
#module 367 size: 3 bs: 0.282639
2684 7281 9047 
#module 368 size: 10 bs: 0.4954
763 1999 3751 3921 5277 5876 6064 9295 10274 10434 
#module 369 size: 5 bs: 0.867165
27 6536 7183 10761 11182 
#module 370 size: 7 bs: 0.50529
475 721 1858 4844 8704 9767 10871 
#module 371 size: 3 bs: 0.169327
1824 5574 6648 
#module 372 size: 7 bs: 0.295724
1660 2224 2242 3843 5322 6869 10192 
#module 373 size: 117 bs: 0.759681
122 133 197 330 400 410 435 490 510 516 549 775 788 884 891 1019 1136 1230 1521 1592 1603 1616 1792 1839 1846 1921 1955 2031 2032 2182 2197 2264 2396 2401 2478 2903 2911 2930 2964 2975 3028 3148 3171 3342 3393 3418 3526 3658 3775 3780 4211 4341 4343 4460 4463 4545 4555 4673 4948 5011 5039 5137 5330 5578 5579 5673 5909 5999 6035 6227 6241 6296 6342 6436 6522 6782 6813 6816 6846 6967 7304 7376 7414 7422 7598 7741 7829 7848 8016 8110 8316 8448 8678 8902 8944 8957 8976 9023 9086 9346 9369 9724 9763 9942 9954 10036 10250 10265 10340 10500 10567 10579 10723 10840 11019 11030 12648 
#module 374 size: 48 bs: 0.845456
142 947 1224 1547 1856 1961 2239 2410 2685 2721 2841 2961 3558 3961 4367 4514 4615 4628 4653 4671 4915 5818 6280 6416 6733 7384 7816 7868 8584 9168 9182 9261 9363 9617 9794 9821 9943 9971 10246 10661 10795 10803 10841 11159 11266 11372 11565 12594 
#module 375 size: 5 bs: 0.889571
3339 7607 7991 10831 11163 
#module 376 size: 5 bs: 1.01575
922 4850 7370 8001 9309 
#module 377 size: 4 bs: 0.36208
1665 4218 7779 12790 
#module 378 size: 7 bs: 0.718267
688 3088 4371 5516 6151 6349 8614 
#module 379 size: 5 bs: 0.296361
1956 4496 6019 10244 10407 
#module 380 size: 5 bs: 0.750572
546 5300 5702 6365 7375 
#module 381 size: 7 bs: 0.663937
2056 3305 3886 4378 5474 6871 9232 
#module 382 size: 24 bs: 0.374526
293 727 824 890 1988 2655 3520 3644 3851 4075 4246 4883 5449 5677 6036 6765 7004 7211 8878 10140 10381 10414 10576 10724 
#module 383 size: 13 bs: 0.43809
163 2575 5479 6048 7453 7519 7650 9450 9661 10670 11016 11177 11635 
#module 384 size: 11 bs: 0.440497
512 987 3101 3145 3297 3673 4567 6859 7937 8271 9625 
#module 385 size: 14 bs: 0.906185
202 1501 2503 2545 2676 3305 3512 4820 5004 6496 7547 7703 9106 10879 
#module 386 size: 4 bs: 1.05729
1480 1536 4755 6511 
#module 387 size: 10 bs: 0.81727
1346 1444 3248 4736 4848 6848 7615 8489 10577 10802 
#module 388 size: 5 bs: 0.522469
1005 3630 5780 6524 7557 
#module 389 size: 9 bs: 1.01912
1270 1880 5348 7094 7420 8437 8630 8910 11571 
#module 390 size: 7 bs: 0.177753
1237 3298 4459 5968 6784 9088 10647 
#module 391 size: 9 bs: 0.660318
2720 5199 5478 5561 5614 6571 7269 9649 11157 
#module 392 size: 40 bs: 0.490466
307 522 811 1119 1414 2284 2472 2598 2819 3219 3436 3799 3835 4285 4327 4397 4711 4837 5055 5551 5784 5809 6388 6586 6939 7044 7123 7184 7316 7514 7597 7798 7904 8380 8424 8487 9177 10512 10532 11086 
#module 393 size: 7 bs: 0.904052
1914 2219 2351 2413 8026 8434 9236 
#module 394 size: 27 bs: 0.903165
1096 1139 1269 1310 1715 1859 2107 2199 2236 2357 2894 3037 3193 4117 4480 4685 4943 5447 5714 6059 7313 7910 7927 8963 9298 9514 11183 
#module 395 size: 7 bs: 1.00855
2724 4411 5522 6788 7588 8868 9336 
#module 396 size: 6 bs: 0.899126
474 1321 1627 6884 10613 10761 
#module 397 size: 9 bs: 0.292651
1027 3419 6254 7053 9061 10356 10784 10952 10955 
#module 398 size: 5 bs: 0.291377
2178 5554 7126 7826 7936 
#module 399 size: 12 bs: 0.140305
86 3046 3562 3722 5012 5547 6329 6663 6907 8978 8980 12495 
#module 400 size: 4 bs: 0.774026
1450 2530 8350 9102 
#module 401 size: 7 bs: 0.567814
1147 1331 2146 4231 4417 6073 9804 
#module 402 size: 6 bs: 0.566471
2735 4122 4592 5371 5626 6959 
#module 403 size: 18 bs: 0.357655
558 963 1882 2221 2653 3135 3209 3543 4543 5901 6174 8219 8386 8982 9276 9465 10791 10853 
#module 404 size: 4 bs: 0.485797
2505 4986 8910 10925 
#module 405 size: 7 bs: 0.686379
1833 1938 4335 6543 7390 9795 10933 
#module 406 size: 9 bs: 1.08733
2125 2406 2456 2592 4262 8280 9365 9846 10097 
#module 407 size: 7 bs: 0.32598
1394 1744 3467 3740 5216 7855 10685 
#module 408 size: 4 bs: 0.440829
489 1228 5639 10641 
#module 409 size: 3 bs: 0.32071
2048 8906 9162 
#module 410 size: 9 bs: 0.431349
2254 3012 4964 7129 8566 9159 10096 10596 11146 
#module 411 size: 6 bs: 0.499321
3056 3871 5020 6047 6408 10938 
#module 412 size: 14 bs: 0.210125
1992 2099 3130 7037 7048 7503 7780 7822 8067 8392 8786 8913 10179 10709 
#module 413 size: 14 bs: 0.815618
1825 1924 2714 2729 3132 4586 4692 4807 5598 6381 8794 10224 10778 12679 
#module 414 size: 59 bs: 0.131466
237 575 790 1715 2181 2223 2236 2314 2522 2558 2757 2828 2894 3025 3037 3239 3433 3573 3618 3774 3859 4117 4131 4501 4510 4527 4661 4971 5250 5389 5438 5447 5486 5532 5710 5747 5983 5989 6216 6764 7452 7583 7591 7629 8864 9143 9396 9737 9881 9948 10017 10086 10392 10453 10770 10970 10975 11135 12725 
#module 415 size: 16 bs: 0.337215
1422 1576 2154 2695 3888 4768 4788 5860 6304 7074 7534 7696 7810 9036 10226 10836 
#module 416 size: 22 bs: 0.875932
933 1050 1657 2044 2194 3008 3172 3216 3294 3920 3965 5022 5335 5695 6873 6874 7468 8216 8221 8292 9475 10367 
#module 417 size: 11 bs: 0.122337
261 3501 4846 5036 5624 7511 7862 8580 9941 10162 10970 
#module 418 size: 7 bs: 0.883617
22 1026 2808 4600 4908 5624 10476 
#module 419 size: 4 bs: 0.176323
3880 6186 7056 12523 
#module 420 size: 17 bs: 0.801876
2296 2346 3167 4466 4902 5295 5724 5928 6037 6539 7758 8310 9026 9515 10514 10913 10999 
#module 421 size: 6 bs: 0.38412
1594 1749 2929 4385 5612 5872 
#module 422 size: 7 bs: 0.338815
1685 1724 1797 4556 5895 7626 9407 
#module 423 size: 20 bs: 0.357971
869 974 1267 1700 3772 3862 4400 5811 6375 6548 7153 7373 7538 7666 7790 8000 8189 8273 10115 10686 
#module 424 size: 3 bs: 1.08984
3091 9330 9344 
#module 425 size: 10 bs: 0.198175
600 1303 1377 1750 1757 3074 4337 5052 7022 9027 
#module 426 size: 7 bs: 0.170226
1076 1599 3029 3758 5826 7238 7796 
#module 427 size: 5 bs: 0.655142
3050 3923 5360 7435 9840 
#module 428 size: 9 bs: 0.291766
276 304 388 2007 3217 4880 7289 8310 10315 
#module 429 size: 13 bs: 0.270256
653 1219 2590 2937 3730 4219 4522 7251 8382 8416 8641 8732 9743 
#module 430 size: 13 bs: 0.701194
813 1351 1708 2324 2681 3083 4963 5270 6095 6565 7902 8586 11694 
#module 431 size: 8 bs: 0.687356
1063 1912 3470 5675 6185 7067 7526 11441 
#module 432 size: 8 bs: 0.302953
1124 2216 3129 3677 5591 6050 7664 9571 
#module 433 size: 8 bs: 1.08789
4996 6471 7674 7835 8598 9355 9594 12228 
#module 434 size: 10 bs: 0.23298
171 1025 1101 1469 2720 4643 5656 5732 7221 10722 
#module 435 size: 10 bs: 0.105749
1393 2049 5000 6802 6900 9171 9416 9733 10443 11215 
#module 436 size: 12 bs: 0.669238
206 2491 2943 3400 3594 3836 5337 6893 7923 8261 10356 10929 
#module 437 size: 18 bs: 0.445889
93 785 1328 2666 2810 3482 3757 3802 3976 4273 5553 7018 8752 9433 9758 10044 10210 10735 
#module 438 size: 12 bs: 0.389384
176 1569 1645 2573 4815 5155 5593 5740 7298 7478 9238 10386 
#module 439 size: 20 bs: 0.830866
777 1436 1532 2001 2750 2871 4308 5065 5096 5373 5461 6166 7329 7353 7801 7808 8245 8457 9977 11222 
#module 440 size: 30 bs: 0.394839
371 459 614 630 670 910 941 1531 1722 1985 2193 2207 2615 3744 3910 4564 5206 5367 5472 5837 5965 6569 7230 7432 7579 7606 8045 9114 9446 10847 
#module 441 size: 17 bs: 0.817187
531 1782 1861 2492 3613 4468 5787 5917 6628 7027 7336 8253 8724 9577 9798 10231 10736 
#module 442 size: 8 bs: 0.762633
222 1006 2213 2301 4057 4350 8661 10541 
#module 443 size: 5 bs: 1.07314
2708 3035 8635 9595 10121 
#module 444 size: 57 bs: 0.776266
318 527 1260 1356 1363 1582 1728 1889 2129 2391 2612 3326 3500 3667 3682 3718 3936 3987 4503 4507 4647 4787 4824 4890 5099 5130 5354 5384 5406 5501 5741 5874 5911 6669 6721 6850 7419 8148 8513 8589 8712 8950 9134 9589 9616 9683 9820 9957 10470 10827 10974 11000 11112 11367 11443 12899 12949 
#module 445 size: 9 bs: 0.434384
1451 1538 2457 4382 5496 7709 9479 9673 9889 
#module 446 size: 7 bs: 1.00183
1281 1468 5018 5175 7600 9195 9944 
#module 447 size: 7 bs: 0.109417
1515 2149 5046 6396 6478 7889 8674 
#module 448 size: 14 bs: 0.588548
1411 2352 3281 4026 5209 5402 5477 7337 7712 8791 8891 9062 9788 10532 
#module 449 size: 16 bs: 0.969544
99 230 541 578 3633 3729 4233 5173 5236 5318 8044 8270 8617 10053 10118 10390 
#module 450 size: 10 bs: 0.318894
552 1181 1979 3666 6046 7229 9212 9284 9793 10695 
#module 451 size: 8 bs: 0.915121
1597 1798 2509 3311 3535 5890 9624 11006 
#module 452 size: 13 bs: 0.822557
1081 1134 4277 4629 4840 5322 5545 5998 7082 8662 8773 11216 11788 
#module 453 size: 5 bs: 1.03368
5232 6156 6607 7967 10693 
#module 454 size: 21 bs: 0.413196
116 319 570 634 1102 1994 2145 2689 4956 5619 5853 5939 7809 8221 8288 9504 10306 10634 10671 10891 11004 
#module 455 size: 124 bs: 0.10085
51 139 447 521 532 767 900 901 938 983 1030 1068 1080 1295 1357 1424 1426 1529 1840 1863 1922 2094 2148 2176 2232 2290 2292 2359 2512 2523 2661 2787 2907 3173 3252 3270 3733 3938 3974 4042 4048 4083 4109 4146 4150 4293 4446 4504 4515 4609 4696 4731 4864 4924 4939 5073 5254 5364 5374 5396 5512 5913 5944 5977 6150 6196 6233 6369 6427 6692 6722 6740 6793 6881 6905 7062 7068 7072 7120 7173 7239 7325 7388 7389 7393 7441 7449 7594 7764 7807 7894 7896 7940 8093 8207 8262 8279 8304 8331 8400 8432 8436 8523 8601 9186 9294 9371 9415 9422 9555 9604 9867 9879 10093 10206 10213 10331 10458 10515 10654 11270 11490 11613 12249 
#module 456 size: 4 bs: 0.556569
1459 7864 9934 10864 
#module 457 size: 9 bs: 0.826368
2075 2433 2984 5502 8714 9325 9816 9951 10253 
#module 458 size: 7 bs: 0.149413
2251 2884 5554 6067 7842 8981 9256 
#module 459 size: 18 bs: 0.533933
761 907 1243 1558 3107 3151 4103 4172 4180 4356 5132 5412 6593 6658 7985 10682 10844 11220 
#module 460 size: 21 bs: 0.452604
152 514 555 1001 1673 2256 2352 3570 3745 3809 5034 5300 5827 5857 6031 6305 6770 7678 9198 9806 9845 
#module 461 size: 11 bs: 0.981494
864 1539 3150 3454 3724 4683 5699 5979 6007 7901 12591 
#module 462 size: 7 bs: 0.605034
1184 1217 2030 2915 4310 7679 9696 
#module 463 size: 9 bs: 0.976315
482 1435 3719 5482 5985 6164 6207 6356 8323 
#module 464 size: 20 bs: 0.54012
702 1433 1539 2110 2339 2387 4057 4219 4471 5893 6255 6424 6585 6974 7054 7810 8720 8847 10293 11239 
#module 465 size: 6 bs: 0.114283
795 1515 4505 7802 7837 8277 
#module 466 size: 6 bs: 0.874107
2622 3365 3432 5423 8757 10622 
#module 467 size: 11 bs: 0.158269
4078 4754 4885 6620 7185 7292 8771 9156 9523 10881 10918 
#module 468 size: 11 bs: 0.831308
880 1796 1876 4340 7097 7825 8439 9680 10272 10574 10716 
#module 469 size: 16 bs: 0.910583
686 1385 1808 1946 3195 3597 3861 5283 5380 6931 7026 7766 8144 10245 10586 10982 
#module 470 size: 17 bs: 0.280087
32 1774 2186 3233 4006 4099 4559 5463 6330 6730 7208 7772 8564 8765 9145 10434 10618 
#module 471 size: 13 bs: 0.314977
1656 1733 2341 2501 2516 3409 3975 4054 6619 6728 7648 8089 11364 
#module 472 size: 6 bs: 0.879408
2441 3258 4713 6754 8968 10808 
#module 473 size: 14 bs: 0.168319
1636 3007 3574 4019 5448 6527 8330 8961 9639 9894 9963 11483 11498 11709 
#module 474 size: 4 bs: 0.103595
515 2085 6438 9117 
#module 475 size: 15 bs: 0.76765
210 1730 4192 6148 6253 6421 6572 6804 6913 7860 8028 8250 8274 10904 10995 
#module 476 size: 9 bs: 0.977606
40 1114 1785 4569 5702 6210 6349 8082 8699 
#module 477 size: 12 bs: 0.244387
1693 1808 3195 3670 4468 6931 7468 7766 7794 8161 9417 11591 
#module 478 size: 8 bs: 0.744034
3169 3561 3870 4212 7837 7926 7955 8825 
#module 479 size: 10 bs: 0.626424
897 1015 2474 2939 3232 5689 6294 6985 7383 7942 
#module 480 size: 20 bs: 1.04758
543 2710 3060 3081 3375 3492 3832 4277 4853 5006 5485 5646 6043 6240 6573 7510 8865 9750 10372 11104 
#module 481 size: 11 bs: 0.942542
792 1502 4033 4116 4433 4528 5652 7861 8656 8741 9825 
#module 482 size: 7 bs: 0.475713
13 1837 4506 4903 4943 6654 7990 
#module 483 size: 6 bs: 0.34126
5178 5868 9015 9164 9836 10192 
#module 484 size: 10 bs: 0.58112
679 714 815 1175 1438 2064 3509 4152 5916 6602 
#module 485 size: 10 bs: 0.261984
1544 2616 2855 4046 4378 6711 6923 7682 10762 10763 
#module 486 size: 6 bs: 0.322992
1697 5422 7563 7759 8927 9332 
#module 487 size: 5 bs: 0.306951
3291 3340 10230 10427 10873 
#module 488 size: 7 bs: 0.410869
79 2708 3353 6559 6969 8294 10054 
#module 489 size: 4 bs: 0.382749
233 8813 8862 10930 
#module 490 size: 5 bs: 0.771205
3889 5266 7297 9382 10334 
#module 491 size: 14 bs: 0.502129
1740 2679 2755 4272 5227 6517 7020 8907 8959 9203 10001 10188 10248 10966 
#module 492 size: 11 bs: 0.752184
1641 4071 4881 5123 7146 9573 10048 10282 10351 10766 11694 
#module 493 size: 6 bs: 0.816426
819 1713 6945 7324 9714 10049 
#module 494 size: 12 bs: 0.803973
236 7217 7905 8097 8132 8494 8854 9247 9399 9606 9758 9997 
#module 495 size: 36 bs: 0.403202
1115 1222 1878 1937 2704 3597 3941 4208 4240 4380 4655 4797 4940 5053 5165 5832 6082 6143 6529 6538 6742 6805 6863 7042 7085 7130 7873 7895 8059 8989 9591 9893 9928 10132 10277 10557 
#module 496 size: 14 bs: 0.199283
36 1148 3461 3858 5421 6325 6557 6826 7049 7122 7439 7656 10178 11703 
#module 497 size: 7 bs: 0.503558
135 4050 5103 5282 7148 11694 12641 
#module 498 size: 15 bs: 0.201506
18 49 1485 3100 3221 3452 3616 5429 5861 7810 8229 8876 9063 10191 10649 
#module 499 size: 23 bs: 0.866617
1661 2421 2647 2950 3251 3660 3668 3725 3726 4542 4845 4999 5386 6016 6142 6440 6591 7307 7521 8908 10923 10926 11269 
#module 500 size: 12 bs: 0.876248
452 720 3450 3651 4990 6900 7205 9325 9419 9695 10830 10997 
#module 501 size: 7 bs: 0.571195
2095 2147 2919 3967 7785 9251 12639 
#module 502 size: 3 bs: 1.02501
1220 2476 2494 
#module 503 size: 10 bs: 0.809934
104 228 3680 3685 7688 7986 8264 8435 9481 11274 
#module 504 size: 8 bs: 0.848104
1065 1339 2286 2805 3390 3487 5490 7078 
#module 505 size: 11 bs: 1.07045
1177 1573 2650 2969 3455 3624 4298 5358 6772 7377 11024 
#module 506 size: 7 bs: 0.830467
2000 2247 2959 3620 4153 5822 7689 
#module 507 size: 5 bs: 0.360948
707 1380 4805 5191 8917 
#module 508 size: 4 bs: 0.112909
526 2281 3084 7936 
#module 509 size: 3 bs: 0.987965
1253 6237 6314 
#module 510 size: 13 bs: 0.990211
207 565 802 2436 2525 4785 5829 5946 6039 7680 9674 9966 11171 
#module 511 size: 8 bs: 0.636438
656 1918 3345 3924 5434 7133 9233 10765 
#module 512 size: 18 bs: 0.898403
351 594 633 1128 1381 1396 1776 3589 4176 4263 5283 5663 5967 6938 8982 9280 9531 10201 
#module 513 size: 49 bs: 0.332706
158 196 468 513 1226 1309 1513 1958 2040 2165 2629 2709 3071 3506 3873 4240 4264 4481 4543 5010 5022 5268 5470 5558 6001 6102 6328 6528 6636 6823 6841 6903 7028 7707 7873 8042 8228 8245 8624 8711 8724 8791 8828 9888 10080 10581 10650 10826 10853 
#module 514 size: 19 bs: 0.100102
454 1282 2067 2908 2955 3144 3246 6091 6143 7024 7088 7544 7911 8105 8297 8368 8701 9901 10532 
#module 515 size: 5 bs: 0.284673
1790 2543 4882 8385 9150 
#module 516 size: 26 bs: 0.975745
329 359 1036 1058 1511 1942 2050 2644 3256 3264 3866 3989 4328 4547 4863 5168 5323 6414 6864 7159 8001 8217 8646 9315 10120 10614 
#module 517 size: 3 bs: 0.199482
1302 2309 10240 
#module 518 size: 5 bs: 0.909397
3162 3328 3422 8484 9663 
#module 519 size: 10 bs: 0.293362
144 1580 1709 2124 3118 7001 7327 7882 8103 9073 
#module 520 size: 9 bs: 0.429352
1067 2027 2445 4093 4220 4484 6656 7793 8145 
#module 521 size: 17 bs: 0.69395
389 786 1659 1829 3092 3241 3900 4081 4744 7328 7681 7879 8283 8812 10000 10985 11601 
#module 522 size: 9 bs: 0.188192
310 2054 5771 6464 7437 8307 8920 9949 10455 
#module 523 size: 4 bs: 0.426157
5751 7590 8240 10439 
#module 524 size: 14 bs: 0.577971
834 975 1330 1391 1672 1780 2548 5128 7435 7871 8599 8987 9843 10684 
#module 525 size: 5 bs: 0.758368
715 1780 4650 5442 7279 
#module 526 size: 115 bs: 0.48626
12 77 183 360 473 680 1409 1473 1913 2132 2164 2184 2187 2378 2404 2465 2528 2576 2609 2660 2851 3023 3187 3203 3211 3319 3341 3351 3364 3408 3609 3655 3728 3766 3787 3874 3909 3948 3951 4068 4128 4285 4778 4909 4989 5001 5054 5138 5142 5287 5446 5454 5460 5462 5509 5531 5548 5852 5986 6005 6033 6054 6107 6149 6220 6406 6487 6540 6566 6567 6717 6723 6835 6840 7087 7091 7095 7110 7411 7413 7571 7828 8272 8346 8496 8588 8636 8647 8741 8853 9173 9289 9348 9397 9404 9490 9587 9675 9679 9693 9708 9741 9792 9850 10018 10031 10076 10358 10406 10834 10869 11027 11210 11657 12862 
#module 527 size: 17 bs: 1.06096
274 1045 1567 1850 2500 4252 5112 5309 5970 7161 8285 8456 8768 9531 9544 9717 10644 
#module 528 size: 14 bs: 0.861739
74 351 403 1341 1994 2583 3609 4599 5436 6262 6337 9518 9742 10225 
#module 529 size: 10 bs: 0.342865
236 476 709 1535 2701 4900 5465 5764 8041 8258 
#module 530 size: 24 bs: 0.142769
383 561 970 1255 1349 1983 1987 2141 2151 2829 3080 5023 5824 6108 6171 6896 8106 8225 8409 8549 8573 9200 9277 11338 
#module 531 size: 6 bs: 0.682341
583 2209 2280 6116 8480 11088 
#module 532 size: 112 bs: 0.131115
1 5 29 225 392 432 618 619 1203 1318 1453 1598 1722 1784 1842 1881 1953 1965 2111 2241 2380 2490 2554 2574 2618 2687 2700 3255 3259 3279 3310 3399 3449 3550 3693 3933 3968 3969 3984 3999 4066 4271 4280 4442 4445 4470 4486 4566 4745 4756 4779 4842 5074 5271 5291 5405 5582 5588 5734 5791 5792 5959 6131 6203 6256 6268 6340 6370 6391 6451 6499 6774 6795 6815 7047 7218 7430 7473 7863 8098 8213 8259 8286 8306 8387 8513 8696 8710 8840 8856 9074 9239 9259 9292 9326 9682 9720 9745 9865 9896 10174 10196 10220 10239 10266 10517 10725 10800 10866 10896 11107 12636 
#module 533 size: 6 bs: 0.697695
348 3093 3985 7890 8293 10842 
#module 534 size: 5 bs: 0.120212
667 828 995 4189 5655 
#module 535 size: 13 bs: 0.616403
649 1520 1745 2853 3586 5416 5643 6288 6338 7555 9163 10849 12590 
#module 536 size: 18 bs: 0.239107
1098 1191 2733 3019 3332 3354 3361 3572 3584 4029 4770 6374 6541 8595 8760 9071 10889 11029 
#module 537 size: 7 bs: 0.815114
369 3548 4424 7039 8627 9030 9734 
#module 538 size: 8 bs: 0.673965
1690 1741 3426 6644 6654 6948 8007 10282 
#module 539 size: 6 bs: 0.747234
4134 5272 7013 8675 9590 12933 
#module 540 size: 9 bs: 0.534985
647 2057 2308 3247 3366 4232 7298 10708 10908 
#module 541 size: 24 bs: 0.670667
1522 1808 1843 2504 3218 3986 4568 4682 4822 5225 5278 5343 5704 6741 7009 7200 8114 8470 8834 9144 10238 10844 11134 11218 
#module 542 size: 7 bs: 0.594343
185 427 1434 2960 4435 7343 7967 
#module 543 size: 7 bs: 0.610338
1056 1493 3485 4041 5620 5863 6868 
#module 544 size: 12 bs: 0.975011
1381 1660 1853 1944 3344 4841 5420 5525 5599 6333 10024 10885 
#module 545 size: 19 bs: 0.693483
102 981 998 1540 2703 4085 4374 4433 5038 5158 5508 5581 6158 6264 6954 7147 8633 9439 10316 
#module 546 size: 4 bs: 0.387813
3697 7188 8481 10491 
#module 547 size: 13 bs: 0.278502
46 861 3462 5705 6836 7167 8234 8522 8715 8721 9357 10186 10780 
#module 548 size: 8 bs: 0.558468
150 1539 2941 4931 5334 7334 7446 8159 
#module 549 size: 8 bs: 0.658105
1849 3559 4465 4473 8946 9018 9165 9751 
#module 550 size: 7 bs: 0.806435
654 806 925 1876 4198 5066 9009 
#module 551 size: 15 bs: 0.941709
1338 2472 2651 3202 3742 4064 4091 5341 6252 7345 8982 9280 9818 10651 10914 
#module 552 size: 7 bs: 0.465077
2960 3640 6298 6558 6654 8917 9243 
#module 553 size: 10 bs: 0.60456
990 1743 4062 5064 6696 7195 7285 7550 8040 10253 
#module 554 size: 6 bs: 0.142142
2026 2354 3545 6208 7267 8311 
#module 555 size: 12 bs: 0.548805
640 2220 4532 4752 5565 5658 6399 7141 8249 8579 9221 12426 
#module 556 size: 16 bs: 0.316399
1258 1526 1559 1754 2756 3636 4283 5101 5467 6914 8287 8348 8576 9104 9922 9936 
#module 557 size: 16 bs: 1.05112
238 1257 3769 4360 5763 6209 6351 6878 7205 7742 7832 9812 9880 10181 10282 10839 
#module 558 size: 15 bs: 0.127748
1606 3013 3710 3746 3950 4004 4209 5071 6015 7010 7457 7986 8723 9116 10772 
#module 559 size: 20 bs: 0.167152
227 325 345 466 1257 1381 2024 2551 3229 3296 3333 4000 4315 4474 4638 6954 7582 9192 9464 13065 
#module 560 size: 6 bs: 0.562202
1265 4398 6407 8186 11097 11272 
#module 561 size: 19 bs: 0.932074
316 413 728 956 1153 1263 1344 1738 2875 3626 3667 4051 4571 5179 5951 6477 6887 8119 11447 
#module 562 size: 15 bs: 0.571026
318 1887 3711 4200 4916 5667 5852 6309 6512 6541 6984 7407 7827 9008 9458 
#module 563 size: 24 bs: 0.303304
469 1010 1286 1512 1694 1760 1877 2178 3002 3012 3877 4079 4213 5017 5369 5856 6395 6763 6883 7649 9006 9045 9286 9466 
#module 564 size: 3 bs: 0.16578
6122 6626 10487 
#module 565 size: 55 bs: 0.339866
122 765 872 1036 1241 1316 1514 1703 1994 2213 2337 2434 2475 2856 3202 3387 3466 3903 3982 4168 4202 4256 4425 4531 4646 4717 5129 5240 5310 5618 5917 6002 6076 6274 6383 6390 6398 6401 6506 6528 6630 6639 6749 7275 7382 7454 7658 8660 8944 8958 10311 10344 10700 11487 12492 
#module 566 size: 28 bs: 0.564824
216 495 783 2759 2990 3449 4003 4151 4256 5217 5587 5917 6236 6266 6390 6528 7175 7364 7767 7783 8263 9040 9125 9601 10367 10718 11487 12586 
#module 567 size: 6 bs: 0.142838
5879 6138 8088 8782 9844 11242 
#module 568 size: 11 bs: 0.885881
141 487 1250 1678 2281 4760 6291 6545 8546 8695 9243 
#module 569 size: 26 bs: 0.465657
48 50 463 826 2520 2988 3416 3563 3595 3623 3782 3966 4206 4821 5275 5588 6615 6901 7886 8254 9420 9922 10375 10406 10834 12492 
#module 570 size: 19 bs: 0.424253
231 839 1222 1303 1890 2507 2521 2923 4349 4423 5619 6759 7661 8051 8569 9131 10108 10662 10692 
#module 571 size: 3 bs: 0.341905
902 1622 1975 
#module 572 size: 10 bs: 0.709519
491 2646 3631 5212 7339 7687 7903 8127 9605 11097 
#module 573 size: 5 bs: 0.338333
996 1560 8238 8740 10558 
#module 574 size: 14 bs: 0.490115
368 2051 3621 5562 5669 6562 7133 7145 7151 7616 7905 9266 9333 13018 
#module 575 size: 16 bs: 0.354667
1054 2704 2990 3803 5189 5304 5725 6698 7321 7771 8098 9018 9632 10010 10543 10966 
#module 576 size: 12 bs: 0.438408
1207 1534 3076 3587 4950 5078 5728 5869 7391 8811 9002 9652 
#module 577 size: 16 bs: 0.827831
3639 3840 4178 4204 4314 4399 5888 6354 6411 7244 7840 8141 9814 10711 11410 12527 
#module 578 size: 16 bs: 0.308883
666 1911 1919 2121 2674 3456 3786 5566 5622 5800 6071 6543 7309 8007 8722 10688 
#module 579 size: 15 bs: 0.537557
1199 1491 1634 1937 5015 6134 6215 6501 6526 7354 7770 9062 9374 10292 12494 
#module 580 size: 18 bs: 0.174882
598 1100 1297 1768 2249 3234 3435 3437 3937 4224 4442 5067 5813 6519 6550 7242 9798 10188 
#module 581 size: 14 bs: 0.268107
242 613 702 1212 1668 1677 3601 4127 4781 6079 7227 8335 9688 10147 
#module 582 size: 11 bs: 0.717985
367 2135 2987 3047 3243 5631 5683 6131 6589 9104 10894 
#module 583 size: 29 bs: 0.891155
421 544 678 847 1436 1915 1947 2252 2596 3054 3116 3317 5321 5681 5731 5923 6371 6437 6825 7070 8397 8407 8629 9260 9373 10457 10666 10715 11168 
#module 584 size: 11 bs: 0.461027
1277 1632 2037 2166 2483 4691 5089 6417 7514 8133 9781 
#module 585 size: 17 bs: 0.178664
359 442 1611 1620 1819 2325 2377 3052 3676 5910 6942 7104 7271 7731 9808 10012 10104 
#module 586 size: 10 bs: 0.308678
709 908 2580 2822 3534 4257 5987 6025 8371 9220 
#module 587 size: 9 bs: 0.977619
2109 3219 4403 4475 5309 5497 9273 9871 11337 
#module 588 size: 43 bs: 0.236694
97 339 1245 1352 1734 2147 2187 2259 2267 2340 2353 2533 2671 2897 3227 3463 3908 4214 4858 5310 5382 5503 5586 5794 5922 5996 6484 6596 6828 8411 8636 8851 9110 9179 9216 9397 9655 9886 10197 10226 10591 10937 11540 
#module 589 size: 24 bs: 0.239134
1126 1211 1273 2038 2058 2333 2916 3958 3993 4543 4779 4921 5883 6373 6440 7083 7195 7755 7918 8266 8719 9288 9848 10674 
#module 590 size: 9 bs: 0.552356
1993 2277 3015 3277 3323 4865 6344 7819 10895 
#module 591 size: 8 bs: 0.985928
1200 2052 3361 3503 3797 5595 7691 10488 
#module 592 size: 6 bs: 0.561865
302 5762 8130 10710 11395 11481 
#module 593 size: 10 bs: 0.236194
2945 3231 3536 3580 4038 4929 4959 5408 7113 8965 
#module 594 size: 12 bs: 0.758024
23 1247 1640 3395 5005 5258 6032 7447 8503 9334 9914 13003 
#module 595 size: 7 bs: 0.12264
467 951 1812 7463 8235 8741 9252 
#module 596 size: 7 bs: 0.415352
795 2147 4040 7739 7786 9386 9775 
#module 597 size: 11 bs: 0.366103
318 804 1421 1608 2408 3529 6546 9884 9986 10632 10898 
#module 598 size: 8 bs: 0.716405
595 2550 3805 5683 7451 8918 9324 10857 
#module 599 size: 26 bs: 1.0294
582 812 2138 2442 2450 3359 3496 3756 4037 4611 4662 4979 5106 5362 5870 5931 6337 6687 6805 7374 8065 8879 9018 10102 10779 11678 
#module 600 size: 13 bs: 1.05892
268 1739 1935 2412 3609 3763 3954 4552 4645 6383 7351 8112 8676 
#module 601 size: 8 bs: 0.456467
1854 1941 2041 3525 5114 6017 6189 8365 
#module 602 size: 11 bs: 0.225459
1133 2725 2754 4190 5332 6139 7081 7872 8012 9704 10128 
#module 603 size: 11 bs: 0.159049
877 895 2455 2760 2914 3017 3337 4495 5319 8730 8975 
#module 604 size: 13 bs: 0.379093
1847 2383 3421 3446 3541 4360 5763 5881 7242 9765 10282 10606 10692 
#module 605 size: 3 bs: 0.267281
3822 6380 8021 
#module 606 size: 37 bs: 0.119989
116 318 567 1053 1353 1630 2420 2761 3154 3472 3494 4165 4485 4764 4817 4904 5144 5283 5306 5541 5910 5917 6078 6143 6706 6734 7087 7242 7485 7972 7994 8887 9579 9584 10143 11962 12678 
#module 607 size: 10 bs: 0.902677
1044 1120 3635 4028 4530 4972 5590 6281 6537 8936 
#module 608 size: 21 bs: 0.536766
579 699 774 1058 1119 1917 2151 3626 3706 4043 4077 4098 4841 5465 5830 5831 6897 9288 9528 10902 11069 
#module 609 size: 15 bs: 0.448663
182 1360 2076 2519 2707 5349 5881 6121 6358 6857 7208 7892 9104 9798 10788 
#module 610 size: 9 bs: 0.658407
702 1354 1613 1805 2649 7099 9208 10271 10325 
#module 611 size: 4 bs: 0.117728
7256 8837 10100 10223 
#module 612 size: 20 bs: 0.864922
124 1081 2310 2839 3263 3389 3684 3910 4124 4236 5174 6132 6910 7663 8026 8347 8983 9046 10463 10993 
#module 613 size: 7 bs: 0.278683
4879 6855 6897 7492 8084 9290 10767 
#module 614 size: 9 bs: 1.01693
394 931 1488 1973 3039 4223 8770 9961 10360 
#module 615 size: 13 bs: 0.724894
1714 1748 1940 4422 4734 6878 7305 7697 8348 8896 9070 10001 12756 
#module 616 size: 62 bs: 0.406262
352 383 525 818 1109 1129 1130 1267 1682 1706 1857 2484 2510 2862 2913 3043 3480 3625 3742 4197 4316 4481 4544 4812 4829 4869 4938 5026 5112 5281 5290 5375 5425 5970 6287 6507 7044 7055 7112 7175 7515 7981 8025 8412 8803 9278 9339 10388 10409 10420 10512 10639 10653 10672 10862 10936 11008 11093 11243 11491 12575 12949 
#module 617 size: 16 bs: 0.472172
95 278 2594 4443 5267 5537 5806 6173 6787 7109 8581 9138 9531 9791 9845 10382 
#module 618 size: 23 bs: 0.541378
1152 1311 2328 3926 4020 4059 4764 5224 5632 5640 5650 5980 6052 6990 7893 8251 8501 9665 9678 9812 9964 10233 11614 
#module 619 size: 12 bs: 0.299011
2746 2977 3376 3985 5637 6921 8055 8108 9478 10208 10348 10859 
#module 620 size: 11 bs: 0.31518
793 2347 3377 4639 5087 5499 6627 7145 7596 8034 8353 
#module 621 size: 7 bs: 0.774792
1463 1949 4393 7194 7496 8948 9975 
#module 622 size: 16 bs: 0.451211
137 1551 1874 2931 3497 3575 3940 3982 4159 4345 4543 5467 5667 5755 7934 10335 
#module 623 size: 6 bs: 0.303029
2785 4562 5888 6625 6674 9476 
#module 624 size: 10 bs: 0.242279
652 830 1776 5764 6748 7207 9069 10287 10609 12170 
#module 625 size: 8 bs: 0.813135
822 1939 3661 3927 4237 4535 5005 6693 
#module 626 size: 12 bs: 0.719029
1282 1369 1525 4030 4207 4299 5059 7079 7823 8324 8421 10589 
#module 627 size: 89 bs: 1.00834
54 411 562 924 1122 1428 1494 1559 1639 1786 1851 2042 2087 2137 2298 2319 2335 2344 2502 2507 2606 2627 2694 2916 2925 3089 3113 3250 3269 3565 3578 3646 3811 3872 4149 4280 4313 4327 4429 4486 4525 4772 4823 4957 4993 5139 5201 5240 5279 5363 5627 6029 6422 6433 6651 6779 7042 7157 7299 7346 7466 7901 8208 8259 8318 8346 8538 8609 8640 8785 9019 9172 9226 9496 9637 9664 9858 9959 10126 10130 10251 10433 10462 10632 10662 10764 10858 11032 12678 
#module 628 size: 15 bs: 0.566839
1848 2009 2142 2385 2901 3312 3388 3474 5296 5766 6517 6527 7744 8476 9503 
#module 629 size: 6 bs: 0.142945
3686 5416 6027 7248 8960 9512 
#module 630 size: 9 bs: 0.804148
888 1689 1794 4943 5762 7502 8056 9435 11245 
#module 631 size: 13 bs: 0.729673
604 932 1054 1188 2043 2375 3162 3196 5995 6060 8791 9598 9600 
#module 632 size: 8 bs: 0.531588
4855 5538 6110 6176 6516 9929 10605 12720 
#module 633 size: 76 bs: 0.614681
47 120 333 433 480 842 911 1474 1518 1632 2035 2042 2073 2338 2371 2557 2625 2668 2739 2891 3106 3293 3417 3521 3678 3813 3826 3856 3915 3964 4007 4369 4449 4540 4544 4701 4784 4969 5121 5134 5356 5386 5697 5923 6088 6098 6199 6750 6994 7298 7317 7405 7448 7817 8066 8332 8562 8684 8851 8920 9265 9539 9644 9783 9841 9906 10003 10166 10182 10490 10620 10956 10987 11980 12595 12746 
#module 634 size: 45 bs: 0.923385
74 527 564 847 1059 1182 1454 1472 1614 2098 2460 2596 2706 2864 2983 3303 3451 3773 3917 4194 4214 4401 4611 4693 4891 5352 5511 5760 5865 6454 6908 7021 7175 7254 8101 8124 8376 8645 8879 9380 10045 10324 10523 11006 11419 
#module 635 size: 11 bs: 0.310869
863 2253 2578 3153 3932 4694 5779 6362 6789 7008 7876 
#module 636 size: 31 bs: 1.0773
440 617 1521 1524 1849 2496 2746 2802 2885 3121 3185 3387 3444 3641 4579 4726 5746 5782 6299 6353 6539 7741 8121 8792 8944 9200 10011 10303 10927 11196 11415 
#module 637 size: 76 bs: 0.239898
347 357 866 1105 1130 1214 1291 1376 1441 1481 1522 1620 1759 2040 2055 2129 2155 2447 2531 2703 2713 2788 2836 2860 2913 3425 3448 3841 3847 3936 4605 5033 5079 5165 5520 5727 5756 5891 5899 6144 6251 6345 6364 6430 6448 6652 6751 7044 7096 7130 7444 7609 7897 7960 8026 8179 8485 8736 8808 8903 8945 9401 9408 9735 9810 9833 10310 10469 10547 10557 10601 10672 10698 10783 10812 11136 
#module 638 size: 13 bs: 0.575561
1396 1909 3036 4757 5042 5510 5802 6462 7036 7205 8685 9773 10531 
#module 639 size: 11 bs: 0.317146
841 3506 4239 4398 4841 7000 7165 7283 7847 9698 10811 
#module 640 size: 20 bs: 0.875059
1421 1937 4141 4353 4498 5093 5904 7368 7423 7794 8241 8346 8671 8761 9375 9849 10267 10303 11273 11338 
#module 641 size: 7 bs: 0.6907
7 341 1110 2976 6990 7134 7893 
#module 642 size: 17 bs: 0.260444
432 809 2703 3448 3527 3973 4097 4762 5994 6640 8166 8317 8355 8372 8772 9614 11495 
#module 643 size: 21 bs: 0.980743
208 1188 1328 1564 3259 3576 3613 4092 4163 5035 5308 5410 5542 6121 7044 7963 8033 8367 9040 9831 9950 
#module 644 size: 8 bs: 1.03418
1199 1250 1324 2971 3692 5891 7690 9518 
#module 645 size: 9 bs: 0.575903
190 1099 6601 7169 9612 9931 10193 10679 11207 
#module 646 size: 66 bs: 0.44966
155 157 300 1035 1109 1119 1234 1289 1637 1692 1865 2218 2293 2463 2921 3032 3055 3202 3265 3290 3381 3444 3690 3997 4073 4247 4274 4494 4626 4675 4819 4874 5112 5151 5281 5415 5727 5835 6030 6449 6481 6609 6806 7184 7507 7551 7746 7783 7811 7854 8221 8373 8880 8982 9318 9379 9658 9666 9723 9752 9817 10319 10816 11463 12605 12624 
#module 647 size: 16 bs: 0.720145
559 907 1214 1375 1619 4164 5132 5445 5660 6219 7016 7063 7226 7877 8887 10565 
#module 648 size: 24 bs: 0.508828
1257 2330 2361 2565 2719 3750 3816 4107 4709 5231 5601 5941 6000 6479 7131 8230 8302 8515 8981 10920 10971 10977 11004 11031 
#module 649 size: 18 bs: 1.02469
300 638 717 867 1630 2744 4036 4222 4764 5099 5419 7877 8233 8650 9219 9593 10195 11465 
#module 650 size: 28 bs: 1.01211
165 300 485 493 1441 1448 1630 1818 2128 2553 3138 3759 4241 4370 4841 5149 5225 5281 5899 6009 6090 7611 7714 8841 9565 10241 10557 10832 
#module 651 size: 67 bs: 0.63417
6 272 446 669 1130 1218 1290 1363 1381 1383 1554 1651 1807 1818 1821 1831 2040 2160 2488 2965 3064 3458 3695 3816 3890 3899 3972 4023 4107 4383 4698 4699 4861 5165 5265 5281 5284 5606 5660 5752 5891 6283 6538 6699 7044 7096 7112 7196 7849 7867 7875 8095 8131 8265 8315 8329 8915 8989 9192 9353 9436 9591 10002 10079 10701 10936 11385 
#module 652 size: 41 bs: 0.263688
534 1115 1178 1326 1471 1937 2108 3195 3571 3597 4142 4201 4240 4472 4717 5053 5134 5585 5801 6090 6123 6143 6213 6538 6773 7107 7220 7308 7873 7895 8059 8116 8575 8939 9018 9100 9467 9928 10132 10523 12874 
#module 653 size: 97 bs: 0.786263
110 197 330 588 1023 1593 1655 2018 2040 2068 2171 2173 2486 2518 2535 2712 3045 3171 3207 3230 3237 3274 3511 3537 3592 3606 3894 3906 3997 4296 4442 4458 4594 4608 4689 4854 5185 5226 5237 5330 5394 5439 5546 5774 5775 5821 5932 6112 6649 6694 6697 6742 6906 6949 6957 6996 7098 7135 7380 7576 7741 7957 7987 8023 8105 8138 8219 8263 8352 8366 8541 8866 8890 8929 8966 9083 9095 9418 9513 9588 9677 9724 9926 9942 10002 10011 10098 10153 10299 10534 10659 10662 10739 10777 10852 10932 12792 
#module 654 size: 15 bs: 0.935956
563 3067 3210 3362 4014 5076 5557 5703 5783 6335 6761 8801 8999 9759 10883 
#module 655 size: 10 bs: 0.973148
1145 1897 3876 4199 4729 5311 9058 9101 11025 12885 
#module 656 size: 5 bs: 0.378308
576 764 6861 9990 10972 
#module 657 size: 10 bs: 0.70708
196 527 560 579 3039 4583 4753 6543 7870 11241 
#module 658 size: 15 bs: 0.392037
708 1455 1528 2643 4195 5875 6141 6265 6746 7762 8814 10007 10873 10893 10967 
#module 659 size: 35 bs: 0.168743
72 214 303 694 783 903 1443 1720 2462 2557 2586 3386 3514 3554 3663 3755 3810 4319 5376 5390 5432 7083 7182 7253 8134 8336 8556 8570 8727 9423 9656 9793 10343 10736 10942 
#module 660 size: 160 bs: 0.39009
203 264 529 800 807 893 896 959 1042 1172 1229 1266 1387 1456 1552 1587 1595 1615 1638 1788 1791 1816 1830 1888 1895 1906 1970 1972 2008 2029 2079 2206 2265 2266 2365 2422 2446 2582 2589 2601 2817 2936 2951 2956 2996 3001 3147 3170 3379 3423 3475 3603 3708 3857 4108 4144 4238 4352 4387 4509 4519 4649 4747 4766 4836 4851 4923 4973 5008 5135 5176 5457 5466 5476 5573 5596 5625 5645 5648 5736 5838 5854 5886 5920 6034 6042 6057 6124 6286 6295 6339 6583 6604 6617 6716 6719 6758 6766 7031 7035 7075 7199 7209 7268 7425 7472 7523 7525 7705 7803 7812 8074 8075 8190 8275 8453 8458 8511 8822 8827 9075 9085 9329 9345 9499 9516 9546 9561 9672 9691 9718 9744 9768 9945 9955 9976 10077 10157 10255 10383 10461 10502 10592 10631 10635 10707 10713 10823 10837 10855 10877 10945 10990 11085 11130 11265 11552 12654 12663 12902 
#module 661 size: 12 bs: 1.0218
260 606 1002 1149 1294 6217 6582 6655 8618 9211 10347 12626 
#module 662 size: 50 bs: 0.636693
172 312 362 370 377 420 560 803 919 943 1233 1373 1629 1751 1867 2185 2302 2511 2607 3079 3087 3287 3429 3490 3675 4792 4809 4967 5181 5571 6321 6515 6925 7749 7814 8921 9444 9547 9701 10033 10151 10599 10901 10911 11009 11074 11192 11193 12582 12977 
#module 663 size: 14 bs: 0.386706
301 677 1371 1429 3212 4988 5808 6055 6756 7756 8666 9175 9234 10247 
#module 664 size: 16 bs: 0.628568
977 1086 1271 2418 4074 5195 5682 6155 7403 7916 8039 8462 8795 9264 9728 10149 
#module 665 size: 9 bs: 0.765353
1402 2002 5342 5947 5972 8378 8451 8943 11369 
#module 666 size: 8 bs: 0.919905
257 1628 2036 2123 2144 6831 8592 10504 
#module 667 size: 330 bs: 0.817454
21 39 53 65 273 313 385 461 658 668 675 687 823 843 899 913 930 1013 1017 1022 1057 1156 1163 1166 1190 1198 1242 1272 1293 1306 1313 1320 1389 1390 1430 1475 1506 1508 1537 1546 1633 1688 1726 1735 1755 1803 1871 1908 1957 1968 2022 2039 2071 2090 2100 2117 2131 2133 2172 2202 2273 2275 2300 2307 2332 2362 2394 2454 2467 2514 2562 2563 2611 2664 2727 2758 2766 2779 2812 2818 2820 2830 2845 2850 2858 2879 2881 2892 2909 2935 3105 3111 3127 3222 3257 3289 3403 3404 3413 3440 3493 3508 3530 3539 3568 3600 3683 3702 3732 3741 3752 3791 3792 3829 3875 3878 3901 3956 3962 3970 3979 4005 4008 4011 4017 4125 4174 4175 4303 4311 4323 4326 4344 4375 4421 4512 4613 4679 4687 4704 4707 4749 4860 4917 4958 4970 4975 5051 5057 5097 5115 5125 5127 5136 5145 5146 5153 5157 5184 5229 5246 5257 5297 5320 5345 5459 5569 5589 5605 5609 5684 5685 5770 5773 5797 5925 5934 6058 6080 6100 6118 6212 6249 6263 6284 6494 6514 6599 6616 6642 6678 6679 6718 6777 6783 6801 6807 6882 6919 6935 6973 6980 7023 7066 7132 7176 7187 7191 7223 7241 7252 7255 7284 7330 7406 7483 7498 7562 7570 7584 7592 7605 7608 7651 7660 7719 7781 7817 7831 7865 7928 7941 7976 8072 8085 8149 8157 8191 8212 8305 8351 8377 8450 8452 8453 8473 8475 8518 8524 8529 8531 8536 8568 8593 8789 8833 8875 8930 8972 9025 9107 9185 9218 9222 9245 9250 9269 9274 9322 9454 9578 9583 9586 9660 9694 9709 9728 9771 9778 9819 9878 9891 9916 9946 9992 9998 10047 10068 10075 10111 10133 10156 10169 10172 10256 10355 10379 10389 10413 10416 10436 10441 10472 10493 10518 10560 10566 10582 10611 10678 10738 10807 10814 10850 10940 10962 10965 10969 10998 11005 11023 11082 11138 11139 11150 11429 11513 12618 12896 13062 
#module 668 size: 23 bs: 0.785719
381 518 689 720 966 1014 1088 1466 1479 1489 2804 3459 3516 4415 6161 6361 6372 6821 7119 9572 9969 10062 10449 
#module 669 size: 11 bs: 0.281819
1018 1686 1793 2409 5202 5274 5317 5492 8881 9647 9765 
#module 670 size: 32 bs: 0.590287
334 382 1090 1300 1418 1763 2315 2723 2767 3014 3383 3893 4386 4761 4863 5745 6222 8363 8806 8964 9087 9176 9249 9620 9800 9923 10094 10107 10787 11445 11584 11966 
#module 671 size: 7 bs: 0.303892
309 1112 3206 4039 7625 9051 11158 
#module 672 size: 115 bs: 1.09952
38 332 532 758 769 797 979 1009 1011 1012 1030 1062 1068 1082 1159 1173 1235 1239 1283 1323 1504 1590 1801 1840 1885 1990 2211 2452 2682 2787 2846 2848 2849 2907 2957 3082 3360 3519 3533 3679 3848 3882 4001 4072 4219 4295 4346 4413 4490 4636 4666 4814 4826 4835 4868 4901 5218 5220 5392 5396 5500 5533 5633 5678 5952 6059 6228 6350 6443 6653 6767 6793 7102 7154 7518 7553 7628 7735 7838 8207 8210 8309 8342 8414 8426 8436 8452 8557 8655 8835 8905 9109 9323 9410 9510 9550 9559 9870 9939 9953 9980 10070 10093 10259 10331 10511 10515 10749 10752 10799 10828 11067 11155 11256 12645 
#module 673 size: 10 bs: 0.789985
1516 2088 3223 3884 4340 6355 9146 9526 10087 11182 
#module 674 size: 34 bs: 0.197505
213 973 1092 1132 1259 1452 1556 1873 2297 2792 3591 3595 4201 4529 5363 5506 5563 5749 6005 6075 7090 7100 7766 7961 8020 8070 8143 8155 8368 8892 9277 9662 11434 11711 
#module 675 size: 22 bs: 0.678274
424 856 1664 2147 2821 3073 3338 3712 6239 6800 7556 7711 8431 8499 8850 8869 9509 9944 10073 10610 10732 12990 
#module 676 size: 50 bs: 0.590602
56 1179 1648 1872 2497 2539 2619 2799 2972 3003 3282 3292 3412 3610 3853 4053 4407 4607 4676 4780 4843 4852 4997 5233 5502 6066 6069 6167 6549 6707 6961 7356 7628 7966 8419 8440 8552 8555 9028 9299 9395 9501 9550 9832 9855 10305 10515 10619 10673 11551 
#module 677 size: 48 bs: 0.490173
14 472 537 991 1085 1499 1729 1864 2078 2150 2262 2726 2954 2998 3320 3468 3566 3606 3694 3907 3999 4351 4499 5346 5455 5759 6028 6346 6400 6597 6799 6918 7149 7240 7397 7652 7914 7967 8321 8362 8802 8935 9089 9967 10116 10405 10866 11255 
#module 678 size: 19 bs: 0.221657
940 2466 2745 2896 2927 3038 3155 3180 5674 5707 5841 7633 8111 8942 9150 10468 10533 10679 11011 
#module 679 size: 10 bs: 0.173151
2449 3040 4018 4893 5379 5577 7837 7996 9629 10821 
#module 680 size: 20 bs: 0.425426
31 222 263 581 835 870 898 1669 1778 2741 4722 4786 5498 6070 6809 7311 7686 8508 8990 10473 
#module 681 size: 33 bs: 0.353061
711 851 1142 1719 2861 3411 3742 3767 4700 4867 5045 5119 5357 5820 5956 6092 6474 6643 7170 7622 7727 7773 8357 8427 8790 8859 9374 9603 9623 10744 10876 11083 11717 
