#module 0 size: 3 bs: 1.54009e-06
402 2962 6741 
#module 1 size: 4 bs: 0.251069
1076 2932 5751 6512 
#module 2 size: 4 bs: 0.476339
1143 3243 5951 6902 
#module 3 size: 8 bs: 0.821525
617 1638 1722 1945 2514 3607 3807 4816 
#module 4 size: 7 bs: 0.303821
236 2086 3004 3898 4068 4242 5738 
#module 5 size: 5 bs: 0.821366
3725 4424 5565 5673 6142 
#module 6 size: 6 bs: 0.922363
962 3016 3501 3617 4129 6824 
#module 7 size: 18 bs: 0.896642
1166 1233 1524 1527 1548 1963 2029 2083 2112 2135 2876 4372 5463 5523 5784 5954 6011 6205 
#module 8 size: 24 bs: 0.131183
202 438 629 772 1052 1060 1132 1770 2038 2209 2217 2734 2947 3126 3616 3792 3923 4315 4785 5233 5452 6052 6134 6734 
#module 9 size: 10 bs: 0.376632
1531 1757 1935 3274 4571 4580 5393 5549 6141 6237 
#module 10 size: 15 bs: 0.19773
1191 1305 1424 2802 3317 3590 3854 3888 4062 4202 4399 5038 5197 5587 6295 
#module 11 size: 33 bs: 0.304245
124 196 208 372 451 859 1337 1679 1745 1936 1982 2110 2455 2795 2871 2901 3236 3262 3292 3450 3584 3635 4030 4036 4054 4197 4225 4440 5062 5370 5996 6785 6878 
#module 12 size: 33 bs: 1.04551
105 260 320 587 671 1600 1616 1726 1850 2150 2157 2284 2556 2701 2749 2786 2954 3025 4016 4235 4362 4531 4591 4730 4804 4873 5188 5516 5838 6507 6561 6677 6758 
#module 13 size: 20 bs: 0.307651
31 58 307 794 1364 1658 2847 3803 3832 3880 4039 4120 4433 4860 5058 5189 5592 5699 6376 6457 
#module 14 size: 9 bs: 0.492146
1074 1747 2547 2683 2945 3319 3577 6159 6873 
#module 15 size: 7 bs: 0.220988
1993 2103 2368 2702 4148 4442 6350 
#module 16 size: 55 bs: 0.78347
89 220 268 340 461 514 684 894 904 919 1038 1053 1211 1353 1535 1563 1596 1606 1736 1918 1959 2068 2125 2441 2478 2481 2786 2797 2955 3018 3070 3537 3613 3629 3710 3790 3875 4072 4414 4552 4760 4812 4948 5121 5329 5419 5484 5724 5725 5757 5942 6080 6418 6668 6857 
#module 17 size: 44 bs: 0.765758
64 211 532 572 750 840 904 1051 1053 1482 1506 1516 1563 1598 1617 2149 2269 2497 3070 3083 3192 3718 3756 3790 4203 4552 4649 4754 4851 4872 4921 5419 5421 5533 5695 5753 5803 5908 6249 6409 6549 6687 6745 6796 
#module 18 size: 57 bs: 0.557841
46 53 448 502 580 683 685 753 868 911 1414 1901 1989 2244 2378 2440 2526 2780 2839 2911 3121 3159 3542 3982 3990 4019 4060 4111 4170 4182 4314 4339 4408 4473 4481 4516 4651 4682 4808 5373 5553 5574 5581 5625 5758 5986 5994 6105 6172 6319 6385 6503 6524 6646 6694 6766 6808 
#module 19 size: 80 bs: 0.532696
81 238 310 399 401 421 454 692 694 831 867 1029 1048 1122 1157 1167 1181 1201 1454 1533 1737 1807 1902 1964 2018 2142 2171 2214 2226 2246 2247 2408 2432 2502 2516 2590 2740 2782 3057 3092 3100 3119 3153 3224 3284 3396 3459 3517 3608 3705 3706 3842 3853 3922 3926 4026 4097 4390 4666 4733 4888 5009 5079 5106 5163 5250 5314 5328 5404 5438 5445 5498 5615 5780 5783 6212 6456 6773 6847 6870 
#module 20 size: 37 bs: 0.729278
230 375 601 624 768 912 1287 1384 1716 1974 1977 2205 2552 2573 2798 2899 2949 3144 3300 3375 3732 3860 4073 4283 4337 4623 4740 5055 5374 5420 5677 5686 5799 6300 6379 6654 6827 
#module 21 size: 35 bs: 0.427913
155 711 907 1084 1291 1384 1431 1468 1648 1794 1896 2138 2387 2452 3309 3441 3831 3838 4067 4108 4232 4247 4430 4476 4489 4790 4875 5154 5732 5854 6225 6656 6711 6719 6913 
#module 22 size: 11 bs: 0.837332
227 305 537 646 821 1830 1875 2445 2699 4366 4521 
#module 23 size: 47 bs: 0.431163
394 493 621 630 817 991 1096 1263 1272 1436 1619 1694 1728 1972 2154 2225 2314 2505 2551 2563 2975 2990 3234 3487 3493 3600 3759 3760 3763 3857 3910 4224 4491 4511 4656 4726 4780 4823 5288 5303 5350 5622 5761 5950 6013 6226 6398 
#module 24 size: 9 bs: 0.269228
312 552 1665 1772 2321 3745 4761 5464 5946 
#module 25 size: 12 bs: 0.309843
828 1285 2094 2735 2951 3443 3883 4799 4857 4865 5687 6872 
#module 26 size: 13 bs: 0.798966
52 877 1499 1743 1865 3001 4245 5362 5447 5945 6553 6620 6703 
#module 27 size: 7 bs: 0.417649
1624 1646 3546 4847 4880 5047 5458 
#module 28 size: 125 bs: 0.942855
19 60 192 214 371 397 429 461 496 518 555 625 628 746 790 844 872 896 913 934 954 1229 1264 1296 1309 1381 1399 1410 1430 1439 1502 1628 1778 1815 1847 1944 1957 2042 2056 2071 2121 2161 2164 2295 2301 2368 2480 2558 2807 2835 2877 2995 3131 3184 3202 3302 3321 3357 3376 3471 3504 3568 3591 3621 3634 3639 3692 3755 3765 3817 3819 3849 3908 4041 4113 4157 4270 4321 4330 4334 4360 4385 4423 4533 4597 4653 4688 4701 4718 4725 4771 4776 4803 4983 5045 5050 5114 5125 5162 5190 5235 5293 5325 5337 5342 5525 5614 5707 5720 5726 5804 5891 6181 6256 6289 6294 6335 6519 6526 6530 6560 6630 6754 6910 6916 
#module 29 size: 38 bs: 1.01599
34 82 631 767 799 833 1021 1115 1141 1466 2807 2830 2929 3032 3359 3642 3667 3998 4188 4285 4379 4477 4567 4621 4697 4709 5261 5317 5349 5432 5632 5888 6126 6169 6477 6536 6622 6826 
#module 30 size: 45 bs: 0.701296
54 101 147 201 478 858 996 1023 1136 1164 1175 1241 1256 1324 1333 1634 1684 1719 1835 2107 2377 2548 2717 3030 3364 3430 3811 3864 4214 4631 4721 4882 4883 4988 5123 5832 5859 6148 6325 6552 6597 6625 6675 6757 6840 
#module 31 size: 14 bs: 0.484252
263 313 1746 1840 2661 2684 2880 3019 3915 4449 4970 5105 5819 6232 
#module 32 size: 10 bs: 0.409851
1063 1246 1372 2490 2892 3787 3852 4101 5170 6162 
#module 33 size: 71 bs: 0.800549
13 144 151 336 342 456 588 724 906 1069 1077 1107 1123 1165 1175 1202 1255 1323 1455 1594 2208 2253 2383 2420 2567 2757 2774 2873 2907 2983 3134 3190 3229 3265 3338 3436 3570 3573 3798 3827 4195 4445 4448 4467 4630 4631 4633 4635 4703 4721 4748 4867 4905 4916 5268 5299 5411 5685 5764 5852 5906 5920 5967 5986 6046 6416 6438 6601 6732 6757 6784 
#module 34 size: 9 bs: 0.692892
678 1110 1159 3626 4732 5248 6076 6369 6866 
#module 35 size: 35 bs: 0.851708
299 582 642 713 730 745 788 1162 1228 1449 1521 1554 1586 1973 2456 2809 2918 2991 3325 3349 3958 4262 4831 5119 5462 5562 5661 5872 6030 6032 6205 6213 6332 6482 6717 
#module 36 size: 29 bs: 0.533835
71 522 737 920 966 967 1142 1331 1392 1550 1623 2758 3205 3328 3401 3641 4064 4289 4795 4945 5339 5455 5495 5521 6003 6296 6571 6649 6833 
#module 37 size: 28 bs: 0.991878
465 856 1250 1450 1723 1886 2412 2649 3215 3326 3527 3847 4125 4207 4324 4610 4882 5166 5207 5554 5583 5705 5712 6060 6406 6482 6537 6922 
#module 38 size: 27 bs: 0.349435
10 213 218 691 1465 1505 1809 2130 2691 2950 3046 3240 3259 3784 3996 4038 4162 4546 4609 4611 4773 5541 5752 6048 6286 6495 6814 
#module 39 size: 188 bs: 0.476615
36 40 96 112 114 136 140 141 145 199 244 253 283 296 311 341 344 409 413 418 443 459 530 679 700 709 798 814 841 853 863 878 881 901 938 972 1000 1005 1043 1133 1148 1303 1334 1377 1505 1526 1555 1563 1569 1573 1631 1664 1727 1796 1817 1853 1855 1942 1994 2011 2022 2060 2108 2170 2174 2191 2197 2211 2294 2404 2410 2450 2517 2521 2559 2575 2604 2633 2687 2743 2773 2836 2864 2893 3010 3107 3117 3121 3248 3305 3313 3371 3374 3379 3390 3451 3507 3547 3576 3585 3679 3680 3698 3730 3742 3767 3789 3805 3809 3822 3882 3965 3971 4012 4014 4017 4063 4080 4093 4139 4190 4249 4255 4278 4297 4318 4321 4360 4370 4401 4404 4528 4542 4568 4617 4683 4752 4773 4813 4971 5001 5018 5070 5076 5192 5246 5252 5273 5280 5387 5421 5454 5540 5605 5619 5726 5735 5736 5740 5752 5782 5848 5887 5979 5980 5999 6031 6048 6200 6260 6263 6375 6479 6483 6516 6539 6549 6612 6613 6619 6622 6633 6651 6662 6759 6804 6896 6910 
#module 40 size: 31 bs: 0.483267
257 330 392 499 659 673 706 992 1106 1187 1870 1990 2099 2124 2188 2527 2548 2863 3114 3146 3668 3773 4201 4233 4348 4478 4569 4918 6672 6798 6831 
#module 41 size: 121 bs: 0.768752
39 62 90 222 287 316 432 468 507 571 696 725 784 910 931 935 969 970 992 1056 1104 1162 1173 1208 1212 1218 1221 1228 1267 1320 1340 1355 1370 1400 1446 1653 1689 1695 1813 1924 1999 2002 2188 2259 2305 2320 2324 2448 2462 2479 2587 2650 2771 2879 2899 2930 3031 3054 3058 3078 3086 3088 3111 3300 3416 3497 3583 3611 3665 3683 3770 3821 3886 3909 3931 3981 4098 4117 4156 4192 4208 4219 4251 4309 4327 4350 4730 4798 4900 4941 4979 5039 5071 5074 5174 5193 5212 5284 5374 5518 5544 5722 5788 5789 5799 5824 5904 5947 6049 6229 6279 6379 6391 6427 6433 6474 6485 6546 6691 6792 6909 
#module 42 size: 14 bs: 0.791994
539 1854 2256 2469 2574 3303 3874 4169 4281 4287 4673 5556 6039 6513 
#module 43 size: 40 bs: 0.835108
417 634 645 660 807 854 914 1066 1108 1158 1196 1326 1390 1411 1572 1605 1636 1641 1947 2075 2080 2509 2972 2988 3341 3682 3855 4122 4191 4517 4641 4958 5542 5846 5850 5858 6029 6330 6403 6600 
#module 44 size: 46 bs: 0.567284
420 501 533 664 766 866 1302 1523 1771 2048 2285 2645 2647 2765 2826 2938 2943 2957 3048 3076 3123 3194 3312 3402 3428 3440 3509 3599 3771 3862 4073 4186 4387 4960 5090 5359 5404 5561 5641 5711 6196 6488 6523 6868 6898 6924 
#module 45 size: 17 bs: 0.764143
415 965 1327 1545 1602 1706 1851 3122 3142 3323 3368 5007 5195 5292 5365 5401 5984 
#module 46 size: 47 bs: 0.222086
161 175 276 521 626 726 810 812 871 913 930 987 1116 1225 1247 1604 1674 1781 1788 1908 2248 2254 2299 2359 2833 2858 2985 3235 3877 3897 4075 4112 4216 4220 4869 5227 5253 5331 5575 5840 5857 5869 5879 6468 6628 6661 6838 
#module 47 size: 34 bs: 0.765292
266 452 516 1152 1572 1692 1920 2153 2389 2627 3457 3718 3756 3790 4172 4269 4356 4662 4986 5270 5310 5564 5665 5820 5865 6147 6272 6359 6401 6410 6637 6687 6745 6844 
#module 48 size: 23 bs: 0.326295
154 165 548 779 1785 1789 2057 2763 3002 3834 4360 4619 4813 4974 5060 5131 5669 5672 5718 5769 6364 6483 6562 
#module 49 size: 88 bs: 0.363413
17 18 73 225 274 380 426 480 549 662 723 741 762 902 963 1111 1125 1148 1182 1219 1223 1281 1357 1381 1410 1507 1724 2089 2151 2164 2218 2249 2382 2418 2486 2533 2609 2636 2690 3021 3140 3195 3219 3264 3305 3322 3354 3387 3437 3438 3514 3524 3574 3747 3836 3952 3970 4095 4200 4301 4505 4541 4736 4850 4856 5200 5235 5265 5304 5335 5437 5441 5563 5642 5644 5814 5861 5915 6017 6117 6258 6306 6362 6425 6698 6727 6730 6747 
#module 50 size: 45 bs: 0.613059
449 547 777 783 837 981 1120 1163 1189 1312 1534 1739 1830 1833 2017 2676 2766 2795 2934 3082 3115 3170 3217 3261 3582 4354 4365 4756 4917 5030 5279 5635 5763 6075 6160 6264 6270 6361 6394 6397 6454 6636 6708 6760 6785 
#module 51 size: 39 bs: 0.390587
61 297 596 703 751 759 905 1199 1310 1464 1479 1507 1598 1669 1783 2219 2773 2797 3070 3177 3201 3850 4126 4164 4516 4552 4573 4676 4927 5210 5391 5601 5781 5803 5805 6112 6233 6266 6343 
#module 52 size: 32 bs: 0.425493
93 115 286 613 923 1085 1386 1876 2182 2485 2511 2713 2737 2793 3156 3314 3715 4010 4045 4092 5144 5156 5184 5213 5477 5515 5613 5678 6038 6170 6650 6813 
#module 53 size: 33 bs: 0.561327
105 170 221 475 536 620 742 1027 1045 1170 1393 1445 1712 1846 2008 2315 2325 2341 2342 2823 3179 3627 3796 4090 4098 4375 4924 5142 5232 5453 5659 5733 6455 
#module 54 size: 55 bs: 0.926707
32 102 333 356 616 897 989 1009 1118 1220 1496 2104 2234 2243 2287 2288 2361 2540 2886 2931 3108 3252 3344 3386 3598 3752 3872 3959 4326 4359 4411 4415 4502 4628 4953 4957 5010 5057 5161 5221 5499 5569 5634 5638 5825 5894 5995 6139 6206 6304 6323 6443 6496 6764 6788 
#module 55 size: 12 bs: 0.309552
245 267 1232 2323 3769 4669 5027 5968 6463 6544 6592 6768 
#module 56 size: 52 bs: 0.53845
374 412 578 1478 1500 1525 1662 1828 2052 2075 2390 2579 2909 2937 3017 3220 3347 3380 3398 3442 3609 3666 3799 3821 3896 3927 3964 3991 4001 4004 4011 4119 4231 4273 4744 4757 4838 5006 5294 5564 5690 5980 6034 6186 6382 6591 6636 6809 6862 6900 6911 6921 
#module 57 size: 120 bs: 0.738327
193 255 256 353 380 382 450 491 504 526 650 658 659 668 801 819 825 925 952 976 1028 1097 1258 1269 1270 1279 1322 1336 1354 1421 1503 1585 1732 1768 1769 1897 1921 2050 2062 2075 2196 2221 2311 2407 2448 2451 2570 2686 2776 2832 2844 2848 2895 2910 2916 3038 3060 3095 3145 3195 3233 3255 3392 3510 3673 3695 3734 3802 3808 3841 3879 3894 4022 4168 4209 4211 4465 4487 4547 4590 4624 4661 4702 4763 4837 4920 4932 4943 5065 5086 5088 5104 5204 5254 5595 5708 5748 5940 5991 6015 6035 6067 6143 6146 6163 6177 6317 6322 6459 6473 6534 6575 6594 6718 6777 6780 6859 6874 6882 6892 
#module 58 size: 62 bs: 0.998427
43 76 124 209 378 851 969 1026 1045 1173 1371 1433 1447 1657 1709 1767 1794 1899 1934 2155 2230 2252 2278 2317 2648 2704 2747 2898 2917 3005 3180 3407 3640 4076 4083 4178 4429 4530 4589 4594 4818 4949 5053 5132 5182 5680 5681 5702 5723 5731 5778 5795 5883 5987 6311 6333 6356 6480 6555 6615 6667 6806 
#module 59 size: 147 bs: 0.690801
11 27 29 47 74 85 225 228 231 244 247 276 338 343 348 388 396 406 467 523 599 606 657 735 786 940 1112 1183 1522 1608 1621 1654 1703 1733 1836 1845 1847 1852 1919 1991 2127 2190 2198 2228 2231 2330 2345 2354 2374 2466 2582 2597 2640 2725 2754 2759 2760 2808 2842 2850 2897 2926 2964 3028 3128 3139 3210 3213 3310 3330 3350 3361 3369 3394 3460 3478 3490 3494 3499 3533 3557 3565 3595 3633 3649 3661 3694 3781 3813 3861 3876 3893 3924 3975 4047 4058 4155 4215 4306 4310 4312 4319 4375 4396 4458 4545 4579 4613 4653 4664 4679 4696 4739 4872 5032 5059 5150 5219 5276 5399 5496 5504 5552 5553 5594 5616 5640 5643 5793 5795 5822 5831 5868 5922 6041 6042 6050 6254 6344 6375 6429 6567 6584 6643 6711 6745 6750 
#module 60 size: 81 bs: 1.03514
475 582 652 669 681 695 715 770 782 845 1260 1507 1650 1667 1688 1715 1760 1766 1860 1929 1952 1953 2035 2040 2120 2260 2541 2589 2729 2807 2896 2908 2925 3040 3050 3059 3160 3161 3178 3288 3388 3399 3575 3758 3899 3902 3928 4034 4043 4061 4097 4136 4227 4268 4272 4506 4518 4541 4620 4831 4846 4898 4912 4972 5008 5155 5256 5336 5360 5435 5664 5838 5864 5876 6055 6082 6128 6144 6388 6606 6710 
#module 61 size: 104 bs: 0.51018
125 157 162 243 249 282 377 428 602 607 688 722 754 778 929 977 1252 1259 1264 1361 1398 1404 1413 1625 1632 1700 1777 1815 1924 1958 1986 2119 2186 2327 2491 2504 2505 2555 2581 2635 2639 2719 2731 2831 3014 3036 3042 3074 3087 3131 3198 3239 3473 3535 3563 3643 3672 3817 3916 3917 4032 4128 4153 4218 4261 4500 4539 4593 4637 4640 4658 4716 4859 4908 4929 5118 5145 5364 5406 5431 5480 5505 5509 5590 5730 5909 5926 5959 5981 6007 6150 6275 6293 6354 6372 6491 6543 6577 6621 6695 6701 6715 6724 6907 
#module 62 size: 17 bs: 0.527168
61 559 944 1960 2260 2891 3037 3306 3929 3932 3962 4427 5136 5318 6072 6159 6384 
#module 63 size: 16 bs: 0.843808
604 789 1265 1319 1415 1668 1844 2324 2358 2431 2522 2618 3479 4362 5019 6189 
#module 64 size: 27 bs: 1.01729
437 579 660 804 1928 1940 2092 2739 3012 3736 4102 4222 4646 4826 4954 5072 5173 5323 5459 5492 5689 5694 6166 6238 6653 6736 6799 
#module 65 size: 71 bs: 1.01263
97 116 126 289 357 366 373 398 423 435 600 1034 1041 1044 1068 1379 1470 1489 1642 1698 1708 1734 1869 1914 1933 1938 1950 2350 2365 2394 2474 2484 2580 2594 2664 2703 2715 2824 2984 3135 3162 3183 3263 3275 3366 3552 3662 3722 3907 4145 4349 4412 4441 4471 4483 4502 4638 4687 4742 4774 4881 4896 5020 5842 5973 6073 6110 6267 6342 6482 6861 
#module 66 size: 38 bs: 0.247893
66 223 618 667 782 883 968 988 1092 1119 1434 1721 1923 1941 2147 2178 2185 2267 2308 2316 2742 3289 3709 3865 4130 4193 4405 4518 4830 4912 5022 5187 5278 5360 5734 6131 6505 6595 
#module 67 size: 49 bs: 0.436533
12 24 322 331 566 707 733 757 910 998 1277 1459 1546 1599 1849 1998 2192 2347 2353 2354 2588 2778 2788 2829 2940 3083 3171 3506 3638 3657 3782 3829 3839 4035 4066 4152 4165 4176 4187 5238 5409 5535 5548 5811 5941 5962 6022 6490 6609 
#module 68 size: 30 bs: 0.603997
200 207 302 519 529 653 827 829 1443 1462 1547 1683 1954 2158 2380 2510 2709 2728 3085 3094 3448 3670 3873 4044 4392 5129 5266 5604 6353 6396 
#module 69 size: 96 bs: 0.148371
104 185 189 197 203 347 361 391 513 661 672 752 836 859 1036 1070 1071 1135 1227 1231 1253 1298 1420 1487 1504 1532 1597 1628 1741 2044 2101 2148 2212 2231 2393 2420 2489 2644 2685 2689 2770 2973 3000 3009 3053 3103 3112 3150 3308 3397 3467 3469 3505 3531 3536 3989 3995 4024 4082 4185 4467 4534 4565 4584 4657 4844 4886 4996 5041 5066 5095 5134 5135 5183 5203 5224 5357 5392 5501 5648 5671 5674 5739 5742 5766 5808 5885 6078 6146 6218 6398 6418 6471 6574 6829 6915 
#module 70 size: 32 bs: 0.670801
240 472 535 622 710 776 1317 1344 1431 1519 1955 1992 2006 2744 3008 3040 3586 3753 4114 4398 5259 5291 5511 5829 5924 6216 6228 6767 6787 6800 6825 6844 
#module 71 size: 28 bs: 0.692605
35 408 558 570 716 1081 1539 1685 1996 2059 2078 2080 2289 2692 3439 3750 4280 4525 4756 4766 5263 5423 5892 6303 6465 6499 6722 6773 
#module 72 size: 52 bs: 0.700375
35 270 273 665 693 785 890 933 982 1102 1226 1425 1633 1714 1816 2111 2163 2402 2464 2615 2621 2638 2751 2842 2969 3165 3316 3539 3727 3980 4050 4053 4259 4280 4695 4862 4926 5222 5599 5610 5631 5645 5697 5754 5884 5902 6019 6042 6047 6074 6588 6849 
#module 73 size: 36 bs: 0.415824
6 222 432 442 477 592 729 1239 1574 1954 1997 2132 2166 2273 2331 2458 2461 2477 3475 3739 4002 4089 4177 4828 4845 5074 5091 5101 5166 5786 5874 6021 6287 6392 6596 6778 
#module 74 size: 43 bs: 0.877698
14 235 562 875 1129 1178 1273 1754 1862 1882 1894 2079 2212 2220 2369 2599 2816 2887 2919 3006 3069 3187 3406 3823 3885 4006 4212 4375 4436 4541 4780 4952 5214 5269 5301 5378 5453 5461 5706 5801 5845 6194 6227 
#module 75 size: 50 bs: 0.389136
111 277 416 565 674 696 697 725 1169 1601 1643 1917 2000 2137 2316 2406 2654 2678 2837 3086 3114 3381 4173 4208 4219 4294 4327 4425 4596 4887 4951 4955 5071 5242 5288 5311 5372 5529 5600 5617 5789 5824 5855 6009 6027 6204 6485 6608 6775 6909 
#module 76 size: 35 bs: 0.438004
469 505 809 846 973 1042 1215 1242 1368 1565 1799 1871 1983 2007 2065 2209 2318 2319 2630 3125 3270 3328 3427 3685 4503 4992 5216 5274 5413 6271 6366 6381 6458 6497 6676 
#module 77 size: 51 bs: 0.87215
19 271 321 371 410 429 496 502 509 555 575 732 942 975 979 1059 1369 1763 1803 1822 1848 2087 2179 2206 2480 2576 2856 2860 3376 3383 3491 3571 3580 3664 3693 3748 4084 4228 4454 4559 4603 4802 4983 4984 5114 5162 5325 5528 5841 6527 6581 
#module 78 size: 74 bs: 1.03986
259 293 325 464 508 623 738 884 1040 1117 1332 1512 1672 1821 1873 1884 2031 2051 2064 2109 2257 2363 2403 2487 2821 2909 2933 2940 2974 3065 3227 3419 3529 3575 3632 3652 3669 3724 3815 3838 3840 3949 3968 4049 4149 4267 4577 4642 4711 4764 4815 4840 4928 4942 5036 5130 5152 5159 5247 5316 5330 5415 5474 5489 5620 5621 5767 5916 6665 6666 6696 6705 6713 6899 
#module 79 size: 49 bs: 0.991596
205 259 342 384 520 551 584 615 847 918 1040 1090 1156 1280 1481 1672 1984 2276 2437 2814 2866 3444 3449 3477 3887 3937 4138 4636 4637 4684 4753 4758 4928 4973 5063 5289 5313 5470 5537 5716 5765 5810 5826 6297 6366 6724 6761 6812 6830 
#module 80 size: 37 bs: 1.02893
23 86 143 234 337 339 340 609 656 749 773 805 852 1073 1367 1378 2169 2187 2596 2632 2822 2851 2958 3481 3655 4388 4768 4804 4901 5258 5286 5593 5792 5836 5862 5966 6655 
#module 81 size: 31 bs: 0.190794
232 575 581 818 824 1054 1299 1515 1620 1680 2538 2889 2915 3200 3376 3515 3644 3776 4203 4252 4556 4603 4678 5741 5875 6080 6151 6581 6682 6807 6914 
#module 82 size: 68 bs: 0.296516
369 575 637 676 797 806 820 892 1016 1067 1088 1423 1575 1615 1639 1699 1780 1793 1808 2018 2026 2066 2175 2275 2292 2411 2499 2517 2535 2694 2718 2722 2944 3034 3285 3512 3559 3704 3777 3780 3871 3903 3984 4094 4105 4230 4265 4413 4540 4574 4608 4836 5080 5121 5163 5264 5309 5385 5434 5607 5628 5637 6056 6081 6132 6390 6769 6883 
#module 83 size: 25 bs: 0.480686
184 349 577 928 1031 1296 1903 1946 2043 2145 2156 2165 2279 2800 2872 3211 3342 3346 3826 4532 4890 5083 5925 6518 6879 
#module 84 size: 184 bs: 1.03149
63 90 101 107 129 133 169 217 224 262 303 324 329 345 389 395 474 489 490 506 507 527 534 627 638 670 732 937 953 1017 1022 1030 1121 1140 1237 1240 1248 1365 1395 1405 1472 1474 1498 1513 1537 1559 1593 1603 1629 1670 1787 1831 1889 1909 1915 1980 1988 2113 2115 2120 2270 2312 2367 2388 2400 2453 2459 2495 2506 2571 2607 2663 2675 2820 2849 2994 3013 3015 3033 3068 3203 3204 3237 3393 3445 3454 3492 3495 3589 3604 3686 3689 3702 3707 3717 3818 3893 3975 3988 4007 4018 4087 4150 4171 4181 4239 4256 4305 4310 4329 4435 4457 4498 4499 4509 4537 4586 4601 4629 4663 4694 4729 4755 4769 4809 4822 4825 4827 4861 4870 4936 4977 4989 4994 5025 5040 5048 5061 5089 5139 5167 5191 5192 5202 5251 5259 5300 5386 5418 5493 5559 5572 5633 5655 5666 5668 5747 5788 5828 5953 5958 5992 5997 6037 6097 6229 6236 6241 6255 6274 6301 6321 6326 6368 6525 6548 6556 6585 6611 6648 6706 6746 6805 6918 
#module 85 size: 93 bs: 0.534144
106 138 179 278 306 484 574 720 765 838 1039 1095 1168 1301 1405 1417 1474 1501 1568 1731 1759 2005 2069 2192 2232 2261 2262 2454 2468 2513 2520 2561 2675 2764 2850 2862 3096 3106 3334 3362 3469 3485 3658 3701 3856 3866 3966 4003 4031 4143 4288 4329 4331 4333 4496 4582 4606 4734 4737 4787 4919 4959 5146 5220 5251 5320 5389 5402 5446 5476 5512 5517 5519 5660 5666 5688 5691 5764 5863 6044 6092 6113 6133 6138 6140 6292 6334 6446 6453 6461 6680 6802 6889 
#module 86 size: 30 bs: 1.06414
355 387 495 663 1172 1461 1607 1611 1750 2033 2356 2414 2471 2672 2801 3084 3197 3566 3612 3713 3820 3969 5319 5538 5912 5982 6062 6335 6644 6886 
#module 87 size: 165 bs: 1.0367
13 15 41 144 178 190 293 300 332 336 342 414 422 456 458 538 545 584 585 588 615 633 652 677 712 717 718 721 724 782 830 922 964 1011 1069 1191 1203 1251 1274 1293 1316 1401 1427 1437 1483 1506 1509 1549 1553 1650 1666 1775 1841 1843 1877 1878 1890 2003 2012 2030 2095 2098 2208 2223 2276 2281 2297 2303 2383 2417 2424 2425 2541 2581 2584 2585 2622 2644 2774 2852 2885 2907 2942 2961 2972 2999 3035 3075 3098 3143 3251 3265 3371 3373 3384 3388 3410 3444 3464 3490 3534 3573 3656 3675 3804 3858 3881 3974 4166 4184 4345 4382 4448 4467 4526 4527 4538 4587 4631 4635 4637 4693 4703 4758 4778 4810 4905 4916 4981 4991 5028 5063 5231 5281 5299 5328 5438 5466 5602 5685 5866 5906 5967 5986 5991 6046 6185 6188 6190 6191 6207 6211 6220 6253 6285 6314 6398 6416 6423 6438 6481 6501 6647 6732 6815 
#module 88 size: 30 bs: 0.526698
47 155 390 411 997 1020 1198 1492 1644 1702 1985 2039 2128 2167 2346 2381 2557 2736 3378 4166 4496 4745 4815 4975 5014 5371 5853 6297 6425 6638 
#module 89 size: 54 bs: 0.834476
42 56 198 774 851 969 1037 1138 1471 1475 1488 1514 1541 1627 1663 1711 1738 1805 1858 1859 1887 1951 2047 2241 2317 2405 2602 2668 2903 3114 3120 3190 3280 3297 3521 3846 4130 4296 4418 4765 4866 4877 5017 5026 5680 6058 6235 6245 6246 6356 6685 6797 6806 6910 
#module 90 size: 38 bs: 0.382162
48 295 367 471 899 957 1003 1032 1079 1117 1271 1349 1363 1805 1819 1906 1925 1932 2004 2116 2233 2384 2813 3067 3130 3223 3800 4099 4307 4377 4549 5069 5430 5709 5800 5821 6152 6209 
#module 91 size: 33 bs: 0.824385
167 434 563 764 1295 1592 1626 1829 1869 1954 2215 2339 2470 2493 2711 3024 3247 3470 3513 3544 3677 3867 4381 4680 5534 5944 5966 6082 6259 6358 6424 6557 6667 
#module 92 size: 33 bs: 0.528714
22 444 603 844 932 994 1089 1205 1510 1511 1655 1690 1701 1718 1872 2536 2888 3026 3073 3127 3129 3208 3273 3377 3900 4438 4956 5086 5468 6313 6336 6779 6841 
#module 93 size: 31 bs: 0.649777
25 130 182 381 441 541 917 1235 1238 1362 1518 1612 1671 1786 2159 2220 2310 2362 2545 2671 3109 3290 3674 4088 4355 4645 5639 5823 5900 6104 6626 
#module 94 size: 140 bs: 0.173471
1 21 99 177 186 187 214 323 549 556 675 731 740 891 935 960 1062 1155 1177 1185 1211 1275 1282 1304 1346 1359 1374 1458 1476 1484 1493 1495 1508 1538 1630 1680 1699 1708 1719 1744 1751 1857 1870 1880 1966 1978 2001 2053 2054 2097 2105 2145 2146 2157 2193 2236 2268 2316 2370 2435 2524 2619 2666 2738 2752 2785 2815 2867 2924 3116 3138 3181 3196 3316 3334 3424 3468 3480 3503 3538 3562 3588 3592 3653 3830 3857 3863 3876 3950 3953 4020 4078 4107 4361 4451 4497 4506 4578 4636 4713 4788 4793 4868 4895 5103 5110 5142 5243 5306 5315 5330 5341 5348 5356 5502 5650 5675 5813 5955 6222 6280 6310 6400 6432 6467 6498 6500 6542 6564 6593 6604 6607 6641 6642 6690 6742 6765 6795 6845 6890 
#module 95 size: 152 bs: 0.948267
57 69 121 202 352 386 503 525 540 542 583 644 849 874 886 946 1018 1041 1075 1093 1153 1262 1350 1444 1452 1477 1497 1542 1544 1610 1635 1647 1673 1735 1814 1837 1907 1956 2063 2072 2096 2100 2126 2160 2224 2238 2277 2280 2344 2348 2581 2585 2617 2626 2682 2695 2733 2819 2834 2868 2875 2906 2915 2948 2960 3064 3143 3166 3177 3231 3301 3363 3411 3495 3520 3525 3578 3648 3708 3732 3751 3764 3878 3920 3941 4056 4103 4134 4144 4167 4203 4237 4358 4459 4480 4504 4524 4562 4634 4689 4715 4767 4853 4864 4871 4884 4997 5042 5056 5102 5158 5223 5229 5324 5347 5366 5375 5378 5417 5437 5461 5485 5526 5543 5550 5578 5701 5713 5773 5849 5877 5898 5899 5911 5937 5955 6028 6051 6179 6193 6339 6352 6428 6514 6579 6603 6679 6685 6739 6793 6848 6880 
#module 96 size: 47 bs: 0.36137
49 70 383 554 576 699 727 1197 1255 1441 1791 2140 2199 2370 2372 2562 2723 2732 2784 3186 3218 3240 3413 3502 3676 3749 4013 4071 4124 4220 4469 4659 4665 4708 4848 5124 5181 5551 5663 6116 6294 6405 6431 6564 6671 6678 6699 
#module 97 size: 56 bs: 0.377382
173 246 561 702 870 941 1134 1207 1210 1352 1676 1687 1704 1818 2333 2385 2423 2515 2537 2544 2669 2708 2746 2790 2855 2996 3052 3327 3329 3343 3619 3624 3764 3956 3972 3986 4059 4131 4320 4647 4913 4946 5098 5128 5255 5340 5424 5606 5785 5834 5949 6239 6420 6712 6864 6895 
#module 98 size: 63 bs: 1.02311
57 146 206 292 350 422 625 830 915 984 1010 1042 1089 1335 1520 1580 1582 1622 1756 1798 1900 2181 2235 2433 2667 2677 2818 2835 2857 2859 3020 3421 3431 3461 3463 3737 4133 4358 4394 4456 4563 4723 4789 5108 5138 5177 5200 5322 5467 5618 5717 5798 5903 5956 5980 6024 6061 6095 6197 6234 6531 6624 6639 
#module 99 size: 27 bs: 0.222369
8 226 407 439 453 487 1480 1579 1587 1881 2091 3173 3291 3432 3472 3558 3907 4353 4667 4743 5107 5743 6107 6282 6307 6408 6709 
#module 100 size: 93 bs: 0.935104
110 129 150 191 210 291 481 826 869 1001 1009 1058 1151 1172 1195 1203 1244 1300 1551 1629 1905 1926 1943 2028 2118 2328 2372 2513 2532 2588 2673 2681 2714 2723 2750 2760 2777 2922 2964 2978 2986 3051 3132 3212 3318 3352 3404 3418 3420 3532 3587 3660 3999 4308 4335 4464 4495 4581 4686 4705 4719 4760 4805 4825 4967 5073 5116 5124 5269 5305 5363 5379 5403 5478 5701 5804 5830 5837 5886 5938 6124 6240 6268 6327 6437 6586 6605 6635 6664 6673 6697 6823 6885 
#module 101 size: 81 bs: 0.398114
67 94 229 354 406 433 445 459 476 512 518 717 756 803 816 921 1012 1024 1047 1118 1147 1154 1257 1263 1276 1460 1567 1697 1733 1911 1916 2032 2220 2230 2343 2472 2651 2697 2706 2755 2768 3102 3163 3193 3276 3299 3452 3556 3596 3622 3683 3723 3738 3743 4378 4391 4422 4490 4562 4572 4622 4909 5185 5272 5342 5351 5422 5453 5494 5627 5679 5693 5963 6025 6090 6209 6250 6320 6383 6493 6843 
#module 102 size: 8 bs: 0.52735
936 2229 2264 2817 4210 4234 4472 4724 
#module 103 size: 154 bs: 0.243048
3 20 50 109 128 132 166 183 216 256 285 328 425 510 573 701 705 744 775 808 815 860 927 948 951 1080 1083 1171 1214 1249 1284 1289 1347 1383 1407 1448 1485 1497 1566 1577 1581 1720 1729 1826 1834 1979 1981 2046 2106 2129 2136 2150 2172 2265 2266 2286 2302 2336 2349 2371 2439 2465 2566 2603 2628 2657 2680 2801 2962 2966 3072 3185 3206 3216 3249 3271 3287 3295 3332 3337 3353 3446 3498 3500 3528 3541 3594 3615 3630 3783 3786 3816 3859 3944 4063 4183 4238 4241 4258 4284 4298 4323 4482 4533 4615 4735 4777 4800 4801 4849 4855 4889 4893 4962 4998 5011 5015 5021 5141 5196 5230 5296 5321 5326 5377 5443 5456 5503 5584 5647 5790 5972 6043 6161 6168 6184 6202 6324 6337 6338 6357 6393 6419 6484 6502 6506 6509 6517 6582 6663 6723 6816 6819 6856 
#module 104 size: 227 bs: 0.998062
100 131 171 195 251 254 301 419 462 473 486 513 543 560 589 598 605 619 639 654 689 719 734 738 743 784 811 835 843 857 876 893 900 949 974 993 1013 1033 1046 1109 1149 1161 1179 1194 1216 1222 1234 1236 1288 1290 1315 1408 1440 1442 1560 1578 1584 1675 1681 1710 1720 1752 1774 1797 1828 1962 2013 2084 2168 2183 2207 2245 2271 2293 2300 2304 2357 2395 2398 2528 2543 2552 2587 2623 2629 2637 2656 2670 2779 2798 2827 2909 2921 2936 2952 2979 2980 2981 2982 3029 3041 3045 3058 3101 3110 3199 3268 3355 3365 3403 3415 3447 3486 3503 3519 3545 3551 3593 3597 3712 3716 3744 3757 3810 3821 3886 3914 3957 3963 3976 3978 4065 4066 4147 4163 4174 4204 4250 4254 4302 4308 4363 4371 4410 4426 4453 4507 4585 4592 4599 4612 4625 4668 4670 4692 4715 4717 4731 4794 4872 4874 4878 4891 4897 4907 4963 4976 5004 5049 5051 5087 5099 5257 5271 5277 5287 5302 5314 5333 5361 5420 5471 5481 5510 5520 5530 5557 5609 5791 5802 5843 5878 5919 5928 5930 5931 5941 5964 5965 5976 6001 6026 6145 6231 6242 6308 6328 6359 6363 6380 6422 6427 6431 6435 6447 6452 6475 6476 6510 6535 6569 6573 6610 6616 6645 6683 6762 
#module 105 size: 124 bs: 1.01255
2 83 84 110 123 162 180 204 212 261 269 319 590 714 839 848 950 1004 1105 1146 1150 1254 1306 1313 1376 1385 1397 1491 1529 1530 1557 1568 1693 1707 1755 1939 2027 2028 2076 2131 2204 2332 2355 2360 2376 2386 2446 2475 2650 2658 2721 2745 2761 2838 2870 2934 2963 3007 3077 3080 3133 3172 3283 3418 3434 3531 3687 3691 3740 3835 3844 3901 3925 3979 4052 4077 4141 4243 4277 4316 4341 4439 4444 4461 4475 4565 4902 4923 4999 5086 5153 5165 5205 5228 5321 5408 5579 5692 5698 5715 5737 5787 5807 5910 5960 6036 6044 6052 6091 6103 6198 6341 6371 6449 6492 6530 6545 6568 6580 6602 6629 6631 6700 6867 
#module 106 size: 138 bs: 0.550495
19 37 134 176 298 370 429 455 496 687 750 791 796 813 834 879 889 971 1008 1035 1078 1100 1104 1176 1186 1206 1245 1264 1297 1309 1350 1360 1399 1443 1445 1479 1543 1562 1576 1677 1703 1740 1761 1794 1810 1815 1820 1860 1930 1976 2016 2037 2070 2322 2345 2467 2480 2565 2716 2772 2775 2789 2807 2825 3063 3118 3136 3147 3155 3399 3400 3412 3471 3671 3737 3785 3817 3918 3973 3994 4025 4029 4118 4159 4204 4223 4300 4332 4384 4421 4494 4508 4543 4595 4691 4863 5063 5143 5209 5325 5367 5395 5405 5416 5426 5471 5490 5544 5545 5546 5611 5649 5651 5658 5714 5719 5872 5881 5957 5985 6012 6098 6225 6238 6249 6265 6298 6360 6386 6395 6478 6504 6533 6711 6774 6796 6858 6909 
#module 107 size: 28 bs: 0.794133
28 163 494 498 643 690 1101 1131 1286 1457 2177 2427 2968 3086 3238 3244 3555 3703 3801 5002 5179 5226 5239 5777 5932 6154 6472 6877 
#module 108 size: 60 bs: 0.672056
38 187 265 304 446 682 895 1034 1094 1184 1283 1295 1314 1321 1451 1614 1753 1864 2024 2620 2624 2660 2711 2840 3191 3225 3254 3417 3513 3569 3711 3939 3954 4121 4317 4364 4381 4455 4832 4834 4914 4925 5031 5113 5149 5176 5320 5624 5626 5839 6110 6175 6405 6424 6474 6551 6557 6627 6789 6851 
#module 109 size: 1 bs: 1
6550 
#module 110 size: 1 bs: 1
611 
#module 111 size: 1 bs: 1
5547 
#module 112 size: 1 bs: 1
4140 
#module 113 size: 1 bs: 1
2606 
#module 114 size: 1 bs: 1
6897 
#module 115 size: 1 bs: 1
1812 
#module 116 size: 1 bs: 1
4416 
#module 117 size: 1 bs: 1
4135 
#module 118 size: 1 bs: 1
4217 
#module 119 size: 1 bs: 1
6153 
#module 120 size: 1 bs: 1
4070 
#module 121 size: 1 bs: 1
6224 
#module 122 size: 1 bs: 1
5597 
#module 123 size: 1 bs: 1
5856 
#module 124 size: 1 bs: 1
3157 
#module 125 size: 1 bs: 1
1904 
#module 126 size: 1 bs: 1
882 
#module 127 size: 1 bs: 1
640 
#module 128 size: 1 bs: 1
1802 
#module 129 size: 1 bs: 1
6291 
#module 130 size: 1 bs: 1
2085 
#module 131 size: 1 bs: 1
4091 
#module 132 size: 1 bs: 1
2593 
#module 133 size: 1 bs: 1
6811 
#module 134 size: 1 bs: 1
6010 
#module 135 size: 1 bs: 1
5033 
#module 136 size: 1 bs: 1
1403 
#module 137 size: 1 bs: 1
2283 
#module 138 size: 1 bs: 1
3462 
#module 139 size: 1 bs: 1
1137 
#module 140 size: 1 bs: 1
5566 
#module 141 size: 1 bs: 1
1561 
#module 142 size: 1 bs: 1
4627 
#module 143 size: 1 bs: 1
3554 
#module 144 size: 1 bs: 1
4639 
#module 145 size: 1 bs: 1
92 
#module 146 size: 1 bs: 1
5577 
#module 147 size: 1 bs: 1
4246 
#module 148 size: 1 bs: 1
850 
#module 149 size: 1 bs: 1
5728 
#module 150 size: 1 bs: 1
3043 
#module 151 size: 1 bs: 1
5744 
#module 152 size: 1 bs: 1
2034 
#module 153 size: 1 bs: 1
3044 
#module 154 size: 1 bs: 1
4650 
#module 155 size: 1 bs: 1
2700 
#module 156 size: 1 bs: 1
250 
#module 157 size: 1 bs: 1
2512 
#module 158 size: 1 bs: 1
4295 
#module 159 size: 1 bs: 1
5779 
#module 160 size: 1 bs: 1
5064 
#module 161 size: 1 bs: 1
4930 
#module 162 size: 1 bs: 1
3845 
#module 163 size: 1 bs: 1
103 
#module 164 size: 1 bs: 1
2970 
#module 165 size: 1 bs: 1
2805 
#module 166 size: 1 bs: 1
3728 
#module 167 size: 1 bs: 1
5755 
#module 168 size: 1 bs: 1
4290 
#module 169 size: 1 bs: 1
6415 
#module 170 size: 1 bs: 1
4046 
#module 171 size: 1 bs: 1
6054 
#module 172 size: 1 bs: 1
3961 
#module 173 size: 1 bs: 1
3425 
#module 174 size: 1 bs: 1
3912 
#module 175 size: 1 bs: 1
612 
#module 176 size: 1 bs: 1
5003 
#module 177 size: 1 bs: 1
758 
#module 178 size: 1 bs: 1
2959 
#module 179 size: 1 bs: 1
6402 
#module 180 size: 1 bs: 1
5444 
#module 181 size: 1 bs: 1
5921 
#module 182 size: 1 bs: 1
2274 
#module 183 size: 1 bs: 1
2971 
#module 184 size: 1 bs: 1
4244 
#module 185 size: 1 bs: 1
2976 
#module 186 size: 1 bs: 1
6120 
#module 187 size: 1 bs: 1
6085 
#module 188 size: 1 bs: 1
346 
