#module 0 size: 10 bs: 1.25455e-12
48 161 163 185 271 343 559 624 676 711 
#module 1 size: 30 bs: 2.19102e-08
4 63 102 105 285 293 303 325 355 369 376 453 454 458 463 468 472 528 545 679 689 705 807 822 842 870 877 913 919 980 
#module 2 size: 32 bs: 0.02035
11 12 30 36 37 42 87 135 166 245 298 308 351 371 375 385 387 396 478 493 544 649 692 753 765 778 797 819 917 935 936 951 
#module 3 size: 9 bs: 0.00610577
51 191 390 415 425 734 762 816 900 
#module 4 size: 22 bs: 2.07815e-09
58 87 138 328 412 457 465 490 499 501 527 536 586 604 624 637 668 712 721 773 939 962 
#module 5 size: 8 bs: 0.00073627
299 444 483 517 571 574 812 863 
#module 6 size: 16 bs: 1.16524e-06
85 298 422 445 476 485 553 582 593 703 725 781 782 814 858 883 
#module 7 size: 11 bs: 0.0110361
387 433 535 589 668 671 716 764 848 875 986 
#module 8 size: 12 bs: 1.27676e-14
116 349 368 404 444 530 607 804 841 916 934 987 
#module 9 size: 28 bs: 5.32608e-07
89 146 149 159 172 181 202 224 281 301 304 336 457 510 543 589 611 651 657 660 669 800 809 824 855 865 920 963 
#module 10 size: 16 bs: 4.04908e-08
18 33 64 134 322 414 488 643 709 716 727 731 813 849 874 895 
#module 11 size: 21 bs: 0.00254378
64 119 199 215 330 339 384 391 416 429 514 522 699 744 778 797 867 903 945 951 962 
#module 12 size: 25 bs: 0.000690725
18 57 65 87 119 143 215 384 391 416 497 608 627 635 641 656 721 729 786 797 819 887 951 962 969 
#module 13 size: 24 bs: 1.28791e-08
36 60 78 219 227 278 372 413 419 474 495 516 527 580 634 637 638 658 659 665 802 867 934 938 
#module 14 size: 10 bs: 0.000615841
368 370 382 412 540 612 692 693 814 942 
#module 15 size: 21 bs: 4.70573e-08
7 57 64 123 143 193 204 216 255 269 323 496 531 546 565 645 655 708 875 967 969 
#module 16 size: 6 bs: 0.0141703
243 358 514 565 868 923 
#module 17 size: 20 bs: 1.16573e-14
33 38 58 64 104 111 282 295 344 358 391 487 646 668 721 731 744 825 926 946 
#module 18 size: 6 bs: 0.0143404
63 99 107 303 428 925 
#module 19 size: 27 bs: 1.58876e-06
10 55 83 96 101 142 197 206 208 210 379 398 442 601 650 683 745 770 830 834 840 850 902 943 948 955 983 
#module 20 size: 16 bs: 5.23107e-05
22 50 79 82 203 220 331 333 362 585 640 752 801 888 921 975 
#module 21 size: 28 bs: 0.617974
3 27 62 89 112 118 214 290 347 439 470 485 492 498 590 602 652 667 700 713 719 730 750 766 843 898 909 919 
#module 22 size: 39 bs: 1.02292
13 75 85 100 111 139 168 173 194 236 282 287 289 292 295 329 330 344 353 357 421 474 525 538 555 584 587 593 628 663 677 681 694 781 784 802 881 884 907 
#module 23 size: 24 bs: 0.782132
26 125 179 193 213 238 243 287 308 354 371 397 497 517 526 569 579 610 616 840 845 885 895 916 
#module 24 size: 19 bs: 0.906319
39 52 89 103 108 240 334 379 411 459 481 484 524 543 576 599 858 971 972 
#module 25 size: 29 bs: 0.964875
19 55 156 164 197 200 205 210 230 261 341 383 396 450 530 533 576 650 670 745 751 755 760 834 850 871 943 966 983 
#module 26 size: 55 bs: 0.945375
18 67 90 97 123 127 134 143 169 188 209 216 236 241 250 253 300 308 352 366 402 414 436 448 462 463 464 499 506 512 514 570 591 593 626 640 642 698 699 702 710 735 748 757 767 768 883 888 903 906 935 936 969 979 981 
#module 27 size: 47 bs: 0.243818
12 39 76 141 145 148 165 183 206 231 242 244 251 272 276 283 293 317 342 356 364 399 411 417 418 424 427 431 451 508 553 557 607 612 619 622 678 716 769 780 804 818 834 855 905 941 956 
#module 28 size: 17 bs: 1.00649
59 80 133 140 232 245 246 322 395 421 440 457 544 545 647 764 957 
#module 29 size: 19 bs: 0.669246
11 86 128 142 166 371 488 560 716 732 774 849 850 890 904 931 943 958 987 
#module 30 size: 21 bs: 0.412171
2 12 58 93 128 165 166 168 270 278 321 547 549 550 605 632 726 765 912 917 938 
#module 31 size: 19 bs: 1.05332
14 141 149 207 345 363 386 488 715 722 728 815 849 856 947 948 951 971 972 
#module 32 size: 13 bs: 0.512354
29 48 257 300 324 467 518 777 805 839 879 940 973 
#module 33 size: 16 bs: 0.643539
162 315 388 422 426 502 526 542 547 689 705 774 788 791 886 949 
#module 34 size: 43 bs: 0.288861
15 51 80 84 88 98 124 144 170 214 221 232 266 319 349 394 410 456 476 537 555 575 581 588 596 609 613 621 625 628 695 746 747 762 776 799 803 817 841 893 900 915 930 
#module 35 size: 23 bs: 0.836171
5 46 56 70 117 130 249 263 311 337 340 346 375 554 653 662 737 761 772 826 844 921 944 
#module 36 size: 15 bs: 1.0008
76 169 212 235 310 312 350 375 486 513 619 702 735 940 961 
#module 37 size: 44 bs: 0.973165
4 8 13 19 34 49 71 110 115 117 118 124 157 159 211 237 240 251 279 288 318 327 346 348 378 381 406 409 504 507 592 595 639 717 718 738 742 758 790 796 811 837 839 977 
#module 38 size: 22 bs: 0.328908
79 120 234 268 442 494 543 614 620 644 730 752 763 809 851 855 861 882 892 899 914 959 
#module 39 size: 13 bs: 0.434133
82 138 171 184 235 256 274 629 683 723 785 897 912 
