#cluster 18
2 539
#cluster 2
9 10 11 12 14 17 20 21 29 32 35 36 40 51 62 69 72 76 77 83 86 97 101 115 121 125 127 131 133 134 138 139 147 148 149 151 152 154 157 158 160 165 168 173 180 181 191 198 199 201 204 205 211 215 224 227 229 234 238 239 245 249 250 251 252 257 262 263 268 272 273 274 281 283 285 289 291 293 302 304 305 308 309 313 318 320 325 326 328 329 330 332 334 335 338 340 348 351 356 367 369 375 377 378 379 381 383 385 393 396 399 400 405 406 408 409 415 417 419 421 426 427 428 429 430 432 437 438 450 455 456 457 458 465 466 467 469 473 480 481 482 483 484 485 488 500 501 503 505 508 509 510 518 519 520 522 526 528 530 531 533 534 542 543 545 549 550 553 554 559 566 568 570 573 585 586 588 594 596 598 599 602 613 617 619 628 629 633 636 637 647 649 651 652 654 655 656 658 659 660 661 663 671 676 678 679 686 694 696 700 703 706 710 711 712 714 715 724 735 736 746 748 752 753 754 755 757 758 759 763 768 770 783 786 796 803 805 806 809 811 812 814 815 817 824 827 828 829 836 837 838 839 840 841 847 850 855 857 858 860 861 862 869 870 872 873 875 877 883 885 886 890 891 893 894 895 896 899 900 909 911 912 914 916 922 924 931 933 935 939 940 942 943 947 957 960 964 967 968 971 975 977 979 981 983 985 989 990 991
#cluster 16
225 307 402 600 704 750 800
#cluster 11
7 8 22 41 46 52 55 61 79 82 94 102 107 124 143 144 153 161 166 170 174 175 188 197 210 212 214 217 218 220 241 246 254 255 265 270 276 297 299 312 319 321 322 323 327 331 353 355 357 368 370 382 391 398 401 403 410 414 423 431 435 440 443 446 452 460 461 463 471 472 474 478 487 494 502 506 511 512 547 548 551 557 561 574 616 618 625 630 641 646 648 662 664 674 675 681 682 683 693 698 717 720 738 739 742 762 767 771 777 778 780 781 784 792 795 808 816 820 823 844 871 874 887 919 925 938 951 952 955 961 962 973 984
#cluster 7
88 376 580 723
#cluster 9
603 611 859
#cluster 10
13 24 25 27 44 45 47 48 57 58 65 73 78 81 85 98 99 126 136 140 162 164 178 179 186 190 193 194 196 200 222 230 232 237 266 269 271 277 279 295 300 306 310 311 317 324 339 363 364 411 412 434 442 445 447 451 453 464 470 477 486 493 495 504 515 524 525 536 538 552 556 560 562 565 567 571 576 581 601 604 607 621 622 627 690 691 692 695 743 775 787 791 797 798 825 831 832 835 842 851 856 868 876 880 882 884 898 905 928 932 936 937 956 969 974 982
#cluster 19
38 176 185 592 751 761 774 906
#cluster 17
219 733 907
#cluster 8
1 3 228 822
#cluster 6
16 26 42 43 92 106 156 240 316 333 336 350 352 387 407 433 529 614 650 713 732 744 773 793 854 865 954 992
#cluster 4
5 15 37 54 68 71 80 95 105 109 110 111 129 159 163 183 207 208 209 226 231 233 244 284 287 288 301 315 341 342 346 359 362 373 389 395 425 444 459 475 496 497 513 516 521 532 535 537 546 563 578 583 595 615 623 639 640 684 701 709 718 728 729 734 737 745 747 760 782 788 807 813 834 846 848 852 879 881 892 897 923 926 958 966 976 978 980 986 987 988
#cluster 3
6 19 23 28 33 34 39 49 63 64 70 93 96 100 104 112 113 117 118 122 123 128 130 132 135 141 142 145 146 155 169 171 172 177 182 184 187 192 195 202 221 223 243 248 253 256 258 259 260 264 275 280 290 296 298 345 349 354 358 361 371 372 374 384 386 388 390 392 397 404 413 416 418 420 422 424 436 439 441 449 462 476 479 489 490 491 492 498 499 507 523 527 540 541 544 572 575 577 579 582 584 587 597 606 609 610 632 634 635 642 644 665 667 668 670 673 677 687 688 689 699 702 705 707 708 716 719 722 727 740 756 772 776 779 789 799 802 810 818 821 826 830 833 845 853 863 864 866 888 889 901 908 910 913 915 918 921 927 929 934 941 945 948 950 953 972
#cluster 5
67 343 365 555 680 790
#cluster 20
59 87 89 91 119 150 189 203 206 216 261 314 380 448 454 514 517 593 605 608 612 620 624 631 643 645 653 672 725 731 749 764 766 769 801 804 843 849 867 878 904 920 930 944 949 959 963 965
#cluster 14
31 53 56 60 66 84 90 103 116 120 137 167 213 235 236 242 247 267 278 282 292 294 337 344 347 360 366 468 558 569 589 591 638 669 726 730 741 785 794 819
#cluster 13
108 286 303 394 590 903 917
#cluster 15
30 75 564 626 685 902 970
#cluster 12
18 50 74 114 657 666 697 721 765 946
#cluster 1
4
