303	545	285	411	105	689	971	705	325	822	39	453	89	103	108	468	858	454	102	472	807	63	980	376	972	528	458	870	877	369	679	355	919	459	842	913	243	213	3	439	590	898	536	517	885	845	569	354	238	179	616	579	916	26	334	481	484	52	
378	4	346	240	348	237	157	923	868	118	251	507	502	211	19	34	159	718	49	406	504	738	758	839	717	42	837	811	300	324	467	110	115	518	29	973	350	790	257	777	71	8	13	381	327	879	595	940	796	48	805	639	288	977	318	279	742	592	486	905	409	
963	56	337	263	543	457	498	667	22	329	311	888	826	730	5	112	921	611	752	554	333	203	50	79	640	120	816	734	191	863	415	117	220	362	442	657	660	892	172	268	801	281	589	861	800	301	202	494	510	146	614	336	809	763	914	669	304	824	181	224	651	920	772	249	340	375	234	851	671	844	719	62	290	766	750	909	185	27	944	130	959	620	975	882	585	899	70	737	331	390	865	46	662	761	
588	144	581	349	537	695	428	456	476	99	98	609	485	575	817	930	107	925	394	266	422	893	841	170	88	776	621	915	524	410	15	803	84	319	232	80	59	979	440	774	843	214	602	162	315	700	470	526	312	483	397	788	584	747	949	587	51	221	900	746	124	762	625	799	445	781	582	599	347	628	555	782	492	613	596	703	725	
293	463	512	464	514	165	553	716	431	242	342	557	209	855	253	612	883	283	626	769	145	12	427	123	236	417	935	642	767	364	67	956	90	570	591	499	448	698	241	169	148	183	276	97	352	622	607	424	356	757	699	768	244	780	451	366	272	18	317	710	818	436	231	906	735	941	678	250	619	508	418	804	399	76	593	462	702	310	188	216	506	903	748	127	402	134	212	961	513	
208	812	142	149	931	958	728	544	245	957	764	140	246	133	647	395	947	948	547	791	987	166	86	128	11	371	904	652	488	785	732	560	171	235	82	890	912	184	849	168	981	141	345	143	969	765	951	36	936	414	638	227	867	495	580	934	634	78	219	413	658	372	419	516	665	814	351	605	726	632	298	938	278	659	939	967	138	363	722	207	256	815	37	321	644	856	386	193	125	542	426	388	715	917	308	886	323	708	531	255	269	7	57	875	655	496	546	204	64	465	565	274	897	60	778	322	527	723	497	343	753	58	692	540	368	382	942	370	693	14	93	65	104	645	493	649	30	135	385	478	653	986	425	668	270	550	549	433	535	848	2	629	
379	387	943	850	210	576	650	261	834	206	55	601	670	200	533	450	197	755	745	751	760	230	966	871	383	205	341	530	637	83	770	955	983	683	840	96	10	830	398	895	101	902	610	396	731	33	164	156	874	709	813	643	727	
358	421	85	289	907	694	713	538	474	525	677	357	139	330	884	75	287	295	100	173	681	194	292	881	353	663	784	344	111	802	926	487	646	825	38	946	282	
712	624	328	586	604	501	490	773	412	
116	444	404	571	299	574	
744	416	819	87	962	721	608	641	887	729	656	627	786	635	797	391	199	339	945	429	522	215	119	384	
676	163	271	161	559	711	
