466	569	422	509	409	414	230	479	155	192	298	500	67	33	304	559	438	129	433	321	277	50	337	22	
386	490	
587	571	570	395	449	
222	251	314	254	413	160	318	266	439	118	92	131	159	257	342	188	420	561	581	543	560	228	229	499	136	402	
61	215	83	568	45	20	153	565	418	284	2	269	544	212	89	275	352	107	377	347	64	27	453	366	407	52	488	259	102	590	237	210	95	267	441	200	305	371	540	103	109	139	552	43	206	38	557	
485	261	
348	513	250	80	72	355	44	177	417	36	349	
579	330	84	66	252	187	323	190	123	306	59	292	94	428	
317	224	589	357	467	482	472	121	434	558	124	458	534	147	101	46	31	151	461	203	572	312	470	383	
311	595	
580	97	
286	40	
538	421	
3	
481	
345	394	
201	333	34	13	343	454	74	19	145	385	180	245	358	405	285	316	181	60	104	16	484	211	553	125	506	375	392	313	338	7	307	549	596	
85	370	474	172	496	76	501	35	492	393	524	105	122	489	445	460	376	
346	
262	
4	601	183	93	273	532	169	106	354	593	604	360	279	42	473	
143	
256	
239	
49	
178	
115	
390	
197	
326	
116	
209	
10	
408	185	
193	
100	111	270	281	205	597	599	517	79	240	23	132	320	605	163	328	117	202	53	86	341	415	25	168	
442	
287	
11	
62	
380	388	
247	
213	
443	
263	
585	
521	296	
389	
54	
15	
397	
550	
322	
175	368	
176	
130	
278	
300	
507	
459	
302	
547	
527	
529	
440	
47	
