#module 0 size: 2 bs: 3.21439e-102
9854 11509 
#module 1 size: 2 bs: 1.83101e-101
7417 8217 
#module 2 size: 2 bs: 5.15419e-102
1003 7166 
#module 3 size: 2 bs: 2.93566e-101
8345 10415 
#module 4 size: 2 bs: 1.58599e-101
1543 5259 
#module 5 size: 2 bs: 8.67173e-101
6392 10669 
#module 6 size: 3 bs: 2.86604e-101
6351 9934 10839 
#module 7 size: 3 bs: 1.22474e-101
4028 6211 7361 
#module 8 size: 3 bs: 1.95821e-101
1722 6110 6516 
#module 9 size: 3 bs: 5.19075e-101
4372 6409 11124 
#module 10 size: 2 bs: 1.20152e-101
1559 8552 
#module 11 size: 4 bs: 5.23317e-101
2449 5522 6788 8868 
#module 12 size: 17 bs: 6.92628e-102
621 1221 2683 3184 3944 3982 4249 4288 5436 6168 6316 7977 8804 8851 9304 10181 11475 
#module 13 size: 9 bs: 3.37129e-101
197 1107 3057 3473 3479 5122 5139 5942 10192 
#module 14 size: 3 bs: 6.97595e-101
929 1716 11157 
#module 15 size: 2 bs: 6.75304e-101
8132 9232 
#module 16 size: 10 bs: 1.4848e-10
665 5271 5365 5734 6340 6815 7863 8306 8372 9292 
#module 17 size: 3 bs: 9.49152e-101
1866 2505 6688 
#module 18 size: 2 bs: 2.07367e-101
5639 10641 
#module 19 size: 3 bs: 6.75872e-101
543 3081 5472 
#module 20 size: 2 bs: 3.75946e-101
3624 9357 
#module 21 size: 3 bs: 7.13283e-102
5100 7019 9441 
#module 22 size: 2 bs: 4.99456e-102
6013 9836 
#module 23 size: 2 bs: 1.69798e-101
5266 7297 
#module 24 size: 7 bs: 4.36498e-101
2721 3148 3742 4916 6733 6895 11211 
#module 25 size: 7 bs: 2.25191e-06
1086 1271 3260 7916 8462 9728 10149 
#module 26 size: 4 bs: 5.81816e-101
3712 4093 6151 11100 
#module 27 size: 2 bs: 7.57634e-101
2658 3640 
#module 28 size: 3 bs: 6.79911e-101
2498 3948 6800 
#module 29 size: 2 bs: 7.50538e-101
3786 6455 
#module 30 size: 2 bs: 3.19701e-102
3271 8082 
#module 31 size: 4 bs: 5.5594e-101
1067 3481 7664 9092 
#module 32 size: 3 bs: 1.04019e-101
3748 8175 9255 
#module 33 size: 6 bs: 4.09745e-101
236 6267 6517 9176 9758 10950 
#module 34 size: 9 bs: 3.03208e-101
1050 1636 3198 5078 7884 8871 10557 10672 11015 
#module 35 size: 9 bs: 6.21207e-101
2111 2241 5086 6370 8145 9682 9745 9865 12636 
#module 36 size: 4 bs: 6.14877e-102
1451 4455 5340 8975 
#module 37 size: 15 bs: 1.15385e-12
574 983 1103 1195 1305 1863 3547 4588 4912 4939 5761 6852 6876 9431 11551 
#module 38 size: 2 bs: 5.7426e-102
6020 8162 
#module 39 size: 3 bs: 8.81657e-101
1148 3368 9359 
#module 40 size: 4 bs: 7.12545e-08
1914 2351 8026 9236 
#module 41 size: 13 bs: 5.97816e-101
625 2688 3078 3304 3478 4044 5388 6201 7673 8446 8858 9924 11092 
#module 42 size: 6 bs: 7.51226e-11
1837 2429 3108 5636 8487 9252 
#module 43 size: 2 bs: 2.69005e-101
2565 6643 
#module 44 size: 5 bs: 6.48611e-101
2228 4884 7379 8943 9488 
#module 45 size: 2 bs: 2.10377e-101
7804 9204 
#module 46 size: 3 bs: 4.95528e-101
5036 7509 9300 
#module 47 size: 11 bs: 8.1251e-101
1686 2928 3280 3595 4248 5275 5357 6901 8033 8368 10723 
#module 48 size: 3 bs: 2.15792e-102
1253 1450 6314 
#module 49 size: 2 bs: 8.17801e-101
925 6542 
#module 50 size: 2 bs: 4.1611e-101
487 3095 
#module 51 size: 5 bs: 1.93969e-07
1914 2808 3501 5623 7943 
#module 52 size: 2 bs: 5.9765e-101
1193 2529 
#module 53 size: 4 bs: 9.25486e-102
1833 9849 9928 11211 
#module 54 size: 3 bs: 5.9928e-101
3129 5591 6050 
#module 55 size: 2 bs: 7.38101e-101
5976 9695 
#module 56 size: 4 bs: 7.02782e-101
299 1065 2476 3390 
#module 57 size: 3 bs: 2.70665e-101
1708 2086 7997 
#module 58 size: 2 bs: 1.07601e-101
3414 5387 
#module 59 size: 3 bs: 3.02738e-101
1382 7976 9365 
#module 60 size: 18 bs: 1.31235e-06
300 318 638 717 867 1630 2744 4036 4222 5419 5916 6294 7877 8650 9219 9593 10195 11465 
#module 61 size: 3 bs: 1.94769e-101
2228 6647 8910 
#module 62 size: 5 bs: 6.30999e-101
1833 8339 8621 9331 9750 
#module 63 size: 3 bs: 6.39989e-101
2481 5602 8628 
#module 64 size: 3 bs: 9.03491e-101
4050 5103 7148 
#module 65 size: 3 bs: 3.89376e-101
1832 8238 8787 
#module 66 size: 3 bs: 8.83554e-101
4071 4881 9573 
#module 67 size: 7 bs: 9.59903e-101
1732 1852 3394 6261 7766 8860 10948 
#module 68 size: 10 bs: 1.0426e-07
3798 4661 4846 5389 5710 5983 7452 7554 9737 12725 
#module 69 size: 21 bs: 1.99507e-12
883 1189 1638 1791 1969 2422 2793 3170 3325 5399 5466 5625 6057 6182 6320 6604 7319 9945 9955 10072 10077 
#module 70 size: 3 bs: 6.55481e-11
2254 7129 10678 
#module 71 size: 3 bs: 5.0847e-101
4827 6863 9508 
#module 72 size: 2 bs: 1.40759e-101
5656 9813 
#module 73 size: 36 bs: 0.000160989
20 202 921 1302 1572 1741 1933 2040 2070 2329 2341 2709 3071 3421 3486 3532 4579 4709 5182 5959 6324 6736 7044 7271 7839 8890 8977 9317 9401 9761 10527 10728 10747 10832 10888 11593 
#module 74 size: 8 bs: 1.05172
1598 1854 1941 2041 3525 5114 6189 8365 
#module 75 size: 6 bs: 0.812283
601 2411 2687 4134 5832 6144 
#module 76 size: 5 bs: 0.440934
1763 5705 8241 8324 8661 
#module 77 size: 7 bs: 0.60371
836 1229 6153 6181 10937 12654 12893 
#module 78 size: 41 bs: 0.243424
899 1156 1430 1726 2563 3252 3279 3440 3508 3791 3878 3962 4326 4567 4613 4707 4860 5051 5146 5157 5246 5377 5459 6514 6599 6616 6711 7406 7470 7651 7719 7941 9127 9274 9604 9635 9709 10256 10355 10472 11150 
#module 79 size: 13 bs: 1.08056
2376 2718 4123 4464 5924 6993 8659 9279 9745 10173 10922 11110 11251 
#module 80 size: 9 bs: 0.576175
209 1999 4582 5261 5391 5927 6879 8289 10787 
#module 81 size: 3 bs: 0.2605
3125 6218 7669 
#module 82 size: 4 bs: 0.556878
3825 5850 6752 7775 
#module 83 size: 9 bs: 0.541701
3288 3505 3808 5616 5929 6917 8944 9069 10679 
#module 84 size: 9 bs: 0.133065
1976 3189 3191 3514 3978 7399 8118 8869 10598 
#module 85 size: 9 bs: 0.663256
2116 5417 6376 6802 6935 7624 8305 8885 11436 
#module 86 size: 6 bs: 0.831673
1148 3038 3180 4357 4760 9548 
#module 87 size: 3 bs: 0.417502
874 4902 5249 
#module 88 size: 7 bs: 0.279142
2466 3705 5707 8850 10533 11334 12609 
#module 89 size: 5 bs: 0.362046
1119 1917 8012 8571 10279 
#module 90 size: 27 bs: 0.660182
1116 1277 1507 1668 2287 2367 2537 2635 4023 4145 4366 4739 4966 5454 5539 5615 6108 6128 6559 6630 7551 7729 7783 8410 9027 9209 9580 
#module 91 size: 4 bs: 0.696302
2777 6006 8383 8933 
#module 92 size: 4 bs: 0.190702
208 3685 8141 10587 
#module 93 size: 9 bs: 0.51364
543 1900 2163 2196 3026 7575 8495 8647 11009 
#module 94 size: 4 bs: 0.619835
7277 7642 9033 10317 
#module 95 size: 8 bs: 0.807169
13 806 2088 2449 4198 4457 4943 6385 
#module 96 size: 6 bs: 0.514204
610 1074 1569 1960 2243 7890 
#module 97 size: 10 bs: 0.861195
5082 5087 7089 7902 7992 8775 9500 10230 10439 11481 
#module 98 size: 6 bs: 0.957782
1565 1687 1861 3157 4406 7884 
#module 99 size: 8 bs: 0.644758
1262 3205 4002 9551 9689 10377 10677 11210 
#module 100 size: 5 bs: 0.944131
984 5566 8051 9795 10910 
#module 101 size: 4 bs: 0.914408
3534 4795 7585 8957 
#module 102 size: 7 bs: 0.989638
2349 2969 3567 4196 4291 8550 10146 
#module 103 size: 9 bs: 0.101026
1904 3428 4411 6059 6210 6349 6788 6982 8699 
#module 104 size: 9 bs: 0.742047
145 619 1321 1399 3922 4680 6638 7999 8402 
#module 105 size: 5 bs: 0.862958
299 526 2281 6291 7596 
#module 106 size: 8 bs: 0.272592
906 1038 1664 6571 6712 6808 9079 9895 
#module 107 size: 20 bs: 0.925949
690 1880 3114 4518 5342 6208 6569 6717 6748 7597 7724 8178 8378 8451 8562 8983 9560 9791 11364 11369 
#module 108 size: 7 bs: 1.04246
726 2309 4963 5270 6565 8953 10240 
#module 109 size: 9 bs: 0.694097
69 343 1537 1578 2013 4262 7258 12125 12862 
#module 110 size: 22 bs: 0.262472
185 1439 1582 1644 2095 2315 3478 3582 3606 4168 5867 5901 6113 6235 7231 8006 8408 9020 10152 10640 11218 11473 
#module 111 size: 24 bs: 0.539637
7 383 561 581 811 873 970 1255 1349 1846 1983 2247 2829 3080 6738 6896 6990 7045 8106 8409 8549 8573 9200 9277 
#module 112 size: 8 bs: 0.731432
35 822 3545 3621 6067 7247 7267 10487 
#module 113 size: 4 bs: 0.525457
926 1249 2492 11026 
#module 114 size: 6 bs: 0.65616
361 379 1284 4416 4637 7132 
#module 115 size: 18 bs: 0.503687
1758 1822 1825 1924 1989 2714 2729 3132 4124 4223 4586 4692 4807 6412 7263 9297 10224 10463 
#module 116 size: 4 bs: 0.88086
4688 5740 7279 10729 
#module 117 size: 13 bs: 0.36331
191 1199 2000 2959 3864 4153 5166 5822 6165 7689 9598 10210 10320 
#module 118 size: 16 bs: 0.486597
256 592 1517 3275 3389 3627 5470 6759 6960 7463 8019 8203 9920 10863 11092 12605 
#module 119 size: 5 bs: 0.553168
33 1474 6388 7396 9442 
#module 120 size: 20 bs: 0.668322
180 1299 1987 2242 4035 4141 4480 4633 4866 6123 6633 7954 8489 9106 9685 9761 9860 9958 10318 10512 
#module 121 size: 9 bs: 0.888174
1139 3204 4268 4272 5197 6417 6704 7051 9698 
#module 122 size: 35 bs: 0.406477
137 292 945 1309 1376 1566 1608 1789 2713 3385 3513 3873 4029 4498 4789 5735 6321 6434 6751 6925 7438 7859 7911 8179 8808 8970 8984 9356 9641 9960 10469 10547 10812 10936 11601 
#module 123 size: 109 bs: 0.21216
133 197 330 400 410 435 510 549 775 788 884 1019 1136 1176 1230 1317 1465 1521 1603 1792 1921 1955 2031 2032 2182 2197 2264 2396 2401 2478 2746 2788 2911 2930 2964 3028 3037 3171 3342 3418 3526 3552 3571 3658 3780 4211 4341 4343 4395 4460 4463 4537 4545 4555 4594 4673 4726 4948 5011 5039 5070 5137 5330 5403 5546 5578 5579 5673 5909 5999 6227 6296 6342 6353 6436 6437 6522 6731 6816 6846 7414 7598 7741 7829 7978 8016 8023 8110 8316 8448 8902 9023 9086 9724 9922 9942 9954 10036 10250 10340 10500 10567 10840 10845 10948 11019 11030 11657 12648 
#module 124 size: 7 bs: 0.414015
1377 3113 4560 5296 5921 6051 9747 
#module 125 size: 3 bs: 0.544689
3770 6724 9001 
#module 126 size: 16 bs: 0.901492
972 1519 1681 2604 5138 6086 6437 6927 8246 9139 9316 9652 10119 10200 10298 10783 
#module 127 size: 58 bs: 0.82125
139 447 900 938 983 1068 1080 1426 1648 1840 2094 2290 2292 2359 2512 2787 3412 3733 3938 4042 4083 4109 4146 4515 4696 4864 4939 5073 5254 5364 5374 6150 6196 6233 6369 6707 6722 6881 7120 7239 7325 7388 7393 7807 7844 7894 7896 7940 8093 8207 8262 8331 9422 10213 10331 10458 11490 12249 
#module 128 size: 13 bs: 0.101276
98 860 1002 1294 2337 2615 3888 5054 5687 6819 7313 8466 9289 
#module 129 size: 17 bs: 0.993866
482 789 1490 2819 3839 4313 5918 6073 6986 7481 7510 7522 7798 8122 10083 11453 11980 
#module 130 size: 5 bs: 0.543704
1196 3158 4024 5698 10477 
#module 131 size: 12 bs: 0.456029
322 2449 3040 3724 5577 5880 6664 7837 7996 8931 10821 12902 
#module 132 size: 10 bs: 1.00948
1395 1712 4790 5198 6297 6662 7587 7759 9595 11029 
#module 133 size: 8 bs: 0.185227
391 1740 2800 5007 5492 6367 11442 11498 
#module 134 size: 4 bs: 0.194489
1641 7500 9509 10765 
#module 135 size: 8 bs: 0.896183
1542 2324 2724 3220 3824 7207 7791 9838 
#module 136 size: 12 bs: 0.452531
2764 4425 4634 4711 5120 6065 7517 7942 8257 8488 9142 9751 
#module 137 size: 8 bs: 0.651344
1207 1724 3855 4961 5066 5228 5807 10703 
#module 138 size: 30 bs: 0.122434
173 318 356 1349 1401 2438 2587 3021 3265 3341 3464 3489 4085 4335 5060 5104 5610 5760 6782 6798 6805 6817 7730 8847 8998 9034 9216 10378 10687 11079 
#module 139 size: 22 bs: 0.302648
227 650 707 1041 1412 1785 3124 3150 3393 3977 4018 4893 5163 5449 5691 7149 7373 8346 9629 10346 10881 12584 
#module 140 size: 6 bs: 0.476239
1197 1402 1434 2734 8633 8985 
#module 141 size: 16 bs: 0.78611
763 860 989 1267 1634 1999 3751 3921 5277 5876 6459 7770 9295 10041 10434 12591 
#module 142 size: 4 bs: 0.589721
1411 3281 6475 6862 
#module 143 size: 11 bs: 0.548726
892 2036 3230 4909 5479 5821 7682 8940 9645 10390 10700 
#module 144 size: 6 bs: 0.100965
2083 3472 4302 5123 7115 12933 
#module 145 size: 3 bs: 0.867356
4436 5676 6154 
#module 146 size: 7 bs: 1.06843
1703 1994 3097 4292 4957 5796 9970 
#module 147 size: 7 bs: 0.806817
3322 3923 7043 8673 8759 9201 11377 
#module 148 size: 5 bs: 0.975583
2021 2999 4431 7249 10325 
#module 149 size: 16 bs: 1.05453
261 1868 2807 3684 5171 5367 5646 6411 6660 6875 8010 8384 8646 8894 9362 10717 
#module 150 size: 3 bs: 0.396414
3725 7968 8322 
#module 151 size: 6 bs: 0.309916
1063 1912 4122 7526 9509 11441 
#module 152 size: 5 bs: 0.345571
1797 1896 5046 6466 6478 
#module 153 size: 22 bs: 0.934419
672 988 1095 1765 2620 3803 4047 4523 4541 5279 6018 6206 6786 7021 7128 7454 8468 8676 9492 9534 10753 12889 
#module 154 size: 17 bs: 0.395984
359 442 475 1611 1620 2143 2325 2377 3052 3676 6173 6942 7104 7271 7731 10012 10104 
#module 155 size: 9 bs: 0.827049
563 2420 3067 3210 5076 5703 6335 8801 8999 
#module 156 size: 10 bs: 0.109665
1123 1686 1793 2409 5202 5274 6969 8881 9765 9943 
#module 157 size: 13 bs: 0.937198
542 1093 1496 3305 3828 4253 5393 5441 6148 6358 7172 8100 11032 
#module 158 size: 4 bs: 0.394607
4152 4396 7037 10253 
#module 159 size: 12 bs: 0.437988
2386 2439 2970 3039 3479 5154 5566 6647 7125 8104 8648 9002 
#module 160 size: 8 bs: 0.624556
1021 5107 5753 6892 7496 8277 10058 11100 
#module 161 size: 4 bs: 1.01878
6055 6614 9159 10014 
#module 162 size: 5 bs: 0.17031
986 2919 3631 4363 7785 
#module 163 size: 4 bs: 0.200408
1641 6298 10048 10427 
#module 164 size: 8 bs: 0.355014
1438 2735 4592 5371 5626 6524 6814 10252 
#module 165 size: 12 bs: 1.00865
940 2025 2489 2564 2585 2656 3022 3465 5021 8703 8711 8828 
#module 166 size: 3 bs: 0.306499
576 764 10972 
#module 167 size: 4 bs: 0.529233
1438 5495 5754 9509 
#module 168 size: 307 bs: 0.662251
21 39 53 65 273 313 385 461 658 668 675 687 767 823 843 913 930 1013 1017 1057 1163 1166 1190 1198 1242 1269 1293 1306 1313 1320 1389 1390 1427 1475 1506 1508 1546 1633 1658 1688 1735 1755 1803 1871 1908 1957 1968 2022 2039 2071 2081 2090 2100 2117 2131 2132 2133 2172 2202 2273 2275 2300 2307 2332 2362 2454 2467 2514 2562 2611 2664 2727 2766 2786 2812 2818 2820 2845 2850 2871 2879 2881 2892 2909 2935 3127 3173 3222 3257 3289 3403 3404 3493 3530 3539 3568 3588 3600 3683 3702 3732 3741 3752 3792 3875 3956 3970 3979 4005 4008 4011 4017 4125 4174 4175 4303 4311 4323 4344 4375 4421 4444 4501 4512 4526 4679 4687 4704 4749 4917 4958 4964 4970 4975 5008 5057 5097 5115 5125 5136 5145 5153 5184 5229 5246 5257 5297 5345 5569 5589 5605 5609 5684 5685 5770 5773 5797 5851 5925 5934 6100 6118 6249 6263 6284 6494 6514 6616 6678 6679 6718 6777 6783 6801 6807 6882 6919 6973 6980 7023 7066 7176 7187 7191 7223 7241 7252 7255 7284 7330 7435 7475 7483 7498 7562 7570 7584 7592 7605 7608 7651 7660 7678 7781 7817 7831 7861 7865 7928 7966 8072 8085 8149 8157 8191 8212 8377 8450 8452 8473 8474 8475 8518 8524 8531 8536 8566 8568 8593 8749 8789 8823 8875 8930 8972 9025 9107 9174 9185 9218 9222 9245 9250 9269 9322 9334 9360 9371 9413 9454 9578 9583 9657 9660 9663 9694 9771 9778 9843 9878 9916 9992 9998 10068 10075 10111 10156 10169 10172 10379 10389 10413 10416 10436 10441 10493 10518 10560 10582 10611 10619 10738 10807 10814 10823 10850 10854 10940 10959 10962 10965 10969 10998 11005 11023 11082 11111 11117 11138 11139 11146 11429 11513 12618 12885 12896 13062 
#module 169 size: 19 bs: 0.475783
553 1342 2299 4575 4733 4968 5268 5852 5896 6720 7356 7438 7493 7546 8015 8741 9356 9681 10593 
#module 170 size: 16 bs: 0.464884
351 1590 3187 3331 3419 5699 5901 6158 6345 7003 7485 8350 9028 9985 10356 10784 
#module 171 size: 5 bs: 0.833568
299 3083 5659 6384 7274 
#module 172 size: 24 bs: 1.07743
1406 1462 1865 2393 2456 2511 2880 3745 4373 4858 5665 5980 6240 7082 7534 7535 8017 8170 8660 9189 9210 9290 10186 10893 
#module 173 size: 6 bs: 0.710519
2383 4337 6037 8716 8906 11207 
#module 174 size: 9 bs: 0.816752
1592 2977 3376 4531 8209 9478 10208 10348 10859 
#module 175 size: 12 bs: 0.255719
990 1912 3837 4062 5407 6657 6696 6723 7285 8040 8194 10053 
#module 176 size: 7 bs: 0.851002
1312 3559 4465 6137 8946 9165 10003 
#module 177 size: 15 bs: 0.468451
1280 1308 1403 1992 2354 3380 4397 6245 6870 6920 7755 9621 10244 10286 12264 
#module 178 size: 8 bs: 0.292858
1015 2939 3232 7007 7383 7889 8067 9457 
#module 179 size: 8 bs: 0.673622
2397 3258 3529 5272 5429 6754 8766 8968 
#module 180 size: 22 bs: 0.291658
1293 1482 1529 1856 1961 2685 2830 3558 4367 4745 5127 5451 5944 5977 6733 7268 7721 9363 10047 10246 10566 11082 
#module 181 size: 17 bs: 0.771563
1263 1613 1632 2037 2483 2643 3971 4683 4691 5089 5904 6627 7404 7502 8056 9524 11272 
#module 182 size: 5 bs: 0.415014
3719 5702 5985 6356 7900 
#module 183 size: 29 bs: 0.735119
389 630 786 1646 1659 1829 2482 2778 2910 3092 3241 3780 3900 4081 4744 5465 6268 6927 7328 7380 7681 7854 7879 8283 8812 9317 9742 10271 10985 
#module 184 size: 11 bs: 0.566182
564 1147 2104 4422 5640 7305 7473 7739 9503 9792 11119 
#module 185 size: 11 bs: 0.673121
845 2947 5023 7161 8296 8692 9453 9523 10049 10433 10901 
#module 186 size: 15 bs: 0.552964
1563 2647 3543 5170 5180 5208 6174 6702 7080 7343 8055 8504 9157 10791 10964 
#module 187 size: 6 bs: 0.884812
28 7484 9161 10481 10544 10559 
#module 188 size: 17 bs: 0.578701
1322 1940 2443 2933 3206 4469 4678 5379 5482 6272 7772 8461 8614 9364 10020 10913 11074 
#module 189 size: 5 bs: 0.436348
78 716 4090 4096 8873 
#module 190 size: 7 bs: 0.775341
2684 5288 7281 8401 8563 9538 9594 
#module 191 size: 4 bs: 0.676177
3551 7756 9234 10234 
#module 192 size: 5 bs: 0.577959
61 1502 3104 3678 4231 
#module 193 size: 11 bs: 0.685402
194 481 3133 3235 5223 5694 9111 10076 10182 10242 11705 
#module 194 size: 8 bs: 0.85755
86 647 1597 4350 5890 6944 7114 9624 
#module 195 size: 7 bs: 0.534633
1783 3687 5739 6467 9447 10555 11001 
#module 196 size: 9 bs: 0.706724
598 782 1339 1652 2406 2592 4110 7571 8280 
#module 197 size: 8 bs: 0.501075
964 2645 3334 5116 5487 8464 8839 9668 
#module 198 size: 8 bs: 0.302711
830 1341 1833 3549 4051 4989 7071 10995 
#module 199 size: 13 bs: 0.444584
864 997 1752 2087 2663 3122 3143 7412 7645 8599 8657 8682 10586 
#module 200 size: 4 bs: 0.762983
848 1213 5032 7171 
#module 201 size: 14 bs: 0.853677
5 1717 4150 5794 6203 8538 9326 9526 10087 10174 10220 10266 10392 10551 
#module 202 size: 11 bs: 0.700518
37 1522 2504 3413 4568 5058 6652 6741 8288 8431 8470 
#module 203 size: 13 bs: 0.263621
52 909 2268 3004 3046 3119 4377 4462 4572 6341 6710 7491 9517 
#module 204 size: 4 bs: 0.504491
1235 3610 8419 9939 
#module 205 size: 5 bs: 0.202662
768 804 4208 6426 7228 
#module 206 size: 13 bs: 0.213833
2899 3499 6466 6520 7169 7467 8031 9147 9348 10057 10460 11099 11428 
#module 207 size: 6 bs: 0.936629
851 2569 3481 7770 8714 9194 
#module 208 size: 3 bs: 0.703059
2160 2929 8825 
#module 209 size: 9 bs: 0.448918
1674 1938 2517 3935 6456 7001 7303 7821 8125 
#module 210 size: 9 bs: 0.29524
1916 2506 4112 5417 5768 6598 8195 9375 10708 
#module 211 size: 21 bs: 0.406168
346 486 554 992 1228 2294 3131 3211 3420 3615 4652 4735 6220 6560 6709 8227 8788 9342 9701 11018 12609 
#module 212 size: 7 bs: 0.896562
3200 5947 5972 6629 6827 7355 7565 
#module 213 size: 10 bs: 0.268593
848 1777 3553 4393 5179 6355 6995 7269 7367 8259 
#module 214 size: 5 bs: 0.223633
6788 7249 9009 9336 12293 
#module 215 size: 6 bs: 0.926602
698 1698 4022 4339 5152 6498 
#module 216 size: 11 bs: 0.344565
30 1194 2177 3831 4798 5080 8361 8867 10218 11405 12506 
#module 217 size: 3 bs: 1.05829
2855 5400 9654 
#module 218 size: 3 bs: 0.502082
3091 9330 9344 
#module 219 size: 8 bs: 0.519491
679 814 820 1319 2256 6239 7000 10282 
#module 220 size: 11 bs: 0.410356
1265 2208 2335 2347 3377 5820 9852 10287 10425 10746 10802 
#module 221 size: 5 bs: 0.500209
3298 3607 4569 9088 9273 
#module 222 size: 8 bs: 0.111711
709 908 2822 4257 5458 6574 9220 10833 
#module 223 size: 17 bs: 0.70337
1528 2101 3880 4577 4859 6579 7056 7086 7458 7462 7588 7723 8349 8615 8775 8948 9818 
#module 224 size: 3 bs: 0.668793
3446 7168 10321 
#module 225 size: 5 bs: 0.743181
1628 4932 6831 10887 12635 
#module 226 size: 11 bs: 1.07582
1220 1549 4245 4785 5276 7123 7288 7799 7878 8737 11010 
#module 227 size: 29 bs: 0.924819
243 320 439 657 1835 2098 2304 2356 3130 3161 4789 5190 5209 5350 5660 5696 5717 5950 6833 7434 8216 8260 8989 9591 9979 10029 10447 10569 11708 
#module 228 size: 4 bs: 0.880303
3680 6848 8264 11717 
#module 229 size: 6 bs: 0.752059
1028 2161 5688 6062 6466 6947 
#module 230 size: 7 bs: 0.870449
1244 1435 3332 6186 8760 10103 12712 
#module 231 size: 12 bs: 0.300426
550 715 1333 1962 3261 3374 4937 5442 6083 6506 8124 10272 
#module 232 size: 10 bs: 0.761579
85 3720 4259 4550 5156 6554 7742 8109 10155 10403 
#module 233 size: 4 bs: 0.731444
1639 1708 4381 6348 
#module 234 size: 6 bs: 0.447706
1045 4032 5904 5996 8800 8852 
#module 235 size: 8 bs: 0.650208
813 1202 2502 3785 5337 5510 5554 7097 
#module 236 size: 5 bs: 0.486428
1505 5302 7852 10171 10978 
#module 237 size: 77 bs: 0.469585
205 433 947 968 1224 1482 1531 1547 1839 1906 2103 2131 2138 2179 2366 2394 2410 2450 2841 2930 2961 3111 3495 3496 3742 3956 3961 4203 4328 4514 4615 4628 4653 4671 4731 4745 4915 4923 4979 5127 5666 5818 5982 6034 6280 6642 6733 6813 7268 7384 7868 7876 8228 8584 9168 9182 9261 9586 9617 9768 9794 9819 9821 9971 10047 10096 10654 10661 10795 10803 10841 11016 11159 11266 11372 11565 12594 
#module 238 size: 13 bs: 0.862984
36 2487 3312 3630 3867 5864 5968 6229 6826 7568 10178 10351 11694 
#module 239 size: 12 bs: 0.711513
360 1440 2193 2198 3384 4993 6023 7563 7659 8447 10396 10712 
#module 240 size: 3 bs: 0.23218
2119 8394 10349 
#module 241 size: 17 bs: 0.398252
691 761 1106 1936 3477 3794 3817 4244 5701 5823 6905 7543 8376 8439 10251 10933 11169 
#module 242 size: 4 bs: 0.56495
2085 6019 6438 9117 
#module 243 size: 12 bs: 0.806075
613 3065 3541 3597 5380 5892 6082 6773 6950 8696 10927 10982 
#module 244 size: 7 bs: 0.673909
608 3744 5478 5561 5614 6508 8697 
#module 245 size: 10 bs: 0.673421
1805 2052 2785 3781 3797 4736 4823 5903 7105 7183 
#module 246 size: 7 bs: 0.159624
2623 3345 4865 5074 8108 10849 10895 
#module 247 size: 22 bs: 1.00759
413 548 1500 2924 3401 3439 3634 3665 3949 4154 4361 5168 6398 7069 7112 7699 9667 9721 9862 10306 10706 11031 
#module 248 size: 13 bs: 0.444687
260 467 606 1149 2216 2804 4164 4930 5360 5606 6582 7615 8618 
#module 249 size: 7 bs: 0.295161
490 5516 7185 7292 9156 9978 10918 
#module 250 size: 9 bs: 0.429492
4080 6126 6504 7109 7541 8181 8443 11020 11571 
#module 251 size: 9 bs: 0.697638
196 206 710 2741 3836 6171 6535 8913 9327 
#module 252 size: 10 bs: 0.198758
468 527 579 4360 4468 5555 6543 6626 7870 10275 
#module 253 size: 17 bs: 0.793821
293 824 890 1872 1988 3520 3851 4075 4246 4883 5677 6036 6765 7004 8878 10381 10576 
#module 254 size: 5 bs: 0.215711
1226 3017 5490 7557 9284 
#module 255 size: 13 bs: 0.322688
2506 2914 2984 4315 5013 5309 5404 6525 7713 7874 8686 9479 9630 
#module 256 size: 12 bs: 1.07406
1444 1498 1824 2186 3019 5214 5429 7991 8066 10831 11086 11163 
#module 257 size: 10 bs: 0.468594
1200 1338 2971 3269 3805 4429 5497 8140 8886 10808 
#module 258 size: 3 bs: 0.387477
3023 7625 10334 
#module 259 size: 4 bs: 1.00171
2343 5290 7213 10691 
#module 260 size: 5 bs: 0.836871
596 1927 3128 6708 10980 
#module 261 size: 6 bs: 0.717196
4839 6956 7930 9242 9536 13055 
#module 262 size: 14 bs: 0.614925
239 302 888 933 1790 3988 4461 5762 5764 9692 9790 10710 11395 12228 
#module 263 size: 7 bs: 0.859728
503 2680 4556 5327 5895 9151 9407 
#module 264 size: 6 bs: 0.410946
2508 3602 5088 5949 6671 9212 
#module 265 size: 13 bs: 0.307979
587 2593 3589 3698 6393 6978 7910 8830 9188 9390 10051 10082 10996 
#module 266 size: 14 bs: 0.257471
792 1672 2373 3362 3417 4307 5143 5252 7794 7871 9042 9486 9811 10371 
#module 267 size: 8 bs: 0.914921
2491 3400 6884 7738 7923 8261 10666 10929 
#module 268 size: 12 bs: 0.200695
832 1018 1185 2190 4659 5317 7670 8089 8139 9647 10541 10617 
#module 269 size: 3 bs: 0.589378
2437 5592 10505 
#module 270 size: 14 bs: 0.572511
2606 2747 3253 3405 4474 4753 5118 5243 6772 6962 8455 10614 10809 11488 
#module 271 size: 5 bs: 0.362746
2510 4104 4849 9483 11497 
#module 272 size: 6 bs: 0.988729
159 2494 3226 5848 8053 9039 
#module 273 size: 6 bs: 0.580028
571 1204 1782 4468 7027 8857 
#module 274 size: 16 bs: 0.429285
41 1110 2082 2146 2403 3243 3963 5549 7050 8150 8230 8765 8883 9537 10010 10584 
#module 275 size: 7 bs: 0.151972
951 1582 4468 5100 5222 7715 8235 
#module 276 size: 8 bs: 1.04351
12 183 1678 2238 3306 5507 5987 6407 
#module 277 size: 18 bs: 1.04057
831 2246 2389 2572 3088 3860 6081 6631 6929 7270 7382 7617 7836 8610 8820 8954 9918 10448 
#module 278 size: 9 bs: 0.996504
1980 2301 2389 3518 4664 6532 6623 9533 10543 
#module 279 size: 5 bs: 1.08495
8 308 3174 5000 7880 
#module 280 size: 12 bs: 0.833726
654 705 1250 2649 3108 3830 5004 5613 8546 9708 11267 11380 
#module 281 size: 15 bs: 0.290871
666 667 994 1284 2264 2700 3608 3684 4629 6325 8026 8356 9197 9649 11448 
#module 282 size: 47 bs: 0.833092
1260 1356 1535 1728 1889 2391 2612 3326 3570 3682 3718 3987 4503 4507 4562 4647 4787 4824 4890 5130 5354 5384 5406 5501 5741 5874 5911 6283 6721 6850 7419 8148 8712 9134 9589 9616 9683 9820 9957 10470 10827 10974 11000 11112 11367 11443 12899 
#module 283 size: 12 bs: 0.124816
1125 1874 2042 2057 2227 2662 4701 4932 5481 6527 6791 7156 
#module 284 size: 6 bs: 0.970774
4078 6745 7189 8130 8771 10196 
#module 285 size: 18 bs: 0.772287
15 215 1350 2668 3050 3142 4166 5311 5672 6380 6674 7195 8353 9439 9476 9846 10230 11481 
#module 286 size: 13 bs: 0.444341
394 656 1918 2503 2943 2966 3578 3924 4524 5434 6575 7703 10231 
#module 287 size: 25 bs: 0.499091
476 939 1036 1511 1942 2050 2644 3256 3866 3989 4547 5107 5168 5323 6414 6864 7159 7716 7952 8406 10120 10606 11095 11385 11733 
#module 288 size: 5 bs: 0.623516
503 3426 3793 6930 8435 
#module 289 size: 8 bs: 0.664505
1501 1513 1599 3758 5826 6620 7238 7796 
#module 290 size: 20 bs: 0.70763
1360 1913 2385 3711 4200 4422 4932 5780 6471 6512 6984 7299 7407 7614 7827 9008 10001 10484 10904 11163 
#module 291 size: 21 bs: 0.247803
57 437 728 1819 3020 3196 3492 3586 4583 4844 5643 6197 6701 7262 8589 9114 9163 9535 9804 11241 12652 
#module 292 size: 3 bs: 0.406151
677 4563 8590 
#module 293 size: 4 bs: 0.551486
617 5040 7572 10303 
#module 294 size: 5 bs: 0.280644
207 6705 8787 10734 11011 
#module 295 size: 13 bs: 0.967787
136 307 784 1072 1414 2033 5686 7416 7606 7750 9495 9521 10581 
#module 296 size: 11 bs: 0.863799
233 688 1774 2254 4099 4325 4371 6330 6730 7899 9145 
#module 297 size: 9 bs: 0.483411
1366 1594 1749 3024 4618 5612 6509 6539 7256 
#module 298 size: 13 bs: 0.950448
1096 1859 2107 2856 3193 4685 4756 4943 5984 7927 8189 8963 9514 
#module 299 size: 10 bs: 0.831355
16 49 3109 3268 5101 6164 6861 7955 8499 9990 
#module 300 size: 6 bs: 0.80735
1484 2655 3328 3422 6544 6558 
#module 301 size: 25 bs: 0.817559
1160 1586 2027 2152 2928 3576 3790 3968 4173 4470 4977 5460 6052 6391 6468 6496 6964 7549 7898 8367 9040 9210 10135 12492 12527 
#module 302 size: 18 bs: 0.767876
528 567 641 1132 2069 3336 3359 4697 5217 5618 6621 6747 7140 8624 9288 10359 10773 11371 
#module 303 size: 9 bs: 0.661767
1314 1495 1907 3546 4026 4137 6959 8551 8723 
#module 304 size: 36 bs: 0.337115
334 382 1090 1225 1300 1418 1685 2515 2723 2767 3014 3056 3893 4287 4561 4729 4863 5322 5418 5538 5971 6222 7099 7310 8363 8642 8964 9249 9991 10094 10107 10605 10914 11445 11584 11966 
#module 305 size: 8 bs: 1.08522
1518 4019 6527 6924 8330 9639 11483 11709 
#module 306 size: 20 bs: 0.31342
771 1405 1699 1796 2569 2681 2946 4049 4169 4621 5620 5751 5903 6095 7005 7139 9102 10201 10488 10535 
#module 307 size: 18 bs: 1.01107
316 1344 1738 1919 2875 3626 3898 4030 4437 5098 5188 6477 6566 6887 7610 7816 8007 8247 
#module 308 size: 6 bs: 0.109137
530 1631 3697 7188 8481 10491 
#module 309 size: 10 bs: 0.571858
188 2821 3053 4076 6267 6656 7501 8048 9414 11635 
#module 310 size: 7 bs: 0.780088
359 6424 6585 6974 7054 8405 8932 
#module 311 size: 6 bs: 0.624638
2056 4546 4770 5474 6610 6871 
#module 312 size: 11 bs: 0.478465
998 1758 2435 3221 4048 4374 4605 5158 6954 8685 10316 
#module 313 size: 25 bs: 0.317957
60 242 1026 1347 1460 3775 3969 4949 5285 5291 5576 5634 5791 5909 6242 6932 7455 7511 7978 8009 8187 8976 9087 9851 10508 
#module 314 size: 20 bs: 0.839499
695 885 1261 2896 2925 3346 3743 5258 7431 7453 7835 7945 8278 8308 8542 8629 9674 9687 10034 13003 
#module 315 size: 22 bs: 0.849094
646 720 1384 2639 3574 4158 4220 4834 5209 5402 5477 6114 6473 6606 7337 7344 8671 8891 9062 9455 9831 10532 
#module 316 size: 5 bs: 0.80452
1114 1485 3739 5793 6537 
#module 317 size: 8 bs: 0.490065
295 2030 4197 5627 6625 7691 8127 8311 
#module 318 size: 13 bs: 0.120623
456 802 995 1457 2115 2568 3994 6025 6091 6408 8371 9427 9879 
#module 319 size: 5 bs: 0.212672
2157 2380 2530 3638 8174 
#module 320 size: 19 bs: 0.394434
1273 3540 3958 4314 4327 4477 4779 4921 4940 6373 6755 6918 7083 7266 8266 8719 9963 10557 10674 
#module 321 size: 36 bs: 0.274089
711 891 1362 1458 1635 1719 2024 2067 2931 3062 3074 3209 3595 3606 3729 4797 4867 5045 5119 5560 5752 5956 5988 6217 6421 6474 7170 7210 7779 8357 8710 8790 8859 9623 9848 9901 
#module 322 size: 27 bs: 0.252962
74 582 812 2138 2366 2432 2442 3756 4037 4401 4611 4662 5104 5106 5362 5586 5870 5931 6046 6687 6805 7374 8065 8879 9890 10102 10779 
#module 323 size: 11 bs: 0.758679
905 1056 1512 4487 6111 7193 8582 9394 9697 10722 11109 
#module 324 size: 13 bs: 0.189324
1354 1911 2121 2239 3872 5622 5800 6071 7046 7398 8008 8722 10688 
#module 325 size: 9 bs: 0.480691
902 1773 1797 3117 4437 4850 6674 7929 9570 
#module 326 size: 6 bs: 0.220711
793 1488 4639 5499 7145 7146 
#module 327 size: 11 bs: 0.868254
1544 1697 2616 2903 4378 4642 6923 9332 9786 10762 10763 
#module 328 size: 20 bs: 0.503891
934 1667 1781 2953 3689 3986 4471 5355 5857 5915 6029 7503 7822 8392 8786 9196 9305 9965 10179 10709 
#module 329 size: 14 bs: 1.08973
177 511 917 941 1640 2269 3925 7310 7447 8484 8662 10820 10828 11878 
#module 330 size: 9 bs: 1.01059
2051 2780 3776 3903 5953 6877 7315 8683 10336 
#module 331 size: 34 bs: 0.877498
551 839 849 2060 2252 2338 2811 3304 3571 3577 3665 3717 3919 4176 4420 4498 4670 4985 5737 5782 5882 6134 6135 6677 6834 8059 8300 8889 9763 9766 11340 11572 11678 12584 
#module 332 size: 32 bs: 0.456471
454 1059 1182 1472 1571 2460 2706 2864 3285 3303 3451 3773 3917 4194 4693 4891 5352 6449 6487 6778 6908 7254 7515 8101 8340 8645 8810 8826 9808 10388 11123 12720 
#module 333 size: 13 bs: 0.503891
1721 2691 2699 2889 3498 3599 4610 4907 5369 6523 7126 7826 9286 
#module 334 size: 16 bs: 0.511463
122 268 1739 1935 2149 3383 3609 3954 4552 4645 4969 6383 7351 8112 8200 8282 
#module 335 size: 10 bs: 0.981593
1084 1372 1757 3995 5926 7006 7022 7116 9285 9571 
#module 336 size: 5 bs: 0.670814
515 1898 2085 3669 4535 
#module 337 size: 3 bs: 0.219778
5879 6138 10276 
#module 338 size: 20 bs: 1.0118
210 779 1396 2755 3036 3215 3746 4757 5042 5667 5763 5802 6255 6258 6878 7000 8204 9620 9777 10509 
#module 339 size: 42 bs: 0.886336
314 383 620 973 1155 1343 1352 2209 2677 3463 4059 4216 4554 4812 5151 5193 5351 5512 5632 5650 5898 6052 6107 6311 6432 6578 6590 6922 7674 7888 8038 8081 9678 9763 9893 10233 10579 11073 11106 11162 11435 12523 
#module 340 size: 3 bs: 0.512735
3787 4459 7864 
#module 341 size: 12 bs: 0.52897
1005 2012 3035 3338 3886 4070 4723 4805 5100 6665 8034 8635 
#module 342 size: 4 bs: 0.74339
2270 5036 6241 7310 
#module 343 size: 10 bs: 0.856557
497 2286 2805 4559 4804 5334 7078 8586 10108 10399 
#module 344 size: 10 bs: 0.443094
301 1371 1429 3212 4988 5808 6756 7648 10247 10679 
#module 345 size: 4 bs: 0.725336
667 828 4189 5655 
#module 346 size: 27 bs: 0.241881
48 50 826 2758 3076 3416 3563 3587 3782 3799 4092 4264 4821 5085 6901 7886 8054 8155 8254 8387 8576 9420 10406 10531 10651 10723 10834 
#module 347 size: 11 bs: 0.208619
505 872 1946 2151 3195 4579 4796 5319 5413 5801 11338 
#module 348 size: 37 bs: 0.991567
544 678 847 1317 1915 1947 2323 2548 2596 3054 3179 3317 3318 4460 4870 4908 5142 5321 5475 5511 5662 5681 5731 5923 6371 6437 6600 7070 7102 8329 8397 8407 9260 9373 10715 11168 11419 
#module 349 size: 6 bs: 0.556819
1096 1859 1965 5714 8580 9740 
#module 350 size: 6 bs: 0.484231
22 4600 4908 9941 10476 11135 
#module 351 size: 16 bs: 0.157793
108 518 562 1391 2387 3233 3561 3809 3870 4212 5052 5508 7926 8381 8656 10546 
#module 352 size: 10 bs: 0.930757
653 2937 4358 6424 7251 7963 8382 8641 9743 11083 
#module 353 size: 5 bs: 0.884667
369 3548 4424 9030 9734 
#module 354 size: 44 bs: 0.694353
201 1275 1553 1744 2080 2240 2331 2621 2638 2770 2779 2993 3818 3829 3947 4167 4520 5253 5580 5594 6063 6673 6845 7181 7394 7621 7655 8035 8572 8670 8681 9037 9068 9130 9184 9188 9253 10114 10482 10506 10538 10616 11087 11219 
#module 355 size: 4 bs: 0.742458
3134 4631 7529 9587 
#module 356 size: 7 bs: 0.700401
348 1001 3093 3985 4951 7527 10842 
#module 357 size: 8 bs: 0.915993
69 1509 1557 1584 4337 5689 5724 9984 
#module 358 size: 5 bs: 0.515914
2235 3512 6188 6195 9494 
#module 359 size: 30 bs: 0.692876
76 580 871 980 1348 1473 1575 1707 2187 2452 3159 3315 3943 4650 5084 5509 5575 5653 6005 6310 6810 6840 7040 7359 7381 7540 9627 9757 10046 10308 
#module 360 size: 6 bs: 0.1513
267 2646 3584 6688 6814 8882 
#module 361 size: 23 bs: 0.991285
150 210 1001 1257 1396 2908 3746 3816 4233 5034 5112 5802 5988 6031 6255 6675 6878 7036 8274 9647 9773 10699 10889 
#module 362 size: 11 bs: 0.292134
1541 1561 1842 3690 4271 5281 5631 6193 7032 8380 9525 
#module 363 size: 7 bs: 1.06535
25 1124 2125 3677 4455 6476 8636 
#module 364 size: 167 bs: 0.60578
38 51 56 332 452 521 532 758 769 797 901 979 1009 1012 1030 1062 1082 1159 1173 1179 1239 1283 1295 1323 1357 1419 1504 1801 1885 1922 1990 2176 2211 2232 2523 2661 2682 2846 2848 2849 2870 2907 2957 2972 3029 3082 3270 3292 3360 3466 3519 3533 3679 3693 3848 3853 3882 3901 4053 4091 4293 4295 4346 4413 4446 4490 4504 4636 4666 4780 4814 4826 4835 4843 4852 4868 4901 4997 5064 5194 5218 5220 5392 5396 5500 5533 5633 5678 5952 6066 6069 6167 6221 6228 6350 6427 6443 6653 6692 6740 6767 6793 6841 6961 7062 7068 7154 7306 7389 7441 7449 7518 7553 7594 7628 7661 7735 7764 7838 8166 8210 8279 8342 8426 8432 8436 8440 8523 8557 8601 8655 8817 8835 8874 8905 9109 9299 9323 9410 9415 9510 9539 9555 9559 9855 9867 9953 9980 10070 10093 10206 10259 10305 10511 10515 10673 10749 10752 10799 10944 11067 11155 11209 11256 11551 11613 12645 
#module 365 size: 11 bs: 1.09959
58 1069 3227 3592 3664 3852 4417 4497 6041 6830 10636 
#module 366 size: 26 bs: 1.0615
216 1759 1852 2891 3474 3576 3883 4001 4149 4256 4353 5746 5771 5836 6236 6395 6448 7175 7261 7437 8121 9040 10711 11487 12426 12586 
#module 367 size: 15 bs: 0.673475
2526 2702 3163 4138 4612 6190 6549 7190 8222 8236 8369 8526 8689 8700 10209 
#module 368 size: 20 bs: 0.374816
676 1048 1881 2274 3010 3063 3655 3999 5056 5398 6346 7851 8295 8351 8493 8888 10116 10200 10405 10725 
#module 369 size: 3 bs: 0.567649
5732 6794 10830 
#module 370 size: 8 bs: 0.704291
1099 2675 3031 6185 6948 9498 11207 11441 
#module 371 size: 6 bs: 0.634357
2528 2559 3264 6619 9061 10638 
#module 372 size: 5 bs: 0.975294
5005 6032 6943 8503 9914 
#module 373 size: 20 bs: 0.712254
508 593 640 2003 2622 2901 2942 3123 3365 3409 3784 3807 4677 4984 7814 7904 8919 9116 10264 12639 
#module 374 size: 14 bs: 0.113193
364 854 2760 3730 4004 4133 4219 5405 5967 6433 8732 9070 10011 10976 
#module 375 size: 10 bs: 0.884987
960 3722 6087 6586 6921 7504 8428 9637 10024 10689 
#module 376 size: 22 bs: 0.590476
374 584 961 1534 2043 2165 3263 4996 5463 5571 6141 6420 6454 6613 7711 7903 9256 9767 10341 10684 10967 12756 
#module 377 size: 5 bs: 0.693077
611 2485 3162 4506 6654 
#module 378 size: 10 bs: 0.783292
1133 2754 2988 4190 5332 6139 7081 9704 10128 11211 
#module 379 size: 10 bs: 0.592493
1007 1029 6486 7264 7885 8077 8135 9099 9902 11678 
#module 380 size: 41 bs: 0.589648
1409 1481 1900 2002 2164 2184 2378 2427 2660 2893 3190 3319 3351 3461 3728 3766 4778 5036 5287 5548 5986 6149 6540 6567 6835 7147 7413 7828 8272 8588 8845 8853 8971 9091 9404 9679 9693 9741 9850 10374 11657 
#module 381 size: 12 bs: 0.305993
217 424 795 1150 2311 2520 2775 5020 6085 6226 6250 10073 
#module 382 size: 15 bs: 0.31863
1624 1696 1953 2885 2934 3085 5273 5548 5963 6175 6270 7220 8116 8468 9681 
#module 383 size: 5 bs: 0.314226
265 3952 5652 9224 10468 
#module 384 size: 9 bs: 0.816758
213 2583 3930 4218 4929 6003 7312 11072 12790 
#module 385 size: 8 bs: 0.210962
46 492 507 1127 4521 7342 11242 11556 
#module 386 size: 16 bs: 0.670338
595 686 954 1576 1628 2955 3481 5372 5860 6001 7758 7810 9981 10210 10583 10908 
#module 387 size: 10 bs: 0.577737
1628 2141 2254 3007 3168 3888 4788 5167 10100 10226 
#module 388 size: 12 bs: 0.769179
347 866 882 1247 1416 1725 2574 2924 5189 5568 7260 11410 
#module 389 size: 5 bs: 0.718566
1110 2298 4900 6329 8258 
#module 390 size: 8 bs: 0.685654
714 815 1175 2064 3509 6602 7358 7986 
#module 391 size: 7 bs: 0.126977
228 2640 5422 6180 9481 10053 11274 
#module 392 size: 16 bs: 0.789418
1487 1853 2077 2137 2674 3639 3840 4204 4399 5599 5888 6527 7039 7244 9814 10432 
#module 393 size: 20 bs: 0.495907
66 357 948 1723 1804 2074 2985 3642 3966 4525 5559 5588 6872 7747 7982 8009 8602 9317 9515 13019 
#module 394 size: 32 bs: 1.05201
64 116 190 791 1007 1812 1852 3154 3247 3299 3411 3471 3483 3494 4485 4781 5557 5564 6134 6251 6644 6761 7364 7376 7663 9138 9456 9584 9612 9759 10143 10883 
#module 395 size: 6 bs: 0.276166
555 3208 3432 4317 6460 8757 
#module 396 size: 8 bs: 1.02396
923 3213 3502 3811 3842 5649 6121 10627 
#module 397 size: 22 bs: 0.718674
182 495 1024 1751 2759 2990 3227 4256 5240 6305 6401 7130 7275 7767 7855 8263 9125 9435 9601 10367 10634 10718 
#module 398 size: 24 bs: 0.218539
488 879 1548 1809 2126 2321 3320 3951 4129 4451 4646 4838 5186 5359 5491 7179 7257 7456 7657 7706 8071 10771 10810 10816 
#module 399 size: 5 bs: 0.866578
2584 6357 6898 7789 8434 
#module 400 size: 5 bs: 1.01158
1027 6254 9098 10952 10955 
#module 401 size: 9 bs: 0.731465
412 1292 1455 4318 6265 6746 7762 10311 10724 
#module 402 size: 12 bs: 1.05464
431 1183 1858 1886 2636 3242 4437 5221 5995 6093 6931 8704 
#module 403 size: 11 bs: 0.315163
1771 3355 4139 4810 5528 5529 6278 7211 9101 10968 11205 
#module 404 size: 21 bs: 0.889886
371 459 614 910 1764 1985 2207 3910 4236 4564 4828 5965 6327 7230 7432 7579 8045 9046 10130 10847 11104 
#module 405 size: 7 bs: 0.160155
102 2295 3736 5598 6184 6639 9175 
#module 406 size: 14 bs: 0.173532
184 1079 2214 2882 3112 3542 4946 5289 5366 7336 7408 8877 9260 10947 
#module 407 size: 4 bs: 0.623144
1836 5755 5789 13043 
#module 408 size: 13 bs: 0.938255
512 987 1998 2575 2851 3145 3673 6859 7405 7937 8271 9625 9889 
#module 409 size: 7 bs: 0.362202
778 2312 2604 6120 6307 6484 7710 
#module 410 size: 5 bs: 0.147217
1520 5416 6338 8927 10869 
#module 411 size: 33 bs: 0.419228
891 1259 1452 1527 1556 2297 2792 3591 3594 4201 4529 5035 5201 5363 5506 5563 5581 5749 6075 6166 6936 7090 7100 7766 7961 8020 8143 8892 9277 9742 10164 11434 11711 
#module 412 size: 17 bs: 0.730442
1441 1509 2385 2733 3305 4206 4335 4467 6921 7014 7971 7989 8961 9149 9317 10750 11258 
#module 413 size: 4 bs: 0.170858
1609 2144 2339 10963 
#module 414 size: 8 bs: 0.721702
1780 3391 5270 5397 6521 7917 7997 9280 
#module 415 size: 9 bs: 0.668303
557 2618 3946 4116 4368 6024 6080 6611 6941 
#module 416 size: 13 bs: 0.731596
762 1237 1737 2220 3059 5862 6253 6275 6374 6563 8595 8663 10781 
#module 417 size: 4 bs: 0.578728
1421 2627 8609 8777 
#module 418 size: 6 bs: 0.960372
3353 3631 7339 7687 9605 9666 
#module 419 size: 18 bs: 0.357572
124 1689 2674 3684 3796 4286 5036 5496 5817 6132 6910 7372 8111 9177 9948 10778 10993 11245 
#module 420 size: 13 bs: 0.369382
1976 2225 2277 2353 3015 3192 3214 3704 4412 5769 6344 10165 11712 
#module 421 size: 26 bs: 0.127509
1393 2093 2433 2497 2539 2799 2815 3282 4407 4609 4676 5233 5502 6722 8331 8400 8414 9171 9294 9395 9550 9816 9870 10213 10274 11490 
#module 422 size: 13 bs: 0.751926
317 1463 1627 1731 1777 3117 3223 5082 5370 7194 9146 9489 9840 
#module 423 size: 5 bs: 0.885687
351 841 1315 6466 10871 
#module 424 size: 10 bs: 0.939601
1463 1949 2166 2483 5951 7921 8186 8814 8948 10370 
#module 425 size: 36 bs: 0.960036
1 97 430 534 1105 1115 1178 1326 1554 2108 2110 2978 3218 3941 4201 4655 4717 4797 5144 5165 5585 6213 6538 6874 7107 7308 7873 7895 7934 8515 8939 9100 9467 10523 10701 12874 
#module 426 size: 17 bs: 0.58893
351 594 633 1053 1128 3661 4176 4427 4447 4702 5328 5763 6300 6893 8912 9206 10577 
#module 427 size: 6 bs: 0.24753
462 806 1833 3820 5948 10660 
#module 428 size: 17 bs: 1.00094
777 1126 1276 1436 2001 2213 2308 2872 4308 6797 7329 7801 7808 8293 9977 10018 10591 
#module 429 size: 16 bs: 0.27474
95 1483 1878 2047 3030 3699 3854 5037 5204 5581 5936 6012 8598 8762 9569 10705 
#module 430 size: 5 bs: 0.125755
2255 3344 3503 8674 10198 
#module 431 size: 7 bs: 0.203761
1471 2976 5783 6266 7134 7978 9529 
#module 432 size: 8 bs: 0.335817
1020 1034 1665 6274 9044 9400 10613 10727 
#module 433 size: 5 bs: 0.479127
1359 3453 4228 5299 6237 
#module 434 size: 5 bs: 1.0182
2572 5348 5483 7889 10337 
#module 435 size: 7 bs: 0.61088
2572 2967 3248 5827 6645 8907 8923 
#module 436 size: 8 bs: 1.05439
14 5178 5868 6323 6545 9015 9164 10192 
#module 437 size: 7 bs: 0.120112
1287 1981 5495 6663 7283 9857 10734 
#module 438 size: 22 bs: 0.563975
96 304 713 1132 1821 2049 2676 3649 3838 4115 4481 5213 6064 6872 7287 9554 9774 9950 9973 10022 10629 10744 
#module 439 size: 9 bs: 1.04297
583 2280 3645 4513 6017 6116 8459 8480 11088 
#module 440 size: 11 bs: 0.498532
176 1645 1843 2035 2586 3046 4815 5155 7478 9238 10386 
#module 441 size: 7 bs: 0.621442
572 2097 5499 5694 7110 8556 9225 
#module 442 size: 19 bs: 0.640787
150 1145 1897 2128 2151 4043 4098 4132 4754 5308 5363 5542 5917 6090 6528 6957 7119 7960 10359 
#module 443 size: 5 bs: 1.09955
720 1753 6479 7780 7857 
#module 444 size: 7 bs: 0.884267
699 3301 5430 5904 6011 7418 8600 
#module 445 size: 20 bs: 0.913567
655 1053 2046 2577 2743 3460 3484 3657 4068 5565 5570 6424 6445 8163 8405 8986 9477 9502 10951 11098 
#module 446 size: 5 bs: 1.0669
171 1270 4643 6381 11703 
#module 447 size: 14 bs: 0.292798
622 1272 2210 2730 3395 3407 3865 4426 5638 7850 7901 10658 12642 12881 
#module 448 size: 12 bs: 0.329562
546 1459 2033 2344 3308 3575 5781 6142 6365 7088 8675 10963 
#module 449 size: 17 bs: 0.873658
648 929 1491 1937 3372 4700 6501 8055 8091 8193 9062 9293 10113 10184 10292 10455 10879 
#module 450 size: 7 bs: 0.956739
1415 2092 3333 5339 6418 7237 10443 
#module 451 size: 27 bs: 0.996745
174 973 1073 1492 1503 1811 2072 2600 3064 3316 3710 3740 5091 5935 6457 6744 7426 7668 7909 8242 8274 8570 9223 9647 9784 10376 10889 
#module 452 size: 4 bs: 0.954563
1231 1351 2490 5344 
#module 453 size: 7 bs: 1.00135
1493 3138 3485 4041 6868 6979 7744 
#module 454 size: 40 bs: 0.652677
981 1428 1695 2372 2441 2541 2753 3449 3531 4159 5079 5185 5630 5708 5803 6276 6462 6472 6588 6697 6715 6829 6899 6909 6953 6967 7131 7304 8176 8213 8333 8541 8991 9268 10284 10369 10755 10758 10819 11134 
#module 455 size: 10 bs: 0.328904
1058 1437 2756 4841 5763 5833 5988 7042 7847 10811 
#module 456 size: 14 bs: 0.966572
857 1330 2109 3121 3219 3835 4285 4700 4811 6939 7184 8114 9788 10825 
#module 457 size: 6 bs: 0.644993
931 3521 5804 9961 10175 10360 
#module 458 size: 4 bs: 0.308383
2927 4192 4882 8385 
#module 459 size: 52 bs: 0.748767
67 623 914 952 1194 1604 1649 1766 1951 2167 2425 2786 2981 3238 3510 3632 3998 4163 4297 4794 4924 4991 5196 5395 5426 5851 6404 6447 6463 6505 6577 6729 7322 7548 7805 7856 8011 8024 8267 8521 8664 9032 9041 9487 10017 10088 10861 11014 11113 11231 11643 11936 
#module 460 size: 8 bs: 1.01877
773 1950 2543 2555 4243 6045 10737 10800 
#module 461 size: 16 bs: 0.560634
1469 1973 1975 3470 3697 4040 5810 6557 6855 7469 8617 9386 9403 9859 10558 11441 
#module 462 size: 22 bs: 0.134477
325 579 1081 1088 1310 2551 2761 3500 3659 3667 3776 4000 4204 4442 4638 5808 7015 8001 8133 8225 10623 13065 
#module 463 size: 3 bs: 0.772932
514 5300 7375 
#module 464 size: 6 bs: 1.02634
3686 3759 7626 9444 9512 10885 
#module 465 size: 47 bs: 0.955513
516 575 760 858 915 977 1180 2200 2219 2418 2522 2757 2975 3025 3239 3859 4066 4074 5075 5195 5331 5532 5682 5747 5913 5943 5989 6058 6061 6155 6839 7173 7403 7439 7694 7829 7862 8039 8678 8795 9264 9346 9369 9396 10162 10265 10501 
#module 466 size: 11 bs: 0.424439
1081 4277 4382 4840 5322 5545 5769 5904 7769 8773 11216 
#module 467 size: 7 bs: 0.288219
354 1573 1581 3889 5133 9013 10122 
#module 468 size: 6 bs: 0.117095
2178 3455 4312 4484 7819 9871 
#module 469 size: 7 bs: 0.856449
271 810 1148 1398 5848 10670 11207 
#module 470 size: 14 bs: 1.02102
1101 1241 1704 3812 4962 6047 6800 7482 8787 9966 10073 10466 10732 10938 
#module 471 size: 7 bs: 0.733606
856 1984 2147 2524 2671 5837 8740 
#module 472 size: 11 bs: 0.149537
276 2007 2694 3217 4039 4880 7289 8229 8250 10315 10584 
#module 473 size: 15 bs: 0.268684
434 1437 1485 3100 3616 3802 5002 5619 5861 7286 8290 8730 9063 10191 11840 
#module 474 size: 7 bs: 0.586581
895 2720 3819 5652 5869 5998 8811 
#module 475 size: 4 bs: 0.782711
1331 2026 5919 10647 
#module 476 size: 8 bs: 0.360197
2445 2854 3051 3871 4093 8243 8917 9123 
#module 477 size: 10 bs: 0.275548
79 1040 1108 1249 1533 2455 2708 4170 8854 9468 
#module 478 size: 5 bs: 0.488517
3822 8021 8761 10127 11273 
#module 479 size: 7 bs: 0.484444
2616 3047 3084 3339 6015 7880 8424 
#module 480 size: 5 bs: 1.04353
1673 2413 3573 8688 10382 
#module 481 size: 13 bs: 1.09121
304 441 566 875 3090 3761 4294 4665 6878 8147 8231 8554 8912 
#module 482 size: 5 bs: 0.655726
1509 1785 4682 9509 10926 
#module 483 size: 3 bs: 0.121407
681 1161 4290 
#module 484 size: 26 bs: 0.402924
638 2679 3144 3767 3968 4199 4205 4235 4385 4492 4761 4854 5173 6636 6749 6765 7039 7072 7773 8327 9095 9894 10045 10653 10766 11025 
#module 485 size: 15 bs: 0.342595
366 1281 1764 2237 2384 3712 4548 4721 5018 5175 7881 8899 9195 9944 10270 
#module 486 size: 7 bs: 0.140249
77 1130 3847 6252 7547 7771 8315 
#module 487 size: 16 bs: 0.99756
637 1212 1576 2054 3299 4951 5872 5901 5916 6079 6464 9688 9949 10359 11006 11031 
#module 488 size: 20 bs: 0.534023
367 881 2474 3276 3450 3651 4121 4820 7067 7205 7707 7990 8605 9325 9419 9951 10344 10997 11215 11413 
#module 489 size: 9 bs: 0.875808
3 2313 2342 2555 4223 4875 7834 8361 10624 
#module 490 size: 13 bs: 0.687946
1378 1385 2625 3959 4276 5378 6564 6855 7492 8724 9267 10620 10767 
#module 491 size: 22 bs: 0.658693
876 937 2537 2897 2898 3057 3777 4119 4728 5454 5973 5986 6128 6485 6725 7581 8410 8842 8877 9027 10103 10197 
#module 492 size: 10 bs: 0.145635
421 798 2395 3845 5385 6661 8525 8955 9077 9712 
#module 493 size: 9 bs: 0.980351
535 2824 3713 6386 7025 8029 8374 11412 12726 
#module 494 size: 14 bs: 0.995412
210 1730 1956 3250 3635 4269 5667 6019 6572 6913 7860 8028 10188 10407 
#module 495 size: 18 bs: 0.931585
973 1857 3324 3467 3740 4025 4529 7634 8513 8815 9464 9733 9833 9936 10685 10813 10832 13065 
#module 496 size: 9 bs: 1.0427
329 1148 1655 1939 3866 3927 4237 5295 6693 
#module 497 size: 6 bs: 0.586897
1817 3352 5234 5906 6987 10864 
#module 498 size: 9 bs: 0.910108
1677 2619 4256 5206 7227 7316 8164 8335 9664 
#module 499 size: 8 bs: 0.649775
1134 5232 5545 6156 6607 7967 10733 11788 
#module 500 size: 17 bs: 0.2295
368 1538 1622 2853 3990 4267 5562 5669 6562 7133 7151 7327 7616 7905 9266 9333 13018 
#module 501 size: 11 bs: 0.249725
541 2135 2987 3243 3387 3896 7935 8088 8485 9104 10894 
#module 502 size: 21 bs: 0.97806
570 631 1274 1848 2148 2457 2629 3079 3350 5900 6027 6970 7050 7471 7832 8496 9374 9685 10002 10609 12494 
#module 503 size: 14 bs: 0.818047
1526 1551 3636 4522 4757 5042 5467 5917 6880 6914 7242 8348 9051 10188 
#module 504 size: 17 bs: 0.168639
1616 2601 2793 2951 4649 4889 4964 5008 6320 7589 8198 9307 9713 9946 10592 11146 11265 
#module 505 size: 15 bs: 0.446303
539 967 1135 1140 2212 2465 3156 3201 5902 6450 6899 7014 7692 10312 12661 
#module 506 size: 7 bs: 0.646625
4723 5388 5635 6419 7052 8403 10039 
#module 507 size: 7 bs: 0.85282
1380 4300 5191 5718 6267 7607 8917 
#module 508 size: 6 bs: 1.0021
1209 1284 1476 8597 9873 10568 
#module 509 size: 7 bs: 1.0438
365 721 1022 1795 5423 7936 10622 
#module 510 size: 6 bs: 0.247094
185 2960 4221 4435 8036 9243 
#module 511 size: 22 bs: 1.04449
585 1011 1425 1806 1814 2558 3394 3433 3614 3681 3795 3798 5126 6261 6428 6928 6949 7014 7050 7993 9650 9853 
#module 512 size: 5 bs: 0.371591
4511 4549 4831 5347 6334 
#module 513 size: 12 bs: 0.520694
206 618 880 1516 1876 3304 3884 4232 4340 4885 10574 10716 
#module 514 size: 16 bs: 0.79869
32 109 683 1053 1838 2124 3229 3858 4597 5187 6033 7203 7770 8133 8581 10496 
#module 515 size: 15 bs: 0.728944
142 911 2916 4622 5658 5695 5883 6142 6416 6441 7346 8537 10123 10335 11102 
#module 516 size: 17 bs: 0.197927
494 652 1396 1532 1776 1827 2346 4263 5283 5663 6938 7056 9531 9675 10043 10602 12170 
#module 517 size: 21 bs: 0.473175
809 1054 2168 2346 2701 3562 4762 5012 5508 5994 6907 7021 8317 8355 8772 8978 10043 10764 10772 10896 12679 
#module 518 size: 13 bs: 0.62097
1926 3015 3323 3375 4825 4935 5721 5728 6451 7077 7391 8084 10140 
#module 519 size: 7 bs: 0.367169
996 3277 3524 5061 5199 9298 10754 
#module 520 size: 10 bs: 0.139558
1413 4632 5531 6646 8694 9211 9607 9915 10526 11393 
#module 521 size: 5 bs: 0.171052
427 3861 5877 8144 10245 
#module 522 size: 5 bs: 0.764196
1517 2150 3373 3867 4806 
#module 523 size: 4 bs: 0.369288
3347 3605 4161 8969 
#module 524 size: 6 bs: 0.316746
257 2123 8592 8968 9590 10504 
#module 525 size: 20 bs: 0.201874
432 589 811 2319 3259 3716 3968 3984 4280 4959 5363 5582 6324 6499 8728 8840 9896 10517 10675 11107 
#module 526 size: 14 bs: 0.631911
25 34 3398 3637 3909 4528 4540 4713 5042 5986 5993 6054 7656 10058 
#module 527 size: 3 bs: 0.18839
1560 4234 7424 
#module 528 size: 10 bs: 0.804743
163 3060 7519 7600 7650 8787 9450 9661 11177 12495 
#module 529 size: 13 bs: 1.00138
3650 3993 4128 4879 7221 7420 8214 8422 9251 10387 10404 10785 11223 
#module 530 size: 7 bs: 0.598985
4195 5875 6288 6769 7555 10007 10873 
#module 531 size: 22 bs: 0.687805
569 1657 1804 2044 2194 3008 3172 3216 3294 3399 3582 3920 3965 5022 5335 6536 6768 6873 7218 8221 9475 10367 
#module 532 size: 12 bs: 0.378101
932 1448 1457 2051 2480 2555 3196 3776 6626 8704 9600 10637 
#module 533 size: 7 bs: 0.521231
1660 3843 4089 5642 6869 7984 9055 
#module 534 size: 17 bs: 0.452645
1243 1330 1477 1887 2001 2493 2609 3107 3527 4886 6440 7932 8234 8695 8833 9501 10267 
#module 535 size: 17 bs: 0.308821
84 1088 1188 3203 3240 3246 3560 4442 4986 5357 6377 7024 7334 7544 8095 8265 8368 
#module 536 size: 17 bs: 0.712019
680 1144 1167 1890 3182 3939 4033 4433 5819 6262 8773 9152 9233 9581 9781 10402 11119 
#module 537 size: 14 bs: 0.213403
1033 2353 2665 5212 5621 6008 6637 6691 6728 9021 9066 9074 10626 10868 
#module 538 size: 4 bs: 1.06915
1071 3617 4616 5584 
#module 539 size: 19 bs: 0.156479
963 976 1039 1882 2038 2058 2221 2509 2653 2918 3135 4543 4603 7411 8386 8982 9276 9288 10853 
#module 540 size: 7 bs: 0.183526
4103 4356 4781 4822 5412 10844 11220 
#module 541 size: 10 bs: 0.465915
18 1303 5071 5227 7289 8959 9104 9203 10001 10248 
#module 542 size: 28 bs: 0.505485
1240 1417 1739 2289 2412 2451 2693 2990 3172 3286 3747 3763 4143 4442 4910 5241 6437 7196 7373 7429 7506 7627 7818 8099 8318 9019 9181 11145 
#module 543 size: 16 bs: 0.564985
231 489 1371 1852 4046 5241 5304 5853 6290 6301 6354 6519 8569 8720 9131 10928 
#module 544 size: 22 bs: 0.881753
341 973 1693 1808 2979 4698 5225 5283 5343 5671 6134 6626 7095 7153 7766 8114 8161 8834 9096 9144 10473 11711 
#module 545 size: 5 bs: 0.903824
1078 1210 6593 7321 7514 
#module 546 size: 4 bs: 0.324219
722 8639 10612 10943 
#module 547 size: 18 bs: 0.86428
1257 2330 2361 3750 4107 4709 5231 5601 5792 5941 6000 6102 8159 8302 10971 10977 11004 11007 
#module 548 size: 45 bs: 1.03679
887 921 1031 1049 1076 1218 1282 1620 1760 1798 2554 2746 2912 3061 3202 3571 3647 3711 3856 3869 4184 4443 5402 5431 5774 5806 5865 5958 6143 6299 6597 6795 7053 7334 7516 7931 8087 8555 8812 9239 9724 9832 10736 10788 10804 
#module 549 size: 22 bs: 0.516491
216 774 787 1211 2747 2941 3706 3726 3851 4380 4534 5182 5808 5830 5831 6675 7075 8059 8856 9958 10838 10902 
#module 550 size: 27 bs: 0.923834
104 785 1447 2173 2710 3042 3169 3296 3832 4403 4528 4601 4607 4853 5001 5421 5485 5520 5641 5829 6985 7034 8627 8666 8818 9016 10372 
#module 551 size: 18 bs: 0.156431
882 1577 1797 2550 3299 4030 4447 5370 5683 6944 7015 7058 7160 7451 7673 7800 7825 10857 
#module 552 size: 9 bs: 1.04729
3996 5043 5222 5743 5769 8206 10031 10058 11228 
#module 553 size: 11 bs: 0.265229
2945 3231 3536 3580 4038 4929 5408 5446 7113 8965 12545 
#module 554 size: 25 bs: 0.854559
26 1661 1666 2421 2538 2860 2950 3726 3826 4061 4542 4573 4904 5386 5730 6659 7521 7685 8404 8918 9115 9458 9783 10884 10923 
#module 555 size: 3 bs: 0.153313
3469 10925 12944 
#module 556 size: 7 bs: 0.620671
1515 1686 3487 4102 5117 5522 7802 
#module 557 size: 11 bs: 1.02157
1025 1618 5316 6856 7217 8097 9247 9399 9606 9997 10846 
#module 558 size: 16 bs: 0.115529
210 829 1526 2908 3013 3064 3388 3710 3746 3950 4209 4755 7457 8348 9116 9296 
#module 559 size: 9 bs: 0.7219
207 3769 5429 5525 6043 6273 6333 6422 7823 
#module 560 size: 6 bs: 0.539198
310 1845 4273 5077 9931 10193 
#module 561 size: 11 bs: 0.812167
135 1745 2473 3652 5282 5294 7300 8794 10439 11694 12641 
#module 562 size: 12 bs: 0.318614
565 1480 2436 2525 2791 5425 5462 6039 7094 7680 9173 11171 
#module 563 size: 8 bs: 1.06706
390 1799 3128 3557 4955 6695 7667 9671 
#module 564 size: 14 bs: 0.571694
1227 1875 2419 2980 3402 4217 4895 6580 8797 9158 9999 10564 10789 10975 
#module 565 size: 3 bs: 0.258788
2048 9162 12590 
#module 566 size: 15 bs: 0.969974
99 578 1324 2404 2553 3633 5050 5236 5318 6897 7582 8044 8617 10118 10215 
#module 567 size: 47 bs: 1.08012
339 1008 1245 1424 1734 2154 2259 2267 2338 2340 2533 3181 3463 4214 4445 4544 4768 5310 5460 5922 5933 6183 6304 6421 6596 7032 7074 7091 7696 8208 8411 8717 8851 8920 8937 9179 9380 9397 9490 9655 9793 9886 10225 10226 10836 11027 11540 
#module 568 size: 9 bs: 0.602878
1545 1928 3771 5537 6396 6770 9319 12475 12626 
#module 569 size: 81 bs: 0.130471
172 312 335 362 370 377 388 420 560 699 803 860 919 943 1007 1233 1373 1457 1867 2129 2185 2302 2552 2607 2695 2860 3287 3401 3429 3490 3500 3569 3590 3667 3670 3675 3888 4077 4204 4383 4599 4792 4967 5444 5647 5910 5992 6074 6177 6647 6669 7045 7722 7749 7751 7938 7946 7995 8059 8287 8297 8347 8770 8889 8921 8942 9547 9753 10033 10151 10222 10408 10599 10679 10701 10776 11029 11192 11193 12582 12977 
#module 570 size: 12 bs: 0.561815
604 1181 2375 5788 6021 6060 8286 9343 9600 10934 11338 12990 
#module 571 size: 5 bs: 0.502107
878 1656 4810 9553 10870 
#module 572 size: 18 bs: 0.310421
75 341 411 924 2408 3002 4088 4772 5109 6546 6984 7157 7466 9496 9858 9986 10462 10632 
#module 573 size: 6 bs: 0.737934
1873 2251 4408 7790 9876 11337 
#module 574 size: 3 bs: 0.271593
3110 5239 11602 
#module 575 size: 4 bs: 0.659155
2670 3137 4982 6256 
#module 576 size: 7 bs: 0.850879
1258 4014 4715 5637 7018 8107 10044 
#module 577 size: 4 bs: 0.149985
4193 6589 8160 9361 
#module 578 size: 9 bs: 1.0857
621 819 2028 2407 4127 7442 8750 8856 9545 
#module 579 size: 11 bs: 0.454779
236 344 2598 3620 3764 5015 7786 8581 9172 9775 10606 
#module 580 size: 17 bs: 0.41796
25 274 2025 2070 2120 4252 5004 7468 7954 8285 8456 8768 9544 9717 10166 10512 10644 
#module 581 size: 44 bs: 0.820471
72 323 417 558 852 869 974 1053 1214 1346 1381 1711 2322 3595 3753 3920 4085 4140 4310 4335 4355 4405 4764 5402 5552 5840 5863 5891 6094 6212 6480 6736 6805 6806 6988 7096 8273 8364 9338 9921 10680 11196 11415 11611 
#module 582 size: 9 bs: 0.953693
1336 1690 4398 4734 5410 8950 9315 9324 9806 
#module 583 size: 26 bs: 0.639825
165 581 1152 1311 2328 2531 3032 3926 4020 4263 5112 5224 5231 5601 6519 6990 7048 7849 7893 8251 8501 9665 9936 10121 10832 11614 
#module 584 size: 20 bs: 0.611279
7 819 1523 1612 2583 5160 5503 6390 6399 6757 7368 7854 8159 8249 8256 9149 9202 9460 10081 10239 
#module 585 size: 153 bs: 0.358904
6 225 272 392 403 446 463 513 573 624 669 700 897 975 1105 1174 1223 1290 1291 1318 1363 1381 1383 1394 1422 1536 1651 1754 1807 1820 1831 1909 1966 1993 2040 2129 2142 2333 2488 2527 2580 2590 2597 2666 2719 2839 3139 3144 3340 3349 3382 3452 3454 3458 3535 3577 3585 3612 3623 3695 3890 3932 3933 3941 3972 4182 4299 4383 4384 4386 4630 4761 4842 4861 5038 5063 5128 5183 5192 5231 5265 5284 5382 5443 5541 5628 5660 5766 5885 5942 5954 6046 6247 6328 6511 6529 6699 6823 6853 7047 7072 7096 7122 7196 7347 7378 7849 7867 7873 7888 7918 7958 8131 8142 8233 8253 8294 8297 8347 8421 8494 8656 8668 8813 8876 9186 9353 9417 9436 9546 9577 9614 9800 9810 9824 9875 9923 9956 9995 10079 10211 10653 10692 10693 10701 10911 10920 10999 11004 11069 11495 11591 12019 
#module 586 size: 23 bs: 0.359297
644 670 1315 1709 3003 3118 4587 4774 5419 5453 5950 6672 6965 7326 7489 7882 8103 8420 8725 9073 9416 9475 10858 
#module 587 size: 6 bs: 0.3259
4056 4855 6048 9929 10291 10695 
#module 588 size: 18 bs: 0.923954
345 352 2461 2542 2825 2863 3043 3245 3480 3823 5099 6022 6904 8632 8637 8901 8988 10595 
#module 589 size: 7 bs: 0.837369
975 1610 2858 3396 4072 5556 11270 
#module 590 size: 12 bs: 0.576251
878 2501 3604 3975 4054 4533 4950 5765 6359 6778 8314 11364 
#module 591 size: 11 bs: 0.564865
2745 3155 4505 4624 4764 4800 5674 5841 8119 8865 9026 
#module 592 size: 8 bs: 0.474519
3631 3692 3967 7690 8862 10054 10930 11222 
#module 593 size: 3 bs: 0.937755
708 2469 11699 
#module 594 size: 9 bs: 0.380816
922 3310 3876 7370 8098 8559 9309 10899 11012 
#module 595 size: 5 bs: 1.09373
3068 7590 9382 10023 10483 
#module 596 size: 7 bs: 0.928904
860 927 1936 2204 3408 6482 6526 
#module 597 size: 6 bs: 0.411432
23 1237 6784 8630 9466 10058 
#module 598 size: 10 bs: 0.432854
724 1219 1694 2588 2761 5574 6209 6418 6648 8332 
#module 599 size: 5 bs: 0.977212
2454 2835 4126 4345 7679 
#module 600 size: 19 bs: 0.420496
305 1122 1494 1786 2284 2507 3250 3565 4448 6352 6706 7042 8346 8966 9465 9864 10126 10662 10780 
#module 601 size: 18 bs: 0.918755
27 40 1851 1938 2194 2472 3202 3742 4064 5033 5201 5341 7345 7609 9735 9799 10662 10761 
#module 602 size: 71 bs: 1.00673
47 120 333 458 480 561 768 842 1008 1732 2209 2278 2371 2671 2750 2860 3188 3293 3660 3668 3915 3964 4007 4101 4214 4347 4449 4580 4784 4837 4845 4976 5134 5356 5386 5575 5922 6016 6088 6199 6573 6591 6601 6664 6750 7087 7317 7377 7409 7448 7550 7564 7866 8332 8684 8722 8908 9011 9368 9644 9720 9841 9906 10033 10115 10490 10523 10987 11447 12595 12746 
#module 603 size: 83 bs: 0.392547
120 333 480 780 842 863 894 1008 1222 1364 1552 2253 2552 2576 2578 2926 3153 3178 3293 3581 3726 3863 3932 3964 4007 4052 4061 4171 4269 4361 4369 4428 4449 4500 4580 4694 4752 4829 4845 4922 4976 4999 5134 5386 5431 5494 5730 5779 5856 5964 6016 6088 6199 6362 6600 6601 6672 6675 6750 6789 6994 7008 7308 7309 7505 7530 7623 7817 8114 8722 9047 9217 9265 9355 9466 9720 9783 9841 10327 10523 10956 11189 12678 
#module 604 size: 7 bs: 0.325381
1098 1191 2736 3354 3572 6207 11239 
#module 605 size: 10 bs: 0.582843
1398 1530 4255 6215 6382 7912 8117 8543 10628 10734 
#module 606 size: 7 bs: 0.266342
3891 4016 5336 6686 6804 8100 9884 
#module 607 size: 5 bs: 0.251247
466 868 3874 8776 9117 
#module 608 size: 8 bs: 0.379435
1864 2726 4046 4848 5759 6028 8769 11255 
#module 609 size: 38 bs: 0.220148
472 537 991 1085 1499 1729 1787 2078 2262 2909 2954 2998 3186 3468 3566 3694 4351 4499 5346 5455 5603 5745 6400 6597 6799 7240 7397 7652 7914 8321 8362 8802 8935 9089 9296 9967 10866 10992 
#module 610 size: 23 bs: 1.07369
214 303 1443 1628 2519 2707 3089 3895 4475 5349 5590 5881 5917 6309 6358 6857 7208 7649 7892 9208 9347 10375 10736 
#module 611 size: 9 bs: 0.895413
152 1088 1583 3742 5593 5893 6273 7119 10650 
#module 612 size: 14 bs: 0.477513
382 531 1100 1113 1564 2151 3613 4239 5787 6266 6628 7248 10300 11451 
#module 613 size: 56 bs: 0.899799
1214 1291 1441 1452 1620 1759 2055 2155 2447 2531 2836 2860 2913 3603 3841 4003 4485 4699 5181 5225 5283 5547 5727 5756 5899 6364 6430 6448 6515 6529 6664 6675 6907 7044 7096 7175 7444 7875 7897 8407 8736 8877 8903 8915 8945 9181 9408 9773 9959 10222 10238 10310 10547 10672 10698 11136 
#module 614 size: 23 bs: 0.279699
54 158 513 1184 1653 1850 1958 2709 4481 5010 5267 6227 6528 6779 6806 6823 7873 8042 8549 9888 10650 10826 12575 
#module 615 size: 23 bs: 0.595239
29 1153 1374 1453 1629 1733 3254 3444 3483 3789 3907 4282 5461 5939 6089 6491 7683 7701 7740 7793 8734 9036 10883 
#module 616 size: 24 bs: 0.975098
1818 2009 2250 2500 2552 3299 3688 4349 4432 5247 5419 6056 6324 7087 7506 7700 8200 8691 8812 8980 8992 9812 10556 10672 
#module 617 size: 20 bs: 0.869336
1006 1396 2162 2573 4233 4931 5774 7010 7017 7242 7298 7334 7446 8256 8405 9603 10124 10293 10367 10839 
#module 618 size: 12 bs: 0.13356
861 1862 2923 3462 4423 5280 5697 6836 7167 8522 8721 10522 
#module 619 size: 4 bs: 1.00812
2915 9135 9673 9696 
#module 620 size: 37 bs: 0.207975
237 586 790 1269 1310 1715 2181 2199 2223 2236 2314 2828 2894 3618 3774 4117 4131 4510 4527 4971 5250 5438 5447 5486 6216 6764 7583 7591 7629 7848 8864 9143 9881 10086 10453 10770 10970 
#module 621 size: 4 bs: 0.125173
141 1468 7059 11021 
#module 622 size: 5 bs: 0.165757
1120 4496 6368 6406 11097 
#module 623 size: 10 bs: 0.719197
1580 1729 3130 4056 5725 5881 5917 6698 8172 10329 
#module 624 size: 20 bs: 0.173427
25 328 1595 2099 2118 2884 3606 3768 3860 4335 5689 5840 6212 6271 7770 7842 7979 8086 8147 8565 
#module 625 size: 7 bs: 0.429681
2614 3255 3764 4102 4310 4409 6313 
#module 626 size: 6 bs: 0.920302
4532 6122 7141 7319 8579 9221 
#module 627 size: 12 bs: 0.202901
834 1023 1170 1710 4156 5607 6109 6202 7688 8080 8904 10067 
#module 628 size: 11 bs: 0.261958
907 1558 3151 4172 4180 5132 5816 6658 7226 7985 10682 
#module 629 size: 22 bs: 0.791749
559 1214 1340 1375 1619 3194 3914 5437 5445 5660 5946 6219 6626 7016 7063 7205 7877 8720 8887 8958 10565 11024 
#module 630 size: 12 bs: 0.304723
140 1768 3435 3437 3940 4224 4283 5067 5420 5813 7020 10048 
#module 631 size: 15 bs: 0.766027
1102 1650 2145 2689 3822 4956 5530 5619 5853 7809 8221 9504 10042 10671 11004 
#module 632 size: 10 bs: 0.105138
2428 3073 6676 7840 8036 8047 9150 10091 10147 11400 
#module 633 size: 20 bs: 1.09989
974 1050 1514 1540 2651 3486 3772 3862 4400 5811 6375 6548 6825 7153 7538 7666 8000 9964 10686 10769 
#module 634 size: 8 bs: 1.01388
1044 4972 5595 6281 6541 6655 9071 10347 
#module 635 size: 18 bs: 0.590244
1203 2357 2426 2624 3644 4202 4566 4887 5121 5587 5624 6774 7084 7430 7717 8529 9259 10931 
#module 636 size: 28 bs: 0.489889
552 1510 1546 1979 2073 2739 3481 3666 4177 5586 5858 6098 7229 7298 8245 8270 8575 8851 8920 9193 9446 9503 9825 10579 10589 11085 11183 12494 
#module 637 size: 108 bs: 0.921031
110 238 485 493 569 588 1010 1593 1626 1714 2018 2171 2486 2518 2535 2712 2719 3032 3045 3207 3216 3237 3274 3299 3511 3537 3756 3856 3877 3894 3906 4037 4142 4240 4296 4370 4472 4608 4655 4689 4698 4841 5022 5053 5149 5216 5226 5237 5394 5439 5563 5586 5701 5775 5870 5931 5932 6090 6112 6143 6264 6442 6507 6529 6538 6649 6687 6694 6742 6906 6996 7085 7098 7135 7200 7308 7380 7576 7714 7783 7957 8138 8161 8190 8292 8318 8352 8366 8866 8929 9418 9513 9588 9658 9677 9752 9926 10098 10153 10277 10299 10534 10659 10739 10777 10852 10932 12792 
#module 638 size: 103 bs: 0.489635
155 157 197 300 718 847 873 1035 1109 1234 1289 1692 2218 2293 2463 2475 2725 2742 2746 2754 2911 2921 3032 3055 3116 3185 3290 3342 3364 3381 3486 3535 3997 4073 4227 4247 4274 4458 4494 4537 4626 4675 4819 4837 5112 5141 5151 5225 5278 5415 5511 5779 5835 6030 6078 6134 6268 6416 6481 6609 6626 6806 7026 7070 7153 7200 7422 7507 7746 7783 7839 7872 7987 8205 8219 8221 8292 8373 8407 8880 8960 8981 9018 9144 9318 9379 9632 9658 9723 9724 10132 10134 10238 10319 10324 10457 10474 10810 10816 10916 11463 11711 12624 
#module 639 size: 5 bs: 0.869842
2496 6299 6457 8782 9844 
#module 640 size: 25 bs: 0.628756
440 811 1423 1524 1849 2746 2802 3342 3641 4401 4473 5093 5104 5373 5415 6585 7363 8121 8332 8841 9018 9531 10601 10692 10768 
#module 641 size: 13 bs: 0.639174
727 1335 1748 2761 4233 4422 4775 7697 8274 8806 8896 10414 10606 
#module 642 size: 9 bs: 0.278265
939 1526 1577 4595 5599 5675 6640 7165 8083 
#module 643 size: 19 bs: 0.759487
319 432 1182 2521 3606 3643 4204 4956 5022 5241 5901 6235 6337 7995 8701 9020 9901 10891 12638 
#module 644 size: 15 bs: 0.424568
144 1448 1454 1818 4874 5224 5376 7931 8041 8134 9565 10236 10513 10649 10876 
#module 645 size: 25 bs: 0.81448
718 1433 1526 1539 2983 3032 3324 3361 3936 4241 4430 5979 6007 6587 7087 7198 7307 7333 7858 8720 10751 10966 11141 11335 11711 
#module 646 size: 14 bs: 0.247101
999 1238 1794 1851 2015 2516 2545 3595 4301 4833 5174 5361 7386 10919 
#module 647 size: 63 bs: 0.381889
350 569 921 1088 1282 1526 1567 1637 1944 2068 2194 2352 2472 2550 2594 2703 2717 2955 3032 3265 3540 3763 3806 3916 3997 4179 4384 4475 4481 5660 5683 5756 5774 5969 6130 6131 6236 6287 6867 6964 6992 7011 7013 7271 7334 7345 7702 7809 7931 8105 8161 8219 8364 8843 8995 9051 9192 9632 10164 10323 10329 10898 11335 
#module 648 size: 23 bs: 0.264458
642 649 956 1142 1384 2310 2990 3294 3436 3703 3767 5057 5242 5784 6437 6822 7622 8304 8508 9083 9465 9662 10532 
#module 649 size: 35 bs: 0.389899
64 318 328 1137 1240 1572 1630 1847 2310 2513 2696 4165 4817 5096 5209 5306 5910 6078 6176 6317 6734 6966 7028 7087 7972 7994 8274 8887 9062 9579 9584 9831 10475 10532 11962 
#module 650 size: 80 bs: 0.494143
143 323 469 525 818 853 1129 1205 1267 1282 1381 1682 1700 1706 1850 2484 2513 2862 2955 3202 3401 3448 3625 3716 3742 3899 3973 4316 4869 4938 5004 5026 5104 5112 5129 5292 5375 5727 5752 5970 6473 6507 6538 6626 6903 7044 7053 7055 7112 7334 7364 7423 7981 7997 8025 8257 8307 8412 8803 9278 9339 9817 9848 9880 9912 9975 10000 10358 10409 10420 10605 10639 10692 10862 11008 11093 11243 11491 12575 12949 
#module 651 size: 21 bs: 0.840284
31 153 522 1092 1784 2076 3410 3601 4069 5055 5551 5553 5782 6739 7049 7633 8070 9058 9167 9473 10273 
#module 652 size: 41 bs: 0.921456
214 634 694 783 903 1217 1353 1720 2151 2462 2557 2698 3005 3386 3424 3554 3663 3755 3810 4151 4319 4571 5390 5432 5518 5866 5917 6763 7182 7253 8263 8336 8727 8987 9006 9423 9656 9793 10343 10736 10942 
#module 653 size: 17 bs: 1.05086
106 230 1297 1332 3937 4298 5411 5629 5744 6257 6651 7353 8476 8715 8895 9994 10897 
#module 654 size: 15 bs: 0.59093
278 1340 2320 3100 3194 3813 3914 4995 5307 6641 6787 6922 8427 9845 9910 
#module 655 size: 6 bs: 0.534263
515 1177 2650 5358 6231 10168 
#module 656 size: 13 bs: 0.535471
303 704 2861 4230 6326 6550 6615 7390 7727 8812 8871 10557 10886 
#module 657 size: 14 bs: 1.03788
327 474 1601 2732 4031 5809 6035 6465 7556 9049 9540 10610 10618 11182 
#module 658 size: 14 bs: 0.785402
1713 2434 2868 3425 3646 4338 4706 6147 6945 7009 7324 7658 8416 10981 
#module 659 size: 17 bs: 0.421379
169 1826 3105 3311 3908 4135 4705 5401 5448 5785 5908 6312 9891 10056 10835 11225 11383 
#module 660 size: 19 bs: 0.867785
566 877 2296 2346 2429 3337 4097 4466 4495 5928 6900 7758 8310 8640 8792 9062 9226 10514 12297 
#module 661 size: 12 bs: 1.01059
1369 1525 1614 3234 3251 4207 5059 6366 7079 9566 11006 11269 
#module 662 size: 24 bs: 0.309426
116 381 491 518 689 847 966 1014 1466 1479 1489 3459 3516 4415 5736 6076 6161 6361 6372 6821 9572 9969 10062 10449 
#module 663 size: 23 bs: 0.556406
93 765 1328 2810 3297 3482 3506 3757 3974 3976 4651 4903 4990 5824 6002 7647 7662 8240 8323 8457 8752 9433 11589 
#module 664 size: 16 bs: 0.693951
270 636 1445 3058 3244 3544 5006 5526 6865 7365 7684 7720 8535 9122 12003 12880 
#module 665 size: 155 bs: 0.169808
203 264 529 800 807 893 896 959 1042 1172 1266 1286 1316 1387 1456 1587 1615 1743 1788 1816 1830 1877 1888 1895 1929 1970 1972 2008 2029 2079 2206 2257 2265 2266 2365 2446 2582 2589 2817 2838 2936 2956 2996 3001 3012 3147 3379 3423 3475 3708 3857 4079 4084 4108 4144 4238 4352 4387 4486 4509 4519 4747 4766 4836 4851 4973 5017 5135 5176 5320 5457 5476 5573 5596 5645 5648 5838 5854 5886 5920 5975 5997 6070 6124 6286 6295 6339 6583 6617 6716 6719 6758 6766 6883 7031 7035 7075 7199 7209 7425 7459 7472 7523 7525 7705 7803 7812 8074 8075 8137 8275 8309 8437 8453 8458 8511 8672 8785 8822 8827 9045 9075 9085 9329 9345 9499 9516 9546 9561 9672 9691 9718 9744 9976 10157 10255 10383 10461 10465 10502 10596 10631 10635 10707 10713 10735 10837 10855 10877 10945 10990 11108 11130 11552 12663 
#module 666 size: 39 bs: 0.427445
152 166 694 1335 1485 1583 1779 2450 2704 2965 2972 3106 3236 3481 3918 4157 4213 4354 5440 6001 6042 6336 6425 7354 7712 7976 8061 8115 8122 8299 8611 8613 8706 8791 9007 9528 9919 10133 10788 
#module 667 size: 17 bs: 0.678016
222 263 835 870 898 1669 1778 4722 4786 5498 5558 6809 7311 7323 7686 8990 10080 
#module 668 size: 18 bs: 0.93977
600 1303 1694 1750 2385 2761 3497 3895 4006 4530 5467 6527 7205 7242 7259 8028 8564 8936 
#module 669 size: 6 bs: 0.578237
309 1112 1702 2389 10097 11158 
#module 670 size: 25 bs: 0.605477
473 629 982 2075 3078 3087 3179 3643 4606 4801 4809 5019 5083 5962 6828 7290 7409 7811 8158 8360 9110 9198 9485 10810 11701 
#module 671 size: 23 bs: 1.04496
702 2224 2249 2704 3101 3166 3366 3456 4057 4732 5042 5065 5813 6092 6399 6576 8389 8837 9057 9518 9714 9798 10223 
#module 672 size: 24 bs: 0.60853
211 456 485 493 1486 1606 1853 2837 2991 3167 3291 3550 4178 5704 6009 6264 6412 7611 7709 8608 9658 9680 10241 10637 
