#module 0 size: 6 bs: 3.96547e-102
690 2025 2238 3022 3205 8447 
#module 1 size: 3 bs: 3.551e-101
4363 9854 11509 
#module 2 size: 2 bs: 6.12284e-101
647 4232 
#module 3 size: 2 bs: 7.22841e-101
2881 9107 
#module 4 size: 2 bs: 6.4683e-101
6995 10370 
#module 5 size: 2 bs: 8.10462e-101
1560 7424 
#module 6 size: 12 bs: 3.3435e-101
2635 4349 4366 4966 5615 6128 6630 7042 9027 9209 9580 9812 
#module 7 size: 2 bs: 3.86235e-101
5448 10427 
#module 8 size: 3 bs: 7.96752e-101
1139 4943 5082 
#module 9 size: 6 bs: 2.43047e-102
1415 2120 4080 6504 7742 8109 
#module 10 size: 2 bs: 3.262e-101
1196 1249 
#module 11 size: 2 bs: 5.63763e-101
555 2855 
#module 12 size: 2 bs: 5.21275e-101
2386 5566 
#module 13 size: 3 bs: 4.25727e-101
982 3250 10675 
#module 14 size: 2 bs: 2.31205e-101
4702 6893 
#module 15 size: 4 bs: 1.20348e-13
1615 1826 5580 6583 
#module 16 size: 2 bs: 8.16108e-101
1796 11377 
#module 17 size: 4 bs: 6.97298e-101
1380 4396 6665 9088 
#module 18 size: 2 bs: 1.95741e-102
3551 7756 
#module 19 size: 3 bs: 5.73827e-101
5316 6856 7984 
#module 20 size: 3 bs: 8.41776e-101
4688 7279 10729 
#module 21 size: 2 bs: 4.30153e-101
5879 6138 
#module 22 size: 2 bs: 2.61722e-101
6695 7625 
#module 23 size: 2 bs: 5.27602e-101
10733 11878 
#module 24 size: 2 bs: 9.03735e-102
877 8975 
#module 25 size: 4 bs: 2.04098e-101
1148 6557 8740 9150 
#module 26 size: 3 bs: 9.25824e-102
1321 1333 10761 
#module 27 size: 3 bs: 9.35113e-101
810 926 9468 
#module 28 size: 3 bs: 3.92859e-101
1469 3368 9359 
#module 29 size: 2 bs: 5.49366e-101
1253 6314 
#module 30 size: 5 bs: 2.40214e-101
1284 2196 4416 4637 10057 
#module 31 size: 6 bs: 8.53628e-101
601 2411 2687 4134 5832 6144 
#module 32 size: 18 bs: 1.20131e-11
341 718 1693 1808 2586 5225 5415 6090 6134 7617 9071 9096 9417 9824 10483 10484 11591 11711 
#module 33 size: 3 bs: 4.49389e-101
2449 4943 5916 
#module 34 size: 4 bs: 2.70168e-101
822 1543 3669 4535 
#module 35 size: 2 bs: 6.3628e-102
3661 5156 
#module 36 size: 2 bs: 2.01772e-101
8827 9691 
#module 37 size: 3 bs: 5.30536e-101
4064 5228 5807 
#module 38 size: 2 bs: 5.81792e-101
543 5472 
#module 39 size: 2 bs: 3.48937e-101
9204 11242 
#module 40 size: 9 bs: 1.11022e-16
5271 5365 5734 6340 6815 7863 8306 8372 9292 
#module 41 size: 2 bs: 8.33129e-101
4291 6521 
#module 42 size: 4 bs: 4.57659e-102
1025 4528 5968 10351 
#module 43 size: 2 bs: 7.99531e-101
688 4371 
#module 44 size: 5 bs: 6.14068e-102
819 9733 9812 10475 10488 
#module 45 size: 3 bs: 1.77337e-101
3095 7208 9931 
#module 46 size: 6 bs: 1.63656e-101
934 3232 4408 5422 9876 11337 
#module 47 size: 4 bs: 7.81914e-101
140 1864 4046 6574 
#module 48 size: 17 bs: 2.04498e-06
1387 2601 2793 2951 4649 4889 5399 5975 6320 7589 8198 9713 9946 10465 10592 10877 11265 
#module 49 size: 7 bs: 3.46382e-101
304 328 546 3388 6193 6365 6994 
#module 50 size: 4 bs: 5.42652e-102
722 2012 7354 8639 
#module 51 size: 4 bs: 4.62105e-101
830 1341 7207 9504 
#module 52 size: 3 bs: 7.35849e-101
5507 5804 6354 
#module 53 size: 6 bs: 1.21061e-101
503 3426 3793 7469 8435 8814 
#module 54 size: 2 bs: 2.76555e-101
5460 6183 
#module 55 size: 6 bs: 5.81086e-101
4088 4475 7088 9871 10963 10997 
#module 56 size: 3 bs: 2.90269e-101
1837 3361 5702 
#module 57 size: 3 bs: 3.29326e-102
2498 3948 6800 
#module 58 size: 2 bs: 9.56775e-102
5972 8943 
#module 59 size: 5 bs: 3.71909e-101
1108 1398 4040 8117 9548 
#module 60 size: 4 bs: 9.71688e-101
2681 3083 4049 7274 
#module 61 size: 2 bs: 2.54935e-101
5623 8688 
#module 62 size: 6 bs: 1.19196e-09
1564 2219 2413 4566 9236 10931 
#module 63 size: 4 bs: 4.56651e-101
1366 3017 3338 5490 
#module 64 size: 3 bs: 6.03606e-101
3296 5755 7624 
#module 65 size: 3 bs: 2.07412e-102
726 2309 8825 
#module 66 size: 3 bs: 3.92114e-101
1847 2720 3095 
#module 67 size: 4 bs: 4.90961e-101
3050 3923 7043 9840 
#module 68 size: 18 bs: 2.26363e-07
165 300 1630 1790 1818 3061 3759 4241 4370 5149 5225 6009 6267 7611 7714 10241 10270 10832 
#module 69 size: 3 bs: 1.95445e-101
1421 4528 9849 
#module 70 size: 4 bs: 4.00551e-101
1594 1749 4385 10708 
#module 71 size: 28 bs: 2.03257e-09
440 1474 1521 1524 1779 2496 2746 2802 2885 3342 3863 5283 5419 5541 5564 6299 6317 6597 8147 8602 8720 9018 9200 10000 10011 10303 11678 12679 
#module 72 size: 24 bs: 2.81728e-06
718 894 2151 2531 2983 3032 3269 3324 3936 4184 4241 4430 5099 5730 5856 5881 6007 6587 7087 7198 7858 10321 10595 11141 
#module 73 size: 2 bs: 3.52166e-101
236 7687 
#module 74 size: 14 bs: 0.351955
580 2210 3407 3590 4110 4650 4806 5638 6352 6661 7945 10658 12642 12881 
#module 75 size: 4 bs: 0.448446
2060 3770 6724 9001 
#module 76 size: 3 bs: 0.78693
7269 7463 10463 
#module 77 size: 6 bs: 0.95073
1542 2901 3220 3824 4403 7791 
#module 78 size: 9 bs: 1.07655
611 1975 2383 5179 5954 7059 7500 8906 11635 
#module 79 size: 4 bs: 0.120012
2343 5290 7213 10691 
#module 80 size: 8 bs: 0.274375
892 2313 2342 4875 5458 7834 9164 10264 
#module 81 size: 7 bs: 0.697683
882 2476 4461 4621 5538 10234 10857 
#module 82 size: 3 bs: 0.985482
3091 9330 9344 
#module 83 size: 8 bs: 0.279448
5018 5528 5809 6184 6935 9331 9704 9750 
#module 84 size: 4 bs: 0.76159
4863 6338 8217 10606 
#module 85 size: 7 bs: 0.409901
1438 1631 2735 3155 6814 7358 11498 
#module 86 size: 7 bs: 0.986734
793 848 1213 3534 7171 9441 10583 
#module 87 size: 8 bs: 0.22231
3142 5032 5087 5311 7878 9101 11694 12885 
#module 88 size: 5 bs: 0.356747
12 3306 3736 5987 7581 
#module 89 size: 17 bs: 0.149686
1033 1976 2353 3214 3305 4467 4706 5114 5628 6036 6383 6637 9021 9066 9074 10626 10868 
#module 90 size: 7 bs: 0.394876
563 2420 3067 3210 5703 5783 8801 
#module 91 size: 5 bs: 0.718169
1480 1536 4755 6511 9916 
#module 92 size: 28 bs: 0.88425
76 871 980 1575 1707 2187 2278 3315 3513 3845 3943 4650 5084 5509 5575 6005 6310 6840 7040 7359 7381 7617 7645 9210 9534 9627 9757 10308 
#module 93 size: 4 bs: 0.894623
1422 3624 7375 9357 
#module 94 size: 4 bs: 0.665666
2914 3830 4530 8499 
#module 95 size: 8 bs: 0.724862
1936 2204 3408 4984 5252 6482 6526 8750 
#module 96 size: 4 bs: 0.762463
5107 5655 8627 9734 
#module 97 size: 7 bs: 0.779075
1445 3058 3544 4840 5006 8535 12880 
#module 98 size: 5 bs: 0.77848
1865 2077 3110 3398 4119 
#module 99 size: 7 bs: 1.01593
1147 1331 2146 4122 4417 7372 8597 
#module 100 size: 8 bs: 0.40563
1333 2541 3836 6171 6382 8556 9327 9450 
#module 101 size: 9 bs: 0.554199
93 491 3035 3040 4070 4245 9873 10121 11840 
#module 102 size: 21 bs: 0.327367
227 583 650 707 1412 1513 1785 3121 3124 3393 3977 4018 4893 5093 7149 7373 8346 9629 9860 10346 12584 
#module 103 size: 17 bs: 0.884797
260 467 606 1149 4164 4930 5449 5606 6217 6245 6582 7615 7937 9211 9825 10544 12712 
#module 104 size: 8 bs: 1.05766
1527 3594 3785 4271 7898 8054 8673 10929 
#module 105 size: 5 bs: 0.774713
2228 4608 5154 5568 6325 
#module 106 size: 6 bs: 0.330806
369 902 1949 3548 4424 9336 
#module 107 size: 10 bs: 0.844293
964 1561 2645 3334 5063 5116 5487 8464 8839 9668 
#module 108 size: 9 bs: 0.152205
923 1193 2198 3213 3842 4839 5649 6460 7730 
#module 109 size: 6 bs: 0.253262
3808 5616 5929 8944 10679 12019 
#module 110 size: 5 bs: 0.319558
708 4032 4884 6712 7079 
#module 111 size: 7 bs: 0.721332
2251 2884 6067 6131 7842 8981 9256 
#module 112 size: 13 bs: 0.290783
1672 2373 3362 4429 5143 6398 6900 7514 7794 7871 9486 9811 10371 
#module 113 size: 11 bs: 0.140488
215 922 3039 4850 5098 7370 8098 8559 9309 9850 10899 
#module 114 size: 8 bs: 0.809848
2573 2739 2872 5740 7298 8636 9238 11209 
#module 115 size: 5 bs: 0.601604
814 1228 6484 7025 8646 
#module 116 size: 7 bs: 1.02614
3 2824 3713 6927 8029 11412 12726 
#module 117 size: 11 bs: 0.544247
820 2575 2856 3630 4062 6723 7447 8484 8818 9243 9671 
#module 118 size: 13 bs: 0.730234
347 560 866 882 1725 2574 2924 3277 4560 5189 7260 7367 10432 
#module 119 size: 14 bs: 0.580844
1733 1950 2341 2501 2516 2555 3409 3975 5765 6045 6359 7648 8042 10737 
#module 120 size: 4 bs: 0.442273
4022 4339 6254 10952 
#module 121 size: 3 bs: 0.686817
2967 9816 9981 
#module 122 size: 4 bs: 0.868686
3923 8759 9201 9460 
#module 123 size: 4 bs: 0.526323
152 4859 6425 8613 
#module 124 size: 5 bs: 1.02456
705 3108 4546 5602 11267 
#module 125 size: 7 bs: 0.956995
2012 2564 2656 5400 8711 10023 10722 
#module 126 size: 7 bs: 0.327016
1063 1912 6185 7067 7526 8385 11441 
#module 127 size: 17 bs: 0.599372
316 413 728 1153 1344 1738 2875 3626 4051 5951 6477 6566 6887 7610 8007 8247 8800 
#module 128 size: 23 bs: 0.426922
473 1764 2097 2510 2918 3187 3874 4465 4545 4989 5548 6107 6835 7337 7437 7571 8618 8845 9404 9790 9862 10448 11210 
#module 129 size: 7 bs: 0.711946
1444 1824 3339 6456 7991 9342 11163 
#module 130 size: 15 bs: 0.432547
293 1102 1650 2308 2689 3247 4781 5686 5922 5939 6158 6186 8878 9504 10671 
#module 131 size: 12 bs: 0.185172
1825 2660 3221 4048 4374 4959 5038 5158 6567 6965 7411 10316 
#module 132 size: 41 bs: 0.722572
40 1175 1409 1519 1913 2125 2164 2184 2378 2465 2592 3023 3319 3428 3728 3766 4855 5138 5520 5577 5852 5986 6013 6033 6086 6149 6827 7087 7413 7828 8272 8346 8588 8741 8853 9019 9679 9741 9836 10298 12641 
#module 133 size: 5 bs: 0.27794
1346 2132 3680 6848 8264 
#module 134 size: 15 bs: 0.678788
832 1188 1435 1476 3353 3432 4922 4986 7288 8112 8422 9577 10568 10785 10864 
#module 135 size: 13 bs: 0.456928
972 1520 1681 2073 2604 5416 6120 6437 7710 8246 8401 9488 10119 
#module 136 size: 7 bs: 0.783067
29 1653 2333 5267 6328 8089 10826 
#module 137 size: 8 bs: 0.507208
571 584 1204 1782 3825 5810 8857 11410 
#module 138 size: 15 bs: 0.809814
613 691 761 1106 3477 3794 3817 4244 4976 5056 5446 5823 7543 8376 10933 
#module 139 size: 13 bs: 0.726764
52 858 909 2268 3004 3046 3741 4462 4572 6341 6710 7491 9517 
#module 140 size: 39 bs: 0.897567
899 1156 1190 1430 1726 2563 3279 3440 3508 3791 3878 3962 4326 4613 4707 5051 5146 5157 5246 5377 5459 6514 6599 6616 7406 7651 7719 7941 9127 9274 9604 9635 9709 9740 10256 10355 10472 11150 11513 
#module 141 size: 3 bs: 0.634612
3681 3840 4533 
#module 142 size: 5 bs: 0.406166
61 1502 3104 4231 11011 
#module 143 size: 8 bs: 0.320503
1745 4139 6560 7300 7379 9151 9960 10870 
#module 144 size: 7 bs: 0.12537
3151 4180 4356 5412 10844 11010 11220 
#module 145 size: 3 bs: 0.284985
4133 6671 9978 
#module 146 size: 6 bs: 0.571115
594 5302 5399 5516 6300 7498 
#module 147 size: 5 bs: 0.97643
941 1507 2640 7563 8927 
#module 148 size: 15 bs: 0.762688
5 1717 4150 5794 6203 8538 9326 9526 9644 10087 10174 10220 10266 10392 11139 
#module 149 size: 11 bs: 0.403109
1176 1465 1998 2267 2868 3552 3571 3812 4344 5969 6130 
#module 150 size: 6 bs: 1.08593
361 1005 5780 6524 7557 10242 
#module 151 size: 10 bs: 0.660986
913 2111 2241 5086 6370 8145 9682 9745 9865 12636 
#module 152 size: 7 bs: 0.193469
1276 3208 3308 4347 4732 4800 10627 
#module 153 size: 7 bs: 0.607882
4268 4272 4810 6704 7051 9698 11016 
#module 154 size: 7 bs: 0.83023
335 2177 7673 8119 9753 10460 10576 
#module 155 size: 15 bs: 0.813946
824 1180 1261 1473 1571 4457 4860 4870 5475 6017 6262 6709 8496 9305 10754 
#module 156 size: 16 bs: 0.504001
392 2280 2647 3543 4273 5170 5180 5208 6174 6702 7080 7343 7885 8055 8504 9157 
#module 157 size: 20 bs: 0.295456
21 1390 2117 2454 2818 2820 3970 4512 5345 5770 6249 6807 6973 7252 7865 8405 9578 9819 10560 10972 
#module 158 size: 7 bs: 0.829645
1241 3076 5410 8950 9324 9605 10206 
#module 159 size: 3 bs: 0.444499
7277 9033 10317 
#module 160 size: 4 bs: 0.42687
365 3432 7568 7670 
#module 161 size: 6 bs: 0.73302
1025 2821 3180 3631 4152 6298 
#module 162 size: 4 bs: 0.658399
271 1622 1975 5015 
#module 163 size: 4 bs: 0.999669
2791 5425 5462 11124 
#module 164 size: 19 bs: 0.200958
256 592 1517 3264 3275 4236 5367 5470 6327 6560 6960 8019 9030 9046 9521 10404 10863 11092 12605 
#module 165 size: 6 bs: 0.581061
1433 3876 4729 7684 10225 11012 
#module 166 size: 27 bs: 0.918703
174 1024 1073 1492 1503 1811 2072 2475 2600 3005 3168 3203 3316 3514 3550 5091 5866 6744 7426 7668 7909 8242 8570 9173 9223 10376 11005 
#module 167 size: 4 bs: 0.756833
929 2835 3495 5560 
#module 168 size: 5 bs: 0.939358
932 1880 5995 8648 9494 
#module 169 size: 15 bs: 0.881754
184 1079 1093 2214 2882 3112 3131 4946 5366 7336 7408 8877 10197 10947 11209 
#module 170 size: 5 bs: 0.311807
85 1498 1653 8181 8642 
#module 171 size: 9 bs: 0.402674
2598 2726 4848 5759 6028 8686 8769 9284 11255 
#module 172 size: 8 bs: 0.929371
135 1485 1730 5227 8959 9784 10248 10839 
#module 173 size: 4 bs: 0.251701
2760 5393 6148 6358 
#module 174 size: 4 bs: 0.285747
1999 6459 6655 10347 
#module 175 size: 4 bs: 0.991387
6071 6543 7046 7309 
#module 176 size: 7 bs: 0.414023
310 1360 2036 7229 7683 8889 8968 
#module 177 size: 7 bs: 0.930882
1539 1721 4907 5160 6804 9149 9673 
#module 178 size: 12 bs: 0.706934
535 2899 3499 4616 6235 7169 7467 8031 9147 9348 9753 10166 
#module 179 size: 8 bs: 1.04288
1113 1416 1488 1896 3505 3631 6466 8775 
#module 180 size: 8 bs: 0.990821
319 2275 2466 5707 7023 8111 8563 10533 
#module 181 size: 6 bs: 0.279099
1929 2088 5718 5925 6385 7091 
#module 182 size: 8 bs: 0.239482
3720 4550 5340 5497 6554 10403 10976 13055 
#module 183 size: 11 bs: 0.674269
791 960 1509 6087 6166 6231 7251 7504 9637 10024 10386 
#module 184 size: 4 bs: 0.969141
1114 4315 8082 10602 
#module 185 size: 6 bs: 0.624249
667 679 2700 3608 6892 8814 
#module 186 size: 7 bs: 0.510001
539 1135 1609 4395 6391 6899 10819 
#module 187 size: 16 bs: 0.993485
53 834 975 1391 2548 5128 5360 6210 7176 7435 8987 9675 9843 10546 10684 10978 
#module 188 size: 3 bs: 0.118864
6752 7596 8308 
#module 189 size: 15 bs: 0.86358
610 720 3450 3651 4028 4820 6324 6794 7707 8605 9232 9325 10584 10830 11413 
#module 190 size: 5 bs: 0.207942
3375 3470 5646 9806 9966 
#module 191 size: 10 bs: 0.353887
702 1354 1613 2649 7099 7966 8365 10271 10325 10619 
#module 192 size: 13 bs: 0.871991
1243 1808 1843 2493 3527 3693 3986 4698 5225 5278 7095 7133 9144 
#module 193 size: 7 bs: 0.129737
1335 1939 3927 4237 5295 6693 7469 
#module 194 size: 12 bs: 0.912295
1184 1423 2030 2564 2585 3465 4310 5021 5266 6476 10097 10593 
#module 195 size: 8 bs: 0.852773
1161 2990 3436 5064 5784 5900 6307 8721 
#module 196 size: 9 bs: 0.298866
1027 3503 6297 8349 9852 10287 10425 10746 10802 
#module 197 size: 22 bs: 0.83048
211 485 493 494 699 1486 1606 1842 1853 2991 3138 3167 3291 3822 4178 5216 5704 6264 7709 9658 9680 10920 
#module 198 size: 25 bs: 0.518189
476 939 1036 1058 1511 2050 2644 3161 3256 3896 3989 4298 4328 4547 4734 5323 5752 6414 6864 7159 7716 9743 10120 10555 11385 
#module 199 size: 14 bs: 0.55996
276 388 2007 2694 2717 3156 3217 3852 4880 5763 7289 8330 10315 10443 
#module 200 size: 9 bs: 0.680911
267 3584 4532 4879 5658 6475 7141 7755 9221 
#module 201 size: 3 bs: 0.215241
143 1635 7423 
#module 202 size: 26 bs: 0.981156
371 459 614 670 910 1155 1531 1722 1985 2193 2207 3910 4564 5206 5837 5965 7230 7432 7579 7606 8045 9152 9652 10130 10140 10847 
#module 203 size: 14 bs: 0.124287
3350 4425 4634 4711 5120 6065 7458 7517 7942 8257 8488 9142 9587 9751 
#module 204 size: 64 bs: 0.993327
67 623 665 914 930 952 1194 1604 1649 1766 1787 1951 2167 2425 2670 2786 2909 2981 3137 3238 3510 3588 3632 3998 4163 4297 4794 4991 5186 5196 5395 5426 5603 5851 6404 6447 6463 6505 6577 6729 7322 7548 7805 7856 7928 8011 8024 8236 8267 8521 8664 9032 9041 9174 9360 9487 10088 10566 10861 11014 11113 11231 11643 11936 
#module 205 size: 7 bs: 0.652958
984 3553 3776 4393 9795 10910 11705 
#module 206 size: 14 bs: 0.764132
1690 1741 2533 2807 3015 3373 3704 6344 7077 7391 7819 8084 9265 10895 
#module 207 size: 8 bs: 1.03539
2684 5288 7674 7835 9538 9594 11448 12228 
#module 208 size: 8 bs: 0.437829
768 1453 1732 1865 2371 3813 7448 8332 
#module 209 size: 11 bs: 0.974556
2225 2437 3659 5592 6177 6433 6877 7398 8942 10505 11099 
#module 210 size: 13 bs: 0.761286
334 640 1941 3081 3159 3524 4629 4721 5289 7669 7866 8214 8697 
#module 211 size: 8 bs: 0.940101
2623 3155 3865 5688 6062 6947 7565 8683 
#module 212 size: 6 bs: 0.972186
1200 1667 1781 2118 2810 8891 
#module 213 size: 11 bs: 0.159329
481 3133 3235 3777 5197 5639 5694 6392 8725 10076 10669 
#module 214 size: 11 bs: 0.616684
302 633 5762 5895 7775 8130 10196 10360 10710 11395 11481 
#module 215 size: 8 bs: 0.540021
880 1213 1627 4562 5892 6465 9476 9799 
#module 216 size: 6 bs: 0.903007
2622 3365 3432 5423 8757 10622 
#module 217 size: 6 bs: 0.711212
2026 3837 3990 4062 5020 5474 
#module 218 size: 60 bs: 0.238039
139 447 900 938 1068 1080 1426 1840 1922 2094 2290 2292 2359 2512 2787 3252 3270 3412 3733 3938 4042 4083 4109 4293 4515 4696 4864 4924 4939 5073 5254 5364 5374 6196 6233 6369 6722 6881 7120 7239 7325 7388 7393 7449 7807 7844 7894 7896 7940 8093 8207 8222 8262 8331 9294 9422 10213 10331 10458 12249 
#module 219 size: 6 bs: 0.44714
3158 4024 5698 7032 8384 10477 
#module 220 size: 6 bs: 0.698327
8586 8940 9009 9206 10082 10201 
#module 221 size: 5 bs: 1.04898
1034 2508 9400 10613 10727 
#module 222 size: 10 bs: 0.552643
986 3340 5407 6165 6657 7992 8194 9810 10230 10558 
#module 223 size: 15 bs: 0.332547
182 2519 3089 3581 3895 4472 4475 5349 5881 6002 6258 6597 6857 6862 6914 
#module 224 size: 8 bs: 1.0497
329 986 1655 3866 4237 4586 5371 5976 
#module 225 size: 9 bs: 0.64132
239 394 931 1450 1973 3521 9961 10175 10360 
#module 226 size: 18 bs: 0.673816
636 1795 2178 2450 2850 2976 3114 3260 3916 4203 4380 4444 6386 6865 7134 7936 8026 10854 
#module 227 size: 4 bs: 0.272779
23 5387 6688 8630 
#module 228 size: 6 bs: 0.93158
36 1981 3095 3155 6826 7469 
#module 229 size: 5 bs: 0.409495
271 1148 1398 5848 8576 
#module 230 size: 15 bs: 0.244926
885 1624 1696 2885 3085 3209 5273 5548 6175 6270 6993 7220 8468 8877 9681 
#module 231 size: 3 bs: 0.228471
1708 2565 4484 
#module 232 size: 7 bs: 0.926867
13 1551 3019 4770 6113 6784 8933 
#module 233 size: 9 bs: 0.934207
1029 1039 3046 8077 8135 8717 9099 9570 11678 
#module 234 size: 12 bs: 1.03308
263 870 1614 2718 3993 4722 7715 8717 8990 10080 10286 11006 
#module 235 size: 21 bs: 0.744472
569 933 1532 1657 2194 2947 3008 3216 3294 3399 3920 3922 3965 4518 5022 6536 6873 6874 7218 7468 10367 
#module 236 size: 21 bs: 0.727749
988 1944 2620 3803 4047 4172 4523 4541 5816 6018 6206 6748 6786 7021 7128 7454 8468 8676 9492 10164 10753 
#module 237 size: 5 bs: 0.371924
1758 3349 3461 3505 7147 
#module 238 size: 10 bs: 0.478054
1669 2572 3129 3248 5591 5827 6645 7804 8923 10574 
#module 239 size: 26 bs: 0.941694
424 642 649 956 1142 1240 2247 2310 3436 3703 4035 5175 5241 5784 6176 6437 7622 8304 8386 8508 8701 9083 9139 9662 9901 10532 
#module 240 size: 6 bs: 0.340565
1359 1876 5066 5872 6486 6895 
#module 241 size: 7 bs: 0.538517
26 4573 8404 8480 9115 10884 11540 
#module 242 size: 13 bs: 0.635738
709 1490 1918 3345 3924 4075 4841 5096 5434 5607 6575 6658 10231 
#module 243 size: 9 bs: 0.895282
515 1530 4575 4831 5358 5421 7564 9161 10168 
#module 244 size: 6 bs: 0.21711
486 1150 1912 3837 8083 8932 
#module 245 size: 19 bs: 0.644611
1110 1328 1360 1569 1812 2082 3157 4154 4407 5429 5549 7386 7810 8230 8420 8610 8765 10010 10618 
#module 246 size: 8 bs: 0.485704
1992 2822 6705 8036 8985 9114 10091 11400 
#module 247 size: 4 bs: 0.999089
2049 3338 9242 9536 
#module 248 size: 13 bs: 0.699461
1601 3425 3580 3646 4244 6147 6366 6607 7009 7324 8416 8761 10981 
#module 249 size: 9 bs: 0.246402
1537 2286 2324 2805 4804 4963 7078 7105 7917 
#module 250 size: 13 bs: 0.29159
565 2436 2525 4050 5103 5454 5829 5946 6039 7148 7680 10053 11171 
#module 251 size: 21 bs: 0.764666
381 689 966 1014 1088 1466 1479 1489 1878 3297 3459 3516 4415 6161 6399 6821 7904 8249 8571 9969 10449 
#module 252 size: 8 bs: 0.494677
724 2658 3971 4259 4823 5781 6209 6863 
#module 253 size: 14 bs: 0.830246
137 2385 2397 2942 3497 3540 3940 4159 4543 5467 7888 8640 9070 11134 
#module 254 size: 10 bs: 0.272303
3194 3332 3599 3995 6046 6772 7126 7826 8122 10889 
#module 255 size: 12 bs: 0.790452
1028 3341 4161 5743 6011 6235 6567 8206 8800 9954 10031 11228 
#module 256 size: 5 bs: 1.03914
1139 3211 8800 8852 10660 
#module 257 size: 7 bs: 0.55455
188 497 1114 3053 4076 8048 8716 
#module 258 size: 11 bs: 0.787527
25 1170 1940 2839 2933 5379 8461 9364 9695 10020 11074 
#module 259 size: 9 bs: 0.706053
3042 3959 4170 5378 6564 7193 7247 9267 10628 
#module 260 size: 30 bs: 0.223414
106 434 1332 1557 2538 3385 3997 4102 4140 4337 4655 5411 5689 5724 5744 6094 6257 6334 6361 6396 6614 6672 7286 7529 8843 9011 9752 9984 10680 10897 
#module 261 size: 8 bs: 0.187133
176 1645 2035 2586 3982 4815 5155 7478 
#module 262 size: 17 bs: 0.589798
30 1633 3831 4363 4704 4798 5080 5819 8361 8867 10218 10940 10959 10962 10969 11405 12506 
#module 263 size: 10 bs: 0.376826
468 527 5555 6626 6897 7019 7870 9929 10636 10849 
#module 264 size: 8 bs: 0.544774
102 2165 2655 4195 6746 7555 7711 10873 
#module 265 size: 25 bs: 0.599813
3 961 1759 1911 2043 3263 3899 5322 5463 5571 5766 6141 6265 6420 6454 6613 6768 7903 8253 8378 8858 9767 10198 10967 12756 
#module 266 size: 12 bs: 1.00534
3110 5122 5171 5239 5621 5918 6326 6660 8894 9524 11021 11602 
#module 267 size: 51 bs: 1.09786
201 1275 1508 1553 2080 2240 2331 2621 2638 2766 2770 2779 2993 3301 3818 3947 4167 4520 5253 5430 5594 5797 6627 6673 6725 6845 7181 7394 7621 7655 8035 8474 8518 8572 8670 8681 9025 9037 9130 9184 9253 9454 10114 10482 10506 10538 10616 10998 11087 11111 11219 
#module 268 size: 25 bs: 0.804946
587 1013 1227 1875 2419 2593 2980 3402 3404 3698 4217 4895 5580 6580 6919 6978 7034 8797 9158 9188 9390 9999 10789 10996 11023 
#module 269 size: 14 bs: 0.80733
574 901 983 1103 1195 1305 1863 3547 4588 5761 6852 6876 8369 11551 
#module 270 size: 10 bs: 0.142391
177 511 792 3851 3925 5061 6089 7110 9332 10222 
#module 271 size: 22 bs: 0.901478
765 1328 2259 2666 3376 3482 3506 3673 3757 3974 3976 4903 4990 5494 7647 7662 8240 8336 8457 8752 9433 10735 
#module 272 size: 11 bs: 0.880762
14 4223 5036 5178 5868 6054 6323 6545 9015 9164 10192 
#module 273 size: 6 bs: 0.878966
2101 7399 8118 8869 10598 11699 
#module 274 size: 13 bs: 0.898216
389 786 1659 3092 3753 3900 5391 7328 7502 7681 8056 8283 10985 
#module 275 size: 9 bs: 0.115244
3195 3310 3562 5012 5547 6663 6907 8978 8980 
#module 276 size: 7 bs: 1.02182
196 710 1315 2741 6535 8913 9327 
#module 277 size: 5 bs: 0.842712
2030 2352 5976 7447 9914 
#module 278 size: 7 bs: 0.951229
1081 5545 5697 5769 6466 8662 8773 
#module 279 size: 8 bs: 1.01142
1757 4071 4881 4961 5888 6229 7165 9573 
#module 280 size: 5 bs: 0.367343
492 1874 3575 3828 6209 
#module 281 size: 12 bs: 0.554264
1415 1721 3839 4156 4624 7412 8234 8565 9068 10083 10146 11215 
#module 282 size: 13 bs: 0.36078
1203 2426 2624 3644 4202 5121 6256 6774 7084 7717 8525 8529 9259 
#module 283 size: 4 bs: 0.153571
2487 2494 3226 3867 
#module 284 size: 11 bs: 0.715245
1678 1900 2163 3026 7418 7575 8647 9298 9701 11009 11027 
#module 285 size: 21 bs: 0.32331
994 1822 2277 2353 2395 2524 3188 3192 3684 3744 4412 5996 6875 6986 8010 8374 8384 9413 10165 11216 11712 
#module 286 size: 7 bs: 1.0994
1393 1666 3031 3101 9931 10887 11157 
#module 287 size: 14 bs: 0.673604
228 299 3414 3432 4659 5276 5304 5659 7799 8481 8737 9838 10178 10491 
#module 288 size: 4 bs: 1.04826
354 5300 9013 10173 
#module 289 size: 5 bs: 0.667822
1415 1573 3455 6418 8175 
#module 290 size: 3 bs: 0.758381
5347 6374 10687 
#module 291 size: 12 bs: 0.630174
860 945 1566 1789 3112 5268 5511 6437 7438 7546 8394 9356 
#module 292 size: 17 bs: 0.508925
96 217 304 713 1132 1336 1580 3130 4056 4115 4481 6872 7287 9220 9774 10022 10629 
#module 293 size: 25 bs: 0.768955
558 963 976 1212 1369 1597 1677 1882 2653 3135 3198 3209 3471 3601 4141 4781 5901 6079 7227 7816 8219 9276 9688 10147 10853 
#module 294 size: 10 bs: 0.315211
1415 1584 2149 2969 3748 3784 6772 7007 7889 9457 
#module 295 size: 5 bs: 0.534817
3469 3617 7936 10925 12944 
#module 296 size: 35 bs: 0.558785
72 214 694 783 903 1443 1720 1827 2462 2557 3386 3424 3554 3576 3663 3755 3810 4319 4470 4500 4571 5390 5432 6367 6544 7083 7182 7253 8367 8727 9423 9656 9793 10736 10942 
#module 297 size: 4 bs: 0.838685
3725 7547 8910 9403 
#module 298 size: 15 bs: 0.975496
412 856 1247 1924 2147 2714 2729 3132 4692 4807 6484 8749 8794 10399 10778 
#module 299 size: 9 bs: 0.391021
883 1414 1969 3423 5466 7319 9945 9955 10077 
#module 300 size: 14 bs: 0.866858
1054 1134 1646 1731 2435 2742 3420 3626 4025 4448 5635 5997 6442 8406 
#module 301 size: 7 bs: 0.461681
981 1988 3366 5167 5677 9518 10122 
#module 302 size: 5 bs: 0.609742
1144 1237 6943 8907 9466 
#module 303 size: 9 bs: 0.880691
462 505 768 2438 2785 4208 5903 6426 7228 
#module 304 size: 6 bs: 0.286104
4002 4795 9551 9689 10377 10415 
#module 305 size: 11 bs: 0.144559
1443 2696 4308 4781 4822 6266 7083 7899 8266 9858 10844 
#module 306 size: 3 bs: 0.273901
5478 5561 5614 
#module 307 size: 3 bs: 0.143631
1319 2256 10048 
#module 308 size: 9 bs: 0.490441
921 3453 3789 4220 4314 5479 6924 7404 12494 
#module 309 size: 15 bs: 0.895666
124 586 1081 3389 3684 4286 5036 5817 6407 6437 6654 8001 8462 10993 11245 
#module 310 size: 24 bs: 0.338964
548 1300 1500 1598 1610 2269 2527 3189 3401 3439 3634 4361 4993 5168 5764 6496 7015 7069 7112 7699 8608 9667 10306 10706 
#module 311 size: 4 bs: 0.515776
530 2764 3697 9386 
#module 312 size: 30 bs: 0.817037
64 116 190 330 1565 1572 1805 1852 2513 3299 3411 3494 5557 5593 6251 6273 6761 7032 7364 7663 7740 8297 8851 9138 9216 9456 9584 9612 9759 10883 
#module 313 size: 24 bs: 0.201094
292 553 945 1342 2209 2299 3994 4059 4498 4733 4789 4866 4968 5650 5980 6052 6434 6720 7438 8015 8970 8984 10233 12475 
#module 314 size: 9 bs: 0.632964
771 1599 3122 5133 6465 6982 8300 10776 10955 
#module 315 size: 14 bs: 0.793896
518 562 1065 3169 3233 3561 3870 4212 5508 7005 7926 7930 8656 10780 
#module 316 size: 12 bs: 0.74371
1628 2123 5306 6078 6734 6831 7047 7972 8968 9579 10504 11962 
#module 317 size: 3 bs: 0.449649
1832 4357 8238 
#module 318 size: 4 bs: 0.440733
2048 5294 6756 10439 
#module 319 size: 10 bs: 1.04674
1857 2489 2564 3855 5768 5877 6050 6457 7664 8443 
#module 320 size: 18 bs: 0.536602
194 344 876 1003 1644 1758 1989 3204 4411 4595 5745 6276 6830 7166 7482 8208 9297 12590 
#module 321 size: 12 bs: 0.626739
700 1265 1780 2347 3631 3884 5820 7145 7854 8034 8127 9202 
#module 322 size: 18 bs: 0.490597
37 1330 1838 2896 3705 3971 4382 4548 5904 6659 7417 7538 7572 8133 8225 8356 9115 10303 
#module 323 size: 4 bs: 0.407722
811 2148 2284 10964 
#module 324 size: 8 bs: 0.379011
882 1134 3191 4563 7769 8608 10128 10381 
#module 325 size: 9 bs: 0.754685
183 3395 5005 6032 7447 8503 9334 11272 13003 
#module 326 size: 22 bs: 0.197809
31 522 554 681 1385 1784 1946 2002 2076 4796 5055 5443 5551 5553 7049 7123 7316 7633 8833 9058 9473 10717 
#module 327 size: 9 bs: 0.456296
28 3889 5019 5760 8428 8614 10334 10481 10559 
#module 328 size: 11 bs: 0.32001
1866 2646 3180 4093 4723 5191 7383 7469 8403 10058 11100 
#module 329 size: 4 bs: 0.545958
3093 3985 6921 10842 
#module 330 size: 20 bs: 0.831406
974 1050 1514 1540 1700 1788 3486 3772 4400 5779 5811 6375 6548 7666 7790 7876 8000 10115 10769 10945 
#module 331 size: 12 bs: 1.03991
999 1794 2142 2545 4166 4301 5174 5274 5361 6126 9179 10919 
#module 332 size: 28 bs: 0.869339
136 264 307 784 1277 1440 1518 1632 2340 2893 3417 3678 4969 5923 6349 6841 7416 7614 7750 8278 8593 8937 9316 9495 9539 10620 10754 12545 
#module 333 size: 59 bs: 0.729458
318 1260 1356 1363 1728 1889 2129 2391 2612 3326 3500 3570 3667 3682 3718 3936 3987 4142 4311 4503 4507 4647 4787 4824 4890 5099 5130 5354 5384 5406 5501 5741 5874 5911 6283 6669 6721 6850 7419 7584 8148 8513 8712 9134 9269 9589 9616 9683 9820 9957 10470 10827 10974 11000 11112 11367 11443 12899 12949 
#module 334 size: 33 bs: 0.876808
39 537 907 1238 1558 2300 2580 3600 4172 4174 4917 5184 5510 5882 6041 6593 6652 7226 7241 7330 7608 7985 8191 8439 8473 9371 9501 9771 9992 10416 10611 10682 11429 
#module 335 size: 7 bs: 0.262635
2003 2354 2675 3298 3607 7267 9088 
#module 336 size: 5 bs: 1.0068
1401 1817 2804 6151 7116 
#module 337 size: 17 bs: 0.453863
1441 3344 3769 4171 4269 4328 4534 4841 5071 5525 6333 6422 6804 7221 7266 8773 10966 
#module 338 size: 7 bs: 0.979987
309 1702 3206 4631 8229 8296 9695 
#module 339 size: 3 bs: 0.919771
1916 4469 7303 
#module 340 size: 16 bs: 1.05442
109 683 2124 2483 4597 4683 6134 7203 7307 7522 8133 8847 9382 10224 10378 10473 
#module 341 size: 4 bs: 0.194524
778 4243 4785 6443 
#module 342 size: 5 bs: 0.498918
339 466 868 3807 8776 
#module 343 size: 28 bs: 0.249284
86 153 853 3410 4069 4473 4543 4811 5858 6134 6137 6197 6739 6931 7133 7299 7329 7376 7839 7966 8114 8332 8874 8982 9167 9995 10273 10791 
#module 344 size: 12 bs: 0.15374
427 1183 1330 2636 4437 5188 5221 6093 6290 6706 8144 10245 
#module 345 size: 10 bs: 0.35338
1312 3699 4691 5212 7262 7912 8671 9540 9943 11338 
#module 346 size: 14 bs: 0.681646
787 1071 1577 3819 3996 4373 5652 5743 5869 6062 6691 9224 10732 11428 
#module 347 size: 7 bs: 0.984961
141 1468 1520 2837 4677 8971 10869 
#module 348 size: 12 bs: 0.679163
581 1429 2550 3786 4865 5683 6070 6516 10535 10857 10992 11026 
#module 349 size: 9 bs: 0.22108
1099 1116 4128 6180 6412 6948 7493 9498 10638 
#module 350 size: 7 bs: 1.00695
3464 3489 7089 7986 9162 10808 11207 
#module 351 size: 17 bs: 0.309878
600 1200 1303 1377 1750 3074 5052 5296 5921 6051 6956 7022 7691 8333 8383 9027 9747 
#module 352 size: 12 bs: 0.635842
77 557 2618 3946 4116 4368 6024 6080 6485 6611 6941 10374 
#module 353 size: 6 bs: 0.999239
1763 5705 7368 8241 8380 8661 
#module 354 size: 8 bs: 0.101438
1541 1561 2044 3690 5281 7032 7377 9525 
#module 355 size: 22 bs: 0.113745
60 242 648 1274 1347 1460 3775 3969 4949 5285 5576 5634 6932 7113 7978 8009 8955 9087 9851 10124 10508 11073 
#module 356 size: 17 bs: 0.381889
1243 1316 1330 1887 2001 2493 2609 3107 3527 5307 7932 8203 8318 8695 9419 10172 10267 
#module 357 size: 6 bs: 0.487451
1270 1447 2110 5259 5348 7420 
#module 358 size: 5 bs: 0.303418
1469 4642 5641 5695 8666 
#module 359 size: 28 bs: 0.217114
243 320 439 657 1835 2098 2304 2356 3130 5209 5350 5660 5696 5717 5950 6833 7434 7921 8125 8216 8260 8989 9591 9979 10029 10447 10569 11708 
#module 360 size: 13 bs: 0.354093
343 653 1114 1287 2013 3692 4358 5261 5840 6063 7258 7963 8641 
#module 361 size: 18 bs: 0.538398
359 1349 3641 3650 3730 4219 4726 6215 6255 6424 6974 7054 7808 8732 8961 9991 10293 11239 
#module 362 size: 14 bs: 0.84261
1697 2730 3312 3609 4471 6868 6923 7689 7759 7929 8554 10617 10712 10763 
#module 363 size: 53 bs: 0.298206
237 575 790 1269 1914 2181 2223 2314 2351 2522 2558 2828 3025 3037 3433 3501 3573 3618 3774 3859 4117 4131 4510 4971 5250 5438 5447 5486 5624 5747 5913 6216 6764 7014 7511 7583 7591 7629 7862 7916 8864 9396 9650 9728 9881 10017 10086 10162 10453 10678 10770 10970 11135 
#module 364 size: 16 bs: 1.04091
368 1538 4760 5372 5562 5669 5953 6202 6562 7151 7616 8274 8998 9266 9333 13018 
#module 365 size: 22 bs: 0.41823
676 893 1048 2008 2274 2830 3063 3655 3999 4982 5398 6346 7851 8295 8351 8493 8888 10116 10200 10405 10518 10725 
#module 366 size: 39 bs: 0.704852
41 314 620 973 1244 1343 1352 2677 3463 3665 4072 4216 4537 4554 5151 5193 5351 5512 5556 5632 5665 5898 6052 6098 6432 6578 6590 6922 6990 7527 8038 8205 9077 9678 9921 11106 11162 11435 12495 
#module 367 size: 82 bs: 0.804479
47 120 333 433 458 480 842 894 895 1008 1137 1418 1552 1559 1661 2042 2552 2625 2668 2926 2999 3178 3293 3396 3540 3660 3668 3826 3863 3915 3964 4007 4052 4061 4327 4369 4428 4449 4542 4580 4752 4784 4837 4845 5099 5386 6016 6123 6199 6222 6591 6600 6601 6675 6750 6984 7087 7156 7317 7505 7623 7817 8485 8684 8908 8918 9047 9368 9720 9783 9841 9906 9959 10182 10327 10359 10490 10523 10956 12125 12642 12746 
#module 368 size: 10 bs: 0.745217
322 2449 3724 5356 5577 5880 6664 7996 8931 10821 
#module 369 size: 9 bs: 0.62163
1425 4846 5036 7511 7540 8195 8323 8580 9948 
#module 370 size: 40 bs: 0.194362
166 270 715 1626 2028 2691 2699 2838 2889 3236 3244 3382 3829 3835 3898 4143 4338 4577 4610 5526 5554 5867 6058 6523 7470 7723 8142 8299 8582 8672 8706 8728 8817 9007 9049 9919 10564 10944 11108 12003 
#module 371 size: 9 bs: 0.210116
2254 5399 5466 7129 7319 8566 9159 10077 10596 
#module 372 size: 7 bs: 0.291628
2627 4112 4768 5284 8760 8777 8912 
#module 373 size: 5 bs: 0.392382
3062 4353 5796 7261 10711 
#module 374 size: 14 bs: 0.325447
69 598 763 860 989 1267 1634 3113 3751 5876 6064 7770 9295 10434 
#module 375 size: 4 bs: 0.762347
2584 2777 6898 7789 
#module 376 size: 12 bs: 0.409043
654 806 3333 3820 4198 5455 5890 5948 6918 7153 7703 9625 
#module 377 size: 16 bs: 0.164243
2808 3239 3798 4527 4661 5389 5710 5983 5989 7452 7554 8212 9143 9737 10970 12725 
#module 378 size: 11 bs: 0.331659
1405 2799 4123 4296 5344 5620 6979 7188 8434 8598 8659 
#module 379 size: 14 bs: 0.610902
1487 1689 2121 2239 2674 3456 5367 5622 5800 6558 8008 8339 8462 10688 
#module 380 size: 21 bs: 0.334284
812 2138 2432 2442 3756 4037 4662 4975 5104 5362 5382 5586 5610 5870 5931 6687 7311 8065 9890 9964 11079 
#module 381 size: 24 bs: 0.351218
655 2046 2366 2577 2665 2743 3413 3460 3484 3796 4068 4182 5194 5339 5440 5451 5565 5570 6445 8163 8986 9477 9502 10094 
#module 382 size: 5 bs: 0.380777
1231 4955 5656 9092 12591 
#module 383 size: 15 bs: 0.588526
508 593 1041 1127 1297 2851 3123 4549 4678 6164 6791 7656 7814 9116 12639 
#module 384 size: 23 bs: 0.333034
374 3020 3060 5342 5732 6208 6569 6717 6748 7549 7724 8178 8293 8451 8562 8983 9560 9791 10612 11095 11364 11369 12652 
#module 385 size: 27 bs: 0.187388
678 1096 1310 1616 1715 1859 2107 2199 2236 2357 2845 2894 3193 3614 3854 4480 4685 4756 5331 5984 6839 7910 7927 8189 8963 9514 9941 
#module 386 size: 23 bs: 0.722749
180 629 649 2075 2376 2897 3121 3179 4606 4801 5511 6828 7290 7409 7659 8158 8360 9110 9198 9289 9485 11701 11980 
#module 387 size: 24 bs: 0.691518
1100 1145 1293 1897 2128 2745 2775 3421 3847 3941 4043 4098 4132 4717 6499 6644 6957 7119 7960 8335 8339 9203 9924 10359 
#module 388 size: 5 bs: 0.11859
1665 4218 4447 7779 12790 
#module 389 size: 6 bs: 0.942871
1928 2506 6525 7713 7874 9630 
#module 390 size: 15 bs: 0.352556
1 58 1526 2971 3446 3805 4255 4882 6537 7934 8140 9934 10003 10902 12595 
#module 391 size: 11 bs: 0.308107
2380 2676 3739 3891 4521 5979 6211 7172 7342 7361 8116 
#module 392 size: 4 bs: 0.266528
5474 8305 8476 9319 
#module 393 size: 6 bs: 0.316947
4615 5631 5683 5982 6070 10343 
#module 394 size: 6 bs: 0.651502
2960 4435 4531 7679 8917 9571 
#module 395 size: 7 bs: 1.00282
171 2312 4643 6381 6451 11110 11703 
#module 396 size: 6 bs: 1.09659
209 3886 4582 6602 6879 8581 
#module 397 size: 26 bs: 1.08617
469 704 1010 1760 1803 1871 2108 2450 2972 3002 3877 4038 4213 4817 5369 5467 5665 6335 6395 6763 7365 7649 7859 9006 9286 10838 
#module 398 size: 8 bs: 1.07033
764 3109 5101 6861 7955 8628 9414 9990 
#module 399 size: 12 bs: 0.322623
1737 1898 2349 3567 4101 4196 5595 5885 6563 7297 8550 9695 
#module 400 size: 17 bs: 0.153264
210 3324 3740 4529 5275 5791 6936 7634 8259 8513 8815 9317 9833 10685 10813 10832 13065 
#module 401 size: 15 bs: 0.821969
937 1002 1294 1462 2337 2615 2695 3888 4318 4377 4599 5054 5687 6819 8466 
#module 402 size: 5 bs: 0.268122
1021 2568 5924 10934 12990 
#module 403 size: 5 bs: 0.779246
1281 2237 8788 10670 11018 
#module 404 size: 35 bs: 0.773365
6 272 446 513 534 1290 1651 1807 1831 1994 2488 3231 3458 3535 3536 3890 4861 5129 5265 5408 5630 6699 6867 7021 7122 7175 8131 8233 9040 9353 9436 9956 10079 10238 11031 
#module 405 size: 25 bs: 0.151304
108 495 624 847 1074 2619 3883 4256 4257 4651 4728 5240 5774 5836 6003 6305 6401 6506 6944 7275 7994 9125 9435 9601 10211 
#module 406 size: 11 bs: 0.887885
1352 1481 2235 2311 2427 3512 5142 5986 6188 6195 6817 
#module 407 size: 10 bs: 0.553421
1125 1874 2662 3024 5481 6527 6791 10475 10481 11571 
#module 408 size: 8 bs: 0.638861
2051 2255 2680 5046 5280 6478 8277 8674 
#module 409 size: 170 bs: 0.709246
529 800 807 823 843 893 896 959 1042 1163 1172 1189 1266 1286 1456 1482 1587 1595 1638 1743 1791 1816 1830 1877 1888 1895 1906 1908 1968 1970 1972 2008 2029 2079 2131 2206 2257 2265 2266 2365 2422 2446 2582 2589 2817 2871 2936 2956 2996 3001 3012 3147 3170 3222 3325 3379 3475 3603 3708 3857 4084 4108 4144 4238 4303 4352 4387 4486 4509 4519 4747 4766 4836 4851 4923 4964 4973 5008 5017 5135 5176 5320 5457 5476 5596 5625 5645 5648 5736 5838 5854 5886 5920 6042 6057 6124 6182 6286 6295 6339 6604 6617 6716 6766 6883 7031 7035 7075 7199 7209 7425 7459 7472 7483 7523 7525 7705 7803 7812 8074 8075 8137 8190 8275 8309 8377 8437 8453 8458 8475 8511 8672 8822 8999 9045 9075 9085 9307 9329 9345 9499 9516 9546 9561 9607 9672 9718 9744 9768 9976 10072 10096 10255 10383 10461 10502 10631 10635 10707 10713 10823 10837 10855 10990 11085 11130 11146 11552 12654 12902 
#module 410 size: 5 bs: 0.300214
1128 3432 4587 6643 8340 
#module 411 size: 15 bs: 0.119612
1017 1340 1535 3288 3352 5234 5906 6272 6987 7323 8289 9537 9813 9902 10320 
#module 412 size: 8 bs: 0.250114
2047 3637 7179 7501 8186 9195 9500 10624 
#module 413 size: 7 bs: 0.686924
1687 2984 4026 5202 7682 7712 9212 
#module 414 size: 20 bs: 1.09425
646 851 1226 1384 3134 3574 4158 4603 4834 5477 5626 6114 6606 7028 7344 8409 8791 9455 9831 10274 
#module 415 size: 6 bs: 1.01138
3843 6048 7310 7786 9172 9775 
#module 416 size: 26 bs: 0.474593
197 630 699 1107 1419 1458 2482 2778 2853 3057 3479 3546 4630 4842 5122 5139 5465 5942 6529 6647 7125 7347 8104 8357 10336 11119 
#module 417 size: 12 bs: 0.993731
1525 2945 4030 4207 4299 4812 5059 5541 5801 7823 8421 9566 
#module 418 size: 6 bs: 0.167725
1022 3652 4005 4124 5754 7936 
#module 419 size: 14 bs: 0.923727
622 1272 2172 2485 4426 5976 6801 7562 7597 8432 8531 9664 9694 9721 
#module 420 size: 17 bs: 0.470545
8 861 1127 1177 1459 2000 2650 3462 4039 4192 4335 6368 6970 9654 10522 11024 11556 
#module 421 size: 14 bs: 0.143008
95 1483 3030 3350 5037 5204 5581 5936 6012 8762 9525 9545 9569 10705 
#module 422 size: 6 bs: 0.397783
4193 6527 6589 6870 8160 10390 
#module 423 size: 16 bs: 0.517735
278 2451 3218 4000 4443 5267 5663 5806 6173 6540 6779 6787 9531 9845 10012 10496 
#module 424 size: 5 bs: 0.169018
878 1656 4810 6778 9553 
#module 425 size: 30 bs: 0.696804
1160 1586 2152 2490 2725 2988 3280 3763 3790 3958 4977 5035 5145 6468 6496 6964 7351 7378 8254 8371 9208 9893 9950 10208 10493 10514 10723 10922 12492 12527 
#module 426 size: 6 bs: 0.25986
2703 5896 6640 7334 7764 8372 
#module 427 size: 12 bs: 0.157252
150 1477 2941 4233 5053 5546 5771 5774 7446 8274 8840 10831 
#module 428 size: 5 bs: 1.06639
5002 5272 7013 8675 12933 
#module 429 size: 45 bs: 0.551626
472 991 1085 1499 1722 1729 2078 2150 2262 2313 2590 2727 2954 2998 3162 3422 3468 3566 3694 3907 4351 4499 5346 6110 6118 6400 6455 6799 7187 7240 7397 7652 7914 8321 8362 8935 9089 9343 9663 9967 10624 10637 10866 11069 11255 
#module 430 size: 9 bs: 0.219484
1044 1688 2433 4224 4972 6281 9071 9361 9536 
#module 431 size: 21 bs: 0.580079
265 1868 1987 2294 2384 3200 4721 5223 5947 6239 7315 7600 7799 7881 8850 8899 9197 9273 9944 10270 12652 
#module 432 size: 4 bs: 0.633754
836 6181 6438 12893 
#module 433 size: 3 bs: 0.237597
1229 6153 10937 
#module 434 size: 9 bs: 0.97515
598 782 1652 2125 2406 4262 8280 9365 9846 
#module 435 size: 14 bs: 0.954239
274 845 4252 5023 5385 5970 6661 7161 8271 8692 9453 9523 10433 10901 
#module 436 size: 8 bs: 0.765985
207 1101 3035 3639 5599 5951 6527 7744 
#module 437 size: 27 bs: 0.630528
488 879 1548 1809 1881 2126 2321 3186 3320 3645 3951 4129 4276 4451 4646 4838 5359 5491 7257 7456 7657 7706 7811 8071 9490 10075 10771 
#module 438 size: 4 bs: 0.933381
1415 2429 4381 6348 
#module 439 size: 8 bs: 0.469813
2946 3384 4064 4885 5397 6023 10349 10703 
#module 440 size: 11 bs: 0.425837
2526 3163 3292 4138 4504 4612 6190 7190 8369 8526 10209 
#module 441 size: 7 bs: 0.523835
1095 1724 1751 2473 7626 8953 9444 
#module 442 size: 7 bs: 0.658739
206 566 1076 3758 5949 6620 7238 
#module 443 size: 8 bs: 0.853365
927 2052 3781 3797 4736 6059 7183 9504 
#module 444 size: 5 bs: 0.50715
526 802 2281 3084 6291 
#module 445 size: 10 bs: 0.892811
15 366 1668 5672 5875 6674 8353 8599 9439 10171 
#module 446 size: 4 bs: 0.104748
33 1225 1919 2970 
#module 447 size: 11 bs: 0.746208
493 987 2528 2559 3100 5753 7688 8666 9061 9994 11088 
#module 448 size: 10 bs: 0.301406
1324 2517 4104 4665 4849 8382 9483 10276 10434 10750 
#module 449 size: 8 bs: 0.973351
49 1258 1861 3525 4014 7018 8107 10044 
#module 450 size: 13 bs: 0.756925
785 3101 3802 4633 6930 7264 8108 8324 9478 9884 10348 10859 11223 
#module 451 size: 13 bs: 1.04757
1054 1731 2145 2780 4523 4956 5853 6226 7146 7809 8221 9504 10982 
#module 452 size: 5 bs: 0.501767
1415 3088 3557 7237 9910 
#module 453 size: 5 bs: 0.437091
1339 7256 8837 10100 10223 
#module 454 size: 3 bs: 0.520428
2915 9135 9696 
#module 455 size: 19 bs: 0.758476
564 652 1396 1776 2346 2943 4176 4263 5283 5967 6021 6938 7133 7836 8915 9531 10344 10609 12170 
#module 456 size: 17 bs: 1.01957
99 541 578 2404 2543 2553 3323 3729 4221 4422 5236 5318 7582 8617 8841 10118 10215 
#module 457 size: 29 bs: 0.450427
225 2330 2361 2719 3750 3816 3950 4107 4383 4709 4902 5231 5490 5601 5792 5941 6000 6037 6102 7131 8302 8515 9192 9896 10913 10971 10977 11004 11007 
#module 458 size: 6 bs: 0.426741
379 888 1209 1262 3264 4828 
#module 459 size: 6 bs: 0.472437
908 2594 5537 7109 7471 10133 
#module 460 size: 16 bs: 0.379001
303 493 579 774 3706 4205 5465 5647 5831 5998 6778 6897 8008 9288 9427 9528 
#module 461 size: 12 bs: 0.941976
231 1231 1303 1377 2461 3787 7691 7864 8405 8569 9131 10238 
#module 462 size: 19 bs: 0.979052
1364 1378 2021 2208 2298 3391 3919 4427 4431 4622 5214 5530 5833 5915 7249 7852 10042 10279 10927 
#module 463 size: 8 bs: 0.178646
698 2502 3502 3811 4935 5277 6853 10581 
#module 464 size: 20 bs: 0.60678
1126 1211 1273 2058 2707 3795 4477 4779 4921 6373 6755 7918 8266 8719 9288 9848 9963 10049 10396 10674 
#module 465 size: 10 bs: 1.02092
456 828 995 1457 4044 4267 5100 6091 6408 10247 
#module 466 size: 9 bs: 0.872964
1660 2224 2242 3345 4089 4601 5327 5642 6869 
#module 467 size: 16 bs: 0.194743
785 1980 2587 2710 2959 3726 3832 4853 5001 5485 6043 6573 7521 8865 10372 11709 
#module 468 size: 12 bs: 0.449984
917 1712 5198 6073 6250 6662 9026 9057 9655 10943 11029 11447 
#module 469 size: 8 bs: 0.635608
906 1038 6494 6808 9322 9859 9895 10414 
#module 470 size: 10 bs: 0.409847
437 1007 3586 5643 6218 6571 9079 9163 9804 10767 
#module 471 size: 37 bs: 0.234619
27 40 1338 1851 2202 2472 2588 2651 2788 3202 3428 3742 4064 5033 5201 5341 5520 6252 6345 6509 7114 7183 7481 7609 7902 8130 8273 8485 8771 8982 9735 9818 10068 10193 10651 10783 11182 
#module 472 size: 20 bs: 0.942774
1865 2393 2456 2511 2880 3745 4151 4999 5083 5453 6240 7082 7534 7535 8017 8170 9290 10186 10893 11733 
#module 473 size: 5 bs: 0.266833
261 7405 7429 9293 11445 
#module 474 size: 19 bs: 0.974276
1491 1937 2057 4592 5144 5292 6076 8053 8055 8081 8091 8193 8609 9036 9788 10113 10184 10292 10879 
#module 475 size: 13 bs: 0.990805
191 3472 3864 3872 4153 4302 4931 5822 6351 6648 7115 9598 10014 
#module 476 size: 8 bs: 0.285361
596 2056 2433 3886 5474 6708 6871 10980 
#module 477 size: 6 bs: 0.442802
4277 5232 5545 5575 6156 9649 
#module 478 size: 5 bs: 0.926395
2651 4988 4995 5904 7355 
#module 479 size: 11 bs: 0.994794
441 705 1336 2116 3073 3988 5021 6085 6376 6586 6610 
#module 480 size: 7 bs: 0.862943
34 1199 2569 3487 5117 5309 6479 
#module 481 size: 11 bs: 1.06825
1660 2720 3007 3640 4411 4459 4805 6969 8621 9714 9812 
#module 482 size: 3 bs: 0.441968
6095 7139 9102 
#module 483 size: 12 bs: 0.959182
617 2221 2319 3657 5927 6542 6749 7701 8542 10509 10951 11169 
#module 484 size: 28 bs: 0.240289
230 300 318 717 727 867 1053 1630 2744 3937 4036 4222 4398 4764 5099 5232 5419 5635 6313 7877 8650 8715 9219 9479 9593 10195 11465 12638 
#module 485 size: 23 bs: 0.119052
686 1240 1563 1778 3071 3139 3198 3597 4529 4701 5964 6706 6950 6966 7938 8256 8696 8792 9189 9194 9535 10936 12297 
#module 486 size: 16 bs: 0.519701
222 2213 2243 2301 3232 4041 4057 4350 4664 6585 8575 8720 8946 9977 10210 10236 
#module 487 size: 15 bs: 0.91112
780 804 1217 1994 2033 2372 3097 3251 4287 4292 4540 6142 6440 7307 11269 
#module 488 size: 16 bs: 1.06524
210 1641 2543 2908 3013 3064 3710 3746 3816 4209 4755 6517 6651 7457 10282 10772 
#module 489 size: 5 bs: 0.135239
1351 5270 5328 7313 9280 
#module 490 size: 8 bs: 0.193255
576 2227 3337 4495 5319 5334 8714 8730 
#module 491 size: 13 bs: 0.875411
951 2296 2346 4378 4466 5928 6008 6539 7758 8310 9226 10762 10999 
#module 492 size: 23 bs: 0.557583
1612 1713 2367 2537 2891 2898 4023 4145 4739 4886 6108 6128 6559 6945 7551 7585 7729 8410 8624 8842 9217 10251 10318 
#module 493 size: 73 bs: 0.542251
155 157 300 550 649 873 1035 1234 1289 1291 1523 1566 1692 1703 1994 2044 2194 2293 2463 2717 2921 3032 3055 3116 3185 3265 3290 3364 3643 4073 4274 4349 4626 4675 4819 5151 5415 5511 5539 5613 5835 5865 5962 6030 6083 6481 6609 6806 7026 7100 7507 7746 7783 7854 8221 8292 8501 8724 8880 9318 9379 9658 9712 9723 9860 9888 10134 10303 10816 11380 11463 11711 12624 
#module 494 size: 15 bs: 0.236617
1583 1753 1909 2704 2965 3106 3764 3809 4157 4354 6945 7210 7780 8061 11083 
#module 495 size: 11 bs: 0.300232
390 507 1956 3059 6253 6275 7958 8663 9251 10375 10781 
#module 496 size: 4 bs: 0.694008
881 6576 6939 9951 
#module 497 size: 29 bs: 0.607453
260 934 2071 2953 3232 3816 4294 4685 4833 5229 5355 5857 6029 6829 7037 7048 7056 7333 7503 7822 8067 8147 8392 8786 9554 10179 10253 10709 11251 
#module 498 size: 8 bs: 0.409645
1072 1124 1820 3677 4455 5584 10693 11436 
#module 499 size: 10 bs: 0.780709
1220 2095 2476 2919 3390 3631 3967 6237 7785 8787 
#module 500 size: 19 bs: 0.299712
78 716 1018 1185 1396 2190 4090 7000 7010 7283 7446 8139 8159 8256 8873 9647 9777 10108 10541 
#module 501 size: 4 bs: 1.06086
308 1699 3174 5417 
#module 502 size: 14 bs: 0.593753
1056 1084 1112 1395 2027 2218 3241 3377 4313 4996 6219 7327 10244 11158 
#module 503 size: 4 bs: 0.714722
22 4600 9941 10476 
#module 504 size: 8 bs: 0.428545
2161 3155 4505 5585 5674 5841 5864 7995 
#module 505 size: 39 bs: 0.883303
185 573 1078 1439 1582 2160 2315 2428 2521 3478 3582 3606 3973 4054 4077 4168 4372 5335 5388 5867 5901 7056 7231 7248 7263 7482 7496 8006 8408 8854 8948 9020 9096 10152 10640 11218 11473 12523 12638 
#module 506 size: 14 bs: 0.293611
1441 1740 2385 2755 3446 3467 3497 4006 5467 7205 7283 8044 8564 10001 
#module 507 size: 4 bs: 0.405321
3276 4255 4827 7259 
#module 508 size: 7 bs: 0.842362
327 1938 2943 3322 4064 7588 8868 
#module 509 size: 6 bs: 0.95838
2724 4064 5735 6788 7354 7678 
#module 510 size: 4 bs: 0.619027
2505 5993 6917 8882 
#module 511 size: 11 bs: 0.692047
163 1280 1308 1403 3090 6920 8311 8613 9621 9889 12264 
#module 512 size: 31 bs: 0.526737
32 417 852 875 1053 1214 1218 1381 1578 1711 2024 2322 2443 3467 3809 4316 4355 4764 6294 6313 6480 6736 6806 6988 7096 7587 7772 8456 9338 10689 11611 
#module 513 size: 5 bs: 0.925487
1223 4723 5808 7052 10039 
#module 514 size: 8 bs: 0.945749
940 3518 3620 6532 6623 7880 8895 9533 
#module 515 size: 10 bs: 1.09609
16 1719 4354 5076 5701 6301 6740 6910 8115 9641 
#module 516 size: 11 bs: 0.301271
74 213 351 1374 2583 3930 5796 7312 7796 9708 11072 
#module 517 size: 15 bs: 0.695091
997 1752 2086 2087 2663 3143 4085 6990 7506 8162 8682 8919 9149 10586 10886 
#module 518 size: 5 bs: 0.331615
634 1353 4151 5917 6880 
#module 519 size: 10 bs: 0.30357
998 2469 2492 2703 6065 6748 6954 8633 9069 10316 
#module 520 size: 16 bs: 1.03027
18 1845 2397 3452 3616 3984 5619 5780 5861 7017 7020 8592 8876 9063 9590 10191 
#module 521 size: 11 bs: 0.590163
317 4754 4937 5963 6116 7292 7923 9156 9920 10881 10918 
#module 522 size: 7 bs: 0.450987
2036 3230 3446 4909 7168 9645 10700 
#module 523 size: 8 bs: 0.519322
714 815 2246 3509 4126 6602 8290 8885 
#module 524 size: 9 bs: 0.168598
527 3529 3792 4433 5725 5727 6698 8172 9233 
#module 525 size: 11 bs: 0.756744
1771 1858 1886 2597 3242 3355 3861 5529 6278 11205 12293 
#module 526 size: 10 bs: 0.513657
57 618 3612 3768 4397 5192 6836 7979 8086 10825 
#module 527 size: 5 bs: 0.503741
1493 2934 3485 5863 8028 
#module 528 size: 3 bs: 0.475812
1966 3481 5675 
#module 529 size: 28 bs: 0.784076
210 1105 1130 1161 1554 2040 2563 2703 3449 3666 3751 4567 4699 4861 5165 6538 6711 6742 7001 8315 8348 8915 8989 9591 10002 10108 10692 10701 
#module 530 size: 159 bs: 1.09124
38 51 173 273 332 452 521 532 758 767 769 797 979 1009 1011 1012 1030 1062 1082 1159 1173 1239 1242 1283 1295 1313 1323 1357 1424 1504 1801 1840 1854 1885 1990 2022 2176 2211 2273 2452 2455 2523 2539 2661 2682 2702 2846 2848 2870 2907 2957 3082 3154 3360 3466 3519 3558 3679 3848 3882 3901 3949 3979 4001 4091 4295 4346 4413 4446 4490 4609 4636 4666 4671 4814 4826 4835 4868 4901 5218 5220 5392 5396 5500 5533 5609 5633 5678 5952 6221 6228 6350 6427 6653 6692 6719 6767 6783 6793 6813 6961 7068 7154 7284 7389 7441 7518 7553 7570 7594 7735 7821 7838 8166 8210 8279 8342 8426 8436 8440 8523 8536 8557 8601 8655 8700 8835 8905 9109 9186 9299 9323 9407 9410 9415 9510 9555 9559 9855 9867 9879 9953 9980 9998 10070 10093 10259 10654 10677 10749 10752 10799 10828 11067 11155 11256 11270 11340 12645 
#module 531 size: 19 bs: 0.289766
32 1098 1191 1774 2129 2254 3559 3572 4099 4307 4797 5132 6207 6330 6730 7966 8059 9145 10695 
#module 532 size: 11 bs: 0.123004
890 3454 3520 3621 6384 6579 7086 7462 8615 9111 9380 
#module 533 size: 4 bs: 0.391898
2103 2320 4230 10736 
#module 534 size: 13 bs: 0.635032
159 442 1611 2039 2325 2377 3052 3243 3676 5373 6942 7104 10104 
#module 535 size: 24 bs: 0.688774
210 1322 1393 1396 1694 2908 3251 3494 3527 4556 4757 4904 5050 5802 6258 6675 6863 8200 8365 9042 9355 9620 9777 10155 
#module 536 size: 5 bs: 0.515868
4682 5013 6287 9509 10926 
#module 537 size: 9 bs: 1.05936
4310 4579 6487 7541 7650 8522 10744 10916 12626 
#module 538 size: 6 bs: 0.36088
2614 3255 3338 4310 4409 10382 
#module 539 size: 6 bs: 0.147058
475 2093 4844 4875 5370 10871 
#module 540 size: 7 bs: 0.907298
669 5416 7607 7867 8088 8782 9844 
#module 541 size: 7 bs: 1.09387
1515 1686 5522 6479 7592 7802 7837 
#module 542 size: 122 bs: 0.555887
122 133 197 360 400 410 435 510 549 775 788 884 1019 1023 1086 1136 1317 1521 1592 1603 1792 1814 1839 1846 1849 1921 1965 2031 2032 2173 2182 2197 2200 2264 2338 2394 2396 2401 2478 2788 2903 2911 2930 2964 3028 3171 3483 3526 3658 3780 4341 4343 4458 4460 4555 4594 4673 4735 4887 4948 5011 5039 5070 5104 5127 5137 5291 5330 5403 5578 5579 5605 5673 5909 5935 5999 6220 6227 6241 6268 6296 6342 6353 6436 6522 6697 6782 6816 6846 6949 7050 7304 7414 7422 7455 7598 7741 7829 7848 7987 8023 8316 8448 8902 8957 8976 9023 9086 9763 9942 10036 10149 10250 10340 10500 10501 10567 10840 11019 11030 11657 12648 
#module 543 size: 50 bs: 0.22835
516 760 915 977 1026 1230 1955 2162 2182 2200 2418 2788 2975 3148 3418 4066 4074 4211 4445 4463 4552 4908 5075 5195 5218 5532 5612 5682 6061 6155 6242 6731 7102 7173 7281 7403 7430 7439 7491 7694 7829 8016 8039 8110 8345 8795 9264 9346 9369 10265 
#module 544 size: 12 bs: 1.01047
1457 2480 3380 4044 6491 6701 6769 6822 8314 8327 8704 10341 
#module 545 size: 11 bs: 0.43616
356 604 1181 1188 1777 2375 3191 3196 6060 6516 9600 
#module 546 size: 8 bs: 0.664484
2287 4189 5587 8678 9040 10135 12426 12586 
#module 547 size: 18 bs: 0.319435
789 831 1744 2389 4165 5737 5827 6081 6311 6631 6929 7382 7686 8820 8954 9918 11453 11497 
#module 548 size: 13 bs: 0.24608
1210 1415 2030 3347 4951 5437 7339 7590 7857 8209 8546 9051 10337 
#module 549 size: 8 bs: 0.474742
1006 1768 3435 3437 4224 5067 5420 5813 
#module 550 size: 6 bs: 0.657555
1415 2085 4496 6019 9016 9117 
#module 551 size: 10 bs: 0.263931
1207 1534 3587 4749 4929 4950 5728 8288 8811 9002 
#module 552 size: 18 bs: 0.709044
301 1471 1853 2137 3639 4204 4399 4468 6390 6411 7039 7244 7661 8770 8966 9814 10914 11141 
#module 553 size: 10 bs: 0.35785
210 829 5590 6572 6913 7860 8936 9347 10995 11589 
#module 554 size: 8 bs: 0.760945
1704 1993 4962 5721 6047 8995 10054 10466 
#module 555 size: 10 bs: 0.953028
2530 5222 7004 7052 7132 7453 7715 8235 8782 10127 
#module 556 size: 20 bs: 0.797096
608 1058 1114 1219 2083 3470 3575 3633 5042 5336 5862 6804 7000 7205 7847 8021 9116 10001 10811 11273 
#module 557 size: 12 bs: 0.449757
64 680 1167 1890 4033 4411 5636 5652 5933 9581 10081 10402 
#module 558 size: 49 bs: 0.54678
222 552 691 779 863 869 1335 1510 1544 1674 1734 1979 2253 2576 2578 2698 3153 3666 3858 3862 3932 4177 4234 4349 4406 4498 4607 5652 6088 6109 6273 6362 6789 6810 7008 7229 7407 7534 7697 8270 8348 8889 9193 10157 10238 10579 10589 10692 11183 
#module 559 size: 18 bs: 0.403557
430 542 762 986 1120 1451 1496 3354 4253 5123 5340 5441 6368 7917 8100 9394 9697 11032 
#module 560 size: 12 bs: 0.390327
391 4029 4713 4715 5007 5404 6802 9171 9845 10329 10623 11442 
#module 561 size: 13 bs: 0.515665
925 1565 2044 2491 2943 3400 5088 7003 7738 8261 9277 9624 10666 
#module 562 size: 9 bs: 0.646947
1292 1455 1528 2643 3578 3838 6265 9524 10724 
#module 563 size: 11 bs: 0.215965
35 1263 2037 2166 2483 5089 6417 6627 7946 8722 9781 
#module 564 size: 9 bs: 0.954441
1372 5629 5908 5919 6357 6738 7999 9508 10252 
#module 565 size: 47 bs: 0.560288
348 1105 1318 1428 2753 3531 3592 4442 4497 5074 5079 5085 5185 5708 5803 5821 6015 6143 6462 6472 6588 6641 6715 6909 6936 6953 6967 7353 7380 7396 7873 7935 8161 8176 8213 8368 8886 8890 8991 9268 9685 10041 10277 10369 10755 10758 11274 
#module 566 size: 17 bs: 0.498975
1533 2800 3051 3182 3871 3975 4524 4559 4645 4858 5676 8243 8245 8590 9123 9895 11020 
#module 567 size: 16 bs: 0.985485
208 2104 4422 5199 5640 5739 5959 6448 7305 7473 7739 7952 8097 8716 9503 9792 
#module 568 size: 5 bs: 0.31594
79 6627 8294 8551 9285 
#module 569 size: 7 bs: 0.7792
2494 3631 3722 9666 10765 10930 11222 
#module 570 size: 4 bs: 0.8379
1067 2445 6656 7793 
#module 571 size: 14 bs: 0.316425
1581 1694 1862 2733 2966 3145 4206 5000 5163 5496 8250 9100 9681 11258 
#module 572 size: 12 bs: 0.83546
295 1754 1874 2385 3215 3636 4345 6258 7890 8287 8579 8595 
#module 573 size: 5 bs: 0.215533
257 2048 4433 10606 10950 
#module 574 size: 9 bs: 0.601093
1484 2099 3268 3328 3422 7642 7780 9055 9775 
#module 575 size: 21 bs: 0.231814
27 432 809 1594 3448 3822 3972 4097 4762 5788 5994 6380 7021 8317 8355 9614 10002 10043 10239 10896 12679 
#module 576 size: 6 bs: 0.916134
2086 3589 4731 6393 6980 8830 
#module 577 size: 26 bs: 0.759006
1872 2232 2433 2497 2815 2929 3003 3282 3664 4676 5233 5502 6055 6905 7356 7966 8400 8414 8452 9028 9395 9550 9832 9870 10515 11490 
#module 578 size: 5 bs: 0.546406
25 4534 6508 6598 9375 
#module 579 size: 38 bs: 0.821449
84 454 476 1282 2067 2428 2439 2639 2928 2979 3032 3240 3246 3285 3387 3866 3914 4205 4298 4341 4462 4464 5282 5309 5357 5826 7024 7133 7321 7544 7946 8095 8368 8406 9901 10103 10788 12720 
#module 580 size: 10 bs: 0.836506
46 3007 3388 4019 5689 7484 9639 10481 10904 11483 
#module 581 size: 8 bs: 1.00943
897 1015 1447 1448 1512 2939 6294 6985 
#module 582 size: 29 bs: 0.764172
403 431 619 638 644 1394 2090 2679 3144 4199 4235 4384 4492 4761 4854 4875 4940 5057 5173 6288 6712 6765 7773 8227 9095 9692 10045 10911 11025 
#module 583 size: 8 bs: 1.03429
482 1953 3649 3719 5482 5985 6356 7900 
#module 584 size: 12 bs: 0.317555
364 854 1205 2387 3361 3909 3933 4196 5405 8087 8204 10689 
#module 585 size: 16 bs: 0.285349
1716 3635 3711 3771 4016 4200 4422 5667 6512 6541 7685 7827 9008 9458 10001 10188 
#module 586 size: 28 bs: 0.149857
887 1049 1417 1739 2194 2289 2693 3106 3172 3286 3716 3747 3869 4910 6471 6675 7196 7506 7627 7818 7971 8099 8256 8812 8856 9181 9531 11145 
#module 587 size: 3 bs: 0.813742
4239 6406 11097 
#module 588 size: 74 bs: 1.02246
475 582 998 1059 1161 1182 1197 1402 1472 1567 2015 2064 2442 2460 2484 2492 2701 2706 2734 2864 2983 3032 3303 3451 3478 3486 3576 3606 3773 3917 4037 4194 4205 4290 4328 4693 4700 4891 4956 5010 5106 5352 5402 5865 5901 5931 6304 6449 6736 6903 6908 7254 7496 8051 8101 8124 8150 8489 8645 8736 8772 9018 9020 9096 9658 9766 9808 9894 10000 10102 10388 10512 10653 12679 
#module 589 size: 16 bs: 0.572879
1434 1806 1852 3394 5126 5598 6006 6261 6928 7993 8322 8802 8860 8965 10845 10948 
#module 590 size: 6 bs: 0.916799
1250 2441 3258 4300 4569 6754 
#module 591 size: 6 bs: 0.589298
1836 2474 5789 7519 8387 13043 
#module 592 size: 29 bs: 0.588126
56 1179 1648 2849 3029 3173 3533 3853 4053 4780 4843 4852 4912 4997 6066 6069 6150 6167 6549 6707 7628 8552 8689 9431 10305 10511 10673 11551 11613 
#module 593 size: 5 bs: 0.89003
1235 3610 7062 8419 9939 
#module 594 size: 32 bs: 0.814612
382 695 1090 1582 1984 2335 2723 2767 2925 3014 3056 3125 3346 3383 3893 4561 4863 5418 5461 5745 6025 7431 7840 8363 8806 9176 9800 10034 10107 10641 10787 11584 
#module 595 size: 27 bs: 0.731625
323 1309 1413 1850 3742 4632 5004 5129 5375 5531 5727 6001 6597 6646 6903 7321 7334 7771 8407 8555 8694 9912 9915 10526 10653 11196 11393 
#module 596 size: 14 bs: 0.110589
325 345 1257 1381 1382 2551 3473 3500 4103 4638 6954 7072 7976 8389 
#module 597 size: 11 bs: 0.842346
367 2554 2616 2987 3047 4246 6131 6589 8424 9104 10894 
#module 598 size: 34 bs: 0.397441
268 512 711 1362 1545 2529 2931 3411 3595 3751 4700 4867 5045 5119 5209 5357 5956 5988 6421 6474 6770 8033 8357 8427 8710 8790 8828 8859 9603 9623 10686 10904 11196 11415 
#module 599 size: 14 bs: 0.790981
317 1202 2119 4431 5152 5337 6355 6884 7097 8174 8657 8813 9146 10240 
#module 600 size: 11 bs: 0.477278
813 1590 1926 3331 3419 5109 5699 7485 8350 10356 10784 
#module 601 size: 10 bs: 0.789056
1199 1549 3166 3281 3692 4096 5926 6879 7690 7731 
#module 602 size: 12 bs: 0.626635
208 1495 1907 3685 3921 4137 6092 6629 6959 8141 8723 10587 
#module 603 size: 3 bs: 0.283852
5299 6565 7006 
#module 604 size: 8 bs: 0.759819
777 898 1873 6020 6274 7185 9044 9632 
#module 605 size: 10 bs: 0.822182
1833 2978 3549 4883 5258 5951 7169 8969 10836 10928 
#module 606 size: 9 bs: 0.317982
1463 1516 3117 3223 4639 7194 7667 9489 9975 
#module 607 size: 18 bs: 0.345423
350 2154 2955 2977 3474 3806 4088 4283 5503 5967 6992 7011 7702 8381 8573 10126 10323 10543 
#module 608 size: 5 bs: 0.566096
1381 4900 6464 7837 8258 
#module 609 size: 8 bs: 0.234089
489 1773 3301 7967 8875 9234 9362 10968 
#module 610 size: 31 bs: 0.20113
383 1155 1818 2009 2250 3245 3799 4197 4432 5151 5225 5247 5419 5891 6056 6528 6904 7087 7184 7506 7700 7884 7931 8691 8992 9062 10310 10556 10672 11015 11106 
#module 611 size: 14 bs: 0.102774
795 1664 2295 3604 3712 3975 5495 6467 6619 7326 8862 10073 10614 12663 
#module 612 size: 12 bs: 0.757022
7 713 841 1330 2168 4437 4850 6931 7058 7715 10043 12679 
#module 613 size: 28 bs: 0.164804
323 475 677 721 1544 1819 1850 3492 4179 4583 5064 6132 6377 6636 6676 6806 6903 7270 7767 8105 8589 9315 9535 9547 10605 11104 11196 11241 
#module 614 size: 23 bs: 0.68504
345 514 531 1564 1827 2696 3259 3595 3613 4228 4916 5308 5343 5542 5637 5787 6628 6745 7248 7346 7968 8856 11335 
#module 615 size: 12 bs: 0.69115
595 954 1485 1640 1673 2141 2955 3669 5860 6001 7810 10908 
#module 616 size: 6 bs: 0.398703
666 1797 3686 5413 8960 9512 
#module 617 size: 5 bs: 0.473609
2708 5893 8635 9595 10647 
#module 618 size: 10 bs: 0.540833
490 1698 2157 3261 5317 5751 6465 6498 7997 9969 
#module 619 size: 11 bs: 0.448192
1194 1411 1716 3633 4173 5077 6121 7010 9753 9931 10291 
#module 620 size: 23 bs: 0.465166
210 1001 1257 1369 1396 2344 3036 3251 3935 4280 4522 5034 5112 5667 5802 5988 6031 6878 7036 7242 8879 9773 9777 
#module 621 size: 41 bs: 0.708318
66 75 894 1119 1152 1218 1311 1714 1804 2135 2328 2496 2829 2854 3372 3823 3926 4020 4263 4764 5050 5231 5268 5363 5601 5853 6123 6519 7087 7849 7893 8216 8251 8501 9665 9936 10523 10527 10832 11614 12678 
#module 622 size: 9 bs: 1.01678
1166 1427 2270 2522 2757 5714 7943 10938 10975 
#module 623 size: 20 bs: 0.891232
561 1222 2298 2421 2858 2916 2950 3396 3541 3615 4544 4788 4829 5134 5386 5856 6773 8834 10056 12874 
#module 624 size: 35 bs: 0.602893
48 50 463 826 1452 1793 2520 2758 3181 3416 3545 3563 3595 3623 3627 3782 4092 4264 4821 5183 5213 6859 6901 7798 7886 7892 8964 9420 9922 10062 10067 10358 10406 10531 10834 
#module 625 size: 15 bs: 0.944566
841 1303 1314 1847 1942 2755 4272 5071 5951 7094 8051 9104 10248 10966 11123 
#module 626 size: 49 bs: 0.794594
233 1376 1620 2055 2092 2155 2447 2836 2913 3079 3229 3841 3873 3908 4004 4081 4485 4605 4652 4774 5756 5830 5899 6247 6321 6364 6430 6515 6751 7130 7444 7875 7897 7911 7968 8121 8179 8265 8808 8903 8945 9408 9965 10547 10698 11136 11193 11495 11601 
#module 627 size: 66 bs: 0.743321
97 108 216 222 672 847 872 1069 1522 2151 2213 2403 2434 2504 2509 2717 2759 2990 3202 3227 3449 3576 3856 3968 4003 4256 4308 4568 4775 5065 5271 5310 5363 5774 5933 6082 6236 6317 6372 6390 6421 6473 6621 6741 7003 7131 7364 7451 7658 7783 7801 7825 7855 8164 8263 8470 8541 8828 9239 9572 9742 9985 10367 10455 10634 11487 
#module 628 size: 16 bs: 0.690525
487 798 1927 1935 2216 2220 3128 3860 4248 4511 5840 6271 6368 9252 9255 9889 
#module 629 size: 17 bs: 0.377638
559 1031 1214 1375 1619 1958 3324 5297 5445 5910 7016 7063 7333 7877 8887 8958 10565 
#module 630 size: 24 bs: 0.582561
341 1709 2249 2756 3118 4240 5380 6284 6797 6823 7605 7882 7931 7971 8103 8286 9073 9416 9475 10344 10609 10716 10858 11335 
#module 631 size: 11 bs: 0.337266
7217 7905 8431 8494 9247 9399 9606 9758 9997 10846 11001 
#module 632 size: 22 bs: 0.763529
305 1122 1222 1494 2042 2507 3269 3565 3638 5166 5201 5554 5856 6706 6759 7042 7721 9465 9864 9928 10662 11211 
#module 633 size: 17 bs: 0.216251
1174 2143 3560 3585 3975 3978 4436 6154 6409 6419 6520 6728 6758 7027 8600 10768 10833 
#module 634 size: 74 bs: 1.02812
172 312 362 370 377 420 572 656 803 919 943 1233 1371 1373 1501 1582 1629 1867 2185 2302 2607 2703 2750 2860 3119 3212 3287 3346 3429 3490 3569 3675 3743 3888 4054 4247 4792 4967 5132 5181 5444 5691 5910 5973 6067 6074 6317 6669 6925 7045 7696 7722 7749 7872 8347 8629 8806 8915 8921 9175 9176 9584 9674 10033 10043 10151 10408 10599 10891 11189 11192 11966 12582 12977 
#module 635 size: 8 bs: 0.384906
2756 4006 4345 4530 5793 7167 8810 10885 
#module 636 size: 17 bs: 0.969744
274 1045 1850 2070 2500 3216 5112 8285 8456 8768 9531 9544 9717 10018 10512 10644 10764 
#module 637 size: 18 bs: 0.172717
144 207 1454 1818 2937 4041 4874 5224 5376 7466 7931 8041 8134 9565 9875 10513 10649 10876 
#module 638 size: 54 bs: 0.729214
20 210 216 675 713 864 1218 1240 1302 1693 1933 2329 2709 2713 3071 3532 3856 4709 4904 5182 5278 5667 6007 6123 6626 6736 6938 7044 7085 7271 7308 7468 7766 7839 7895 8190 8364 8685 8699 8703 8826 8977 9401 9464 9761 10132 10469 10527 10728 10747 10812 10832 10888 11593 
#module 639 size: 62 bs: 0.985514
54 75 210 318 341 411 894 924 970 1222 1608 1821 1994 2408 2496 3150 3529 3716 4149 4383 4420 4618 4772 4999 5043 5281 5287 5431 5931 5967 6007 6337 6546 6625 6742 7157 7299 7783 7839 7879 7901 7971 8286 8318 8537 8766 8856 9042 9217 9317 9496 9724 9733 9970 9986 10462 10632 10736 10858 10898 10923 12678 
#module 640 size: 80 bs: 0.272974
110 588 621 1221 1593 1917 2018 2171 2486 2518 2535 2683 2712 3045 3184 3207 3237 3274 3511 3537 3602 3670 3894 3906 3944 4127 4249 4288 4689 5226 5237 5394 5436 5439 5775 5932 6112 6168 6316 6639 6649 6694 6906 6996 7098 7135 7306 7442 7576 7751 7957 7977 8138 8352 8366 8804 8851 8856 8866 8929 9304 9418 9513 9588 9677 9687 9926 10098 10153 10181 10299 10534 10659 10739 10777 10852 10932 10987 11475 12792 
#module 641 size: 13 bs: 0.345935
346 992 1900 3190 3952 8072 8495 9091 9442 9693 10468 11334 12609 
#module 642 size: 10 bs: 0.595903
474 1639 2732 2819 4031 5824 6035 7556 9098 10610 
#module 643 size: 9 bs: 0.750549
585 4501 4506 6428 6654 9661 9853 10807 11177 
#module 644 size: 7 bs: 0.910891
1287 1748 2761 5495 8896 9857 10734 
#module 645 size: 31 bs: 0.296793
911 1115 1133 1178 1326 1798 2038 2754 2912 2916 3234 3250 3647 4190 5332 5883 5958 6139 6142 6213 6441 6944 7107 7489 7516 8939 9467 10335 10736 10804 11102 
#module 646 size: 20 bs: 0.839789
968 2138 2179 2366 2450 3496 4401 4611 4694 4979 5141 5666 6034 6280 6798 6805 7374 8228 10566 10779 
#module 647 size: 7 bs: 0.104547
2409 3021 4932 5492 8881 9765 12635 
#module 648 size: 19 bs: 1.05413
169 1904 2186 3080 3105 3311 4008 4705 4790 5401 5785 6312 7861 8066 9798 9891 10835 11225 11383 
#module 649 size: 16 bs: 0.447137
996 1245 2147 2353 2671 3975 4121 6596 7074 8411 10007 10226 10308 10487 10591 10601 
#module 650 size: 24 bs: 1.09154
967 1140 1695 1710 2115 2212 2542 2825 2863 3201 3954 5242 5902 6022 7692 7762 8537 8632 8637 8901 8988 10311 10312 12661 
#module 651 size: 27 bs: 0.463107
303 528 567 641 2044 2069 3336 3359 4697 5217 5582 5618 6390 6621 6747 6795 7140 7530 9034 9288 9632 9958 10359 10517 10773 11107 11371 
#module 652 size: 30 bs: 0.203849
158 551 849 1505 1546 1962 2811 3304 3577 3717 4420 4498 4670 4985 5734 5782 6134 6135 6329 6677 6834 7345 8059 8668 8889 9584 9766 10455 10650 11572 
#module 653 size: 43 bs: 0.204438
98 421 544 1406 1436 1658 1915 1947 2252 2323 2596 3054 3078 3317 3318 4214 4778 5321 5662 5681 5731 6189 6371 6825 7070 7850 8282 8329 8373 8397 9260 9373 9397 9446 10143 10324 10457 10474 10715 10810 11117 11168 11419 
#module 654 size: 8 bs: 0.794839
4786 5190 5573 6250 6809 8740 9886 10814 
#module 655 size: 17 bs: 0.792736
238 2606 2747 3253 3405 4360 4474 4753 5118 5243 6772 6962 8455 8543 10407 10809 11488 
#module 656 size: 97 bs: 0.867331
65 313 385 461 668 1057 1198 1389 1475 1735 1755 1799 1957 2081 2133 2307 2332 2362 2467 2562 2611 2664 2812 2879 2935 3257 3403 3493 3539 3568 3683 3702 3732 3875 4011 4017 4125 4175 4323 4375 4421 4679 4687 4958 5058 5125 5153 5257 5569 5589 5684 5685 5773 5992 6263 6678 6718 6777 7066 7223 7255 7475 7831 8085 8149 8157 8446 8524 8568 8823 8930 8972 9185 9196 9218 9245 9250 9583 9657 9660 9778 9878 10051 10156 10169 10379 10389 10436 10441 10582 10738 10965 11138 12618 12862 12896 13062 
#module 657 size: 13 bs: 0.616091
589 1348 1637 1829 4227 4513 5499 7195 8047 8459 9225 10123 10275 
#module 658 size: 7 bs: 0.121903
2481 3271 4169 4487 5483 5602 11109 
#module 659 size: 79 bs: 0.334303
203 205 658 687 947 1224 1271 1506 1529 1547 1856 1961 2100 2410 2514 2685 2721 2841 2892 2961 3111 3289 3752 3956 3961 4367 4514 4628 4653 4745 4915 4970 5097 5115 5451 5818 5934 5944 5977 6100 6642 6679 6733 6882 7191 7268 7384 7660 7721 7781 7868 8450 8584 8789 9168 9182 9222 9261 9363 9586 9617 9794 9821 9971 10047 10111 10246 10413 10661 10795 10803 10841 10850 11082 11159 11266 11372 11565 12594 
#module 660 size: 18 bs: 0.363047
145 857 1399 2109 3121 3219 3381 4135 4285 4494 4680 6388 7510 8402 8487 9165 9177 10319 
#module 661 size: 10 bs: 0.511202
1020 1383 4386 6944 7058 7160 7800 9279 9923 10857 
#module 662 size: 23 bs: 1.02193
357 835 948 1723 2074 2407 2704 2985 3642 3966 4525 5040 5498 5588 5746 6416 6757 7747 7982 8012 9515 10300 13019 
#module 663 size: 4 bs: 0.611458
2144 2339 8080 8904 
#module 664 size: 35 bs: 0.779234
202 570 631 1685 1848 2068 2457 2503 2515 2629 2746 4526 5653 5901 5971 6027 6236 6309 6450 7053 7056 7496 7832 8105 8187 8660 8724 9020 10002 10046 10605 10609 10718 10820 11211 
#module 665 size: 34 bs: 1.02771
891 1092 1259 1556 2297 2792 3591 4201 4529 4825 5060 5078 5201 5506 5563 5749 6075 6936 7090 7100 7200 7961 8020 8070 8143 8155 8368 8892 9277 9742 10164 11098 11434 11711 
#module 666 size: 52 bs: 0.538339
636 839 905 1123 1306 1320 1512 1618 1914 2041 2450 2736 3010 3114 3127 3498 3530 3542 3599 3689 3903 3916 3918 4079 4146 4282 4312 4317 4325 5518 5558 5559 5665 5943 6111 6336 6638 6865 7071 7363 7720 7989 8611 8785 8920 9122 9374 9529 10387 10551 10766 11717 
#module 667 size: 7 bs: 0.786579
3255 3351 3761 6212 7780 8231 8581 
#module 668 size: 47 bs: 0.985812
352 525 818 1109 1129 1682 1706 2484 2862 3043 3087 3480 3625 3767 4809 4869 4938 5026 5112 5375 6122 6507 6626 7055 7170 7373 7515 7981 8025 8307 8412 8803 9106 9278 9339 9817 9880 10284 10409 10420 10639 10862 11008 11093 11243 11491 12575 
#module 669 size: 12 bs: 0.459108
104 773 2927 3038 4405 5187 6501 7211 7990 8549 9786 9973 
#module 670 size: 14 bs: 0.488606
625 1350 2688 3065 3304 3374 3880 4078 4340 5442 6201 7189 10272 10800 
#module 671 size: 10 bs: 0.842933
1765 5279 5627 6855 7019 7492 9296 9481 10767 12889 
#module 672 size: 38 bs: 0.950525
637 1255 1299 1544 1576 1983 2054 2243 2412 3068 3243 3444 3803 3939 3963 4026 4216 5371 5552 5850 5901 6102 6473 6633 6896 6990 7081 7954 8106 8159 8256 8368 8883 9039 9632 9949 10584 11451 
#module 673 size: 13 bs: 1.01742
990 1040 2923 4062 4423 5136 6696 7285 7509 7550 8040 9249 9300 
#module 674 size: 11 bs: 0.645939
1437 1444 1786 3254 5574 7976 8734 10188 10577 11086 11788 
#module 675 size: 19 bs: 0.34082
142 1636 1843 2861 2910 3198 3605 3688 3695 4744 4957 5671 6550 6615 7390 7727 8871 10557 10751 
#module 676 size: 11 bs: 0.113667
874 1783 1960 3217 3687 4902 5249 6686 8132 9447 10699 
