#module 0 size: 3 bs: 4.66719e-101
2148 5701 9501 
#module 1 size: 3 bs: 1.24238e-101
1515 10925 12944 
#module 2 size: 2 bs: 3.87468e-14
5739 8097 
#module 3 size: 3 bs: 2.27839e-101
4363 9854 11509 
#module 4 size: 2 bs: 1.54452e-101
2144 2339 
#module 5 size: 2 bs: 5.77455e-101
5516 10929 
#module 6 size: 3 bs: 5.85971e-101
1450 1515 7590 
#module 7 size: 2 bs: 7.57562e-101
4259 5862 
#module 8 size: 3 bs: 6.71588e-101
4133 6671 9978 
#module 9 size: 9 bs: 3.40767e-101
2111 2241 5086 6370 8145 9682 9745 9865 12636 
#module 10 size: 3 bs: 7.04819e-101
1533 3368 9359 
#module 11 size: 2 bs: 1.81805e-101
3604 3712 
#module 12 size: 2 bs: 8.34874e-101
2881 9107 
#module 13 size: 3 bs: 4.97428e-101
7455 7511 8098 
#module 14 size: 2 bs: 7.90531e-101
9347 11589 
#module 15 size: 29 bs: 2.82905e-07
300 318 638 717 727 867 1053 1630 1790 2744 3467 3521 4036 4222 4764 5099 5419 5988 6313 7877 7931 8650 8912 9219 9593 10195 10586 11465 12638 
#module 16 size: 2 bs: 1.09913e-101
5511 9289 
#module 17 size: 2 bs: 4.26318e-102
8788 11018 
#module 18 size: 2 bs: 4.53193e-13
8475 10518 
#module 19 size: 2 bs: 3.5986e-101
308 3174 
#module 20 size: 2 bs: 3.79047e-101
8800 8852 
#module 21 size: 2 bs: 8.06125e-101
1437 5002 
#module 22 size: 2 bs: 4.51704e-101
7165 8083 
#module 23 size: 8 bs: 8.81888e-10
836 1008 6181 6984 7614 7647 10937 12893 
#module 24 size: 2 bs: 7.87279e-101
584 6751 
#module 25 size: 3 bs: 7.13362e-101
5006 7648 11104 
#module 26 size: 4 bs: 3.80182e-101
3217 3220 6686 7139 
#module 27 size: 4 bs: 1.65055e-101
3465 5007 5309 11097 
#module 28 size: 2 bs: 8.31554e-101
3261 4754 
#module 29 size: 4 bs: 7.2741e-102
79 1108 1533 4170 
#module 30 size: 3 bs: 2.22045e-16
8688 9853 11135 
#module 31 size: 4 bs: 3.21869e-102
1515 2190 4930 9344 
#module 32 size: 2 bs: 7.85284e-101
2572 5417 
#module 33 size: 2 bs: 8.15045e-101
526 6267 
#module 34 size: 3 bs: 2.67752e-101
4273 8132 9232 
#module 35 size: 6 bs: 2.82066e-101
3332 4381 5007 5404 6348 7028 
#module 36 size: 3 bs: 1.29118e-11
2584 5623 6839 
#module 37 size: 2 bs: 5.92659e-101
7889 9457 
#module 38 size: 4 bs: 1.11471e-102
1366 1749 7354 11840 
#module 39 size: 3 bs: 7.75769e-101
1509 8405 10226 
#module 40 size: 6 bs: 2.31074e-101
3426 3793 4785 5769 7469 8814 
#module 41 size: 2 bs: 1.71213e-101
7269 7463 
#module 42 size: 6 bs: 2.61646e-09
5389 5710 7452 7554 9737 12725 
#module 43 size: 3 bs: 2.62058e-101
4028 6211 7361 
#module 44 size: 3 bs: 5.38965e-101
3414 3631 8674 
#module 45 size: 4 bs: 1.0637e-101
1463 3117 4639 7145 
#module 46 size: 4 bs: 1.87301e-102
2720 5968 6239 10351 
#module 47 size: 3 bs: 2.24656e-101
4132 4937 8174 
#module 48 size: 3 bs: 5.86984e-102
4436 8590 9895 
#module 49 size: 4 bs: 9.5831e-101
6271 6501 9062 10997 
#module 50 size: 2 bs: 4.55847e-101
2048 9162 
#module 51 size: 7 bs: 7.24857e-09
1427 2270 2522 2757 4117 7943 10975 
#module 52 size: 3 bs: 8.31253e-101
2439 5458 10895 
#module 53 size: 2 bs: 2.70133e-101
1114 8082 
#module 54 size: 20 bs: 2.83388e-101
165 300 485 1441 1818 2553 3759 4241 4370 4443 4841 5149 5225 5806 5899 6009 7611 7714 10241 10832 
#module 55 size: 5 bs: 6.56348e-101
487 2216 4770 4995 8378 
#module 56 size: 27 bs: 1.85036e-06
1309 1417 1739 1741 1918 2125 2289 2693 2703 3172 3286 3747 4764 4910 5959 6471 6538 6575 7196 7343 7506 7627 7818 8099 9181 10586 11145 
#module 57 size: 3 bs: 7.85893e-101
2915 9135 9696 
#module 58 size: 2 bs: 5.2312e-101
1722 6110 
#module 59 size: 9 bs: 1.11022e-16
5271 5365 5734 6340 6815 7863 8306 8372 9292 
#module 60 size: 13 bs: 5.31042e-101
1199 1491 2298 3156 3372 3465 5927 6742 8055 8081 8193 9042 12494 
#module 61 size: 30 bs: 0.000345265
887 929 1031 1049 1076 1732 1760 1798 1852 1861 2509 2696 2912 3647 3716 3869 4031 4503 5890 5958 6641 7516 8087 8254 9455 9831 10532 10788 10804 11337 
#module 62 size: 5 bs: 6.47057e-101
2146 2383 2656 8907 8923 
#module 63 size: 2 bs: 7.54403e-101
1845 3271 
#module 64 size: 11 bs: 8.36126e-101
1737 2908 4026 4196 4496 6255 7446 8159 8256 9518 9777 
#module 65 size: 7 bs: 6.80064e-101
2246 2389 3651 3860 5584 10097 11100 
#module 66 size: 5 bs: 3.43121e-101
202 1501 4524 10043 10316 
#module 67 size: 13 bs: 2.1414e-10
579 1257 1539 2908 3527 4360 4796 5763 6686 6954 8028 8575 10692 
#module 68 size: 132 bs: 0.0400402
1 6 32 99 210 225 272 300 366 392 403 446 463 539 554 573 624 669 700 857 980 1174 1223 1290 1318 1363 1377 1381 1383 1394 1422 1439 1479 1598 1630 1651 1754 1807 1820 1831 1966 2040 2333 2343 2488 2501 2527 2590 2719 3113 3144 3318 3423 3452 3458 3486 3535 3585 3623 3664 3695 3767 3933 3972 4384 4385 4560 4699 4861 5128 5183 5192 5265 5284 5296 5546 5628 5766 5857 5885 5921 5954 6328 6515 6699 6867 6899 7036 7047 7072 7122 7196 7347 7378 7547 7849 7867 7871 7873 7918 8095 8131 8233 8253 8295 8668 8685 8757 9353 9436 9464 9577 9614 9747 9784 9800 9875 9894 9956 10000 10002 10079 10186 10211 10224 10513 10693 10695 10701 11031 11069 12679 
#module 69 size: 27 bs: 1.78606e-08
152 468 1992 2040 2696 2707 3071 3336 3536 3993 4240 4481 4775 5217 5542 5552 5558 5893 6001 6176 6528 7873 8042 8114 8791 10080 10650 
#module 70 size: 28 bs: 0.0019426
302 382 531 569 1222 1522 1564 2346 2696 3299 3396 3436 3613 3789 4163 4544 4698 5787 6082 6094 6628 7329 7346 7968 8791 8862 9288 10927 
#module 71 size: 17 bs: 1.70308e-13
559 1214 1375 1619 2286 3324 5445 5910 6669 7016 7063 7333 7877 8887 8958 10565 13065 
#module 72 size: 13 bs: 7.97489e-08
29 37 783 3968 5363 6236 6268 7337 8098 8263 8448 9239 10517 
#module 73 size: 5 bs: 8.10145e-101
4916 5285 6123 6895 7985 
#module 74 size: 21 bs: 1.98574e-12
1088 1850 2346 3130 3506 3985 4240 4380 4481 5010 5165 6176 7119 8042 8115 8407 8613 9296 10010 10650 12575 
#module 75 size: 5 bs: 0.109014
2060 3770 6724 9001 11079 
#module 76 size: 9 bs: 0.832174
16 3109 3268 5101 6164 6861 7955 8628 9990 
#module 77 size: 6 bs: 1.0403
601 2411 4134 5832 6144 6880 
#module 78 size: 5 bs: 0.580854
1196 3158 4024 5698 6080 
#module 79 size: 10 bs: 0.297611
208 1495 1532 3921 4137 6092 8141 8723 9859 10587 
#module 80 size: 8 bs: 0.541363
1194 2051 2487 2780 5953 6218 6877 7315 
#module 81 size: 39 bs: 0.561987
899 1156 1190 1430 1726 2563 3279 3440 3508 3791 3878 3962 4326 4567 4613 4707 4860 5051 5146 5157 5246 5377 5459 6599 6616 7406 7651 7719 7941 9127 9274 9604 9635 9709 9740 10256 10355 10472 11150 
#module 82 size: 185 bs: 0.872517
51 203 264 529 800 807 893 896 959 1042 1172 1189 1229 1266 1387 1456 1552 1587 1638 1743 1791 1816 1830 1888 1895 1969 1970 1972 2008 2029 2079 2131 2206 2257 2265 2266 2365 2422 2446 2512 2521 2582 2589 2601 2793 2817 2936 2951 2956 2996 3001 3012 3147 3170 3325 3379 3423 3475 3708 3857 4084 4108 4144 4238 4352 4387 4486 4509 4519 4649 4747 4766 4836 4851 4889 4964 4973 5008 5017 5135 5176 5320 5399 5457 5466 5476 5573 5596 5625 5645 5648 5736 5838 5854 5886 5920 5975 6057 6124 6182 6286 6295 6320 6339 6604 6617 6716 6719 7031 7035 7075 7129 7199 7209 7425 7459 7472 7523 7525 7589 7705 7803 7812 8074 8075 8137 8198 8275 8309 8377 8453 8458 8511 8541 8672 8822 8827 9021 9068 9075 9085 9307 9329 9345 9499 9516 9546 9561 9607 9672 9691 9713 9718 9744 9768 9945 9976 10072 10077 10096 10157 10255 10383 10461 10465 10502 10592 10596 10631 10635 10678 10707 10713 10735 10823 10837 10855 10877 10990 11085 11130 11265 11552 12654 12902 
#module 83 size: 3 bs: 0.125099
3375 5646 9116 
#module 84 size: 4 bs: 0.273406
5850 6752 7775 7929 
#module 85 size: 8 bs: 0.452412
261 2161 5122 5918 6660 7481 9362 9524 
#module 86 size: 7 bs: 1.07454
1471 2533 2976 5783 6266 7134 7978 
#module 87 size: 7 bs: 0.947772
371 1124 1219 2259 3129 6050 6476 
#module 88 size: 3 bs: 0.373833
1253 1380 2505 
#module 89 size: 4 bs: 0.103481
2675 3414 6688 11602 
#module 90 size: 3 bs: 0.600871
3492 9547 10057 
#module 91 size: 9 bs: 0.989167
1463 1949 4393 7194 7496 7667 8948 9336 9975 
#module 92 size: 3 bs: 0.786682
239 1139 3503 
#module 93 size: 14 bs: 0.782712
5 1717 4150 5794 6203 8538 9326 9526 9644 10087 10174 10220 10266 10392 
#module 94 size: 21 bs: 0.790155
587 1227 1875 2419 2593 2980 3402 3404 3698 4217 4895 6580 6978 7034 8797 9158 9188 9390 9999 10789 10996 
#module 95 size: 8 bs: 0.891318
715 917 1530 3471 5167 6250 9057 10943 
#module 96 size: 8 bs: 0.618697
2150 2680 4859 5616 5672 5875 8353 11021 
#module 97 size: 26 bs: 0.248302
26 488 879 1548 2126 2321 2856 3116 3320 3645 4451 4646 5186 5196 5359 5491 7179 7257 7456 7657 7706 7811 8071 9551 10771 10816 
#module 98 size: 9 bs: 0.904523
1040 4062 4436 7132 7509 8034 9300 10501 10833 
#module 99 size: 10 bs: 1.05396
911 1133 2725 2754 4190 4837 5332 6139 8012 10128 
#module 100 size: 4 bs: 0.939901
1511 5316 6856 7984 
#module 101 size: 7 bs: 0.714936
1514 1703 1994 4957 5796 8288 9970 
#module 102 size: 22 bs: 0.60332
77 473 1284 1764 2097 2918 3187 3655 3874 4545 4564 6107 6262 6827 6835 7110 7437 8447 8618 10448 11210 12862 
#module 103 size: 5 bs: 0.257354
2101 2822 8110 8850 10576 
#module 104 size: 10 bs: 1.02156
716 960 3533 3730 4219 6272 7251 8732 9991 10011 
#module 105 size: 17 bs: 1.00467
430 530 542 1336 3646 3824 4253 4540 5243 5441 6745 7557 8100 8823 9394 9503 9884 
#module 106 size: 6 bs: 0.292313
13 1551 6113 7990 10897 11788 
#module 107 size: 4 bs: 0.936011
2157 2530 3638 7005 
#module 108 size: 6 bs: 0.67039
329 1655 3866 4586 5371 8466 
#module 109 size: 11 bs: 0.745499
2176 2702 3163 3292 4612 6190 6549 7190 8369 9818 10209 
#module 110 size: 24 bs: 0.49933
551 700 849 1546 1594 2775 2999 3670 3717 4420 4498 4670 4989 6135 6677 7069 7249 7345 7751 8059 8889 9766 11340 11572 
#module 111 size: 3 bs: 0.274855
1745 5995 7051 
#module 112 size: 3 bs: 1.00622
95 2594 5537 
#module 113 size: 5 bs: 0.199462
787 4664 7585 9224 10706 
#module 114 size: 4 bs: 0.887891
2616 3047 3339 8424 
#module 115 size: 8 bs: 0.563274
4139 6560 6657 7300 7379 9151 10870 11712 
#module 116 size: 21 bs: 0.941365
413 548 819 975 1416 1500 1610 2269 2753 2924 3189 3439 3634 3949 4361 5764 7112 7699 9667 10306 10981 
#module 117 size: 8 bs: 1.0558
374 3235 3777 5694 6392 6417 10076 10669 
#module 118 size: 9 bs: 0.200955
3 2824 3684 3713 5869 8029 8374 10637 12726 
#module 119 size: 4 bs: 0.255863
984 3776 6120 8051 
#module 120 size: 8 bs: 0.83899
52 202 890 2503 2545 4820 7703 10879 
#module 121 size: 3 bs: 0.122041
3007 5448 9981 
#module 122 size: 6 bs: 1.04554
343 1578 2013 7258 8639 12125 
#module 123 size: 8 bs: 0.567258
1598 1854 2041 3525 5114 6017 6189 8365 
#module 124 size: 5 bs: 0.509287
647 686 3366 4232 6828 
#module 125 size: 6 bs: 0.691099
1517 3373 3867 6380 7568 7800 
#module 126 size: 8 bs: 0.364891
1350 1362 1796 3374 3785 6506 7097 10272 
#module 127 size: 5 bs: 0.238771
391 2800 3155 7358 11442 
#module 128 size: 5 bs: 0.859452
1956 4496 6019 9265 10407 
#module 129 size: 11 bs: 0.606313
480 1125 2227 2662 5481 6527 6791 7156 7519 9743 10475 
#module 130 size: 7 bs: 0.69566
2449 3414 5228 6788 7996 8868 10821 
#module 131 size: 4 bs: 0.962121
3352 6917 8264 8882 
#module 132 size: 16 bs: 0.672614
578 1973 3401 3633 3729 3751 5173 5236 5318 7582 8270 8617 10118 10120 10215 10403 
#module 133 size: 5 bs: 0.63833
771 2569 4049 6521 7105 
#module 134 size: 23 bs: 0.336388
564 857 1119 1739 2472 2819 3219 3381 3495 4285 4327 4408 5281 5415 5779 6021 6388 7044 7184 7790 9177 10319 11337 
#module 135 size: 8 bs: 1.03332
3769 4366 5595 7691 8908 9202 10475 10488 
#module 136 size: 5 bs: 0.102923
2681 3217 4963 9102 9159 
#module 137 size: 9 bs: 0.882869
2000 3276 3472 3864 4302 5822 6351 7242 9598 
#module 138 size: 10 bs: 0.445838
726 2309 3083 3485 4457 5270 5328 5659 5876 7274 
#module 139 size: 6 bs: 0.610349
171 1942 4643 5071 7221 8576 
#module 140 size: 20 bs: 0.643983
56 1179 1357 1648 2849 3029 3173 3292 4053 4843 4852 6066 6069 6150 6167 10305 10511 10673 11551 11613 
#module 141 size: 4 bs: 0.810111
2914 3830 4530 8499 
#module 142 size: 4 bs: 0.840706
489 1228 5639 10641 
#module 143 size: 3 bs: 0.259415
191 6165 10809 
#module 144 size: 8 bs: 0.336432
881 3248 5347 6645 6939 7804 8923 9951 
#module 145 size: 6 bs: 0.912205
102 3736 5753 6184 6639 9175 
#module 146 size: 4 bs: 0.368565
5933 6098 6875 8384 
#module 147 size: 5 bs: 0.919536
33 1225 3524 5061 9795 
#module 148 size: 15 bs: 0.349823
30 1194 1633 2177 3831 4704 5080 8867 10218 10490 10959 10962 11146 11405 12506 
#module 149 size: 13 bs: 0.530289
1563 2647 5170 5208 6174 6702 7080 7343 7885 8055 8504 9157 10964 
#module 150 size: 4 bs: 0.934453
427 2277 3301 6011 
#module 151 size: 29 bs: 0.223899
243 320 439 657 1835 2098 2304 2356 3161 5190 5209 5350 5660 5696 5717 5950 6833 7396 7434 8216 8260 8579 8989 9591 9979 10029 10447 10569 11708 
#module 152 size: 57 bs: 0.82176
139 447 900 938 983 1068 1080 1426 1840 2094 2290 2292 2359 2787 3252 3412 3733 3938 4042 4083 4109 4146 4515 4696 4864 4924 4939 5073 5254 5364 6196 6233 6369 6707 6722 6881 7120 7239 7325 7388 7393 7449 7807 7844 7894 7896 7940 8093 8207 8262 8331 9236 9422 10213 10331 10458 12249 
#module 153 size: 15 bs: 0.599347
1243 1477 1490 1887 3107 3151 3527 4886 6440 6578 7932 8203 8234 8695 9419 
#module 154 size: 4 bs: 0.832476
608 3967 6362 8551 
#module 155 size: 20 bs: 0.934721
293 824 1071 1872 1988 2655 3520 3851 4075 4246 4883 5677 7004 7211 7903 8878 9657 10140 10381 10724 
#module 156 size: 9 bs: 0.169387
3081 3155 3200 3341 5472 5674 5841 8627 8865 
#module 157 size: 8 bs: 0.260716
1678 3952 7565 7575 8647 9701 10468 11009 
#module 158 size: 16 bs: 0.985382
574 983 1103 1305 1863 2815 3547 4504 4588 4912 4939 5761 6852 6876 8369 9431 
#module 159 size: 11 bs: 0.855831
1263 2037 2052 2483 2668 3797 4616 4736 4823 7921 10708 
#module 160 size: 13 bs: 0.801916
2480 3196 3380 4044 4541 6226 6491 6701 6769 8314 8327 8704 10341 
#module 161 size: 4 bs: 0.641569
1528 5754 7550 7936 
#module 162 size: 6 bs: 0.602037
3786 5188 5877 5979 8144 10245 
#module 163 size: 6 bs: 1.0845
882 3191 7027 7769 9028 11216 
#module 164 size: 8 bs: 0.665801
1185 2311 4101 4733 5497 10687 10699 10889 
#module 165 size: 10 bs: 0.174514
3497 3635 4422 5667 6572 6913 7860 8936 10024 10188 
#module 166 size: 6 bs: 0.368783
611 1975 2485 3162 6654 9343 
#module 167 size: 9 bs: 0.912811
188 2980 3053 3242 4076 7501 7715 8048 9498 
#module 168 size: 5 bs: 0.314126
1912 3867 4002 6663 9857 
#module 169 size: 5 bs: 0.444103
1505 4621 10171 10978 12746 
#module 170 size: 7 bs: 0.506382
1098 1191 3354 3572 3710 6207 11498 
#module 171 size: 5 bs: 0.67143
2720 5561 5614 6314 6571 
#module 172 size: 23 bs: 1.01876
339 988 1245 2154 3181 3580 3908 4214 4544 4788 5922 6304 6421 6596 7074 7696 8208 8411 9110 9380 10226 10836 11540 
#module 173 size: 11 bs: 0.921511
784 804 1126 3085 3915 4287 4292 5627 6559 7390 11258 
#module 174 size: 8 bs: 0.900297
1038 4884 5972 6712 6808 8943 9079 10414 
#module 175 size: 13 bs: 0.360459
780 858 2732 4500 4811 4922 4999 5964 7549 8278 10115 10321 11189 
#module 176 size: 12 bs: 0.453783
58 907 1069 2403 3227 3592 3664 3852 4497 4812 6830 10636 
#module 177 size: 7 bs: 0.158187
2926 3891 5327 5418 6247 6675 9959 
#module 178 size: 5 bs: 0.296119
3019 3093 6863 10155 11239 
#module 179 size: 6 bs: 0.868517
1321 1333 5109 9450 10356 10761 
#module 180 size: 14 bs: 0.908438
2376 2718 2979 4123 4464 4977 5924 6768 6993 8659 10173 10922 11110 11251 
#module 181 size: 15 bs: 0.741004
785 1237 1737 1898 2349 3059 3567 3584 6374 6418 6563 8550 8595 10375 10781 
#module 182 size: 5 bs: 0.745109
5266 7297 8428 9382 10334 
#module 183 size: 6 bs: 0.338101
667 3608 3865 5191 6892 9330 
#module 184 size: 8 bs: 0.929825
1041 2870 3097 4373 6797 7408 10408 10751 
#module 185 size: 17 bs: 0.769257
214 813 830 1341 1364 1378 2021 2208 4431 4622 5214 5530 5833 7183 9217 9692 9838 
#module 186 size: 11 bs: 0.428035
613 954 3065 3541 3597 5380 5892 6082 6773 8696 10927 
#module 187 size: 3 bs: 0.457103
317 5302 7852 
#module 188 size: 4 bs: 0.138642
720 6445 7028 10950 
#module 189 size: 22 bs: 0.738057
1668 1735 2287 2367 2891 2898 3823 4023 4145 4966 5077 5615 6128 6630 7042 7551 9027 9209 9580 9812 10103 10251 
#module 190 size: 12 bs: 0.852139
140 834 1170 2254 4624 5607 7286 7432 8080 8904 9813 10067 
#module 191 size: 7 bs: 0.345348
851 1636 4096 7007 8711 9374 11717 
#module 192 size: 8 bs: 0.600932
1784 4080 6202 6504 6539 9786 10274 11571 
#module 193 size: 15 bs: 0.686415
1681 2073 2196 2604 6629 6819 7355 7417 7710 8217 8246 10119 10298 10783 12880 
#module 194 size: 5 bs: 0.228959
951 2281 4176 7146 8235 
#module 195 size: 6 bs: 0.226912
848 1777 5370 6995 7367 11410 
#module 196 size: 10 bs: 0.685515
2670 3063 3137 3186 4982 5398 6346 6574 10116 10405 
#module 197 size: 9 bs: 0.678873
1544 2443 2730 2903 3312 4378 4471 4642 6923 
#module 198 size: 9 bs: 0.546958
964 2645 3334 5063 5116 5487 8464 8839 9668 
#module 199 size: 3 bs: 0.452212
433 3826 7563 
#module 200 size: 9 bs: 0.28785
3293 5232 5545 6156 6607 7082 7967 8662 9649 
#module 201 size: 9 bs: 0.568293
209 1999 3166 5180 5261 5391 5927 6879 9985 
#module 202 size: 13 bs: 0.42135
802 1868 2515 2684 3893 4844 7281 7462 8401 8563 9047 9554 10820 
#module 203 size: 6 bs: 0.204067
941 1507 2133 2640 4548 9077 
#module 204 size: 5 bs: 0.515733
1235 3610 7062 8419 9939 
#module 205 size: 4 bs: 0.833077
1503 1696 5187 7659 
#module 206 size: 6 bs: 0.898106
1398 4040 6557 8117 8543 10734 
#module 207 size: 21 bs: 0.406743
346 486 992 2791 3420 3428 3615 3705 4236 4735 6013 6220 6560 6709 7166 7317 8178 8227 9836 11334 12609 
#module 208 size: 3 bs: 0.500519
4124 8308 10463 
#module 209 size: 15 bs: 0.948807
316 1249 1344 1738 1919 2875 4051 5098 5998 6477 6887 7247 7610 8007 8119 
#module 210 size: 3 bs: 0.317464
814 1220 7025 
#module 211 size: 13 bs: 0.722765
1081 2228 2899 3499 4629 5545 5697 5743 6466 6947 7467 8773 9753 
#module 212 size: 11 bs: 0.591628
1354 1689 2121 3822 5179 5566 6071 7309 7372 9152 11273 
#module 213 size: 11 bs: 0.591395
35 1771 1773 1858 2313 2597 5529 6278 6455 9101 11205 
#module 214 size: 4 bs: 0.54504
4688 5740 7279 10729 
#module 215 size: 8 bs: 1.06915
176 1645 2035 2586 3982 4815 5155 9259 
#module 216 size: 3 bs: 0.179318
721 5423 10622 
#module 217 size: 6 bs: 0.228636
571 1204 1782 3825 8857 10165 
#module 218 size: 8 bs: 0.243457
1244 3332 4790 6662 7587 8760 11029 12712 
#module 219 size: 41 bs: 0.509518
166 270 1626 1795 2028 2103 2691 2699 2838 2889 3236 3244 3382 3829 3835 3898 4143 4338 4610 5369 5526 5554 5867 6035 6058 6386 6523 7470 8142 8299 8582 8672 8706 8817 9007 9049 9919 10564 10944 11108 12003 
#module 220 size: 21 bs: 0.296418
869 974 1050 1788 3772 5811 6375 6548 6825 7153 7538 7666 7876 8000 8189 8273 8785 9964 10686 10769 10945 
#module 221 size: 7 bs: 0.374714
79 2455 2494 2708 3621 8294 10930 
#module 222 size: 4 bs: 0.681381
1536 4755 6511 9916 
#module 223 size: 17 bs: 0.833282
227 1785 2252 3121 3393 3641 3725 3977 4018 4893 5093 7149 7373 8346 9629 10346 10371 
#module 224 size: 15 bs: 0.517574
810 926 2606 3020 3042 3642 3744 3805 7193 8918 9267 9468 9488 10857 11026 
#module 225 size: 7 bs: 0.185759
462 1463 1627 3050 3820 4173 5948 
#module 226 size: 8 bs: 0.388202
61 866 1247 1416 2574 3425 5189 10432 
#module 227 size: 3 bs: 0.210302
1809 8345 9139 
#module 228 size: 6 bs: 0.408876
8 271 1398 5848 7208 9173 
#module 229 size: 8 bs: 0.449123
215 1900 2671 3026 7418 8495 8971 9316 
#module 230 size: 4 bs: 0.109991
1639 1685 5971 10605 
#module 231 size: 6 bs: 0.222297
476 939 3043 3061 10241 11095 
#module 232 size: 4 bs: 0.718608
681 1161 4290 7685 
#module 233 size: 17 bs: 0.703924
381 491 518 689 966 1014 1466 1489 3459 3516 6076 6361 6821 7256 7904 9969 10100 
#module 234 size: 5 bs: 0.122767
1359 1737 2506 3250 5872 
#module 235 size: 8 bs: 0.831415
2025 2301 3205 4119 6532 7945 9533 9570 
#module 236 size: 11 bs: 0.562732
1209 1262 2970 3264 4416 6241 6869 8776 10164 10628 11245 
#module 237 size: 7 bs: 0.303551
361 543 3133 7416 10182 10242 11705 
#module 238 size: 23 bs: 0.759209
424 642 956 1142 2310 3179 3436 3767 5057 5064 5241 5784 6822 6828 7622 8304 8386 8508 8701 9083 9662 9901 10532 
#module 239 size: 8 bs: 0.593969
986 2476 2919 3390 3631 6237 7687 8787 
#module 240 size: 4 bs: 0.552382
4152 5926 6420 11703 
#module 241 size: 5 bs: 1.05264
3353 3631 7339 9663 10054 
#module 242 size: 7 bs: 0.14311
714 815 1175 3487 3509 6602 10135 
#module 243 size: 8 bs: 1.01813
1095 1751 2473 6059 7626 8953 9444 11168 
#module 244 size: 7 bs: 0.857372
2256 3453 4314 5143 5479 6924 8181 
#module 245 size: 4 bs: 0.52188
2675 3470 6185 11441 
#module 246 size: 5 bs: 0.6467
61 1502 3678 4231 11011 
#module 247 size: 9 bs: 0.39342
194 3204 4996 7674 7835 8598 9594 11448 12228 
#module 248 size: 13 bs: 0.572794
856 1758 1924 2729 3182 4692 4807 5598 6265 8794 9175 9297 10778 
#module 249 size: 6 bs: 0.712204
1817 5234 6987 7323 8289 10864 
#module 250 size: 8 bs: 0.312507
922 3876 5189 6564 7370 8001 9309 11012 
#module 251 size: 50 bs: 0.783523
516 760 915 977 1026 1230 1317 1921 1955 2162 2182 2219 2413 2418 2788 2975 3418 4066 4074 4211 4463 4949 5075 5195 5218 5382 5532 5587 5612 5682 5913 6061 6155 6731 7173 7403 7439 7491 7694 7829 8016 8039 8795 9264 9346 9369 10162 10265 10567 10931 
#module 252 size: 4 bs: 0.567631
1929 2088 4103 6893 
#module 253 size: 6 bs: 0.283928
1690 3215 6258 6862 6948 9315 
#module 254 size: 5 bs: 0.240905
1147 1331 1686 3091 5304 
#module 255 size: 7 bs: 0.691456
2342 4223 7834 8361 9164 10264 10624 
#module 256 size: 8 bs: 0.463169
878 1656 3551 4810 6778 9046 9553 12990 
#module 257 size: 5 bs: 0.356736
1698 3923 8673 9201 11377 
#module 258 size: 10 bs: 0.259263
142 1652 1843 2934 3291 3845 4815 5936 6008 6158 
#module 259 size: 8 bs: 1.04865
566 1599 3758 4166 5826 7238 7771 7796 
#module 260 size: 5 bs: 0.807903
169 492 1874 3828 9204 
#module 261 size: 5 bs: 0.382803
427 2960 4435 4531 5005 
#module 262 size: 11 bs: 1.04352
1515 1866 2646 3180 6484 6688 6814 8535 9243 9319 10168 
#module 263 size: 8 bs: 1.0406
3031 3101 3620 4932 5780 7866 10887 12635 
#module 264 size: 12 bs: 0.527341
2243 3208 3308 4347 4350 4732 4931 5781 7081 10581 10627 10819 
#module 265 size: 7 bs: 0.525482
1873 2036 3230 3446 7168 10390 10700 
#module 266 size: 6 bs: 1.00428
1335 1939 3927 6693 8033 10522 
#module 267 size: 59 bs: 0.240212
318 382 1260 1356 1363 1582 1728 1889 2129 2391 2612 3326 3500 3570 3682 3718 3936 3987 4311 4507 4647 4787 4824 4863 4890 5099 5130 5354 5384 5406 5501 5741 5874 5911 6283 6721 6850 7159 7419 8148 8513 8712 8806 9134 9176 9589 9616 9683 9820 9957 10470 10827 10974 11000 11112 11367 11443 12899 12949 
#module 268 size: 4 bs: 0.108749
764 4484 7529 10972 
#module 269 size: 9 bs: 0.648678
36 1631 2163 3155 3959 6062 8481 8674 10439 
#module 270 size: 16 bs: 0.621649
1350 1590 1926 3331 3419 4801 4870 5962 7003 7053 7485 9521 10356 10784 10955 11220 
#module 271 size: 5 bs: 0.858532
1063 2559 7067 9403 10614 
#module 272 size: 3 bs: 0.464141
5807 9009 10425 
#module 273 size: 27 bs: 0.126821
64 116 190 1007 1203 1453 1763 2420 2925 3067 3154 3907 4485 5076 5939 6317 6644 7045 7861 7872 7966 8661 8940 9216 10619 10883 12293 
#module 274 size: 17 bs: 0.858519
1202 2119 3984 4280 4470 5152 5582 5792 6795 7473 7923 8657 8840 9720 9896 10517 11107 
#module 275 size: 13 bs: 0.503926
610 1928 3450 3944 4121 5013 5906 6987 8605 9285 9325 10830 11413 
#module 276 size: 15 bs: 0.654298
233 1612 3254 3483 3545 4099 4784 5564 6070 7683 7899 8367 8734 9581 10691 
#module 277 size: 4 bs: 0.374425
2524 5416 6338 8927 
#module 278 size: 8 bs: 0.364094
622 1272 4426 7091 8432 9664 9694 9721 
#module 279 size: 28 bs: 0.267646
431 638 2090 2679 3294 3767 3968 4199 4235 4385 4492 4850 4854 4875 4940 6408 6765 7039 7263 7773 8098 9095 9591 10045 10653 10705 10911 11025 
#module 280 size: 12 bs: 0.276362
4233 5334 5492 6576 6789 7000 7010 7283 7446 8274 9765 10543 
#module 281 size: 18 bs: 0.783873
631 1274 2554 2629 3079 4182 5040 5900 6027 6970 7628 8724 8862 9334 10303 10609 10718 10863 
#module 282 size: 49 bs: 0.67083
636 704 839 1123 1445 1512 1618 1914 2736 3010 3058 3114 3260 3498 3916 3918 4038 4079 4203 4230 4282 4312 4317 4371 4444 5518 5559 5665 5943 6111 6579 6638 6865 7071 7365 7720 7859 7935 7989 8026 8611 9122 9529 10387 10551 10766 10838 10854 10899 
#module 283 size: 8 bs: 1.06788
3605 5793 7971 8810 8834 9011 9417 10885 
#module 284 size: 7 bs: 0.788376
1459 5879 6211 8140 9934 10473 11242 
#module 285 size: 10 bs: 0.703067
771 1020 2012 4169 5133 6210 6349 6848 8699 9671 
#module 286 size: 28 bs: 0.578806
389 1050 1829 2651 2861 2910 3092 3605 4081 4744 5078 6291 6326 7328 7681 7727 7836 7879 7884 8812 8871 9252 10512 10557 10886 10985 11015 11601 
#module 287 size: 7 bs: 0.401921
1200 1667 1781 2810 5474 8891 9914 
#module 288 size: 7 bs: 0.957945
1817 5656 7116 8389 9092 10617 12591 
#module 289 size: 12 bs: 0.862757
1487 2121 2674 2807 3872 5622 5647 5800 6875 8008 8722 10688 
#module 290 size: 5 bs: 0.322648
22 4600 4908 5624 10476 
#module 291 size: 30 bs: 0.634061
345 352 580 1661 2210 2461 2542 3112 3542 3569 3590 4061 4110 4806 4946 5099 5366 5638 5893 6904 7722 7850 8632 8637 8901 9915 10658 10813 12642 12881 
#module 292 size: 20 bs: 0.242789
242 648 1317 1347 1460 3240 3969 5291 5576 5634 5791 5909 6242 6932 6944 8009 8187 9624 9851 10124 
#module 293 size: 11 bs: 0.312607
458 1838 3724 4313 4382 4597 5356 6664 8133 8225 8931 
#module 294 size: 16 bs: 0.972034
1115 1597 2038 3195 3856 4543 5053 5144 5412 6863 8575 9265 9288 9528 10523 10844 
#module 295 size: 6 bs: 0.90256
3288 5929 6917 8322 9811 11412 
#module 296 size: 9 bs: 0.472267
1292 1455 2643 3578 4318 5819 6746 7762 10873 
#module 297 size: 12 bs: 0.324967
842 1522 2504 2508 3586 3602 4088 4568 6741 8470 9500 10620 
#module 298 size: 4 bs: 0.22375
466 5358 6231 7679 
#module 299 size: 12 bs: 0.623247
940 2149 2969 4291 5300 6121 6772 7007 7126 7826 9695 13043 
#module 300 size: 12 bs: 1.05063
1993 2615 3015 3323 4865 5074 5721 6344 6613 7077 7819 9966 
#module 301 size: 11 bs: 0.290801
1281 2237 2384 2529 5175 5947 7881 9195 9674 9944 9973 
#module 302 size: 14 bs: 0.889507
1852 2200 3394 3681 5126 6006 6261 6928 7993 8802 8860 8965 10589 10948 
#module 303 size: 8 bs: 0.714592
1425 4846 5036 7511 7540 8323 8580 9948 
#module 304 size: 31 bs: 0.245364
582 812 1531 2138 2253 2442 3057 3496 3756 4037 4328 4611 4662 4694 4731 5104 5106 5141 5362 5870 5931 6034 6687 6960 7311 7374 8065 8879 9637 9890 10102 
#module 305 size: 3 bs: 0.998865
3481 6898 10976 
#module 306 size: 9 bs: 0.864235
1372 2083 5629 5919 6357 7116 7890 9508 10252 
#module 307 size: 5 bs: 0.611503
1405 4296 5344 5407 5620 
#module 308 size: 12 bs: 1.08217
923 1193 1322 2198 3213 3842 4839 5649 6460 6586 7383 9871 
#module 309 size: 8 bs: 0.424934
28 2190 5019 5421 7484 9161 10481 10559 
#module 310 size: 6 bs: 0.962879
666 4608 5154 5568 6325 8437 
#module 311 size: 3 bs: 0.278563
1581 4112 9013 
#module 312 size: 15 bs: 0.872658
1406 1510 1674 2393 2517 3407 3886 3935 7001 7303 7821 8125 8290 9364 12712 
#module 313 size: 27 bs: 0.515662
1269 1310 1616 1715 1839 1859 2107 2199 2236 2357 2894 3193 3798 3854 4480 4566 4685 4756 5447 5984 7910 7927 8963 9514 9941 10970 11183 
#module 314 size: 14 bs: 0.173143
1793 1836 2380 2474 2676 4041 4935 6610 7109 7990 8028 8086 8122 8443 
#module 315 size: 4 bs: 0.868885
335 3839 3990 6986 
#module 316 size: 10 bs: 0.23044
177 511 2312 3925 6089 7310 8484 9332 9413 9859 
#module 317 size: 52 bs: 0.189924
201 1275 1508 1553 2080 2240 2331 2621 2638 2766 2770 2779 2993 3818 3947 4167 4520 5253 5258 5580 5594 5797 5992 6032 6673 6725 6845 7181 7394 7447 7475 7621 7655 8035 8474 8572 8670 8681 9037 9130 9184 9253 10114 10482 10506 10538 10616 10998 11087 11111 11219 12639 
#module 318 size: 11 bs: 0.276687
196 617 1433 2319 3198 3657 5823 6749 7114 10675 10951 
#module 319 size: 10 bs: 0.667076
1005 1025 1469 2720 3395 4459 4643 4805 6969 10722 
#module 320 size: 8 bs: 0.586483
97 1067 4984 6982 7399 8300 8741 10776 
#module 321 size: 11 bs: 0.365365
585 680 876 1167 1522 3939 4411 4468 7169 10402 10711 
#module 322 size: 10 bs: 0.354626
507 1744 3971 4521 4525 4582 4678 4683 7342 7493 
#module 323 size: 6 bs: 0.851478
1609 3446 4255 4559 9466 10963 
#module 324 size: 10 bs: 0.7255
66 3013 4071 4209 5071 7094 7457 8978 10670 10772 
#module 325 size: 9 bs: 0.720322
394 1028 4433 4665 4840 6235 9375 10231 11878 
#module 326 size: 18 bs: 0.29281
774 1058 1825 1833 4943 5066 5430 5496 6300 6542 7113 7502 8056 8339 9435 10127 10660 10995 
#module 327 size: 15 bs: 0.282968
1054 1134 1646 1731 4025 4448 5635 5997 6442 7263 7662 8206 8406 8420 10477 
#module 328 size: 10 bs: 1.01591
572 710 1315 1637 3400 3836 5499 6535 9225 9327 
#module 329 size: 13 bs: 0.842587
177 2853 4563 5643 6288 7555 8186 8600 9163 9804 10767 12590 12652 
#module 330 size: 6 bs: 0.405484
4849 5525 6043 6333 6422 7020 
#module 331 size: 6 bs: 0.524347
327 1556 4465 8586 9840 10612 
#module 332 size: 11 bs: 0.309827
367 2220 3059 3344 3720 4550 5156 6253 6623 7742 10155 
#module 333 size: 6 bs: 0.515293
778 798 4243 5410 8950 9324 
#module 334 size: 5 bs: 0.343361
1056 5393 6148 6358 7172 
#module 335 size: 7 bs: 0.545633
4153 6001 7213 7701 8555 8624 10908 
#module 336 size: 9 bs: 0.556955
927 2373 3247 3932 4781 5252 5520 6526 9486 
#module 337 size: 9 bs: 0.305466
1438 2389 2568 3088 3338 4682 8036 9509 10733 
#module 338 size: 17 bs: 0.496855
2701 3448 3973 4762 5508 5994 6620 7021 7151 8317 8355 8455 8772 10764 10896 11385 12720 
#module 339 size: 16 bs: 0.680541
638 707 1183 2168 2255 2371 2636 3150 4018 4437 5089 6007 6093 6290 9368 10043 
#module 340 size: 7 bs: 0.467
773 2555 4054 4798 6853 10737 10800 
#module 341 size: 15 bs: 0.532775
150 432 2700 4461 5405 5959 7321 8286 8381 8710 9239 10002 10196 10517 11031 
#module 342 size: 10 bs: 1.07622
359 2387 4156 4726 7054 7808 8554 10293 10617 10712 
#module 343 size: 21 bs: 0.316643
292 553 972 1342 2299 4498 4789 4968 5268 5852 5896 6434 6437 6720 6846 7438 8015 8970 8984 9356 10593 
#module 344 size: 11 bs: 0.791069
1197 1402 1434 2734 3285 5056 5512 8228 8633 8985 9712 
#module 345 size: 5 bs: 0.530068
3142 5032 6625 6674 7195 
#module 346 size: 13 bs: 0.193224
782 1099 1101 1545 1950 2559 3858 4128 4595 6412 6826 10638 11207 
#module 347 size: 43 bs: 0.942061
348 783 847 1074 1428 2040 2366 2372 3032 3449 3531 4384 4442 5045 5079 5085 5185 5630 5708 5803 6448 6462 6472 6588 6641 6715 6742 6805 6829 6909 6936 7131 7825 8176 8890 8991 9268 9752 10369 10557 10755 10758 12605 
#module 348 size: 12 bs: 0.292123
1822 2619 2872 3883 4651 4728 5836 6003 6486 6953 8282 9843 
#module 349 size: 7 bs: 0.110248
933 4427 4556 5762 5895 7160 10710 
#module 350 size: 9 bs: 0.503585
441 804 1561 5431 6147 6366 6426 7324 8777 
#module 351 size: 10 bs: 0.881833
207 1847 5951 6527 8959 8968 9104 10001 10198 10248 
#module 352 size: 34 bs: 0.358855
589 711 720 1155 2931 3062 3411 3595 3606 4140 4700 4867 5045 5209 5560 5752 5821 5956 5988 6474 7170 7622 8219 8273 8357 8692 8790 8828 9603 9623 9848 9901 11196 11415 
#module 353 size: 13 bs: 0.719104
2346 4466 5334 5724 5928 6037 7312 8310 8640 8730 9026 10531 10999 
#module 354 size: 6 bs: 0.887671
1527 3322 3594 7043 7189 8657 
#module 355 size: 6 bs: 0.541567
208 2109 3340 7019 7992 10230 
#module 356 size: 7 bs: 0.851358
598 1339 2406 2456 4262 9365 10097 
#module 357 size: 8 bs: 0.319277
695 1217 3659 6177 7398 7785 8942 11099 
#module 358 size: 3 bs: 0.387532
1669 4900 8258 
#module 359 size: 35 bs: 1.01046
72 303 783 903 1443 1720 1827 2151 2462 2557 2586 2698 3386 3424 3554 3663 3755 3810 4319 4571 5055 5390 5432 6544 7083 7182 7253 8263 8336 8727 9423 9656 9793 10343 10942 
#module 360 size: 4 bs: 0.850861
634 1353 4151 5917 
#module 361 size: 10 bs: 0.246683
265 1281 4372 4721 5223 7600 9197 9273 9944 10270 
#module 362 size: 106 bs: 0.272214
133 197 330 400 410 435 490 510 549 592 775 788 884 1019 1023 1136 1521 1592 1603 1792 1814 1955 1965 2031 2032 2173 2197 2264 2396 2401 2478 2721 2911 2930 2964 3028 3148 3171 3342 3526 3627 3658 3775 3780 4211 4341 4343 4395 4458 4460 4514 4537 4555 4594 4615 4673 4948 5011 5039 5070 5137 5330 5578 5579 5673 5909 5999 6227 6296 6327 6342 6436 6522 6782 6967 7304 7376 7414 7422 7598 7741 8023 8316 8529 8678 8902 8944 8957 8976 9023 9086 9517 9763 9942 9954 10036 10250 10340 10500 10840 10845 11019 11030 11657 12586 12648 
#module 363 size: 42 bs: 1.01702
947 968 1224 1856 2179 2450 2685 2743 3558 3956 3961 4628 4653 4915 4979 5470 5666 5818 6280 6733 7384 7721 7868 8584 9168 9182 9261 9363 9617 9794 9819 9971 10246 10654 10661 10795 10803 11159 11266 11372 11565 12594 
#module 364 size: 8 bs: 0.74488
563 694 1572 5202 6042 7050 7712 9196 
#module 365 size: 4 bs: 0.234579
60 1565 1687 6425 
#module 366 size: 7 bs: 0.819827
325 1819 2551 4122 4638 7526 10968 
#module 367 size: 5 bs: 0.688098
2927 3652 4192 4882 8385 
#module 368 size: 6 bs: 0.990561
2165 3196 7711 9300 10007 10873 
#module 369 size: 18 bs: 0.942628
96 217 304 713 1580 1821 4115 4248 5213 6064 6711 6872 7287 8115 8311 9220 9774 10629 
#module 370 size: 31 bs: 0.765955
1267 1572 1629 1805 1812 1852 2552 2695 3444 4428 4523 4752 5557 5593 6018 6251 6273 6761 6950 7364 7429 7622 7663 9138 9211 9612 9759 10143 10526 10883 11419 
#module 371 size: 7 bs: 0.232267
550 633 4702 6083 6095 6921 10201 
#module 372 size: 6 bs: 0.53998
2735 4592 5371 5626 6524 7519 
#module 373 size: 20 bs: 0.805695
16 85 555 1485 1779 2178 2965 3106 3455 3660 3809 4354 5336 6910 7976 8115 8581 9816 10286 10359 
#module 374 size: 9 bs: 0.370412
619 698 1399 3922 4022 4339 4680 6498 8402 
#module 375 size: 9 bs: 0.844447
1753 4779 4885 7185 7292 8045 9156 9920 10918 
#module 376 size: 6 bs: 0.110572
1429 3548 4424 7039 9030 9688 
#module 377 size: 8 bs: 0.316872
5528 5809 6935 8621 9331 9693 9704 9750 
#module 378 size: 21 bs: 0.971222
299 365 1447 1886 2077 2498 2551 2714 3432 4056 4397 5018 5276 7015 7288 7670 7799 7878 8383 8646 8737 
#module 379 size: 19 bs: 1.01042
877 934 1448 1992 2324 2884 2953 3816 5554 6029 7503 7822 7842 8392 8786 8981 9965 10179 10709 
#module 380 size: 10 bs: 0.890853
27 1338 1851 2588 3202 4064 5337 5341 6088 10914 
#module 381 size: 12 bs: 0.310039
1280 1308 1403 2354 4879 6245 6301 6870 6920 9479 9621 12264 
#module 382 size: 4 bs: 0.487626
1721 4907 5160 9149 
#module 383 size: 10 bs: 0.624949
1207 1725 4950 5728 6411 7248 7391 8811 9002 9652 
#module 384 size: 22 bs: 1.07426
456 493 494 699 1416 1486 1606 1853 2991 3167 4178 5216 5430 5704 6264 7039 7424 7611 8608 9658 9680 10920 
#module 385 size: 155 bs: 0.810136
38 332 452 521 532 758 767 769 797 901 979 1009 1012 1030 1062 1068 1082 1159 1173 1195 1239 1283 1295 1323 1424 1504 1801 1840 1885 1922 1990 2046 2211 2523 2661 2682 2787 2846 2848 2907 2957 2972 3082 3270 3355 3360 3466 3519 3679 3848 3853 3882 4001 4091 4293 4295 4346 4413 4446 4490 4609 4636 4666 4671 4780 4814 4826 4835 4868 4901 5058 5194 5218 5220 5374 5392 5396 5500 5533 5570 5633 5678 5952 6208 6221 6228 6350 6427 6443 6653 6692 6740 6767 6793 6841 6961 7068 7072 7154 7389 7441 7518 7553 7594 7661 7684 7735 7838 8163 8166 8207 8210 8222 8279 8342 8400 8426 8436 8440 8523 8557 8655 8689 8700 8835 8874 8905 9109 9294 9299 9323 9410 9415 9510 9539 9559 9855 9879 9953 9980 10070 10093 10206 10259 10331 10749 10752 10799 10828 10835 11067 11155 11256 11270 12645 
#module 386 size: 24 bs: 1.04082
2232 2497 2539 2799 2929 3263 3282 4407 4676 5233 5502 6905 7356 7966 8414 8452 8552 9171 9395 9550 9870 10253 10515 11490 
#module 387 size: 14 bs: 0.69188
222 702 1644 2110 2496 3122 4057 6309 6457 6868 7649 8847 10541 10825 
#module 388 size: 4 bs: 0.749861
4104 4849 9483 10434 
#module 389 size: 4 bs: 0.12284
135 1128 5282 11694 
#module 390 size: 13 bs: 0.655437
1774 3046 3233 3310 3562 3670 4099 5547 6330 6730 6907 7026 9145 
#module 391 size: 3 bs: 0.860141
6459 6655 10347 
#module 392 size: 4 bs: 0.560205
3464 5082 7056 10871 
#module 393 size: 10 bs: 0.75788
1865 3398 4193 5429 6527 6589 7431 7789 9361 10282 
#module 394 size: 19 bs: 0.928154
1576 1628 2141 2984 3125 3463 5310 5662 5860 6831 7115 7758 7810 9212 9645 9886 10210 10226 13055 
#module 395 size: 10 bs: 0.376388
820 1237 2003 3298 3512 3607 4723 7267 10058 10717 
#module 396 size: 10 bs: 0.518603
625 2688 3078 3275 3304 3478 5388 6201 8446 11092 
#module 397 size: 8 bs: 1.04229
2212 3156 3823 6450 6899 7692 10312 12661 
#module 398 size: 20 bs: 0.141236
528 567 641 1132 2069 2750 3359 4141 5217 5618 6270 6390 6747 7140 7226 7530 9290 10359 10773 11371 
#module 399 size: 9 bs: 0.300701
236 3686 4245 5413 8906 9512 9573 10291 10733 
#module 400 size: 23 bs: 0.365298
158 513 1653 1958 2709 4135 4481 4494 5267 5734 6206 6528 6636 6750 6806 6823 7230 8042 8684 8833 9888 10650 10826 
#module 401 size: 4 bs: 0.924216
1411 3281 4358 6475 
#module 402 size: 41 bs: 0.710619
54 75 318 411 894 924 948 1096 1608 2408 2496 2937 3920 4149 4200 4383 4772 4829 5287 5714 5730 6007 6546 7157 7466 7901 8020 8286 8580 8766 8892 9172 9496 9724 9733 9986 10310 10462 10632 10858 10898 
#module 403 size: 14 bs: 0.739493
1273 3993 4072 4088 4308 4921 6373 8266 8719 9288 9848 9858 9963 10674 
#module 404 size: 10 bs: 1.07065
1476 1515 4102 4286 4505 4795 6479 7592 9873 10568 
#module 405 size: 9 bs: 0.324601
527 699 5100 6626 6778 6897 7870 8084 10849 
#module 406 size: 6 bs: 0.939775
309 3206 3889 9051 10097 10334 
#module 407 size: 5 bs: 0.465818
1003 1880 4357 4760 7500 
#module 408 size: 13 bs: 0.520319
322 2143 2758 3560 4406 4436 4467 5331 5403 5691 6409 7086 10768 
#module 409 size: 19 bs: 0.718106
442 475 1419 1611 2325 2377 2432 2777 3052 3131 3243 3676 4956 5373 5465 6942 7104 8877 10919 
#module 410 size: 21 bs: 0.104424
21 1390 1904 2117 2454 2658 2818 2820 2879 3403 4007 4417 4512 5345 5770 6249 6393 7252 7798 7865 10560 
#module 411 size: 10 bs: 0.965102
2854 3346 3871 5372 5676 6154 8243 8913 9123 10487 
#module 412 size: 7 bs: 0.660599
1777 3256 3861 5804 6455 6704 8259 
#module 413 size: 42 bs: 0.553429
534 1115 1176 1178 1326 1465 1998 2868 2978 3218 3552 3571 3812 3941 4142 4472 4603 4655 4717 4797 5134 5863 6143 6213 6538 6874 7085 7107 7308 7442 7873 8059 8515 8939 8989 9036 9100 9467 10132 10277 10701 12874 
#module 414 size: 19 bs: 0.495818
144 345 1303 1454 1818 2761 2937 3064 4874 5224 5376 6301 7931 8041 8134 9417 9565 9641 10649 
#module 415 size: 10 bs: 0.699466
793 1213 3553 4562 6465 7171 8948 9146 9476 10370 
#module 416 size: 9 bs: 0.526897
274 1199 1578 1584 1694 4252 7326 7489 11337 
#module 417 size: 5 bs: 0.655493
4122 6959 8088 8782 9844 
#module 418 size: 6 bs: 0.635571
2726 4848 5759 6028 8769 11255 
#module 419 size: 10 bs: 0.589638
1561 1842 3190 3690 4271 5631 6994 7032 9525 10956 
#module 420 size: 10 bs: 0.574771
456 995 1457 3994 6025 6091 6520 7669 7946 9427 
#module 421 size: 6 bs: 0.763647
78 4090 6337 7404 7744 8873 
#module 422 size: 5 bs: 1.09466
868 8175 10023 10083 10483 
#module 423 size: 5 bs: 0.791679
1690 4239 6794 8021 8857 
#module 424 size: 6 bs: 0.662564
3297 3739 6537 9016 10279 11083 
#module 425 size: 9 bs: 1.03071
2076 2519 3089 5323 5349 6857 6914 9104 9798 
#module 426 size: 15 bs: 0.586123
653 677 2147 2341 2516 2665 3975 4563 4858 6045 6728 8089 9150 11364 12426 
#module 427 size: 6 bs: 0.89423
2575 3673 6859 7579 7937 8271 
#module 428 size: 10 bs: 0.932712
163 2294 5367 6048 7453 7650 9661 11016 11177 12495 
#module 429 size: 5 bs: 0.837412
4990 7713 7874 9630 10980 
#module 430 size: 53 bs: 0.501888
237 575 790 1269 1715 2181 2223 2236 2314 2351 2558 2808 2828 2894 3025 3037 3239 3433 3501 3573 3618 3774 3859 4131 4501 4510 4527 4661 4971 5250 5438 5447 5486 5747 5983 5989 6216 6764 7583 7591 7629 7862 8864 9143 9396 9487 9881 10017 10086 10453 10770 10807 10970 
#module 431 size: 4 bs: 0.998166
1237 2104 3630 8882 
#module 432 size: 3 bs: 0.931813
1944 3819 3996 
#module 433 size: 26 bs: 0.467621
48 50 463 826 2928 3243 3368 3416 3563 3782 3895 3966 4206 4475 4821 5590 6131 6589 6901 7510 7886 8368 8964 9420 9922 10406 
#module 434 size: 5 bs: 0.630883
1937 2057 8761 9042 10292 
#module 435 size: 15 bs: 0.362715
454 1282 1658 2268 3032 3036 3246 4462 5129 6341 6710 7024 7544 8095 11117 
#module 436 size: 25 bs: 0.215921
74 925 1110 2074 2407 2412 2704 2985 3614 4529 5588 6451 6757 7729 7982 8559 8728 8750 9018 9317 9632 10517 10523 11451 13019 
#module 437 size: 9 bs: 0.220174
1799 3703 3838 4561 6280 7740 9342 10134 10916 
#module 438 size: 9 bs: 0.250255
137 238 2680 3002 3633 4360 9880 9961 10811 
#module 439 size: 11 bs: 0.604323
344 1484 3328 3666 7521 7642 7739 7786 8403 9055 9775 
#module 440 size: 4 bs: 0.451066
708 4032 6712 7079 
#module 441 size: 5 bs: 0.802901
31 1213 1672 6676 7794 
#module 442 size: 5 bs: 0.753293
2323 3807 5789 7412 7900 
#module 443 size: 19 bs: 0.995911
630 699 1458 2386 2482 2778 3479 3546 4630 4842 5139 5465 5647 5942 6647 7125 8648 10192 11119 
#module 444 size: 7 bs: 0.785548
1962 2095 2919 3391 4092 4937 10272 
#module 445 size: 5 bs: 0.884715
5294 5407 5864 6229 10178 
#module 446 size: 14 bs: 0.98198
1265 1797 2088 2347 2785 3223 3631 3884 4078 5820 6355 8127 10546 10746 
#module 447 size: 9 bs: 1.07223
159 2977 3004 3243 4026 5555 5848 8053 9039 
#module 448 size: 8 bs: 0.575056
1287 3617 5420 6517 6601 7169 9070 9931 
#module 449 size: 7 bs: 0.726124
15 3876 5152 5311 8353 8599 9439 
#module 450 size: 12 bs: 0.307561
133 586 1011 1310 6195 6428 6816 6949 7014 7848 9650 9941 
#module 451 size: 6 bs: 0.26033
2107 3328 3422 5088 8317 10287 
#module 452 size: 5 bs: 0.153431
1056 3051 8613 9889 10244 
#module 453 size: 3 bs: 0.534282
883 7319 8305 
#module 454 size: 5 bs: 0.860664
1468 1520 2837 7482 7600 
#module 455 size: 25 bs: 0.951427
274 763 1045 1184 1567 2070 2251 2435 2500 2552 3489 4335 5093 5112 5610 6067 6131 6356 8285 8456 8768 9544 9717 10512 10644 
#module 456 size: 21 bs: 0.744625
364 539 656 774 1211 2707 2747 2941 3706 3726 4077 4841 5182 5221 5831 7075 8141 8279 9071 10902 11487 
#module 457 size: 25 bs: 1.02405
1122 1222 1474 1494 1786 1890 2042 2507 2916 3269 3565 4423 5201 6352 6706 6759 7299 8019 8108 8966 9864 10126 10662 10780 11032 
#module 458 size: 25 bs: 1.021
174 1024 1073 1492 1811 2072 2475 2600 3005 3168 3316 3514 3550 5091 5866 6367 6744 7426 7668 7909 8242 8570 9223 10376 11005 
#module 459 size: 7 bs: 1.09518
328 3333 5271 6487 7541 8028 9251 
#module 460 size: 17 bs: 0.979231
535 630 699 786 1659 3039 3505 3900 4307 5916 6305 6927 7147 7328 8104 8283 10271 
#module 461 size: 14 bs: 0.682265
412 932 1911 2043 2623 3104 3840 4189 4533 5507 5571 6141 9697 9767 
#module 462 size: 5 bs: 0.794227
4228 5299 5751 8240 8556 
#module 463 size: 7 bs: 0.744973
1113 1488 5087 7902 8130 8775 11481 
#module 464 size: 7 bs: 0.837816
2598 4164 8526 8639 9414 9775 10415 
#module 465 size: 15 bs: 0.363026
874 1447 1515 5046 5340 5387 5641 6368 6591 6925 7089 7260 7504 8422 8818 
#module 466 size: 4 bs: 0.635291
806 4198 6895 7043 
#module 467 size: 16 bs: 0.916518
1145 1614 1897 2128 2745 3231 4043 4205 6499 6543 6957 7046 7218 9203 9924 10765 
#module 468 size: 5 bs: 0.91346
1699 1938 4951 7930 9242 
#module 469 size: 18 bs: 0.726878
654 705 791 1250 2644 2649 2967 3108 3575 3802 4713 5004 5993 6209 6943 8546 9625 11267 
#module 470 size: 13 bs: 1.08049
278 323 508 1535 1673 2451 3745 6173 6787 9531 9845 10012 10496 
#module 471 size: 14 bs: 0.351497
1709 3118 4195 5419 6299 7572 7882 8103 9073 9416 9475 10303 10858 11335 
#module 472 size: 9 bs: 0.84992
367 541 1065 2987 3896 6589 8485 9186 10894 
#module 473 size: 14 bs: 0.65234
709 931 3587 3595 3799 3924 4506 5434 6646 6658 9906 10526 10919 11488 
#module 474 size: 10 bs: 0.959935
565 2207 2436 2525 5327 5829 5946 6039 7680 9857 
#module 475 size: 3 bs: 0.112769
4050 5103 7148 
#module 476 size: 7 bs: 0.743918
2426 4807 7145 7596 8353 8749 10938 
#module 477 size: 8 bs: 0.453247
206 2741 4353 4929 4959 8350 9327 10356 
#module 478 size: 6 bs: 0.620587
1393 5000 6374 8044 8250 10443 
#module 479 size: 12 bs: 0.489686
1391 3169 3561 3809 3816 3870 4212 4804 8656 10300 10358 12678 
#module 480 size: 11 bs: 0.362905
596 2118 2855 3606 4955 6438 6979 8086 10198 10544 10980 
#module 481 size: 16 bs: 0.382828
989 1036 1491 1583 1634 5015 5043 6215 7770 8091 8609 9293 9295 10113 10184 11134 
#module 482 size: 11 bs: 0.947799
267 1112 1395 1836 1837 3241 3377 6219 7327 7624 11158 
#module 483 size: 5 bs: 1.04351
4039 5163 5976 6708 10980 
#module 484 size: 23 bs: 0.799368
205 968 1086 1271 1529 1547 1906 1961 2366 2841 3742 3956 4745 4923 5451 5944 5977 6733 7268 7916 8462 9728 10149 
#module 485 size: 4 bs: 0.646303
2056 2433 6610 6871 
#module 486 size: 3 bs: 0.665701
7277 9033 10317 
#module 487 size: 11 bs: 1.08564
46 897 1015 1512 2939 3620 5689 5880 7007 9695 11157 
#module 488 size: 10 bs: 0.461532
1006 1415 2092 3347 3803 4310 5339 6804 7237 7519 
#module 489 size: 22 bs: 0.19976
18 49 434 1360 1499 3221 3452 3529 3616 4177 4369 4956 5619 5861 6433 7810 8876 9063 9456 10191 10527 10649 
#module 490 size: 3 bs: 1.05992
2225 5592 10505 
#module 491 size: 7 bs: 0.739724
4277 4995 5904 7052 7423 8378 9605 
#module 492 size: 18 bs: 0.700474
1078 2353 3192 3305 4168 5212 5327 6297 8006 8408 9069 9489 10152 10308 10640 11272 11453 11473 
#module 493 size: 5 bs: 0.513858
1065 2267 5117 6930 7917 
#module 494 size: 13 bs: 0.16334
497 1231 1351 1981 2805 4518 4881 7078 7837 8686 8825 10108 10399 
#module 495 size: 7 bs: 0.711023
260 1909 2656 3157 5400 7780 8711 
#module 496 size: 14 bs: 0.820499
1577 2720 3053 3543 4245 5584 6517 7316 8716 9790 9994 10377 10910 11428 
#module 497 size: 13 bs: 0.138267
318 1120 1369 1421 1847 2385 2625 3711 3963 6512 9849 10001 10904 
#module 498 size: 18 bs: 0.889847
32 1382 2129 2383 2622 4006 4099 4559 5132 5234 5542 6001 6002 7772 7966 7976 8059 8115 
#module 499 size: 5 bs: 0.716981
2502 3502 3811 5277 10240 
#module 500 size: 27 bs: 0.338676
84 185 476 881 3060 3076 3240 3246 3799 4237 4734 4986 5085 5816 6377 7133 7756 7976 8054 8368 8387 9734 9862 10103 10682 10723 11020 
#module 501 size: 9 bs: 0.422874
1724 4961 6020 6254 6509 7902 8130 10857 11377 
#module 502 size: 29 bs: 0.850028
961 1218 1534 1759 2484 2913 3899 4481 5322 5375 5766 6122 6141 6454 6626 7044 7175 7435 8378 8858 9256 9767 9912 10022 10284 10893 10936 10967 12756 
#module 503 size: 5 bs: 0.373654
3764 3995 5482 6151 9571 
#module 504 size: 10 bs: 0.48639
595 5675 6640 7058 7307 8193 8589 8983 10378 11338 
#module 505 size: 10 bs: 1.06904
356 514 604 1188 1622 2375 5020 6060 8105 9600 
#module 506 size: 9 bs: 0.315651
649 1258 4014 4715 5637 7018 8107 9758 10044 
#module 507 size: 9 bs: 1.00597
877 895 2760 3337 4495 5319 8714 8975 9226 
#module 508 size: 9 bs: 0.31088
515 1435 2835 5437 6476 7339 8209 8895 11436 
#module 509 size: 3 bs: 0.258155
3808 6705 9114 
#module 510 size: 8 bs: 0.190446
1108 1622 2428 8036 8170 10091 10329 11400 
#module 511 size: 5 bs: 0.461079
2295 3306 6407 7581 9175 
#module 512 size: 15 bs: 0.621499
1806 2320 3100 3194 3813 3914 5307 5408 6641 6922 7750 8195 8427 9066 9910 
#module 513 size: 11 bs: 0.41796
184 1079 2214 2882 3542 5289 5366 7336 8981 9260 10947 
#module 514 size: 34 bs: 0.498043
213 891 1259 2297 2792 3591 3595 3968 4201 4580 5060 5096 5275 5357 5379 5506 5563 5749 6075 7090 7100 7200 7766 7961 8020 8143 8155 8368 8892 9277 9742 10196 11098 11434 
#module 515 size: 25 bs: 0.9759
440 552 650 934 1524 1526 2496 2802 3324 3641 3863 3950 4004 4107 4579 4764 5093 5278 5419 5541 6353 7000 8261 8792 10927 
#module 516 size: 4 bs: 0.449486
1780 5317 6643 7997 
#module 517 size: 5 bs: 0.912497
688 1708 2135 2565 2681 
#module 518 size: 5 bs: 0.474116
4618 6384 8615 10535 11088 
#module 519 size: 6 bs: 0.24469
822 1543 3661 3669 4535 5156 
#module 520 size: 37 bs: 0.617084
75 210 318 557 562 1053 1396 1451 1572 1712 2703 3429 3494 3795 4165 4368 4764 4817 4904 5038 5181 5306 5444 5910 6078 6273 6664 6734 7087 7972 7994 8031 9579 9591 9783 10577 11962 
#module 521 size: 9 bs: 0.970877
104 578 1314 3296 3697 6180 8630 9775 9806 
#module 522 size: 5 bs: 0.58503
3024 4315 4770 7857 10602 
#module 523 size: 11 bs: 0.308419
1316 3134 3399 4631 5198 6073 6662 9655 10584 10842 11447 
#module 524 size: 18 bs: 0.422839
789 831 1340 4659 5737 5840 6132 6311 6631 6695 6929 7270 7382 8610 8820 8954 9918 11497 
#module 525 size: 6 bs: 0.644418
3771 5591 5827 6770 10623 12475 
#module 526 size: 4 bs: 0.387271
3677 5483 7625 7664 
#module 527 size: 5 bs: 0.654132
354 3038 4405 4607 6186 
#module 528 size: 36 bs: 0.314986
472 991 1085 1499 1729 1864 2078 2262 2954 2998 3468 3566 3694 4351 4499 5346 5455 5539 6036 6176 6400 6516 6597 6799 7240 7397 7652 7914 7967 8321 8362 8935 9089 9967 10866 10992 
#module 529 size: 20 bs: 0.672814
873 999 1054 1238 1794 2015 3030 3132 3505 4301 4833 5174 5274 5361 6041 6593 7231 10682 10919 11419 
#module 530 size: 5 bs: 0.171522
2049 5689 6598 8323 11840 
#module 531 size: 13 bs: 0.904475
57 3128 3557 3612 3768 3860 4572 5840 6784 7522 7979 8086 8614 
#module 532 size: 8 bs: 0.684468
1027 1523 2086 3589 4064 5903 6254 8830 
#module 533 size: 5 bs: 0.448342
1542 3220 7207 7588 10703 
#module 534 size: 11 bs: 0.732072
319 570 1650 2145 5619 5853 5969 6130 8995 9504 10891 
#module 535 size: 15 bs: 0.189064
459 600 1303 1377 1423 1750 1757 3074 4337 5052 6051 6956 7022 7691 9027 
#module 536 size: 13 bs: 0.671128
197 485 1833 1849 2057 2746 3549 4473 6621 7724 8462 8720 8946 
#module 537 size: 20 bs: 0.223483
69 1006 1578 1768 2036 2249 3101 3234 3435 3940 4224 4249 5813 5908 6527 6550 7006 9798 10188 11163 
#module 538 size: 16 bs: 0.421557
1740 1741 2756 3636 4283 4757 5144 5272 5541 5683 7010 7259 8287 8348 10188 12933 
#module 539 size: 18 bs: 0.858038
1436 1569 2213 2871 3201 3993 5065 5461 6166 7329 7353 7801 8245 8293 9238 9977 10591 11222 
#module 540 size: 13 bs: 1.04759
32 441 579 2551 3389 3576 3985 4706 4887 5949 8247 8323 8937 
#module 541 size: 12 bs: 0.49849
795 2147 2295 7217 7905 8431 8494 8854 9247 9399 9606 9997 
#module 542 size: 8 bs: 0.169922
563 3067 3210 3362 5703 6335 8801 8999 
#module 543 size: 5 bs: 0.380011
34 4033 4528 7952 10039 
#module 544 size: 11 bs: 0.290491
1137 2186 3640 6512 7095 7791 7827 9008 9458 9714 10484 
#module 545 size: 12 bs: 0.502461
1498 2441 2717 3258 3689 5308 5542 6396 6754 7049 8968 10042 
#module 546 size: 11 bs: 0.216816
691 1936 3477 3817 4244 5760 5823 7405 8376 10933 11169 
#module 547 size: 14 bs: 0.203796
260 854 1205 2116 2120 3361 4522 4770 5336 5702 6376 6585 6610 7375 
#module 548 size: 15 bs: 0.481753
832 1401 2224 3119 3473 3650 5732 6558 7543 7688 7730 8214 10404 10555 10785 
#module 549 size: 14 bs: 0.807637
1573 1660 3692 3843 3862 4412 5107 5222 5655 7088 7690 7731 9734 10934 
#module 550 size: 25 bs: 0.432184
1152 1311 1396 2108 2328 3926 4020 5112 5231 5601 5640 6519 7048 7849 7893 8251 8501 8575 9665 9936 10121 10523 10832 11141 11614 
#module 551 size: 12 bs: 0.794126
351 652 1396 1776 2943 4263 5283 5663 5688 6938 7275 12170 
#module 552 size: 6 bs: 0.916859
1044 1847 4530 4569 4972 6281 
#module 553 size: 3 bs: 0.196347
4171 4269 10051 
#module 554 size: 16 bs: 1.03965
560 994 1033 2353 3214 3704 5239 5621 5996 6637 6691 6869 7673 9074 10626 10868 
#module 555 size: 11 bs: 0.950284
861 1493 3462 4161 5280 6294 6836 7167 8522 8721 10744 
#module 556 size: 10 bs: 0.914065
1127 1177 1414 2650 2959 3624 4549 7377 11024 11556 
#module 557 size: 15 bs: 0.780332
902 1559 1690 2747 3110 3405 4474 4601 5189 6772 6962 8010 8910 9111 10925 
#module 558 size: 14 bs: 0.823576
328 829 1518 3021 4019 7689 8330 8837 8961 9639 10223 10904 11483 11709 
#module 559 size: 9 bs: 0.597854
2489 2564 2585 3073 3090 3855 4180 5021 8703 
#module 560 size: 10 bs: 0.877326
32 1120 2614 3255 3574 4409 4433 5271 6774 10382 
#module 561 size: 8 bs: 0.217491
777 1034 6274 6565 9044 9400 10613 10727 
#module 562 size: 7 bs: 0.105731
1665 4218 4447 7793 8759 9545 12790 
#module 563 size: 9 bs: 1.09159
655 2099 4345 8109 8147 8229 8565 10574 11215 
#module 564 size: 12 bs: 1.07264
1346 1444 1824 3454 5574 5824 6648 7991 8066 8360 8489 11086 
#module 565 size: 13 bs: 0.200262
1181 1640 1979 2209 5858 6456 7008 7229 7407 7759 9193 10320 10327 
#module 566 size: 9 bs: 0.552758
981 998 1540 4048 4307 4374 5158 5581 10316 
#module 567 size: 63 bs: 0.146075
110 588 910 1593 2018 2171 2486 2518 2535 2712 2923 3045 3207 3237 3274 3511 3537 3894 3906 4442 4689 5226 5237 5394 5439 5774 5775 5932 6086 6112 6649 6694 6906 6996 7098 7135 7380 7576 7957 8138 8161 8249 8352 8366 8866 8886 8890 8929 9418 9513 9588 9677 9926 10098 10153 10299 10534 10659 10739 10777 10852 10932 12792 
#module 568 size: 30 bs: 0.203845
1018 1257 1396 2713 2908 3074 3746 4006 4157 4757 4827 4904 5050 5053 5363 5802 6126 6255 6675 6863 6864 6878 7000 7895 8139 8575 9355 9620 9647 10617 
#module 569 size: 9 bs: 0.703884
845 5023 7161 8296 9453 9523 10049 10433 10901 
#module 570 size: 20 bs: 0.64377
963 1212 1677 1882 2058 2653 3135 4127 4822 6079 6082 7227 7816 8335 8982 9276 9288 10147 10791 10853 
#module 571 size: 16 bs: 0.822092
301 1270 1853 2137 3639 4204 4399 5888 6354 7039 7244 7995 8770 9814 12527 13018 
#module 572 size: 27 bs: 0.676666
1160 2027 2152 2490 2520 2624 2988 3280 3387 3790 5242 5275 6391 6496 7084 7717 7898 7963 8371 9040 9208 9210 9950 10208 10514 10723 12492 
#module 573 size: 14 bs: 0.874184
150 2054 4031 5771 6102 6464 6903 7321 7329 8256 9912 9949 10359 10455 
#module 574 size: 68 bs: 0.463711
172 312 362 370 377 420 560 803 828 882 919 943 1081 1233 1373 1427 1582 1867 1941 2185 2302 2315 2511 2552 2607 3014 3178 3287 3429 3490 3500 3534 3569 3667 3675 3743 4542 4632 4792 4883 4967 5100 5181 5764 5910 6074 6321 6359 6647 6669 7722 7749 7814 8111 8297 8347 8921 9495 10033 10151 10222 10449 10599 11074 11192 11193 12582 12977 
#module 575 size: 26 bs: 0.505149
124 211 841 1396 1595 1716 1730 3253 3626 4298 4398 4534 5525 5599 5856 5881 7847 8382 8877 9192 10034 10236 10680 10808 10928 10966 
#module 576 size: 4 bs: 0.853757
1226 3017 5490 9284 
#module 577 size: 21 bs: 1.08275
85 646 1384 2352 2639 3574 4158 4834 5402 5477 6114 6473 6606 6687 7337 8409 8421 8791 9404 9831 10532 
#module 578 size: 23 bs: 0.510067
1384 1818 2009 2250 2500 2696 3245 3574 3997 4325 4432 5247 6056 7087 7506 7700 7884 8691 8766 8992 9788 9831 10556 
#module 579 size: 19 bs: 0.709542
1257 1381 2330 2361 3064 3750 3816 4107 4294 4709 5231 5295 5601 5941 6000 8302 10971 10977 11004 
#module 580 size: 48 bs: 0.496093
75 143 417 558 852 1053 1084 1119 1257 1363 1381 1697 1711 2322 2538 3268 3333 3486 3753 3920 4085 4316 4335 4355 4401 4547 4764 5225 5261 5402 6313 6480 6614 6736 6805 6806 6988 7096 7926 8571 8891 8899 9338 9788 9875 10014 10513 11611 
#module 581 size: 8 bs: 0.496547
141 1434 2124 5745 6516 7607 7767 9929 
#module 582 size: 6 bs: 0.946479
257 2123 6424 7864 8592 10504 
#module 583 size: 14 bs: 0.641703
885 1624 1953 2885 3209 5273 5548 5963 6175 6611 8468 9417 9681 11591 
#module 584 size: 31 bs: 0.901091
368 469 1010 1286 1335 1710 1713 1877 2178 3877 4157 4159 4213 4532 6046 6153 6336 6763 6883 6945 7141 7210 7755 8061 8987 9006 9045 9221 9286 9733 10146 
#module 585 size: 10 bs: 0.914472
1896 4865 5538 5621 6478 7648 8277 8543 10175 10360 
#module 586 size: 4 bs: 0.294628
1148 3226 4089 4637 
#module 587 size: 22 bs: 0.715687
1980 2543 2587 2710 2950 3095 3668 3685 3832 3843 4853 5378 5485 6240 6573 7546 7986 8318 8841 10372 10987 11475 
#module 588 size: 13 bs: 0.142634
260 467 1149 4455 5449 5475 5606 6217 6582 7615 8397 9825 12626 
#module 589 size: 14 bs: 0.566815
906 934 2429 3084 3232 7363 7506 7880 8067 8439 9371 9845 9876 10122 
#module 590 size: 18 bs: 0.247544
679 1150 1319 1912 2026 3837 4267 5562 5669 6562 7004 7616 8932 8998 9266 9333 9386 10048 
#module 591 size: 7 bs: 0.196862
228 2142 3680 8481 9481 10491 11274 
#module 592 size: 14 bs: 0.604831
1714 1748 1940 2658 4006 4734 5123 5467 7305 7697 8564 8641 8896 10606 
#module 593 size: 7 bs: 0.658888
594 1938 2942 5763 6541 8912 9280 
#module 594 size: 55 bs: 0.947004
67 623 665 914 952 1194 1604 1649 1766 1787 1951 2167 2425 2786 2909 2981 3238 3510 3588 3632 3998 4046 4297 4794 4991 5395 5426 5603 5851 6404 6447 6463 6505 6577 6729 7322 7430 7548 7805 7856 8011 8024 8236 8267 8521 8664 9032 9041 10088 10861 11014 11113 11231 11643 11936 
#module 595 size: 7 bs: 0.692803
1538 1927 2457 5755 7709 9673 9889 
#module 596 size: 4 bs: 1.03816
515 2085 7564 9117 
#module 597 size: 31 bs: 0.663554
350 432 557 569 921 1567 2068 2194 3259 3540 3806 3916 4179 5035 5683 5756 5788 6236 6287 6867 6918 6964 6992 7011 7334 7702 7809 7931 8843 9848 11007 
#module 598 size: 12 bs: 0.501082
437 1702 1976 3026 4713 5725 6698 6755 7555 8118 10598 11699 
#module 599 size: 8 bs: 0.475659
881 1120 2627 4016 4029 6802 10337 10831 
#module 600 size: 9 bs: 0.483459
875 1084 1210 3229 3761 6900 8231 9536 9654 
#module 601 size: 16 bs: 0.669736
122 268 1739 1935 3383 3609 3954 4552 4575 4645 4969 6383 7351 8112 8200 8676 
#module 602 size: 6 bs: 0.633084
3559 7262 8946 9165 9397 9751 
#module 603 size: 7 bs: 0.369058
2821 3053 7059 8194 8683 10982 11635 
#module 604 size: 7 bs: 0.727939
990 4062 5407 6696 7285 8040 10053 
#module 605 size: 6 bs: 0.15085
1641 1832 3155 3180 8238 9548 
#module 606 size: 6 bs: 0.956057
482 3649 3719 5985 8675 8885 
#module 607 size: 6 bs: 0.810261
295 2030 3581 9305 10130 10993 
#module 608 size: 19 bs: 0.444699
222 310 351 2583 3930 4956 5033 6307 7609 7854 8216 8710 8830 9492 9632 9735 10239 10634 11072 
#module 609 size: 132 bs: 0.538786
120 173 210 347 357 481 559 792 905 945 1153 1183 1291 1376 1441 1452 1496 1566 1620 1723 1789 2055 2129 2155 2296 2447 2491 2531 2666 2687 2709 2725 2764 2836 2860 2913 3138 3188 3310 3365 3385 3437 3603 3750 3841 3873 3936 3986 4004 4061 4129 4154 4172 4208 4257 4264 4395 4415 4429 4605 4652 4655 4841 5067 5165 5355 5622 5650 5727 5735 5756 5891 5899 5915 6052 6364 6385 6430 6448 7044 7096 7444 7454 7723 7779 7798 7875 7897 7911 7960 8160 8179 8265 8416 8597 8736 8808 8856 8894 8903 8945 8970 9027 9181 9401 9408 9515 9544 9773 9810 9832 9852 9960 10056 10062 10193 10196 10222 10233 10238 10267 10310 10336 10547 10583 10651 10672 10698 10723 10812 11136 11495 
#module 610 size: 23 bs: 1.01379
728 2804 2971 3345 3692 3832 3978 4272 4768 4985 5197 6276 6525 6704 6985 7716 8615 8869 8933 9233 9357 9698 10677 
#module 611 size: 19 bs: 0.357621
1241 1664 2469 3975 5259 5987 6047 6467 6619 6800 7420 7682 8787 8862 9966 10073 10558 10732 12663 
#module 612 size: 12 bs: 1.00378
231 4221 4349 5652 5832 8569 9131 9765 10238 10427 10692 11123 
#module 613 size: 8 bs: 1.03151
1480 2493 2733 3964 5348 7115 8856 10904 
#module 614 size: 26 bs: 0.67429
557 894 1381 2983 3032 3324 3936 4184 4241 4430 5099 5522 5667 5730 6416 6587 6941 7087 7198 7266 7307 7333 7858 9986 10595 11141 
#module 615 size: 21 bs: 0.607729
109 683 1732 2247 2445 2552 2739 3559 3572 4093 4220 4845 6134 6137 6656 7203 7298 9590 10455 10474 10618 
#module 616 size: 23 bs: 0.384494
210 973 2352 2421 3064 3740 3816 4529 5791 5967 6090 6414 7634 8265 8274 8513 8815 9317 9833 9936 10685 10813 10832 
#module 617 size: 6 bs: 0.645024
1180 2338 3456 3722 7999 8434 
#module 618 size: 14 bs: 0.710521
23 93 3035 3053 4070 5422 5495 6627 6665 8635 8917 9595 10647 10839 
#module 619 size: 5 bs: 0.252515
4396 5478 6298 6508 9088 
#module 620 size: 10 bs: 0.781808
762 2397 3059 4126 4831 6275 7958 8204 8663 9255 
#module 621 size: 9 bs: 1.065
1666 4573 5636 6188 6659 8404 8480 9115 10884 
#module 622 size: 11 bs: 0.886482
25 1916 2839 2933 4469 4511 5768 8461 9051 10913 11980 
#module 623 size: 5 bs: 0.379517
835 898 4090 5498 7478 
#module 624 size: 34 bs: 0.823271
314 620 973 1343 1352 2677 3544 3665 4146 4216 4554 4812 5193 5351 5556 5632 5665 5898 6432 6578 6590 6922 6990 7888 8038 8081 9678 9893 9921 10460 11106 11162 11435 12523 
#module 625 size: 12 bs: 0.227127
631 976 1513 2068 2437 2717 5575 6664 7809 8245 8766 10003 
#module 626 size: 108 bs: 0.665813
14 136 183 196 512 522 554 631 637 640 811 976 1261 1299 1312 1374 1483 1541 1558 1613 1615 1632 1695 1733 1826 1848 1878 2002 2033 2047 2054 2082 2221 2284 2811 2880 2945 3240 3259 3350 3437 3958 4035 4227 4400 4526 4691 4976 5065 5166 5171 5204 5360 5443 5503 5551 5553 5636 5686 5705 5901 6012 6015 6171 6174 6193 6199 6236 6395 6399 6482 6583 6633 6766 7050 7261 7330 7368 7405 7458 7471 7597 7633 7832 8000 8116 8241 8380 8487 8496 8671 9020 9058 9096 9460 9465 9473 9540 9928 10275 10325 10396 10763 10881 11211 11338 12545 12595 
#module 627 size: 51 bs: 0.65099
108 182 216 672 847 872 1092 1222 1276 2509 2696 2717 2759 2990 3259 3463 4003 4202 4256 5240 5310 5436 5630 5746 5774 5933 6372 6398 6401 6448 6528 6641 6903 6936 7050 7175 7451 7783 8070 8164 8263 8368 8660 9125 9238 9572 9601 10041 10238 10344 10367 
#module 628 size: 26 bs: 0.458733
7 383 561 581 1255 1349 1846 1983 1987 2141 2578 2829 3080 3794 6108 6440 6738 6896 8106 8409 8549 8573 9200 9277 10166 10666 
#module 629 size: 8 bs: 0.32911
870 3350 4722 6884 8990 9518 11006 11711 
#module 630 size: 16 bs: 0.938301
644 670 3003 4524 4587 4646 4774 4800 5453 6672 6965 7326 7489 8340 8694 8725 
#module 631 size: 12 bs: 0.581397
864 1093 1752 2087 2946 4059 5397 6023 8162 8682 8919 10349 
#module 632 size: 16 bs: 0.238026
676 1048 1881 2274 5178 5398 5868 6323 6545 7851 8295 8493 8888 9015 10192 10725 
#module 633 size: 11 bs: 0.213529
4425 4634 4711 5120 6065 7517 7942 8257 8488 9142 9587 
#module 634 size: 85 bs: 1.07013
145 352 495 557 593 606 614 722 863 967 1116 1140 1255 1277 1297 1519 1586 2115 2204 2465 2510 2526 2580 2622 2825 2863 3123 3145 3409 3569 3577 3748 3784 3823 3919 3946 3988 4061 4116 4197 4403 4577 4997 5052 5099 5585 5586 5902 6022 6024 6081 6164 6485 6554 7009 7188 7205 7220 7396 7519 7534 7722 7855 7892 7934 8213 8280 8503 8537 8629 8842 8877 8901 8988 9026 9179 9577 9800 9867 10197 10509 10595 10813 11171 12885 
#module 635 size: 14 bs: 0.422035
765 1240 2573 3482 3506 3757 3974 3976 4903 5118 5494 8457 8752 9433 
#module 636 size: 26 bs: 1.03272
421 544 678 847 1436 1915 1947 2596 3054 3317 5321 5681 5731 5923 6371 7070 7102 8329 8373 8407 9373 10324 10457 10715 10810 12584 
#module 637 size: 13 bs: 0.777069
892 1100 1778 2193 3474 5746 5782 7130 8121 9034 9407 10601 10779 
#module 638 size: 54 bs: 1.07312
305 319 475 638 1059 1182 1472 1567 1571 1682 1850 1998 2043 2050 2064 2460 2484 2492 2706 2864 2983 3303 3451 3773 3917 3989 4098 4194 4693 4891 5010 5022 5292 5352 5552 5752 5865 6016 6449 6736 6903 6908 7254 7515 8101 8124 8150 8645 8736 8762 8980 9808 10198 11733 
#module 639 size: 25 bs: 0.311887
761 779 1554 2093 2635 3124 3139 3643 4529 4701 6468 6748 6966 7514 7938 8017 8792 9189 9194 9535 9584 10846 10936 12297 12494 
#module 640 size: 12 bs: 0.502687
1029 1039 3601 4356 8077 8135 8542 8717 9099 9902 11010 11678 
#module 641 size: 14 bs: 0.729818
1035 2293 2550 3055 3290 3376 4073 4838 6030 6481 7257 9817 9995 10816 
#module 642 size: 207 bs: 0.673946
155 157 180 263 314 341 369 569 621 718 809 908 970 973 1102 1119 1234 1240 1289 1299 1385 1566 1635 1657 1692 1719 1804 1808 1915 1917 1946 2001 2044 2067 2194 2218 2242 2308 2463 2620 2683 2689 2742 2850 2911 2921 2931 3068 3184 3198 3216 3265 3311 3349 3582 3688 3699 3716 3781 3903 3920 3965 3999 4158 4216 4247 4268 4274 4288 4299 4477 4626 4633 4675 4697 4698 4739 4819 4866 5012 5022 5078 5119 5121 5151 5225 5227 5278 5335 5343 5415 5436 5446 5642 5671 5699 5718 5806 5835 5868 5965 6109 6161 6168 6280 6316 6329 6416 6432 6481 6536 6606 6609 6615 6697 6813 6873 6974 7026 7031 7037 7306 7344 7468 7507 7527 7686 7727 7746 7747 7783 7802 7839 7872 7954 7977 7987 8055 8161 8172 8190 8205 8221 8241 8292 8324 8364 8380 8602 8804 8812 8813 8851 8859 8871 8880 8920 8960 8969 8980 9042 9061 9096 9106 9144 9147 9279 9304 9318 9379 9446 9475 9569 9666 9687 9723 9781 9824 9846 9860 9958 10081 10181 10323 10367 10386 10508 10512 10527 10557 10579 10802 10859 10876 10926 11015 11073 11209 11218 11228 11338 11380 11395 11463 11711 12019 12624 
#module 643 size: 12 bs: 0.281855
41 1328 2146 3963 4559 5549 7386 7707 8230 8765 9537 10010 
#module 644 size: 57 bs: 0.530926
525 818 853 1109 1129 1452 1706 1857 2484 2862 3480 3625 3742 4544 4869 4938 4993 5026 5281 5375 5425 5970 6287 6507 7044 7055 7170 7926 7981 8025 8114 8158 8307 8333 8364 8412 8803 9278 9339 9761 10126 10284 10388 10409 10420 10455 10512 10639 10671 10862 10923 10977 11008 11093 11243 11393 11491 
#module 645 size: 68 bs: 0.94336
6 216 272 300 446 1105 1130 1290 1363 1381 1383 1572 1651 1682 1740 1807 1831 2040 2160 2346 2488 2513 2703 2965 3064 3449 3535 3816 3847 3890 3972 4097 4383 4699 4861 5265 5281 5283 5290 5630 6345 6529 6626 6699 6779 6834 6867 7175 7196 7849 8115 8131 8233 8265 8315 8883 8915 9181 9353 9436 9735 9832 10002 10079 10104 10671 10701 10762 
#module 646 size: 7 bs: 1.0331
3863 4449 5386 7505 7623 9841 10523 
#module 647 size: 8 bs: 0.99497
996 3277 5199 5288 9298 9494 9538 10754 
#module 648 size: 8 bs: 1.03713
505 768 2438 2724 6426 7228 7448 8332 
#module 649 size: 9 bs: 0.479129
2024 2409 2955 3599 5309 8881 9374 9685 10348 
#module 650 size: 197 bs: 0.792749
12 40 47 76 98 136 307 360 390 583 629 680 690 860 909 937 982 987 997 1002 1022 1072 1107 1135 1294 1409 1462 1473 1481 1734 1862 1907 1913 2075 2132 2164 2166 2184 2235 2238 2278 2280 2337 2378 2395 2404 2427 2528 2537 2559 2576 2592 2609 2618 2660 2663 2695 2851 2893 2896 2897 2966 3022 3023 3040 3087 3125 3143 3185 3203 3211 3319 3351 3364 3384 3408 3417 3461 3518 3609 3644 3728 3766 3787 3888 3909 3948 3951 4000 4052 4234 4276 4445 4599 4606 4650 4753 4778 4809 4855 4909 5001 5054 5083 5142 5206 5249 5342 5446 5454 5460 5462 5463 5531 5577 5687 5973 5980 5982 5986 6033 6054 6149 6183 6221 6381 6406 6540 6566 6567 6569 6600 6652 6717 6718 6723 6798 6817 6830 7123 7290 7313 7409 7411 7413 7535 7571 7606 7634 7645 7656 7723 7828 7912 8205 8272 8394 8410 8451 8562 8588 8636 8666 8682 8697 8813 8845 8853 9019 9091 9348 9442 9485 9490 9555 9560 9675 9679 9708 9741 9791 9792 9850 9955 10018 10031 10200 10225 10374 10834 10869 11027 11124 11369 11701 12641 13003 
#module 651 size: 12 bs: 0.197987
106 576 1332 1557 5411 5689 5744 6257 6334 9984 10897 11102 
#module 652 size: 11 bs: 0.541392
1221 1440 1560 4786 5765 5837 6809 8435 8740 10020 11001 
#module 653 size: 12 bs: 0.64351
230 1001 3388 3937 4825 5629 6031 6651 7013 8476 8715 9479 
#module 654 size: 11 bs: 0.491966
1369 1525 3234 3251 4030 4207 5059 5801 7823 9566 11269 
#module 655 size: 10 bs: 0.706188
256 379 888 1262 1985 1989 3637 4828 9689 10847 
#module 656 size: 15 bs: 0.393507
618 880 1516 1876 2434 2548 4340 4677 5442 6085 7658 9799 10272 10716 11182 
#module 657 size: 8 bs: 0.382279
546 724 1056 1423 3764 6365 8323 10146 
#module 658 size: 15 bs: 0.640283
153 1330 2947 3410 4069 5385 6197 6661 6739 8525 8955 9098 9167 10273 10952 
#module 659 size: 23 bs: 1.00425
86 1413 1597 2239 2344 3008 3763 4583 4691 5563 5658 5695 5883 6142 6416 6441 6944 9943 10123 10335 10526 10736 11241 
#module 660 size: 12 bs: 0.68055
891 1108 2746 3153 4546 7264 8977 9478 9884 10348 10859 11223 
#module 661 size: 13 bs: 0.349711
550 1333 2541 3880 4047 4064 4138 6382 7128 7678 8349 9206 10753 
#module 662 size: 5 bs: 0.29232
474 1601 7556 8771 10610 
#module 663 size: 13 bs: 0.123937
1144 1765 2755 5042 5100 5279 5810 6855 7019 7492 9441 10767 12889 
#module 664 size: 34 bs: 0.698922
334 527 1090 1106 1300 1418 2335 2723 2767 3056 3893 4386 4729 4761 5037 5168 6222 6419 6786 7099 7840 8047 8363 8642 9087 9249 9923 10094 10107 10689 10787 11445 11584 11966 
#module 665 size: 15 bs: 1.04741
1324 1485 2901 3635 4705 5401 5785 6138 6312 7017 10276 10318 10750 11225 11383 
#module 666 size: 276 bs: 0.785037
39 53 65 273 313 385 461 537 658 668 675 687 823 843 913 930 1013 1017 1021 1022 1057 1163 1166 1190 1198 1242 1293 1306 1313 1320 1389 1475 1482 1506 1537 1549 1688 1755 1803 1871 1908 1957 1968 2022 2039 2071 2081 2100 2172 2202 2273 2275 2300 2307 2332 2362 2394 2410 2467 2514 2562 2577 2580 2611 2664 2727 2812 2830 2845 2858 2892 2935 2961 3105 3111 3127 3222 3257 3289 3404 3413 3460 3469 3484 3493 3530 3539 3568 3600 3683 3693 3702 3732 3741 3742 3752 3792 3796 3875 3901 3970 3979 4005 4008 4011 4017 4068 4125 4174 4175 4303 4323 4344 4367 4375 4377 4421 4679 4687 4749 4917 4958 4970 4975 5097 5115 5125 5127 5136 5145 5153 5184 5229 5246 5257 5297 5440 5510 5565 5569 5589 5605 5609 5684 5685 5773 5817 5882 5925 5934 6063 6100 6118 6212 6263 6284 6494 6514 6642 6678 6679 6718 6758 6777 6783 6801 6807 6882 6919 6973 6980 7023 7066 7176 7187 7191 7223 7241 7255 7284 7483 7498 7562 7570 7584 7605 7608 7651 7660 7764 7781 7817 7831 7916 7928 8072 8085 8149 8157 8191 8212 8351 8450 8453 8473 8518 8524 8531 8536 8566 8568 8593 8601 8789 8875 8930 8972 8986 9025 9174 9185 9218 9222 9245 9250 9269 9322 9360 9454 9477 9502 9578 9583 9586 9660 9771 9778 9821 9878 9891 9946 9992 9998 10047 10068 10075 10111 10133 10156 10169 10172 10379 10389 10413 10416 10436 10441 10493 10566 10582 10611 10684 10738 10814 10841 10850 10965 10969 11082 11138 11139 11429 11513 12618 12896 13062 
#module 667 size: 16 bs: 0.645867
301 333 503 1371 3212 3910 4988 5808 6055 6256 6756 7756 9234 10234 10247 10679 
#module 668 size: 34 bs: 0.861749
76 871 1348 1412 1575 1700 1707 2187 2340 2452 3159 3315 3513 3943 5084 5138 5509 5653 5935 6005 6252 6310 6810 6840 7040 7359 7381 7617 8356 9534 9627 9757 10046 10311 
#module 669 size: 8 bs: 0.876109
2481 3108 4487 5602 5613 7738 9198 11109 
#module 670 size: 12 bs: 0.119754
1704 1984 2466 4062 4962 5707 6047 8850 10466 10533 10940 11023 
#module 671 size: 15 bs: 0.833294
276 388 1783 1960 2007 2694 3217 3687 4300 4880 4902 5249 7289 9447 10315 
#module 672 size: 48 bs: 0.398621
20 300 924 1302 1608 1693 1862 1933 2329 2531 2709 3071 3198 3299 3421 3532 3716 4513 4579 4709 5034 5182 5278 5830 6087 6116 6131 6324 6736 6931 7044 7271 7766 7839 7892 8247 8256 8459 8826 9401 10082 10469 10728 10747 10812 10832 10888 11593 
