#module 0 size: 8 bs: 0.0265173
2721 2811 4527 6752 7002 8414 9053 12516 
#module 1 size: 3 bs: 0.010769
1701 2269 7851 
#module 2 size: 4 bs: 0.0707796
525 2333 5380 9523 
#module 3 size: 4 bs: 0.447227
3035 3067 8723 9186 
#module 4 size: 8 bs: 0.958544
1553 2908 3929 6288 8089 8104 8744 11134 
#module 5 size: 32 bs: 0.160471
262 886 901 917 1073 1593 2791 2916 3257 3462 3646 3754 4597 5030 5102 5139 7168 7372 9089 9376 9381 9516 9656 9986 10099 10211 10219 10404 10407 10783 10796 11695 
#module 6 size: 13 bs: 0.450772
849 1440 1581 1680 1751 3059 6445 7813 8701 10667 10780 11262 12595 
#module 7 size: 26 bs: 0.622813
709 1245 1528 1722 1805 2356 2508 2588 3105 4006 4292 4445 4682 5186 5242 5458 5687 5732 6600 7308 8059 8107 9410 10199 11413 12545 
#module 8 size: 12 bs: 0.125011
1003 1154 1613 1816 2135 4049 4383 5226 5749 6479 6696 6995 
#module 9 size: 9 bs: 0.245372
60 809 3102 3371 3908 6753 6881 7516 8742 
#module 10 size: 6 bs: 0.933829
2385 2438 2533 6880 7119 9488 
#module 11 size: 5 bs: 0.34471
79 1748 2317 5325 11696 
#module 12 size: 6 bs: 0.954128
267 2797 4689 5344 11255 11643 
#module 13 size: 4 bs: 0.260617
1345 1847 4650 6055 
#module 14 size: 9 bs: 0.220065
1630 2062 5041 5770 5956 6690 6981 11532 12762 
#module 15 size: 4 bs: 0.285089
1368 1472 3278 10690 
#module 16 size: 5 bs: 0.163906
90 2785 3792 7825 9751 
#module 17 size: 5 bs: 0.652968
2677 5576 7493 8732 9531 
#module 18 size: 4 bs: 1.00407
232 929 8420 9405 
#module 19 size: 6 bs: 0.32186
2891 3485 4413 6538 7368 10067 
#module 20 size: 44 bs: 0.584042
759 829 896 967 1344 1357 1654 1902 2028 2042 2109 2162 2169 2322 2362 2472 2490 2597 3050 3124 3169 3334 3727 3896 4080 4590 4711 4952 4964 5546 6244 6815 7459 7593 7852 7853 8215 9202 9326 9334 9372 10233 10718 11120 
#module 21 size: 22 bs: 1.04137
41 865 1244 1912 2523 3575 4223 5013 5025 5489 5632 6145 6162 6297 6300 7144 7565 7760 7889 9354 9453 10663 
#module 22 size: 6 bs: 0.502446
6116 7148 8895 9064 9886 10991 
#module 23 size: 9 bs: 0.458116
1187 1243 1299 4677 6021 8043 9115 9857 10928 
#module 24 size: 8 bs: 0.720889
2602 5224 5491 5551 8036 8326 8591 11418 
#module 25 size: 8 bs: 0.173413
4908 5061 5539 6780 7444 8480 9418 10691 
#module 26 size: 12 bs: 1.08592
472 793 1193 1257 2519 3489 3657 4858 5619 7374 8640 12945 
#module 27 size: 11 bs: 0.680616
76 1276 2040 3311 4035 5091 6874 6984 8090 8573 8740 
#module 28 size: 48 bs: 0.677751
65 580 593 594 707 867 976 1079 1206 1510 2166 2376 2420 2610 2667 3023 3426 3939 4203 4366 4861 4887 5117 5289 5736 5835 5994 6519 6628 7154 7308 7400 7409 7751 7955 8098 8302 8571 9075 9116 9277 10254 10496 10581 10689 10834 10927 11782 
#module 29 size: 34 bs: 0.32514
8 686 687 999 1291 1308 1354 1508 2894 2959 3450 3516 3578 3968 4200 4206 4228 4961 5723 6030 6512 6638 6765 7797 8142 8168 8182 8276 8669 8969 9288 9648 10377 10797 
#module 30 size: 50 bs: 0.47131
28 242 808 917 924 1287 1458 1622 1739 1872 1924 2021 2050 2137 2661 2846 2860 2950 3890 4230 4577 5004 5208 5758 5895 5912 6091 6375 6665 7003 7044 7412 7543 7599 7742 7858 8001 8103 8200 8271 8488 8767 8887 8971 9950 10259 10683 11140 11962 12741 
#module 31 size: 18 bs: 0.392679
822 1392 2342 2387 2573 2933 3356 3514 3886 4285 5146 5452 5965 6275 7142 8836 8882 8947 
#module 32 size: 4 bs: 0.840036
4721 6785 7464 9906 
#module 33 size: 10 bs: 0.392044
2 800 2330 5501 5650 6502 8117 9669 10257 12949 
#module 34 size: 35 bs: 0.816049
563 866 1098 1494 1592 1735 1973 2419 2927 2974 3546 3677 4198 4423 4724 4860 5525 5595 6078 6448 6804 7778 7899 8422 9045 9120 9394 9583 9661 9664 9989 10011 10068 10253 10583 
#module 35 size: 13 bs: 0.900737
1159 1645 2033 2511 5754 6083 6590 8197 9404 10000 11503 11509 12790 
#module 36 size: 9 bs: 0.184203
1406 2406 2433 2725 3056 4941 6950 7049 7541 
#module 37 size: 69 bs: 0.956532
43 403 677 683 685 726 775 798 854 904 945 1010 1277 1323 1563 2072 2125 2351 2367 2769 3110 3189 3336 3454 3466 3843 3859 3898 4467 4905 5158 5242 5429 5508 5541 5587 5591 5598 5850 5855 5943 6022 6067 6315 6471 6730 6816 7086 7328 7394 7508 7610 7656 8039 8412 8702 8741 8791 9063 9370 9674 9726 10280 10466 10827 11155 11251 11711 12715 
#module 38 size: 23 bs: 0.389607
1301 1616 1825 2408 3007 3031 3075 3413 3478 3709 4424 4621 5036 6128 7770 7811 8140 8536 9091 9099 9924 10068 11480 
#module 39 size: 34 bs: 0.104409
257 1112 1255 1385 1537 1711 1919 1987 2566 3325 3547 3649 3682 3712 3793 4422 4740 5302 5367 5497 5768 5828 6817 7322 7625 7642 8186 8351 8822 9663 10083 10131 10272 11007 
#module 40 size: 57 bs: 0.96468
673 1238 1445 1465 1946 2086 2388 2504 2781 2838 3015 3022 3073 3683 3719 3941 4036 4138 4235 4301 4312 4342 4456 4544 4555 4616 4634 4817 4825 5309 5341 5462 5521 5737 5973 6085 6384 6843 7248 7266 7526 7810 7826 8042 8474 8539 8552 8605 9020 9458 9750 9788 10039 10454 11108 11109 12854 
#module 41 size: 26 bs: 0.883377
1409 1946 2130 2345 2998 3135 3465 3822 4098 4457 4603 5441 6163 7919 8006 8519 8893 9313 9892 10314 10333 10415 10965 11171 11703 12019 
#module 42 size: 34 bs: 0.434655
492 995 1092 1739 1752 2187 2245 4680 5892 6004 6098 6421 6475 6757 6788 6915 6970 6985 7297 7362 7411 8021 8235 8537 8815 8856 8909 9177 9211 9436 9625 9994 10916 11990 
#module 43 size: 71 bs: 0.833301
546 1067 1235 1312 1327 1329 1355 1365 1372 1436 1521 1534 1544 1689 1698 1767 1770 1821 2188 2284 2384 2756 2952 3141 3181 3185 3203 3220 3372 3548 3680 3878 3946 4085 4290 4781 4801 4938 5042 5169 5179 5389 5552 6019 6309 6461 6513 6714 6755 6773 7004 7254 7613 7700 7728 8755 8818 8864 9042 9055 9446 9743 9792 9878 10210 10255 10608 10623 10721 10744 11143 
#module 44 size: 17 bs: 0.507436
649 650 651 1546 2694 4056 4381 6588 6743 7143 8115 8233 9966 9983 10056 10697 10955 
#module 45 size: 60 bs: 0.943543
57 601 816 867 919 1124 1185 1197 1318 1903 2056 2175 2268 2619 2674 2924 2964 3052 3118 3130 3205 3268 3486 3684 4075 4141 4194 4311 4584 4704 4912 5368 5402 5444 5673 5748 5900 5989 6070 6549 6556 6717 7171 7498 7626 7840 8124 8323 8599 9595 9732 10151 10264 10695 10873 10906 11372 11393 11551 12594 
#module 46 size: 5 bs: 0.972088
4642 7047 7283 7557 8803 
#module 47 size: 24 bs: 0.888579
210 939 2025 2238 3315 3343 3807 4268 4458 4521 4546 4602 5241 5745 5890 5919 6627 7685 8016 8021 8250 8720 9969 10593 
#module 48 size: 23 bs: 0.187403
1373 1483 2338 2960 3934 4132 4335 4552 4592 5789 5793 5901 6079 6370 6841 7345 7783 8017 8465 8581 9704 10130 10371 
#module 49 size: 39 bs: 0.648102
1029 1427 1548 1827 2251 2592 2645 2832 3555 3617 3728 3901 4073 4232 4276 4409 4635 4653 4907 4914 5223 5553 5862 5935 6212 6563 6686 7042 7307 7356 7699 7864 7919 8272 8975 9009 9316 10512 11428 
#module 50 size: 38 bs: 0.684406
834 974 1077 1358 1422 1606 1858 2070 2615 2767 3122 3516 3722 3790 4002 4068 4085 4571 4580 4723 5172 5181 5670 6035 6333 6719 7173 8224 8956 9629 10096 10111 10133 10167 10295 10299 10384 10810 
#module 51 size: 76 bs: 0.862397
3 208 878 986 1059 1078 1133 1135 1219 1249 1283 1403 1674 1734 1831 1904 1911 2039 2482 2729 2838 3059 3182 3557 3644 3755 3920 3930 4037 4213 4316 4843 4956 4962 5112 5166 5387 5436 5502 5510 5667 5764 5917 6184 6205 6212 6252 6601 6772 6884 6943 7437 7614 7802 7829 7976 8051 8241 8380 8598 9023 9165 9693 9918 9954 10374 10381 10432 10433 10625 10631 10673 10756 10767 11029 11119 
#module 52 size: 26 bs: 0.206505
1269 1573 1979 2257 2716 2801 2822 2864 2976 3622 3787 5130 5558 5827 5996 6925 7220 7577 7814 7997 8526 8812 9002 9442 10203 10844 
#module 53 size: 36 bs: 1.09659
17 482 924 1008 1143 1896 1955 2246 2520 2695 2761 2837 3063 3114 4870 4915 5417 6177 6312 6428 6654 7605 8217 8918 8971 9074 9154 9423 9463 9609 9627 10161 10644 10761 10881 11441 
#module 54 size: 17 bs: 0.177793
905 1224 1374 2304 2548 2687 3370 3572 3767 4330 6746 7636 8600 9085 10299 10909 12571 
#module 55 size: 42 bs: 0.149074
72 388 1248 1393 1426 1624 2415 2556 2877 3020 3111 3193 3239 3647 3951 4489 4661 4750 5124 5477 5644 6080 6081 6185 6317 6363 6402 6616 6777 8024 8052 8167 8649 8693 9017 9028 9138 9250 9253 12518 12679 12690 
#module 56 size: 44 bs: 0.165626
52 243 321 389 1260 1462 1477 2019 2069 2422 2497 2498 2643 2904 3125 3200 3363 3639 3665 3795 3888 3957 4126 4212 4550 5020 5242 5461 6075 6157 6918 7007 7298 7554 7656 7668 8150 8433 8675 9108 10037 10541 11027 11251 
#module 57 size: 21 bs: 0.704136
672 806 1556 1572 1800 2155 2527 2826 2980 3180 3509 4135 4993 5010 5928 6266 6546 7961 9630 9767 10387 
#module 58 size: 12 bs: 0.609189
199 1313 2779 3333 3385 5303 5353 5392 6534 7149 7779 13043 
#module 59 size: 19 bs: 0.520043
471 493 659 1893 2436 2827 3109 3751 4811 5842 5854 6706 6808 7435 7583 7988 8522 9726 10232 
#module 60 size: 36 bs: 0.592966
836 933 1139 1448 1571 1639 1696 2368 2550 3346 3400 3869 4380 4385 4564 4736 5065 5154 5225 5566 5575 5752 6336 6344 6530 6901 7555 8003 8014 8381 8948 9019 9216 10239 10885 12510 
#module 61 size: 37 bs: 0.590523
173 777 1322 1549 1628 1863 1943 2053 2089 2097 2145 2270 2483 2758 3171 3469 3495 3812 3815 3982 3995 4626 5024 5438 6667 6692 6786 6981 7109 7482 7622 8063 8309 8441 8457 9868 10795 
#module 62 size: 16 bs: 0.804114
329 629 630 631 1795 2299 3408 4175 5490 5594 6088 7265 7290 7899 8346 8586 
#module 63 size: 22 bs: 0.796946
59 1935 2357 2453 2776 2813 2875 3342 4330 4687 4888 4916 6890 7298 7441 7703 8248 9394 9989 11009 11111 12653 
#module 64 size: 37 bs: 1.07971
593 1009 1202 1524 1560 1690 1776 2540 2687 2884 3551 3850 4697 4862 4935 5431 5461 5624 5822 6188 6416 6456 6616 6923 7447 7895 8584 8604 9001 9071 9287 9293 9689 10179 10344 10904 11556 
#module 65 size: 30 bs: 1.03058
640 678 1977 2009 2555 3765 4093 4189 4191 5473 5660 6283 6607 6660 6845 6870 7156 7179 7238 7310 7817 8259 8878 9174 9366 10045 10662 11021 11079 11425 
#module 66 size: 19 bs: 0.497606
56 1103 2180 2215 2235 2590 2828 3139 4746 5254 6419 6677 7580 7902 8530 9555 9821 10209 10378 
#module 67 size: 15 bs: 0.231395
443 963 1772 1987 2218 2507 3303 3743 3793 5162 5208 6255 6339 9763 10070 
#module 68 size: 108 bs: 0.260221
378 843 875 900 979 1086 1271 1320 1362 1375 1463 1485 1773 1850 1857 2029 2116 2134 2343 2375 2407 2421 2476 2560 2688 2923 3043 3260 3279 3291 3301 3440 3475 3497 3525 3618 3897 4011 4074 4159 4252 4279 4308 4371 4525 4535 4600 4637 4894 4923 4989 5067 5336 5349 5483 5529 5568 5630 5633 5817 5906 6058 6063 6139 6261 6426 6508 6742 6898 6964 7202 7253 7386 7571 7591 7733 7769 7982 8141 8204 8206 8216 8275 8511 8601 8610 8646 8759 8956 8972 8993 9109 9226 9293 9313 9380 9502 9740 9915 9992 10071 10246 10478 10752 10785 10868 10985 11158 
#module 69 size: 39 bs: 0.297015
227 767 923 1204 1208 1381 1640 1782 1808 1870 1951 2392 2479 2714 3036 3129 3381 3438 3730 4033 4669 4719 4747 4754 5040 5601 7410 7692 7898 8566 8632 9326 10045 10049 10125 10220 10360 10387 11169 
#module 70 size: 47 bs: 0.44846
803 1457 1717 1895 2285 2409 2488 2765 2823 2921 3119 3266 3337 3603 3636 3768 4074 4158 4600 4619 4816 5128 5297 5343 5374 5622 5844 6125 6442 6680 6751 7353 7382 7477 8184 8216 8355 8524 8678 8788 9143 9416 9902 10622 10747 10832 10988 
#module 71 size: 8 bs: 0.63903
4192 4396 5209 6095 6190 8121 9150 9539 
#module 72 size: 104 bs: 1.09575
255 293 758 778 880 1222 1247 1296 1315 1394 1491 1615 1648 1651 1678 1688 1753 1915 1930 2057 2110 2290 2359 2630 2763 2777 2929 3150 3203 3432 3507 3568 3609 3650 3696 3894 3935 4166 4257 4277 4291 4299 4393 4764 4846 5012 5116 5187 5251 5732 6287 6301 6574 6593 6663 6754 6771 6782 6827 6966 7014 7110 7115 7215 7226 7288 7340 7481 7491 7532 7911 8544 8588 8704 8856 8877 8907 8908 8920 8986 9101 9292 9579 9593 9812 9814 9931 10110 10222 10358 10462 10617 10618 10675 10840 10851 10995 11020 11133 11263 11457 11566 12624 12700 
#module 73 size: 11 bs: 0.696911
1594 2863 3416 4102 4318 5833 7316 8335 10792 10822 11069 
#module 74 size: 7 bs: 0.325981
2952 3262 6974 7787 8806 9197 12689 
#module 75 size: 18 bs: 0.757046
12 213 887 1429 1597 1599 1637 1849 2152 2565 3530 3669 4018 4110 5472 5784 8658 9179 
#module 76 size: 12 bs: 0.364207
1016 3701 4871 5015 6364 6608 6861 7190 9182 9184 9390 11337 
#module 77 size: 13 bs: 0.962932
918 1823 4415 4725 6525 6560 7616 7660 8595 9385 10195 10422 12577 
#module 78 size: 6 bs: 1.0664
810 5652 6320 7627 8684 11172 
#module 79 size: 83 bs: 0.176981
35 505 575 691 704 763 791 833 858 877 1058 1543 1598 1626 1786 1835 1910 1969 2034 2085 2121 2306 2320 2360 2442 2449 2609 2704 2898 3414 3604 3740 3748 3994 4267 4655 4744 4875 4958 4988 5043 5053 5056 5263 5411 5467 5817 5836 6334 6358 6455 6491 6949 6962 6967 6968 7099 7242 7378 7425 7445 7525 7749 7750 7846 8318 8351 9156 9286 9331 9340 9374 9491 9825 9976 9982 10276 10304 10317 10707 11183 11188 11254 
#module 80 size: 20 bs: 0.551163
405 794 1174 1864 4324 6868 7060 7515 8408 8442 8467 8607 8794 9003 9513 9912 10322 10639 10728 11217 
#module 81 size: 10 bs: 0.520925
1807 3222 3875 3918 4734 5173 6807 7213 7598 10830 
#module 82 size: 33 bs: 0.440573
63 851 1013 2107 2775 2886 3084 3210 3393 3508 3954 4314 4713 4846 5296 5310 5560 5616 5617 5719 7399 8025 8328 8380 8585 9107 9679 9853 11121 11151 11161 11168 11270 
#module 83 size: 16 bs: 0.110577
276 2853 2885 2934 2939 5311 5607 6399 7077 7113 7506 8385 8589 9551 10234 11124 
#module 84 size: 104 bs: 0.466088
62 469 503 833 840 1152 1352 1487 1545 1644 1664 1898 1986 2014 2069 2117 2158 2455 2466 2591 2852 2988 3103 3165 3195 3221 3356 3560 3731 3742 3914 4105 4197 4321 4400 4460 4607 4693 4737 4778 4847 4858 4902 4931 5011 5252 5285 5437 5756 5776 5885 5961 6077 6258 6554 6559 6562 6594 6639 6704 6906 7249 7268 7471 7507 7776 7778 7870 7899 7980 7987 8019 8038 8057 8165 8551 8602 8635 8670 8717 8778 9034 9176 9199 9336 9378 9401 9670 9753 9765 9889 10072 10367 10406 10807 10815 10907 11144 11212 11216 11232 11588 12158 12527 
#module 85 size: 31 bs: 0.859931
833 962 1633 1818 1873 2183 2216 2457 2744 2995 3778 3779 4104 4305 4486 4971 5031 5175 5618 5779 5868 6357 6659 7284 7385 7918 8280 8409 8793 9860 12950 
#module 86 size: 39 bs: 0.506284
461 615 649 651 715 720 1546 1881 3632 3699 3960 4313 4431 4853 5987 6118 6330 6454 6551 6567 6594 6714 6762 6854 7206 7243 7776 8283 9009 9210 9339 9486 9594 9683 9869 10273 10352 11143 12039 
#module 87 size: 19 bs: 0.976403
244 464 689 714 817 2590 2833 3612 4449 4663 4752 5027 5517 5997 6119 8078 9213 11152 11497 
#module 88 size: 26 bs: 0.210248
15 191 486 508 682 940 1162 1488 2160 2555 3435 3500 3641 3774 3788 3797 3940 4822 5335 5516 5522 5574 6268 7860 9482 10662 
#module 89 size: 21 bs: 0.803789
400 653 1037 2585 2968 4136 4928 4947 5190 5306 5680 6318 6664 7973 8888 9103 9304 9353 9490 9972 13081 
#module 90 size: 35 bs: 0.672582
64 524 964 965 1348 1369 1417 1480 1580 2611 2929 3161 3195 3254 3645 3653 3842 4034 4244 4468 4972 5170 5177 6155 6532 7650 8125 8419 8621 8905 9047 10062 10437 10894 11091 
#module 91 size: 67 bs: 0.490555
364 528 625 655 769 824 1343 2015 2073 2228 2252 2427 2510 2589 2623 2666 2772 3083 3098 3261 3581 3932 3978 4044 4180 4360 4780 4797 4835 5092 5142 5157 5174 5419 5763 5899 6138 6260 6321 6376 6408 6478 6618 6672 6731 6834 6882 7031 7084 7716 8088 8336 8350 8468 9156 9264 9687 10146 10248 10375 10394 10474 10709 10972 11252 11272 11973 
#module 92 size: 48 bs: 0.510187
49 583 830 1141 1173 1961 2099 2134 2836 3227 3459 3532 3675 3882 3956 3989 4079 4844 4911 5171 5390 5518 5714 5925 6159 6291 6331 6449 7043 7131 7287 7960 7970 8040 8270 8441 8901 9006 9322 9429 9434 9881 9991 10186 10230 10616 10845 11383 
#module 93 size: 34 bs: 0.613797
225 645 805 1075 1324 1356 1703 1892 2247 2295 2331 2365 2379 2418 2506 2991 3896 4647 4824 4847 5213 5221 5653 5986 6228 6270 6789 7461 8351 9728 9927 11208 12514 12654 
#module 94 size: 36 bs: 0.156645
384 1263 1592 1804 2366 2460 2875 2878 2914 3620 3677 3697 3734 3896 4831 4880 4996 5493 5595 6448 6890 6945 7062 7964 8013 8209 8248 8277 8731 8824 9214 9254 9394 9989 10406 10784 
#module 95 size: 23 bs: 0.983351
1101 1412 1859 2537 3369 3711 4613 4939 5149 5265 5662 5808 6691 7374 7717 7816 7827 8436 8890 9086 12582 12586 12725 
#module 96 size: 67 bs: 0.964348
517 699 1096 1569 1739 1806 1882 1924 2443 2450 2846 2850 2874 2998 3081 3664 3796 3952 4150 4151 4684 4729 4833 4906 4914 5321 5324 5415 5509 5721 5819 5820 5830 5873 6065 6375 6644 6733 6865 7020 7146 7177 7590 7723 8103 8315 8391 8506 8552 8828 8945 9402 9672 9682 9773 9807 10107 10169 10215 10250 10308 10582 10660 10755 10891 11203 11420 
#module 97 size: 26 bs: 0.521615
922 1501 3000 3646 3789 3836 3949 4038 4636 4944 6023 6436 6443 6528 7309 7404 7838 8306 8371 9040 9580 9644 10434 10632 10734 10947 
#module 98 size: 189 bs: 0.212176
53 459 498 637 670 679 807 853 882 889 890 894 988 1125 1151 1261 1267 1273 1364 1582 1632 1673 1686 1708 1745 1778 1817 1840 1907 1920 1927 1933 1939 2075 2126 2142 2182 2222 2234 2262 2319 2334 2340 2372 2583 2691 2957 2960 3021 3040 3046 3097 3179 3217 3250 3269 3320 3364 3365 3430 3444 3455 3496 3505 3573 3658 3728 3805 3809 3811 3832 4119 4183 4234 4280 4287 4465 4627 4671 4722 4779 4794 4796 4806 4829 4855 4929 4930 4995 5183 5241 5317 5396 5463 5465 5469 5478 5559 5586 5613 5619 5698 5814 5877 5888 6197 6214 6295 6298 6338 6345 6511 6526 6566 6625 6642 6770 6872 6924 6942 6986 6987 7000 7042 7044 7059 7090 7364 7429 7439 7484 7490 7524 7536 7702 7706 7766 7794 7986 8028 8145 8192 8212 8237 8288 8294 8319 8405 8445 8484 8756 8845 8862 8940 8943 8957 8977 9040 9052 9121 9147 9180 9187 9285 9343 9441 9466 9570 9662 9758 9799 10102 10236 10470 10544 10579 10653 10712 10826 10844 10852 10889 10920 11142 11445 12216 12228 12663 12681 
#module 99 size: 61 bs: 0.55323
764 931 972 1087 1278 1517 1545 1564 1677 1721 1862 1956 1992 2144 2202 2264 2616 2967 3021 3566 3819 4353 4486 4519 4735 4760 4864 4903 4989 5193 5292 5356 5613 5647 5689 5694 5916 6131 6451 6835 6977 7299 7306 7323 7356 7429 7597 8071 8152 8332 9011 9363 9653 9716 9973 10267 10292 10587 10684 10820 11241 
#module 100 size: 39 bs: 0.221105
33 413 768 864 980 1310 1463 1618 1931 2018 2105 2857 2946 3085 3168 3757 4585 4629 4730 5016 5121 5204 5330 5569 6316 6366 6689 6771 6862 6942 7169 7344 7968 8159 9569 10020 10190 10201 10265 
#module 101 size: 72 bs: 0.794042
613 619 982 1007 1014 1104 1105 1316 1350 1435 1450 1596 1789 1798 1874 2088 2189 2208 2361 2396 2480 2580 2872 2897 3132 3199 3291 3328 3331 3397 3606 3631 4177 4345 4470 4529 4565 4704 5132 5180 5189 5196 5342 5400 5659 5887 5898 7037 7051 7052 7293 7414 7656 8075 8458 8703 8972 9007 9208 9221 9745 9845 9916 10124 10316 10382 10386 10514 10528 11141 11215 11372 
#module 102 size: 42 bs: 0.181352
226 554 769 879 960 1209 1497 1797 2157 2584 2764 2999 3251 3424 3506 4154 4365 5089 5133 5315 5573 5636 6248 6693 7151 7673 7713 7856 7876 7992 8733 8938 9489 9508 9624 9867 10388 10751 10886 10938 11473 11635 
#module 103 size: 20 bs: 0.43504
48 236 463 608 1107 1158 1638 3660 3999 5450 6086 6342 6675 6676 7138 7246 7273 9775 10519 10546 
#module 104 size: 38 bs: 0.929155
74 1265 1850 2111 2410 2495 2501 2606 2694 2831 3065 3152 3562 3634 3752 3799 4072 4087 4350 4741 4786 5565 6570 7056 7134 7230 7236 7254 7315 7608 7991 8048 8156 9365 10455 10841 10872 12506 
#module 105 size: 10 bs: 1.04665
1123 2734 3533 3747 6711 7029 7048 9499 10922 11128 
#module 106 size: 41 bs: 1.04046
218 612 802 1386 1744 1960 2402 2454 2638 2658 2750 2953 3484 3638 3825 3893 4029 5276 5526 5992 6278 6361 7035 8072 8095 8386 8402 8498 9131 9185 9247 9714 9934 9945 10244 10534 10601 10779 10862 11209 11235 
#module 107 size: 41 bs: 0.54842
1129 1867 1974 2076 2378 2858 3316 3368 3623 3800 4108 4118 4356 4921 4925 5110 5188 5359 5927 5952 6002 6012 6034 6060 6250 6279 6329 6575 7380 7427 7744 7788 8085 8525 8545 8556 8771 10241 10689 10983 10997 
#module 108 size: 180 bs: 1.09995
67 84 381 507 561 606 724 814 837 869 990 1047 1082 1127 1134 1157 1165 1176 1223 1298 1305 1351 1399 1400 1420 1428 1434 1520 1586 1612 1623 1631 1699 1710 1742 1812 2024 2048 2065 2143 2147 2277 2301 2328 2347 2448 2467 2471 2653 2660 2706 2808 2839 2859 2901 2936 2988 3259 3309 3448 3456 3565 3577 3616 3735 3926 4094 4168 4190 4201 4253 4270 4368 4470 4483 4528 4683 4942 5003 5037 5039 5045 5156 5323 5346 5371 5460 5590 5666 5678 5761 5851 5858 5908 5987 6044 6057 6061 6064 6490 6531 6562 6648 6755 6769 6855 7165 7191 7258 7274 7369 7377 7413 7457 7480 7535 7553 7559 7672 7762 7771 7823 7835 7847 7920 7932 8010 8047 8069 8101 8162 8164 8196 8229 8242 8289 8316 8557 8775 8819 8835 8886 9004 9251 9459 9494 9526 9534 9544 9610 9720 9757 9858 9956 10002 10051 10057 10064 10135 10181 10224 10324 10325 10345 10556 10620 10668 10711 10771 10824 10866 10936 11032 11125 11146 11180 11714 11788 11885 13004 
#module 109 size: 154 bs: 0.388834
658 868 907 914 954 1033 1072 1205 1286 1467 1525 1532 1627 1655 1682 1700 1738 1754 1790 1851 2002 2011 2023 2030 2096 2163 2485 2496 2507 2574 2636 2639 2655 2709 2720 2733 3036 3047 3148 3226 3246 3304 3470 3522 3563 3595 3633 3716 3777 3868 4089 4091 4117 4204 4246 4255 4269 4347 4469 4478 4593 4609 4643 4755 4768 5008 5038 5066 5074 5122 5141 5234 5287 5373 5599 5675 5710 5718 5867 5921 5970 6037 6165 6168 6369 6388 6390 6552 6669 6688 6727 6821 6889 6982 7126 7260 7321 7407 7442 7470 7499 7550 7556 7588 7820 7875 7892 8208 8246 8261 8495 8590 8645 8653 8685 8768 8792 8801 8804 8932 9172 9225 9456 9483 9535 9572 9620 9766 9896 10012 10021 10023 10140 10165 10239 10300 10329 10363 10392 10511 10586 10609 10704 10769 10842 10875 10980 11015 11031 11162 11175 12494 12609 12878 
#module 110 size: 64 bs: 0.505892
272 304 491 898 1099 1110 1489 1505 1552 1714 2136 2746 2800 3008 3247 3348 3401 3586 3625 3964 3966 4139 4157 4367 4384 4562 4591 4848 4858 4927 5120 5137 5377 5812 5967 6033 6041 6251 6464 6577 6585 6951 7076 7471 7578 7736 7803 7885 8203 8464 8502 8555 8853 8891 9573 9963 9964 10032 10287 10444 10999 11070 11535 12639 
#module 111 size: 31 bs: 0.186903
18 37 562 873 1475 1719 1756 2113 2525 2912 3360 3580 3834 4046 4410 4691 4925 5211 5273 5913 6018 6203 6272 6284 6606 6725 6745 8076 8850 9301 10247 
#module 112 size: 32 bs: 0.626862
834 997 1137 1231 1352 1554 1732 1909 2167 2197 2371 2771 3162 3353 3993 4745 5288 5595 5976 6134 6226 6639 7257 7313 7619 7914 8242 8322 9175 9559 10108 10517 
#module 113 size: 39 bs: 0.662206
492 1049 1648 1678 1762 2578 2852 2998 3106 3206 3255 3275 3570 3864 4291 4508 5116 5271 5283 5722 5893 6386 7288 7340 7373 7519 7790 7917 7985 8378 8605 9183 9292 9294 9528 9831 10055 10399 11405 
#module 114 size: 29 bs: 0.589294
25 684 1005 1053 1262 1836 2220 2441 2649 2841 2970 4053 4143 4384 4563 5001 5319 5330 5884 6441 6736 7306 8332 9330 9587 9895 9901 10705 11491 
#module 115 size: 155 bs: 0.999067
189 526 532 845 862 991 998 1025 1055 1128 1156 1309 1487 1518 1641 1659 1969 2119 2141 2194 2212 2492 2565 2676 2685 2799 2849 2881 2928 2929 2930 2943 3092 3131 3219 3232 3273 3306 3373 3594 3609 3666 3745 3756 3809 3856 3883 3925 3963 4173 4227 4281 4287 4291 4354 4372 4429 4534 4542 4649 4676 4761 4790 4875 4895 5032 5078 5216 5340 5386 5538 5554 5619 5672 5713 5726 5902 5964 6047 6072 6102 6141 6181 6206 6237 6242 6354 6460 6466 6524 6526 6529 6599 6698 6788 6800 6853 6857 6915 6979 7026 7107 7303 7319 7431 7433 7522 7551 7679 7886 7911 8033 8119 8258 8365 8462 8615 8622 8673 8716 8790 8857 8871 8917 8923 8978 9171 9209 9267 9357 9358 9417 9602 9685 9920 9980 10080 10103 10119 10123 10198 10218 10275 10279 10327 10337 10376 10591 10768 10839 10884 11211 11447 12629 12902 
#module 116 size: 147 bs: 0.138779
84 558 685 758 924 1006 1062 1235 1241 1272 1365 1479 1481 1482 1547 1579 1595 1707 1767 1770 1830 1860 1990 2069 2121 2152 2177 2232 2288 2313 2348 2352 2428 2434 2489 2538 2600 2630 2698 2727 2756 2913 2950 2956 2971 3006 3047 3061 3135 3181 3301 3386 3441 3486 3501 3590 3606 3637 3680 3686 3693 3698 3706 3723 3831 3973 3996 4051 4129 4208 4401 4639 4726 4859 4970 4991 4996 5105 5140 5295 5514 5658 5670 5707 5801 5890 6050 6163 6347 6391 6461 6491 6641 6657 6678 6748 6756 6757 6783 6847 6850 6900 7275 7289 7332 7634 7859 7958 7971 8131 8142 8172 8224 8254 8320 8818 8826 8838 8858 8924 8986 9009 9072 9200 9330 9355 9360 9363 9371 9509 9660 9708 10075 10082 10167 10197 10401 10415 10419 10525 10806 11001 11143 11146 11222 11251 11463 
#module 117 size: 154 bs: 0.639197
44 51 333 449 818 853 924 1011 1052 1058 1113 1151 1319 1394 1402 1483 1492 1558 1618 1686 1716 1854 2031 2079 2142 2222 2224 2338 2346 2373 2559 2609 2719 2930 3015 3051 3054 3179 3287 3359 3384 3428 3489 3574 3704 3784 3816 3851 3877 3951 4310 4373 4389 4465 4532 4592 4692 4757 4789 4849 4959 4988 5064 5121 5178 5187 5220 5247 5396 5537 5563 5728 5789 5860 5879 5893 5932 6029 6032 6066 6079 6090 6154 6158 6215 6237 6238 6257 6262 6359 6526 6587 6625 6629 6872 6873 6878 7040 7042 7044 7059 7079 7116 7188 7364 7374 7423 7466 7504 7523 7596 7682 7826 7938 8132 8200 8405 8470 8537 8682 8766 8856 9057 9149 9211 9344 9399 9501 9601 9671 9685 9692 9758 10204 10298 10337 10354 10371 10547 10626 10627 10675 10678 10679 10712 10778 10825 10871 10956 11186 11453 11481 11490 12549 
#module 118 size: 15 bs: 0.197301
1451 1688 2806 3126 3409 3661 4758 6186 6952 8440 9058 9062 9234 10319 12624 
#module 119 size: 211 bs: 0.742399
8 22 67 98 333 507 561 573 596 606 869 888 983 1028 1036 1127 1134 1161 1165 1176 1298 1308 1354 1425 1499 1578 1603 1695 1699 1710 1713 1731 1795 1893 1996 2001 2037 2065 2071 2143 2158 2192 2277 2301 2400 2426 2470 2500 2521 2639 2788 2794 2855 2982 3030 3032 3078 3102 3115 3258 3308 3309 3417 3444 3511 3521 3595 3597 3674 3677 3753 3758 3781 3791 3884 4014 4019 4095 4142 4200 4228 4282 4385 4412 4464 4483 4528 4579 4587 4599 4607 4620 4631 4683 4685 4714 4784 4865 4927 4944 4970 5045 5052 5123 5153 5156 5294 5308 5346 5449 5460 5501 5678 5695 5853 5857 6025 6039 6236 6247 6264 6306 6311 6325 6562 6609 6614 6956 6985 7024 7127 7166 7300 7318 7325 7377 7395 7413 7480 7483 7532 7535 7568 7696 7849 7920 7950 8114 8162 8196 8242 8265 8280 8284 8434 8541 8596 8628 8737 8757 8778 8785 8788 8819 8835 8950 9080 9251 9256 9382 9494 9639 9711 9720 9757 9948 9960 9994 10002 10003 10014 10040 10147 10156 10222 10325 10348 10393 10414 10447 10556 10576 10635 10645 10659 10668 10737 10771 10808 10866 10936 10947 11011 11032 11146 11266 11366 11482 11483 11714 12790 
#module 120 size: 297 bs: 0.799617
19 62 67 169 228 237 333 353 496 507 509 561 567 581 606 632 634 676 869 871 884 893 1127 1134 1144 1153 1161 1165 1176 1180 1217 1298 1327 1433 1499 1502 1603 1689 1699 1702 1710 1747 1795 1996 2001 2037 2065 2115 2131 2143 2236 2238 2266 2277 2301 2375 2458 2478 2488 2500 2528 2542 2591 2595 2625 2632 2653 2668 2788 2793 2855 2915 2921 2926 2969 2982 2988 3016 3030 3044 3078 3103 3165 3224 3233 3244 3309 3354 3417 3536 3556 3635 3662 3753 3763 3791 3840 3853 3905 3936 3946 3975 4005 4051 4076 4089 4105 4187 4190 4219 4245 4321 4325 4361 4362 4412 4477 4483 4528 4556 4607 4629 4672 4683 4808 4858 4876 4937 4964 4970 4985 4994 5045 5128 5156 5285 5328 5346 5361 5405 5437 5460 5499 5511 5584 5678 5811 5871 5878 5881 5882 6016 6039 6121 6137 6210 6234 6236 6311 6382 6417 6469 6501 6554 6562 6594 6610 6614 6747 6773 6791 6810 6819 6851 6954 7011 7182 7207 7300 7377 7408 7413 7415 7455 7458 7459 7463 7480 7486 7512 7535 7568 7596 7659 7683 7686 7696 7772 7776 7798 7831 7870 7885 7904 7916 7920 7950 7987 8038 8055 8057 8162 8196 8217 8265 8269 8280 8284 8367 8438 8471 8500 8529 8551 8628 8661 8689 8737 8778 8819 8835 9015 9080 9112 9176 9178 9206 9222 9224 9251 9300 9378 9382 9449 9475 9494 9546 9579 9682 9701 9711 9720 9757 9955 9956 9994 10121 10325 10367 10387 10425 10427 10447 10480 10495 10537 10549 10554 10555 10556 10568 10576 10613 10635 10668 10677 10771 10808 10815 10866 10882 10900 10936 10947 11018 11032 11088 11144 11146 11182 11216 11259 11482 11588 11714 12594 12700 
#module 121 size: 31 bs: 1.00581
260 1065 1414 1591 1705 1838 2013 2041 2309 2696 3005 3601 3802 4054 4082 4795 4988 5746 6620 6823 7045 7641 7834 8034 8056 8094 8376 8912 9369 10860 13010 
#module 122 size: 42 bs: 0.703891
593 782 1215 1672 1820 1890 1966 2000 2120 2256 2391 2671 3213 4070 4074 4357 4600 4702 5343 5771 5815 6042 6381 6425 6493 6613 6869 7209 7575 7781 7800 8058 8216 8301 8915 9342 9821 9838 9929 10193 10403 10948 
#module 123 size: 46 bs: 0.233623
263 264 466 688 1088 1339 1660 2297 2605 3109 3202 3394 3415 3637 3729 4878 4972 5114 5457 5600 5813 6152 6195 6463 6477 6539 6720 6766 6897 6908 7472 7538 7666 8151 8225 8266 8298 8667 8980 8981 9068 9581 9734 10010 10765 11335 
#module 124 size: 26 bs: 0.98596
1530 2390 2452 2545 3286 3445 5375 5841 6014 6290 6782 6895 7025 7125 7135 7687 8100 8183 8639 8761 9036 9677 9897 11025 11273 12966 
#module 125 size: 67 bs: 0.285648
202 375 479 540 766 1061 1167 1490 1625 1662 1801 1894 1929 1953 2090 2281 2451 2922 3049 3164 3285 3639 3733 3961 4211 4239 4388 4438 4448 4474 4586 4638 4966 5261 5446 5481 5609 6075 6582 6721 6722 6918 7237 7474 7824 7857 7977 8370 8501 8675 8945 8965 8999 9021 9212 9414 9440 9487 9646 10185 10281 10723 10787 10917 11130 11213 11733 
#module 126 size: 48 bs: 0.347556
77 265 822 842 1038 1046 1380 1514 1675 1787 1841 1969 2044 2675 2843 3068 3276 3322 3332 3553 3726 3741 3921 3950 4286 5447 5676 5769 5861 6256 6707 6852 7102 7112 7229 7614 7719 7978 8496 8617 8716 9554 9984 10266 10658 11118 11487 11501 
#module 127 size: 46 bs: 0.838307
229 909 1042 1136 1226 1306 1615 1634 1635 1681 2286 2303 2394 2553 3071 3188 3391 3569 3717 4121 4302 4333 4582 4742 5179 5231 5281 5459 5646 5664 6007 6188 6798 6844 6846 7029 7221 7365 7891 7907 9263 9893 10799 10855 10935 10944 
#module 128 size: 44 bs: 0.718549
768 1126 1693 1737 2229 2244 2249 2478 2669 2893 3525 3824 3914 4332 4538 4678 4851 4852 5067 5253 5412 5470 5485 5709 5891 6051 6304 6391 6405 6409 6651 7152 7263 7525 7768 8160 8867 9151 9740 9915 9919 10357 10939 11694 
#module 129 size: 39 bs: 0.126491
720 721 765 826 981 1127 1566 1813 2158 2644 2659 2790 3038 3088 3924 4144 4296 4778 5104 5493 5504 5786 6234 6275 6417 6522 7821 7882 8116 8199 8264 8312 8507 8778 8779 8934 9069 10341 11584 
#module 130 size: 69 bs: 0.254946
5 29 224 878 917 939 1904 2254 2536 2724 2838 2963 2969 3182 3341 3557 3755 3763 3766 3971 4361 4409 4430 4504 4656 4659 4785 5275 5397 5509 5764 5954 5980 6028 6065 6208 6282 6313 6851 6990 7044 7227 7302 7311 7417 7720 7742 7799 7887 7990 8053 8061 8228 8287 8608 8699 8770 8848 9465 9679 9723 9926 10118 10308 10310 10735 10756 10921 11029 
#module 131 size: 47 bs: 0.437541
28 622 632 924 984 1067 1149 1204 1287 1383 1394 1431 1643 1985 2008 2079 2203 2393 2576 2751 2950 3063 3203 3240 3317 3498 3606 4004 4025 4233 5021 5679 5704 5754 6154 6492 6629 7005 8538 8713 8837 8937 9604 9887 10332 11010 11701 
#module 132 size: 68 bs: 0.96755
147 183 476 620 685 823 1084 1175 1189 1199 1279 1396 1523 2056 2192 2678 2794 2805 3062 3144 3158 3201 3390 3483 3488 3511 3702 4026 4040 4064 4106 4378 4397 4515 4572 4587 4664 4986 5017 5214 5254 5294 5548 6108 6374 6631 6716 7030 7172 7212 7262 7469 7542 7632 7868 7901 8060 8811 9345 9512 9742 10128 10277 10583 10637 11442 11601 12495 
#module 133 size: 40 bs: 0.285962
771 1030 1054 1407 1493 1531 1707 1972 1998 2186 2212 2389 2577 2994 3007 3192 3222 3463 4707 4945 5116 5337 5824 5951 6089 6114 6682 7340 7661 7740 7808 7936 7952 8671 9215 9758 10238 10362 10672 10699 
#module 134 size: 11 bs: 0.393035
474 1057 3305 4487 4772 5327 5334 6886 9096 9675 9975 
#module 135 size: 150 bs: 0.793872
2 11 63 125 259 313 372 385 529 537 580 647 698 805 921 936 1102 1116 1122 1221 1251 1293 1325 1338 1575 1692 1876 1888 1988 1999 2107 2122 2337 2404 2424 2487 2572 2581 2633 2688 2708 2760 2830 2856 2886 2888 2889 3091 3157 3216 3288 3393 3492 3615 3688 3803 3849 4001 4022 4047 4078 4092 4178 4224 4393 4495 4505 4524 4598 4618 4657 4763 4815 4846 4917 4957 5028 5126 5201 5212 5277 5530 5564 5666 5816 5821 6058 6063 6107 6277 6280 6293 6367 6400 6476 6622 6712 6779 6914 6976 7016 7176 7194 7199 7349 7399 7497 7815 8170 8275 8321 8337 8339 8377 8416 8481 8531 9024 9257 9457 9537 9680 9694 9718 9789 9811 9841 9853 9976 10026 10110 10331 10472 10501 10557 10611 10646 10683 10707 10752 10754 10773 10810 10864 10989 11338 11499 11572 11575 12515 
#module 136 size: 43 bs: 0.200155
885 1220 2184 2325 2454 2621 2807 2812 2861 2907 3041 3289 3366 3379 3380 3513 3891 4062 4408 4446 4520 4867 4889 5082 5179 5423 5451 5849 5992 6296 6509 6523 6723 6940 7667 7828 8305 8441 8822 9145 10306 10590 11415 
#module 137 size: 28 bs: 0.415936
547 789 1106 1342 1484 1530 1567 1609 2783 2876 3196 3464 3874 4214 4781 5542 5688 6290 6832 7006 7195 7837 8252 8368 8630 9272 9478 9601 
#module 138 size: 179 bs: 1.06656
206 298 378 447 518 527 647 686 877 934 960 1035 1039 1214 1297 1335 1443 1464 1477 1503 1521 1529 1560 1587 1646 1657 1697 1726 1797 1799 1826 1837 1866 1901 1929 2069 2078 2139 2178 2198 2289 2341 2444 2461 2465 2491 2541 2547 2567 2766 2938 2958 2972 3453 3528 3566 3651 3698 3732 3822 3895 3969 3977 4000 4107 4112 4209 4283 4340 4450 4461 4630 4708 4807 4865 4893 4919 4978 4979 5073 5077 5098 5159 5316 5408 5434 5461 5464 5498 5547 5561 5628 5669 5742 5760 5800 5847 5886 5915 5924 5999 6092 6164 6254 6350 6385 6447 6457 6472 6474 6541 6604 6606 6964 6988 7187 7270 7393 7434 7449 7510 7513 7546 7547 7548 7567 7587 7712 7837 7839 7847 7869 7945 8032 8077 8161 8179 8243 8407 8426 8453 8506 8533 8548 8587 8672 8802 8820 9037 9083 9346 9473 9508 9541 9543 9561 9710 9726 9898 9981 10053 10076 10192 10314 10346 10441 10461 10469 10509 10527 10567 10641 10746 10753 10762 10883 12492 12568 12980 
#module 139 size: 48 bs: 0.187476
971 1153 1217 1360 1454 1498 1542 1887 1947 1989 1997 2191 2267 2287 2528 2736 2752 2802 3109 3345 3412 3561 3879 4163 4731 5004 5656 5665 5671 5727 6887 7468 7652 7659 7921 8127 8130 8477 8748 9228 9324 9914 10174 10321 10859 11031 11419 11581 
#module 140 size: 41 bs: 0.256204
75 1091 1191 1539 1884 1897 2012 2055 2177 2250 2297 2515 2635 3310 3379 3410 3473 3482 3587 4039 4090 4170 4217 4729 5113 5348 5484 5544 6523 6649 6957 7069 7759 7963 8135 8245 9315 9905 10024 10157 10674 
#module 141 size: 27 bs: 0.147448
222 665 717 1738 1926 3083 3398 3567 3581 4537 4670 5266 5363 5904 6123 6328 6458 6784 7139 7196 7462 7628 8238 9156 9967 10058 10963 
#module 142 size: 48 bs: 0.283825
920 949 1024 1093 1455 1647 1921 1923 2609 2762 3101 3671 3988 4003 4207 4215 4615 4716 4950 4951 5054 5109 5998 6045 6147 7071 7285 7662 7791 7879 7930 8111 8364 8493 8734 9095 9128 9296 9515 9547 9550 10048 10405 10791 10858 10899 10931 11106 
#module 143 size: 135 bs: 0.805621
303 492 564 729 781 863 968 969 1166 1253 1359 1395 1418 1448 1466 1496 1759 1788 1845 1846 1889 1937 1964 2148 2213 2321 2481 2636 2769 2823 2910 2939 2990 3015 3191 3214 3236 3299 3338 3442 3472 3519 3605 3713 3719 3750 3776 3833 3870 3906 3907 3938 4032 4443 4532 4553 4570 4611 4694 4827 4869 4885 4934 5022 5100 5160 5506 5567 5602 5735 5780 5809 6113 6123 6175 6279 6340 6351 6380 6393 6636 6655 6715 6744 6800 7160 7225 7297 7321 7354 7544 7675 7826 7836 7854 8012 8091 8111 8307 8372 8379 8592 8609 8692 8727 8830 8976 9093 9135 9140 9239 9359 9403 9437 9658 9791 9862 9944 10089 10115 10303 10465 10515 10577 10650 10748 10811 10818 10951 10966 10981 11093 11095 11712 12605 
#module 144 size: 61 bs: 0.905962
16 278 598 885 950 1114 1119 1155 1391 1634 1720 1869 2082 2103 2176 2374 2713 2973 3207 3298 3399 3569 3582 3585 3764 3829 3995 4333 4531 5139 5571 5593 5657 5714 6404 6647 6805 6822 6876 6877 6938 7001 7029 7878 7940 8138 8299 8520 8564 8949 9079 9263 9320 9444 10050 10841 10925 11017 11456 11878 12881 
#module 145 size: 25 bs: 0.789743
331 475 2400 2569 2711 2743 3142 4052 4714 5482 5911 5975 6307 6332 6352 6596 6799 7098 8070 8087 8329 8929 9188 9961 10172 
#module 146 size: 34 bs: 0.538684
482 604 1074 1384 1452 1663 1774 1955 2259 2543 2695 2978 3253 3293 3485 3782 3922 4010 4805 4842 5734 6521 6749 8049 8625 8626 8683 8813 8873 8910 8989 9884 10761 11160 
#module 147 size: 31 bs: 0.769417
21 166 460 1747 1888 3178 3627 3992 4351 4370 5428 5626 5782 5909 6286 6831 6983 7038 7155 7287 7563 7629 7960 8148 8508 8743 9268 9386 9933 10112 10733 
#module 148 size: 33 bs: 0.761732
296 1179 1207 2010 2093 2824 3060 3292 3610 3780 4248 4273 4533 5023 5300 5304 5422 5985 6008 6859 8041 9114 9273 9326 9549 10087 10162 10183 10584 10736 10743 10831 12553 
#module 149 size: 43 bs: 1.08601
34 58 467 844 1066 1081 1271 1471 1547 1666 1667 1704 2370 2484 3001 3025 3064 3260 3786 4123 4500 5086 5179 5195 5674 6374 6996 8138 8399 8601 8738 8829 8946 9265 9312 9367 9623 10596 10706 10814 11082 11256 12881 
#module 150 size: 45 bs: 0.87921
723 968 1097 1302 1446 1570 1649 1784 2072 2210 2223 2316 2446 2818 3238 3630 3785 3854 3862 4596 4612 4622 4823 4933 5403 5955 6003 6218 6229 6398 6506 6975 7211 7601 7698 7843 7942 8387 8712 9029 9694 9855 9871 10191 11098 
#module 151 size: 37 bs: 0.462884
40 194 222 294 1331 1382 1486 1513 1749 2121 2898 3037 3350 4019 4401 4442 4792 5305 5778 6368 6391 6630 6748 6771 6839 7110 7115 7350 7721 8320 8774 9021 9977 10126 10978 11228 12507 
#module 152 size: 21 bs: 0.746082
1459 2017 2960 3057 3147 3614 4259 4599 5430 6200 6481 7128 7926 8272 8518 8688 8961 9142 9424 9733 10592 
#module 153 size: 34 bs: 0.861707
257 258 1020 1349 1432 1557 1687 2151 2586 2753 2871 2883 3518 3571 3589 3652 5071 5712 5755 5903 6160 6274 7097 7218 8429 8528 9480 9877 10018 11008 11380 11429 11540 11703 
#module 154 size: 73 bs: 0.803042
38 271 274 327 535 779 784 876 938 1145 1213 1307 1314 1439 1846 1994 2004 2464 2469 2656 2689 2869 3017 3865 3985 4048 4057 4159 4282 4328 4382 4473 4496 4523 4993 5029 5420 5442 5479 5708 5896 6039 6093 6142 6569 6637 6740 6797 6919 7039 7198 7326 7478 8503 8727 8777 8959 8962 9013 9317 9437 9438 9702 9813 10563 10565 10629 10647 10857 10908 11135 11475 11498 
#module 155 size: 95 bs: 0.236949
73 278 304 491 519 644 852 856 1045 1099 1298 1552 1644 1725 1777 1991 2136 2154 2195 2819 2862 2892 2977 3008 3129 3151 3348 3479 3586 3758 3796 3798 3964 3970 4153 4249 4255 4385 4399 4698 4712 4828 4858 4877 4910 4927 5122 5168 5377 5629 6041 6046 6251 6341 6565 6746 6899 6934 6951 7072 7076 7212 7471 7578 7718 7736 7798 7881 7885 8203 8260 8264 8425 8502 8974 9231 9753 9813 9963 9964 10032 10406 10444 10445 10508 10566 10572 10654 10660 10854 10992 11024 11232 11400 12505 
#module 156 size: 27 bs: 0.877109
966 1311 1321 1709 1959 2554 2614 2707 2795 3516 4172 4447 4583 5702 5791 6440 7075 7922 8987 9252 10356 10403 10450 10716 10727 11117 11388 
#module 157 size: 42 bs: 0.565106
592 1843 2101 2221 2516 2570 2800 3028 3138 3263 3446 3602 3718 3871 4050 4339 4358 4606 4821 4873 4973 5152 5691 6374 6377 6620 6758 7278 7409 7452 7688 7756 7764 7909 8476 8982 9354 9521 9819 10611 10919 12990 
#module 158 size: 70 bs: 0.46898
274 787 938 1015 1177 1216 1237 1330 1468 1504 1652 1824 2138 2202 2313 2383 2505 2517 2951 3215 3382 3405 3421 3692 3857 3865 4069 4071 4156 4404 4411 4733 4845 4891 4993 5115 5299 5455 5612 5686 6314 6349 6517 6813 7067 7070 7324 7688 7959 8034 8439 8503 8609 8674 8714 8727 8777 9027 9048 9102 9189 9255 9289 9524 9928 9968 10047 10349 10629 11435 
#module 159 size: 97 bs: 1.0399
14 335 621 716 975 1027 1051 1377 1519 1676 2146 2227 2300 2430 2639 2823 3019 3113 3128 3283 3308 3512 3826 4020 4282 4315 4327 4334 4451 4547 4662 4732 4788 4990 5088 5210 5233 5367 5398 5495 5545 5562 5602 5806 5959 6174 6175 6217 6254 6446 6467 6485 6515 6591 6694 6702 6826 6978 7009 7051 7175 7402 7500 7623 7773 7792 7801 7900 7905 7950 8221 8676 8985 9518 9552 9565 9651 9852 9899 9928 9939 10069 10073 10151 10182 10359 10473 10551 10615 10628 10774 10942 10975 11108 11552 12382 12678 
#module 160 size: 46 bs: 1.05162
338 839 1277 1661 1775 1829 1865 1913 2196 2204 2302 2535 2784 3243 3603 3770 3872 4157 4205 4263 4390 4466 5018 5064 5097 5185 5349 5418 6082 6305 6396 6543 6643 7241 7624 8272 8541 8784 10007 10153 10518 10522 10613 10801 11191 12756 
#module 161 size: 16 bs: 0.361103
1018 1626 1916 2445 3621 3943 4540 4982 5053 5979 6151 7130 7242 8542 9161 12626 
#module 162 size: 45 bs: 1.03097
448 687 913 1340 1758 1900 1918 2083 2440 2629 3159 3173 3235 3838 4122 4133 4195 4492 4632 5019 5494 5852 6153 6992 6994 7432 7615 7655 7852 8086 8276 8342 8865 8922 9051 9124 9832 10560 10571 10583 10693 10700 10724 11450 13055 
#module 163 size: 60 bs: 0.310713
66 892 1000 1292 1430 1523 1706 1735 2298 2778 3074 3145 3173 3521 3640 3837 3904 4031 4169 4218 4228 4349 4530 4549 4559 4688 5035 5279 5385 5631 5744 5823 5848 6144 6904 6944 7124 7145 7167 7456 7549 8023 8382 8565 8579 8776 8847 8983 9041 9102 9223 9397 9942 10220 10226 10488 11011 11699 12249 12958 
#module 164 size: 26 bs: 0.777202
783 1138 1415 1683 2067 2068 2106 2607 2700 4965 5995 6602 6916 7552 7949 8297 8375 8554 8780 9607 9640 9907 10603 10759 10887 11595 
#module 165 size: 77 bs: 0.455192
51 333 494 1274 1322 1545 1603 1986 2001 2069 2106 2117 2149 2398 2790 3078 3103 3129 3230 3314 3515 3635 3781 3976 4167 4321 4607 4695 4719 4858 4994 4999 5085 5099 5285 5352 5578 5584 5594 6032 6365 6507 6554 6837 6906 7268 7300 7606 7967 8009 8073 8311 8349 8369 8431 8551 8686 8689 8813 8950 9080 9176 9332 9341 9378 9422 9701 9765 9863 9889 10367 10406 10495 10635 10636 11369 11526 
#module 166 size: 47 bs: 0.786322
705 804 1766 1972 2043 2291 2365 2458 2618 3510 3852 3986 4005 4100 4241 4820 5046 5307 5581 5625 6281 6795 7217 7330 7337 7422 7512 7617 7972 8055 8257 8338 8394 8729 9637 9771 9798 9840 9921 10793 10933 11509 12170 12264 12511 12903 13039 
#module 167 size: 18 bs: 0.453806
1132 1240 1724 2173 2332 2700 2917 3033 3973 4475 4652 5326 5496 5605 6929 7552 8821 9152 
#module 168 size: 37 bs: 1.04985
811 895 1398 1441 1565 1649 1832 1886 2077 2164 2193 2412 2437 2473 2664 2815 2851 2947 3280 3392 3611 3854 3997 4462 4485 5637 5936 6209 8029 8361 8447 8643 8663 10134 10945 11153 11678 
#module 169 size: 59 bs: 0.472734
642 702 880 927 1196 1259 1438 1743 2092 2124 2209 2296 2557 2636 2909 2961 3039 3094 3137 3271 3294 3327 3352 4007 4219 4668 4800 4998 5106 5246 5949 6207 6965 7170 7271 7355 7357 7372 7485 7540 7600 7654 7880 7995 8118 8593 8860 8876 8966 9146 9164 9804 9920 10177 10383 10861 11139 12125 12944 
#module 170 size: 139 bs: 0.862543
13 20 172 611 819 835 977 996 1115 1169 1233 1254 1280 1294 1295 1353 1389 1405 1411 1469 1516 1712 1760 1824 1833 1842 2339 2349 2369 2493 2505 2524 2703 2732 2987 3143 3187 3390 3461 3529 3591 3624 3826 3828 3844 3860 3865 3876 4030 4061 4149 4221 4240 4358 4407 4459 4575 4610 4664 4665 4745 4809 4993 5051 5059 5084 5117 5161 5184 5228 5255 5677 5829 5865 5923 5992 6043 6052 6109 6143 6219 6324 6465 6533 6578 6597 6948 7054 7157 7329 7354 7446 7453 7501 7527 7893 7931 8008 8178 8357 8443 8615 8674 8676 8758 8970 8988 9018 9061 9073 9098 9102 9139 9389 9536 9540 9621 9654 9688 9765 9936 10091 10114 10132 10166 10223 10226 10242 10293 10311 10351 10532 10612 10725 10927 11114 11239 12523 12995 
#module 171 size: 117 bs: 0.11371
206 378 447 468 870 925 955 1048 1347 1350 1371 1387 1416 1477 1503 1529 1587 1616 1657 1720 1733 1976 2027 2069 2168 2172 2242 2425 2461 2465 2766 2780 2784 2918 2938 3166 3404 3423 3433 3698 3708 3806 3872 3899 3962 3977 4216 4340 4387 4417 4503 4630 4679 4708 4728 4865 4984 5017 5135 5278 5284 5339 5434 5461 5498 5547 5818 5886 5924 6092 6350 6385 6646 7021 7050 7086 7270 7277 7383 7509 7680 7989 8080 8110 8179 8190 8387 8407 8453 8475 8523 8672 8724 8728 8749 8762 8802 8820 8883 8889 9193 9543 9691 9816 9890 10137 10149 10413 10461 10568 10641 10657 10708 10753 11006 11083 11593 
#module 172 size: 65 bs: 0.205215
39 541 813 847 993 1031 1150 1333 1506 1535 1561 1650 1785 1802 1958 2243 2432 2640 2663 3063 3218 3361 3375 3463 3524 3679 3817 4013 4231 4276 4434 4594 4617 4688 4782 4948 5440 5765 5856 5918 6015 6335 6598 6848 6997 7083 7727 8427 8782 8827 8859 8869 8935 9041 9162 9270 9338 9375 9545 10100 10202 10206 10212 10950 12642 
#module 173 size: 191 bs: 0.197645
36 398 543 600 645 828 951 956 970 1040 1041 1056 1168 1265 1317 1332 1375 1397 1413 1419 1437 1522 1601 1614 1629 1668 1730 1837 1848 1856 1975 1984 2006 2038 2046 2132 2189 2200 2258 2273 2355 2411 2449 2459 2461 2494 2512 2513 2514 2594 2613 2643 2740 2847 2919 2948 3095 3107 3186 3237 3347 3352 3424 3467 3491 3496 3544 3580 3588 3663 3698 3841 3866 3902 3916 3919 4097 4125 4165 4180 4188 4402 4522 4536 4541 4662 4675 4756 4762 4774 4857 4879 4883 4886 4909 4977 5057 5060 5068 5194 5229 5250 5365 5393 5787 5803 5991 6024 6031 6038 6069 6126 6133 6233 6241 6289 6341 6489 6505 6536 6809 6927 7058 7118 7122 7203 7235 7403 7424 7448 7502 7503 7664 7731 7784 7910 7928 7935 7943 7946 7966 8026 8050 8066 8129 8159 8163 8187 8279 8421 8482 8546 8656 8831 8839 8849 8875 8951 8953 8995 9034 9060 9097 9133 9167 9181 9326 9447 9507 9586 9632 9649 9668 9941 10143 10208 10516 10559 10688 10764 10869 10970 11019 11265 11269 11340 11441 12559 12588 12613 12666 
#module 174 size: 140 bs: 0.311374
54 480 489 544 580 762 994 1095 1194 1383 1408 1654 1743 1839 1871 1877 2074 2080 2104 2133 2255 2279 2284 2380 2381 2393 2425 2477 2576 2651 2653 2665 2712 2723 2728 2767 2771 2803 2816 2817 2821 2850 3024 3100 3153 3170 3223 3271 3312 3480 3550 3600 3629 3681 4162 4222 4236 4498 4512 4558 4581 4588 4666 4674 4719 4840 5101 5134 5217 5413 5440 5603 5621 5704 5705 5781 5802 5984 6036 6084 6112 6131 6194 6346 6391 6420 6468 6499 6540 6548 6555 6573 6737 6801 6829 6920 7078 7252 7269 7334 7681 7693 7709 8035 8345 8452 8563 8650 8668 8680 8772 8861 9025 9030 9039 9127 9141 9155 9394 9407 9420 9533 9578 9872 9998 10045 10068 10077 10173 10315 10443 10574 11009 11096 11412 11437 11599 11613 12077 12881 
#module 175 size: 124 bs: 0.642414
254 311 487 488 710 762 827 1100 1163 1275 1477 1489 1610 1694 1815 1928 1932 1957 1968 2056 2275 2353 2730 2816 2844 2879 3009 3093 3112 3120 3154 3160 3212 3243 3326 3493 3583 3654 3801 3913 3927 3955 4303 4323 4377 4472 4588 4837 4878 4920 5058 5115 5127 5138 5249 5272 5345 5443 5532 5570 5661 5684 5785 5797 5838 5924 5944 5972 6013 6100 6149 6230 6231 6243 6260 6459 6494 6514 6652 6673 6674 6718 6741 6801 6842 6955 7406 7447 7589 7607 7633 7635 7658 7780 7785 7861 7913 8102 8253 8293 8489 8750 8762 8964 9269 9290 9667 9747 9946 9957 10318 10355 10476 10493 10687 10789 10823 10835 10869 10957 11189 12162 12573 12683 
#module 176 size: 292 bs: 1.01597
47 273 291 381 484 542 584 599 602 603 605 616 772 814 840 885 935 958 959 961 990 1004 1067 1082 1155 1234 1258 1266 1305 1351 1372 1420 1453 1482 1520 1529 1568 1576 1605 1631 1767 1783 1791 1812 1875 1879 1903 2036 2048 2111 2127 2174 2181 2219 2239 2467 2471 2486 2558 2562 2660 2706 2739 2768 2842 2845 2848 2906 2936 2938 2965 2992 3004 3070 3096 3107 3127 3149 3184 3220 3259 3329 3351 3372 3402 3456 3468 3539 3549 3569 3670 3676 3680 3735 3737 3863 3915 3966 4017 4067 4094 4127 4168 4184 4201 4253 4368 4386 4388 4416 4421 4481 4511 4554 4628 4654 4660 4667 4737 4804 4812 4983 5037 5039 5063 5151 5323 5395 5414 5505 5523 5527 5528 5590 5596 5597 5620 5648 5649 5666 5681 5741 5767 5796 5844 5851 5858 5908 5934 5962 6006 6019 6061 6064 6076 6077 6101 6202 6239 6308 6323 6403 6433 6518 6580 6635 6648 6662 6670 6697 6708 6806 6840 6910 6928 6980 7004 7165 7193 7223 7240 7249 7256 7291 7305 7359 7361 7389 7419 7505 7553 7570 7587 7649 7669 7700 7735 7743 7795 7847 7950 7993 8010 8019 8047 8069 8123 8158 8166 8175 8191 8234 8239 8247 8263 8303 8316 8352 8362 8392 8502 8510 8521 8580 8619 8624 8659 8670 8709 8783 8814 8916 9016 9038 9076 9094 9245 9275 9303 9329 9373 9506 9510 9526 9544 9548 9589 9596 9610 9655 9670 9680 9801 9817 9858 9870 9883 9888 9891 9949 9956 9976 10028 10057 10072 10138 10158 10164 10181 10205 10221 10224 10228 10255 10324 10345 10492 10510 10531 10738 10772 10952 11070 11125 11147 11180 11264 11436 11446 11565 11885 12618 
#module 177 size: 165 bs: 0.260552
1 31 188 200 379 618 725 932 943 944 954 983 1183 1230 1303 1452 1540 1619 1636 1715 1729 1878 2022 2060 2265 2348 2382 2522 2531 2568 2652 2673 2792 2814 2823 2832 2835 2854 2870 2902 2921 3045 3147 3158 3169 3204 3211 3234 3378 3391 3403 3494 3535 3545 3552 3558 3655 3657 3715 3724 3775 3900 3909 3995 3996 4161 4297 4379 4517 4639 4686 4769 4814 4900 4901 5005 5219 5243 5290 5481 5589 5610 5640 5700 5733 5757 5773 5826 5844 5866 5907 5914 6105 6106 6153 6253 6273 6310 6319 6362 6438 6623 6764 6833 7103 7163 7185 7255 7268 7392 7416 7467 7489 7584 7602 7701 7710 7832 7866 8114 8194 8242 8401 8512 8545 8629 8708 8713 8788 8854 9026 9069 9120 9190 9529 9784 9885 10035 10036 10116 10196 10235 10390 10408 10543 10619 10659 10703 10715 10813 10816 10876 10879 10943 10970 11012 11126 11127 11223 11260 11411 11705 11840 12645 12660 
#module 178 size: 38 bs: 0.809885
595 1063 1656 1891 2071 2742 2755 2774 3029 3087 3108 3181 3349 4274 4490 4573 5044 5202 5614 6568 6621 7398 7955 8054 8189 8231 8765 9074 9159 9173 9412 10082 10306 10597 11100 11157 11165 11451 
#module 179 size: 48 bs: 0.421318
353 1034 1689 1699 2131 2266 2293 2456 2488 2510 2625 2668 2983 3055 3172 3499 3554 3716 3972 3990 4115 4278 4507 4514 4567 4629 4766 5087 5405 5939 6121 6146 6240 7182 7352 7408 7568 7722 7746 8343 9080 9364 9449 9546 9994 10203 11525 11584 
#module 180 size: 43 bs: 0.785917
521 1044 1401 1559 1944 2344 2449 3407 3673 3687 4058 4099 4242 4539 4738 5108 5206 5556 5606 5635 5885 5983 6110 6285 6437 7183 7581 7941 8227 8256 8406 8545 8753 8805 8892 9232 9468 9495 9588 10054 10777 10923 10926 
#module 181 size: 57 bs: 0.261881
196 197 589 941 948 1182 1210 1225 1526 1620 1745 1750 1771 1780 2452 2773 2937 3042 3190 3355 3642 3720 3820 4145 4262 4436 4518 5067 5081 5163 5699 5701 6627 6759 6774 7207 7312 7391 7620 8021 8100 8373 8627 8787 9230 9297 9399 9415 9700 9754 10168 10424 10431 10471 10729 10763 10812 
#module 182 size: 24 bs: 0.952687
520 1270 1565 1584 2066 2539 2693 2911 3003 3133 3156 3290 3362 4124 4271 5643 5905 6903 7657 8483 8642 9577 9761 10013 
#module 183 size: 45 bs: 0.989535
92 873 1001 1147 1200 1272 1482 2211 2346 2564 3010 3146 3531 3690 4045 4179 4353 4479 4753 4996 5158 5204 5358 5474 5487 5529 5728 5859 5870 6149 6504 6572 6936 7087 7088 7670 7685 8254 8478 8532 8852 9795 9878 9955 11004 
#module 184 size: 54 bs: 0.842398
27 681 718 1005 1212 1284 1361 1621 1970 2063 2123 2340 2530 2664 2681 2726 2852 2882 3058 3174 3395 4088 4310 4426 4471 5079 5182 5307 5404 5531 5655 5792 5807 5832 6441 7267 7819 8391 8435 8459 8486 8527 8550 8692 8697 9305 9374 9467 9500 10455 10878 10987 11073 11085 
#module 185 size: 15 bs: 1.07876
1182 1388 1444 1757 1769 1936 2789 2942 3559 4751 5232 8030 9344 10379 12591 
#module 186 size: 48 bs: 0.23608
233 713 1148 1160 1965 2240 2272 2274 2292 2534 2544 2582 3429 3718 3738 3937 4269 4339 4418 4645 4881 5237 5366 5876 6135 6166 6171 7081 7092 7189 7244 7496 7711 7842 8499 8570 8576 8666 8936 9219 9233 9379 10000 10046 10334 10387 10661 11113 
#module 187 size: 38 bs: 0.925524
178 207 614 874 915 1026 1378 1658 2271 2280 2315 2458 2542 2682 2820 3104 3234 3264 3761 3814 4005 4361 5372 5381 5947 6183 6232 6601 7512 8055 8395 8410 9144 9246 9460 10240 10558 10705 
#module 188 size: 1 bs: 1
8866 
#module 189 size: 1 bs: 1
6709 
#module 190 size: 1 bs: 1
8106 
#module 191 size: 1 bs: 1
4420 
#module 192 size: 1 bs: 1
9850 
#module 193 size: 1 bs: 1
5942 
#module 194 size: 1 bs: 1
6750 
#module 195 size: 1 bs: 1
5840 
#module 196 size: 1 bs: 1
2468 
#module 197 size: 1 bs: 1
3744 
#module 198 size: 1 bs: 1
3297 
#module 199 size: 1 bs: 1
8679 
#module 200 size: 1 bs: 1
7133 
#module 201 size: 1 bs: 1
6699 
#module 202 size: 1 bs: 1
6820 
#module 203 size: 1 bs: 1
5454 
#module 204 size: 1 bs: 1
2868 
#module 205 size: 1 bs: 1
6612 
#module 206 size: 1 bs: 1
10044 
#module 207 size: 1 bs: 1
8942 
#module 208 size: 1 bs: 1
446 
#module 209 size: 1 bs: 1
6094 
#module 210 size: 1 bs: 1
9368 
#module 211 size: 1 bs: 1
3436 
#module 212 size: 1 bs: 1
1941 
#module 213 size: 1 bs: 1
1589 
#module 214 size: 1 bs: 1
4015 
#module 215 size: 1 bs: 1
7874 
#module 216 size: 1 bs: 1
10163 
#module 217 size: 1 bs: 1
3700 
#module 218 size: 1 bs: 1
10372 
#module 219 size: 1 bs: 1
5804 
#module 220 size: 1 bs: 1
6640 
#module 221 size: 1 bs: 1
4395 
#module 222 size: 1 bs: 1
182 
#module 223 size: 1 bs: 1
3608 
#module 224 size: 1 bs: 1
4640 
#module 225 size: 1 bs: 1
10171 
#module 226 size: 1 bs: 1
8082 
#module 227 size: 1 bs: 1
2718 
#module 228 size: 1 bs: 1
7511 
#module 229 size: 1 bs: 1
3948 
#module 230 size: 1 bs: 1
8618 
#module 231 size: 1 bs: 1
6960 
#module 232 size: 1 bs: 1
5692 
#module 233 size: 1 bs: 1
2323 
#module 234 size: 1 bs: 1
8896 
#module 235 size: 1 bs: 1
11740 
#module 236 size: 1 bs: 1
2941 
#module 237 size: 1 bs: 1
7454 
#module 238 size: 1 bs: 1
8490 
#module 239 size: 1 bs: 1
3177 
#module 240 size: 1 bs: 1
5608 
#module 241 size: 1 bs: 1
5274 
#module 242 size: 1 bs: 1
582 
#module 243 size: 1 bs: 1
301 
#module 244 size: 1 bs: 1
5075 
#module 245 size: 1 bs: 1
9194 
#module 246 size: 1 bs: 1
3626 
#module 247 size: 1 bs: 1
5076 
#module 248 size: 1 bs: 1
7488 
#module 249 size: 1 bs: 1
4568 
#module 250 size: 1 bs: 1
10258 
#module 251 size: 1 bs: 1
7204 
#module 252 size: 1 bs: 1
6939 
#module 253 size: 1 bs: 1
9249 
#module 254 size: 1 bs: 1
8128 
#module 255 size: 1 bs: 1
7923 
#module 256 size: 1 bs: 1
6294 
#module 257 size: 1 bs: 1
8363 
#module 258 size: 1 bs: 1
3672 
#module 259 size: 1 bs: 1
832 
#module 260 size: 1 bs: 1
4967 
#module 261 size: 1 bs: 1
4717 
#module 262 size: 1 bs: 1
3520 
#module 263 size: 1 bs: 1
4261 
#module 264 size: 1 bs: 1
2098 
#module 265 size: 1 bs: 1
6930 
#module 266 size: 1 bs: 1
4932 
#module 267 size: 1 bs: 1
3431 
#module 268 size: 1 bs: 1
5131 
#module 269 size: 1 bs: 1
5207 
#module 270 size: 1 bs: 1
846 
#module 271 size: 1 bs: 1
6571 
#module 272 size: 1 bs: 1
5641 
#module 273 size: 1 bs: 1
1256 
#module 274 size: 1 bs: 1
1538 
#module 275 size: 1 bs: 1
8031 
#module 276 size: 1 bs: 1
4186 
#module 277 size: 1 bs: 1
8244 
#module 278 size: 1 bs: 1
1971 
#module 279 size: 1 bs: 1
4949 
#module 280 size: 1 bs: 1
10400 
#module 281 size: 1 bs: 1
8700 
#module 282 size: 1 bs: 1
978 
#module 283 size: 1 bs: 1
9477 
#module 284 size: 1 bs: 1
3933 
#module 285 size: 1 bs: 1
4968 
#module 286 size: 1 bs: 1
6487 
#module 287 size: 1 bs: 1
12652 
#module 288 size: 1 bs: 1
6866 
#module 289 size: 1 bs: 1
8356 
#module 290 size: 1 bs: 1
6124 
#module 291 size: 1 bs: 1
11261 
#module 292 size: 1 bs: 1
9302 
#module 293 size: 1 bs: 1
6542 
#module 294 size: 1 bs: 1
4975 
#module 295 size: 1 bs: 1
9846 
#module 296 size: 1 bs: 1
10526 
#module 297 size: 1 bs: 1
10569 
