#module 0 size: 9 bs: 0.00796716
53 170 261 346 391 428 474 492 537 
#module 1 size: 5 bs: 0.00546828
120 133 180 305 587 
#module 2 size: 16 bs: 2.22842e-06
24 28 78 139 170 178 210 233 321 421 460 467 495 566 567 581 
#module 3 size: 12 bs: 0.0521484
3 34 83 189 206 256 353 383 392 445 597 598 
#module 4 size: 19 bs: 0.00492943
38 196 243 274 284 289 294 295 312 319 348 350 361 368 377 378 406 437 588 
#module 5 size: 7 bs: 0.0903885
77 81 139 140 190 321 389 
#module 6 size: 31 bs: 1.16685e-08
12 42 59 72 84 97 108 123 178 218 237 264 271 272 294 300 306 340 354 425 426 435 449 456 463 469 537 549 566 567 595 
#module 7 size: 15 bs: 0.000108861
50 84 99 105 133 292 323 337 387 394 477 478 552 595 603 
#module 8 size: 36 bs: 0.00216884
4 8 13 27 28 30 31 32 65 68 119 136 147 164 186 192 195 209 224 227 240 296 298 301 355 441 451 464 470 473 486 506 507 534 570 599 
#module 9 size: 6 bs: 0.0856803
33 207 285 332 392 436 
#module 10 size: 15 bs: 1.60196e-07
7 37 62 111 117 145 155 191 316 322 374 388 433 536 593 
#module 11 size: 11 bs: 2.22257e-06
20 111 135 163 178 212 313 339 366 372 554 
#module 12 size: 9 bs: 0.0009874
32 49 198 200 203 214 349 370 483 
#module 13 size: 37 bs: 1.05845
23 82 86 88 89 96 130 136 137 138 156 161 185 204 213 216 244 247 249 251 302 304 328 330 344 364 368 375 440 470 484 485 504 517 548 571 584 
#module 14 size: 31 bs: 0.902543
4 64 136 162 174 193 201 220 222 224 225 267 268 272 276 278 285 312 405 411 418 430 448 488 498 528 553 556 589 597 602 
#module 15 size: 22 bs: 0.265896
10 83 146 287 333 381 415 439 445 447 490 493 513 518 540 546 563 573 577 578 581 585 
#module 16 size: 29 bs: 0.456792
9 13 36 51 83 94 115 225 233 258 315 386 390 415 434 444 453 459 462 466 471 491 504 531 547 573 578 592 604 
#module 17 size: 17 bs: 0.422115
48 64 245 280 291 308 344 362 385 397 398 404 525 537 565 569 589 
#module 18 size: 24 bs: 0.17647
21 89 100 126 151 172 202 203 258 303 352 367 370 391 393 396 399 472 499 517 523 542 557 589 
#module 19 size: 6 bs: 0.874668
38 252 286 406 561 576 
#module 20 size: 38 bs: 0.187112
39 52 54 60 85 98 118 125 131 174 187 208 232 250 269 273 312 318 343 345 351 357 365 369 378 380 423 454 455 482 484 494 507 508 543 579 601 602 
#module 21 size: 28 bs: 0.22521
46 53 61 66 80 112 134 160 163 165 168 197 205 211 215 280 319 348 370 380 402 413 422 438 476 528 535 538 
#module 22 size: 18 bs: 0.567221
122 126 197 228 280 306 311 379 395 398 426 446 481 525 526 575 581 588 
#module 23 size: 29 bs: 0.672971
5 16 41 45 67 74 121 143 166 181 203 234 277 290 293 304 359 401 405 427 442 458 468 500 509 510 514 558 574 
#module 24 size: 7 bs: 0.313739
171 239 260 284 309 341 342 
#module 25 size: 16 bs: 0.869701
82 89 189 206 229 248 320 383 439 518 546 572 581 597 598 606 
