#module 0 size: 2 bs: 5.26229e-101
160 3952 
#module 1 size: 26 bs: 9.26625e-101
251 430 1256 1286 1338 1682 2169 2355 2776 3167 3211 3273 3784 3984 4413 4627 5223 5284 5324 5424 5933 5958 5980 6283 6292 6569 
#module 2 size: 2 bs: 2.1488e-101
718 3121 
#module 3 size: 2 bs: 3.76017e-101
4680 6397 
#module 4 size: 2 bs: 2.20934e-14
690 2119 
#module 5 size: 2 bs: 7.70543e-103
1173 2047 
#module 6 size: 3 bs: 4.82372e-101
1101 3725 6732 
#module 7 size: 2 bs: 1.13909e-13
2811 4997 
#module 8 size: 2 bs: 1.09955e-101
3483 5044 
#module 9 size: 2 bs: 8.15723e-101
2019 2095 
#module 10 size: 2 bs: 6.63626e-101
2575 6778 
#module 11 size: 2 bs: 2.46238e-101
2312 4321 
#module 12 size: 2 bs: 4.62858e-101
884 5063 
#module 13 size: 4 bs: 8.60354e-101
1151 3181 4472 6536 
#module 14 size: 3 bs: 5.61627e-102
871 3058 4987 
#module 15 size: 2 bs: 3.44403e-101
4001 6160 
#module 16 size: 9 bs: 4.9929e-102
214 304 683 2716 3495 4139 4238 4271 5221 
#module 17 size: 3 bs: 3.82787e-101
332 2953 6436 
#module 18 size: 21 bs: 1.32011e-09
162 370 762 889 1027 1206 1456 1589 1770 2005 2524 2988 3257 3282 3928 3968 4154 4692 4990 5414 6838 
#module 19 size: 2 bs: 5.59713e-101
183 6908 
#module 20 size: 3 bs: 1.24491e-101
1924 2490 6192 
#module 21 size: 8 bs: 1.11022e-16
1001 1647 2343 3531 3909 4054 4055 6790 
#module 22 size: 22 bs: 2.0697e-07
83 524 1109 1226 1722 1779 1827 1838 2124 2139 2196 2462 2927 3539 4049 4391 4459 4629 5218 5513 5737 5914 
#module 23 size: 2 bs: 9.29661e-101
2278 4594 
#module 24 size: 4 bs: 4.76119e-102
175 1310 1495 1941 
#module 25 size: 9 bs: 1.71418e-13
508 1188 2200 3247 4109 5316 5603 5683 6059 
#module 26 size: 3 bs: 4.62212e-101
9 3083 4094 
#module 27 size: 2 bs: 5.05031e-101
589 3085 
#module 28 size: 17 bs: 1.83307e-101
193 334 824 1727 1748 1749 2003 2045 2347 3056 3508 3950 5224 5232 5303 5686 5878 
#module 29 size: 2 bs: 5.21544e-08
1051 4107 
#module 30 size: 2 bs: 7.34456e-101
228 3767 
#module 31 size: 4 bs: 9.93838e-101
281 3423 4108 6510 
#module 32 size: 2 bs: 4.00311e-101
1099 3384 
#module 33 size: 2 bs: 2.44127e-101
4751 4838 
#module 34 size: 8 bs: 6.73115e-101
442 506 1104 2267 2728 2780 5244 6483 
#module 35 size: 2 bs: 4.43864e-101
5802 6849 
#module 36 size: 3 bs: 4.10405e-101
410 569 1485 
#module 37 size: 3 bs: 9.14213e-102
476 2425 3594 
#module 38 size: 2 bs: 7.18648e-101
2739 6416 
#module 39 size: 8 bs: 9.82751e-101
1171 1851 2531 3292 3923 4269 4637 6648 
#module 40 size: 2 bs: 9.24599e-101
2412 4116 
#module 41 size: 2 bs: 5.62916e-101
22 568 
#module 42 size: 3 bs: 6.67897e-101
854 5194 6651 
#module 43 size: 3 bs: 2.82661e-101
2511 2745 2997 
#module 44 size: 2 bs: 2.69858e-101
3280 6500 
#module 45 size: 3 bs: 2.64157e-101
2414 4507 4635 
#module 46 size: 3 bs: 3.52839e-101
670 6348 6522 
#module 47 size: 6 bs: 9.67215e-101
565 1646 3044 3875 5509 5631 
#module 48 size: 7 bs: 1.89305e-101
320 709 780 1197 3314 5555 6178 
#module 49 size: 3 bs: 3.92312e-101
426 1397 6670 
#module 50 size: 9 bs: 3.40561e-07
599 791 1262 1887 2700 4163 4462 5261 6471 
#module 51 size: 5 bs: 9.03552e-101
3765 3893 4589 6326 6735 
#module 52 size: 3 bs: 9.85697e-101
1632 1654 4901 
#module 53 size: 2 bs: 9.06349e-102
2691 5095 
#module 54 size: 2 bs: 5.64376e-102
3010 4440 
#module 55 size: 4 bs: 1.43027e-101
1156 3627 5423 6053 
#module 56 size: 2 bs: 8.98089e-101
1724 3274 
#module 57 size: 17 bs: 1.46889e-10
70 549 1181 1194 1921 2118 2688 4054 4451 5307 5823 5853 6114 6148 6604 6635 6744 
#module 58 size: 7 bs: 7.33986e-101
713 2186 2595 3269 4469 5826 6235 
#module 59 size: 3 bs: 9.41179e-102
416 3414 5434 
#module 60 size: 8 bs: 8.16301e-06
783 1133 2939 3393 4884 5622 6141 6266 
#module 61 size: 4 bs: 6.05739e-101
3625 3724 4005 5110 
#module 62 size: 19 bs: 3.14226e-101
42 260 951 1836 2069 2320 2556 2560 3195 3402 3554 3890 3963 4008 5024 5456 5559 5707 6741 
#module 63 size: 3 bs: 1.96886e-101
3040 4478 6522 
#module 64 size: 5 bs: 4.79783e-101
522 798 1183 2960 3682 
#module 65 size: 5 bs: 4.73232e-102
1672 1792 3061 4242 4949 
#module 66 size: 24 bs: 6.10623e-15
188 202 390 825 1198 1383 1405 1576 2120 2288 2663 2736 2759 2932 2980 3445 3533 4157 5359 6094 6110 6195 6595 6785 
#module 67 size: 7 bs: 0.000550292
1951 2006 2365 2706 3346 3984 4386 
#module 68 size: 26 bs: 7.45724e-05
124 439 495 669 754 761 823 1190 1331 1425 2061 2373 2473 2527 2831 2839 3059 3090 3303 3554 5405 5439 5761 5994 6309 6810 
#module 69 size: 26 bs: 9.75438e-06
209 268 742 1133 1189 1874 2025 2109 2221 2790 3026 3147 3273 3410 3510 3681 4083 4367 4438 4955 5622 5848 6125 6260 6667 6799 
#module 70 size: 13 bs: 6.62967e-102
32 576 700 1412 1571 2224 3559 3647 4053 4821 4853 5272 6482 
#module 71 size: 3 bs: 2.95892e-101
695 3451 5364 
#module 72 size: 20 bs: 4.02016e-11
45 85 201 316 1413 1556 1867 2123 2791 3497 3893 3978 4408 4863 5001 5479 5540 5723 6317 6354 
#module 73 size: 26 bs: 1.11022e-16
268 495 547 669 769 799 881 1007 1400 1629 1641 1790 1909 1921 2573 2617 3094 3143 3173 3411 4209 4796 4934 5052 6326 6771 
#module 74 size: 2 bs: 4.85345e-101
1599 6902 
#module 75 size: 3 bs: 3.33067e-16
2537 3438 4460 
#module 76 size: 40 bs: 6.11634e-09
87 179 601 769 820 1016 1259 1427 1467 1579 1911 2015 2043 2060 2187 2475 2477 2718 2836 2839 2872 3512 3709 3762 3889 3963 4431 4841 4893 4974 5057 5078 5109 5175 5861 5956 6319 6647 6667 6753 
#module 77 size: 44 bs: 2.29791e-09
33 48 227 267 548 630 669 743 822 1033 1241 1386 1579 1931 1936 2127 2538 2594 2859 3194 3361 3557 3619 3830 4024 4158 4338 4367 4391 4450 4841 4852 4913 4954 4959 5171 5432 5672 5923 6112 6364 6434 6509 6650 
#module 78 size: 5 bs: 0.557022
213 596 3715 5975 6722 
#module 79 size: 13 bs: 1.09424
20 640 1848 2017 2416 2866 3827 4419 4481 5389 5800 5954 6459 
#module 80 size: 26 bs: 0.668301
77 686 1012 1082 1166 1220 1598 1678 1942 2349 2545 2733 2758 2766 2976 3063 3087 3565 3669 4127 4208 5023 5642 6007 6017 6145 
#module 81 size: 4 bs: 0.904554
1068 1481 3773 3776 
#module 82 size: 11 bs: 0.907053
339 747 1469 2438 3228 3311 3828 4053 4097 4318 5368 
#module 83 size: 11 bs: 1.01155
628 1307 1420 3484 4525 5212 5397 5772 6410 6758 6764 
#module 84 size: 7 bs: 0.578236
278 609 1223 4235 4842 5076 6369 
#module 85 size: 3 bs: 0.341667
1271 2488 2853 
#module 86 size: 10 bs: 0.391727
741 1862 3446 3658 3874 3907 4047 4276 4890 6703 
#module 87 size: 7 bs: 0.85134
724 756 1354 2636 3372 5877 5889 
#module 88 size: 8 bs: 0.711483
6 612 1231 2876 3328 3793 4183 6040 
#module 89 size: 7 bs: 0.569801
103 919 1665 2064 4710 5162 6562 
#module 90 size: 6 bs: 0.291502
1471 1977 4969 4989 5059 6592 
#module 91 size: 6 bs: 0.206461
1121 3538 4078 5246 5565 5957 
#module 92 size: 4 bs: 0.620725
938 1070 1745 3112 
#module 93 size: 10 bs: 1.06099
520 1305 2672 2715 3965 4309 4914 5206 5253 6095 
#module 94 size: 12 bs: 0.107749
35 118 245 659 1091 1603 1680 2630 2703 3879 4651 5948 
#module 95 size: 9 bs: 0.3772
519 1519 1535 1741 3300 4230 5117 5144 6480 
#module 96 size: 6 bs: 0.371541
3108 3151 3235 3430 4108 4667 
#module 97 size: 5 bs: 0.592125
544 2754 3021 3425 4602 
#module 98 size: 8 bs: 0.37978
110 900 1940 2016 2306 2779 5285 6822 
#module 99 size: 30 bs: 0.273169
113 206 538 868 1080 1081 1107 1137 1291 1726 1731 1822 2466 2847 3202 3443 3454 3689 3904 4221 4378 4540 4783 5227 5241 5860 6368 6433 6550 6602 
#module 100 size: 3 bs: 0.492
673 3790 4826 
#module 101 size: 5 bs: 0.152761
3822 5809 6055 6673 6711 
#module 102 size: 20 bs: 0.111201
41 418 450 557 1355 1772 2146 3178 3355 3513 4292 4364 4999 5603 5617 5770 6123 6177 6264 6727 
#module 103 size: 13 bs: 0.628211
604 856 1024 1459 1532 2021 3986 4600 5663 5689 5702 5822 6430 
#module 104 size: 12 bs: 0.940308
1788 3217 3308 3786 4045 5274 5502 5830 6717 6783 6784 6888 
#module 105 size: 16 bs: 1.03313
775 1315 1373 1543 1693 2437 2857 3120 3400 3997 4886 4932 5312 5659 6474 6671 
#module 106 size: 8 bs: 1.06765
593 638 1884 2420 3166 4192 4908 5942 
#module 107 size: 22 bs: 0.978773
40 745 791 1257 2013 2311 2543 2578 2624 2782 3449 3467 3471 3503 3903 4335 4397 4428 4462 4497 6452 6471 
#module 108 size: 14 bs: 0.778406
38 360 683 1337 1505 1723 2892 2992 3693 3695 5262 5270 5337 6355 
#module 109 size: 28 bs: 0.997441
460 610 1670 1864 2032 2142 2415 2461 2677 2913 3119 3143 3487 3560 3819 3896 4072 4117 4529 5294 5638 5658 5848 6077 6528 6753 6797 6880 
#module 110 size: 12 bs: 0.55235
865 1154 2230 2440 2752 3051 3330 4119 4332 4390 4422 6713 
#module 111 size: 5 bs: 0.375476
1126 1778 4090 5960 6321 
#module 112 size: 6 bs: 0.837028
1317 2308 3099 4645 5264 5772 
#module 113 size: 8 bs: 0.819985
1877 3760 4258 4930 5478 6010 6520 6669 
#module 114 size: 10 bs: 1.07341
1849 2653 3472 4299 4519 4701 4708 5654 6352 6462 
#module 115 size: 20 bs: 0.414802
90 177 196 624 1025 1340 1997 3336 3742 3940 3961 4166 4180 4671 5542 5786 5931 6531 6639 6688 
#module 116 size: 6 bs: 0.232445
448 2444 3141 4331 4797 5136 
#module 117 size: 10 bs: 0.300699
185 342 2154 2504 3631 3901 4492 4693 5790 5930 
#module 118 size: 4 bs: 0.619328
274 3639 4346 4375 
#module 119 size: 43 bs: 0.413294
397 408 482 598 849 1184 1594 1632 1765 1828 1991 2061 2071 2276 2475 2656 2660 2698 2757 2854 2873 3059 3080 3116 3246 3266 3326 3393 3485 3590 3838 3947 4150 4237 4601 5307 5452 5803 5992 6047 6186 6570 6692 
#module 120 size: 5 bs: 1.0547
308 505 2598 6137 6756 
#module 121 size: 15 bs: 0.577734
407 1754 1774 1908 1993 2041 3090 3820 4086 4183 4468 5356 5366 5993 6164 
#module 122 size: 11 bs: 0.100235
132 554 1248 2305 2686 3459 3796 4181 4500 5447 6376 
#module 123 size: 43 bs: 0.417296
56 413 432 483 685 808 920 1691 1820 1827 1966 2127 2266 2302 2606 2662 2833 2898 3441 3522 3569 3575 3708 3964 4101 4135 4389 4558 4880 5085 5134 5571 5737 5806 5898 5934 6244 6340 6423 6501 6541 6817 6856 
#module 124 size: 26 bs: 0.375328
972 1465 1477 1584 1590 1602 1801 1886 2729 3002 3075 3148 3332 3829 4178 4372 4563 4876 5251 5252 5276 5340 5970 6113 6133 6332 
#module 125 size: 11 bs: 0.286975
181 701 752 1119 1186 1273 2540 3758 4126 4528 4860 
#module 126 size: 4 bs: 0.914706
2354 4147 4437 6774 
#module 127 size: 6 bs: 0.33532
1062 1536 1945 4438 4636 5720 
#module 128 size: 14 bs: 0.738611
403 934 1219 1786 1963 2011 3362 3586 4504 4659 4934 5484 6223 6617 
#module 129 size: 6 bs: 0.690382
569 2858 5369 6135 6476 6559 
#module 130 size: 5 bs: 0.408997
695 939 2193 3310 5590 
#module 131 size: 3 bs: 0.585924
1640 2855 6232 
#module 132 size: 4 bs: 0.687441
2426 2815 3939 6365 
#module 133 size: 30 bs: 0.419016
353 836 1117 1460 1732 1799 2008 2273 2459 2553 3031 3226 3335 3376 3387 4211 4394 4400 4995 5021 5075 5082 5135 5220 5563 6048 6734 6801 6847 6866 
#module 134 size: 20 bs: 0.650911
287 1927 2073 2162 2281 2489 2722 2977 3028 3294 3962 4217 4688 4983 4999 5227 5269 5598 6331 6686 
#module 135 size: 23 bs: 1.08159
287 521 1392 1618 2021 2073 2914 3055 3070 3107 3111 4105 4518 4610 4762 5098 5167 5357 5662 5829 5841 6702 6761 
#module 136 size: 21 bs: 1.05851
133 617 1005 1031 1135 2285 2410 2881 3126 3227 3883 3957 4130 4490 4628 5026 5653 5929 6508 6629 6714 
#module 137 size: 7 bs: 0.74559
152 523 577 1046 1634 2724 3931 
#module 138 size: 5 bs: 0.855348
737 1242 1935 4418 4718 
#module 139 size: 5 bs: 1.01467
116 3825 4370 6451 6876 
#module 140 size: 4 bs: 0.13714
1483 2070 2452 2679 
#module 141 size: 4 bs: 0.942172
177 842 3062 3641 
#module 142 size: 12 bs: 0.677072
528 552 1026 1238 1250 2613 4591 4928 4943 5067 5457 6088 
#module 143 size: 6 bs: 1.03273
3659 4043 5360 5751 6245 6313 
#module 144 size: 13 bs: 0.460289
459 1008 1565 2120 2365 3216 4386 4407 5693 6116 6126 6515 6659 
#module 145 size: 8 bs: 0.583472
417 1029 2609 3598 4395 4723 5471 6052 
#module 146 size: 14 bs: 0.80848
142 489 642 1473 2554 2902 3393 4730 5293 5618 5922 6141 6266 6381 
#module 147 size: 15 bs: 0.372625
575 1621 1844 2209 3013 3129 3387 3652 4630 4861 5481 5952 5966 5979 6544 
#module 148 size: 17 bs: 0.520326
319 582 774 789 1676 1793 1988 2042 2274 3127 4174 5611 5643 6129 6518 6582 6725 
#module 149 size: 3 bs: 0.725956
1510 1823 4574 
#module 150 size: 8 bs: 0.372908
1628 2291 2441 4042 4948 5403 5790 6505 
#module 151 size: 17 bs: 0.964452
421 542 671 1890 2007 3596 3779 4502 4922 5419 5962 5963 6163 6499 6655 6716 6870 
#module 152 size: 6 bs: 0.638033
3421 4777 5291 5701 5908 6825 
#module 153 size: 5 bs: 0.607294
1048 3160 3751 3985 4014 
#module 154 size: 11 bs: 0.715417
713 748 2414 3463 3919 4165 4300 4956 5821 5903 6521 
#module 155 size: 10 bs: 0.83082
328 945 1593 2453 3209 4387 6056 6075 6267 6759 
#module 156 size: 10 bs: 0.281802
2006 2084 2814 3920 4317 5526 5869 6229 6591 6704 
#module 157 size: 8 bs: 0.172038
3 3516 3782 4212 5953 6249 6330 6337 
#module 158 size: 9 bs: 0.576963
1278 1713 1808 2023 2234 2734 4456 5252 5435 
#module 159 size: 6 bs: 1.05129
3975 4770 4870 5995 6712 6860 
#module 160 size: 4 bs: 0.953692
576 2117 4023 5640 
#module 161 size: 44 bs: 0.402976
163 394 891 1023 1202 1275 1637 1700 1891 1978 1994 2366 2464 2631 2929 2959 2973 3043 3406 3455 3689 3749 3809 4156 4215 4401 4442 4590 4617 4639 4651 4879 4920 5009 5280 5788 5843 5857 6290 6336 6394 6419 6449 6475 
#module 162 size: 15 bs: 0.897471
467 777 1214 1675 2652 2856 2971 3683 3948 4149 4616 5623 5847 6045 6484 
#module 163 size: 4 bs: 0.175484
2173 3409 3601 6527 
#module 164 size: 5 bs: 0.209139
2067 2202 2484 3479 4199 
#module 165 size: 13 bs: 0.307104
781 1712 1777 1835 1895 2714 2984 2985 3001 3403 3910 4869 4921 
#module 166 size: 3 bs: 0.223022
3887 6301 6619 
#module 167 size: 6 bs: 0.351118
235 875 1156 4579 6391 6583 
#module 168 size: 3 bs: 1.04401
2038 3723 4768 
#module 169 size: 8 bs: 0.396571
165 2481 2621 3105 3123 3815 6473 6608 
#module 170 size: 9 bs: 1.02849
276 1303 1660 1869 2215 3223 3258 3318 4290 
#module 171 size: 5 bs: 1.04271
3261 4926 5288 5558 5674 
#module 172 size: 6 bs: 0.78183
238 556 977 6020 6432 6497 
#module 173 size: 16 bs: 0.665592
122 221 558 830 1367 1534 1697 2364 3685 3858 4323 5210 5238 5428 5580 6537 
#module 174 size: 6 bs: 0.694717
381 466 699 3496 4748 6813 
#module 175 size: 9 bs: 0.87871
371 409 1841 2121 4609 5186 6049 6221 6427 
#module 176 size: 7 bs: 0.329165
86 1649 1861 3478 3564 4584 5515 
#module 177 size: 15 bs: 0.908454
605 897 1982 2744 2972 3297 3609 3835 4093 4157 4802 4896 6282 6327 6878 
#module 178 size: 8 bs: 0.432169
170 369 1753 3188 3433 3922 5194 5866 
#module 179 size: 6 bs: 0.842861
1267 2376 2411 3992 4455 5094 
#module 180 size: 9 bs: 0.907502
981 3096 3198 3891 3914 4613 4900 5669 6576 
#module 181 size: 18 bs: 0.545738
397 494 984 1349 1388 1684 1695 2676 3130 4167 4912 5146 5152 5505 5742 5744 5959 6623 
#module 182 size: 12 bs: 0.707918
463 926 1306 1402 1756 1948 2207 2677 2911 3497 4517 5671 
#module 183 size: 5 bs: 0.798663
426 562 2750 5614 6505 
#module 184 size: 12 bs: 0.705014
755 1385 1708 2910 3806 3918 4740 4780 5984 6235 6398 6586 
#module 185 size: 5 bs: 0.160472
846 1773 1859 3114 3352 
#module 186 size: 13 bs: 0.216377
804 973 1207 1225 1361 1673 3385 3824 3972 4545 4705 5267 6639 
#module 187 size: 8 bs: 0.245883
839 2236 2479 2552 2777 2915 6044 6551 
#module 188 size: 5 bs: 0.314012
9 1057 4192 4293 5184 
#module 189 size: 7 bs: 0.768097
1181 1818 1999 2141 4813 6268 6443 
#module 190 size: 12 bs: 0.262672
587 812 2135 2949 3134 4111 5132 5184 5396 5674 6375 6802 
#module 191 size: 33 bs: 1.00501
167 169 691 703 801 1661 1817 1893 2096 2149 2248 3037 3122 3690 3932 4534 4545 4775 5056 5214 5344 5541 5568 5620 5817 6175 6209 6429 6431 6697 6740 6835 6877 
#module 192 size: 5 bs: 0.682069
19 606 3005 6439 6554 
#module 193 size: 11 bs: 0.93601
128 1221 1498 1557 2925 3157 3242 3317 5852 5884 6578 
#module 194 size: 7 bs: 0.403596
1296 3012 3113 3684 3866 3881 6115 
#module 195 size: 20 bs: 0.528767
307 761 1180 1414 1639 1767 1925 1929 2884 3074 3086 3098 3269 4098 4287 4352 5051 5602 6308 6506 
#module 196 size: 8 bs: 0.560268
614 742 818 1357 3045 3224 3374 3730 
#module 197 size: 6 bs: 0.166596
256 917 1664 1842 2576 6567 
#module 198 size: 16 bs: 0.634439
768 1043 1644 2373 3177 3290 3452 3804 4695 4843 5554 5949 6042 6347 6489 6859 
#module 199 size: 29 bs: 0.102257
501 531 805 946 1116 1433 1625 2123 2157 2179 2514 2584 3023 3231 3417 3520 3521 3536 3593 3734 3817 3967 4252 4712 5116 5164 5610 6450 6461 
#module 200 size: 12 bs: 0.386195
130 681 910 991 1017 1744 2786 3833 4172 4979 5491 5808 
#module 201 size: 7 bs: 1.04664
955 2150 2165 2819 3042 4449 6694 
#module 202 size: 24 bs: 0.246885
388 727 1669 1679 1931 2324 2495 2729 3243 3647 3834 4782 4935 4955 5050 5340 5375 5504 5886 5920 6332 6491 6627 6731 
#module 203 size: 8 bs: 0.102029
522 941 2801 4524 5272 5348 6181 6246 
#module 204 size: 7 bs: 0.669316
336 4005 4239 4267 4652 5807 6060 
#module 205 size: 12 bs: 1.05565
495 632 1662 1717 2310 3644 3663 4006 4019 5575 5927 5944 
#module 206 size: 31 bs: 0.930975
251 430 472 879 1089 1216 1256 1286 1318 1909 1919 2000 2012 2316 2776 2882 3167 3211 3245 3273 3404 3826 3984 4146 4201 4216 4994 5003 5758 6035 6283 
#module 207 size: 4 bs: 0.47833
96 2101 2681 4715 
#module 208 size: 130 bs: 0.858444
82 144 147 257 366 412 428 553 574 639 645 659 750 776 779 797 807 840 848 862 901 902 904 927 975 1049 1083 1085 1165 1314 1320 1461 1479 1559 1567 1572 1601 1699 1720 1858 1896 1926 2018 2091 2212 2379 2419 2483 2587 2644 2667 2825 2840 2891 2975 2999 3260 3383 3415 3429 3432 3481 3545 3555 3686 3716 3733 3768 3864 3877 4065 4074 4145 4148 4257 4350 4353 4381 4461 4506 4604 4631 4642 4678 4679 4717 4791 4850 4854 5029 5030 5070 5165 5277 5279 5287 5305 5328 5349 5420 5645 5661 5681 5815 5828 5842 5947 5976 6039 6050 6062 6083 6185 6198 6241 6286 6334 6395 6428 6456 6485 6503 6545 6589 6610 6618 6625 6730 6826 6910 
#module 209 size: 6 bs: 0.385182
55 2392 2561 3270 6622 6763 
#module 210 size: 26 bs: 1.06674
283 387 481 555 733 937 1556 2386 2792 2903 3071 3490 3535 3636 3712 3941 4470 4832 5450 5503 5543 6000 6099 6121 6262 6643 
#module 211 size: 9 bs: 0.123342
157 2448 3029 3082 3675 4060 4543 4970 6529 
#module 212 size: 6 bs: 0.690501
148 235 595 3461 3470 3845 
#module 213 size: 8 bs: 0.671458
3526 4039 4203 4527 5719 6293 6409 6848 
#module 214 size: 26 bs: 0.8488
149 344 738 1066 1067 1798 1905 2159 2232 2293 2735 2797 3024 3092 3155 4004 4063 4073 4592 4800 4942 5325 6001 6016 6072 6382 
#module 215 size: 5 bs: 0.183837
32 710 4794 4904 5745 
#module 216 size: 16 bs: 0.380771
1178 1537 1970 2040 2044 3296 3739 3938 4197 4250 4342 4533 5393 6341 6363 6566 
#module 217 size: 10 bs: 0.879622
706 860 960 1809 3147 3363 3644 4067 4366 6022 
#module 218 size: 8 bs: 0.348982
2478 3423 3962 5188 5624 6212 6250 6792 
#module 219 size: 13 bs: 0.202647
1415 3032 3133 3199 3643 4240 4475 4917 5382 5778 5875 6080 6208 
#module 220 size: 7 bs: 0.117518
9 102 2574 2659 3944 4102 6526 
#module 221 size: 12 bs: 1.05148
449 678 1876 3357 3699 3847 4110 4520 5650 5865 6026 6723 
#module 222 size: 3 bs: 0.367396
1794 2340 4566 
#module 223 size: 36 bs: 0.575173
73 419 619 976 1351 1363 1451 1525 1880 2180 2188 2282 2325 2528 2668 3161 3180 4118 4152 4232 4447 4586 4755 5006 5286 5309 5352 5418 5427 5738 5780 5783 6067 6259 6422 6496 
#module 224 size: 20 bs: 0.262742
472 913 1195 1310 1422 1650 3537 3722 4050 4160 4266 4406 4608 5334 5748 5795 5804 6003 6059 6366 
#module 225 size: 14 bs: 0.447609
135 537 1777 2998 3004 3660 4205 4295 4887 5119 6013 6182 6524 6760 
#module 226 size: 26 bs: 0.53511
398 468 475 1176 1378 1655 1918 1971 2059 2421 2468 2800 2978 3125 3419 3769 3858 3947 4050 4058 5016 6142 6148 6479 6766 6869 
#module 227 size: 12 bs: 0.965396
672 688 1959 2190 2568 3047 3534 5216 5548 6444 6616 6793 
#module 228 size: 6 bs: 0.52366
1217 3651 4660 5018 5412 5632 
#module 229 size: 9 bs: 0.951355
717 728 1000 1053 2184 2286 5055 5324 6636 
#module 230 size: 42 bs: 0.601764
150 182 533 683 814 985 1110 1112 1782 2111 2277 2351 2396 2424 2657 2664 2901 2951 3041 3162 3232 3240 3802 3902 3943 4030 4139 4255 4271 4542 4585 4625 4910 4941 5137 5157 5444 5805 5891 6176 6371 6861 
#module 231 size: 12 bs: 1.02656
64 597 1382 1746 3979 4514 4564 4638 4700 4849 6144 6736 
#module 232 size: 11 bs: 0.798541
863 2088 2897 3626 3680 3774 5298 5535 6041 6179 6197 
#module 233 size: 18 bs: 0.673768
50 127 590 644 2099 2682 2986 3507 3578 4121 4225 4351 4377 4555 5019 5544 6620 6839 
#module 234 size: 7 bs: 0.795859
375 1787 3213 4021 4398 5516 6694 
#module 235 size: 6 bs: 0.998464
240 1407 1455 1759 4403 4467 
#module 236 size: 5 bs: 0.635241
479 3036 3083 3567 4265 
#module 237 size: 11 bs: 0.887297
2024 2140 2861 3124 3261 4311 4648 4833 4964 5037 6025 
#module 238 size: 6 bs: 0.668247
559 666 2182 3610 4765 4882 
#module 239 size: 16 bs: 0.11579
47 105 106 301 310 625 736 1591 2673 3936 4173 4806 4967 4988 5124 5642 
#module 240 size: 14 bs: 0.297276
58 72 286 457 1370 1474 1932 2131 2926 3370 3552 5219 5278 5473 
#module 241 size: 7 bs: 0.31057
719 2022 2580 2763 4245 4283 4933 
#module 242 size: 24 bs: 0.262384
294 708 1131 1144 1443 1624 1973 2243 2345 2517 2520 2813 2900 3706 3794 4044 5401 5609 5779 6096 6206 6362 6804 6855 
#module 243 size: 6 bs: 0.419484
61 876 3190 3354 3574 5455 
#module 244 size: 9 bs: 0.537972
654 725 956 3815 3969 4110 5100 5996 6501 
#module 245 size: 5 bs: 0.70428
9 18 1761 6297 6747 
#module 246 size: 7 bs: 1.03629
2787 3179 3396 5243 5961 6234 6581 
#module 247 size: 6 bs: 0.465543
253 2773 3991 4046 5825 6409 
#module 248 size: 8 bs: 0.268187
296 886 3291 3368 4363 4537 4743 5919 
#module 249 size: 4 bs: 0.984701
1995 2796 4027 5193 
#module 250 size: 5 bs: 0.354897
1258 2222 3912 4151 5849 
#module 251 size: 13 bs: 0.61564
402 1508 1537 1635 2225 2472 3238 3748 4731 5143 5576 5704 6332 
#module 252 size: 14 bs: 0.372981
746 1440 1863 2136 2286 2694 2755 3234 3339 3913 4190 4560 5169 5281 
#module 253 size: 10 bs: 0.340068
45 611 633 930 1211 1335 3165 3279 4499 6858 
#module 254 size: 7 bs: 0.526612
792 1236 5118 5467 5712 5731 5801 
#module 255 size: 14 bs: 0.565221
396 784 1312 2579 2934 3112 3691 4547 5269 5858 5937 6411 6492 6800 
#module 256 size: 7 bs: 0.800387
250 2477 2946 3187 4359 5827 6557 
#module 257 size: 17 bs: 0.232792
207 264 1904 2143 2217 3527 3908 4029 4221 4684 4764 5499 6108 6191 6532 6577 6676 
#module 258 size: 6 bs: 0.216168
405 1587 1780 2333 5834 6815 
#module 259 size: 5 bs: 0.592477
1615 3324 3373 4857 6082 
#module 260 size: 6 bs: 0.35668
125 2228 2398 5494 6685 6698 
#module 261 size: 4 bs: 0.962603
1092 1128 3012 4532 
#module 262 size: 9 bs: 0.859736
1377 2301 2521 2669 2706 2783 3068 4653 5058 
#module 263 size: 7 bs: 0.275846
1254 1729 2216 2251 3614 4251 6374 
#module 264 size: 8 bs: 0.694173
176 1957 3523 3981 5488 5651 6189 6386 
#module 265 size: 10 bs: 0.892615
95 1263 1336 2996 3667 4623 5301 5412 5832 6445 
#module 266 size: 48 bs: 0.929035
60 161 242 420 591 592 616 711 787 809 834 948 1187 1434 1442 1506 1578 1805 1882 1923 2160 2288 2795 3057 3145 3186 3192 3401 3705 4123 4186 4256 4494 4720 4759 4823 4834 5027 5187 5228 5372 5527 5649 5764 5921 6118 6270 6295 
#module 267 size: 15 bs: 0.444917
306 618 674 952 1095 1424 1934 2633 3215 3380 4453 5088 5552 5625 5991 
#module 268 size: 9 bs: 0.431745
246 324 3489 5140 5722 5951 6117 6660 6680 
#module 269 size: 10 bs: 0.61832
184 470 579 631 716 2240 3371 4773 4864 5639 
#module 270 size: 12 bs: 0.163049
632 712 1003 1375 2226 3413 3519 4589 4996 5125 5720 6534 
#module 271 size: 19 bs: 0.961485
108 658 1217 1293 1868 1968 1974 2170 2183 2449 2586 2620 4369 5015 5247 5579 6165 6213 6626 
#module 272 size: 7 bs: 0.718564
340 452 670 2050 2225 3060 5718 
#module 273 size: 7 bs: 0.837367
3035 3338 3508 4219 4573 4792 6574 
#module 274 size: 14 bs: 0.897752
874 916 950 1610 1685 2087 2896 3131 3930 4071 4858 5017 6745 6794 
#module 275 size: 11 bs: 0.369259
72 389 1032 2808 3250 3491 4570 4774 4851 5512 6796 
#module 276 size: 19 bs: 0.77579
173 529 1369 1405 1617 1934 2054 2368 3955 4011 4788 5329 5938 6110 6238 6679 6734 6765 6785 
#module 277 size: 14 bs: 0.894345
1431 1756 1834 2602 2635 3188 3417 4249 4279 4733 5479 6207 6360 6479 
#module 278 size: 16 bs: 0.986503
115 1002 1718 2245 2322 2793 2950 3149 3622 4385 5038 5040 5150 5246 5796 6454 
#module 279 size: 22 bs: 0.224538
414 444 813 828 994 1162 1626 1737 2166 2209 2402 2641 2785 2832 3295 3633 4228 4535 5608 6290 6690 6773 
#module 280 size: 11 bs: 0.951743
21 243 312 381 588 1826 3450 4254 4344 5205 5493 
#module 281 size: 4 bs: 0.551149
979 5703 6279 6828 
#module 282 size: 4 bs: 0.472095
2438 5399 5884 6493 
#module 283 size: 8 bs: 0.658026
91 357 2387 3388 4064 4951 6272 6736 
#module 284 size: 6 bs: 0.842581
773 3787 3885 4498 5443 5647 
#module 285 size: 19 bs: 0.909051
76 289 443 493 803 870 1306 1362 1580 1814 2294 2708 3589 3607 3832 4096 5584 6188 6607 
#module 286 size: 31 bs: 0.976604
17 27 692 1037 1127 1309 1616 1743 1824 1845 2108 2155 3027 3049 3088 3635 3668 4598 4737 4866 4998 5163 5362 5538 5781 6043 6216 6385 6615 6677 6872 
#module 287 size: 8 bs: 0.717055
23 1376 1813 1972 2020 3694 4505 5950 
#module 288 size: 8 bs: 0.586695
1663 1728 3561 4128 4222 5556 6689 6888 
#module 289 size: 3 bs: 0.909916
4716 5749 6542 
#module 290 size: 14 bs: 0.365783
120 323 1549 1917 2431 2499 2628 2778 3737 4226 4436 4575 5054 5313 
#module 291 size: 5 bs: 0.609507
249 1899 2161 3500 5517 
#module 292 size: 38 bs: 0.360996
10 218 290 393 585 740 974 1088 1129 1321 1384 1410 1570 1736 1796 1922 2081 2147 2558 2563 2608 3221 3299 3427 3925 4202 4280 4425 4490 4588 4924 5217 5510 5593 5688 6193 6634 6701 
#module 293 size: 19 bs: 0.787096
51 697 753 1141 1251 1542 1643 2093 2523 2816 3184 3524 3646 4305 5182 5487 6005 6662 6708 
#module 294 size: 9 bs: 0.633687
1115 1817 2114 3770 4667 4711 5073 5733 5810 
#module 295 size: 38 bs: 0.778832
39 303 326 800 821 1552 1690 1939 1954 2447 2508 2638 2711 2818 2844 3153 3408 3731 3754 4081 4167 4209 4516 5052 5156 5176 5190 5363 5379 5605 5862 5928 5968 6130 6380 6668 6769 6816 
#module 296 size: 12 bs: 0.380899
4 576 613 1867 1894 2298 2565 2875 3431 4098 5454 6601 
#module 297 size: 4 bs: 0.596311
386 660 1244 3052 
#module 298 size: 8 bs: 1.05298
656 3035 3233 3759 3878 3924 4571 5147 
#module 299 size: 8 bs: 0.214523
615 880 989 1042 2526 4306 4981 5775 
#module 300 size: 95 bs: 0.235766
33 48 117 153 192 298 372 513 571 602 630 729 760 789 822 915 942 943 1160 1167 1230 1268 1270 1279 1609 1677 1704 1719 1750 1873 2163 2255 2331 2339 2342 2395 2538 2571 2576 2747 2870 3030 3044 3128 3132 3203 3298 3361 3416 3542 3630 3657 3676 3704 3807 3830 3900 3989 4095 4104 4158 4193 4288 4367 4776 4794 4812 4824 4868 4954 4959 4977 4992 5171 5254 5355 5408 5576 5711 5886 5986 6058 6090 6150 6277 6304 6449 6478 6488 6509 6580 6645 6678 6709 6790 
#module 301 size: 13 bs: 0.608198
89 139 712 778 2384 3496 5893 6051 6508 6547 6772 6791 6845 
#module 302 size: 9 bs: 0.658095
522 968 1811 1898 1914 3884 4132 4739 6157 
#module 303 size: 15 bs: 0.283921
817 1388 1544 2435 2822 2963 3365 3868 4904 5141 5550 5782 6011 6471 6715 
#module 304 size: 8 bs: 0.221214
1058 1215 2054 2601 2756 3775 5462 6524 
#module 305 size: 10 bs: 0.91643
464 1106 1470 1937 2862 2912 3322 4384 4872 6116 
#module 306 size: 5 bs: 0.400467
1949 3576 4423 5508 6637 
#module 307 size: 15 bs: 0.859246
189 696 867 1196 2076 2218 3557 3999 4526 4557 5354 5759 6065 6507 6895 
#module 308 size: 13 bs: 0.958986
198 675 788 1282 1413 1556 2241 3275 4120 5540 5823 6015 6533 
#module 309 size: 11 bs: 0.748407
172 970 1329 3729 3949 4793 5125 5145 5437 6261 6721 
#module 310 size: 9 bs: 0.234683
52 244 255 1229 3313 4779 5177 5336 6513 
#module 311 size: 6 bs: 0.554536
518 1548 2650 2969 3201 3210 
#module 312 size: 9 bs: 0.429483
171 1265 1983 2551 3611 5600 5726 5874 6211 
#module 313 size: 14 bs: 0.778187
615 819 928 1867 2185 2497 3324 4015 4424 4815 5368 5400 5752 5910 
#module 314 size: 5 bs: 0.596938
2890 2906 3058 3580 5881 
#module 315 size: 37 bs: 0.395348
117 195 200 539 732 746 996 1078 1190 1241 1514 1689 1758 2015 2120 2127 2516 2544 2594 2877 3020 3200 3368 3916 4174 4360 4439 4450 4804 4913 5005 5555 5655 6112 6612 6733 6780 
#module 316 size: 108 bs: 0.728102
25 34 53 62 80 151 210 230 233 347 356 425 434 446 454 478 526 785 814 914 1018 1090 1227 1260 1269 1276 1502 1504 1541 1564 1573 1620 1652 1920 1956 1965 2068 2203 2208 2359 2385 2471 2604 2619 2648 2731 2749 2769 2849 2867 2879 2885 2904 3034 3137 3139 3254 3331 3356 3420 3525 3710 3746 3798 3886 3954 4148 4179 4198 4376 4429 4563 4582 4619 4675 4694 4760 4809 4873 4891 4955 5089 5199 5207 5257 5266 5314 5342 5572 5607 5687 5698 5885 5943 5973 6183 6200 6251 6318 6335 6498 6525 6565 6568 6597 6726 6775 6780 
#module 317 size: 14 bs: 1.03606
66 385 439 1393 2105 2486 2577 2674 3629 3649 4056 4336 4460 4888 
#module 318 size: 32 bs: 0.434453
285 541 832 986 1017 1022 1243 1274 1830 1860 1928 2235 2338 2375 2468 2492 2958 3367 3563 3648 4084 4314 4484 4656 4986 5178 5248 5644 5909 6166 6364 6811 
#module 319 size: 7 bs: 0.994688
136 1735 3358 3932 4347 4825 6843 
#module 320 size: 8 bs: 0.363875
530 1818 3571 3899 4392 5941 6390 6770 
#module 321 size: 52 bs: 0.484745
178 254 525 623 980 1118 1203 1319 1430 1531 1872 1968 1969 1988 1995 2027 2056 2106 2182 2218 2295 2358 2391 2566 2572 2622 2709 2887 2995 3081 3110 3248 3364 3557 3656 3869 3994 4059 4174 4430 4530 4663 4738 4895 5430 5574 5579 5581 5759 6089 6153 6906 
#module 322 size: 10 bs: 1.03202
920 3165 3253 3599 4253 5174 5533 5853 6203 6588 
#module 323 size: 12 bs: 0.236839
112 241 311 503 811 940 1509 1856 2535 2991 4544 6038 
#module 324 size: 6 bs: 0.378542
1159 1252 1712 2074 3860 4943 
#module 325 size: 13 bs: 0.597867
843 1096 2053 2618 2823 3259 4668 4753 4881 5561 6312 6406 6556 
#module 326 size: 48 bs: 0.452875
1 71 620 735 788 899 997 1295 1721 1910 1976 2011 2098 2299 2309 2319 2507 3136 3231 3265 3323 3514 3675 3823 3867 3917 3970 4200 4361 4414 4415 4476 4577 5045 5099 5154 5158 5172 5231 5307 5440 5531 5540 5773 5989 6310 6455 6598 
#module 327 size: 27 bs: 0.454883
153 543 734 793 805 890 1020 1297 1326 1390 1865 1897 1980 2654 2702 3252 3562 4388 4495 4919 5350 5461 5892 6093 6378 6633 6674 
#module 328 size: 13 bs: 0.803226
76 583 1750 2401 2852 2995 4541 5282 5464 5643 5680 5846 6122 
#module 329 size: 107 bs: 0.826786
26 36 43 97 234 237 270 350 352 499 864 893 935 969 990 1047 1097 1120 1142 1164 1237 1301 1332 1368 1411 1475 1491 1501 1512 1558 1674 1785 1805 1967 1989 2072 2128 2229 2249 2323 2328 2332 2407 2443 2534 2607 2964 3069 3078 3091 3097 3118 3379 3392 3457 3458 3604 3727 3839 4122 4191 4204 4210 4281 4319 4444 4457 4479 4489 4647 4657 4699 4713 4729 4732 4790 4867 5036 5084 5107 5121 5315 5321 5323 5367 5588 5615 5732 5739 5760 5791 5814 5850 5985 6029 6138 6227 6285 6294 6399 6408 6447 6481 6605 6687 6883 6923 
#module 330 size: 15 bs: 1.02689
297 299 367 1450 1993 2685 3174 3212 3222 3393 4312 5047 5522 5872 5939 
#module 331 size: 15 bs: 0.729848
67 1017 1149 1272 2002 2303 2360 3894 4214 5012 5247 5255 5322 6494 6538 
#module 332 size: 6 bs: 0.665037
1581 2100 3572 4334 4907 5562 
#module 333 size: 3 bs: 0.627311
1555 3249 6421 
#module 334 size: 7 bs: 0.703194
1084 1839 1888 2125 4010 5422 6886 
#module 335 size: 10 bs: 0.658841
597 1575 1846 2678 3971 4037 4102 4213 5007 5519 
#module 336 size: 3 bs: 0.165538
3937 6389 6561 
#module 337 size: 49 bs: 0.953171
5 168 329 361 490 492 566 626 844 931 1050 1122 1395 1516 1651 1730 1815 1912 2144 2352 2417 2455 2886 2919 2962 3000 3511 3587 3852 3959 4088 4496 4603 4672 4963 4980 5008 5048 5201 5402 5465 5490 5524 5831 6028 6031 6149 6225 6710 
#module 338 size: 17 bs: 1.00109
380 1360 1692 2409 2725 2850 2872 3704 3707 3763 4140 4482 4905 5202 5794 5800 6280 
#module 339 size: 17 bs: 0.325632
289 536 677 1209 1308 1609 1671 2189 2582 2822 3584 4298 5130 5331 5746 6776 6787 
#module 340 size: 8 bs: 0.888544
158 572 636 1322 4441 5037 5078 6695 
#module 341 size: 4 bs: 0.709688
15 2723 2888 6435 
#module 342 size: 43 bs: 0.115129
75 291 731 1035 1060 1069 1130 1157 1298 1472 1489 1533 1771 1902 1947 2028 2145 2214 2655 2675 2765 3158 3251 3289 3320 3473 3632 3637 3791 4176 4719 4925 5715 5873 6023 6071 6139 6215 6248 6401 6600 6690 6900 
#module 343 size: 39 bs: 0.195213
37 362 915 949 1153 1158 1398 1833 2197 2227 2324 2374 2389 2596 2605 2642 3168 3306 3718 3797 3870 3963 4022 4187 4220 4483 4853 5033 5131 5459 5988 6020 6030 6143 6302 6425 6514 6613 6657 
#module 344 size: 23 bs: 0.27314
313 439 613 1147 1556 1943 1960 2153 2279 2485 2760 2880 3303 4343 4554 5072 5594 5676 5926 6134 6224 6743 6879 
#module 345 size: 15 bs: 1.00452
94 208 411 586 816 1238 1734 2039 2284 3498 4340 4786 5532 5978 6356 
#module 346 size: 11 bs: 0.417281
1840 1855 2383 2883 3012 3426 3808 4133 4246 4848 5668 
#module 347 size: 6 bs: 0.583881
953 2549 3615 3672 5573 5725 
#module 348 size: 3 bs: 0.655109
1687 1688 5709 
#module 349 size: 8 bs: 1.09066
282 321 875 1981 2625 4714 6076 6705 
#module 350 size: 8 bs: 0.736929
512 721 1381 2406 3688 4333 4454 5409 
#module 351 size: 5 bs: 0.644447
1102 3842 4696 5371 6913 
#module 352 size: 9 bs: 0.411934
1281 1339 1353 1853 1901 3612 3849 4263 6646 
#module 353 size: 6 bs: 0.151059
573 3011 3345 3882 6070 6584 
#module 354 size: 26 bs: 0.950911
287 603 882 1294 1414 1913 1946 2061 2195 2221 2318 2320 2751 3285 4049 4416 4435 4795 4846 5034 5431 5518 5695 5718 6089 6405 
#module 355 size: 6 bs: 0.478911
76 869 2172 2987 3318 6827 
#module 356 size: 8 bs: 1.03875
810 2238 2533 4405 4676 5233 5967 6573 
#module 357 size: 8 bs: 0.660903
115 195 429 2110 2471 4466 4493 4662 
#module 358 size: 9 bs: 0.481769
247 2269 2768 3931 4379 5317 5839 6560 6851 
#module 359 size: 18 bs: 0.860144
74 633 684 1302 1553 2210 2803 2835 3366 3996 4218 4458 4686 4752 5032 5451 6104 6885 
#module 360 size: 4 bs: 0.913676
57 4681 5551 6691 
#module 361 size: 20 bs: 0.104661
1554 2257 2350 2454 3025 3269 3431 4009 4267 4355 4756 5013 5051 5161 5385 5769 6124 6187 6362 6400 
#module 362 size: 12 bs: 0.397099
108 888 1259 1916 2373 2704 3540 3817 4080 5039 5496 6119 
#module 363 size: 6 bs: 0.369541
9 76 1614 2841 5591 6693 
#module 364 size: 14 bs: 0.186788
302 679 1146 1409 1705 1751 1955 2220 2658 2746 3308 3546 4177 5224 
#module 365 size: 5 bs: 1.02173
2222 2864 2883 4703 6844 
#module 366 size: 14 bs: 0.835897
134 216 473 720 1563 1683 2982 3375 3970 4184 4320 5370 5441 6682 
#module 367 size: 7 bs: 0.448136
648 2026 2132 2405 4064 4075 6806 
#module 368 size: 14 bs: 0.491119
392 1114 1158 1352 1416 2343 2405 2433 3262 3312 4012 4066 4676 5504 
#module 369 size: 40 bs: 0.309309
363 379 668 967 1021 1153 1266 1527 1607 2015 2031 2169 2171 2582 2830 2927 3231 3376 3441 3492 3804 4308 4337 4360 4508 4546 4789 4843 4913 4935 5127 5218 5525 5748 6015 6121 6367 6652 6724 6909 
#module 370 size: 18 bs: 0.468676
300 302 1280 1299 1485 1789 2213 2474 2720 2829 2883 3765 3792 3934 5724 5936 6472 6719 
#module 371 size: 40 bs: 0.566679
248 263 284 293 424 661 783 817 1133 1241 1266 1546 1588 1742 1833 2012 2048 2120 2223 2632 3271 3273 3369 3456 3597 3618 3743 4200 4273 4302 4338 4641 5057 5087 5218 5421 6296 6491 6664 6738 
#module 372 size: 6 bs: 0.207604
636 2555 2815 2860 3506 5265 
#module 373 size: 22 bs: 0.863029
31 316 580 1706 1812 2536 2993 3018 3439 3557 3696 3701 3732 3924 5016 5057 5351 5660 6096 6151 6343 6642 
#module 374 size: 8 bs: 0.557928
317 892 2261 3117 4243 4583 5699 5785 
#module 375 size: 13 bs: 0.629499
141 835 1019 1735 1855 2491 3671 4331 4915 5377 6275 6393 6555 
#module 376 size: 43 bs: 0.493724
279 305 358 436 534 561 1193 1588 1819 1910 1964 1992 2009 2337 2828 3050 3195 3418 3970 3976 4017 4092 4134 4144 4164 4223 4247 4274 4304 4323 4561 4906 4939 5096 5122 5197 5628 6034 6048 6237 6342 6354 6504 
#module 377 size: 7 bs: 0.816587
172 391 402 871 1582 1752 4365 
#module 378 size: 9 bs: 0.647162
1162 2046 2460 2917 3073 3818 4185 4799 6032 
#module 379 size: 4 bs: 0.532035
2122 3437 5392 6069 
#module 380 size: 23 bs: 0.9497
613 1408 1426 1583 1800 1996 2079 2256 2297 2305 2317 3577 4084 4233 4515 4781 5104 5453 5676 5773 5798 5946 6919 
#module 381 size: 16 bs: 0.408671
72 909 1199 1562 2035 2106 2191 2344 3319 3677 3781 4013 4677 4798 5546 6018 
#module 382 size: 9 bs: 0.508029
32 485 751 1436 2585 3342 4345 4615 6922 
#module 383 size: 57 bs: 0.577415
155 782 921 992 1033 1077 1391 1497 1530 1574 1584 1608 1768 1775 1944 2247 2264 2343 2418 2432 2543 2550 2559 2732 3061 3284 3444 3469 3608 3679 3687 3800 3876 3915 3982 4051 4089 4162 4242 4531 4640 4801 4803 4962 4975 5074 5358 5378 5380 5635 5963 5987 6046 6162 6346 6577 6779 
#module 384 size: 6 bs: 1.00124
384 2055 2206 2966 5597 6328 
#module 385 size: 10 bs: 0.690148
607 1974 3301 3674 4355 5105 5553 5768 5982 6840 
#module 386 size: 5 bs: 0.176018
2945 3183 3267 5110 6299 
#module 387 size: 10 bs: 0.468639
1655 2336 3366 3620 3642 3764 4325 4477 4758 6045 
#module 388 size: 36 bs: 0.11158
121 664 1072 1234 1277 1289 1423 1486 1607 1776 1990 2062 2260 2304 2377 2462 2692 2956 3059 3577 3661 3980 4270 4285 4535 4556 4938 5395 5537 5569 5627 5664 5735 6184 6426 6891 
#module 389 size: 21 bs: 1.02571
271 373 594 608 954 1071 1150 1375 1711 1784 2298 2525 2545 2817 3255 3287 3391 3741 3935 4983 6074 
#module 390 size: 34 bs: 0.133138
439 502 545 551 754 820 1740 1836 1946 2034 2069 2445 2900 3142 3167 3241 3447 3539 3540 3585 4137 4170 4491 4811 4847 5034 5068 6136 6158 6404 6627 6641 6650 6668 
#module 391 size: 25 bs: 1.0305
379 655 661 763 966 1015 1138 1174 1432 1659 2066 2175 3172 3239 3263 3386 3867 4297 4402 4827 4972 5011 5185 6394 6873 
#module 392 size: 8 bs: 0.445396
547 622 3476 3670 4393 4971 5245 6098 
#module 393 size: 13 bs: 0.299865
550 744 802 830 1170 1417 2509 3466 3634 4597 4624 5200 5896 
#module 394 size: 47 bs: 0.589755
42 119 156 348 657 1118 1316 1617 1619 1631 1765 2343 2369 2427 2671 2878 2983 3072 3079 3115 3168 3208 3377 3434 3507 3599 3647 3777 3955 4161 4562 4691 4955 5069 5446 5534 5536 5563 5660 5728 5912 6325 6339 6425 6465 6516 6812 
#module 395 size: 20 bs: 0.587324
465 475 728 1076 1208 1306 1658 2439 2746 4085 4289 4578 4736 4778 4802 5520 6161 6426 6621 6807 
#module 396 size: 113 bs: 0.411644
114 159 325 359 382 451 621 643 790 823 850 894 932 958 1253 1283 1319 1399 1515 1551 1630 1747 1769 1779 1878 1897 1950 1975 1980 1984 1985 2012 2089 2129 2211 2244 2254 2334 2502 2611 2654 2680 2687 2702 2730 2760 2799 2833 2938 3146 3176 3256 3281 3326 3337 3389 3390 3441 3474 3700 3953 3998 4112 4131 4155 4272 4294 4307 4341 4381 4388 4399 4404 4430 4530 4568 4899 4950 4966 5042 5066 5071 5079 5173 5213 5335 5416 5466 5511 5587 5589 5679 5717 5763 5836 5888 5945 6089 6093 6168 6190 6217 6240 6252 6307 6338 6353 6463 6563 6624 6665 6895 6903 
#module 397 size: 20 bs: 0.442082
145 1178 2032 2094 2123 2141 2442 2505 2527 2600 2677 3349 3397 3573 3589 3593 3942 4207 4282 6601 
#module 398 size: 16 bs: 0.561619
946 1403 1437 1561 1766 2480 3231 3364 3541 3897 4195 4622 5086 5158 5164 6388 
#module 399 size: 7 bs: 0.397436
600 1642 3517 4501 4576 5296 6548 
#module 400 size: 5 bs: 0.380305
2029 6434 6443 6649 6739 
#module 401 size: 8 bs: 0.519737
374 429 1024 1428 2393 2889 4438 6172 
#module 402 size: 38 bs: 0.525835
539 732 799 886 989 1079 1190 1547 1689 1694 1738 1961 1986 2078 2517 2583 2594 2612 2632 2944 3143 3156 3175 3605 3640 3892 4391 4530 4787 4913 5530 5629 5677 5693 6112 6254 6269 6467 
#module 403 size: 29 bs: 0.113487
24 415 881 1213 1365 1393 1760 2380 2430 2627 2727 3014 3100 3333 3412 3494 3826 3881 4091 4368 4532 4596 5489 5582 5675 5949 6361 6614 6661 
#module 404 size: 4 bs: 1.0802
229 3848 4048 5901 
#module 405 size: 11 bs: 1.02958
896 1010 1179 1592 1816 2300 3995 4057 5696 5740 6631 
#module 406 size: 35 bs: 0.463507
99 222 293 424 603 648 663 906 939 988 1158 1293 1622 1698 1777 1959 2004 2167 2260 2562 2697 2865 2998 3132 3135 3660 4416 4689 5179 6255 6263 6379 6590 6599 6901 
#module 407 size: 13 bs: 0.324169
259 1396 1716 2651 2974 3218 3276 3836 4103 5046 5331 6086 6706 
#module 408 size: 9 bs: 0.374153
653 826 1158 1437 1653 2118 3206 3440 5619 
#module 409 size: 26 bs: 0.354325
770 915 1569 1707 1923 2179 2426 2443 2877 3664 3692 4354 4362 4550 4661 4772 5051 5078 5116 5236 5500 5762 5972 6300 6332 6546 
#module 410 size: 13 bs: 0.484509
806 947 1118 1166 1369 1934 2003 2120 2164 3378 3993 4011 5938 
#module 411 size: 4 bs: 0.498742
1952 2083 3766 5868 
#module 412 size: 16 bs: 0.462248
78 540 584 1304 1324 2198 2405 3327 3613 4006 4839 5245 5549 5730 6085 6486 
#module 413 size: 13 bs: 0.579045
461 641 1288 1733 1892 2470 3064 3213 3623 4535 4649 6383 6585 
#module 414 size: 10 bs: 0.997701
1134 2176 3268 3984 4069 4817 4874 5111 5258 6271 
#module 415 size: 8 bs: 0.819071
109 898 1261 1265 1870 2610 5754 6120 
#module 416 size: 11 bs: 0.251737
402 547 1356 1807 3237 4137 4503 4976 5501 6102 6323 
#module 417 size: 10 bs: 0.486173
510 915 2361 3185 3394 3812 3850 4326 4820 6862 
#module 418 size: 20 bs: 1.09778
136 219 365 509 663 827 920 983 1624 2893 3595 3681 4767 5035 5153 5486 5851 5916 6170 6362 
#module 419 size: 5 bs: 0.793719
2408 3002 3499 3682 4763 
#module 420 size: 25 bs: 0.340258
471 647 715 791 886 922 1738 1757 1810 2062 2788 3033 3046 3711 4291 4462 4874 5106 5491 5677 5716 5887 6440 6471 6832 
#module 421 size: 7 bs: 0.11795
268 3865 4026 4081 4898 6326 6741 
#module 422 size: 23 bs: 0.331802
336 429 447 613 831 1285 1433 2069 2341 2482 2863 3104 3697 3736 4358 4424 4435 4878 5114 5606 6134 6231 6603 
#module 423 size: 16 bs: 0.153021
46 1350 1366 2614 3140 3171 3532 3662 3713 4136 4141 4426 4539 4581 4797 5856 
#module 424 size: 34 bs: 1.05853
48 186 388 1133 1259 1282 1342 1874 2130 2265 2423 2458 2842 2990 3173 3585 3624 3745 4138 4207 4360 4541 4799 5003 5458 5480 5540 5637 5759 6357 6507 6575 6627 6895 
#module 425 size: 16 bs: 0.521966
269 477 837 847 2933 3278 3553 4002 4593 4865 5230 5636 5750 5911 6202 6210 
#module 426 size: 5 bs: 0.188114
758 2356 2967 3169 4509 
#module 427 size: 4 bs: 0.697863
474 1935 3144 3219 
#module 428 size: 12 bs: 0.830407
16 225 679 1482 1979 2370 2629 4113 4634 5211 6442 6794 
#module 429 size: 10 bs: 0.802638
146 713 1038 1404 3757 5454 5700 5789 5826 6392 
#module 430 size: 8 bs: 0.705268
676 1055 2283 3330 3463 4082 5341 6242 
#module 431 size: 43 bs: 1.06517
212 231 462 595 636 971 995 1033 1282 2077 2137 2231 2262 2268 2348 2421 2446 2465 2515 2539 2581 2680 2839 3344 3350 3359 3411 3444 3679 3921 4106 4175 4569 4664 4889 5010 5626 5634 5955 6105 6199 6469 6675 
#module 432 size: 28 bs: 0.909672
12 48 445 495 730 1140 1282 1930 2341 2493 2833 2839 3303 3424 3554 4391 4491 4504 4643 4880 4909 5148 5198 5890 5914 6033 6579 6891 
#module 433 size: 9 bs: 0.642585
81 126 689 1703 2689 3329 4284 4916 5616 
#module 434 size: 8 bs: 0.258249
226 522 637 772 2377 2670 3288 5119 
#module 435 size: 80 bs: 0.484574
204 251 309 348 395 430 766 822 967 1113 1241 1256 1286 1400 1638 1742 1790 1806 1909 2011 2012 2158 2263 2280 2296 2371 2428 2596 2637 2742 2776 2830 2845 2869 2874 2905 3079 3095 3167 3211 3273 3290 3477 3505 3527 3544 3665 3703 3826 3936 3973 3984 4209 4308 4330 4410 4439 4450 4546 4665 4816 4871 4874 4892 5003 5128 5175 5218 5373 5577 5621 5949 6002 6015 6064 6081 6283 6425 6666 6753 
#module 436 size: 38 bs: 0.214189
129 260 397 570 667 915 946 956 996 1073 1545 1607 1755 2468 3168 3170 3502 3647 3867 3977 4092 4269 4277 4410 4620 5069 5175 5194 5528 5557 5694 5800 5861 6103 6158 6180 6320 6467 
#module 437 size: 20 bs: 0.15595
131 392 530 1264 1850 2324 2944 2998 3017 3089 3264 3515 4041 4343 4958 5053 5347 5514 5876 6107 
#module 438 size: 8 bs: 0.245781
232 532 2593 3944 4268 4301 4339 5209 
#module 439 size: 23 bs: 0.184649
49 211 567 722 901 1148 1709 1951 2194 2786 3436 3816 3857 4229 4356 4512 4565 5753 6012 6079 6126 6226 6358 
#module 440 size: 8 bs: 0.29788
68 322 1781 2522 3103 4038 4735 6777 
#module 441 size: 9 bs: 0.301689
1052 1668 2220 3422 3888 5840 6146 6159 6517 
#module 442 size: 14 bs: 0.713084
101 1334 1612 1783 1837 2174 2603 2634 3600 3805 3859 5767 5797 6654 
#module 443 size: 57 bs: 0.601891
18 113 487 817 1054 1212 1431 1435 1742 1763 1866 1933 1998 2080 2321 2496 2503 2649 2805 3136 3152 3197 3353 3418 3603 3655 3804 3831 3853 3854 3958 4016 4076 4168 4443 4626 4757 4799 4822 4836 4885 4911 4936 4978 5060 5328 5410 5773 5897 6027 6063 6073 6388 6552 6724 6816 6889 
#module 444 size: 12 bs: 0.816979
635 1606 2181 2404 3856 3905 4006 4375 5981 6092 6231 6601 
#module 445 size: 20 bs: 0.188286
338 563 872 1903 1915 2057 2103 2219 2362 2557 3529 3993 4853 5339 5383 5411 5456 5563 5998 6549 
#module 446 size: 15 bs: 0.587809
1143 1804 1881 2290 2315 2382 2532 2848 3621 3906 4171 4383 5159 6523 6737 
