767	107	234	467	757	178	583	749	268	476	608	653	877	863	866	773	
431	529	17	437	681	4	282	743	537	209	634	197	979	155	464	416	372	926	168	801	591	924	750	257	173	460	240	96	977	492	777	663	300	
679	684	
938	411	164	123	889	656	617	904	519	293	286	274	149	276	523	513	745	175	864	395	105	265	934	116	807	2	456	894	354	631	714	343	842	624	730	355	146	254	34	601	610	297	46	324	103	84	443	964	641	649	615	351	639	68	737	352	133	280	621	776	619	305	612	247	826	510	210	245	579	480	788	
760	694	963	457	951	394	449	718	261	310	419	101	949	799	614	25	255	638	314	876	296	227	975	689	483	162	893	119	589	304	91	353	319	547	674	85	652	222	389	792	269	884	551	692	526	899	824	284	112	49	263	417	120	156	703	942	922	535	451	504	967	983	603	459	592	473	28	434	15	436	845	67	117	906	51	554	769	481	512	229	594	708	544	35	752	159	470	383	82	565	
581	655	
298	270	
643	812	
731	898	33	
396	339	
719	539	672	410	71	239	363	142	108	70	26	315	598	362	680	187	399	648	970	375	887	527	402	160	177	243	875	825	163	414	909	982	76	38	231	189	912	345	58	
862	502	
3	
525	
294	
860	
795	
797	
334	950	169	850	871	560	312	80	500	485	52	19	575	746	130	63	772	214	900	577	567	428	688	317	702	600	561	667	528	921	498	569	796	252	32	205	403	531	311	781	79	99	587	98	440	124	182	22	923	432	803	913	458	636	673	81	21	966	128	482	55	221	837	622	628	645	566	559	920	225	7	102	515	524	64	371	882	791	235	916	217	980	
804	445	
939	
764	
446	
545	774	890	532	378	599	376	340	100	584	172	193	843	765	677	762	465	461	475	452	715	232	277	441	344	574	320	691	849	971	973	405	125	855	45	139	127	466	595	69	987	959	322	424	248	137	406	73	426	682	230	307	985	287	553	204	336	145	961	941	789	337	386	346	382	911	219	72	723	940	683	31	292	585	735	279	
249	
439	
487	61	
404	
308	
200	
593	
198	
650	
330	
550	
241	
201	
976	
640	
557	143	709	111	186	237	115	433	87	713	251	216	514	879	390	728	888	827	97	496	742	54	814	740	925	472	179	184	215	830	341	808	753	623	786	
350	
11	
892	207	144	75	937	744	820	384	153	793	360	29	782	218	233	540	13	571	206	647	301	325	132	174	754	543	453	333	953	534	278	250	915	632	497	
582	596	
488	
16	
104	
40	
39	
295	
356	
720	
447	
958	
88	
658	
908	
546	
686	
306	
506	
839	
486	
157	613	
751	
522	969	
508	
902	
895	978	
869	
872	
716	
77	
