#module 0 size: 7 bs: 3.07177e-08
232 261 309 564 852 1017 1246 
#module 1 size: 10 bs: 0.000804222
95 278 289 341 360 386 458 648 656 795 
#module 2 size: 10 bs: 0.000615534
51 55 216 520 575 579 688 696 703 798 
#module 3 size: 7 bs: 2.67306e-101
70 225 262 357 391 600 994 
#module 4 size: 7 bs: 4.44089e-16
157 354 400 682 763 937 1366 
#module 5 size: 8 bs: 1.6812e-08
258 333 336 628 711 850 863 882 
#module 6 size: 8 bs: 1.30573e-06
258 280 372 711 818 819 828 960 
#module 7 size: 6 bs: 5.19851e-07
308 358 383 471 559 786 
#module 8 size: 10 bs: 0.121896
5 128 302 491 676 687 844 898 919 954 
#module 9 size: 16 bs: 0.594964
59 133 159 187 253 417 629 656 721 736 788 805 825 833 889 1323 
#module 10 size: 12 bs: 0.536648
22 23 24 371 378 564 664 895 896 904 976 1006 
#module 11 size: 9 bs: 0.448989
276 305 428 446 612 860 890 952 1221 
#module 12 size: 11 bs: 0.699646
80 170 223 347 447 505 604 607 654 756 1352 
#module 13 size: 12 bs: 0.573389
31 60 150 326 437 592 885 897 921 1136 1222 1240 
#module 14 size: 9 bs: 0.452639
177 720 899 965 976 996 1018 1019 1295 
#module 15 size: 52 bs: 0.819492
35 87 101 127 139 151 168 185 194 233 246 287 292 312 318 343 349 351 394 407 419 431 440 448 536 538 539 549 551 571 577 583 617 657 678 694 697 716 717 735 750 773 821 840 872 875 1031 1274 1282 1285 1294 1315 
#module 16 size: 40 bs: 1.00976
117 132 210 224 250 264 269 286 324 327 330 376 439 472 523 528 537 567 596 611 622 632 633 636 652 706 730 740 762 799 832 841 914 949 997 1164 1177 1272 1273 1298 
#module 17 size: 15 bs: 0.28164
79 123 335 416 693 707 727 731 768 856 871 970 1001 1228 1356 
#module 18 size: 6 bs: 0.193879
260 336 353 559 834 1043 
#module 19 size: 6 bs: 0.855484
346 385 966 1033 1284 1321 
#module 20 size: 18 bs: 0.947341
82 203 244 395 405 475 535 659 771 858 936 950 996 1015 1053 1121 1170 1296 
#module 21 size: 9 bs: 0.776489
48 393 474 768 797 871 893 935 999 
#module 22 size: 13 bs: 0.962794
52 66 79 112 221 392 453 552 627 642 665 1013 1196 
#module 23 size: 17 bs: 0.913223
1 53 107 115 138 304 306 461 471 589 646 718 729 733 764 1271 1370 
#module 24 size: 11 bs: 0.588165
75 183 208 554 670 679 713 912 977 1025 1029 
#module 25 size: 19 bs: 0.333923
36 164 212 297 317 390 397 467 562 566 578 623 699 702 745 808 810 901 951 
#module 26 size: 15 bs: 0.973156
25 30 98 214 319 322 443 452 553 594 695 809 817 820 851 
#module 27 size: 12 bs: 0.282485
165 169 219 333 337 367 381 442 550 590 620 1362 
#module 28 size: 10 bs: 1.00413
16 27 134 226 248 329 706 1012 1086 1253 
#module 29 size: 18 bs: 1.06579
2 167 231 249 254 268 295 365 403 424 619 686 742 789 812 837 1016 1030 
#module 30 size: 15 bs: 0.617737
65 143 192 290 373 497 568 668 725 743 753 811 824 985 1333 
#module 31 size: 27 bs: 0.216809
81 135 152 213 228 271 275 299 320 325 345 382 451 576 597 608 610 631 665 748 749 962 963 1132 1190 1318 1353 
#module 32 size: 20 bs: 0.522417
32 103 124 165 255 279 287 296 356 459 532 605 621 643 649 739 801 877 902 906 
#module 33 size: 35 bs: 0.713913
6 12 35 118 139 160 194 198 207 274 287 292 448 531 533 540 557 591 658 663 683 714 735 750 761 821 822 862 875 903 917 928 955 1115 1293 
#module 34 size: 11 bs: 0.586033
78 149 180 213 222 301 522 609 655 689 804 
#module 35 size: 19 bs: 0.805901
71 79 94 188 200 267 334 446 476 483 561 575 639 692 722 731 790 842 1258 
#module 36 size: 6 bs: 0.212017
111 240 252 389 595 910 
#module 37 size: 19 bs: 0.806582
152 199 232 256 369 374 408 422 425 524 565 700 723 803 869 894 956 957 1209 
#module 38 size: 12 bs: 0.660275
37 121 146 191 339 364 471 575 639 666 1202 1338 
#module 39 size: 14 bs: 1.03852
65 88 290 331 450 640 674 691 776 811 824 915 931 1150 
#module 40 size: 19 bs: 0.251179
5 116 251 268 272 388 406 426 441 460 464 662 718 760 804 857 979 988 1339 
#module 41 size: 26 bs: 0.190402
62 119 136 137 158 161 163 259 328 413 420 454 468 541 559 581 615 620 626 715 738 757 759 784 861 888 
#module 42 size: 15 bs: 0.35726
3 33 72 120 126 363 466 609 644 704 767 831 930 948 971 
#module 43 size: 16 bs: 0.297176
49 54 68 69 105 108 129 153 285 350 573 582 641 737 806 909 
#module 44 size: 18 bs: 0.792404
57 184 206 218 243 379 427 526 556 603 614 615 667 685 724 744 907 1078 
#module 45 size: 15 bs: 0.701077
50 125 156 189 197 242 278 310 337 352 534 582 932 1099 1372 
#module 46 size: 5 bs: 0.951227
227 310 512 755 939 
#module 47 size: 10 bs: 0.960589
13 90 102 195 211 401 827 830 881 908 
#module 48 size: 13 bs: 0.151501
17 165 218 219 229 300 307 315 367 621 739 814 1373 
#module 49 size: 19 bs: 0.908434
56 109 288 337 361 363 410 430 550 578 598 620 704 708 775 873 969 1048 1362 
#module 50 size: 45 bs: 1.05838
19 34 64 67 100 111 114 187 217 245 284 294 298 303 338 396 445 449 455 475 521 525 530 543 613 616 647 653 770 772 853 885 933 967 968 974 980 998 1000 1008 1092 1093 1264 1276 1354 
#module 51 size: 30 bs: 0.78055
18 58 119 141 154 201 257 293 331 332 368 370 375 404 414 454 456 470 541 587 590 660 752 823 868 905 915 931 1058 1325 
#module 52 size: 17 bs: 0.282503
3 125 130 142 199 274 283 344 409 585 606 675 816 870 878 947 1014 
#module 53 size: 23 bs: 0.400945
91 99 103 168 177 235 236 241 279 296 348 624 726 774 796 815 859 958 1010 1149 1283 1349 1355 
#module 54 size: 14 bs: 0.711669
74 144 169 355 436 586 637 741 829 884 920 934 962 1224 
#module 55 size: 21 bs: 0.306507
29 76 202 342 387 425 432 435 544 546 574 645 705 751 783 787 827 866 987 1028 1120 
#module 56 size: 18 bs: 0.178169
68 69 131 182 216 366 383 457 558 684 719 769 881 892 972 1007 1009 1021 
#module 57 size: 19 bs: 0.284426
15 16 26 238 270 433 563 572 650 690 729 758 792 839 886 1023 1218 1267 1302 
#module 58 size: 14 bs: 0.298951
28 140 179 291 316 380 465 569 732 734 833 876 938 1071 
#module 59 size: 19 bs: 0.315267
220 277 359 411 438 677 710 747 765 790 802 838 854 874 880 913 953 1041 1275 
#module 60 size: 39 bs: 0.642288
20 38 53 73 92 97 122 138 145 164 176 181 190 205 273 398 402 463 490 527 529 548 593 634 651 673 681 687 746 791 800 829 855 900 911 978 984 1022 1023 
#module 61 size: 6 bs: 0.516558
130 377 589 701 729 1326 
#module 62 size: 30 bs: 0.200085
61 86 89 92 106 110 113 147 268 313 362 399 455 462 473 545 555 560 599 635 671 766 786 849 864 891 901 916 1011 1020 
#module 63 size: 9 bs: 0.601642
299 314 580 672 709 728 836 962 1363 
#module 64 size: 26 bs: 0.212014
63 77 115 196 230 234 282 321 421 434 587 588 601 605 618 630 712 794 867 947 975 1026 1112 1183 1277 1377 
