842	248	362	140	
792	37	306	
69	176	432	522	1029	
393	275	
319	
207	315	325	405	55	119	
462	1217	36	
806	160	1267	188	829	436	949	97	76	554	301	1136	1342	1018	251	1352	150	604	607	702	447	564	535	771	814	193	1190	1078	511	1370	460	999	213	241	1071	115	322	545	376	776	591	
571	928	
787	627	
966	
733	
549	
1277	21	
206	320	256	17	166	167	590	143	159	764	354	417	602	125	475	711	68	1000	187	617	204	
608	536	
651	810	
670	805	442	659	272	773	948	189	534	287	610	391	725	208	833	123	770	533	850	386	387	90	294	
457	537	
98	118	
103	343	365	
531	980	109	197	170	843	1274	1362	292	630	316	593	1150	67	474	836	746	1246	530	99	763	
196	698	
295	616	903	358	186	288	976	360	1048	822	314	890	473	146	62	341	261	289	100	1164	
755	800	491	89	786	557	237	
687	308	975	1043	230	290	383	839	92	955	195	
95	756	574	147	728	572	133	59	149	678	656	544	712	796	355	309	679	629	634	164	278	112	313	648	120	1028	156	736	1258	860	
1142	424	339	254	997	861	654	869	1015	359	406	317	858	1224	443	1006	221	558	939	930	231	198	1321	1127	
880	
459	
117	
914	137	
1140	
51	141	284	1064	1308	1086	296	158	791	72	246	134	1014	127	472	446	994	989	1058	761	300	697	351	264	105	
665	
597	
672	612	270	708	61	219	18	598	25	352	1030	825	809	233	384	5	611	896	1031	409	972	87	77	232	643	1013	458	
563	
286	
902	
407	559	
576	
262	
723	
667	
706	
740	
337	102	
49	
425	
408	
913	
867	445	454	410	78	907	452	380	374	974	1011	54	700	461	349	165	900	377	988	430	931	1010	451	336	220	
444	
1302	
958	
469	
126	
465	
744	872	
1282	
646	716	
652	
132	
27	122	
658	
191	
649	1053	885	283	152	497	106	449	282	921	345	714	1283	586	828	79	636	274	144	532	
331	
565	
203	
212	
823	
225	
901	
114	
142	177	224	378	996	107	592	279	63	894	429	1121	1	1240	1253	807	200	935	854	347	1021	1016	1349	1326	1025	326	389	910	701	
1093	
226	
64	
1177	
546	
421	
375	244	
168	
81	
427	
285	
984	
368	
539	
588	
185	400	
906	
332	
721	
960	
334	
1209	
1196	
271	
874	
121	
695	385	
