#module 0 size: 12 bs: 1.66836e-06
499 3431 4529 7498 8887 8916 9415 9429 10047 10156 10181 10267 
#module 1 size: 2 bs: 0.0414628
309 918 
#module 2 size: 3 bs: 0.00326659
775 8332 9071 
#module 3 size: 2 bs: 5.27534e-10
5586 9123 
#module 4 size: 2 bs: 0.00011807
4590 4718 
#module 5 size: 3 bs: 4.08527e-07
5460 6071 10145 
#module 6 size: 4 bs: 1.54032e-12
4505 8873 9816 11451 
#module 7 size: 4 bs: 6.93273e-06
1846 6082 8174 9876 
#module 8 size: 5 bs: 4.38228e-101
3817 4587 5099 6617 8412 
#module 9 size: 8 bs: 0.0232775
302 364 1707 4926 7327 9813 11556 12475 
#module 10 size: 3 bs: 0.0228139
708 7286 10140 
#module 11 size: 3 bs: 9.99201e-16
3978 4185 7592 
#module 12 size: 3 bs: 8.90792e-101
2448 3385 3386 
#module 13 size: 15 bs: 0.00980595
1087 2711 2898 3412 4194 4646 5069 5156 5191 6116 6195 6291 6766 10875 11551 
#module 14 size: 5 bs: 0.000401197
428 451 1226 4676 4766 
#module 15 size: 8 bs: 3.42073e-05
1274 1275 1648 2955 4294 5064 6652 9007 
#module 16 size: 14 bs: 5.34606e-05
46 1183 1973 3145 3612 4069 4169 4379 5311 5484 6384 7022 7584 11104 
#module 17 size: 8 bs: 8.88912e-101
2109 2785 3301 4420 4782 9578 10461 11157 
#module 18 size: 4 bs: 0.0963474
2169 3021 3855 8394 
#module 19 size: 4 bs: 3.32732e-11
100 8601 9871 10249 
#module 20 size: 4 bs: 9.6449e-05
4214 5114 6076 9199 
#module 21 size: 8 bs: 2.9976e-15
1535 2421 4270 4529 7041 8529 10981 12613 
#module 22 size: 11 bs: 1.75371e-12
529 977 3206 3207 3964 4475 5918 6275 8011 9688 12790 
#module 23 size: 4 bs: 8.10465e-11
635 3373 6464 8051 
#module 24 size: 4 bs: 6.23941e-06
804 3477 5131 6601 
#module 25 size: 7 bs: 1.72384e-06
7190 7509 7688 9027 9239 10445 11019 
#module 26 size: 3 bs: 1.46587e-09
103 635 963 
#module 27 size: 5 bs: 7.17391e-06
1587 9951 10460 11106 12678 
#module 28 size: 7 bs: 1.89109e-08
4549 5867 7892 8857 10447 11482 12514 
#module 29 size: 5 bs: 6.73056e-07
3867 4222 8392 8393 10079 
#module 30 size: 12 bs: 0.032475
453 1997 4007 4280 4917 5617 6434 6736 6952 9182 10333 11233 
#module 31 size: 6 bs: 2.49689e-13
1876 2391 2991 2992 8581 11157 
#module 32 size: 5 bs: 4.35279e-09
3 446 608 5623 9408 
#module 33 size: 5 bs: 0.000470954
1124 5765 9437 9438 9662 
#module 34 size: 4 bs: 0.000568711
482 1023 1213 8031 
#module 35 size: 5 bs: 6.72977e-11
1003 2789 6809 8708 11171 
#module 36 size: 8 bs: 7.29988e-102
1003 2819 6316 7792 7793 7996 8812 9048 
#module 37 size: 6 bs: 2.04281e-14
1618 4101 4601 7200 7741 12291 
#module 38 size: 7 bs: 0.0166689
497 2697 3768 5877 5949 6969 8425 
#module 39 size: 8 bs: 7.48788e-07
878 3755 3759 4427 5811 7758 11513 11712 
#module 40 size: 5 bs: 7.71234e-07
3834 7504 7513 9514 10493 
#module 41 size: 5 bs: 8.52322e-06
2408 4044 5325 7571 9013 
#module 42 size: 53 bs: 0.00407889
704 1122 1430 1572 1998 2328 2730 2767 2847 3050 3095 3321 3569 3811 3857 4940 5400 5441 5499 5578 5733 5769 5817 5857 5909 6195 6482 6538 6659 6985 7050 7154 7373 7434 7435 7442 7629 8436 8580 8967 9175 9214 9375 9410 9576 10041 10060 10123 11206 11245 11340 12019 12297 
#module 43 size: 10 bs: 1.09139e-08
2627 2637 3327 3946 3955 3995 5140 7476 9546 10717 
#module 44 size: 11 bs: 8.11812e-101
712 827 2415 2958 3424 3908 5918 6098 6621 8934 10007 
#module 45 size: 7 bs: 0.0178126
137 611 1740 4908 5862 7424 9721 
#module 46 size: 4 bs: 6.62917e-08
3403 11049 11687 11688 
#module 47 size: 14 bs: 0.822164
491 1376 1714 2371 2741 3348 3544 3559 4868 5962 7559 8195 8440 11011 
#module 48 size: 14 bs: 0.168932
867 1892 2182 2477 3120 4020 5417 5963 7135 7227 7707 8420 8734 9258 
#module 49 size: 8 bs: 1.01928
1313 2621 2789 4632 7493 8490 9308 9593 
#module 50 size: 7 bs: 0.54464
2418 5826 5981 5987 7563 10108 11446 
#module 51 size: 16 bs: 0.579799
161 232 824 1522 1549 4162 4407 4591 6815 6957 7522 7984 9165 10356 11388 11556 
#module 52 size: 13 bs: 0.330642
1293 2802 3408 4090 4685 5051 5684 7870 8293 9341 9344 12088 12790 
#module 53 size: 6 bs: 0.311087
3260 6107 6623 7788 9544 12447 
#module 54 size: 6 bs: 0.539695
225 568 2842 3132 3162 8666 
#module 55 size: 9 bs: 0.953481
2089 2457 2643 2886 2887 7557 7775 7776 11196 
#module 56 size: 10 bs: 1.06174
727 827 2004 3908 6098 6723 7402 8559 10904 12293 
#module 57 size: 15 bs: 0.626983
252 1798 1885 2205 2617 2969 3244 5552 6364 7085 7378 7492 8134 9186 9484 
#module 58 size: 24 bs: 0.210386
602 714 1614 1854 2553 2959 3354 3613 4716 6235 6478 6765 6768 7409 8186 8600 8774 9077 9409 9752 9870 10114 10518 13010 
#module 59 size: 5 bs: 0.573801
3841 4920 5428 9097 9262 
#module 60 size: 11 bs: 0.382523
186 927 1698 2058 3734 4686 4715 10281 10286 11572 11595 
#module 61 size: 4 bs: 0.759556
637 972 7194 10292 
#module 62 size: 36 bs: 0.295669
121 506 507 563 1072 1102 1285 1297 1524 1896 2019 2599 2616 2851 3312 3332 3918 4053 4432 5450 5647 5995 6433 6442 6474 7169 7264 7346 8277 8820 9547 9743 10472 10885 11445 11660 
#module 63 size: 10 bs: 0.495941
2888 3186 3576 4920 5179 6514 8672 8853 9212 10930 
#module 64 size: 36 bs: 1.0061
278 351 523 572 576 653 1019 1175 1544 1966 2480 3193 3389 3839 3869 4171 4893 5154 5959 6025 6172 6344 6694 6745 6900 7114 7131 7839 8142 8316 8374 8398 8923 9414 9696 11635 
#module 65 size: 7 bs: 0.652038
4158 6848 7203 7235 9548 11372 11639 
#module 66 size: 14 bs: 0.966524
326 370 2147 2312 2380 3203 4962 5512 6005 7318 8199 8437 8987 10019 
#module 67 size: 16 bs: 0.806746
260 432 508 2844 3507 3690 4763 5997 6604 6909 8263 8265 8412 8957 9073 11114 
#module 68 size: 12 bs: 0.865374
124 127 2607 3468 3861 7536 8499 8696 9830 10519 11711 11814 
#module 69 size: 78 bs: 0.513369
131 218 375 865 1276 1664 1721 1785 1879 1926 1929 2027 2069 2122 2291 2467 2766 2915 3219 3280 3351 3395 3648 3718 4584 4593 4651 4713 4719 4746 4915 4978 5107 5109 5110 5198 5348 5350 5397 5591 6227 6307 6321 6549 6724 7210 7550 7728 7817 8397 8402 8439 8593 8616 8714 8810 8929 8992 9030 9052 9382 9394 9483 9700 9708 9808 10021 10190 10226 10242 10684 10715 10765 10965 11106 11125 12873 12937 
#module 70 size: 8 bs: 0.529015
715 2791 3739 5117 5408 6155 6304 11614 
#module 71 size: 9 bs: 0.859644
2066 2311 2367 2379 4447 4879 9723 9891 12663 
#module 72 size: 37 bs: 0.322012
22 133 166 301 344 426 645 1224 1301 1834 1845 2136 2316 2681 3271 3360 3737 3822 5976 6057 6199 6350 6560 6883 7384 7486 8823 8896 9289 9345 9964 10825 10925 11139 11338 11463 11989 
#module 73 size: 36 bs: 0.194699
188 516 596 721 2160 2287 2444 2665 2971 3113 3180 3748 3780 4227 4683 4884 5112 5674 5691 5780 6266 6340 6664 6935 6964 7010 7056 7181 7819 8389 8690 8755 8991 9611 10551 11545 
#module 74 size: 22 bs: 0.774302
1433 3827 3837 4168 4172 4693 5420 5604 5694 5702 6082 6144 6166 6692 6944 7057 7453 7773 8079 9389 9942 10223 
#module 75 size: 14 bs: 0.214198
16 161 364 3415 4475 4958 4962 5918 6957 8417 9215 10202 10525 10834 
#module 76 size: 17 bs: 1.0633
1174 1408 2393 2764 2852 3169 7389 7649 7853 7854 8386 8387 8571 8683 9694 11111 12867 
#module 77 size: 23 bs: 0.218136
816 2354 2779 2900 3960 4464 4654 5186 5210 5279 5595 5677 5808 6059 6078 6308 6594 6628 7083 7506 7794 8279 12510 
#module 78 size: 20 bs: 0.497239
374 1956 2317 2371 2373 2375 2386 3290 3441 4609 4878 6133 6906 6913 8135 8749 8808 9912 10662 11353 
#module 79 size: 16 bs: 0.741944
152 2793 2872 4805 5673 5783 6217 6348 7253 9552 9682 10103 10174 10830 11042 11411 
#module 80 size: 26 bs: 0.19391
885 959 1021 1155 1656 2097 2267 2650 3308 3340 3673 3828 4604 4845 5068 5208 6399 6922 7167 7555 7906 8351 8738 8783 10550 11006 
#module 81 size: 14 bs: 0.117953
317 695 1080 2845 4458 4472 4524 5786 6167 7432 7654 8070 9254 11400 
#module 82 size: 43 bs: 0.924048
34 106 119 244 474 542 950 1099 1246 1294 1717 2951 4201 4412 4474 4612 4672 4952 4986 5061 5573 5653 6233 6290 6341 6892 7037 7350 7639 8071 8074 8191 9185 9669 10035 10080 10106 10691 10939 10971 11209 11582 12667 
#module 83 size: 36 bs: 0.184334
41 90 160 384 436 729 900 1440 1762 1901 2039 2071 2123 2780 2797 3033 3036 3422 4670 4866 4985 5067 5359 5676 5968 6035 6084 6270 6445 6453 7374 9147 9302 10040 10157 11419 
#module 84 size: 14 bs: 0.664713
978 2265 2924 4150 4684 6468 6548 6619 7260 7385 8585 10392 11161 12514 
#module 85 size: 18 bs: 0.127154
1270 2408 3127 3129 3131 3135 5381 5593 6132 6329 6332 6852 8882 8883 9422 9836 10511 10624 
#module 86 size: 26 bs: 0.468428
292 1208 2352 2554 2969 3470 3810 3852 3996 4246 4454 4534 4637 5633 5661 6497 6684 7011 7331 8154 8331 8496 8720 10883 11715 13006 
#module 87 size: 6 bs: 0.634858
2070 2101 4084 6377 7809 12492 
#module 88 size: 14 bs: 0.592261
349 1293 4200 5211 5684 5878 6522 7658 8696 9007 10195 11070 11143 12088 
#module 89 size: 12 bs: 0.585813
101 1539 2192 2215 2796 3734 6293 8623 9390 9904 11143 11165 
#module 90 size: 28 bs: 0.934074
204 1151 1336 1468 1862 2080 2761 2963 3739 3993 5405 6003 6050 6177 6322 6701 6924 7062 7383 7410 7440 7537 7549 8557 8695 9164 9561 11614 
#module 91 size: 19 bs: 0.2073
601 1014 1094 2455 3326 3512 3555 4071 4287 4365 5489 6424 8190 8545 9413 9784 10931 11571 11878 
#module 92 size: 45 bs: 0.53388
29 207 1208 1383 1689 1751 1771 1937 1946 2481 3272 3552 3554 3763 3781 3891 4072 4670 4826 5259 6254 6255 6864 7215 7259 7496 7524 7525 7564 8111 8278 8372 8376 8617 8722 8759 8910 9761 9944 9991 10631 10791 10851 11447 12095 
#module 93 size: 13 bs: 0.932836
904 1639 2433 2778 4136 5337 6581 7103 7869 8283 9422 10974 12158 
#module 94 size: 8 bs: 0.393048
997 1499 3621 4779 8254 8492 9002 10862 
#module 95 size: 7 bs: 0.902998
990 2628 3686 9243 10007 10695 11193 
#module 96 size: 26 bs: 0.339203
122 652 976 1042 1489 2148 2472 2970 3371 3662 3747 3856 4248 4283 5402 6022 6671 6694 8340 8622 8737 9247 9588 9957 10264 10757 
#module 97 size: 10 bs: 0.389005
211 510 3459 4370 5708 6983 7551 8096 9145 11152 
#module 98 size: 10 bs: 0.366126
528 759 2132 2958 3021 4778 6723 7896 8396 9173 
#module 99 size: 83 bs: 0.128382
10 36 124 127 375 377 578 774 834 1182 1295 1505 1513 1613 1647 1926 2035 2122 2187 2251 2289 2456 2759 2766 2825 2857 2882 2915 2927 3134 3219 3410 3603 4282 4584 4719 4746 4752 4753 4829 4978 5076 5082 5107 5110 5209 5292 5422 5425 5591 5802 6132 6345 6347 6349 7288 7536 7634 7640 8302 8439 8478 8714 8761 9226 9624 9679 9700 9708 9808 9884 9921 9986 10190 10343 10568 10684 10753 10887 11106 12609 12716 12782 
#module 100 size: 9 bs: 0.496833
579 1360 2793 3334 6746 8106 9878 10103 10267 
#module 101 size: 66 bs: 0.432778
51 256 257 308 413 556 655 857 1661 1874 1975 2023 2061 2063 2176 2370 2463 2483 2630 2793 2822 3028 3333 3510 3578 3936 3958 3986 3990 4070 4682 4865 5451 5478 5863 6070 6106 6130 6205 7216 7493 7533 7556 7638 7644 8139 8158 8195 8442 8487 8668 8678 8744 8941 9079 9120 9490 9593 10132 10174 10267 10504 10582 10800 10874 12515 
#module 102 size: 10 bs: 0.937755
782 896 1824 3041 3590 4597 6589 9460 9886 10206 
#module 103 size: 20 bs: 0.169194
107 395 692 811 897 1407 1436 1454 1665 3257 3500 3522 4002 4704 7837 8245 9570 9981 10296 12950 
#module 104 size: 31 bs: 0.916399
532 1968 2130 2133 3166 3493 4200 4339 4340 4782 4860 4920 5684 6100 6522 7255 7289 8536 8656 8893 9290 9816 10829 10869 11037 11084 11137 11157 11279 12302 12397 
#module 105 size: 20 bs: 0.324071
60 508 1941 2109 3507 4335 5099 5285 6038 6230 6279 6727 9171 10566 10869 10954 11027 11048 11114 12397 
#module 106 size: 19 bs: 0.135825
159 458 797 1253 1358 2121 2953 2954 5357 5779 6598 6767 6863 6884 7042 8368 8969 10029 10911 
#module 107 size: 25 bs: 0.217223
1065 1255 1459 1552 1781 1841 2788 3262 3289 3816 4164 4213 4312 5449 5613 5849 6090 6382 6827 6960 7184 7720 7789 8848 10625 
#module 108 size: 14 bs: 1.0135
575 2758 2800 4158 4333 4779 4840 6846 7918 9416 10137 11142 11393 11556 
#module 109 size: 5 bs: 0.738525
528 1205 3818 5581 8330 
#module 110 size: 35 bs: 0.834805
181 467 934 1703 2067 2516 3175 3921 4014 4064 4142 4360 4450 4876 5412 5470 6408 6764 7008 7043 7274 7299 8274 8728 9167 9936 10234 10300 10469 10549 10659 10826 10902 11541 12575 
#module 111 size: 31 bs: 0.963185
886 951 1119 1287 2414 2433 2695 2737 2957 3223 3341 3347 3498 4800 5685 6027 6295 6573 6612 7446 7544 7954 8055 8791 10210 10220 11118 11120 11450 11456 11966 
#module 112 size: 38 bs: 0.318985
109 361 548 1052 1169 1197 1202 1344 1662 2598 2652 3370 3442 3475 3550 3563 3788 3800 3916 3963 4303 4630 4774 4775 5057 5506 5538 5783 5792 6198 7199 9441 9695 10663 10823 10868 11158 12505 
#module 113 size: 16 bs: 0.199554
541 1690 1893 2423 2721 2834 3157 3585 4096 4377 4401 4571 4572 7514 7913 7914 
#module 114 size: 24 bs: 1.02294
430 682 1070 1168 1519 1743 1850 2782 2967 3513 3630 4085 4959 5508 5518 5602 5628 6330 7674 7923 8885 8952 9332 9637 
#module 115 size: 63 bs: 0.556924
47 244 316 875 1410 1464 1515 1909 2074 2111 2547 2551 2614 3054 3366 3575 3640 3688 3845 3851 3909 4448 4523 4599 4708 4806 4891 5139 5700 5721 5921 5964 6197 6834 7127 7167 7230 7363 7429 7552 7607 8073 8693 8711 8748 8792 8828 8949 9016 9350 9391 9489 9516 9851 10124 10324 10463 10484 10693 10915 11124 12582 12881 
#module 116 size: 17 bs: 0.297218
355 1008 2106 2436 2645 3472 5925 6018 7406 8200 8645 9275 9361 9447 9591 9906 11112 
#module 117 size: 12 bs: 0.388591
459 773 824 911 2816 4407 5633 6828 8836 9604 9813 10201 
#module 118 size: 11 bs: 0.438896
5942 6077 6158 7465 7627 7659 8078 9006 9479 10133 12865 
#module 119 size: 8 bs: 0.584613
95 379 1241 1305 2008 3580 3794 9253 
#module 120 size: 23 bs: 0.71108
2 1001 1943 3118 3992 4489 5266 6243 6391 7118 7656 7729 7932 9255 9821 10058 10133 10793 10811 11074 11276 11576 12039 
#module 121 size: 12 bs: 0.281538
389 1532 1693 2635 2653 3786 3904 4578 5346 6092 7630 10352 
#module 122 size: 7 bs: 0.76642
1919 2385 2409 3698 7745 7746 10905 
#module 123 size: 23 bs: 0.550235
217 1007 1170 1872 2710 2837 3007 3056 4520 4910 5060 5174 6138 6436 9399 9555 9584 9596 9768 9771 10196 10704 11283 
#module 124 size: 11 bs: 0.600738
1908 2180 3463 4558 5003 5876 6231 7672 8541 10929 10957 
#module 125 size: 34 bs: 0.108081
172 317 400 794 1254 2128 2845 3086 3673 3932 3952 3961 4233 4293 4458 4958 5283 5614 5629 5646 5786 5852 6459 6471 6706 7772 8101 9162 9440 10371 10454 10579 10654 11400 
#module 126 size: 8 bs: 0.355867
1224 2316 3132 4189 4528 5018 8410 9041 
#module 127 size: 30 bs: 0.703117
143 326 369 499 690 2065 2073 2312 2377 2378 2380 2382 2384 2388 2646 2647 3188 3775 4077 4575 4661 4701 4870 6004 6005 6428 7318 7407 8483 10611 
#module 128 size: 27 bs: 0.45511
111 880 1280 1640 1734 2806 2907 3040 3252 3297 3629 3816 4213 4430 5386 5459 6141 7103 7335 8608 8872 9208 9795 10235 10835 12559 12855 
#module 129 size: 46 bs: 0.572069
231 261 1105 1277 1928 1955 2095 2640 2713 2768 2784 3137 3239 3342 3715 3854 4115 4217 4814 4964 5445 5585 5727 5753 6361 6971 7304 7472 7615 8075 8299 8562 8563 8671 8736 8813 8933 9442 10098 10510 10741 11191 11429 11554 11733 12514 
#module 130 size: 9 bs: 1.03519
550 686 2879 3637 6797 8407 8562 10198 10835 
#module 131 size: 12 bs: 0.951443
209 1212 3449 3723 3728 3838 6386 6526 7415 9376 10899 11150 
#module 132 size: 45 bs: 1.03372
124 127 510 774 1015 1420 1635 2122 2339 2825 2835 2849 2876 2927 3128 3393 3410 3544 4165 4406 4537 4925 6048 6085 6241 6869 7277 7536 7551 7640 7927 8440 8459 8499 9145 9383 9700 9830 9933 10084 10232 10604 10613 11213 11591 
#module 133 size: 23 bs: 0.554357
262 551 694 941 1634 1714 1745 1961 2835 3132 4807 4811 6245 6719 7278 7477 8590 8635 8745 9211 9343 10558 11410 
#module 134 size: 21 bs: 0.973991
907 1770 1996 2838 3122 3126 3600 4421 5089 5880 5985 7188 7202 8214 8562 8982 9097 9667 9969 10679 11147 
#module 135 size: 166 bs: 0.925631
142 329 452 604 673 766 833 894 938 995 1077 1174 1187 1247 1289 1296 1508 1748 1792 1805 1866 1924 1935 1988 2165 2270 2568 2615 2638 2699 2716 2781 2784 3096 3124 3137 3146 3164 3210 3277 3405 3417 3436 3444 3452 3457 3461 3478 3488 3502 3533 3679 3683 3716 3807 3816 3900 3906 3935 4006 4018 4059 4106 4135 4160 4163 4254 4292 4342 4355 4359 4473 4480 4509 4606 4618 4642 4678 4889 4918 5008 5019 5086 5091 5168 5197 5331 5349 5415 5501 5537 5539 5566 5698 5757 5845 5846 6118 6127 6338 6416 6504 6525 6535 6667 6720 6782 6790 7113 7141 7211 7303 7313 7314 7389 7439 7623 7697 7814 7815 7864 7930 7934 8046 8069 8323 8401 8555 8624 8730 8790 8803 8933 9072 9136 9159 9294 9363 9368 9459 9468 9517 9524 9598 9807 9820 9873 10213 10328 10510 10652 10730 10741 10907 10956 10995 11121 11147 11155 12162 12249 12591 12642 12889 12891 12905 
#module 136 size: 16 bs: 0.450343
1347 1619 1679 2961 3853 4522 4914 4965 5280 6205 7602 8257 8466 8476 9113 11696 
#module 137 size: 4 bs: 0.294138
2138 2191 4862 9288 
#module 138 size: 6 bs: 0.700383
857 5492 5511 6285 9047 9490 
#module 139 size: 19 bs: 0.244695
2461 3086 3108 3421 3624 4234 4495 5612 6402 6554 6731 7474 7902 8326 8971 9162 9264 10694 10735 
#module 140 size: 8 bs: 0.170492
1494 2778 3767 4341 6132 6335 10825 10882 
#module 141 size: 23 bs: 0.471814
705 1095 1237 1634 1714 2101 2462 2673 3269 3872 4514 5155 5461 6317 6327 7067 7958 8322 8551 9322 10661 10814 11138 
#module 142 size: 23 bs: 0.96475
562 1452 1474 1689 1969 2118 2983 3196 4157 4291 4440 4733 5600 5818 6376 7922 8004 8596 10279 10512 10894 11053 11382 
#module 143 size: 17 bs: 0.460411
898 1591 2682 2929 3101 3171 3604 4119 4232 4602 4754 7802 7994 8980 9458 10204 11178 
#module 144 size: 11 bs: 0.475719
2870 3240 3424 3954 4035 7462 7926 9702 10014 10622 12995 
#module 145 size: 52 bs: 0.535065
203 205 595 1880 1894 2031 2252 2275 2316 2787 3418 3484 4512 4514 4873 5155 5156 5251 5773 5875 6261 6312 6883 7255 7573 7657 7703 8030 8453 8506 8827 9255 9666 9819 9894 10068 10096 10133 10142 10413 10661 10803 10814 11038 11058 11311 11463 12488 12602 12697 12712 12843 
#module 146 size: 21 bs: 0.875847
306 373 1200 1749 1959 2860 2964 3387 3676 4011 4525 4588 4999 5273 6218 6477 6777 6937 7801 10605 10639 
#module 147 size: 10 bs: 0.425635
2941 3744 3771 4270 4508 5341 6586 8881 8892 9825 
#module 148 size: 21 bs: 1.02272
327 1345 1864 2944 2952 2969 3627 3636 3646 3649 3684 5163 5355 5430 6097 6155 6491 9540 9791 9876 12997 
#module 149 size: 17 bs: 0.508869
1127 2262 2284 2376 2798 2945 3079 4047 4963 5180 5217 8003 8375 8443 9101 9863 11243 
#module 150 size: 15 bs: 0.86731
535 1149 2984 4535 5054 5319 5568 5633 5709 5766 6846 8047 8305 10672 10822 
#module 151 size: 18 bs: 0.787969
254 2109 2134 2139 3226 3962 5033 6157 6279 6617 6623 6716 6718 7635 8860 10866 10957 12397 
#module 152 size: 18 bs: 0.247447
226 925 2139 2858 5345 5684 5695 6093 6100 6688 6727 8224 8956 9960 10869 12264 12602 12953 
#module 153 size: 38 bs: 0.502357
397 1115 1439 1616 1741 1976 2168 2184 2252 2735 3147 3148 3149 3418 3756 4772 4856 5251 6256 7255 7330 7383 7657 7858 8328 8504 8935 9178 9246 9287 10238 10382 10746 12602 12697 12843 12972 13006 
#module 154 size: 32 bs: 0.249079
159 1257 1564 1569 1980 2137 2635 2758 3828 4227 4495 4615 4945 5015 5336 5438 5856 5951 6092 6336 6370 7013 7420 7736 7822 7826 8931 9529 9712 10130 10209 10309 
#module 155 size: 14 bs: 0.386968
606 2365 2387 2635 3765 3913 4639 5017 6092 6231 7166 7189 7780 12397 
#module 156 size: 82 bs: 0.13474
64 191 488 618 953 1039 1103 1257 1316 1567 1686 1697 1729 1981 2060 2103 2435 2461 2508 2956 2980 3108 3464 3587 3674 3793 3865 3883 3895 4073 4244 4495 4537 4540 4636 4665 4762 4824 4887 4966 5020 5185 5429 5477 5691 5816 5854 6181 6344 6443 6451 6531 6534 6731 7006 7040 7391 7474 7684 7736 7834 7856 7938 7988 7989 8012 8654 8710 8802 8971 8990 9045 9111 9202 9209 9417 9754 10209 10712 11142 11265 11266 
#module 157 size: 25 bs: 0.82752
216 1135 1255 1708 2292 2400 2735 3182 4843 5764 5895 6090 6382 6528 7491 7692 7789 7855 8228 8805 9246 10153 10267 12972 13006 
#module 158 size: 9 bs: 0.751155
947 1915 2114 6150 6153 8680 9644 10557 13006 
#module 159 size: 23 bs: 0.758912
402 547 1048 1659 1720 1865 2541 4029 4078 4867 4979 5838 6520 6715 7570 7884 8445 8498 8600 9300 9580 10619 10823 
#module 160 size: 22 bs: 0.102502
438 473 2145 2404 2579 3206 3207 4080 4176 4712 6268 7298 7337 7838 8032 8527 8968 9162 10218 10371 10881 11710 
#module 161 size: 6 bs: 1.05802
790 2216 5159 7358 7545 9380 
#module 162 size: 17 bs: 0.103862
192 210 1428 1458 2718 2922 4180 4601 5134 5535 5663 5783 6390 6911 7042 7200 9440 
#module 163 size: 11 bs: 0.441602
5295 6046 6142 6982 7361 8128 8399 8669 8946 10778 11395 
#module 164 size: 22 bs: 0.505229
764 1036 1359 1486 1695 2470 3882 4144 5379 5479 5528 6359 6369 6863 7689 8234 8673 9036 9310 9397 9402 9419 
#module 165 size: 35 bs: 0.855648
174 402 547 1720 1815 2493 2740 2843 3194 4630 4656 4979 5250 5464 5569 5838 6131 6214 6572 6590 7051 7228 7519 7589 7612 7884 7970 8110 8445 8728 9248 9560 9717 10619 11501 
#module 166 size: 65 bs: 0.981212
274 280 360 687 698 1023 1687 1714 1722 1819 1927 2068 2272 2432 2633 2682 2718 2846 2854 2862 3139 3320 3565 3587 3721 3736 3772 3789 3932 4345 4630 4638 4705 4731 5212 5242 5476 5515 6162 6231 6250 6327 6400 6586 7571 7861 8023 8172 8528 8628 8743 9066 9075 9189 9325 9622 10158 10199 10321 10357 10422 10703 10707 11083 11169 
#module 167 size: 13 bs: 0.891674
859 1348 1395 2174 2938 2958 4058 5460 8311 8785 9138 9871 10405 
#module 168 size: 20 bs: 0.22069
812 1139 1496 1859 2222 3356 4993 6566 7102 7784 8346 8424 8452 8704 8716 8724 8770 9718 10629 10779 
#module 169 size: 111 bs: 0.662036
7 21 28 180 184 590 762 820 986 1023 1086 1098 1147 1219 1378 1554 1576 1577 1599 1816 1827 1840 1907 2083 2240 2242 2321 2430 2506 2525 2676 2783 2910 2923 2936 2937 3116 3231 3247 3490 3524 3656 4126 4172 4174 4366 4435 4443 4459 4668 4669 4735 4815 4849 4949 5036 5047 5070 5084 5232 5308 5339 5396 5486 5510 5526 5643 5752 5754 5764 5836 5907 5952 5958 6007 6114 6212 6507 6639 6673 6968 7233 7289 7481 7494 7683 7818 8016 8125 8285 8324 8472 8494 8606 8789 8855 8901 8947 9009 9211 9587 9924 9985 10250 10402 10515 10673 10709 10779 12382 12756 
#module 170 size: 11 bs: 0.287447
793 1576 1918 3224 4443 4477 5036 5656 5829 9929 10094 
#module 171 size: 31 bs: 0.796587
43 94 622 1309 1712 2739 3369 3426 3647 3821 3876 4304 4371 4942 5199 7360 7480 8442 8781 9421 9510 9660 9703 9734 10274 10506 10592 10914 10972 11514 12670 
#module 172 size: 60 bs: 0.409278
144 486 1206 1302 1654 2100 2106 2144 2206 2389 2574 2700 2749 3057 3088 3107 3114 3303 3472 3502 4137 4236 4358 4372 4400 4480 4991 5046 5153 5343 5364 5482 5908 5925 5933 6226 6563 7142 7427 7531 7534 7624 7739 8054 8171 9512 9658 9687 10107 10191 10291 10388 10733 10845 10982 11092 11118 11127 11424 12635 
#module 173 size: 28 bs: 0.71659
377 1351 1632 1996 2090 2187 2190 2191 2195 2213 2215 2219 2838 3530 4969 5034 5058 5447 5666 7188 7508 8448 9270 9378 9835 10134 10680 11029 
#module 174 size: 21 bs: 0.31795
1618 1768 2682 3485 4037 4170 4343 4579 4907 5856 5862 6863 6945 7742 8041 8565 8772 10175 10792 10884 11188 
#module 175 size: 17 bs: 0.458805
1555 1597 1768 3101 4539 4579 5712 5862 5984 6669 6750 6863 7398 8557 9941 10781 11310 
#module 176 size: 30 bs: 0.116016
113 1066 1425 3276 3733 3966 4446 5085 5194 6063 6314 7036 8127 8150 8328 8558 9457 9677 9935 10119 10532 10750 11031 11118 11269 11558 11576 12514 12577 12672 
#module 177 size: 14 bs: 0.46594
2101 2446 2693 2960 3111 6209 7561 8531 9034 9373 10891 11007 11436 12969 
#module 178 size: 113 bs: 0.290125
68 76 94 180 183 315 334 352 809 839 853 996 1001 1086 1125 1144 1204 1411 1476 1624 1643 1706 1735 2001 2157 2272 2292 2559 2649 2753 2783 2866 2934 3129 3139 3365 3474 3589 3661 3708 3732 3782 3792 3805 3824 3902 4005 4012 4054 4143 4316 4334 4577 4847 4901 4935 5040 5111 5132 5141 5229 5277 5281 5365 5662 5734 5806 5824 5919 5937 6014 6415 6616 6694 7473 7591 7608 7705 7797 7799 7857 7888 8016 8285 8435 8463 8475 8579 8615 8852 8978 9082 9089 9144 9272 9360 9367 9589 9651 10067 10310 10404 10506 10522 10751 10779 10919 11262 11379 12549 12586 12648 12670 
#module 179 size: 16 bs: 0.495139
32 345 779 1993 3204 3205 3949 4469 5504 5714 9594 9998 11070 11308 11355 11719 
#module 180 size: 122 bs: 0.462082
123 190 206 359 537 540 718 961 1117 1320 1427 1466 1481 1483 1791 1932 1979 2024 2084 2089 2142 2186 2188 2189 2192 2193 2194 2209 2212 2215 2221 2253 2406 2411 2786 2801 2883 2950 3200 3582 3583 3599 3776 3847 3914 3989 4001 4091 4100 4218 4429 4517 4631 4779 4923 4948 4971 5041 5221 5367 5443 5494 5632 5707 5885 5887 6174 6216 6229 6260 6286 6372 6499 6561 6820 6870 6871 7263 7316 7426 7483 7554 7711 7727 7735 7743 7883 7997 8084 8309 8349 8430 8431 8556 8922 8961 9091 9338 9594 9745 10111 10116 10193 10228 10239 10262 10344 10433 10643 10677 10978 11069 11117 11126 11138 11143 11265 11266 11664 12595 12618 13004 
#module 181 size: 11 bs: 0.992382
767 1030 1612 2101 2610 3742 5073 6297 6883 7565 10908 
#module 182 size: 18 bs: 0.811046
532 828 1650 1902 2055 2090 2194 3160 4323 5360 6365 6621 9046 9523 11261 11513 11883 12214 
#module 183 size: 64 bs: 0.812144
220 862 1060 1227 1377 2142 2212 2253 2294 2383 2855 2918 2998 3017 3397 3591 3654 3796 3917 4033 4461 4468 4487 4622 4641 4703 4704 4780 5173 5252 5263 5453 5559 5735 5740 6154 6274 6300 6550 6553 6567 6835 7015 7072 7292 7377 7595 7832 8434 8771 8815 8845 8891 9475 9495 9790 9840 9973 10337 10480 10970 11145 11418 11664 
#module 184 size: 108 bs: 0.511856
35 147 213 376 442 465 479 521 803 849 870 983 985 1092 1153 1278 1726 1768 1825 1864 1891 1920 2110 2368 2441 2627 2677 2829 2880 2967 3130 3198 3212 3214 3511 3535 3609 3853 3946 3988 4046 4092 4249 4286 4367 4389 4403 4419 4579 4649 4674 4758 5227 5387 5465 5496 5506 5538 5576 5659 5737 5879 5973 5993 6023 6481 6511 6658 6744 6773 6918 6967 7174 7179 7256 7362 7381 7394 7441 7454 7464 7597 7614 8049 8261 8557 8762 8788 8876 9026 9113 9298 9348 9397 9502 9545 9979 10240 10329 10354 10362 10574 10617 10734 11448 11491 11498 11994 
