#module 0 size: 2 bs: 1.11022e-16
160 3952 
#module 1 size: 5 bs: 1.77636e-15
2392 2561 3270 6622 6763 
#module 2 size: 9 bs: 9.20669e-101
508 1188 2200 3247 4109 5603 5683 6059 6732 
#module 3 size: 2 bs: 2.49603e-101
22 568 
#module 4 size: 5 bs: 6.93896e-101
615 880 2967 4981 5775 
#module 5 size: 2 bs: 3.30495e-101
807 5187 
#module 6 size: 4 bs: 8.21083e-101
418 1842 3584 6765 
#module 7 size: 4 bs: 3.26663e-101
402 871 2225 4082 
#module 8 size: 4 bs: 8.80434e-101
52 308 809 5501 
#module 9 size: 21 bs: 4.55191e-15
117 195 200 316 539 746 996 1241 1689 1758 2516 2544 2594 3916 4360 4450 4913 5351 5655 6112 6733 
#module 10 size: 6 bs: 2.9092e-101
6 1632 3538 4901 5246 5957 
#module 11 size: 4 bs: 5.60718e-101
744 830 3466 4597 
#module 12 size: 6 bs: 1.39772e-101
339 678 747 2438 4053 5368 
#module 13 size: 4 bs: 3.95822e-101
1126 1778 2850 6321 
#module 14 size: 3 bs: 7.00755e-102
5336 5807 6211 
#module 15 size: 4 bs: 7.57874e-101
628 5117 5772 6764 
#module 16 size: 3 bs: 2.64344e-13
3115 3599 6203 
#module 17 size: 6 bs: 5.86489e-101
1153 1672 1742 2582 4337 5946 
#module 18 size: 25 bs: 8.80994e-102
162 370 762 889 1027 1206 1373 1456 1589 1693 1770 2005 2524 2988 3257 3282 3928 3968 4154 4692 4886 4990 5414 6629 6838 
#module 19 size: 3 bs: 4.10032e-101
5749 5912 6313 
#module 20 size: 2 bs: 3.86605e-101
3258 5796 
#module 21 size: 2 bs: 4.5654e-101
811 2499 
#module 22 size: 12 bs: 7.76508e-101
56 413 920 1436 2127 2266 3172 3569 3964 5806 6340 6501 
#module 23 size: 3 bs: 4.11355e-102
979 2651 5703 
#module 24 size: 4 bs: 8.06091e-101
2511 2997 4366 5167 
#module 25 size: 3 bs: 1.30915e-101
172 402 6721 
#module 26 size: 3 bs: 5.08379e-101
1724 3274 5709 
#module 27 size: 3 bs: 3.65038e-101
540 670 6348 
#module 28 size: 4 bs: 3.67223e-101
1038 3296 5047 6060 
#module 29 size: 10 bs: 7.37327e-101
1259 1916 2373 3540 3817 4080 4298 5039 5496 6119 
#module 30 size: 3 bs: 2.61378e-101
695 939 2193 
#module 31 size: 2 bs: 7.51245e-101
2006 6542 
#module 32 size: 3 bs: 4.76495e-101
1018 3469 5937 
#module 33 size: 3 bs: 2.45792e-12
2344 4141 6505 
#module 34 size: 2 bs: 7.29872e-102
2278 4594 
#module 35 size: 3 bs: 2.33252e-101
2269 6560 6851 
#module 36 size: 2 bs: 3.30846e-14
1099 3384 
#module 37 size: 2 bs: 6.18967e-101
246 324 
#module 38 size: 2 bs: 5.38585e-101
2739 6416 
#module 39 size: 2 bs: 2.28355e-101
1008 5832 
#module 40 size: 3 bs: 5.4781e-101
3437 5392 6069 
#module 41 size: 4 bs: 2.30159e-101
2752 3051 4422 4634 
#module 42 size: 3 bs: 8.93953e-101
2023 4372 5252 
#module 43 size: 8 bs: 1.11022e-16
1001 1647 2343 3531 3909 4054 4055 6790 
#module 44 size: 3 bs: 5.286e-101
2173 3409 6527 
#module 45 size: 3 bs: 6.94976e-101
32 710 4904 
#module 46 size: 3 bs: 2.73021e-101
479 737 3036 
#module 47 size: 12 bs: 1.11022e-16
388 1134 1738 2341 2859 3268 3515 3999 4069 5111 5258 5514 
#module 48 size: 3 bs: 1.52774e-101
89 1381 2967 
#module 49 size: 2 bs: 2.24654e-101
900 1940 
#module 50 size: 3 bs: 7.66071e-102
5399 5884 6760 
#module 51 size: 6 bs: 1.91031e-101
713 2595 3269 5821 6235 6472 
#module 52 size: 17 bs: 3.38729e-13
613 1408 1800 2079 2256 2297 2317 2582 3577 4515 4781 5104 5198 5676 5773 6080 6405 
#module 53 size: 4 bs: 1.55087e-09
1472 1947 3414 5121 
#module 54 size: 8 bs: 4.02963e-101
2478 3062 3765 4006 4355 5051 5982 6840 
#module 55 size: 4 bs: 2.85051e-07
625 2437 2765 6671 
#module 56 size: 7 bs: 5.84204e-101
119 1048 2672 3985 4014 4543 4562 
#module 57 size: 3 bs: 7.26431e-101
1910 4223 5024 
#module 58 size: 3 bs: 8.01614e-101
3483 4748 5695 
#module 59 size: 6 bs: 8.6961e-101
580 636 1931 3647 5660 5861 
#module 60 size: 17 bs: 6.65501e-12
439 754 820 1836 2198 2298 3142 3167 3237 3423 3539 4137 4491 4847 5068 6521 6627 
#module 61 size: 2 bs: 2.97521e-101
1303 4094 
#module 62 size: 11 bs: 5.31624e-07
271 302 365 495 1624 1784 1867 2720 3397 5944 6207 
#module 63 size: 2 bs: 7.36505e-101
2356 4418 
#module 64 size: 5 bs: 3.55095e-101
556 977 1654 4089 6432 
#module 65 size: 7 bs: 5.8243e-101
256 647 917 1664 2614 4291 6567 
#module 66 size: 3 bs: 9.3665e-101
3040 4478 5651 
#module 67 size: 23 bs: 8.22675e-13
656 1107 1167 1186 1285 1349 1535 2184 2337 2420 2969 3408 3685 3722 3736 4358 4714 4806 5532 5752 5987 6161 6255 
#module 68 size: 3 bs: 2.03275e-101
3280 6500 6717 
#module 69 size: 5 bs: 9.98133e-11
274 1299 4046 6719 6844 
#module 70 size: 23 bs: 3.71925e-14
103 238 462 709 1033 1617 2174 2432 2559 2836 3200 3344 3438 3647 3876 4794 5021 5057 5378 5616 6020 6090 6465 
#module 71 size: 2 bs: 2.13386e-101
3297 4802 
#module 72 size: 4 bs: 6.85687e-06
655 3062 3681 4893 
#module 73 size: 4 bs: 1.77264e-101
1151 3181 4472 6536 
#module 74 size: 2 bs: 9.73918e-101
1688 1794 
#module 75 size: 23 bs: 1.94382e-06
124 439 452 669 754 823 1331 1425 2061 2373 2473 3059 3090 3303 3554 4869 5035 5405 5439 5761 5994 6309 6810 
#module 76 size: 29 bs: 9.16781e-11
363 379 668 967 1021 1607 2031 2171 2642 2927 3362 3376 3441 3492 3804 3996 4308 4337 4360 4508 4546 4789 4843 4935 5119 5218 6367 6724 6909 
#module 77 size: 9 bs: 8.04066e-101
632 2350 2482 3564 4703 4797 4987 6124 6561 
#module 78 size: 47 bs: 0.00443788
76 141 196 397 596 742 870 882 972 1188 1216 1236 1273 1430 1580 1834 2046 2077 2677 2754 2911 3001 3171 3396 3615 3830 3832 3995 4269 4326 4512 4597 4842 4891 5114 5146 5161 5464 5467 5487 5802 5875 6188 6268 6444 6607 6866 
#module 79 size: 13 bs: 7.66711e-101
473 664 1310 1655 3366 3620 3642 3764 4325 4477 5284 5887 6045 
#module 80 size: 17 bs: 0.934658
50 644 1474 1599 1915 2099 2236 2682 2986 3507 3578 4121 4225 4556 5019 5544 6839 
#module 81 size: 4 bs: 0.12273
1271 2488 2853 3954 
#module 82 size: 3 bs: 0.633926
1455 2412 4116 
#module 83 size: 10 bs: 1.09599
442 506 1104 2267 2780 4500 5244 5510 6129 6483 
#module 84 size: 13 bs: 0.173432
213 802 1684 1695 2013 2045 3130 3715 4167 5505 5742 5744 6623 
#module 85 size: 15 bs: 0.739691
919 1195 1650 3537 3722 4050 4160 4266 4671 5334 5748 5795 6003 6366 6737 
#module 86 size: 9 bs: 0.537192
339 700 1469 3311 3758 4097 4318 5724 6182 
#module 87 size: 128 bs: 0.485507
82 110 144 147 257 366 412 428 553 639 659 750 776 779 797 840 848 862 901 902 904 927 975 1049 1083 1165 1314 1320 1461 1559 1567 1572 1601 1699 1720 1858 1896 1926 2018 2091 2212 2379 2419 2442 2483 2587 2644 2667 2825 2840 2891 2975 2999 3260 3383 3415 3429 3432 3481 3545 3555 3686 3696 3716 3733 3768 3864 3877 4065 4074 4145 4148 4257 4350 4353 4381 4461 4506 4604 4631 4642 4647 4678 4679 4717 4791 4850 4854 5029 5070 5165 5267 5277 5279 5287 5305 5328 5349 5645 5661 5681 5815 5828 5842 5947 5976 6039 6050 6062 6083 6185 6198 6241 6286 6334 6395 6428 6456 6485 6503 6545 6589 6610 6618 6625 6676 6730 6826 
#module 88 size: 26 bs: 0.626038
149 344 738 1067 1798 1905 2159 2232 2293 2735 2797 3024 3092 3155 3680 4004 4063 4073 4592 4800 4942 5325 6001 6016 6072 6382 
#module 89 size: 35 bs: 1.08841
340 419 784 976 1351 1363 1451 1525 1880 2180 2282 2325 2528 2668 3161 3639 4118 4152 4232 4447 4586 4755 5006 5286 5309 5352 5427 5649 5738 5780 5783 6067 6259 6422 6496 
#module 90 size: 23 bs: 0.18311
460 1670 1864 2032 2142 2415 2461 2677 2913 3119 3143 3487 3819 3896 4072 4117 5294 5638 5658 6077 6753 6797 6880 
#module 91 size: 4 bs: 0.351726
241 457 5140 6562 
#module 92 size: 11 bs: 0.901461
281 371 409 1841 2121 2886 4870 5186 6049 6221 6427 
#module 93 size: 10 bs: 0.924747
52 1092 1258 1397 3060 3534 3595 5177 6232 6670 
#module 94 size: 7 bs: 0.671304
16 679 2370 3313 4113 6445 6513 
#module 95 size: 5 bs: 0.865206
910 1640 2855 4989 5098 
#module 96 size: 5 bs: 0.473279
1321 2563 2670 5400 6074 
#module 97 size: 8 bs: 0.46275
320 709 780 1197 3324 3790 5555 6178 
#module 98 size: 4 bs: 0.764704
991 1952 5549 6486 
#module 99 size: 7 bs: 0.827751
672 1032 2190 3047 5548 5810 6793 
#module 100 size: 6 bs: 0.553049
2291 4251 4915 5216 5597 6735 
#module 101 size: 3 bs: 0.278183
1751 5508 5537 
#module 102 size: 3 bs: 0.667349
611 2691 5095 
#module 103 size: 16 bs: 0.816194
142 642 1647 2554 2939 3800 4730 4884 4904 5293 5555 5618 5922 6141 6266 6381 
#module 104 size: 10 bs: 0.725109
614 2078 3068 3175 3775 4326 5141 5230 5411 5952 
#module 105 size: 4 bs: 0.254555
3274 3288 5119 6802 
#module 106 size: 4 bs: 0.584806
1128 2083 3766 5868 
#module 107 size: 5 bs: 0.302378
798 1183 2100 2960 3682 
#module 108 size: 6 bs: 1.0044
415 544 3425 4602 4662 5877 
#module 109 size: 10 bs: 1.07324
297 548 583 2185 3212 4165 5047 5522 5872 5910 
#module 110 size: 7 bs: 0.560009
417 1052 2220 3422 3888 5840 6517 
#module 111 size: 6 bs: 0.883291
308 505 2441 4042 4048 6756 
#module 112 size: 8 bs: 0.167956
99 269 1999 2153 3174 3907 6391 6685 
#module 113 size: 9 bs: 0.307134
139 381 466 590 699 3496 4948 6051 6791 
#module 114 size: 4 bs: 0.866441
3056 3355 5264 5770 
#module 115 size: 10 bs: 0.447716
756 1354 2354 2477 2636 5889 6323 6472 6476 6559 
#module 116 size: 10 bs: 0.512335
289 635 716 2137 2803 4013 4205 5272 5639 6013 
#module 117 size: 7 bs: 0.440405
3249 3825 4009 4370 5385 6392 6451 
#module 118 size: 11 bs: 1.05126
244 755 1280 1299 1365 1789 2474 4071 4751 5519 6620 
#module 119 size: 3 bs: 0.834101
4566 4975 5100 
#module 120 size: 18 bs: 0.986719
906 1149 1272 1973 2002 2303 2360 2679 3060 3451 4347 5012 5247 5255 5322 5364 6212 6250 
#module 121 size: 6 bs: 0.263543
2720 2985 4240 4469 5733 6328 
#module 122 size: 6 bs: 0.9666
127 2859 3171 3201 4406 6410 
#module 123 size: 32 bs: 0.82337
37 949 1141 1398 1691 1894 2197 2227 2374 2389 2596 2605 2642 3168 3187 3306 3797 3870 4022 4187 4220 4483 4853 4981 5459 5988 6030 6143 6302 6514 6613 6657 
#module 124 size: 39 bs: 0.82659
248 263 284 293 424 492 603 661 673 783 1133 1293 1546 1547 1622 1641 1698 1874 2012 2048 2167 2223 2245 2417 2507 3001 3271 3369 3456 3618 3743 4200 4273 4302 4476 4921 5087 6590 6738 
#module 125 size: 9 bs: 0.323151
296 3368 4363 4537 4645 4743 5600 5669 5919 
#module 126 size: 11 bs: 1.04111
380 1608 1726 2409 2747 3704 4140 4482 4857 5202 6280 
#module 127 size: 8 bs: 0.192385
417 1029 2609 3598 4395 4723 5471 6052 
#module 128 size: 3 bs: 0.864472
3133 4547 5786 
#module 129 size: 16 bs: 1.07876
843 1096 2053 2319 2618 2823 3259 3484 3883 4668 4753 4881 5561 6312 6406 6556 
#module 130 size: 12 bs: 0.398342
392 1158 1352 2433 2725 3262 3312 4066 4405 5356 5504 6112 
#module 131 size: 3 bs: 0.502927
228 3767 3950 
#module 132 size: 11 bs: 0.971991
706 1062 1536 1945 2745 2914 3363 3644 4636 5720 6761 
#module 133 size: 6 bs: 0.142215
391 1582 1752 1959 4390 6510 
#module 134 size: 14 bs: 0.228192
3 592 619 1761 2668 3516 3782 4212 5418 5953 6249 6297 6330 6337 
#module 135 size: 10 bs: 0.975747
2084 2814 3920 4317 4920 5526 5869 6245 6591 6704 
#module 136 size: 14 bs: 1.04422
122 221 884 1121 1367 1534 1697 4323 5063 5210 5238 5428 5580 6537 
#module 137 size: 111 bs: 0.979668
25 34 53 60 62 80 151 210 230 233 347 356 425 446 454 526 531 561 605 785 824 914 1031 1066 1090 1180 1227 1260 1276 1481 1502 1504 1541 1564 1573 1578 1620 1652 1713 1808 1956 1965 2068 2203 2234 2359 2385 2604 2648 2749 2769 2849 2867 2879 2885 2904 3034 3137 3139 3254 3331 3356 3420 3609 3710 3746 3793 3798 3886 4093 4130 4179 4191 4198 4217 4376 4429 4456 4582 4619 4675 4694 4809 4873 5089 5207 5257 5266 5317 5342 5435 5444 5572 5698 5858 5885 5943 5973 6142 6183 6200 6251 6335 6565 6568 6597 6616 6675 6726 6758 6775 
#module 138 size: 10 bs: 0.417775
536 1209 1671 2189 2582 5130 5331 6058 6141 6787 
#module 139 size: 13 bs: 0.691286
374 530 752 758 2503 2549 3025 3774 4245 4306 4346 5201 6301 
#module 140 size: 5 bs: 0.142533
250 2477 2946 4359 6557 
#module 141 size: 14 bs: 0.277382
317 837 847 2094 3553 3856 4002 4593 4865 5636 5789 5911 6210 6631 
#module 142 size: 18 bs: 1.05095
193 209 1018 1360 1692 1749 1969 2872 3707 3763 4955 5127 5622 5794 5800 6498 6580 6807 
#module 143 size: 4 bs: 0.599377
479 839 3567 4265 
#module 144 size: 26 bs: 0.756621
77 113 538 898 1046 1081 1637 1727 1822 1823 2466 2847 3202 3454 3904 4221 4401 4540 5174 5197 5211 5227 5241 5860 5874 6550 
#module 145 size: 5 bs: 0.77312
2038 3491 3939 4105 5377 
#module 146 size: 5 bs: 0.7251
90 827 2906 4449 6637 
#module 147 size: 8 bs: 0.209285
249 587 1159 1736 1861 3416 4088 5675 
#module 148 size: 17 bs: 1.00517
319 582 640 774 789 947 1793 1988 2274 2619 3127 3131 4138 4174 4760 6582 6725 
#module 149 size: 9 bs: 0.817326
74 579 860 2195 2535 2706 2977 4846 6246 
#module 150 size: 9 bs: 1.086
165 2481 2621 3004 3105 3815 5557 6473 6608 
#module 151 size: 6 bs: 1.02986
405 1252 1263 1495 2074 3860 
#module 152 size: 7 bs: 0.649157
300 1485 2213 3766 3934 4300 5936 
#module 153 size: 10 bs: 0.627163
896 1010 1179 1592 1816 2300 2602 4057 4311 5740 
#module 154 size: 17 bs: 0.265949
133 617 792 1005 1135 1678 2103 2285 2756 2881 3227 3508 4628 5026 5224 5712 6578 
#module 155 size: 45 bs: 0.732549
150 182 434 533 683 814 985 1110 1112 1269 1782 1886 2111 2277 2351 2396 2424 2657 2664 2901 2951 3041 3162 3232 3240 3802 3902 3943 4030 4139 4255 4542 4585 4625 4910 4941 5137 5157 5199 5805 5891 6176 6318 6371 6861 
#module 156 size: 5 bs: 0.178208
1924 2490 3409 5519 6192 
#module 157 size: 5 bs: 0.440923
846 1773 1859 3114 3352 
#module 158 size: 17 bs: 0.934972
51 226 1158 1403 1561 2384 2431 3364 3541 4195 4336 4622 5086 5158 5164 5590 6388 
#module 159 size: 6 bs: 0.560379
1381 2669 2783 3489 4653 4718 
#module 160 size: 6 bs: 0.953791
135 753 3646 3982 4001 4887 
#module 161 size: 4 bs: 1.06483
523 577 3500 3931 
#module 162 size: 49 bs: 0.379179
10 152 218 290 393 509 585 663 740 775 974 1088 1384 1410 1415 1543 1570 1598 1922 1977 2081 2558 2608 3126 3221 3233 3299 3400 3925 3957 3962 4202 4280 4425 4490 4507 4588 4924 5217 5396 5593 5624 5688 6193 6508 6634 6701 6714 6774 
#module 163 size: 21 bs: 0.195529
179 915 1312 1569 1707 2179 2311 2877 3664 3692 4354 4362 4550 4661 5116 5236 5500 5762 6300 6332 6546 
#module 164 size: 3 bs: 0.58817
131 1229 2998 
#module 165 size: 7 bs: 0.802824
1881 2509 3769 4441 4895 6649 6739 
#module 166 size: 9 bs: 0.827981
532 1774 1994 2659 3944 4102 5434 6394 6526 
#module 167 size: 10 bs: 0.522862
863 953 2088 2897 3806 5520 5535 5725 6179 6197 
#module 168 size: 5 bs: 0.493884
244 770 2426 3940 6365 
#module 169 size: 7 bs: 0.46795
719 1221 2022 2763 4283 4933 6574 
#module 170 size: 14 bs: 0.591153
181 558 1230 1268 1719 2425 2576 2896 3298 3807 4571 4992 5753 6304 
#module 171 size: 17 bs: 0.295583
18 459 1565 2120 2365 2915 3144 4386 4407 4716 5478 5693 6126 6515 6659 6680 6747 
#module 172 size: 17 bs: 0.458793
41 245 471 557 1772 2146 2959 3513 4265 4292 4364 4999 5603 5617 6123 6264 6727 
#module 173 size: 27 bs: 0.967156
153 543 734 793 805 890 1020 1297 1326 1390 1865 1897 1980 2654 2702 3252 3562 4388 4495 4919 5350 5461 5892 6093 6378 6633 6674 
#module 174 size: 13 bs: 0.730217
746 1440 1863 2136 2286 2694 2755 3234 3913 4560 5169 5281 5424 
#module 175 size: 11 bs: 0.48265
35 118 690 1091 1603 1680 2630 3879 4651 4783 5948 
#module 176 size: 3 bs: 0.837105
3123 3612 6705 
#module 177 size: 7 bs: 0.582092
157 2448 3082 3675 4060 4543 6529 
#module 178 size: 5 bs: 0.753662
537 606 2026 2917 5194 
#module 179 size: 4 bs: 0.723036
1068 3773 3776 6722 
#module 180 size: 7 bs: 0.179854
1662 2310 3192 3979 4680 5176 6621 
#module 181 size: 15 bs: 0.600187
421 542 671 1148 1208 1890 2067 3073 3596 3779 4230 4502 4681 5962 6870 
#module 182 size: 8 bs: 1.04586
1411 2857 3120 3997 5312 5653 5659 6474 
#module 183 size: 5 bs: 1.07345
185 1353 1483 1532 5687 
#module 184 size: 9 bs: 0.766919
95 1080 1336 2996 3667 4623 5301 5412 6778 
#module 185 size: 4 bs: 0.864731
86 3336 3937 5916 
#module 186 size: 4 bs: 0.356344
3269 3358 4352 5769 
#module 187 size: 5 bs: 0.132963
720 3187 4043 4333 5489 
#module 188 size: 14 bs: 0.708756
689 773 1215 1703 2689 2841 3787 3885 4696 5033 5188 5443 5637 5647 
#module 189 size: 8 bs: 1.05696
612 1231 2398 2635 4183 4334 5866 6040 
#module 190 size: 12 bs: 0.847099
115 518 2257 2322 2793 3149 3265 3634 4243 4385 5038 5040 
#module 191 size: 9 bs: 0.910853
132 554 1248 2305 3459 3770 3796 5447 6376 
#module 192 size: 5 bs: 0.673153
1673 1899 2161 4290 4638 
#module 193 size: 21 bs: 0.165768
461 641 874 1422 1733 1833 1892 2228 2470 2861 3467 3623 3751 4330 4649 5212 5782 5950 6383 6585 6745 
#module 194 size: 25 bs: 0.1901
24 472 879 1089 1318 1615 1919 2000 2316 2358 2882 3124 3245 3404 3826 3897 4146 4190 4201 4216 4994 5030 5758 6035 6533 
#module 195 size: 7 bs: 0.906388
1840 1974 3674 4355 5553 5768 6840 
#module 196 size: 8 bs: 0.986997
1392 2021 2624 3308 3986 5167 5517 5829 
#module 197 size: 6 bs: 0.668423
225 1223 1482 2370 4779 5893 
#module 198 size: 7 bs: 0.421594
148 235 595 2635 3461 3470 3845 
#module 199 size: 15 bs: 0.513659
168 626 1261 1527 2175 2299 3511 3587 4337 5621 6015 6310 6598 6652 6710 
#module 200 size: 6 bs: 0.846865
1416 2565 2718 4012 6348 6522 
#module 201 size: 9 bs: 0.836507
61 559 876 2182 3190 3354 3574 3610 4882 
#module 202 size: 8 bs: 1.0275
892 2261 3117 4270 4583 5674 5699 6053 
#module 203 size: 23 bs: 0.752308
398 468 475 1378 1655 1918 1971 2044 2059 2421 2468 2978 3095 3125 3419 3858 3947 4050 4058 5017 6148 6426 6479 
#module 204 size: 18 bs: 0.840434
307 604 1639 1925 1929 2055 2568 2884 3086 3098 3932 4098 4287 5051 6308 6506 6521 6741 
#module 205 size: 6 bs: 0.794977
81 1786 2689 3284 3329 6141 
#module 206 size: 5 bs: 0.932853
1156 3627 4579 6053 6583 
#module 207 size: 8 bs: 0.735412
792 3085 4222 5209 5712 5801 5822 6352 
#module 208 size: 7 bs: 0.872872
169 1819 1948 2283 2583 3231 5045 
#module 209 size: 8 bs: 0.91047
836 946 1766 3314 3536 4437 6104 6400 
#module 210 size: 4 bs: 0.995316
529 4575 4817 5848 
#module 211 size: 8 bs: 0.908012
1070 1483 1732 1817 2114 3930 4711 5073 
#module 212 size: 10 bs: 0.378464
448 1002 1877 3213 3330 3760 4021 5827 6117 6669 
#module 213 size: 3 bs: 0.395894
2117 4023 5640 
#module 214 size: 4 bs: 0.49255
667 1016 3075 6450 
#module 215 size: 8 bs: 1.05742
1612 1837 3357 3600 4024 4498 5672 6828 
#module 216 size: 4 bs: 0.472559
772 2377 3730 4103 
#module 217 size: 17 bs: 0.950264
31 316 580 1706 3426 3439 3557 3701 3732 4826 5016 5057 5246 5351 6151 6343 6642 
#module 218 size: 7 bs: 0.889103
1296 2474 3012 3113 3866 3881 6115 
#module 219 size: 7 bs: 0.290803
115 170 1753 3052 3188 3433 3659 
#module 220 size: 14 bs: 0.22992
101 126 1334 1783 2603 3512 3805 3859 3938 5198 5479 5767 6654 6691 
#module 221 size: 9 bs: 0.847437
602 2342 2526 3030 3361 3900 5254 5978 6709 
#module 222 size: 8 bs: 0.60934
865 2230 2440 3330 3372 4119 4332 6713 
#module 223 size: 14 bs: 0.470713
712 1003 1471 2094 2183 3349 3413 3573 3942 4207 4282 4589 4996 5515 
#module 224 size: 8 bs: 0.273827
1705 1955 2062 2746 4289 5059 5224 6426 
#module 225 size: 10 bs: 0.716883
474 1106 1407 1826 1935 1937 2862 2912 3219 4384 
#module 226 size: 16 bs: 0.922521
545 624 906 2034 2098 2298 2445 2545 2708 2900 4170 4838 4963 5068 6098 6158 
#module 227 size: 8 bs: 0.477655
389 1022 1032 2808 4774 5245 5454 5512 
#module 228 size: 39 bs: 0.805686
155 462 490 736 782 992 1391 1497 1530 1677 1768 1775 1862 2188 2247 2264 2418 2550 2732 3344 3350 3371 3563 3608 3670 3687 3876 3915 4051 4640 4801 4803 5074 5358 5380 5420 5462 5635 6162 
#module 229 size: 9 bs: 0.597293
512 2406 3411 3688 4519 5105 5409 6095 6840 
#module 230 size: 36 bs: 0.19436
26 43 234 969 1120 1368 1475 1785 2016 2306 2407 2443 2534 2779 2934 3118 3457 3604 3839 4281 4489 4657 4732 4790 4932 5107 5285 5732 5739 5814 5850 5985 6447 6492 6687 6822 
#module 231 size: 20 bs: 0.795875
128 501 1465 1477 1590 1801 2194 3148 3332 3829 4563 4876 5251 5276 5453 5853 5970 6113 6133 6340 
#module 232 size: 8 bs: 0.264821
832 1382 2720 4634 5243 5663 5972 6794 
#module 233 size: 11 bs: 1.05284
225 2095 3032 3199 3643 4917 5044 5778 6208 6442 6494 
#module 234 size: 7 bs: 1.06442
232 444 1298 3944 4301 4339 6023 
#module 235 size: 10 bs: 0.289954
450 942 943 1873 2163 3648 4288 4824 4977 5610 
#module 236 size: 8 bs: 0.699015
540 1304 1746 2579 4177 4213 4908 5942 
#module 237 size: 6 bs: 0.542645
426 562 2750 5614 6430 6525 
#module 238 size: 16 bs: 0.770454
1306 1402 1716 1756 2602 2677 3497 4249 4253 4279 4342 4408 4863 5723 6360 6693 
#module 239 size: 5 bs: 0.650948
2537 2993 5584 5750 6770 
#module 240 size: 8 bs: 0.429023
17 1221 1498 1557 3157 3242 3317 5852 
#module 241 size: 10 bs: 1.09717
1055 1154 1690 1767 3290 3330 3463 3748 5341 6242 
#module 242 size: 9 bs: 0.470879
576 741 1606 1970 2555 4197 4250 6341 6566 
#module 243 size: 9 bs: 0.546506
741 2454 3446 3658 3874 4047 4276 4890 6703 
#module 244 size: 5 bs: 0.614535
648 2132 2697 3538 4075 
#module 245 size: 4 bs: 0.780123
1610 2984 3910 4584 
#module 246 size: 7 bs: 0.176756
569 1114 2222 2858 2864 2883 3912 
#module 247 size: 5 bs: 0.204602
1708 2338 3697 4351 6436 
#module 248 size: 8 bs: 0.564174
125 1053 2141 2398 3542 5494 5785 6443 
#module 249 size: 8 bs: 0.426608
1587 1606 1780 2333 3573 3757 5834 6815 
#module 250 size: 23 bs: 0.613981
686 1012 1082 1220 1678 1942 2349 2545 2758 2766 2976 3063 3565 3669 4127 4208 4533 4574 5023 5642 6017 6145 6191 
#module 251 size: 12 bs: 0.578755
728 1760 2727 3014 3100 3498 3967 4305 4596 5223 5582 6361 
#module 252 size: 12 bs: 0.357233
552 1026 1250 2312 3613 4321 4600 4928 4943 5067 5931 6088 
#module 253 size: 9 bs: 0.870361
402 447 1979 4119 4166 4976 6102 6323 6639 
#module 254 size: 6 bs: 1.07438
547 1242 1555 2050 6421 6840 
#module 255 size: 6 bs: 0.726233
15 1315 1472 2723 6215 6435 
#module 256 size: 40 bs: 0.526455
75 291 352 416 1035 1060 1130 1157 1489 1626 1771 1902 2028 2145 2214 2655 2675 2765 2888 3158 3289 3320 3355 3473 3632 3637 3791 4176 4719 4925 5715 5873 5929 6071 6139 6248 6401 6600 6690 6900 
#module 257 size: 26 bs: 0.929065
715 791 817 886 922 1257 1317 1588 1738 1757 1810 2062 2080 2632 2782 3143 3471 3711 3760 4291 4369 4824 4874 5106 5677 6120 
#module 258 size: 12 bs: 0.298909
169 386 1115 1207 1238 2890 3058 3690 4545 4591 5541 6843 
#module 259 size: 6 bs: 0.749364
968 1302 2210 4293 4739 5184 
#module 260 size: 15 bs: 0.239938
572 926 1073 1116 1717 2235 2634 2925 3322 3333 3476 3600 5946 6454 6461 
#module 261 size: 10 bs: 0.329976
301 674 899 1355 3107 4233 5060 5344 5881 6488 
#module 262 size: 6 bs: 1.07304
322 742 2522 3103 4038 4735 
#module 263 size: 26 bs: 0.226498
5 12 48 445 730 844 1140 1282 1930 2527 2875 3424 3554 4015 4391 4491 4643 4880 4909 5148 5890 5914 6033 6210 6579 6891 
#module 264 size: 10 bs: 0.74659
336 494 1274 2754 2910 4239 4267 4284 4344 4652 
#module 265 size: 43 bs: 0.282064
163 394 891 1023 1202 1275 1700 1891 1978 2166 2366 2402 2464 2631 2929 3043 3239 3406 3455 3689 3749 3809 4156 4215 4228 4442 4514 4590 4617 4639 4879 5009 5055 5788 5798 5843 5857 6177 6290 6336 6394 6449 6475 
#module 266 size: 19 bs: 0.981338
206 696 732 867 1203 1983 1988 2211 3110 3248 4174 4358 4526 4824 5536 5581 5726 6159 6698 
#module 267 size: 16 bs: 0.324636
1019 1840 1855 2087 2305 2383 2724 3012 3151 3808 4133 4246 4848 4969 5668 6772 
#module 268 size: 10 bs: 0.813015
1146 1705 2383 2562 3388 3546 3694 4177 4720 4971 
#module 269 size: 8 bs: 0.25764
520 1602 2715 2860 3882 3965 4309 5206 
#module 270 size: 36 bs: 0.193811
142 353 1117 1317 1460 1631 1799 2008 2308 2459 2553 3031 3046 3099 3226 3335 3376 3387 3675 3759 4211 4394 4400 4462 4995 5021 5075 5082 5220 5563 5671 6292 6397 6734 6801 6847 
#module 271 size: 11 bs: 0.311963
259 403 979 1850 2677 2974 3836 5046 5331 6534 6706 
#module 272 size: 7 bs: 0.130788
21 381 588 3611 4254 4667 6125 
#module 273 size: 4 bs: 1.09969
3975 5995 6712 6848 
#module 274 size: 5 bs: 0.379777
1664 2054 4788 6679 6765 
#module 275 size: 7 bs: 0.872063
622 3169 3922 4078 4981 5360 6202 
#module 276 size: 9 bs: 0.514227
1162 2046 2460 2917 3818 4185 4799 5316 6032 
#module 277 size: 5 bs: 1.06272
1376 1888 3561 4039 6299 
#module 278 size: 16 bs: 0.129649
207 264 2143 2217 3338 3527 3908 4029 4221 4684 4764 5499 6108 6191 6532 6577 
#module 279 size: 13 bs: 1.00686
229 547 1244 1295 1869 2953 3021 3375 3425 4393 5110 5493 5903 
#module 280 size: 14 bs: 1.0407
725 951 956 1814 2671 3657 3969 3977 4772 5069 5455 5581 6180 6425 
#module 281 size: 7 bs: 0.983532
109 171 1265 4258 5731 6383 6902 
#module 282 size: 20 bs: 0.945165
1 222 410 424 603 781 1542 1622 1777 1974 2260 3135 3660 3662 4090 4689 5179 6263 6599 6901 
#module 283 size: 8 bs: 1.08506
684 1057 1553 2835 4218 4458 4686 6869 
#module 284 size: 10 bs: 1.04018
328 623 945 1095 3209 4387 5337 6056 6267 6759 
#module 285 size: 14 bs: 0.256016
247 1340 1470 2105 2613 2768 3437 4044 4299 4701 5839 5862 6799 6845 
#module 286 size: 15 bs: 0.560697
58 72 286 1307 1370 1932 2131 2926 3552 4531 4608 5219 5278 5473 5804 
#module 287 size: 20 bs: 0.142325
85 189 198 201 635 675 747 788 1413 2093 2202 2484 2791 2944 3978 4199 5339 5823 6015 6317 
#module 288 size: 12 bs: 0.287259
120 1917 2172 2628 2778 3512 3629 3737 4226 4436 5313 5878 
#module 289 size: 7 bs: 0.274869
2704 4107 4777 5291 5701 5908 6825 
#module 290 size: 11 bs: 0.587656
342 1628 2154 2504 3631 3901 4492 4693 4751 5790 5930 
#module 291 size: 49 bs: 0.208777
113 466 777 1054 1193 1266 1388 1763 2059 2129 2321 2496 2583 2649 2805 3099 3136 3353 3418 3603 3655 3804 3831 3854 3905 3941 3958 4016 4076 4168 4443 4626 4627 4822 4836 4911 4912 4978 5124 5175 5525 5644 5981 6073 6388 6552 6709 6724 6816 
#module 292 size: 12 bs: 0.61744
519 1508 1635 1741 2225 3301 4731 5143 5144 5329 5704 6480 
#module 293 size: 19 bs: 0.140988
439 716 1396 1437 1562 1943 2279 2485 2760 2880 3303 3449 3887 4554 4906 5013 5164 5676 6743 
#module 294 size: 12 bs: 0.662832
1219 1786 1812 2011 2453 3878 3924 4398 5147 5484 6116 6617 
#module 295 size: 7 bs: 0.414382
96 1482 1728 1972 4505 5718 6913 
#module 296 size: 20 bs: 0.180553
414 444 731 813 828 994 1069 1510 1533 1737 2209 2641 2785 2832 2973 3251 3295 3633 4535 5608 
#module 297 size: 17 bs: 0.824839
571 1338 1682 2169 2355 2671 2686 3784 4167 4193 4413 4627 5324 5424 5933 5958 6569 
#module 298 size: 26 bs: 0.20789
594 608 712 954 1071 1150 1375 1711 1734 1784 1789 1941 2221 2525 2545 2817 3203 3255 3287 3391 3490 3523 3741 3935 5247 6849 
#module 299 size: 61 bs: 0.619815
43 97 270 350 499 711 893 935 1047 1097 1142 1164 1237 1332 1475 1501 1512 1558 1967 1989 2072 2229 2323 2328 2332 2534 2607 3069 3091 3097 3155 3392 3458 3727 4004 4122 4319 4453 4479 4657 4699 4713 4790 4867 5036 5084 5315 5321 5552 5588 5615 5739 5791 6029 6138 6285 6294 6399 6481 6605 6923 
#module 300 size: 6 bs: 0.681726
1839 2876 4010 4907 5422 6886 
#module 301 size: 12 bs: 0.112788
473 1118 1261 1634 2552 2610 2949 3333 4119 5421 6383 6682 
#module 302 size: 8 bs: 1.02036
1137 2714 3601 4589 5416 5675 6796 6856 
#module 303 size: 11 bs: 0.564529
2186 3074 3108 3151 3235 3412 4108 4609 5403 5719 5851 
#module 304 size: 9 bs: 1.03178
875 1473 1687 2027 2215 2662 2703 4700 4765 
#module 305 size: 27 bs: 0.204563
287 1353 1740 1927 2073 2088 2162 2198 2281 2489 2722 3028 3070 3111 3294 3328 3949 3962 4610 4688 4983 4999 5227 6331 6499 6686 6702 
#module 306 size: 6 bs: 0.112172
9 102 818 2967 3346 4467 
#module 307 size: 4 bs: 0.381382
1618 3427 3626 5598 
#module 308 size: 9 bs: 0.129522
856 1024 1459 3822 5689 5809 6055 6711 6908 
#module 309 size: 7 bs: 1.00923
226 522 1306 1658 1811 5331 6157 
#module 310 size: 11 bs: 0.758387
73 635 2181 2404 2863 3423 3571 4006 4375 5573 6092 
#module 311 size: 9 bs: 1.08162
9 803 1687 1981 3506 4192 5591 6693 6827 
#module 312 size: 10 bs: 0.693978
1433 1961 2324 3089 3515 3672 5033 5347 5504 5876 
#module 313 size: 4 bs: 0.619106
3010 3641 4440 6813 
#module 314 size: 11 bs: 0.909011
176 735 1957 3440 3580 3765 3981 5167 6135 6189 6386 
#module 315 size: 19 bs: 1.02802
134 173 240 590 721 880 934 955 981 1870 2099 2165 2444 2819 3042 3586 3914 4556 6694 
#module 316 size: 16 bs: 0.356014
268 1133 1189 1874 2025 2109 2221 2790 3026 3147 3410 3510 4083 4438 6662 6667 
#module 317 size: 33 bs: 0.819101
55 459 1043 1171 1617 1851 1927 2369 2531 2633 2878 2933 3018 3168 3292 3377 3439 3649 3923 3955 4269 4291 4539 4576 4637 4827 4955 5109 5280 5456 5581 5912 6425 
#module 318 size: 20 bs: 0.320914
46 812 1084 1350 1920 1997 2150 2414 2614 3140 3447 3532 4141 4365 4426 4581 4733 4987 5015 5856 
#module 319 size: 17 bs: 0.931793
505 709 909 1663 2035 2106 2191 2301 2521 2598 3319 3677 4677 4798 5265 5546 6137 
#module 320 size: 10 bs: 0.340282
348 740 1712 1830 1895 4037 4280 4956 5840 6769 
#module 321 size: 10 bs: 0.893549
214 304 683 2716 2734 3495 4139 4238 4271 5221 
#module 322 size: 18 bs: 0.470183
38 360 478 683 1337 1505 1584 1723 2208 2249 2892 2992 3693 3695 4139 5262 5270 6355 
#module 323 size: 7 bs: 0.44338
68 384 528 1356 1781 6592 6777 
#module 324 size: 10 bs: 0.158843
313 407 1908 1960 2340 4343 5072 5926 6224 6879 
#module 325 size: 89 bs: 0.320749
20 45 67 255 338 402 439 502 551 718 804 913 921 988 995 1077 1129 1176 1211 1267 1274 1428 1574 1689 1698 1718 1726 1796 1818 1836 1882 1932 2042 2140 2216 2308 2432 2508 2545 2549 2829 2865 2900 3033 3142 3167 3241 3327 3523 3539 3894 3919 4111 4136 4369 4379 4499 4516 4518 4527 4648 4708 4738 4832 4970 5057 5068 5246 5355 5606 5619 5632 5662 5817 5861 5887 6005 6018 6124 6136 6293 6296 6346 6363 6404 6440 6641 6832 6858 
#module 326 size: 6 bs: 0.968727
869 1660 2987 3223 3318 4132 
#module 327 size: 11 bs: 0.566468
970 1329 3729 4287 4793 5125 5145 5437 6261 6584 6673 
#module 328 size: 13 bs: 0.284762
136 563 956 1735 1755 1971 2430 3826 3867 3932 4825 5849 6766 
#module 329 size: 8 bs: 0.212331
1254 1729 2147 2216 2251 3614 3792 6374 
#module 330 size: 6 bs: 1.04598
3096 3198 3526 3891 4900 5901 
#module 331 size: 6 bs: 1.06109
1549 2101 2692 3166 4524 4813 
#module 332 size: 5 bs: 0.769576
184 1581 2240 2480 4864 
#module 333 size: 19 bs: 0.357156
647 1143 1968 2290 2315 2532 2536 2848 3370 3621 3906 4171 4407 4504 4926 5159 5303 6523 6678 
#module 334 size: 128 bs: 0.188246
114 159 325 359 382 451 621 643 790 805 823 850 890 894 916 932 958 980 1253 1283 1297 1399 1515 1516 1551 1630 1747 1769 1779 1878 1897 1950 1975 1980 1984 1985 2012 2089 2129 2211 2244 2254 2334 2439 2455 2502 2572 2611 2654 2680 2687 2702 2730 2760 2799 2833 2938 3005 3146 3176 3256 3281 3326 3337 3364 3389 3441 3474 3700 3953 3998 4131 4155 4272 4294 4295 4307 4341 4381 4388 4399 4404 4430 4568 4899 4950 4966 5008 5042 5066 5071 5079 5173 5182 5213 5335 5466 5511 5542 5587 5679 5686 5717 5763 5831 5836 5846 5888 5892 5945 6031 6089 6093 6168 6190 6217 6240 6252 6307 6338 6353 6463 6563 6624 6665 6895 6903 6906 
#module 335 size: 6 bs: 0.737355
1614 3170 3589 4338 5423 5993 
#module 336 size: 41 bs: 0.389502
109 254 513 525 831 1203 1319 1872 1968 1995 2106 2176 2295 2391 2401 2505 2566 2572 2622 2709 2887 3081 3110 3248 3364 3390 3557 3656 3869 3994 4059 4096 4430 4530 4770 5430 5574 5846 6089 6153 6860 
#module 337 size: 38 bs: 0.361409
212 231 462 595 636 971 1033 1282 1417 1730 1944 2231 2262 2268 2348 2446 2465 2515 2539 2581 2839 3359 3444 3679 3921 4106 4175 4312 4569 4664 4824 4889 5010 5634 5955 6105 6199 6469 
#module 338 size: 10 bs: 0.717093
576 1412 1571 2224 3238 3559 3647 4821 4853 6655 
#module 339 size: 5 bs: 0.226691
1181 1225 1305 3524 4872 
#module 340 size: 3 bs: 0.762432
1102 3180 5371 
#module 341 size: 8 bs: 0.169687
950 1404 2863 5494 5565 5700 6207 6429 
#module 342 size: 7 bs: 1.00836
411 2393 2889 3222 5594 5826 6172 
#module 343 size: 33 bs: 0.763756
388 396 459 727 1213 1477 1679 2495 2729 2816 3243 3438 3834 4178 4291 4603 4949 4955 5050 5172 5340 5375 5920 5933 5980 6292 6411 6491 6551 6627 6661 6731 6800 
#module 344 size: 32 bs: 0.865832
136 294 372 509 1144 1443 1609 1624 2243 2345 2517 2520 2787 2813 2836 2900 3275 3625 3706 3794 4082 4532 5401 5488 5609 5779 6096 6362 6588 6659 6804 6855 
#module 345 size: 17 bs: 0.960892
1118 1809 1949 1988 1995 2176 2218 2796 2852 3248 3557 4027 4663 5193 5579 5759 6895 
#module 346 size: 17 bs: 1.0008
175 373 549 593 653 1643 2118 2688 3210 4392 5005 5531 6114 6604 6635 6651 6744 
#module 347 size: 14 bs: 0.451182
195 367 429 633 930 1278 1450 2471 3165 3279 3691 4493 4499 6206 
#module 348 size: 8 bs: 0.778507
64 708 1076 1183 2387 4656 6144 6736 
#module 349 size: 21 bs: 0.761335
617 743 760 822 1270 1704 1884 2255 2331 3377 3830 3989 4095 4104 4762 4812 5232 5711 5909 6277 6645 
#module 350 size: 8 bs: 0.415957
365 1385 3806 3918 4740 5984 6398 6586 
#module 351 size: 32 bs: 0.252734
39 183 303 326 800 821 1939 1954 2447 2508 2638 2711 2818 2844 3153 3754 4081 4219 4983 5052 5156 5190 5363 5379 5605 5662 5928 6130 6380 6668 6769 6816 
#module 352 size: 10 bs: 0.187713
474 872 2362 3476 3963 5339 5528 6320 6497 6549 
#module 353 size: 13 bs: 0.685244
130 681 703 806 1017 1744 2019 3833 4172 4979 5253 5808 6614 
#module 354 size: 14 bs: 0.877828
586 816 1279 1649 2039 2284 3478 3824 4377 4786 5515 6034 6076 6356 
#module 355 size: 4 bs: 0.965709
2408 3002 3499 4763 
#module 356 size: 10 bs: 0.502146
530 719 941 2533 3512 4782 5357 5408 5494 5664 
#module 357 size: 10 bs: 0.488558
751 869 1058 2574 2585 3342 3421 3885 4905 6922 
#module 358 size: 22 bs: 0.672281
299 603 637 748 1158 1437 1653 1754 1993 2041 2527 3090 3206 3658 3820 4086 4468 4509 5366 5939 6164 6432 
#module 359 size: 9 bs: 0.283555
32 1058 2808 3250 3825 4019 4366 6103 6876 
#module 360 size: 9 bs: 0.56768
1302 1362 1509 1792 3261 4833 5451 6025 6554 
#module 361 size: 44 bs: 0.446715
27 321 470 573 692 1037 1127 1309 1365 1534 1616 1743 1824 1845 2108 2155 2625 2733 2786 3049 3088 3388 3635 3668 3852 4085 4598 4737 4866 4998 5163 5210 5362 5383 5491 5516 5538 6043 6126 6216 6385 6615 6677 6872 
#module 362 size: 18 bs: 0.770817
493 1294 1548 1913 1946 2221 2309 2318 2395 2751 3264 4435 4795 5034 5431 5518 5923 6013 
#module 363 size: 12 bs: 1.02687
105 208 1835 2119 2452 3228 4444 4613 5626 6042 6044 6531 
#module 364 size: 9 bs: 0.616948
530 2995 5054 5135 5348 5382 6181 6478 6885 
#module 365 size: 8 bs: 0.626362
810 1308 1377 4405 4676 5233 5967 6238 
#module 366 size: 10 bs: 0.661712
332 365 3571 3663 4006 4019 4423 4773 5927 5944 
#module 367 size: 7 bs: 0.400098
1119 1273 2540 4126 4528 4860 6107 
#module 368 size: 14 bs: 0.437314
47 106 189 310 1591 2044 2673 3035 3936 4173 4967 4988 5373 6919 
#module 369 size: 13 bs: 0.36562
819 928 1537 1820 2497 2580 4006 4015 4424 4815 5118 5288 5939 
#module 370 size: 21 bs: 0.569211
169 312 599 768 778 1644 3122 3496 4203 4695 5231 5554 5751 6347 6379 6421 6489 6547 6576 6792 6859 
#module 371 size: 7 bs: 0.987132
732 3045 3224 3374 3605 3658 3730 
#module 372 size: 23 bs: 1.04798
285 541 888 986 1131 1685 1860 1928 2375 3367 3724 4005 4084 4484 4503 4986 5178 5248 5644 6166 6364 6689 6811 
#module 373 size: 10 bs: 0.246248
1898 1998 2557 3745 4067 4335 4541 5480 5680 6122 
#module 374 size: 8 bs: 0.875226
72 1365 1554 2191 3267 3445 6231 6601 
#module 375 size: 12 bs: 0.859757
177 761 1170 2575 3183 3431 4355 4570 5385 6187 6260 6362 
#module 376 size: 12 bs: 0.238478
94 276 1759 1786 1949 3375 3684 4403 5441 6439 6443 6619 
#module 377 size: 8 bs: 0.9268
630 2339 3128 3676 4776 4794 5745 5954 
#module 378 size: 13 bs: 0.631907
510 701 915 1160 2361 2594 3185 3394 3850 5393 5576 6234 6862 
#module 379 size: 19 bs: 0.252638
566 655 666 1015 1138 1174 1281 1432 2066 3263 3386 4297 4402 4816 4930 4972 5011 5099 6873 
#module 380 size: 9 bs: 0.767277
597 2658 2681 3971 4454 4564 4849 5841 6695 
#module 381 size: 6 bs: 1.03854
632 1575 4102 4555 5007 6796 
#module 382 size: 14 bs: 0.890304
572 636 1322 2523 2650 3310 3519 3725 3893 4964 5001 5037 5078 5339 
#module 383 size: 26 bs: 0.399937
716 1433 1437 1625 1867 2123 2157 2179 2584 2833 3017 3023 3417 3520 3521 3593 3636 3734 4041 4252 4712 5116 5366 5852 6007 6590 
#module 384 size: 28 bs: 0.569437
33 71 227 267 565 822 1386 1646 1936 2538 3044 3194 3830 3875 4158 4361 4367 4852 4868 4954 4959 5171 5524 5631 5986 6150 6509 6650 
#module 385 size: 8 bs: 0.733229
1339 1748 1853 1901 3849 4263 4715 4768 
#module 386 size: 37 bs: 0.130577
158 167 645 660 676 691 801 1893 1985 2096 2149 2248 2609 2630 2870 3037 3104 3253 3333 3452 3713 4534 4545 4775 4806 5568 5620 5694 5746 5949 6175 6209 6431 6697 6740 6835 6877 
#module 387 size: 11 bs: 1.05581
17 112 311 503 938 940 1025 1856 2991 4544 6038 
#module 388 size: 30 bs: 0.124128
216 268 329 495 669 769 799 881 1007 1395 1400 1629 1790 1909 1921 2055 2573 2617 3094 3143 3173 4209 4416 4796 4934 6225 6326 6660 6741 6771 
#module 389 size: 13 bs: 0.806759
369 1335 2432 2601 2945 2958 3027 3403 3723 3781 4780 5032 6237 
#module 390 size: 19 bs: 0.118333
78 1324 1369 1792 2198 2405 2438 2996 3681 4006 4811 4839 5432 5654 5730 6085 6362 6486 6885 
#module 391 size: 44 bs: 0.964049
42 156 348 443 477 657 1316 1357 1617 1619 1765 2136 2211 2369 2427 2479 2633 2836 2983 3055 3072 3168 3208 3647 3699 3777 3955 4161 4624 4691 4874 5109 5200 5354 5446 5534 5728 6010 6018 6339 6516 6518 6647 6812 
#module 392 size: 8 bs: 0.503429
2007 2788 3216 4922 5419 5963 6716 6779 
#module 393 size: 21 bs: 0.514885
467 1051 1675 2364 2401 2652 2856 2902 2971 3339 3434 3630 3683 3948 4149 4616 5623 5643 5847 6325 6484 
#module 394 size: 40 bs: 0.645744
121 464 1000 1101 1214 1277 1289 1423 1486 1607 1776 1863 1990 2136 2260 2304 2401 2462 2652 2956 2986 3059 3577 3661 3980 4017 4208 4268 4285 4408 4938 5328 5395 5569 5627 5735 6184 6254 6780 6891 
#module 395 size: 24 bs: 1.08257
42 260 1234 1836 2069 2320 2382 2387 2556 2560 2815 3064 3184 3402 3554 3890 4008 4424 4758 5024 5559 5707 6528 6741 
#module 396 size: 15 bs: 1.02743
476 638 763 1178 1787 1903 1976 2279 2493 2966 3529 3594 3739 4345 5369 
#module 397 size: 94 bs: 0.205218
48 145 146 178 388 607 647 677 729 1171 1196 1259 1264 1282 1342 1593 1661 1676 1807 1815 1874 2004 2009 2076 2130 2218 2226 2241 2265 2301 2341 2420 2423 2458 2514 2620 2627 2629 2830 2842 2856 2990 3087 3152 3173 3178 3449 3572 3585 3624 3732 3745 3804 3913 3970 3999 4017 4067 4111 4120 4138 4207 4504 4557 4820 4836 4842 4846 4851 4861 4874 5003 5150 5154 5378 5458 5499 5540 5579 5759 6163 6223 6331 6343 6346 6357 6419 6507 6518 6575 6627 6646 6666 6895 
#module 398 size: 30 bs: 0.961915
108 1147 1282 1433 1908 1963 2040 2069 2602 2680 2962 3285 3296 4026 4207 4392 4424 4466 4475 4529 4878 4969 5024 5606 5989 6134 6279 6528 6601 6603 
#module 399 size: 34 bs: 0.785745
188 202 390 813 825 897 1198 1383 1405 1576 1982 2663 2736 2759 2773 2932 2972 2980 3078 3533 3835 4157 4896 5359 6094 6110 6195 6227 6282 6327 6408 6595 6785 6878 
#module 400 size: 16 bs: 1.01997
117 521 724 1190 1409 1431 1758 2273 2347 3020 3731 4439 4916 6082 6262 6612 
#module 401 size: 24 bs: 0.163467
283 387 481 555 937 1556 2386 2903 3071 3132 3535 3636 3712 4304 4470 4832 5450 5503 5551 5562 6000 6099 6121 6643 
#module 402 size: 40 bs: 0.956026
279 436 534 717 1288 1588 1910 1964 2593 2828 2978 3050 3086 3125 3195 3970 3976 4017 4092 4134 4164 4208 4247 4268 4274 4304 4323 4415 4906 4939 5096 5122 5197 5328 5628 6048 6073 6342 6504 6806 
#module 403 size: 76 bs: 0.957773
4 186 279 298 305 334 392 432 463 482 483 495 620 685 777 808 931 1251 1659 1827 1966 1990 2179 2207 2280 2302 2324 2600 2606 2831 2833 2878 2898 3079 3116 3132 3177 3418 3441 3522 3560 3575 3708 3817 3838 4101 4135 4389 4459 4515 4517 4558 4577 4712 4880 4962 5085 5116 5134 5356 5402 5571 5628 5737 5898 5914 5934 6028 6244 6423 6504 6541 6590 6664 6724 6817 
#module 404 size: 29 bs: 0.98197
202 306 574 618 952 1166 1424 1491 1934 2003 2164 2368 2449 2731 2744 2932 2980 3215 3378 3380 4011 5088 5314 5625 5921 5938 5996 6110 6785 
#module 405 size: 6 bs: 0.750675
854 2125 2521 3899 5058 6390 
#module 406 size: 6 bs: 0.365366
1563 1683 2982 4184 4320 4383 
#module 407 size: 13 bs: 1.02026
66 385 439 1393 2486 2577 2674 3121 4056 4091 4336 4460 4888 
#module 408 size: 14 bs: 1.0024
57 103 449 1691 1876 3357 3699 3847 4110 4520 5650 5865 6026 6723 
#module 409 size: 7 bs: 0.982231
610 921 2029 2219 4358 5053 5941 
#module 410 size: 17 bs: 0.633442
91 260 357 1365 2060 3576 4064 4368 4951 5272 5558 5886 5951 6272 6389 6636 6773 
#module 411 size: 7 bs: 0.884355
192 1552 3141 4331 4635 5136 5205 
#module 412 size: 7 bs: 0.434721
2336 2551 3993 4914 5370 5722 6680 
#module 413 size: 7 bs: 0.258254
161 997 1072 3903 5076 6046 6075 
#module 414 size: 13 bs: 0.561769
253 733 886 1579 1669 2056 2432 2559 3061 4162 4242 5504 5611 
#module 415 size: 148 bs: 0.378128
87 204 251 301 309 316 395 397 430 432 481 494 538 766 826 868 937 967 984 1042 1050 1113 1241 1243 1256 1259 1266 1286 1291 1388 1400 1556 1588 1638 1731 1742 1790 1806 1848 1904 1909 2012 2076 2158 2263 2265 2280 2296 2371 2428 2475 2492 2584 2596 2637 2676 2742 2776 2792 2830 2845 2869 2874 2877 2905 2933 3046 3095 3136 3160 3167 3173 3175 3211 3218 3226 3273 3477 3505 3527 3544 3665 3703 3732 3826 3917 3941 3959 3973 3984 4017 4207 4208 4209 4268 4304 4308 4378 4410 4428 4439 4443 4450 4451 4462 4573 4665 4778 4792 4824 4843 4874 4892 5003 5127 5128 5152 5197 5218 5227 5490 5543 5577 5581 5716 5959 6002 6005 6010 6015 6064 6065 6081 6121 6149 6283 6354 6364 6368 6425 6433 6459 6520 6602 6661 6666 6708 6753 
#module 416 size: 24 bs: 0.68441
83 524 1109 1226 1651 1722 1779 1827 1838 2124 2139 2196 2462 2927 3539 4049 4391 4459 4629 5218 5513 5737 5914 6271 
#module 417 size: 37 bs: 0.321594
323 398 459 799 989 1079 1257 1547 1918 1961 1986 2137 2324 2468 2612 2800 2801 3156 3323 3369 3619 3640 3892 4391 4428 4530 4782 4787 4874 4898 4958 4974 5530 5629 6010 6269 6738 
#module 418 size: 21 bs: 0.104141
40 745 791 1694 1738 2543 2578 3143 3503 4147 4397 4462 4497 4736 4874 5677 5716 6229 6452 6456 6471 
#module 419 size: 5 bs: 0.776693
2376 2411 3992 4455 5094 
#module 420 size: 14 bs: 0.599269
960 1199 1426 1583 1721 1996 2079 2811 3291 3577 3823 4997 5676 5773 
#module 421 size: 5 bs: 0.995719
485 751 1118 1931 2950 
#module 422 size: 14 bs: 0.133559
599 966 1262 1887 2632 2700 3029 3597 4163 4180 5261 6075 6456 6740 
#module 423 size: 44 bs: 0.645385
51 87 338 598 601 637 769 820 1158 1259 1427 1467 1669 1716 1911 1993 2015 2043 2057 2060 2187 2339 2475 2728 2839 3000 3709 3762 3848 3889 4431 4841 4893 5024 5244 5399 5456 5696 5956 6020 6319 6434 6667 6753 
#module 424 size: 6 bs: 0.296332
226 631 1914 3276 3529 4858 
#module 425 size: 32 bs: 0.341665
129 260 570 654 817 956 1085 1158 1607 1665 2430 3168 3502 3830 3867 3977 4092 4151 4269 4277 4615 5086 5141 5861 6103 6425 6467 6501 6527 6648 6724 6806 
#module 426 size: 17 bs: 0.249569
20 1848 2017 2416 2571 2866 3136 3373 3514 3827 4419 4481 4936 5389 5440 5509 6455 
#module 427 size: 13 bs: 0.237384
973 1225 3285 3385 3651 3972 4112 4660 4705 5018 5589 6581 6910 
#module 428 size: 8 bs: 0.303878
688 2122 2777 3179 3430 4767 5702 5961 
#module 429 size: 13 bs: 0.80665
116 835 991 1361 2206 2491 3671 4331 4496 6275 6393 6409 6555 
#module 430 size: 23 bs: 0.159695
361 575 1122 1621 1844 1912 2144 2209 2352 2919 3013 3129 3387 3652 4630 4672 4980 5465 5481 5896 5966 5979 6544 
#module 431 size: 14 bs: 0.449989
375 465 658 1217 1868 1974 2170 2183 2586 2620 3622 4340 6165 6626 
#module 432 size: 20 bs: 0.535306
49 211 567 589 722 1709 1951 2786 3436 3443 3816 3857 4229 4356 4565 5958 6012 6079 6226 6358 
#module 433 size: 7 bs: 0.769879
1663 1813 1846 2020 2472 4128 5556 
#module 434 size: 20 bs: 0.23711
842 1745 1788 3112 3217 3479 3742 3786 3961 4045 5269 5274 5502 5830 5975 6493 6688 6783 6784 6888 
#module 435 size: 14 bs: 0.620728
817 1514 1544 2435 2822 2963 3365 3868 4641 4804 5550 5754 6011 6715 
#module 436 size: 70 bs: 0.183852
36 237 242 420 550 591 616 711 787 834 864 948 990 1047 1095 1142 1187 1301 1434 1442 1506 1519 1668 1674 1805 1923 1989 2128 2160 2288 2795 2964 3057 3145 3186 3379 3401 3705 3991 4123 4186 4204 4210 4256 4457 4699 4720 4729 4759 4823 4834 5027 5131 5228 5367 5372 5527 5615 5649 5760 5764 5825 5991 6118 6146 6160 6270 6295 6605 6883 
#module 437 size: 29 bs: 0.557503
76 219 278 584 697 983 1016 1078 1479 1750 2238 2294 2893 3011 3300 3345 3607 5153 5282 5298 5464 5486 5533 6070 6170 6369 6375 6538 6776 
#module 438 size: 122 bs: 0.748895
19 23 70 243 282 287 362 408 482 489 598 609 761 849 1173 1184 1366 1414 1420 1594 1706 1765 1788 1796 1804 1828 1849 1991 2024 2047 2061 2064 2071 2110 2276 2380 2410 2471 2475 2535 2653 2656 2660 2678 2685 2698 2757 2854 2873 3080 3134 3147 3246 3266 3278 3326 3363 3393 3450 3472 3485 3494 3525 3590 3692 3745 3812 3828 3842 3865 4150 4181 4214 4237 4314 4366 4494 4525 4588 4601 4659 4710 4752 4756 4860 4871 4884 5047 5048 5051 5056 5162 5185 5214 5307 5323 5364 5397 5452 5457 5532 5602 5607 5781 5797 5803 5960 5968 5992 5998 6022 6041 6047 6186 6213 6432 6462 6482 6570 6573 6692 6725 
#module 439 size: 17 bs: 0.508222
45 70 716 1194 2135 2137 2582 2944 3004 3083 3884 4205 4235 5132 5575 6086 6524 
#module 440 size: 36 bs: 0.690197
358 487 600 1212 1435 1531 1545 1642 1742 1866 1933 1992 2070 2496 3197 3517 3718 3853 3958 4144 4168 4414 4501 4561 4578 4620 4757 4885 5296 5410 5897 6027 6063 6388 6548 6889 
