#module 0 size: 2 bs: 0.000333056
355 11112 
#module 1 size: 8 bs: 1.44869e-05
1313 2621 2789 4632 7493 8490 9308 9593 
#module 2 size: 3 bs: 1.03499e-05
637 972 10292 
#module 3 size: 6 bs: 1.56042e-09
1274 1275 1648 2955 4294 6652 
#module 4 size: 5 bs: 1.6196e-101
6848 7235 9548 11372 11639 
#module 5 size: 2 bs: 1.47641e-09
8967 11206 
#module 6 size: 15 bs: 0.00980595
1087 2711 2898 3412 4194 4646 5069 5156 5191 6116 6195 6291 6766 10875 11551 
#module 7 size: 4 bs: 3.32731e-11
100 8601 9871 10249 
#module 8 size: 6 bs: 6.14465e-101
3817 4587 5099 6617 8412 8860 
#module 9 size: 7 bs: 3.13083e-13
1003 2789 4914 5673 6809 8708 11171 
#module 10 size: 3 bs: 0.00177169
1532 4578 5346 
#module 11 size: 2 bs: 1.9714e-101
5058 5064 
#module 12 size: 2 bs: 0.00357591
6071 10145 
#module 13 size: 2 bs: 8.00031e-05
692 10296 
#module 14 size: 3 bs: 9.56582e-101
804 3576 5131 
#module 15 size: 3 bs: 9.99201e-16
3978 4185 7592 
#module 16 size: 3 bs: 6.11951e-09
5159 5698 8624 
#module 17 size: 6 bs: 0.000358684
859 3867 4222 8392 8393 10079 
#module 18 size: 5 bs: 1.60992e-10
977 2055 5360 6365 11261 
#module 19 size: 6 bs: 4.53325e-05
2070 2101 4170 6377 7809 12492 
#module 20 size: 4 bs: 1.65967e-12
2145 2801 3397 6229 
#module 21 size: 2 bs: 3.45586e-10
7524 7525 
#module 22 size: 7 bs: 1.72384e-06
7190 7509 7688 9027 9239 10445 11019 
#module 23 size: 7 bs: 0.00751374
1358 3582 3583 6820 9034 9373 11117 
#module 24 size: 7 bs: 1.29604e-11
997 1499 7728 8254 8492 9002 10137 
#module 25 size: 3 bs: 9.79614e-06
1734 2615 4163 
#module 26 size: 12 bs: 7.20474e-06
2418 3431 7498 7563 8887 8916 9415 9429 10047 10108 10156 10181 
#module 27 size: 8 bs: 9.82818e-101
2819 6316 7792 7793 7996 8812 9048 9682 
#module 28 size: 21 bs: 5.35057e-101
1433 3827 3837 4168 4172 4693 5420 5604 5694 5702 6082 6144 6166 6692 7057 7453 7773 8079 9389 9942 10223 
#module 29 size: 7 bs: 1.24345e-13
211 2089 3459 5708 6983 11142 11152 
#module 30 size: 4 bs: 0.000165693
8437 8935 9173 9178 
#module 31 size: 7 bs: 1.50288e-101
2109 2785 3301 4420 4782 9578 10461 
#module 32 size: 10 bs: 6.39842e-101
694 1182 2462 2835 4811 6132 6719 9226 9884 11410 
#module 33 size: 9 bs: 0.0255053
1690 2423 4096 4571 4572 7514 7913 7914 8728 
#module 34 size: 10 bs: 3.18204e-06
2870 3240 3424 3954 4035 7462 7926 10014 10622 12995 
#module 35 size: 6 bs: 2.87127e-08
2559 3262 3837 5694 6944 7491 
#module 36 size: 4 bs: 6.62918e-08
3403 11049 11687 11688 
#module 37 size: 55 bs: 4.88255e-101
10 36 375 578 834 1182 1295 1513 1613 1647 1926 2035 2289 2456 2759 2766 2882 2915 3219 3603 4282 4584 4719 4746 4829 4978 5076 5107 5110 5422 5425 5591 5802 6132 6349 7288 7634 8302 8439 8478 8714 8761 9624 9708 9808 9884 9921 9986 10190 10343 10684 10887 11106 12716 12782 
#module 38 size: 13 bs: 9.9486e-101
1980 2137 2758 3565 5336 5438 5951 7013 7420 7822 7826 9712 10309 
#module 39 size: 5 bs: 1.53053e-101
1535 2421 7041 8529 12613 
#module 40 size: 11 bs: 3.14251e-05
217 309 918 1345 1864 2432 2710 4575 7189 7745 9596 
#module 41 size: 7 bs: 0.00489229
1552 2735 2788 7491 9644 12972 13006 
#module 42 size: 17 bs: 0.00126691
951 1287 1289 2389 3502 4006 4292 5949 6295 7544 9367 9512 10388 10624 10845 11092 11456 
#module 43 size: 35 bs: 0.864928
181 467 934 1703 2516 3175 3921 4014 4064 4142 4360 4450 4876 4908 5412 5470 6408 6764 7008 7043 7274 7299 8274 8728 9167 9214 9936 10234 10300 10469 10549 10659 10826 10902 12575 
#module 44 size: 15 bs: 0.280878
1376 1714 2147 2371 2741 3348 3544 3559 4868 5962 7559 8195 8440 8590 11011 
#module 45 size: 7 bs: 0.222207
704 3260 6107 6623 7788 9544 12447 
#module 46 size: 9 bs: 0.339252
302 364 1707 4926 7327 7654 9813 11556 12475 
#module 47 size: 89 bs: 0.149982
51 121 257 308 413 506 507 556 563 655 1072 1102 1285 1297 1524 1661 1896 1975 2019 2023 2061 2063 2370 2463 2483 2599 2616 2630 2822 2851 3312 3332 3333 3510 3918 3936 3958 3986 3990 4053 4070 4432 4682 5450 5451 5478 5647 5863 5995 6070 6106 6130 6433 6442 6474 7169 7216 7264 7346 7480 7533 7556 7644 8139 8158 8277 8487 8668 8678 8744 8820 8941 9079 9120 9547 9743 10132 10174 10267 10472 10504 10582 10800 10874 10885 11340 11445 11660 12515 
#module 48 size: 6 bs: 1.03669
428 451 1226 1656 4676 4766 
#module 49 size: 9 bs: 0.327468
317 2267 4472 4524 4604 6167 6586 6964 8545 
#module 50 size: 14 bs: 0.964856
528 611 1908 2180 3463 4558 5003 5997 6231 7635 7672 8541 10929 10957 
#module 51 size: 17 bs: 0.745666
828 1320 1876 1902 2090 2194 2391 2991 2992 3160 4323 6621 8581 9523 11261 11513 11883 
#module 52 size: 12 bs: 0.426699
715 2554 3470 3996 4534 5212 5661 6155 6684 7331 8424 8720 
#module 53 size: 27 bs: 1.02216
226 1908 2139 2180 2387 2858 4558 5017 5345 5684 5695 5876 6093 6100 6231 6688 6870 6871 8224 8330 8956 9960 10869 10957 12264 12602 12953 
#module 54 size: 19 bs: 0.449622
947 1208 1865 3569 3810 4246 4454 5633 7011 8154 8331 8680 9164 9399 9555 10704 10883 12019 13006 
#module 55 size: 38 bs: 1.09121
188 360 516 596 721 2287 2444 2633 2650 2971 3113 3180 3736 3748 3780 4227 4683 4884 5112 5674 5691 5780 6266 6340 6664 6935 7010 7056 7181 7819 8389 8690 8755 8991 9611 10291 10551 11545 
#module 56 size: 7 bs: 0.781485
3 446 608 2409 5623 7801 9408 
#module 57 size: 9 bs: 0.794366
186 927 1698 2058 3734 4715 10281 10286 11595 
#module 58 size: 17 bs: 0.19785
161 232 824 1522 1549 3721 4162 4407 5766 6815 6957 7522 7984 9165 10356 11388 11556 
#module 59 size: 103 bs: 0.167925
124 127 131 375 377 774 865 1276 1664 1721 1785 1879 1926 1929 2027 2069 2122 2187 2291 2467 2766 2825 2915 2927 2951 3219 3280 3351 3395 3410 3468 3603 3648 3718 3767 4584 4593 4651 4670 4713 4719 4746 4753 4915 4978 5107 5109 5110 5198 5348 5350 5397 5591 5968 6227 6307 6321 6345 6347 6549 6724 7210 7536 7550 7640 7728 8397 8402 8439 8499 8593 8616 8714 8810 8929 8992 9030 9052 9382 9394 9483 9679 9700 9708 9808 9830 10021 10190 10226 10242 10684 10715 10753 10765 10965 11106 11125 11711 11814 12609 12678 12873 12937 
#module 60 size: 45 bs: 0.765232
34 106 119 244 474 542 950 1099 1246 1294 1717 2761 4201 4412 4474 4612 4672 4952 4986 5061 5573 5653 5921 6233 6290 6341 6400 6892 7037 7350 7639 8071 8191 9185 9447 9667 9669 10035 10080 10106 10691 10939 10971 11209 11582 
#module 61 size: 10 bs: 0.571062
727 827 2004 2174 3908 6098 6723 7402 8559 12293 
#module 62 size: 12 bs: 0.886326
2888 3186 3576 3841 4920 5179 5428 6514 8672 8853 9212 9262 
#module 63 size: 13 bs: 0.416026
2039 2941 3744 3771 4037 4508 5341 6526 6586 8565 8892 9071 9825 
#module 64 size: 18 bs: 1.0496
254 925 2109 2139 3226 3962 5033 6157 6279 6617 6623 6716 6718 6727 7635 8860 10866 12953 
#module 65 size: 5 bs: 0.299138
256 2176 4171 5154 8195 
#module 66 size: 6 bs: 0.904255
5826 5981 5987 7563 9891 11446 
#module 67 size: 15 bs: 0.745111
327 2837 2952 2969 3627 3636 3646 3684 5430 6097 6155 6491 6828 9791 9876 
#module 68 size: 5 bs: 0.593851
1505 1587 10460 10568 11696 
#module 69 size: 17 bs: 0.22175
1007 1892 2182 2929 3418 4843 4910 5633 5963 6382 7135 7227 7707 8069 8420 8734 10196 
#module 70 size: 16 bs: 0.532575
486 990 4372 5364 5470 5482 6408 6731 7202 7299 7531 7902 8982 9167 10191 10549 
#module 71 size: 20 bs: 0.750836
260 432 508 2844 3507 3690 4763 6038 6100 6230 6604 6727 6909 8263 8265 8412 8957 9073 11114 12953 
#module 72 size: 9 bs: 0.902221
1567 1729 4244 4540 4966 6181 7391 7684 8628 
#module 73 size: 31 bs: 0.817722
109 548 1052 1169 1197 1344 1662 2598 2652 3370 3442 3475 3800 4303 4630 4774 4775 5057 5489 5538 5783 5792 6198 7199 7519 8190 9441 10663 10868 11158 12505 
#module 74 size: 25 bs: 0.533133
147 878 1092 1202 1726 1864 3040 3550 3916 3963 4591 5465 5506 5538 5783 7179 7381 7614 8032 8876 9410 9502 9695 10357 10574 
#module 75 size: 11 bs: 0.370958
551 941 1634 1745 2089 4807 6245 7278 7634 9211 10558 
#module 76 size: 24 bs: 0.900557
29 207 1946 2983 3763 3891 4035 4512 4826 6254 6255 6376 7215 7742 7922 8278 8596 8910 10512 10631 10791 10894 11382 12095 
#module 77 size: 7 bs: 0.549551
292 1254 1880 3624 8101 8615 11482 
#module 78 size: 36 bs: 0.569191
41 90 160 384 436 729 1440 1762 1901 2039 2071 2123 2780 2797 3033 3036 3422 4670 4866 4985 5067 5359 5676 6035 6084 6270 6445 6453 7374 8375 8881 9147 9302 10040 10157 11419 
#module 79 size: 31 bs: 0.153618
278 351 523 572 576 652 653 1175 1544 1966 2480 3157 3193 3389 3839 5281 5993 6172 6344 6694 6745 7114 7131 7638 7839 8142 8316 8374 8398 9696 9703 
#module 80 size: 11 bs: 0.272618
453 1997 4007 4280 4917 6434 6736 9182 9702 10333 11233 
#module 81 size: 27 bs: 0.455525
147 479 764 1092 1202 1359 2652 2761 2880 2963 3196 3321 3916 3963 4144 4591 5465 5496 5515 5613 5909 7179 9310 9397 9419 9935 11571 
#module 82 size: 17 bs: 0.402226
535 1149 2730 2984 4293 5054 5319 5568 5633 5709 5766 6834 6846 8047 8305 10672 10822 
#module 83 size: 33 bs: 0.318269
790 1187 1408 1749 1924 2393 2764 2852 3169 3599 4480 5008 5168 5331 5937 6338 6416 6782 7439 7853 7854 8386 8387 8555 8571 8683 9380 9598 9694 9873 10213 11111 12867 
#module 84 size: 12 bs: 0.689872
1496 2697 2944 3356 3768 5163 5877 7102 8425 8716 8770 9718 
#module 85 size: 21 bs: 0.225784
1347 1458 1619 1679 2961 3134 3853 4914 4965 5209 6132 6205 6773 7602 7634 7728 7817 8257 8476 9113 10519 
#module 86 size: 20 bs: 0.781737
1383 1751 1771 1937 2481 3272 3552 3554 3781 4072 4119 6864 7564 8111 8617 8722 8759 9761 10781 10851 
#module 87 size: 9 bs: 0.426305
2089 2457 2643 6293 7557 7775 7776 9375 11196 
#module 88 size: 20 bs: 0.78695
60 508 1941 2109 2134 3507 4335 5017 5285 6230 6231 6279 6727 9171 10566 10869 10954 11027 11114 12397 
#module 89 size: 34 bs: 0.869477
216 1065 1255 1459 1552 1708 1781 1841 2788 3182 3289 3816 4164 4312 5449 5849 5879 5895 6090 6382 6827 6960 7184 7491 7692 7720 7789 7855 8228 8805 8848 10153 10267 10625 
#module 90 size: 7 bs: 0.493471
2628 3686 6063 9243 10007 10695 11193 
#module 91 size: 17 bs: 0.75342
550 759 803 2132 2191 2958 3021 3686 4778 5447 5727 5786 6723 7508 8396 8448 10680 
#module 92 size: 8 bs: 0.867387
2008 4549 5867 7892 8857 10447 11482 12514 
#module 93 size: 41 bs: 0.608478
596 606 1036 1486 1695 1729 2160 2400 2665 3649 3882 4637 5041 5112 5355 5379 5479 5528 5617 5691 6162 6359 6369 6664 6863 6935 6952 7056 7384 7465 8041 8234 8673 9036 9397 9402 9417 9540 9771 11501 12997 
#module 94 size: 27 bs: 0.63093
252 458 797 1798 2205 2617 2969 3244 5408 5552 5779 6364 6497 6511 7042 7085 7259 7378 7492 8134 8368 8496 8969 9186 9484 9941 11715 
#module 95 size: 9 bs: 0.679669
712 827 2415 3424 3908 5918 6098 8934 10007 
#module 96 size: 12 bs: 0.198402
2 1968 2130 4489 5684 5878 5985 6522 8934 10405 11261 12618 
#module 97 size: 11 bs: 0.72607
1293 2802 3408 4090 4685 5051 7870 9341 9344 12088 12790 
#module 98 size: 65 bs: 0.749932
47 316 875 1410 1464 1515 1909 2074 2111 2547 2551 2614 3054 3366 3575 3621 3640 3688 3851 3909 4448 4523 4599 4708 4806 4891 5139 5496 5700 5721 5964 6197 7167 7230 7363 7394 7429 7552 8073 8074 8693 8711 8748 8792 8828 8949 8961 9016 9350 9391 9489 9516 9851 10124 10199 10324 10463 10484 10693 10703 10915 11124 12582 12667 12881 
#module 99 size: 13 bs: 0.272857
1092 2791 3739 4101 5117 5408 5984 6304 7741 7784 11614 12291 13006 
#module 100 size: 16 bs: 0.324638
1874 2872 3853 4805 4865 5783 6217 6348 7253 9113 9552 9682 10830 11042 11411 11498 
#module 101 size: 14 bs: 0.462169
793 1576 1918 2433 3224 3247 3356 4477 4535 5036 5829 7480 9929 10094 
#module 102 size: 36 bs: 0.338642
306 402 541 547 1200 1720 1893 2721 2834 2843 2860 2964 3387 3585 3676 4011 4377 4401 4468 4525 4588 4979 4999 5273 5569 5838 6214 6218 6477 6590 6937 7884 8445 10605 10619 10639 
#module 103 size: 14 bs: 1.05745
867 2477 3120 4020 4366 4668 4669 5417 6715 8922 9258 10677 10779 10882 
#module 104 size: 14 bs: 1.0559
1270 2408 3127 3129 3131 3135 4044 4480 5325 5593 8882 8883 9836 10511 
#module 105 size: 8 bs: 0.160113
1915 4214 5114 6076 6150 6153 9199 10869 
#module 106 size: 14 bs: 0.911536
579 1360 1619 2191 2793 3334 3578 6746 7602 8106 8257 9878 10103 10267 
#module 107 size: 13 bs: 0.239556
898 3101 3171 4232 4754 5973 6944 7378 7802 7994 9458 10204 11178 
#module 108 size: 13 bs: 0.709193
575 2758 2800 4158 4840 6846 7561 7918 9416 10137 11142 11393 11556 
#module 109 size: 13 bs: 0.793012
349 1293 4200 5211 5684 6522 7658 8293 8696 9007 9390 10195 12088 
#module 110 size: 33 bs: 0.949582
137 488 3108 3421 3624 4234 4495 5020 5612 5854 6046 6142 6402 6554 6731 7166 7274 7415 7474 7938 8070 8326 8971 9013 9264 9721 10158 10694 10735 10778 11395 11541 12672 
#module 111 size: 13 bs: 0.221834
2778 2967 4341 4522 4914 4959 5208 5280 6205 6335 9113 10882 12492 
#module 112 size: 17 bs: 0.728715
459 635 773 824 911 2816 4162 4407 4539 4962 5633 6706 8836 9162 9604 9813 10834 
#module 113 size: 18 bs: 0.189928
107 389 602 897 1454 1665 2089 2553 3257 3500 3522 3847 4002 5733 7837 8245 9870 12950 
#module 114 size: 18 bs: 0.209645
111 880 1280 2907 3252 3297 3629 4213 4430 5769 5857 8608 8872 9208 9795 10835 12559 12855 
#module 115 size: 17 bs: 0.222404
812 904 1639 2778 2806 4136 4993 5337 6581 6852 7103 7869 8078 8346 9422 10974 12158 
#module 116 size: 20 bs: 0.391985
907 1770 1996 3122 3126 3600 3723 3728 3733 3966 4421 4991 5034 5085 5089 5880 8562 9097 9969 11558 
#module 117 size: 30 bs: 0.511182
562 1253 1452 1474 1591 1689 1969 2118 2121 3604 4035 4037 4157 4291 4602 4733 5357 5600 5818 6598 6767 7496 8004 8051 8980 9944 10029 10279 10911 11053 
#module 118 size: 17 bs: 0.152935
152 373 1019 1959 2470 3578 3869 4468 4893 5959 6025 6344 6900 7607 8923 9414 11635 
#module 119 size: 16 bs: 0.230754
1693 2365 2635 2653 3786 3838 3904 3913 4639 5017 5614 6092 7630 7780 8672 10352 
#module 120 size: 24 bs: 1.05524
159 695 1564 1618 2682 2845 3883 4343 4579 4907 5856 5862 6471 6750 6863 6945 8772 8931 9397 10175 10321 10884 11266 11447 
#module 121 size: 60 bs: 0.555659
95 123 359 961 1060 1241 1305 1377 1483 1932 1979 2138 2142 2191 2193 2209 2212 2253 2294 2406 2737 2918 3028 3200 3204 3205 3580 3788 3794 3917 4100 4371 4487 4590 4718 4780 4862 4923 4940 4969 5221 5252 5400 5492 5559 7072 7263 7292 7513 7554 7595 8815 9253 9495 9594 10337 10433 10480 11994 12595 
#module 122 size: 38 bs: 0.769283
174 402 547 794 1212 1720 2411 2446 2493 2740 2843 3132 3194 4630 4656 4979 5250 5464 5838 6131 6214 6572 6590 7051 7228 7589 7612 7758 7861 7884 7970 8110 8445 9248 9560 9717 10619 11501 
#module 123 size: 27 bs: 1.0225
374 1956 2066 2067 2311 2317 2367 2373 2375 2379 2386 3290 3441 4529 4609 4878 5017 6133 6906 6913 8135 8749 8808 9723 10662 10803 11353 
#module 124 size: 23 bs: 0.69674
144 497 622 900 1309 1436 1712 2739 2749 3426 3821 4304 4942 5656 6969 9421 9510 9734 10592 10904 10914 10972 12670 
#module 125 size: 59 bs: 0.408779
76 204 262 1139 1147 1151 1170 1336 1468 1862 1872 2080 2673 2857 3007 3056 3637 3789 3993 4520 4701 5060 5174 5405 5942 6003 6050 6077 6138 6158 6322 6386 6436 6701 6884 6924 7062 7181 7383 7410 7537 7549 7627 7659 7689 8023 8323 8666 8695 8745 9006 9529 9561 9584 9768 9771 10133 11283 12865 
#module 126 size: 47 bs: 0.113586
122 601 976 1014 1042 1094 1489 2148 2455 2472 2970 3326 3371 3512 3555 3563 3662 3747 3792 3856 4071 4248 4283 4287 5402 5783 6022 6154 6424 6671 6694 7203 8340 8622 8737 8774 9046 9247 9413 9588 9784 9957 10264 10757 10931 11571 11878 
#module 127 size: 6 bs: 0.739309
859 1395 2938 8311 9138 9871 
#module 128 size: 14 bs: 0.96229
205 345 775 779 1993 4469 7703 8332 10891 11070 11157 11308 11355 11719 
#module 129 size: 12 bs: 0.785441
1237 1714 1961 2842 3132 4333 6327 7477 8635 9343 10613 11142 
#module 130 size: 11 bs: 0.29862
767 1030 1612 2101 2610 3742 5073 6297 6883 7565 10908 
#module 131 size: 35 bs: 0.643807
1689 2106 2404 2568 2645 3040 3533 4618 5086 5259 5295 5386 5415 5566 5925 6046 6361 6504 6982 7194 7335 7361 7406 8128 8200 8399 8669 8946 9077 9275 9361 9591 9906 11191 12891 
#module 132 size: 16 bs: 0.630426
714 1854 2786 2959 3354 4440 6235 6765 6768 8186 8600 9409 9752 10114 10518 13010 
#module 133 size: 37 bs: 0.889947
231 261 1008 1928 1955 2095 2436 2640 2713 2768 3715 3854 4150 4217 4814 5445 6361 6971 7304 7385 7472 7615 8054 8075 8299 8645 8671 8736 8813 9442 9457 9677 10098 10119 11554 11733 12514 
#module 134 size: 21 bs: 1.01193
782 896 1124 1824 3041 3124 3590 4135 4400 4597 5765 6589 7141 9363 9437 9438 9460 9517 9687 9886 10206 
#module 135 size: 15 bs: 0.114603
172 400 2128 2845 3086 3932 3952 4458 4958 5852 7358 7649 7772 8528 9041 
#module 136 size: 15 bs: 0.206372
101 1539 2169 2192 2215 2221 2796 3855 5586 8394 9123 9904 11069 11143 11165 
#module 137 size: 116 bs: 0.470391
225 521 540 718 862 1117 1205 1227 1313 1377 1483 1572 1791 2024 2142 2186 2193 2209 2212 2216 2253 2621 2855 2883 2918 2950 3017 3095 3200 3591 3654 3776 3796 3818 3852 3857 3914 3989 4001 4033 4371 4429 4461 4622 4631 4641 4703 4704 4780 4948 4971 5221 5263 5367 5441 5453 5707 5735 5740 5887 6216 6274 6300 6372 6550 6553 6561 6567 6659 6835 7015 7072 7263 7316 7377 7426 7483 7554 7570 7595 7743 7832 8084 8349 8376 8430 8431 8434 8466 8623 8771 8815 8845 8891 9091 9175 9338 9475 9576 9594 9790 9840 9981 9991 10193 10337 10344 10480 10746 10970 11126 11145 11664 11994 12595 12663 
#module 138 size: 46 bs: 1.06684
220 379 1122 1430 2328 2430 2448 2767 2847 2953 2954 3050 3385 3386 3569 3621 3811 4686 4867 5499 5581 5817 6286 6985 7154 7434 7435 7442 7629 7674 8351 8372 8436 8580 8785 9288 9580 10041 10060 10557 10709 10862 11006 11572 12019 12297 
#module 139 size: 36 bs: 0.228166
32 46 1183 1572 1846 1973 3095 3145 3612 3857 3949 4069 4169 4379 5311 5441 5484 5504 6384 6482 6659 7022 7373 7584 7896 8174 9175 9576 9594 9876 9981 10123 10157 10201 11104 11245 
#module 140 size: 16 bs: 0.420985
430 682 1743 2782 3513 3630 3845 4085 5518 5602 5628 7923 8885 8952 9332 9637 
#module 141 size: 16 bs: 0.657901
529 977 2845 3206 3207 3964 4029 4475 5460 5918 6275 7398 8011 9688 11400 12790 
#module 142 size: 47 bs: 0.785026
218 816 1127 1476 2251 2262 2284 2354 2376 2779 2798 2900 2945 3079 3960 4047 4464 4654 4752 4963 5180 5186 5210 5217 5279 5595 5677 5808 6059 6078 6308 6594 6628 7083 7506 7794 8003 8279 8322 8443 9101 9211 9863 9951 11243 12510 12712 
#module 143 size: 53 bs: 0.801706
172 192 361 438 473 1048 1428 1659 2294 2352 2541 2579 2922 3961 4078 4080 4176 4233 4427 4528 4601 4712 4958 5283 5535 5663 5852 6177 6268 6459 6520 6911 7200 7298 7337 7838 8150 8417 8498 8527 8968 9162 9300 9440 10218 10371 10454 10579 10654 10792 10823 10881 11710 
#module 144 size: 23 bs: 0.719105
839 1001 1815 1943 1998 3118 3992 6231 6243 6391 7118 7656 7729 7932 8475 9189 10058 10793 10811 10930 11074 11276 12039 
#module 145 size: 35 bs: 0.428082
370 395 645 705 811 1407 1494 1634 2089 2886 2887 2888 2998 3269 3484 3872 4365 4514 4704 4780 5155 5461 6317 7067 7746 7958 8551 9322 9570 9819 10461 10661 10814 10825 11138 
#module 146 size: 6 bs: 0.775501
2924 4684 6619 8585 10392 11161 
#module 147 size: 41 bs: 0.789522
190 206 537 1427 1466 1481 2084 2188 2189 2212 3111 3599 3800 3834 4091 4779 5173 5443 5494 5632 5659 5885 6174 6260 6499 7504 7735 7883 7997 8309 9514 9998 10111 10116 10228 10262 10493 10643 10978 11418 11571 
#module 148 size: 64 bs: 0.564917
103 203 397 595 1115 1439 1616 1741 1894 1976 2168 2184 2252 2275 2787 3147 3148 3149 3418 3756 4218 4772 4856 4873 5156 5251 5266 5712 5714 5875 6256 6261 6312 6883 7050 7255 7330 7383 7573 7657 7858 8030 8504 8506 8827 8935 9089 9287 9666 9745 9821 9894 10068 10096 10238 10382 10413 11038 11048 11311 12488 12602 12697 12843 
#module 149 size: 41 bs: 1.02741
532 1968 2130 2133 3166 3493 4200 4339 4340 4782 4860 4920 5155 5461 5684 5773 6100 6522 7255 7289 8453 8536 8656 8893 9255 9290 9816 10096 10142 10239 10814 10829 10869 11037 11058 11084 11279 12302 12397 12602 13004 
#module 150 size: 20 bs: 1.07176
2101 2693 2960 3212 4084 4505 6209 7561 7727 8531 8556 8873 11007 11117 11137 11265 11266 11436 11451 12969 
#module 151 size: 97 bs: 0.117161
68 183 315 352 482 809 812 853 963 996 1001 1023 1086 1125 1135 1213 1411 1643 1735 2001 2114 2157 2272 2292 2753 2783 2866 2934 3139 3373 3478 3589 3647 3708 3732 3782 3805 3824 3902 4012 4143 4316 4334 4577 4638 5040 5229 5277 5365 5662 5764 5806 5919 6004 6141 6314 6415 6528 6777 7360 7446 7473 7591 7608 7705 7797 7799 7857 7888 8283 8285 8407 8435 8442 8463 8579 8852 8901 9009 9082 9272 9360 9651 9985 10107 10198 10235 10506 10522 10751 10779 11262 11514 12549 12586 12648 12670 
#module 152 size: 34 bs: 0.698024
708 870 1278 1614 2441 2627 2637 3130 3196 3327 3613 3946 3955 3995 4286 4367 5140 5811 7127 7286 7441 7476 7711 9113 9254 9298 9546 10140 10354 10362 10717 11571 11712 12577 
#module 153 size: 39 bs: 0.737529
43 94 334 803 1070 1144 1168 1204 1519 1640 1850 2649 2958 3365 3661 3946 4005 4054 4847 4901 4935 5111 5132 5508 6014 6330 6616 6694 7454 8452 8781 9660 10067 10404 10592 10629 10734 10919 11379 
#module 154 size: 5 bs: 1.02758
857 5511 6285 9047 9490 
#module 155 size: 19 bs: 1.01005
377 1348 1351 1632 2090 2187 2190 2195 2213 2219 2838 5666 7188 7545 9270 9378 9835 10134 11029 
#module 156 size: 19 bs: 0.454862
113 978 1066 1425 2265 2695 4446 5194 6468 6548 7036 8127 8328 10532 11031 11120 11269 11576 12514 
#module 157 size: 23 bs: 0.619174
1119 1706 2414 2957 3223 3276 3347 3498 4716 4800 5685 5734 6027 6478 6573 7409 7954 8055 8791 10210 10220 10750 11118 
#module 158 size: 154 bs: 0.297952
142 329 452 604 673 686 766 833 894 938 995 1077 1174 1206 1247 1296 1508 1654 1748 1792 1805 1866 1935 1988 2100 2165 2270 2574 2638 2699 2716 2781 2879 3057 3088 3096 3114 3146 3164 3210 3277 3405 3417 3436 3444 3452 3457 3461 3472 3477 3488 3502 3530 3679 3683 3716 3807 3816 3900 3906 3935 4018 4059 4106 4160 4254 4342 4355 4359 4473 4480 4509 4606 4642 4678 4889 4918 4964 5019 5091 5197 5349 5501 5537 5539 5585 5757 5845 5846 5908 5933 6018 6118 6127 6226 6525 6535 6601 6667 6720 6790 6797 7113 7211 7260 7303 7313 7314 7389 7623 7624 7697 7814 7815 7864 7930 7934 8031 8046 8214 8401 8730 8790 8803 9072 9136 9159 9294 9368 9376 9459 9468 9524 9662 9807 9820 10328 10652 10679 10730 10733 10907 10956 10995 11121 11147 11155 11424 12162 12249 12591 12642 12889 12905 
#module 159 size: 45 bs: 0.805461
1302 2144 2206 2700 2749 2784 3107 3137 3239 3303 3342 3369 3502 4058 4115 4137 4236 4358 4400 5046 5153 5343 5753 6563 7142 7427 7534 7739 8171 8558 8562 8563 8933 9512 9658 9973 10510 10741 10845 10982 11092 11127 11429 12214 12635 
#module 160 size: 11 bs: 0.431505
1105 1277 1650 3129 3131 3135 5381 5578 6329 6332 6538 
#module 161 size: 14 bs: 0.797855
16 161 364 1080 3415 4475 4962 5918 6957 7432 9215 10202 10525 10834 
#module 162 size: 44 bs: 1.0604
22 133 166 301 344 426 645 1224 1301 1834 1845 2031 2136 2316 2635 2681 3271 3360 3673 3737 3822 4630 5629 5646 5976 6057 6199 6350 6560 6883 7384 7486 8823 8896 9289 9345 9479 9964 10825 10925 11139 11338 11463 11989 
#module 163 size: 75 bs: 0.993295
35 210 213 376 442 465 849 983 985 1153 1555 1597 1740 1768 1825 1885 1891 1920 1980 2110 2368 2677 2829 2967 3198 3212 3214 3485 3511 3535 3609 3755 3759 3853 3988 4046 4180 4249 4389 4403 4419 4517 4579 4649 4674 4758 5134 5227 5387 5576 5737 5862 6023 6390 6481 6658 6669 6744 7174 7256 7362 7464 7597 8261 8557 8762 9026 9348 9979 10240 10329 10550 10617 11448 11491 
#module 164 size: 119 bs: 0.233075
64 159 191 274 280 618 687 698 885 953 1021 1039 1103 1155 1257 1316 1569 1686 1687 1722 1819 1919 1927 1981 2060 2097 2103 2435 2461 2508 2718 2846 2854 2862 2956 2980 3308 3320 3340 3449 3464 3587 3772 3793 3828 3865 3895 3932 4073 4270 4345 4529 4615 4665 4705 4731 4762 4824 4845 4887 4945 5015 5068 5185 5242 5429 5477 5816 6250 6336 6344 6370 6399 6443 6451 6531 6534 6922 7006 7040 7424 7555 7571 7736 7834 7856 7906 7988 7989 8012 8172 8654 8710 8738 8743 8783 8802 8990 9045 9066 9075 9111 9202 9209 9325 9622 9754 10130 10209 10422 10707 10712 10899 10981 11083 11150 11169 11188 11265 
#module 165 size: 53 bs: 0.995638
124 127 510 774 1015 1095 1420 1635 2122 2339 2607 2825 2835 2849 2876 2927 3128 3393 3410 3544 3861 4165 4370 4406 4537 4925 5082 5292 6048 6085 6241 6317 6869 7277 7440 7536 7551 7640 7927 8096 8440 8459 8499 9145 9383 9700 9830 9933 10084 10232 10604 11213 11591 
#module 166 size: 58 bs: 0.273048
143 209 326 369 499 568 690 959 1697 2060 2065 2068 2073 2312 2316 2377 2378 2380 2382 2383 2384 2385 2388 2646 2647 3162 3188 3203 3674 3698 3765 3775 4077 4189 4447 4575 4636 4661 4870 4879 5018 5459 5476 5512 6005 6428 7318 7407 8199 8410 8483 8987 9246 9912 10019 10611 10905 11310 
#module 167 size: 127 bs: 0.489999
7 21 28 180 184 491 590 762 820 886 986 1086 1098 1219 1378 1554 1577 1599 1624 1816 1827 1840 1859 1907 2083 2222 2240 2242 2321 2506 2525 2676 2783 2910 2923 2936 2937 3116 3231 3341 3356 3474 3490 3524 3656 3876 4092 4126 4172 4174 4435 4443 4459 4735 4815 4849 4949 5047 5070 5084 5141 5199 5232 5308 5339 5396 5486 5510 5526 5643 5752 5754 5824 5836 5877 5907 5952 5958 6007 6114 6212 6464 6507 6566 6612 6639 6673 6918 6967 6968 7233 7289 7481 7494 7683 7818 8016 8049 8125 8324 8472 8494 8606 8704 8724 8788 8789 8855 8883 8947 8978 9144 9211 9545 9587 9589 9924 10250 10274 10310 10402 10515 10673 11450 11966 12382 12756 
