#module 0 size: 13 bs: 0.0118861
72 165 211 322 372 473 512 574 616 762 843 1008 1202 
#module 1 size: 25 bs: 5.95408e-05
102 228 234 236 254 329 330 331 338 357 374 473 526 601 653 671 730 790 798 799 823 855 888 909 929 
#module 2 size: 25 bs: 0.000792657
65 69 90 121 145 254 272 287 401 410 416 433 440 674 733 792 797 957 980 1007 1025 1275 1282 1296 1349 
#module 3 size: 35 bs: 8.07769e-101
30 109 115 163 176 190 195 221 222 224 232 258 287 288 289 357 359 466 467 497 578 580 667 687 730 740 764 805 833 874 903 949 985 1028 1273 
#module 4 size: 9 bs: 0.0792691
81 763 836 884 1009 1029 1043 1368 1373 
#module 5 size: 76 bs: 4.8477e-05
35 76 91 100 106 124 131 192 214 225 244 245 257 262 270 277 290 298 299 304 310 332 334 336 363 366 372 396 402 407 408 456 457 460 521 525 532 537 544 549 565 569 576 591 595 600 615 628 633 640 664 676 704 717 732 737 753 769 786 806 867 868 869 875 882 896 901 908 917 931 974 997 1140 1149 1267 1294 
#module 6 size: 58 bs: 2.97773e-09
53 57 59 79 82 106 109 120 123 133 144 152 156 164 167 224 261 272 283 313 341 345 355 356 417 449 458 497 524 533 555 571 572 574 578 583 597 648 656 679 712 735 756 764 770 773 805 833 857 885 921 933 939 1028 1040 1142 1272 1273 
#module 7 size: 8 bs: 0.0207948
67 107 224 261 350 583 866 975 
#module 8 size: 15 bs: 9.27169e-05
70 106 120 147 166 233 397 562 597 655 834 963 1115 1142 1362 
#module 9 size: 49 bs: 3.41787e-07
5 25 54 58 96 119 134 140 145 184 210 237 250 260 263 275 339 373 451 452 463 471 483 490 552 559 575 587 603 608 618 620 662 666 689 714 718 734 745 784 800 801 819 820 829 877 1000 1018 1022 
#module 10 size: 6 bs: 1.05925
88 92 135 354 379 842 
#module 11 size: 10 bs: 0.651921
126 197 220 367 384 439 447 474 535 562 
#module 12 size: 20 bs: 0.666893
177 290 408 446 450 462 587 631 636 655 664 683 688 702 722 800 867 881 970 1121 
#module 13 size: 65 bs: 1.04313
27 52 56 78 86 90 122 139 141 170 187 196 199 223 234 235 256 296 306 307 315 316 329 333 339 342 346 351 376 377 381 411 427 451 454 465 559 581 598 602 645 651 657 684 698 718 720 726 733 761 802 804 821 831 869 871 891 918 998 1031 1078 1170 1216 1282 1333 
#module 14 size: 18 bs: 0.314394
62 63 158 198 216 264 308 324 327 809 844 889 998 1071 1093 1150 1253 1352 
#module 15 size: 18 bs: 0.862181
22 23 106 166 371 556 663 795 796 822 895 896 939 1006 1132 1141 1240 1246 
#module 16 size: 17 bs: 0.927456
58 252 290 359 368 373 383 409 615 755 809 888 912 969 1334 1338 1362 
#module 17 size: 66 bs: 0.37869
12 49 68 76 80 87 108 117 129 146 186 198 206 229 235 270 280 303 331 349 354 364 370 391 422 461 491 529 539 543 545 581 604 627 647 654 674 682 695 723 727 747 748 752 762 802 810 825 854 861 884 919 929 932 937 956 960 975 983 998 999 1013 1127 1325 1368 1373 
#module 18 size: 6 bs: 0.666767
55 127 292 394 530 568 
#module 19 size: 36 bs: 0.480314
34 128 131 225 249 257 321 363 382 398 406 443 451 459 460 467 541 559 596 660 667 675 713 758 776 786 799 843 901 906 914 920 930 1218 1271 1356 
#module 20 size: 8 bs: 0.726484
2 157 193 241 571 811 1284 1338 
#module 21 size: 39 bs: 0.837041
26 31 95 101 153 166 189 201 276 278 295 355 358 410 424 440 442 476 558 560 629 680 711 744 832 833 850 855 860 892 904 932 948 952 1099 1141 1219 1339 1354 
#module 22 size: 6 bs: 0.891136
273 309 607 699 736 1053 
#module 23 size: 20 bs: 1.07977
140 148 227 263 275 385 567 575 632 666 714 801 819 910 928 984 1112 1223 1302 1372 
#module 24 size: 29 bs: 0.481076
129 230 251 279 387 392 511 529 550 553 593 774 776 852 858 872 886 919 954 958 989 1001 1058 1064 1086 1190 1285 1308 1342 
#module 25 size: 36 bs: 0.985703
6 22 24 106 150 162 166 337 353 371 497 564 572 585 592 654 709 771 789 842 903 921 976 1006 1015 1016 1017 1021 1033 1132 1136 1142 1177 1277 1321 1376 
#module 26 size: 9 bs: 0.492994
33 109 193 554 621 911 996 1217 1228 
#module 27 size: 45 bs: 0.806218
27 51 54 75 136 145 151 168 218 238 312 314 345 347 361 378 388 428 433 438 451 452 468 471 475 520 538 540 559 603 620 635 672 673 678 694 812 814 830 849 891 893 966 1018 1276 
