#module 0 size: 3 bs: 0.0195983
606 7166 7391 
#module 1 size: 10 bs: 0.0202879
1535 2421 3744 4270 4508 4529 7041 8529 10981 12613 
#module 2 size: 2 bs: 4.66315e-101
3369 5447 
#module 3 size: 3 bs: 2.6964e-06
3017 6550 11145 
#module 4 size: 3 bs: 1.4224e-101
4505 8873 11451 
#module 5 size: 2 bs: 2.47812e-11
3569 12019 
#module 6 size: 2 bs: 2.0311e-08
2418 10108 
#module 7 size: 2 bs: 1.71638e-07
9173 9178 
#module 8 size: 4 bs: 3.32732e-11
100 8601 9871 10249 
#module 9 size: 8 bs: 3.39386e-101
302 364 1707 4926 7327 9813 11556 12475 
#module 10 size: 8 bs: 9.4189e-101
2109 2785 3301 4420 4782 9578 10461 11157 
#module 11 size: 14 bs: 0.0421111
107 602 897 1454 1665 2553 3257 3500 3522 4002 7837 8245 9870 12950 
#module 12 size: 3 bs: 0.00663448
9951 10460 11106 
#module 13 size: 2 bs: 4.92309e-101
4590 4718 
#module 14 size: 2 bs: 8.97621e-06
2950 7426 
#module 15 size: 2 bs: 2.77782e-05
1791 8349 
#module 16 size: 4 bs: 0.000323054
3834 7513 9514 10493 
#module 17 size: 6 bs: 7.10543e-14
7190 7509 7688 9027 9239 10445 
#module 18 size: 3 bs: 9.99201e-16
3978 4185 7592 
#module 19 size: 5 bs: 2.59546e-101
6848 7235 9548 11372 11639 
#module 20 size: 5 bs: 3.48395e-101
3817 4587 5099 6617 8412 
#module 21 size: 3 bs: 0.000487381
1846 9688 9876 
#module 22 size: 2 bs: 0.000895277
4641 12663 
#module 23 size: 2 bs: 7.27136e-07
3204 3205 
#module 24 size: 6 bs: 6.66134e-16
759 2132 2191 3021 4778 8396 
#module 25 size: 3 bs: 4.56885e-103
6724 7210 12678 
#module 26 size: 2 bs: 7.286e-05
2646 2647 
#module 27 size: 7 bs: 3.78155e-101
2819 6316 7792 7793 7996 8812 9048 
#module 28 size: 2 bs: 5.39567e-08
5173 11418 
#module 29 size: 4 bs: 2.33147e-15
2800 3796 6329 6332 
#module 30 size: 10 bs: 6.51905e-101
529 977 3206 3207 5918 6275 7398 8011 9688 10834 
#module 31 size: 6 bs: 0.00016444
1105 1277 1650 5159 5381 7513 
#module 32 size: 3 bs: 1.40873e-10
5266 9255 9821 
#module 33 size: 8 bs: 6.58869e-102
1313 2621 2789 4632 7493 8490 9308 9593 
#module 34 size: 9 bs: 9.57404e-101
254 5033 6157 6617 6623 6716 6718 8860 10866 
#module 35 size: 33 bs: 0.00674165
491 853 1127 1476 2262 2284 2376 2779 2798 2945 3079 4047 4464 4963 5180 5217 5808 6059 6464 6497 6594 6628 7083 8003 8279 8443 9101 9211 9863 10522 11243 11715 12712 
#module 36 size: 6 bs: 4.04605e-101
2457 2643 7557 7775 7776 11196 
#module 37 size: 11 bs: 2.33147e-15
3431 4529 7498 8887 8916 9415 9429 10047 10156 10181 10267 
#module 38 size: 5 bs: 4.00761e-101
260 2844 4763 6604 10929 
#module 39 size: 5 bs: 0.00104227
2380 2879 10198 12972 13006 
#module 40 size: 14 bs: 7.0377e-13
828 1876 1902 2090 2391 2991 2992 3160 4323 6621 8581 9523 11261 11513 
#module 41 size: 9 bs: 1.22125e-15
803 2191 2958 3342 3686 5727 7508 8448 10680 
#module 42 size: 4 bs: 0.00254426
804 3477 5131 6601 
#module 43 size: 5 bs: 1.60992e-10
977 2055 5360 6365 11261 
#module 44 size: 17 bs: 0.00119468
101 395 811 1407 1436 2796 2886 2887 3734 4704 8623 8967 9390 9570 10679 11165 11206 
#module 45 size: 5 bs: 2.98798e-09
2938 8311 8934 9871 10405 
#module 46 size: 3 bs: 6.11951e-09
5159 5698 8624 
#module 47 size: 8 bs: 6.90686e-07
1896 2789 5783 6809 8708 10103 10267 11171 
#module 48 size: 5 bs: 3.89504e-10
2068 2408 4044 5325 9013 
#module 49 size: 20 bs: 3.19322e-05
111 880 1280 2907 3252 3297 3629 4213 4430 5459 6482 7103 7373 8608 8872 9208 9422 9795 12559 12855 
#module 50 size: 11 bs: 0.0169957
1770 2568 3733 3966 4358 5085 5985 9363 9969 10835 11558 
#module 51 size: 3 bs: 6.8933e-08
5211 9007 10007 
#module 52 size: 2 bs: 0.0536481
8430 8431 
#module 53 size: 13 bs: 1.11022e-16
2 1293 1968 2130 4489 5684 5878 6514 6522 7658 8934 11261 12088 
#module 54 size: 11 bs: 0.0864677
1640 1734 2806 3816 4901 7608 8407 8562 10835 10919 11191 
#module 55 size: 6 bs: 5.63771e-13
211 377 510 3459 6983 11152 
#module 56 size: 22 bs: 2.1263e-05
1023 2461 2633 3086 3108 3421 3444 3624 4234 4495 5612 6402 6554 6731 7474 8326 8971 9162 9264 9721 10694 10735 
#module 57 size: 15 bs: 0.037773
486 990 4372 5364 5470 5482 6408 6731 7299 7531 8982 9167 10191 10549 11429 
#module 58 size: 6 bs: 0.000144429
2730 5578 6538 7050 9214 10123 
#module 59 size: 8 bs: 0.0999853
1119 2695 3223 3341 8055 10210 10220 11120 
#module 60 size: 18 bs: 0.0267053
898 1224 4232 4528 5018 5295 6023 6046 6982 7361 7424 8101 8128 8399 8410 8669 8946 9041 
#module 61 size: 3 bs: 1.36533e-08
4649 5280 9047 
#module 62 size: 15 bs: 6.58118e-101
1564 1980 2137 2758 5015 5336 5438 5951 7013 7420 7822 7826 8931 9712 10309 
#module 63 size: 10 bs: 0.014591
317 1080 4458 4472 4524 5786 6167 7432 7654 8070 
#module 64 size: 14 bs: 0.240651
1376 1714 2371 2741 3348 3544 3559 4868 5962 7559 8195 8440 8590 11011 
#module 65 size: 16 bs: 0.695216
1087 2711 2898 3412 4194 4646 5069 5156 5191 5817 6116 6195 6291 6766 10875 11551 
#module 66 size: 22 bs: 0.306302
1433 3827 3837 4168 4172 4693 5420 5604 5694 5702 6082 6144 6166 6692 6944 7057 7453 7773 8079 9389 9942 10223 
#module 67 size: 4 bs: 0.868314
349 5036 5656 10195 
#module 68 size: 14 bs: 0.852749
1293 2802 3408 4090 4685 5051 5684 6522 7870 8293 9341 9344 12088 12790 
#module 69 size: 5 bs: 0.974321
6077 7465 7627 7659 10142 
#module 70 size: 58 bs: 0.21088
143 209 326 345 374 499 690 1212 1552 1956 1993 2065 2066 2067 2068 2073 2311 2317 2328 2367 2371 2373 2375 2378 2379 2383 2384 2386 2387 3290 3441 3765 4447 4609 4868 4870 4878 4879 5017 5826 6906 6913 7318 7407 8135 8372 8483 8749 8808 8881 9723 9891 9912 10611 10662 11310 11353 11664 
#module 71 size: 56 bs: 0.370561
204 217 262 1147 1151 1170 1345 1468 1862 1872 2080 2710 2837 3007 3056 3637 3993 4144 4520 4701 5060 5174 5355 5405 5942 6003 6050 6138 6158 6322 6436 6884 7062 7181 7189 7383 7410 7537 7549 8323 8434 8695 8745 9006 9164 9310 9479 9529 9561 9584 9596 9768 9771 10133 11283 12865 
#module 72 size: 13 bs: 0.593118
575 2758 2800 4158 6846 7561 7918 9416 10137 11007 11142 11393 11556 
#module 73 size: 7 bs: 0.500248
704 3226 3260 6107 7788 9544 12447 
#module 74 size: 18 bs: 0.323519
306 1200 1749 2058 2860 2964 3387 3676 4011 4525 4999 5273 6218 6477 6777 6937 10605 10639 
#module 75 size: 8 bs: 0.593649
2004 3186 3908 6098 6723 8559 10904 12293 
#module 76 size: 24 bs: 0.130435
458 797 1253 1689 2121 2969 4214 5357 5408 5779 6497 6511 6598 6767 7042 7085 7259 7492 8368 8496 8969 10029 10911 11715 
#module 77 size: 15 bs: 0.755926
252 983 1798 2205 3244 5552 6364 7378 7802 7994 8134 9186 9458 9484 9941 
#module 78 size: 15 bs: 0.206411
389 1532 1693 1919 2365 2409 2635 3786 3913 4578 5346 5614 6092 7630 10352 
#module 79 size: 16 bs: 0.175489
46 1183 1973 3145 3612 4069 4169 4379 5311 5484 6384 7022 7394 7584 8174 11104 
#module 80 size: 7 bs: 0.922822
727 827 1395 2174 3908 6098 7402 
#module 81 size: 6 bs: 0.53522
1274 1275 1648 2955 4294 6652 
#module 82 size: 25 bs: 0.287914
1007 1781 1892 2182 2477 2929 3418 3816 4077 4910 5415 5633 5963 6382 6528 6797 7135 7227 7707 8069 8420 8734 9422 10196 10624 
#module 83 size: 62 bs: 0.314222
51 121 413 506 507 556 563 655 1072 1102 1285 1297 1896 2019 2023 2463 2599 2616 2793 2851 3312 3332 3333 3918 3936 3958 4053 4070 4432 4682 5450 5478 5647 5863 5995 6106 6433 6442 6474 7169 7216 7264 7346 7480 7644 8139 8158 8277 8487 8744 8820 8941 9120 9547 9743 10267 10472 10800 10885 11340 11445 11660 
#module 84 size: 15 bs: 0.175654
1270 2408 3127 3129 3131 3135 5593 6132 6852 8882 8883 9422 9836 10511 10624 
#module 85 size: 27 bs: 0.768045
278 351 523 572 653 1175 1544 1966 2480 3193 3389 3839 5281 6172 6344 6694 6745 7114 7131 7638 7839 8142 8316 8374 8398 9660 9696 
#module 86 size: 97 bs: 0.867901
36 124 127 131 375 774 865 1015 1276 1513 1664 1721 1785 1879 1926 1929 2027 2069 2122 2291 2467 2766 2857 2915 2927 3219 3280 3351 3395 3603 3648 3718 4406 4584 4593 4651 4713 4719 4746 4915 4978 5107 5109 5110 5198 5348 5350 5397 5425 5591 6085 6227 6307 6317 6321 6549 6724 6869 7440 7550 7640 7728 8302 8397 8402 8439 8478 8593 8616 8714 8810 8929 8992 9030 9052 9382 9383 9394 9483 9700 9708 9808 10021 10190 10226 10242 10684 10715 10765 10965 11106 11125 11213 11711 11814 12873 12937 
#module 87 size: 14 bs: 0.423704
453 1997 4007 4280 4917 5617 6434 6736 6952 7015 9182 9702 10333 11233 
#module 88 size: 29 bs: 0.662993
29 376 1208 1383 1751 1771 1825 1937 2481 3272 3552 3554 3781 4072 4119 5259 6255 6864 7406 7564 8111 8376 8722 8759 9348 9761 9991 10781 10851 
#module 89 size: 6 bs: 0.915375
645 1513 2888 3767 8375 10825 
#module 90 size: 6 bs: 1.03485
997 1499 8254 8492 10137 10862 
#module 91 size: 15 bs: 0.585751
327 867 2477 3120 3852 4020 4366 4668 4669 5417 8922 9258 10677 10779 10882 
#module 92 size: 11 bs: 0.173041
2924 4150 4684 6619 7260 7385 8463 8585 10392 11161 12514 
#module 93 size: 8 bs: 0.9824
3262 3811 4213 5769 5857 6985 8331 9410 
#module 94 size: 36 bs: 0.943904
218 816 2251 2284 2354 2779 2798 2900 2945 3960 4047 4464 4654 4752 4753 4963 5180 5186 5210 5279 5595 5677 6059 6078 6308 6594 6628 7506 7794 8279 8322 8443 9211 11243 12510 12712 
#module 95 size: 18 bs: 0.603647
1001 1815 1998 3118 6243 6391 7118 7656 7729 7932 10058 10750 10793 10811 11074 11276 11576 12039 
#module 96 size: 45 bs: 0.29312
34 106 119 244 474 542 950 1099 1246 1294 1717 2761 4201 4412 4474 4612 4672 4686 4952 4986 5061 5573 5653 5921 6233 6341 6892 7350 7639 8071 8074 8191 9185 9447 9667 9669 10035 10080 10691 10939 10971 11209 11572 11582 12667 
#module 97 size: 14 bs: 0.710266
2782 3513 3630 3845 4085 5518 5628 7674 7923 8885 8952 9288 9332 9637 
#module 98 size: 21 bs: 0.706861
161 232 824 1149 1522 1549 4162 4407 5766 6209 6815 6834 6957 7522 7984 8305 9165 10672 10822 11388 11556 
#module 99 size: 42 bs: 0.559944
192 361 438 473 794 1428 2128 2294 2579 2922 3961 4080 4176 4233 4427 4601 4712 4958 5283 5535 5663 5852 6268 6459 6911 7200 7298 7337 7358 7838 8150 8417 8527 8968 9440 10218 10371 10454 10654 10881 11710 12214 
#module 100 size: 34 bs: 0.266174
532 2130 2133 2446 3166 3493 4200 4339 4340 4469 5461 6522 7255 7289 8453 8531 8536 8656 8893 9290 9816 10829 11037 11058 11070 11084 11117 11137 11157 11279 11308 12302 12969 13004 
#module 101 size: 5 bs: 0.897055
1894 3621 5714 9998 11070 
#module 102 size: 28 bs: 0.324527
226 925 2139 2387 2858 3962 5017 5345 5684 5695 6093 6100 6230 6231 6688 6727 6870 6871 8224 8330 8956 9960 10869 10957 11048 12264 12602 12953 
#module 103 size: 35 bs: 0.279753
174 402 547 1212 1720 2493 2740 2843 3194 4630 4656 4979 5250 5464 5569 5838 6131 6133 6214 6572 6590 7051 7228 7589 7612 7758 7884 7970 8110 8445 9248 9560 9717 10619 11501 
#module 104 size: 17 bs: 0.287549
541 1690 1893 2423 2721 2834 3157 3585 4096 4377 4401 4571 4572 7514 7913 7914 8728 
#module 105 size: 11 bs: 0.435701
459 773 824 2816 4162 4407 4962 5602 8836 9604 9813 
#module 106 size: 61 bs: 0.835887
51 256 257 308 413 507 556 857 1661 1874 1975 2023 2061 2063 2176 2370 2483 2630 2822 3332 3333 3510 3936 3958 3986 3990 4070 4171 4682 4865 5451 5478 5673 5863 6070 6106 6205 6433 7216 7493 7533 7556 7644 8139 8158 8195 8442 8487 8668 8678 8744 9079 9490 10132 10174 10472 10504 10582 10800 10874 12515 
#module 107 size: 22 bs: 0.247504
576 870 1347 2061 2872 3578 4805 5673 5783 6130 6217 6344 6348 7253 7728 9552 9682 10174 10830 11019 11042 11411 
#module 108 size: 17 bs: 0.261081
812 1139 1859 2222 2778 3356 4535 4993 5337 6566 7784 8078 8346 8424 8704 8724 9718 
#module 109 size: 10 bs: 1.09182
2870 3240 3424 3954 4035 7462 7926 10014 10622 12995 
#module 110 size: 47 bs: 0.723771
190 206 537 1466 1587 1614 2084 2089 2188 2189 2194 2221 2786 3111 3613 3800 3867 4091 4222 4779 5443 5460 5494 5632 5885 6174 6260 6499 7504 7711 7727 7735 7883 7997 8309 8392 8393 10079 10111 10114 10116 10239 10262 10643 11069 11571 12618 
#module 111 size: 29 bs: 0.201556
207 1689 1825 1946 2983 3763 3891 4035 4440 4512 4826 5973 6254 6376 7215 7524 7525 7922 8278 8596 8910 9944 10204 10512 10631 10791 10894 11382 12095 
#module 112 size: 8 bs: 0.937398
1496 2944 3356 5163 7102 8716 8770 9791 
#module 113 size: 13 bs: 0.583595
715 2554 2960 3470 3996 4534 5661 6155 6684 7263 7331 8720 10891 
#module 114 size: 18 bs: 0.696888
535 635 824 911 2984 4293 5054 5319 5568 5633 5709 5766 6706 6828 8047 9165 10356 10579 
#module 115 size: 16 bs: 0.926187
528 611 1908 2180 3463 4558 5003 5876 5997 6231 6400 7635 7672 8541 10929 10957 
#module 116 size: 21 bs: 0.223494
602 714 1854 2553 2959 3354 4716 6235 6478 6765 6768 7409 8186 8600 9077 9409 9752 9870 10114 10518 13010 
#module 117 size: 8 bs: 0.165123
101 2796 6293 7832 8623 8891 9904 11143 
#module 118 size: 20 bs: 0.254035
260 432 508 2844 3507 3690 5017 5997 6038 6100 6230 6727 6909 8263 8265 8412 8957 9073 11114 12953 
#module 119 size: 20 bs: 0.603947
60 508 1941 2109 2134 3507 4335 5017 5285 6230 6231 6279 6727 9171 10566 10869 10954 11027 11114 12397 
#module 120 size: 34 bs: 0.105911
41 90 160 384 436 729 1440 1762 1901 2071 2123 2780 2797 3033 3036 3422 4670 4866 4985 5067 5359 5676 5968 6035 6084 6270 6445 6453 7374 9147 9302 10040 10157 11419 
#module 121 size: 13 bs: 0.111237
682 1070 1168 1519 1743 1850 2967 5508 6330 10067 10404 10592 10734 
#module 122 size: 11 bs: 0.976214
1915 2114 3196 5114 6076 6150 6153 7563 9199 10869 11446 
#module 123 size: 8 bs: 0.31647
2145 2448 2801 3385 3386 3397 6229 11006 
#module 124 size: 5 bs: 0.158432
1430 2767 5733 7434 7435 
#module 125 size: 15 bs: 0.703217
694 1237 1714 1961 2835 2842 3132 4811 6327 6719 7477 8635 9226 9343 11410 
#module 126 size: 43 bs: 1.08326
510 774 1420 1635 2122 2339 2825 2835 2849 2876 2927 3128 3393 3410 3544 3872 4165 4370 4537 4925 5708 6048 6241 7277 7536 7551 7640 7927 8397 8440 8459 8992 9002 9145 9700 9933 10084 10232 10242 10604 10715 11591 12937 
#module 127 size: 9 bs: 0.717743
712 2415 2958 3424 5918 6621 7896 8934 10007 
#module 128 size: 12 bs: 0.921378
652 859 1348 2938 4058 4843 5064 7037 8190 8311 9138 12505 
#module 129 size: 23 bs: 0.910347
152 579 1003 1360 1524 1619 2138 2191 2193 2212 3334 4371 4862 5465 6900 7127 7480 7602 8106 8257 9878 10267 12595 
#module 130 size: 18 bs: 0.199629
373 1019 1959 2470 3578 3869 4468 4588 4893 5959 6025 6344 7607 8781 8923 9414 10106 11635 
#module 131 size: 15 bs: 0.945209
1347 1458 1505 1587 1679 2961 3134 4333 6132 7634 7728 7817 8476 10568 11696 
#module 132 size: 47 bs: 0.498861
103 397 1115 1439 1616 1741 1976 2168 2184 2275 3147 3148 3149 3418 3756 4012 4218 4772 4856 4948 5251 6256 6312 7255 7330 7383 7573 7657 7858 8030 8328 8504 8506 8827 8935 9089 9287 9894 10068 10238 10382 11038 11311 12488 12602 12697 12843 
#module 133 size: 8 bs: 0.908331
292 379 1254 1880 3624 8200 8615 11482 
#module 134 size: 16 bs: 1.09872
947 1208 3810 4246 4454 5633 7011 8154 8680 9399 9555 10201 10557 10704 10883 13006 
#module 135 size: 11 bs: 1.06845
16 161 364 3415 3952 4475 5918 6957 9215 10202 10525 
#module 136 size: 7 bs: 0.276427
2008 4549 5867 7892 8857 10447 11482 
#module 137 size: 35 bs: 0.116579
113 978 1008 1066 1206 1425 1654 2265 2436 3114 3276 4446 5194 5908 5933 6063 6226 6361 6468 6548 7036 8054 8127 8645 8791 9457 9677 9935 10119 10532 10733 11031 11118 11554 12514 
#module 138 size: 60 bs: 1.04837
47 316 875 927 1410 1464 1515 1909 2074 2111 2547 2551 2614 2998 3054 3366 3575 3640 3688 3851 3909 4448 4523 4599 4708 4806 4891 5139 5496 5700 5721 5964 6197 7167 7230 7363 7552 8073 8693 8711 8748 8792 8828 8949 9016 9350 9391 9489 9516 9851 10124 10324 10463 10484 10693 10915 11124 11400 12582 12881 
#module 139 size: 28 bs: 0.13629
109 548 1052 1169 1197 1344 1662 2598 2652 3370 3442 3475 3800 4303 4630 4774 4775 5057 5538 5783 6198 7199 7519 9441 10663 10868 11158 12505 
#module 140 size: 40 bs: 1.03135
203 205 595 1095 2101 2252 2352 2787 3269 3403 3484 4514 5155 5156 5461 5712 5773 5875 6261 7067 7561 7703 7958 8551 8556 9322 9666 9745 10096 10413 10661 10814 11049 11058 11138 11355 11436 11687 11688 11719 
#module 141 size: 3 bs: 0.411567
1117 6561 9046 
#module 142 size: 8 bs: 0.555258
551 941 2835 5461 6245 7278 7634 10558 
#module 143 size: 27 bs: 0.215358
144 497 622 900 1309 1712 2144 2739 2749 3426 3821 3876 4304 4800 4942 5199 5343 6969 9421 9510 9598 9703 9734 10592 10914 10972 12670 
#module 144 size: 139 bs: 0.58849
142 329 430 452 604 673 766 833 894 938 995 1077 1187 1247 1289 1296 1508 1748 1792 1805 1866 1924 1935 1988 2165 2404 2638 2699 2716 2781 3088 3124 3164 3210 3277 3405 3417 3436 3452 3457 3461 3472 3488 3502 3679 3683 3716 3807 3816 3900 3906 3935 4006 4018 4059 4106 4160 4254 4292 4342 4355 4359 4473 4480 4509 4606 4642 4678 4889 4918 4964 5019 5091 5168 5197 5331 5349 5501 5537 5539 5585 5757 5846 5949 6018 6118 6127 6338 6535 6667 6720 6782 7113 7141 7211 7303 7313 7314 7389 7439 7623 7697 7814 7815 7864 7930 7934 8046 8214 8555 8730 8790 8803 9072 9136 9159 9368 9459 9662 9807 9820 9873 10213 10328 10388 10652 10730 10907 10956 10995 11121 11147 11155 12162 12249 12591 12642 12889 12905 
#module 145 size: 24 bs: 0.479226
355 790 1174 1408 2216 2393 2574 2764 2852 3169 3599 5008 7358 7853 7854 8386 8387 8571 8683 9694 11111 11112 11147 12867 
#module 146 size: 22 bs: 0.665176
370 562 1351 1452 1689 2118 2700 3203 5600 6525 6563 6790 7496 7534 8171 8401 9294 9468 9591 9835 11029 11053 
#module 147 size: 9 bs: 0.174648
2267 2941 3771 5341 6586 6964 8545 8892 9825 
#module 148 size: 11 bs: 0.653772
904 1639 4136 6581 7103 7373 7869 9422 9651 10974 12158 
#module 149 size: 23 bs: 0.893423
637 686 972 2270 2615 2645 3146 3533 3590 4163 4597 4618 4958 5086 5386 5566 6504 6731 7194 9460 9906 10292 12891 
#module 150 size: 13 bs: 0.775738
782 896 1124 1824 3041 4135 4597 6589 9437 9438 9517 9886 10206 
#module 151 size: 10 bs: 1.06494
767 1030 1612 2610 3742 5073 6297 6883 7565 10908 
#module 152 size: 21 bs: 0.803106
32 1358 1572 3095 3582 3583 3654 3857 3949 4940 5441 5504 5981 5987 6659 6820 9175 9375 9576 9594 9981 
#module 153 size: 27 bs: 1.07909
377 550 1351 1632 1996 2090 2187 2190 2195 2213 2219 3171 4969 4991 5034 5058 5666 6746 7188 9243 9270 9378 9835 10134 10695 11029 11193 
#module 154 size: 15 bs: 0.378529
1474 1689 1969 2039 3604 4035 4157 4291 4602 4733 5818 8004 8980 10279 11178 
#module 155 size: 7 bs: 0.541096
2070 2101 4084 4170 6377 7809 12492 
#module 156 size: 36 bs: 0.264694
172 695 1564 1569 1618 1768 2682 2845 3101 3646 3883 4037 4170 4343 4539 4579 4754 4907 5856 5862 6471 6750 6863 6945 7742 7772 8041 8565 8772 9162 9397 10175 10792 10884 11447 12291 
#module 157 size: 98 bs: 0.692088
123 220 395 521 540 811 862 1065 1205 1227 1377 1407 1481 1483 1979 2024 2142 2193 2209 2212 2215 2253 2406 2628 2653 2737 2855 2883 2918 3028 3130 3200 3530 3580 3591 3776 3788 3818 3841 3847 3917 3989 4001 4033 4429 4461 4487 4517 4622 4631 4703 4704 4780 5252 5263 5367 5453 5492 5586 5707 5735 5740 6216 6274 6285 6300 6372 6553 6567 6835 7072 7292 7316 7377 7554 7595 8084 8394 8466 8771 8815 8845 9091 9123 9475 9570 9790 9840 10193 10337 10344 10480 10970 11126 11664 11883 11994 12595 
#module 158 size: 35 bs: 0.253267
181 467 934 1703 2516 3175 3921 4014 4064 4142 4360 4450 4876 5412 5470 6408 6731 6764 7008 7043 7274 7299 8274 9167 9936 10234 10300 10469 10549 10659 10826 10902 11541 12575 12672 
#module 159 size: 27 bs: 0.875215
231 261 1928 1955 2095 2640 2713 2768 3342 3715 3854 4217 4814 6361 6971 7304 7472 7615 8075 8299 8562 8671 8736 8813 9442 10098 11733 
#module 160 size: 20 bs: 0.726222
1122 2847 3050 5400 5499 5581 7154 7442 7629 8096 8351 8436 8580 8785 9380 10041 10060 10746 11245 12297 
#module 161 size: 4 bs: 0.335514
705 1494 4965 6335 
#module 162 size: 25 bs: 1.03839
491 590 2083 2147 2414 2433 3347 3474 3498 4092 5232 5685 5836 6027 6416 6573 6918 6967 7481 7954 8049 8788 8978 9545 10274 
#module 163 size: 14 bs: 0.531631
225 568 1135 2316 2673 3132 3162 3182 3789 4661 5020 7692 8666 13006 
#module 164 size: 41 bs: 0.424031
22 133 166 301 344 426 645 1224 1301 1834 1845 2031 2136 2316 2681 3271 3360 3737 3822 4189 5976 6057 6199 6350 6560 6883 7486 8823 8896 9289 9345 9771 9819 9964 10825 10925 11138 11139 11338 11463 11989 
#module 165 size: 81 bs: 0.661709
10 36 124 127 375 377 578 774 834 1182 1295 1513 1613 1647 1926 2035 2122 2187 2289 2456 2462 2759 2766 2825 2882 2915 2927 2951 3219 3410 3603 4282 4341 4584 4719 4746 4829 4978 5076 5082 5107 5110 5209 5292 5422 5425 5591 5802 6132 6327 6345 6347 6349 7288 7536 7634 7640 8302 8439 8478 8714 8761 9211 9624 9679 9700 9708 9808 9884 9921 9986 10190 10343 10684 10753 10887 11106 11243 12609 12716 12782 
#module 166 size: 12 bs: 0.524484
124 127 2607 3468 3861 7536 8499 8696 9830 10519 11711 11814 
#module 167 size: 30 bs: 0.67511
76 1255 1459 1708 1841 2735 2788 3289 4312 5449 5613 5849 5895 6090 6382 6827 6924 6960 7184 7491 7720 7789 7855 8228 8805 8848 10153 10267 10625 13006 
#module 168 size: 13 bs: 0.469199
951 1023 1287 2430 4638 6295 7544 9512 10624 10709 10845 11092 11456 
#module 169 size: 129 bs: 0.152511
7 21 28 180 183 184 762 793 820 886 963 986 996 1086 1098 1213 1219 1378 1554 1576 1577 1599 1816 1827 1840 1907 1918 2240 2242 2272 2321 2506 2525 2676 2697 2783 2910 2923 2936 2937 3116 3139 3224 3231 3247 3356 3490 3524 3589 3656 3768 4126 4172 4174 4366 4435 4443 4459 4477 4577 4735 4815 4849 4949 5036 5047 5070 5084 5308 5339 5396 5486 5510 5643 5752 5754 5764 5829 5877 5907 5952 5958 6007 6114 6212 6507 6612 6639 6673 6968 6969 7233 7289 7446 7480 7494 7683 7818 8016 8051 8125 8285 8324 8425 8472 8606 8789 8855 8947 9009 9082 9211 9246 9587 9644 9924 9929 10094 10250 10310 10402 10515 10673 10779 11450 11966 12382 12648 12756 
#module 170 size: 13 bs: 0.636702
907 1996 2838 3122 3126 3600 4421 5089 5428 5880 8562 9097 9262 
#module 171 size: 13 bs: 0.315849
2888 3576 4639 4920 6231 6514 7780 8475 8581 8672 8853 9212 12397 
#module 172 size: 18 bs: 0.256021
1048 1659 1865 2541 3964 4029 4078 4867 5792 6520 6715 7570 8498 9034 9300 9373 9580 10823 
#module 173 size: 123 bs: 0.751637
43 68 94 216 315 334 352 482 809 839 1001 1086 1125 1144 1204 1411 1476 1624 1643 1706 1735 2001 2157 2292 2388 2389 2559 2649 2753 2866 2888 2934 2957 3129 3365 3373 3478 3502 3647 3661 3708 3732 3782 3792 3805 3824 3902 4005 4054 4143 4164 4316 4334 4400 4847 4860 4873 4901 4935 5040 5111 5132 5141 5229 5277 5365 5526 5662 5734 5806 5824 5836 5919 5937 6004 6014 6141 6314 6415 6616 6694 7360 7427 7473 7545 7591 7624 7705 7797 7799 7857 7888 8283 8435 8494 8563 8579 8852 8901 8987 9144 9272 9360 9367 9524 9589 9721 9985 10107 10235 10404 10506 10751 10919 11243 11262 11269 11379 11514 11576 12549 12577 12586 
#module 174 size: 47 bs: 1.03762
804 1206 1302 2100 2106 2206 2784 3057 3107 3114 3137 3239 3303 3502 4115 4137 4236 4358 4400 5046 5153 5753 5765 5908 5925 6226 7142 7739 8031 8558 8562 8933 9275 9361 9512 9658 9687 9973 10510 10741 10845 10982 11092 11118 11127 11424 12635 
#module 175 size: 9 bs: 0.932202
1634 2967 4522 4807 4914 4959 6205 6773 9113 
#module 176 size: 52 bs: 0.686584
122 601 976 1014 1042 1094 1202 1427 1489 2148 2455 2472 2693 2970 3326 3371 3512 3555 3563 3662 3747 3856 3963 4071 4248 4283 4287 4923 5402 5783 6022 6154 6424 6671 6694 7203 8340 8452 8622 8737 8774 9247 9413 9588 9784 9957 10264 10629 10757 10931 11571 11878 
#module 177 size: 56 bs: 0.407262
442 708 1153 1278 1740 1891 1920 1980 2110 2441 2627 2637 2677 2829 2880 3214 3327 3511 3609 3853 3946 3955 3995 4046 4092 4286 4367 4389 4419 5140 5511 5576 5659 5737 5811 5993 6023 7256 7286 7441 7476 7597 7758 9298 9397 9546 10140 10354 10362 10617 10717 10978 11448 11491 11498 11712 
#module 178 size: 12 bs: 0.390241
479 1092 2791 3739 4101 5117 5408 5984 6304 7741 11614 13006 
#module 179 size: 35 bs: 0.820214
369 428 451 775 779 1224 1226 1656 1943 2411 2862 3723 3728 3838 3992 4676 4766 5154 5179 5515 6177 6231 6386 6526 8332 8628 9071 9111 10199 10703 10803 10899 10905 10930 11150 
#module 180 size: 21 bs: 0.156563
309 400 918 1745 2435 3096 4365 4731 5208 5445 5845 6142 6731 7202 7649 7902 8528 9254 10158 10778 11395 
#module 181 size: 22 bs: 0.892665
885 959 1021 1155 1336 2097 3308 3340 3673 4604 4845 5068 5489 6399 6922 7429 7555 7746 7906 8738 8783 10550 
#module 182 size: 33 bs: 0.752978
147 213 465 878 985 1092 1726 1864 3040 3198 3212 3535 3550 3916 4591 4758 5387 5506 5538 5737 5783 7174 7179 7381 7454 7464 7614 8032 8762 8876 9502 9695 10574 
#module 183 size: 41 bs: 0.517964
35 210 849 1555 1591 1597 1768 1885 2368 2617 2718 2953 2954 3212 3609 3755 3759 3988 4180 4249 4403 4579 4674 5134 5227 5879 6390 6481 6658 6669 6744 6863 7042 7362 8261 8557 8617 9026 9979 10240 10329 
#module 184 size: 95 bs: 0.997708
64 137 159 618 953 1039 1103 1257 1316 1567 1569 1686 1697 1722 1729 1927 2060 2103 2312 2377 2382 2461 2508 2635 2956 2980 3464 3587 3698 3775 3793 3828 3865 3895 4073 4244 4270 4495 4529 4540 4575 4615 4636 4665 4762 4824 4887 4945 4966 5185 5429 5477 5691 5816 5854 5856 5862 6181 6336 6344 6370 6428 6443 6451 6531 7006 7040 7684 7736 7745 7834 7856 7861 7938 7988 7989 8012 8437 8654 8710 8802 8971 8990 9045 9202 9209 9417 10130 10209 10321 10712 11142 11188 11265 11266 
#module 185 size: 64 bs: 0.972014
191 274 280 488 687 698 1687 1714 1819 1981 2272 2287 2385 2432 2435 2650 2846 2854 2862 3139 3188 3320 3449 3485 3565 3587 3674 3721 3736 3772 3932 4345 4705 4731 5212 5242 5476 5512 6005 6250 6327 6534 6586 7415 7571 8023 8172 8199 8743 9066 9075 9189 9209 9325 9376 9622 9754 10019 10357 10422 10613 10707 11083 11169 
#module 186 size: 35 bs: 0.990615
188 360 516 596 721 2444 2971 3113 3180 3748 3780 4227 4683 4840 4884 5112 5674 5691 5780 6266 6340 6664 6935 7010 7056 7181 7819 8389 8690 8755 8991 9611 10291 10551 11545 
#module 187 size: 13 bs: 0.647064
3 186 446 608 1698 4715 5623 5629 5646 9408 10281 10286 11595 
#module 188 size: 49 bs: 0.483019
596 764 1036 1359 1486 1695 1864 2160 2400 2665 2952 2963 3321 3627 3636 3649 3684 3882 4637 4908 5041 5112 5379 5430 5479 5528 5909 6097 6155 6162 6359 6369 6491 6664 6701 6863 6935 7056 7384 7689 8234 8673 9036 9397 9402 9419 9540 11501 12997 
#module 189 size: 49 bs: 1.04128
95 359 692 718 961 1060 1241 1305 1320 1539 1932 2169 2186 2192 2193 2194 2209 2215 2653 3788 3794 3855 3904 3914 4100 4971 5221 5559 5887 6071 6286 6290 7292 7335 7483 7595 7743 7801 8394 8961 9253 9338 9475 9495 10145 10228 10296 10433 12595 
