5 996 0.336981
2566 89 0.285041
2566 2717 0.343382
6526 2301 0.327303
6573 4645 0.287061
4025 2303 0.310547
9670 1556 0.326546
9555 8503 0.286886
8301 4844 0.261749
8301 2533 0.251189
8301 7514 0.2473
8301 1396 0.245299
8301 4577 0.254523
9673 5146 0.304444
9673 1213 0.310448
9673 1784 0.298186
9673 6970 0.321137
714 2590 0.347545
5821 6820 0.281606
7306 4453 0.283858
4305 2524 0.310716
6954 6719 0.275534
1145 1243 0.312024
3254 4901 0.310538
3254 7470 0.33227
1254 4038 0.336305
5984 6910 0.289109
161 3301 0.29459
7516 2524 0.301601
347 3743 0.31879
2262 544 0.304105
8904 2845 0.311371
8907 1409 0.307326
8907 1387 0.319562
3991 3040 0.296848
3991 1494 0.29023
3991 9022 0.280638
8801 2059 0.242715
8801 7652 0.265216
8801 6838 0.245227
8801 9519 0.253262
8801 3887 0.25632
2859 223 0.327201
2859 5604 0.240489
2859 5058 0.337742
8591 3337 0.289345
2912 5109 0.275707
2912 2941 0.272187
1792 6415 0.308654
1791 1738 0.298388
1791 1811 0.321295
1791 1263 0.347015
1791 385 0.320328
1791 8580 0.357583
1791 2682 0.314322
1251 1738 0.290412
713 6405 0.313103
713 1660 0.295795
713 1927 0.310477
2854 5778 0.250148
1795 1533 0.332204
1795 2544 0.331193
1623 7600 0.318713
1491 1177 0.269238
1491 1739 0.304014
1491 1783 0.294818
1491 1209 0.272908
1491 1738 0.297077
1491 1850 0.265805
1491 6765 0.275378
1491 1206 0.299385
1491 6410 0.272024
1491 381 0.268175
1491 385 0.269795
1491 8242 0.292666
1491 6543 0.272266
1491 4138 0.266542
1491 2365 0.276805
1491 2682 0.301596
4933 4716 0.280793
1497 2270 0.316308
1497 6730 0.302731
1497 5200 0.321514
1497 1364 0.299231
1497 2695 0.302261
1497 1656 0.348565
6159 6668 0.330841
6159 228 0.333166
6094 5336 0.267804
6094 6719 0.27126
3202 6554 0.29119
3202 2905 0.265957
3202 8602 0.266493
3202 4928 0.293841
3202 5306 0.285802
3202 237 0.267557
3202 7734 0.29148
5266 2862 0.272374
1394 1053 0.316675
1704 7744 0.309393
1704 2139 0.278461
1705 5343 0.324315
5261 2222 0.317934
5261 219 0.320658
1656 592 0.297628
1656 3081 0.3065
1656 9469 0.307502
1656 2267 0.307192
1656 5200 0.317028
1656 520 0.310258
1656 544 0.312818
1656 2695 0.303856
1656 5652 0.298358
1656 2530 0.316327
4528 2064 0.295222
4528 2294 0.319695
2312 5146 0.283383
1064 2429 0.298553
1064 5158 0.284039
1064 4535 0.311956
1064 1454 0.28832
1064 643 0.272796
1064 1927 0.296648
1064 1660 0.274097
5306 1173 0.301208
5306 5701 0.282996
5306 2905 0.307202
6650 6719 0.243488
5855 7764 0.311483
9677 3431 0.281788
5851 9088 0.319522
5851 3074 0.32986
5851 8010 0.333361
1669 65 0.296641
1667 2260 0.310258
1667 3537 0.279843
5916 6187 0.289263
5916 4001 0.302849
5916 3516 0.283432
290 1887 0.314512
290 9499 0.261876
290 274 0.297115
1660 601 0.305312
1660 2483 0.270822
1660 1927 0.35242
1660 958 0.277727
1660 1961 0.271866
1660 957 0.285502
1660 6760 0.292552
1660 2660 0.286288
1660 1393 0.274756
1660 935 0.273134
1660 2429 0.320208
1660 9157 0.276898
1660 2877 0.286947
1660 7661 0.278458
1660 4875 0.272824
1660 1454 0.328628
1660 643 0.305302
1660 3988 0.292239
1660 2674 0.279616
1660 1382 0.274561
591 1263 0.244995
591 1738 0.291065
591 4923 0.313813
591 6397 0.24956
591 1780 0.266355
1085 1977 0.277711
1085 182 0.336877
1085 1409 0.285145
1085 1387 0.323743
592 769 0.310733
592 549 0.284751
592 2270 0.349159
592 2939 0.319603
592 7782 0.308227
592 1364 0.293775
592 1178 0.306243
592 6730 0.300681
592 5200 0.326871
592 320 0.301718
592 544 0.329026
592 2695 0.325276
592 1787 0.313153
592 659 0.301718
594 958 0.308433
594 665 0.286692
8602 6554 0.323105
3687 929 0.344263
3687 5109 0.253064
190 2741 0.330235
6981 6129 0.272222
6980 7614 0.273704
6980 8464 0.269916
6385 4923 0.249872
6385 4459 0.238249
3141 5693 0.306577
3678 5336 0.315827
274 2498 0.256276
274 2870 0.239368
274 8031 0.26354
274 9349 0.245636
274 2222 0.263359
274 4755 0.242258
274 4971 0.243667
274 1887 0.280062
274 9499 0.252224
274 8425 0.254668
274 7861 0.240611
274 2363 0.273859
274 2367 0.254516
274 3315 0.240937
274 7509 0.284285
4650 7645 0.331193
3296 2810 0.325795
2827 4001 0.314792
2827 5377 0.25114
2827 1563 0.324848
2827 5778 0.253747
3676 2079 0.297243
3676 6710 0.279951
4553 6719 0.290627
4701 5778 0.255821
4701 8384 0.334514
2543 8080 0.325467
2543 560 0.334975
2543 2641 0.304728
2543 1732 0.306875
2543 1874 0.31961
2543 2370 0.290431
7571 4166 0.311127
2547 2290 0.304413
2547 7911 0.303349
2547 2517 0.312595
2547 700 0.302558
3663 663 0.316341
3380 5960 0.31382
3380 3309 0.297011
5413 2345 0.29159
5413 5654 0.316693
5413 2297 0.328252
5413 84 0.311442
7633 1533 0.332404
2981 2131 0.301401
3388 5873 0.326582
7096 1256 0.292667
7096 1839 0.259155
7096 65 0.268464
1612 1810 0.342466
1612 1361 0.345299
8754 549 0.2793
8754 268 0.29498
1409 2345 0.283117
1409 973 0.276404
1409 1977 0.315058
1409 1740 0.293157
1409 2303 0.279823
1409 30 0.275585
1409 671 0.291883
1409 1438 0.281535
1409 182 0.284407
1409 823 0.282622
1409 1387 0.341236
1409 8323 0.283431
1409 7348 0.283132
1408 5200 0.310841
1408 865 0.31239
1408 1488 0.322804
1408 1821 0.336305
1408 1364 0.297872
520 2487 0.317838
520 1364 0.295928
520 2695 0.293969
6347 9141 0.314264
1014 4252 0.27701
1014 5581 0.343634
8737 1243 0.323323
8737 2290 0.311483
2260 2659 0.301912
2260 773 0.261846
2260 5254 0.293689
2260 4916 0.28071
2260 2495 0.298537
2260 9533 0.247636
2260 632 0.299956
2260 2436 0.29107
2260 6869 0.282144
2260 7600 0.288853
2260 2620 0.29952
2260 2537 0.277356
7600 2537 0.335633
7600 5250 0.320289
1407 8501 0.316111
1407 267 0.2848
1407 1073 0.290552
7980 4566 0.29838
7980 4627 0.32106
2525 1732 0.320925
2525 1533 0.333663
2525 822 0.343184
9157 665 0.302103
9157 1393 0.314534
9157 643 0.298476
9157 1382 0.337141
2768 9632 0.322919
1338 1286 0.281636
1338 8080 0.268694
1338 8081 0.292057
1338 6995 0.256693
1338 8436 0.283736
1338 9349 0.268407
1338 1337 0.26738
1338 1874 0.296929
1338 4191 0.290324
1338 5786 0.284519
1338 8425 0.271843
1338 1742 0.263307
1338 3099 0.264695
1338 2641 0.266121
1338 8583 0.273481
1338 1905 0.284519
1338 139 0.277912
1338 4972 0.270221
1338 2731 0.280599
2524 9395 0.307266
2524 6702 0.316198
4196 55 0.307246
2762 8445 0.311293
1337 560 0.331252
1337 2641 0.279217
1337 8425 0.296655
7994 1174 0.309338
1331 2816 0.294533
1331 601 0.313409
1331 665 0.305779
1331 736 0.302801
1331 1611 0.286224
1331 2020 0.302498
1331 1518 0.321081
1331 1223 0.303059
1331 4627 0.314674
1331 397 0.29262
1331 1382 0.293356
9521 1599 0.345608
9521 1811 0.32517
9521 4424 0.325795
9521 6726 0.312373
5778 4248 0.247737
5778 5377 0.282869
5778 5058 0.246332
5778 8474 0.262377
5778 223 0.255302
5778 7628 0.247518
6930 3665 0.33424
6930 1278 0.277651
9488 5715 0.317028
9488 1443 0.313274
9488 7655 0.275298
4358 4793 0.333247
1514 9141 0.29588
8127 2034 0.320074
7901 2695 0.295132
100 25 0.326511
6939 8496 0.273683
8583 8081 0.331903
8583 9349 0.326041
8583 1742 0.344044
8583 3289 0.338201
8583 139 0.32279
8583 8989 0.322836
8583 4972 0.347767
5777 9129 0.297191
5777 3819 0.290253
5777 617 0.297966
5777 4954 0.300097
5777 1452 0.299556
5777 5513 0.318182
5777 549 0.268525
5777 4343 0.291695
5777 6538 0.29405
8289 2559 0.264361
8289 7514 0.268008
8289 7243 0.292682
902 4716 0.299031
902 4304 0.308214
6270 6613 0.320359
39 5109 0.295364
39 2941 0.277257
39 109 0.350635
2517 1831 0.274589
2517 19 0.278751
2517 9533 0.278801
2517 2329 0.2889
2517 2290 0.317032
2517 700 0.315339
2517 1243 0.274384
2517 7396 0.285508
2517 4492 0.315571
2517 3725 0.276549
2517 7911 0.298065
2517 9590 0.2766
7702 7552 0.243804
2488 745 0.293208
2488 940 0.320752
2488 5446 0.331838
5579 8580 0.321682
7624 9627 0.308688
33 769 0.289089
5576 4910 0.321653
5576 6710 0.288954
30 958 0.280003
30 504 0.339343
7708 4720 0.34417
4425 8255 0.322919
1240 2431 0.292611
1240 7519 0.2929
1240 7084 0.273367
1240 1593 0.28575
643 601 0.327267
643 665 0.334899
643 2655 0.271437
643 397 0.298227
643 1927 0.315448
643 2864 0.274389
643 958 0.293658
643 3476 0.287755
643 2327 0.281624
643 1540 0.270529
643 1961 0.281362
643 1393 0.274923
643 935 0.270574
643 2429 0.315944
643 2877 0.267359
643 7661 0.27577
643 1454 0.301677
643 1365 0.275572
643 1382 0.306905
1533 1732 0.317986
1533 2544 0.342742
1244 2214 0.287064
439 632 0.345608
2164 2175 0.327916
4517 7641 0.312444
4517 6373 0.308768
4517 5286 0.3062
3099 8051 0.262728
6374 931 0.301101
6374 9649 0.281303
430 403 0.335683
9556 4459 0.248547
8498 6869 0.306043
540 864 0.3076
3155 3721 0.29229
3123 2573 0.316811
4111 2073 0.327903
3800 8206 0.309877
3800 5745 0.32704
3800 7655 0.282982
3238 2522 0.271505
4031 6837 0.244076
8464 1323 0.269646
8464 4716 0.259553
8464 6040 0.255961
8464 8969 0.258139
8464 7027 0.284482
8464 5907 0.253431
8464 5495 0.266632
9632 5381 0.303163
1905 8051 0.275956
1905 1286 0.331189
1905 793 0.304714
1905 5786 0.363315
1905 5782 0.319456
1905 418 0.284021
1905 1381 0.31139
1905 1880 0.29472
2835 7222 0.264382
2835 8561 0.278804
7348 1977 0.274586
7348 2345 0.308515
558 964 0.275086
558 2047 0.294948
558 3113 0.302324
558 1878 0.31032
856 19 0.304051
856 1930 0.285569
856 1162 0.337489
856 531 0.320699
1938 4535 0.270949
850 1995 0.341155
850 1136 0.351311
850 411 0.339293
9598 842 0.290797
249 113 0.345608
3511 2802 0.296946
1390 869 0.311145
3516 4001 0.266167
3516 2125 0.265376
3516 8258 0.283495
3516 805 0.289954
193 4535 0.277338
5230 3125 0.319418
7514 8424 0.30244
7514 7243 0.289484
7514 2559 0.271009
7514 8146 0.246623
7514 4453 0.289121
7514 6534 0.291066
7514 8269 0.250867
7514 4577 0.287752
7514 2533 0.287731
2688 1286 0.29507
2688 5701 0.263711
2688 1389 0.307927
3892 2370 0.288272
3893 7744 0.290387
2686 1886 0.354759
2686 6835 0.358332
3337 8000 0.291929
2682 1738 0.288322
2682 1206 0.32516
2682 1811 0.330352
2682 1783 0.326348
2682 385 0.335707
2682 8580 0.322724
2118 220 0.279662
3309 6820 0.276959
3309 663 0.27307
1960 1454 0.312201
1960 2429 0.30995
1960 1393 0.304726
1960 4535 0.279298
5231 2065 0.300672
5231 7482 0.31061
3866 1881 0.327597
7008 1243 0.317535
7008 2709 0.28986
3560 8206 0.318558
3560 7655 0.290154
8 8873 0.330839
8 8130 0.306224
7267 5715 0.308266
90 1517 0.319995
90 2067 0.347443
90 1325 0.337001
9027 2345 0.309543
9027 4706 0.337472
1991 8580 0.320083
1993 8183 0.31451
6759 2245 0.348434
6759 3137 0.291066
1995 2081 0.33508
1995 1136 0.32947
1995 411 0.327389
1994 3604 0.26939
1997 4793 0.328787
5185 5146 0.275001
5223 2817 0.251113
5223 6837 0.258144
5958 4997 0.350634
5958 751 0.309719
5958 1961 0.326589
4178 3988 0.283612
4178 6562 0.252829
4070 3887 0.289546
4070 7164 0.314772
6754 6719 0.257403
5818 5146 0.268208
5818 1784 0.316697
5818 7686 0.314855
5818 544 0.320259
5818 549 0.281173
5818 7048 0.347043
5818 2242 0.333849
3967 5783 0.26895
8936 19 0.315889
8838 2845 0.307266
8838 446 0.315795
5887 1738 0.286513
239 3300 0.33174
2861 6072 0.27527
2862 601 0.250821
2862 2294 0.249175
2862 1370 0.289329
2862 1520 0.264563
2862 2064 0.270535
2864 2429 0.298744
2864 751 0.328635
2864 2655 0.299732
745 2341 0.290839
745 5569 0.325566
745 3410 0.290649
745 940 0.315424
745 3185 0.294303
745 1693 0.303363
745 2196 0.289991
554 2947 0.32068
554 1259 0.319246
556 1546 0.348129
927 2124 0.342558
4266 2817 0.285149
4266 6837 0.264741
5066 951 0.282246
5066 4569 0.256287
5066 85 0.255974
7375 5054 0.310733
7375 6734 0.309041
7375 2556 0.312809
7375 884 0.318413
7678 139 0.316981
7678 418 0.309953
7172 4252 0.265941
2947 8162 0.323934
2945 5146 0.269169
2945 1784 0.288865
2945 2700 0.293105
2945 6256 0.311515
7675 2709 0.305463
9225 8683 0.275283
2941 1050 0.276762
2941 4044 0.275605
2941 3229 0.322775
2941 3796 0.262652
2941 5109 0.303302
2941 6734 0.295691
2941 3410 0.276322
2461 89 0.287062
2345 4706 0.28968
2345 1286 0.305323
2345 1977 0.283354
2345 2303 0.296796
2345 2297 0.296358
2345 671 0.297578
2345 84 0.290777
2344 6162 0.317712
5355 1173 0.293059
5355 2905 0.298413
2341 7929 0.271084
6112 1050 0.274842
2342 935 0.323134
8436 6995 0.265539
8436 5240 0.297236
8436 2311 0.296143
2348 5480 0.353326
3344 5336 0.310766
1196 55 0.303599
1759 1732 0.319926
716 65 0.2716
1755 2214 0.289109
1177 6410 0.32427
1177 1738 0.286774
147 7108 0.248672
618 695 0.277464
145 964 0.325508
145 8873 0.300133
145 1878 0.305228
1173 1775 0.287821
1173 6546 0.282485
1173 1780 0.287852
1173 2817 0.245553
1173 1243 0.281118
1172 8580 0.321023
1172 2404 0.344263
1172 306 0.254332
6970 5146 0.285582
6970 776 0.298994
6970 5152 0.304256
6970 4971 0.328212
1198 1518 0.312377
9110 1038 0.301796
4252 6656 0.261076
4252 3753 0.261131
4252 5978 0.261674
617 5165 0.335932
617 5543 0.306607
617 2242 0.300605
617 1452 0.328787
617 549 0.29884
1276 8121 0.322621
1276 6531 0.308529
1178 1351 0.299762
1822 9030 0.304545
46 1184 0.3224
46 1518 0.310413
1887 9499 0.268615
1887 189 0.287682
1887 7509 0.304816
4464 3276 0.347721
4373 1839 0.242964
4373 65 0.27761
1880 1365 0.310352
1880 8051 0.249509
1880 5786 0.29472
1880 1381 0.333446
1285 9300 0.261056
1285 4326 0.312569
1529 1212 0.283786
1529 6084 0.348565
1529 6000 0.299636
1286 8051 0.254292
1286 793 0.289226
1286 1977 0.284277
1286 671 0.276092
1286 4191 0.26756
1286 9006 0.273933
1286 5786 0.331189
1286 5782 0.288025
2125 6258 0.27351
3400 1732 0.30637
4916 6869 0.303829
515 306 0.259666
4915 8130 0.307378
3113 2047 0.305751
3113 7607 0.284079
3113 7839 0.296381
3113 8709 0.341714
3113 4474 0.277582
604 2436 0.317838
604 118 0.329421
4910 2281 0.324938
1472 4971 0.284058
648 2641 0.277022
1470 549 0.293829
1476 4326 0.298249
157 2695 0.293816
2533 9300 0.255915
1571 1611 0.304223
1571 2370 0.309709
1571 219 0.339693
2531 8503 0.272912
681 403 0.330871
681 1899 0.309629
683 2792 0.306416
683 54 0.338611
2712 3153 0.320328
2659 771 0.301683
2659 3758 0.3003
2659 9533 0.250327
8425 793 0.312149
8425 5240 0.300841
8425 4191 0.330582
8425 6602 0.293048
8425 9037 0.297391
8425 5526 0.299513
2716 5026 0.341463
2717 89 0.281404
1302 1382 0.304891
8500 9296 0.299525
797 6656 0.323749
8384 800 0.269238
1225 6668 0.317709
2655 958 0.28185
2655 665 0.28337
2655 1961 0.313522
2655 1454 0.299007
2655 1927 0.281583
2655 7661 0.328344
2655 935 0.324038
769 2939 0.295704
769 5200 0.288567
769 7880 0.329517
769 2695 0.299578
769 549 0.283295
7220 3431 0.269998
5743 884 0.278114
5745 8206 0.304733
5745 7930 0.324829
5745 7655 0.288598
3410 940 0.28954
3410 6858 0.31428
134 1810 0.331326
134 9590 0.320119
495 768 0.354883
495 549 0.274725
495 1351 0.294951
495 2134 0.351954
495 48 0.339954
139 8051 0.245259
139 8398 0.329026
139 418 0.292692
139 1742 0.331403
139 8081 0.341157
8989 8051 0.250448
8989 3289 0.335047
6222 3788 0.258375
6222 268 0.286897
5584 3359 0.283376
1831 700 0.346013
1831 2692 0.345836
1831 4492 0.282446
3799 2695 0.293936
7450 3329 0.311037
7450 268 0.261636
7450 5571 0.329086
7450 4641 0.296549
1243 2709 0.292913
1243 2290 0.308898
1243 306 0.251135
1243 3725 0.310258
29 7335 0.282252
29 9646 0.281404
29 2094 0.292236
29 861 0.294473
29 306 0.264452
29 378 0.29007
29 3137 0.335047
29 7041 0.283204
29 1590 0.293279
29 398 0.289212
6475 3750 0.303059
7048 1452 0.335932
7048 1784 0.294946
7048 7686 0.317274
7048 1298 0.34337
7048 6538 0.319195
7048 544 0.318713
7048 549 0.310731
7048 2242 0.34992
1370 987 0.278395
1370 976 0.275702
1370 6405 0.268981
1370 8638 0.292332
1370 2483 0.276191
1370 1181 0.302928
1370 504 0.275573
1370 3303 0.302522
1370 935 0.274289
403 1627 0.345608
403 411 0.323745
8496 3758 0.312192
8496 4374 0.320752
9567 6562 0.250789
9568 2693 0.289707
932 8823 0.285898
931 3988 0.277507
931 6562 0.241304
931 9649 0.272801
8537 6719 0.261538
9684 996 0.262396
9684 9196 0.281311
935 976 0.318182
935 751 0.316447
935 7447 0.319203
935 5255 0.325369
935 1961 0.318039
935 1454 0.313732
935 1927 0.28562
935 7661 0.329412
5380 19 0.30617
5381 1961 0.312128
5381 6268 0.318267
5381 6190 0.311667
5381 4492 0.308113
5381 2660 0.297792
5382 6162 0.313782
1701 886 0.331896
8638 5158 0.313712
8638 6405 0.329436
1955 1518 0.318302
7470 4901 0.293335
7470 3989 0.304008
4377 2493 0.332748
4377 224 0.312478
6719 7480 0.271052
6719 9318 0.245689
6719 8961 0.255121
6719 800 0.245825
6719 1878 0.275504
5195 3429 0.310794
4038 4720 0.288211
6710 5397 0.288993
6710 8928 0.307589
8873 964 0.280556
8873 9296 0.271853
8873 8961 0.306877
8873 8130 0.312097
8814 4641 0.284458
8814 549 0.271935
8814 6192 0.322807
8814 1259 0.325741
7315 4923 0.280597
4872 6021 0.278117
4872 5495 0.264089
1874 1601 0.323018
1874 560 0.303641
1874 2641 0.28547
4137 5026 0.330582
2593 1239 0.330648
378 2245 0.30772
378 3137 0.326425
378 9590 0.334201
378 1590 0.285131
4859 9141 0.284527
3844 5652 0.302236
4482 1900 0.312513
3671 4516 0.28626
823 181 0.319506
823 973 0.336456
376 7108 0.311371
376 5026 0.314149
1278 3665 0.285001
1278 7423 0.276005
1278 2019 0.27389
1278 842 0.285976
3097 3713 0.348253
4046 5776 0.353326
2905 4923 0.251576
2905 1211 0.275885
2905 4928 0.302166
8162 1259 0.3363
8162 2513 0.340587
6531 6287 0.279475
6531 1655 0.305571
700 2692 0.328577
700 4492 0.30731
2313 3944 0.324964
9014 6162 0.313082
390 3604 0.284394
397 1421 0.339947
397 601 0.320913
397 1184 0.322724
397 1518 0.331069
397 68 0.309767
397 1216 0.324715
397 2370 0.308472
397 665 0.310632
397 1382 0.312341
6609 4166 0.277661
6609 9268 0.287106
6609 4516 0.305228
6609 6447 0.272502
7130 1436 0.329021
8503 3904 0.275016
8503 189 0.259714
8503 2639 0.273452
8503 2890 0.291687
8503 6995 0.287035
8503 7974 0.27309
8503 7386 0.298606
398 3137 0.309621
398 1590 0.323896
5669 2139 0.28066
84 7286 0.319424
84 2303 0.304664
84 2297 0.299993
84 7898 0.289761
84 5489 0.321965
84 1871 0.301458
84 5654 0.330635
4044 1050 0.276308
793 5786 0.304714
5257 1738 0.279473
5254 2620 0.358332
5254 2968 0.318267
2303 2297 0.312309
1718 8051 0.267774
1718 3788 0.249743
2307 186 0.357583
5323 2587 0.297567
5323 1601 0.297681
5323 2600 0.305218
5323 8855 0.311062
6538 2242 0.310917
6538 1452 0.326511
6538 5513 0.30943
6538 549 0.325649
5960 606 0.332591
5961 19 0.291162
5964 8051 0.25253
3665 6258 0.271949
109 5109 0.286556
109 5774 0.324986
8206 6785 0.303275
8206 6354 0.297011
8206 7655 0.30281
2282 7108 0.257424
2282 4811 0.336388
2282 5026 0.333683
1136 2968 0.310137
1136 446 0.330873
1136 411 0.336388
6253 2214 0.288293
247 2067 0.342094
247 3487 0.34275
247 2214 0.292051
246 8982 0.347545
2839 6129 0.274847
2839 2892 0.330557
4627 2020 0.306222
2836 2139 0.285569
4543 1363 0.313852
7782 72 0.335675
1635 2779 0.347627
1436 6364 0.319103
2274 6990 0.352684
2274 6162 0.320901
2274 5397 0.326109
2274 9296 0.272727
2274 5336 0.274652
295 1964 0.281555
3395 5899 0.302242
3395 8051 0.252303
3395 9600 0.315465
2270 549 0.27754
2270 1787 0.331027
2270 6730 0.312734
2270 5200 0.324371
2270 544 0.331497
2270 2695 0.312123
2270 1488 0.313391
2577 1976 0.297644
2577 954 0.329373
7146 549 0.279257
2573 2544 0.329043
1381 8051 0.257723
1381 2370 0.292552
1381 5786 0.31139
2048 5583 0.299607
2048 306 0.264095
2048 2494 0.321302
4972 1742 0.335657
2058 8474 0.260954
2841 822 0.349828
6734 5109 0.269774
6734 3229 0.293632
2067 1307 0.342226
2067 1325 0.34743
2067 3487 0.343634
2067 1517 0.338434
2370 1421 0.291912
2370 1223 0.291431
2370 1807 0.293418
2370 1977 0.301952
2370 2487 0.288328
2370 1184 0.317924
2370 219 0.304545
2370 1518 0.299308
2370 1216 0.30416
2370 1611 0.30046
2371 3813 0.304909
1000 6730 0.314046
8501 2898 0.305039
1349 573 0.290247
8051 1212 0.289645
8051 1213 0.257055
8051 9650 0.281696
8051 5786 0.275956
8051 5782 0.25907
8057 4760 0.276494
8057 2432 0.312725
8055 7929 0.282713
1220 1351 0.309605
2455 549 0.283557
2455 1488 0.305365
9129 1259 0.31152
9534 7641 0.33424
9533 693 0.265012
9533 967 0.258479
9533 773 0.24957
9533 2522 0.322398
9533 7397 0.261751
9533 7742 0.293865
9533 8001 0.256361
593 2487 0.312419
1229 9504 0.281465
457 1912 0.340176
457 1312 0.363315
8242 1206 0.331328
6534 8269 0.296729
8119 4949 0.342695
6551 5336 0.269152
4433 869 0.327303
1871 7286 0.310095
1871 6181 0.302022
7911 2329 0.288274
4343 5146 0.27808
1878 964 0.299914
1878 8961 0.311238
1082 1454 0.293963
1082 958 0.279259
1082 1961 0.308841
976 884 0.286115
973 8323 0.312455
2054 152 0.340636
2054 9643 0.317714
3690 8992 0.27717
3690 25 0.253327
3690 567 0.272225
4824 1259 0.321794
6287 7552 0.237304
6287 4639 0.27056
6287 5642 0.27208
6287 3874 0.301477
182 1977 0.292596
182 671 0.301221
182 4402 0.313717
182 1387 0.304808
7776 7194 0.339343
6040 5495 0.267658
651 1717 0.321334
651 4297 0.292641
651 6354 0.307007
651 1735 0.283428
651 4002 0.286784
6361 9268 0.30482
7824 4923 0.23651
659 2487 0.347767
659 320 0.363315
659 416 0.351954
659 6830 0.330837
659 7655 0.267055
659 544 0.310509
659 1411 0.314046
8097 9296 0.276436
2620 632 0.343179
2620 2968 0.305862
9336 2491 0.323891
1608 4535 0.270664
3874 4639 0.310052
5169 6726 0.308985
5109 1050 0.264246
5109 3229 0.284658
5109 1953 0.278399
5109 8145 0.273275
5109 954 0.257655
5109 929 0.256304
5109 4998 0.258793
5109 4020 0.264053
5109 6737 0.260849
5109 435 0.262631
5109 3485 0.263151
3289 9349 0.338798
3289 418 0.288345
2438 5489 0.270769
8474 3431 0.317425
8474 1332 0.275718
8474 4757 0.276543
8474 6562 0.24313
1912 699 0.346133
1912 1312 0.340176
9627 5495 0.261666
869 7657 0.323018
3887 3429 0.26509
3887 3490 0.274221
3887 7164 0.278676
12 3813 0.29114
6405 5158 0.318007
19 1162 0.295855
19 1719 0.311799
19 3137 0.30102
19 1590 0.27667
19 531 0.28927
19 2366 0.290418
19 2329 0.270066
19 4492 0.283858
3444 2357 0.325276
865 6730 0.30226
865 1821 0.346933
865 1488 0.306324
864 1763 0.3153
864 2692 0.310216
8183 5873 0.290989
8183 5787 0.328665
8182 5873 0.284156
2020 1279 0.29335
2699 1164 0.306874
2083 2828 0.32175
2083 2877 0.253454
2695 1787 0.295333
2695 5200 0.299887
2695 1364 0.297091
2693 8212 0.286505
3325 1780 0.277592
1502 7744 0.306002
3904 2095 0.275871
3904 6995 0.271526
2815 3188 0.330546
2815 837 0.306017
886 2214 0.287749
884 7929 0.273127
6811 228 0.341951
189 2731 0.263002
189 6995 0.253045
189 5241 0.282415
189 4755 0.258658
189 2095 0.261636
189 6200 0.259372
189 7386 0.268887
2817 6546 0.26688
2817 7335 0.291181
2817 2555 0.250185
2817 210 0.254112
2817 7630 0.244647
2817 2700 0.24421
2817 4424 0.24446
2817 87 0.258566
2817 6837 0.293591
2817 6256 0.272219
2817 5583 0.281878
4590 3988 0.296603
940 3185 0.30308
940 2196 0.289308
6626 1964 0.285587
6626 759 0.288636
45 3175 0.326556
45 6000 0.308002
6748 1738 0.281387
6748 3819 0.330635
6748 1784 0.315516
6748 2700 0.307422
6748 2242 0.302261
4166 9602 0.29689
4166 8269 0.294853
4166 7194 0.303324
4555 784 0.265433
4555 3988 0.298326
4555 3572 0.311525
7321 72 0.308541
1964 759 0.285129
4001 7647 0.283414
4001 4248 0.285581
4002 6354 0.340669
5191 5026 0.316007
5191 7657 0.320362
5191 3604 0.269011
1961 1454 0.298318
1961 4997 0.326546
1961 6190 0.317884
1961 4492 0.298908
1961 2660 0.32103
1961 1927 0.291345
1961 7661 0.350465
1961 504 0.317093
1611 601 0.2924
1611 1977 0.28173
1611 219 0.312288
1611 7655 0.287556
1611 736 0.288054
418 5786 0.284021
320 2487 0.347767
320 416 0.351954
320 6830 0.330837
320 7655 0.267055
320 544 0.310509
320 1411 0.314046
327 2877 0.25029
327 5004 0.306694
327 6190 0.306862
327 4492 0.282681
327 5805 0.29542
327 6218 0.300129
2999 9439 0.313296
5800 306 0.264179
291 9268 0.317708
8928 3604 0.266298
2870 4645 0.296999
2877 958 0.276702
2877 2429 0.244232
2877 4535 0.258372
2877 2772 0.259597
2877 1454 0.302638
2877 1930 0.287079
2877 3988 0.266853
2877 1927 0.284956
2877 1393 0.250403
773 7742 0.262036
773 9697 0.26178
773 8001 0.26158
1290 2802 0.318205
1223 560 0.305531
1223 2487 0.312882
1223 1382 0.30417
7661 2816 0.299375
7661 1454 0.310526
7661 2660 0.312947
7661 1927 0.296478
4286 893 0.315141
6867 5873 0.333663
3359 1743 0.356957
3359 2139 0.293591
2530 9469 0.324589
6528 5377 0.247498
7282 1743 0.281474
4716 4334 0.289748
4716 3756 0.295853
4716 6164 0.302898
2336 549 0.266249
6130 2492 0.303366
7064 6415 0.317707
7063 1977 0.281914
4535 2429 0.290003
4535 1454 0.288069
4535 1367 0.281045
4535 803 0.281226
1259 2513 0.318713
5934 6837 0.256873
6882 1387 0.293778
1764 1393 0.321974
1764 665 0.283879
1764 1365 0.320714
1764 1982 0.35242
1764 1382 0.326756
7813 2034 0.318976
7813 4641 0.278822
7813 8458 0.33874
3712 3604 0.275626
1263 8580 0.335634
1263 1738 0.277814
665 958 0.313691
665 2816 0.283103
665 601 0.314306
665 1382 0.331434
665 1927 0.276167
665 68 0.302035
665 1518 0.307968
2491 2352 0.315158
663 6820 0.301236
663 3535 0.290898
663 7807 0.330841
2095 7974 0.288791
2095 5526 0.273912
2095 6995 0.280611
2094 3137 0.303204
2094 135 0.318672
1307 1974 0.356705
7645 8977 0.319821
4577 4453 0.300006
693 531 0.321803
693 2522 0.296308
3129 2357 0.308033
9203 5687 0.277692
1540 1382 0.303227
2487 6830 0.310448
2487 416 0.346368
2487 7655 0.270378
2483 5343 0.320328
2483 987 0.322326
2483 1454 0.310533
2483 2660 0.311861
2483 1927 0.27945
8658 784 0.263394
1279 1732 0.284502
547 549 0.282867
547 215 0.336999
547 2242 0.299712
547 1452 0.327666
544 549 0.283986
544 1784 0.301523
544 1787 0.321073
544 5200 0.308807
544 2242 0.329611
544 5165 0.302908
549 215 0.296014
549 6834 0.310704
549 1488 0.290886
549 2134 0.274941
549 6000 0.289468
549 1298 0.288454
549 914 0.266562
549 2242 0.318548
549 5165 0.291164
549 1310 0.335648
549 3819 0.272156
549 6730 0.276753
549 8408 0.310912
549 5513 0.277488
549 1599 0.284395
549 2551 0.315423
549 7686 0.31233
549 1452 0.318863
1460 957 0.315999
2242 6834 0.310124
2242 5165 0.33424
2242 1310 0.307754
2242 3819 0.302982
2242 1784 0.299496
2242 7686 0.329747
2242 1298 0.321139
2242 1452 0.318137
2242 914 0.317454
2242 5513 0.305705
7396 3429 0.29641
7396 2329 0.315995
2709 306 0.283621
993 4004 0.302658
1310 8408 0.338563
1310 2551 0.338648
5146 1784 0.296155
5146 5152 0.272942
5146 5701 0.275848
5146 5513 0.284327
369 987 0.346933
2700 6256 0.329954
2700 8108 0.304282
8538 2639 0.290318
8028 4512 0.314331
123 4459 0.254422
7880 1050 0.281025
7880 8818 0.309334
1787 5200 0.308165
5687 6562 0.274221
5687 476 0.270468
5687 1593 0.275849
5687 220 0.257447
8025 7108 0.25765
8025 3604 0.265819
4875 6760 0.284644
5593 7552 0.25461
8078 1256 0.280469
8078 65 0.27562
7447 1454 0.303781
7686 8408 0.300229
7686 6834 0.306632
5612 381 0.293044
2214 461 0.291312
2214 8969 0.285472
1821 6730 0.303302
1821 5200 0.315762
1821 1488 0.325276
4402 89 0.32372
6562 3431 0.254359
6562 3572 0.273834
6562 3136 0.271106
6562 5765 0.279973
416 6830 0.339343
416 7655 0.272868
416 1411 0.334514
6258 1363 0.274778
1388 1454 0.296304
1388 958 0.281105
411 446 0.323242
411 2790 0.25741
2792 8141 0.28163
2792 54 0.280372
2792 4459 0.239662
2792 5701 0.262281
1334 65 0.270858
1387 1977 0.293822
4971 776 0.282514
4971 8031 0.298967
4971 9241 0.304796
1382 958 0.299897
1382 68 0.317119
1382 601 0.293276
2148 169 0.321302
3949 6726 0.333003
3949 4424 0.320714
5397 9268 0.324371
5397 6990 0.320175
135 9122 0.279054
312 2816 0.314045
3944 282 0.332882
3944 3132 0.294059
8445 9600 0.288036
5701 3913 0.260819
5701 1639 0.265768
5701 4645 0.258196
5701 9006 0.260525
5701 4459 0.277843
1927 5158 0.29498
1927 601 0.304267
1927 958 0.291817
1927 957 0.286841
1927 6760 0.296511
1927 4492 0.277581
1927 2660 0.295889
1927 2429 0.329051
1927 1454 0.337082
1927 3988 0.270875
1927 2674 0.289473
1102 6762 0.2993
9300 3642 0.272882
9300 1396 0.252698
8323 1977 0.293161
7369 2329 0.271647
268 2034 0.2783
268 4641 0.26071
3472 4197 0.354759
2025 2436 0.314058
7386 6995 0.254815
7386 3573 0.323742
5004 2329 0.28547
5004 4492 0.287865
2796 1115 0.294498
3573 2639 0.323911
3573 1590 0.285116
3572 3988 0.287153
8969 5495 0.265638
8969 1323 0.302339
4492 2329 0.306651
4492 4997 0.311433
4492 3137 0.287942
4492 6190 0.302082
4492 2660 0.286358
4492 6218 0.297636
2660 987 0.309486
2660 6268 0.31241
2660 1454 0.306881
2660 6228 0.310216
2660 504 0.311363
8961 964 0.274692
8961 9296 0.303582
8961 3609 0.320679
8961 8130 0.325497
8961 6081 0.309897
361 5336 0.282462
7383 5655 0.305674
2022 65 0.272753
1267 3788 0.253474
3909 6000 0.288564
9006 9190 0.285257
3996 2134 0.333666
6478 3562 0.329499
6478 9643 0.339129
7027 3501 0.284879
7027 7647 0.252679
7027 4248 0.249758
385 1811 0.322353
385 8580 0.339525
5489 2311 0.332833
6174 3813 0.30748
4191 9037 0.298151
4191 5526 0.308768
3315 4645 0.29061
784 7655 0.267289
785 7919 0.331035
785 5559 0.294903
2694 2436 0.314112
780 5205 0.305622
4052 8269 0.281849
1727 5055 0.307202
4020 1899 0.319989
5241 4755 0.302654
1174 2363 0.31312
5873 1093 0.287995
5873 6129 0.279969
6864 4453 0.289831
6726 4424 0.298809
6726 1452 0.300465
6726 1599 0.312369
5377 4248 0.227147
5377 3458 0.246555
5377 9147 0.235379
1839 7056 0.251912
4479 2363 0.328495
7930 6785 0.351311
7930 7655 0.281247
573 803 0.306716
573 531 0.323999
2290 9590 0.312757
65 1208 0.300908
65 1202 0.298358
65 1256 0.275168
1209 1739 0.333816
1209 1738 0.293919
2800 1517 0.337802
2800 1325 0.34992
1162 1719 0.322841
1162 1930 0.301876
1162 531 0.31877
1162 2366 0.329732
406 1899 0.325128
406 4998 0.326047
156 1392 0.340318
156 1899 0.31233
156 4998 0.325508
156 6737 0.306753
2565 6129 0.293865
405 1351 0.323569
1038 89 0.287733
1038 9145 0.323724
2367 2363 0.311145
2367 8529 0.341101
2366 5343 0.32372
504 958 0.306636
504 1454 0.31225
505 4326 0.340782
2363 2498 0.313077
2587 6730 0.301329
2587 6200 0.320266
2429 958 0.277101
2429 6760 0.277539
2429 1454 0.318548
2429 1393 0.306159
1393 1454 0.296184
1216 1184 0.352596
1216 1518 0.318858
2047 8709 0.287656
1806 1351 0.298518
1806 48 0.321941
1351 48 0.29142
9138 3604 0.269994
8108 6256 0.306269
9504 2929 0.296648
5026 152 0.329002
5026 7108 0.259191
4954 8035 0.315963
5152 1212 0.295549
8269 4453 0.30819
1869 601 0.291456
1869 118 0.319267
1869 957 0.330268
5652 9469 0.314479
5652 1784 0.32783
7757 9519 0.29085
781 6995 0.268015
964 8130 0.288366
4931 800 0.309029
967 2522 0.278348
960 2552 0.333003
4937 7108 0.255851
2897 1653 0.316147
5578 118 0.316427
968 6904 0.308971
2892 6129 0.262976
1454 958 0.319772
1454 1367 0.289584
4404 1594 0.314543
1518 601 0.315542
1518 2641 0.302911
1518 5084 0.308111
1518 1184 0.316137
1452 215 0.339232
1452 1298 0.336048
1452 1599 0.327042
2514 2139 0.30001
8580 1738 0.286836
8580 1811 0.329692
1517 903 0.320377
1517 1325 0.346019
1516 7108 0.253716
2511 1520 0.305662
2731 6995 0.272533
6000 7286 0.305306
6000 3175 0.324733
8369 4639 0.313872
2739 6995 0.281805
2739 1488 0.308752
5240 5526 0.320018
8408 2551 0.343985
5571 3329 0.296997
5054 2556 0.297776
9590 3137 0.305028
1810 306 0.248076
1810 1361 0.34417
1811 1738 0.277107
1811 1783 0.339232
1811 1206 0.3226
1811 1784 0.298466
1811 4424 0.315937
6415 1364 0.294896
3432 4923 0.240098
6410 1738 0.295828
6220 9501 0.273337
6226 7022 0.306822
891 7349 0.328386
6730 5200 0.322841
6730 1488 0.314291
5200 1364 0.30894
1199 4923 0.24073
1199 1780 0.278304
6735 7108 0.294178
6737 6344 0.308276
4950 7655 0.268358
8085 7655 0.264064
7335 306 0.2465
6373 7641 0.341714
8081 8398 0.342466
8081 1742 0.339819
1977 4706 0.275235
1977 671 0.309959
8080 2641 0.275524
3989 4901 0.309721
7509 9499 0.271776
768 2134 0.35338
768 48 0.324937
1780 4923 0.24674
1890 2641 0.277705
1783 1739 0.331497
1783 1738 0.31673
1783 1206 0.337978
1783 1784 0.286238
1783 306 0.242192
1784 3819 0.295033
1784 4424 0.287691
1784 1298 0.285318
1784 5513 0.28529
1784 8225 0.284873
9284 3035 0.32175
3329 4641 0.280615
2139 7744 0.290536
2139 3055 0.28462
2139 1743 0.30545
6129 4248 0.262002
6129 3035 0.264257
6129 7647 0.27257
2320 601 0.300865
1771 4639 0.32459
2329 3429 0.254365
2329 4997 0.252261
5583 6837 0.2962
3760 5559 0.303208
3562 9643 0.319203
6995 5526 0.263753
6995 7974 0.345836
3485 1050 0.287485
3485 7929 0.291485
671 9148 0.312757
8146 4453 0.29193
914 5165 0.338622
3137 5943 0.293803
3137 1590 0.3094
3074 9088 0.332881
3602 7552 0.280661
2551 1599 0.334089
7607 5783 0.254804
2493 3604 0.266121
6397 4923 0.247655
6397 476 0.308113
4645 4459 0.260076
4424 3819 0.314393
531 1930 0.284992
1411 6830 0.336905
7655 2816 0.279864
7655 6785 0.290488
7655 6147 0.271868
2778 1392 0.311418
2772 1930 0.331039
2772 1590 0.279304
986 5645 0.343869
2494 306 0.252121
5765 9649 0.274253
118 957 0.33847
118 1520 0.304305
118 2674 0.304503
1855 1364 0.293031
1256 1202 0.305693
1525 2357 0.310728
1396 2966 0.322841
1392 2435 0.302386
1258 1742 0.32648
7734 4928 0.287307
3813 5591 0.310413
1653 2819 0.33508
306 6546 0.241515
306 9646 0.242582
306 1737 0.269382
306 1361 0.27314
9649 842 0.301304
4712 2431 0.32244
844 565 0.307239
842 7423 0.307246
9087 6344 0.303927
5085 7108 0.260373
2674 957 0.302141
6830 923 0.312488
6837 9424 0.248747
7108 152 0.251478
7108 3604 0.291832
5338 6162 0.321015
6162 9296 0.277953
1739 1206 0.344263
1739 1738 0.307092
1738 1206 0.302837
1738 4923 0.260369
5943 8101 0.328386
1732 1807 0.314927
1732 44 0.323242
1732 7830 0.316403
5786 5782 0.319456
5783 951 0.261967
5783 2954 0.27846
752 1365 0.307545
751 4997 0.315449
3607 3604 0.273089
560 2641 0.288035
3609 9296 0.273257
5899 9600 0.286462
7647 4248 0.309194
1593 476 0.285646
1593 7084 0.285926
1593 220 0.287669
5343 2431 0.30001
89 1055 0.289838
1212 1213 0.330548
1213 6181 0.311578
1899 4998 0.330736
2134 48 0.324719
3040 4516 0.292727
44 1807 0.335707
6187 7552 0.269407
