#module 0 size: 3 bs: 0.0899528
3157 3630 6828 
#module 1 size: 6 bs: 0.0958818
333 2223 2467 3295 6167 6819 
#module 2 size: 11 bs: 0.042587
169 1963 2041 2584 2790 2927 4558 4966 4987 5496 6772 
#module 3 size: 4 bs: 0.0345747
242 520 4501 6676 
#module 4 size: 23 bs: 0.897362
104 250 912 1409 1448 1791 1946 2527 2574 3100 3267 3366 3648 3831 4352 4816 4963 5116 5379 5466 6191 6300 6558 
#module 5 size: 4 bs: 0.261632
1661 2496 6080 6760 
#module 6 size: 6 bs: 0.37711
1028 1106 1346 2767 2854 5766 
#module 7 size: 10 bs: 0.224592
729 1446 1541 1564 2541 2731 2846 3041 5501 5904 
#module 8 size: 5 bs: 0.633283
999 1623 2694 4895 5162 
#module 9 size: 6 bs: 0.136051
2398 2531 3173 4079 5222 6060 
#module 10 size: 6 bs: 0.743204
633 2122 2789 3615 4016 4420 
#module 11 size: 4 bs: 0.104582
524 918 4038 4845 
#module 12 size: 4 bs: 0.874959
3096 3531 4387 5250 
#module 13 size: 57 bs: 0.838957
10 351 492 730 808 974 1017 1077 1174 1187 1192 1347 1422 1566 1843 1904 1971 1983 1987 2294 2439 2996 3181 3216 3245 3271 3331 3351 3400 3655 3657 3719 3808 3823 4068 4099 4100 4388 4665 4677 4844 4969 4979 5270 5698 5798 5821 5856 6146 6303 6366 6405 6417 6478 6497 6712 6912 
#module 14 size: 8 bs: 0.428776
344 1005 1215 2148 3089 3371 5586 6829 
#module 15 size: 33 bs: 0.323608
38 265 670 814 1170 1479 2243 2269 2314 2327 2343 2957 3104 3489 3896 4086 4149 4199 4402 4545 4622 5051 5211 5304 5476 5600 5700 5816 5870 5945 6117 6319 6820 
#module 16 size: 5 bs: 0.859914
276 625 1501 2533 4608 
#module 17 size: 110 bs: 0.451407
2 136 146 151 184 265 336 347 352 461 522 561 601 616 666 679 681 750 948 1010 1133 1261 1278 1298 1306 1388 1430 1465 1575 1613 1653 1669 1783 1786 1892 1989 2062 2120 2172 2187 2216 2293 2296 2330 2365 2544 2592 2598 2620 2624 2625 2687 2695 2781 2783 3018 3035 3077 3168 3211 3365 3368 3403 3412 3507 3511 3647 3739 3742 3785 3815 3938 3946 3983 4057 4104 4255 4314 4347 4419 4448 4449 4490 4619 4825 4961 4986 4988 5070 5084 5358 5385 5457 5483 5503 5515 5642 5684 5789 5985 6025 6206 6421 6464 6523 6529 6651 6696 6836 6861 
#module 18 size: 41 bs: 0.367952
257 646 848 966 1129 1163 1253 1364 1425 1852 2010 2171 2196 2274 2484 2809 2965 3053 3161 3210 3239 3347 3372 3486 3919 3977 3999 4129 4415 4926 4936 5019 5104 5588 6131 6204 6569 6642 6750 6775 6827 
#module 19 size: 34 bs: 0.941806
37 124 395 421 529 693 807 813 864 1107 1197 1208 1520 1523 1652 1703 1807 2133 2764 2779 3032 3291 3297 3483 3598 3796 4374 4922 5805 5872 5950 5991 6052 6456 
#module 20 size: 25 bs: 0.780016
232 1387 1441 1948 2074 2530 3056 3320 3732 3834 3836 3858 4127 4268 4542 4728 5021 5637 5694 5771 6103 6178 6255 6528 6719 
#module 21 size: 5 bs: 0.452786
680 1587 3668 5862 6023 
#module 22 size: 8 bs: 0.90948
156 852 1082 2201 2478 3850 4635 6031 
#module 23 size: 9 bs: 0.971648
1 2015 2336 3517 4568 4879 4912 6299 6345 
#module 24 size: 18 bs: 0.574115
49 237 306 442 2048 2227 2879 3549 3627 4140 4597 4671 5648 5663 5715 5927 6439 6534 
#module 25 size: 52 bs: 0.686623
122 200 310 448 723 865 1181 1288 1912 1993 2054 2126 2277 2314 2378 2401 2509 2798 2945 3015 3017 3151 3182 3302 3474 3489 3602 3637 3896 3997 3998 4053 4103 4294 4343 4379 4775 4780 4794 5051 5086 5340 5423 5609 5667 6117 6571 6588 6729 6859 6891 6906 
#module 26 size: 47 bs: 0.347089
74 123 172 394 425 523 911 932 1024 1032 1084 1392 1468 1731 1753 2249 2400 2704 2811 2816 2920 2941 2952 3042 3098 3229 3466 3953 4041 4221 4569 4632 5076 5118 5160 5220 5234 5614 5630 5724 5739 6144 6249 6334 6417 6430 6628 
#module 27 size: 13 bs: 0.474126
32 59 1227 1441 1637 2780 2958 3083 4796 5337 5694 6255 6384 
#module 28 size: 12 bs: 0.395141
91 243 829 1366 2606 3221 3650 4397 4809 4867 4904 5014 
#module 29 size: 43 bs: 0.700091
113 133 143 230 245 290 308 400 887 1232 1438 1457 1493 1627 1700 1760 2057 2190 2362 2421 2810 2820 2895 2956 3301 3345 3350 3454 3908 4305 4430 4579 4684 4808 4846 5077 5264 5295 5929 6562 6592 6605 6638 
#module 30 size: 15 bs: 0.92953
271 384 387 425 724 1072 1188 1498 2014 2019 2097 2664 3353 5472 6195 
#module 31 size: 25 bs: 0.645726
37 1076 1268 1474 1699 1732 1820 2367 2454 2656 2698 2782 3243 3866 4730 4965 5418 5498 5881 6029 6097 6133 6180 6241 6792 
#module 32 size: 102 bs: 0.704319
211 336 561 572 628 683 719 764 797 854 942 1037 1073 1091 1169 1217 1234 1245 1287 1310 1396 1418 1464 1599 1636 1648 1712 1783 1786 1796 1833 1888 1896 1927 1928 2068 2072 2349 2350 2493 2558 2617 2669 2698 2721 2889 2894 2968 3018 3113 3201 3276 3370 3398 3445 3461 3580 3727 3743 3750 3955 4138 4180 4198 4222 4241 4383 4425 4549 4722 4736 4762 4802 4829 4871 4992 5018 5051 5065 5109 5209 5287 5318 5382 5387 5459 5498 5548 5875 5903 5911 5913 5968 6089 6133 6180 6380 6421 6586 6739 6795 6811 
#module 33 size: 24 bs: 0.230344
138 958 1064 1201 1350 1463 1504 1533 1582 1657 1710 1744 2711 2744 2832 3802 3841 5814 5857 5898 5951 6026 6039 6097 
#module 34 size: 26 bs: 0.461107
125 194 907 955 984 1620 2175 2193 2419 2508 2568 2689 2808 2973 3955 4368 5005 5184 5458 5500 5610 5775 5934 6507 6583 6876 
#module 35 size: 39 bs: 0.178369
359 430 608 1019 2184 2304 2341 2492 2626 2874 3001 3148 3209 3231 3317 3382 3398 3892 4292 4383 4761 4777 4793 4872 4980 5046 5170 5368 5373 5441 5482 5891 6078 6177 6200 6291 6317 6549 6797 
#module 36 size: 18 bs: 0.59987
1701 1814 1919 1920 1959 1970 2375 2461 2938 3472 4081 4389 4485 4790 5360 5874 6092 6725 
#module 37 size: 50 bs: 0.477333
167 198 273 285 376 435 482 498 504 545 554 689 779 890 949 1144 1824 1935 2011 2082 2444 2462 2489 2672 2840 3194 3222 3255 3424 4017 4020 4026 4365 4392 4496 4556 4860 5124 5617 5624 5676 5810 5887 6065 6436 6653 6671 6709 6716 6918 
#module 38 size: 23 bs: 0.416165
281 299 369 651 904 1206 1348 1349 1508 1992 2233 3130 3478 3492 4726 4907 4973 5077 5374 5563 5735 6171 6461 
#module 39 size: 26 bs: 0.973095
298 379 647 910 951 1621 2849 2930 3258 3409 3441 3458 3914 3936 4303 4346 4384 4465 5193 5204 5230 5427 5889 6043 6725 6892 
#module 40 size: 21 bs: 0.672152
638 847 939 1054 1628 2814 2872 2964 2972 3736 4817 5195 5224 5325 5396 5756 5780 5855 6321 6499 6545 
#module 41 size: 16 bs: 0.62864
648 1184 1293 1634 1890 2044 3193 3348 3804 4010 4339 4720 6364 6469 6869 6896 
#module 42 size: 35 bs: 0.550165
6 25 39 451 788 863 1127 1233 1405 1578 1792 1806 1907 2077 2217 2773 3003 3085 3238 3448 3459 3485 3597 3789 3886 3976 3994 4228 4667 4694 4751 5096 5150 6034 6709 
#module 43 size: 37 bs: 0.485607
70 291 434 712 1018 1086 1120 1309 1323 1350 1428 1489 1507 1513 1517 1530 1825 1893 2402 2972 2986 3051 3791 3798 4318 4534 4547 4690 5275 5376 5440 5708 5776 5784 5977 6277 6600 
#module 44 size: 32 bs: 0.551011
126 163 330 1095 1263 1434 1640 1790 2311 2381 2579 2588 2699 2882 3065 3088 3488 4234 4288 4662 4740 4748 5265 5359 5364 5369 5554 6075 6131 6480 6785 6866 
#module 45 size: 47 bs: 0.810908
332 542 598 1096 1358 1538 1648 1691 2235 2428 2488 2519 2721 2784 2788 2805 2948 3048 3251 3438 3446 3824 3859 3925 4326 4425 4504 4565 4639 4997 5034 5155 5699 5771 5830 5880 5938 5968 6214 6330 6365 6408 6421 6431 6599 6678 6888 
#module 46 size: 103 bs: 0.120425
66 129 144 233 313 378 515 527 533 538 576 585 590 667 674 790 878 913 962 992 1021 1138 1244 1353 1375 1453 1642 1668 1694 1702 1875 1876 1877 1917 2028 2099 2206 2254 2321 2498 2510 2513 2526 2619 2651 2668 2677 2742 2908 3030 3091 3114 3190 3235 3270 3360 3361 3402 3418 3440 3617 3644 3687 3754 3910 4051 4077 4224 4306 4324 4509 4604 4614 4625 4739 4787 4861 4900 4951 5045 5066 5179 5206 5306 5468 5594 5917 5921 5928 6000 6027 6050 6114 6173 6258 6392 6659 6673 6710 6728 6755 6802 6856 
#module 47 size: 32 bs: 0.707603
180 604 821 892 968 1069 1161 1351 1425 1608 2066 2138 2192 2473 2844 3125 3321 3335 3423 3502 3522 3911 4161 4244 4364 4461 5294 5481 5796 5967 6231 6793 
#module 48 size: 39 bs: 0.492171
77 142 309 326 349 695 857 938 1147 1492 1503 1509 1649 1871 2070 2337 2847 2923 2928 3105 3296 3491 3726 3990 4547 4729 5143 5292 5844 5907 6059 6332 6389 6403 6580 6668 6677 6757 6919 
#module 49 size: 38 bs: 0.651036
69 239 536 587 592 659 840 849 972 1047 1121 1126 1257 1308 1450 1459 1526 1750 2224 2634 2926 3758 3822 4168 4682 4713 5013 5192 5492 5842 5998 6071 6268 6281 6286 6440 6484 6640 
#module 50 size: 46 bs: 0.824431
32 155 643 777 839 896 966 1013 1137 1195 1225 1239 1372 1412 2018 2457 2464 2520 2551 2552 2615 2676 2766 3224 3299 3355 3501 3540 3582 3653 4050 4316 4322 4483 4634 4788 4821 4924 5410 5513 5595 5795 6201 6595 6642 6780 
#module 51 size: 125 bs: 0.302344
66 110 129 137 144 161 201 210 226 378 416 585 618 667 688 697 716 743 871 913 975 988 991 1092 1138 1190 1228 1247 1434 1453 1495 1514 1585 1771 1863 1870 1876 1917 1923 1941 2188 2254 2288 2305 2385 2474 2517 2573 2576 2595 2602 2619 2742 2880 2990 3008 3016 3030 3075 3086 3091 3114 3146 3235 3361 3440 3488 3499 3530 3591 3633 3644 3687 3907 3910 3917 4037 4077 4114 4216 4219 4224 4509 4604 4614 4679 4733 4739 4900 4918 4953 5010 5037 5066 5179 5187 5231 5254 5288 5364 5372 5468 5594 5632 5686 5825 5840 5908 5928 5978 5982 6022 6160 6258 6427 6467 6527 6630 6659 6673 6694 6710 6755 6790 6909 
#module 52 size: 34 bs: 1.04982
177 589 692 731 952 1029 1288 1318 1480 1488 2303 2593 2604 2750 2757 2945 3028 3091 3637 3788 5233 5277 5460 5510 5668 6098 6134 6244 6315 6432 6462 6694 6833 6898 
#module 53 size: 18 bs: 0.315203
195 1291 1486 1818 1913 2149 2174 2348 2379 2515 2700 3099 3982 4363 5214 6179 6238 6282 
#module 54 size: 43 bs: 0.205103
112 409 614 1109 1223 1349 1457 1630 1682 2555 2625 2687 2783 3018 3227 3290 3328 3340 3629 3638 3815 3867 4255 4403 4554 4684 4738 4827 4894 5607 5785 5787 5932 5970 6025 6058 6232 6246 6372 6379 6397 6420 6905 
#module 55 size: 52 bs: 0.436497
11 623 805 816 860 870 1073 1090 1259 1287 1413 1516 1592 1834 1947 2168 2300 2365 2514 2555 2582 2617 2889 3074 3187 3241 3276 3337 3358 3660 3932 4223 4386 4399 4405 4505 4792 5157 5209 5276 5335 5508 5652 5706 5758 5767 5923 6089 6121 6501 6553 6846 
#module 56 size: 71 bs: 0.817493
42 45 183 223 328 337 363 536 640 712 769 775 1083 1149 1183 1257 1342 1544 1735 1949 1966 1991 2090 2095 2096 2130 2135 2208 2301 2383 2386 2404 2424 2447 2479 2499 2566 2688 2697 2865 2877 2881 2926 3072 3105 3150 3408 3528 3535 3875 3916 3975 4155 4313 4639 4651 5033 5188 5477 5490 5808 5910 5911 6011 6085 6286 6357 6547 6567 6570 6851 
#module 57 size: 66 bs: 0.215841
28 240 367 382 398 673 718 740 966 1241 1265 1372 1400 1848 1874 1909 1934 1938 2158 2166 2324 2408 2414 2455 2537 2594 2701 2714 2871 2887 3199 3312 3496 3497 3516 3639 3873 4020 4207 4270 4280 4282 4390 4391 4464 4491 4575 4852 4875 4967 4983 5004 5266 5380 5450 5552 5807 5944 6162 6201 6374 6391 6463 6511 6664 6695 
#module 58 size: 20 bs: 0.88319
420 471 796 1465 1478 1500 1614 2750 2937 3029 3799 3872 4033 4536 4744 5176 5273 6242 6363 6857 
#module 59 size: 88 bs: 0.532065
80 109 216 283 400 528 583 594 645 770 902 995 1037 1152 1243 1376 1391 1502 1772 1781 1805 1811 1919 2095 2242 2392 2441 2495 2732 2827 2842 2970 2997 3043 3192 3287 3313 3373 3512 3567 3852 3929 3948 3955 4045 4242 4273 4321 4414 4469 4470 4546 4564 4578 4582 4588 4803 4847 4864 4884 4962 4974 5167 5172 5342 5362 5488 5518 5590 5616 5736 5844 5974 6061 6081 6102 6135 6161 6175 6304 6357 6376 6516 6554 6560 6662 6778 6903 
#module 60 size: 47 bs: 1.08349
46 88 145 162 260 432 481 537 740 941 1011 1159 1266 1302 1531 1547 1667 1950 1994 2057 2060 2125 2333 2553 2676 2900 3261 3352 4018 4020 4279 4305 4822 4846 4896 4972 5082 5284 5410 5703 6004 6082 6090 6116 6706 6727 6788 
#module 61 size: 43 bs: 0.288773
385 462 484 557 706 799 1415 1689 2086 2170 2365 2431 2611 2905 3563 4001 4082 4278 4323 4473 4478 4541 4801 4908 4909 4925 4932 5020 5067 5696 5716 5767 5897 6085 6121 6191 6367 6575 6579 6580 6693 6806 6830 
#module 62 size: 56 bs: 0.765456
111 193 305 357 403 448 766 818 822 895 1052 1236 1244 1253 1369 1542 1643 1659 1668 1793 1864 1964 1968 2040 2078 2165 2376 2621 2624 2752 2812 3239 3302 3487 3555 3980 4059 4142 4434 4474 4785 4840 4862 5090 5104 5215 5334 5391 5400 5807 5926 5983 6013 6519 6571 6613 
#module 63 size: 24 bs: 0.207852
19 188 799 1145 1437 1914 2235 2430 2468 2710 2944 3322 3681 3849 4583 5094 5658 5674 5727 5911 6085 6603 6908 6910 
#module 64 size: 80 bs: 1.02557
9 142 312 324 326 338 364 440 509 536 653 698 726 769 799 917 955 1083 1292 1358 1555 1720 1780 1787 2007 2046 2106 2131 2135 2200 2235 2267 2357 2386 2560 3048 3072 3139 3202 3205 3329 3332 3362 3463 3520 3596 3711 3912 3975 3993 4182 4277 4345 4577 4592 4639 4772 4839 4996 5043 5127 5141 5218 5318 5386 5562 5672 5775 6105 6122 6230 6273 6390 6442 6454 6580 6586 6639 6756 6851 
#module 65 size: 34 bs: 0.583958
453 627 682 1031 1059 1285 1420 1461 2215 2713 2723 3392 3778 3780 3795 3801 3806 4031 4595 4675 5149 5327 5442 5471 5731 5842 5853 5882 6253 6285 6309 6322 6644 6839 
#module 66 size: 34 bs: 0.112375
278 322 403 1417 1609 1629 2137 2225 2340 2342 2682 2702 2715 3020 3330 3406 3541 3723 3922 4170 4366 4525 4873 4925 4990 5098 5550 5606 5671 5690 5778 5893 6113 6920 
#module 67 size: 79 bs: 0.595167
104 119 208 247 376 452 501 637 873 890 949 1009 1117 1670 1785 1908 2083 2125 2246 2306 2332 2643 2670 2692 2791 2869 2884 3000 3014 3100 3133 3161 3188 3262 3374 3410 3485 3601 3609 3645 3731 4248 4304 4308 4325 4361 4362 4370 4581 4751 4896 4952 5408 5416 5417 5462 5531 5593 5643 5655 5711 5748 5799 5914 5933 5993 6013 6077 6087 6128 6276 6280 6490 6494 6503 6541 6548 6750 6875 
#module 68 size: 14 bs: 0.752564
35 423 1580 1851 2238 3420 3749 3779 3930 4433 4703 4711 5858 5869 
#module 69 size: 41 bs: 0.182126
7 72 400 1099 1209 1439 1483 1713 1725 1768 2123 2313 2323 2732 2886 2953 3160 3313 3606 3843 3888 3948 3969 4189 4469 4551 4803 4927 5167 5168 5525 5704 5719 5792 5846 5906 6006 6115 6419 6516 6562 
#module 70 size: 23 bs: 0.950674
79 254 422 516 1635 1778 1837 1920 1959 2358 2411 3684 3715 4790 5125 5185 5448 5473 5495 5873 5874 6264 6413 
#module 71 size: 63 bs: 0.776593
4 22 42 57 323 343 405 414 466 505 556 560 608 735 1154 1394 1395 1403 1477 1631 1773 1857 2139 2331 2355 2423 2436 2793 2815 2966 3209 3248 3317 3469 3539 3576 3600 3791 3820 3845 4040 4258 4317 4330 4332 4394 4508 4774 4984 4994 5189 5385 5447 5568 5743 5876 6108 6350 6486 6517 6627 6763 6808 
#module 72 size: 12 bs: 1.07269
165 2538 3178 3426 4139 4701 5071 5087 5239 6306 6584 6810 
#module 73 size: 48 bs: 0.127949
100 417 900 906 960 1066 1097 1189 1333 1525 1605 1681 1714 1752 1767 1940 2084 2207 2328 2575 3304 3570 3800 3810 3964 4204 4497 4628 4677 4717 5287 5426 5529 5564 5602 5633 5649 5687 5721 5791 5953 6404 6447 6481 6578 6643 6683 6809 
#module 74 size: 35 bs: 0.235988
394 418 792 825 919 932 1035 1199 1466 1733 1797 2065 2249 2337 2660 2762 2796 2920 3025 3430 3708 4158 4445 4688 4699 4716 4855 5148 5186 5430 5614 5763 6531 6726 6762 
#module 75 size: 19 bs: 0.965459
47 321 469 872 1378 1655 1777 2562 2632 2864 3546 3710 5437 5556 5569 5729 5786 5866 5939 
#module 76 size: 69 bs: 0.805274
102 118 197 206 256 297 531 700 701 742 1036 1334 1612 1660 1759 1801 2035 2042 2073 2092 2157 2346 2446 2500 2554 2556 2569 2799 2819 2857 3354 3620 3656 3769 3782 3813 3816 3915 4015 4085 4092 4162 4334 4450 4468 4783 4806 5012 5131 5133 5202 5299 5326 5424 5693 5752 5786 5938 5958 6066 6269 6415 6434 6450 6602 6604 6740 6751 6843 
#module 77 size: 213 bs: 0.453838
53 78 87 99 135 148 189 235 258 274 316 335 336 347 365 415 479 543 584 642 661 679 681 686 741 753 783 801 817 836 881 944 948 967 978 983 1200 1246 1278 1289 1307 1381 1388 1402 1404 1406 1416 1436 1548 1707 1736 1738 1757 1762 1795 1814 1898 1911 1942 1961 2009 2012 2043 2049 2062 2120 2134 2141 2209 2295 2298 2322 2365 2370 2417 2482 2506 2521 2525 2550 2570 2592 2620 2624 2639 2690 2695 2746 2776 2839 2863 2890 2893 2912 2913 2947 2967 3021 3026 3035 3090 3106 3119 3127 3264 3370 3377 3412 3416 3431 3476 3480 3507 3524 3536 3556 3561 3566 3585 3664 3784 3785 3812 3848 3851 3885 3891 3898 3937 3952 3970 4005 4019 4104 4121 4243 4249 4314 4328 4367 4400 4410 4427 4438 4481 4484 4619 4630 4786 4797 4802 4803 4815 4820 4898 4991 5052 5057 5060 5078 5103 5144 5180 5212 5343 5357 5358 5397 5421 5446 5451 5502 5503 5515 5647 5650 5651 5726 5730 5751 5774 5788 5797 5839 5964 5971 6009 6021 6083 6120 6148 6158 6202 6206 6225 6270 6339 6479 6500 6504 6513 6518 6605 6621 6622 6641 6648 6699 6700 6724 6836 6915 6922 
#module 78 size: 88 bs: 0.998084
26 301 393 407 410 452 559 590 603 767 768 1252 1282 1294 1427 1460 1672 1679 1688 1895 1899 1903 2125 2145 2261 2331 2360 2387 2589 2607 2608 2647 2724 2804 2841 2954 3134 3189 3218 3260 3263 3280 3397 3514 3622 3665 3672 3981 4024 4119 4169 4200 4261 4267 4336 4348 4362 4396 4419 4440 4451 4460 4750 4825 4843 4970 5095 5136 5159 5303 5366 5552 5555 5738 5811 6033 6069 6129 6196 6210 6262 6308 6333 6625 6701 6791 6916 6921 
#module 79 size: 83 bs: 0.87277
34 168 295 353 476 486 496 811 877 889 940 1001 1300 1378 1629 1867 1926 1958 2161 2181 2191 2384 2395 2409 2422 2491 2662 2681 2729 2754 2779 2794 2866 2925 2936 3064 3140 3468 3636 3751 4049 4088 4089 4095 4137 4149 4201 4312 4359 4408 4686 4768 4798 4907 4946 4985 5107 5175 5178 5314 5339 5486 5622 5638 5695 5707 5753 5761 5931 5957 6003 6088 6213 6261 6267 6328 6441 6443 6471 6545 6632 6652 6799 
#module 80 size: 42 bs: 0.550453
123 394 617 943 1323 1339 1345 1392 1398 1530 1573 1616 1731 1800 1825 2003 2313 2397 2860 2941 2986 3098 3163 3781 3805 3953 4175 4561 4993 5160 5169 5234 5312 5338 5469 5630 6016 6036 6094 6318 6629 6860 
#module 81 size: 41 bs: 0.844006
98 115 370 373 439 774 791 830 1012 1102 1698 1711 1784 1936 2025 2268 2393 2418 2524 2580 3004 3117 3282 3553 3564 3608 3903 4014 4331 4371 4589 4878 5336 5479 5496 5533 5677 5827 6256 6649 6705 
#module 82 size: 25 bs: 0.800825
611 636 705 744 855 1338 1729 2022 2160 2354 2962 3071 3249 3587 3924 4344 4543 5083 5377 5834 6123 6393 6590 6619 6754 
#module 83 size: 64 bs: 0.175435
48 86 277 583 656 1243 1270 1581 1610 1624 1687 1723 1775 1869 1888 1916 1919 1980 1981 2024 2334 2347 2353 2565 2739 3198 3275 3285 3288 3329 3413 3498 3649 3680 3711 4253 4277 4291 4389 4401 4452 4479 4826 4853 4939 4976 5015 5101 5199 5411 5456 5540 5723 5772 5990 6135 6165 6170 6310 6601 6739 6741 6776 6807 
#module 84 size: 45 bs: 1.04461
54 75 248 262 453 1018 1030 1034 1060 1327 1452 1743 1829 2108 2111 2561 2706 2707 2753 2763 2765 2942 2943 2979 2988 3155 3229 3752 4087 4356 4704 5080 5242 5297 5470 5710 5816 5888 6047 6057 6100 6277 6609 6732 6848 
#module 85 size: 74 bs: 0.277722
15 190 253 388 437 494 502 579 622 624 657 752 989 1085 1104 1271 1365 1789 1812 1910 2114 2265 2280 2284 2286 2568 2722 2749 2760 2777 2850 2885 2950 3122 3232 3305 3324 3454 3533 3587 3826 3955 3984 4252 4282 4284 4327 4413 4574 4647 4800 4885 4887 5072 5113 5130 5171 5458 5485 5500 5540 5740 5956 6084 6192 6229 6288 6320 6388 6526 6582 6606 6854 6863 
#module 86 size: 36 bs: 0.561522
244 270 457 589 876 1162 1240 1276 1320 1442 1529 1569 1601 1674 2214 2674 2771 2823 2932 2975 3753 4154 4319 4734 4760 5305 5645 5653 5845 6185 6198 6205 6422 6482 6485 6597 
#module 87 size: 110 bs: 0.426696
3 99 153 196 198 204 207 406 447 504 530 581 602 741 786 861 902 971 1022 1168 1250 1295 1393 1473 1497 1571 1588 1705 1722 1779 1812 1957 2002 2009 2033 2093 2117 2178 2202 2275 2412 2481 2525 2653 2717 2833 2852 2862 2933 2998 3061 3141 3164 3253 3289 3313 3456 3527 3568 3588 3692 3694 3777 3962 4116 4208 4298 4326 4435 4446 4535 4784 4824 4854 4874 4943 4975 5011 5069 5161 5201 5229 5286 5298 5395 5491 5793 5800 5913 5964 6005 6010 6211 6260 6279 6292 6311 6331 6409 6515 6525 6544 6561 6606 6669 6678 6680 6781 6784 6917 
#module 88 size: 50 bs: 0.957513
319 366 460 785 846 945 1009 1074 1151 1283 1301 1305 1633 1670 1878 1907 2162 2272 2484 2490 2740 2845 2994 3161 3316 3395 3415 3439 3963 4269 4310 4353 4428 4443 4476 4660 4881 4958 4989 5073 5081 5100 5106 5449 5655 5711 5896 6276 6424 6852 
#module 89 size: 31 bs: 0.792258
267 495 567 593 691 804 880 898 1423 1607 2628 2968 3327 3356 3421 3500 3534 3846 3943 4184 4275 4351 5025 5299 5345 5713 5952 6495 6502 6703 6816 
#module 90 size: 62 bs: 0.807174
160 246 391 402 677 701 736 956 1007 1230 1258 1561 1660 1665 1930 2000 2127 2203 2309 2352 2477 2578 2623 2792 2830 2963 3060 3177 3354 3362 3393 3427 3515 3542 3730 3869 3941 3942 3988 4008 4013 4102 4109 4333 4468 4795 5413 5424 5429 5584 5958 6070 6203 6228 6383 6407 6434 6445 6556 6744 6759 6871 
#module 91 size: 30 bs: 0.543198
514 535 853 1000 1577 1748 2189 2194 2248 2581 3055 3137 3158 3315 3518 3803 4036 4042 4093 4615 4652 5280 5353 5493 5975 5976 6119 6224 6363 6628 
#module 92 size: 64 bs: 0.293069
282 327 397 562 614 641 781 851 1038 1103 1148 1211 1272 1731 1746 2183 2339 2460 2542 2627 2824 2955 2982 3098 3120 3196 3369 3537 3574 3586 3613 3629 3747 3767 3818 3884 3960 4126 4192 4230 4413 4554 4599 4627 4650 4706 4789 4804 5117 5659 5725 5741 5836 5941 6038 6110 6149 6246 6263 6305 6549 6698 6711 6812 
#module 93 size: 84 bs: 0.981279
96 162 176 389 519 568 745 809 1026 1094 1262 1449 1455 1526 1527 1531 1532 1656 1664 2179 2183 2325 2433 2437 2503 2542 2590 2618 2707 2712 2770 2824 2851 2868 2897 2935 2949 2976 3024 3038 3154 3156 3640 3793 3797 3854 3877 4265 4562 4606 4659 4737 4738 5029 5207 5244 5267 5289 5290 5303 5355 5507 5543 5572 5592 5864 5918 5941 5969 5973 6001 6041 6058 6095 6137 6239 6334 6576 6617 6706 6707 6803 6826 6923 
#module 94 size: 115 bs: 0.97193
19 36 76 189 212 218 231 249 279 293 663 668 675 686 728 737 754 757 778 888 917 1016 1020 1153 1156 1213 1254 1408 1429 1436 1548 1549 1562 1590 1617 1625 1646 1758 1913 1925 1942 2008 2049 2055 2219 2253 2318 2370 2415 2475 2532 2613 2690 2727 2776 2870 3035 3062 3090 3143 3205 3212 3268 3272 3346 3490 3536 3560 3566 3573 3612 3614 3678 3898 4006 4163 4340 4417 4526 4619 4683 4763 4764 4786 4797 4839 4890 4906 4930 4935 4968 5024 5042 5078 5183 5226 5253 5350 5354 5506 5524 5577 5612 5644 5773 5774 5817 5963 6051 6381 6411 6626 6743 6756 6836 
#module 95 size: 1 bs: 1
65 
#module 96 size: 1 bs: 1
2959 
#module 97 size: 1 bs: 1
97 
#module 98 size: 1 bs: 1
6314 
#module 99 size: 1 bs: 1
192 
#module 100 size: 1 bs: 1
2855 
#module 101 size: 1 bs: 1
377 
#module 102 size: 1 bs: 1
5415 
#module 103 size: 1 bs: 1
518 
#module 104 size: 1 bs: 1
3847 
#module 105 size: 1 bs: 1
982 
#module 106 size: 1 bs: 1
13 
#module 107 size: 1 bs: 1
1654 
#module 108 size: 1 bs: 1
1186 
#module 109 size: 1 bs: 1
1841 
#module 110 size: 1 bs: 1
3174 
#module 111 size: 1 bs: 1
1965 
#module 112 size: 1 bs: 1
541 
#module 113 size: 1 bs: 1
2173 
#module 114 size: 1 bs: 1
5153 
#module 115 size: 1 bs: 1
5954 
#module 116 size: 1 bs: 1
2545 
#module 117 size: 1 bs: 1
5068 
#module 118 size: 1 bs: 1
3523 
#module 119 size: 1 bs: 1
2308 
#module 120 size: 1 bs: 1
3679 
#module 121 size: 1 bs: 1
1218 
#module 122 size: 1 bs: 1
3786 
#module 123 size: 1 bs: 1
3783 
#module 124 size: 1 bs: 1
4151 
#module 125 size: 1 bs: 1
4436 
#module 126 size: 1 bs: 1
5660 
#module 127 size: 1 bs: 1
5142 
#module 128 size: 1 bs: 1
6247 
#module 129 size: 1 bs: 1
5781 
#module 130 size: 1 bs: 1
2992 
#module 131 size: 1 bs: 1
3605 
#module 132 size: 1 bs: 1
5912 
#module 133 size: 1 bs: 1
3906 
#module 134 size: 1 bs: 1
459 
#module 135 size: 1 bs: 1
1118 
#module 136 size: 1 bs: 1
463 
#module 137 size: 1 bs: 1
4437 
#module 138 size: 1 bs: 1
472 
#module 139 size: 1 bs: 1
3349 
#module 140 size: 1 bs: 1
5093 
#module 141 size: 1 bs: 1
1039 
#module 142 size: 1 bs: 1
2901 
#module 143 size: 1 bs: 1
1045 
#module 144 size: 1 bs: 1
1454 
#module 145 size: 1 bs: 1
1171 
#module 146 size: 1 bs: 1
6720 
#module 147 size: 1 bs: 1
1185 
#module 148 size: 1 bs: 1
1229 
#module 149 size: 1 bs: 1
1414 
#module 150 size: 1 bs: 1
1242 
#module 151 size: 1 bs: 1
6787 
#module 152 size: 1 bs: 1
1363 
#module 153 size: 1 bs: 1
4641 
#module 154 size: 1 bs: 1
1485 
#module 155 size: 1 bs: 1
2680 
#module 156 size: 1 bs: 1
6506 
#module 157 size: 1 bs: 1
1618 
#module 158 size: 1 bs: 1
6093 
#module 159 size: 1 bs: 1
1647 
#module 160 size: 1 bs: 1
4524 
#module 161 size: 1 bs: 1
2907 
#module 162 size: 1 bs: 1
2315 
#module 163 size: 1 bs: 1
3704 
#module 164 size: 1 bs: 1
5681 
#module 165 size: 1 bs: 1
2516 
#module 166 size: 1 bs: 1
3961 
#module 167 size: 1 bs: 1
2559 
#module 168 size: 1 bs: 1
2633 
#module 169 size: 1 bs: 1
2610 
#module 170 size: 1 bs: 1
5989 
#module 171 size: 1 bs: 1
4194 
#module 172 size: 1 bs: 1
2743 
#module 173 size: 1 bs: 1
3623 
#module 174 size: 1 bs: 1
5008 
#module 175 size: 1 bs: 1
3136 
#module 176 size: 1 bs: 1
6837 
#module 177 size: 1 bs: 1
3451 
#module 178 size: 1 bs: 1
5841 
#module 179 size: 1 bs: 1
3770 
#module 180 size: 1 bs: 1
6324 
#module 181 size: 1 bs: 1
3883 
#module 182 size: 1 bs: 1
5151 
#module 183 size: 1 bs: 1
4453 
#module 184 size: 1 bs: 1
6913 
#module 185 size: 1 bs: 1
5618 
#module 186 size: 1 bs: 1
5794 
#module 187 size: 1 bs: 1
6452 
#module 188 size: 1 bs: 1
6593 
