744	872	
462	1217	36	
1277	21	
649	1053	63	152	894	429	497	106	449	282	935	854	79	636	274	144	532	
319	
407	559	
890	473	146	100	1164	
792	37	306	
95	756	885	805	295	283	678	442	659	272	773	948	189	616	534	903	391	208	833	123	770	358	186	288	976	360	822	975	533	164	386	230	387	90	341	261	120	1028	156	289	294	
457	537	
966	
733	
549	
69	176	432	522	1029	
914	137	
687	308	290	383	839	
842	248	362	140	
196	698	
755	800	491	89	786	557	237	
1342	193	1190	1078	511	241	1071	776	591	
103	343	365	
980	109	1362	292	746	1246	530	
207	315	325	405	55	119	
98	118	
256	17	166	167	590	143	159	424	764	850	1043	417	602	92	475	955	195	711	68	187	1274	99	763	
608	536	
880	
459	
117	
1140	
51	141	284	1064	1308	1086	296	158	18	598	25	791	72	246	134	1014	127	472	446	611	994	989	1058	761	300	697	351	264	77	105	
224	378	670	996	107	592	279	1121	610	1048	1	160	807	200	949	97	76	554	301	1018	347	1021	251	1352	150	604	607	702	447	564	535	771	62	1349	999	910	701	545	
665	
597	
563	
286	
902	
695	385	
576	
262	
723	
667	
706	
206	320	354	384	5	345	714	125	1283	586	1000	617	630	204	
740	
337	102	
49	
425	
408	
787	627	
913	
444	
1302	
1142	339	806	254	997	861	654	1267	188	869	197	170	829	436	1136	1015	359	814	406	317	858	1224	1370	443	460	213	1006	221	558	939	930	115	231	198	322	1321	376	474	1127	
958	
469	
126	
465	
1282	
646	716	
652	
132	
27	122	
658	
191	
142	177	672	612	270	287	708	61	219	1240	1253	352	1030	825	809	233	1016	921	896	1031	1326	1025	843	326	828	389	232	643	1013	67	458	
651	810	
331	
565	
203	
212	
823	
225	
901	
114	
1093	
867	445	454	410	78	531	907	452	380	374	974	1011	54	700	461	349	165	900	377	988	409	972	87	430	931	1010	451	336	316	593	1150	836	220	
226	
64	
571	928	
1177	
546	
421	
375	244	
168	
574	147	728	572	133	59	149	656	544	712	796	355	309	679	629	725	634	314	278	112	313	648	736	1258	860	
81	
393	275	
427	
285	
984	
368	
539	
588	
185	400	
906	
332	
721	
960	
334	
1209	
1196	
271	
874	
121	
