#module 0 size: 6 bs: 3.72919e-08
3029 5165 6279 8033 8836 9882 
#module 1 size: 5 bs: 0.00163724
3663 6068 10245 10699 10853 
#module 2 size: 3 bs: 0.0975461
1263 7237 7705 
#module 3 size: 3 bs: 0.0223418
2416 3011 11535 
#module 4 size: 3 bs: 0.0166573
2642 6096 7639 
#module 5 size: 3 bs: 0.0635471
6583 8568 8979 
#module 6 size: 4 bs: 0.00326278
4117 6388 9556 9716 
#module 7 size: 6 bs: 0.534263
62 2225 11334 11678 12641 12685 
#module 8 size: 5 bs: 0.452263
3624 4035 6380 8877 9006 
#module 9 size: 37 bs: 0.357253
1269 1289 1383 1631 1668 2260 2718 2815 3309 3378 3766 4031 4162 4281 4803 4823 4962 5012 5482 5556 6216 6559 6770 7090 7422 7662 7879 8135 8312 8449 8704 10038 10163 10929 11220 11342 11519 
#module 10 size: 4 bs: 0.319606
1694 2602 3728 7040 
#module 11 size: 5 bs: 0.567489
1931 2824 4534 6855 10631 
#module 12 size: 5 bs: 0.64366
3529 3636 3817 6903 10910 
#module 13 size: 4 bs: 0.575611
3658 6021 8977 9276 
#module 14 size: 5 bs: 0.931671
6144 6863 8635 9852 10717 
#module 15 size: 12 bs: 0.529504
2750 3018 3251 3568 3962 4694 4713 4998 7876 8170 8722 10894 
#module 16 size: 11 bs: 0.456605
2709 3280 5005 5591 6237 7468 8128 8326 8920 10996 12937 
#module 17 size: 33 bs: 0.976075
1095 1542 1576 1975 1984 2044 3030 3889 4569 4780 4909 5397 5616 5660 5685 5984 6385 6489 6669 6952 7078 7203 8322 8338 8380 8681 8963 9419 9679 9689 11032 12609 12666 
#module 18 size: 10 bs: 1.04077
1111 2668 4808 5936 9176 9402 9469 10062 10560 11148 
#module 19 size: 62 bs: 0.140349
5 10 851 1255 1486 1492 1646 1656 1737 1904 1905 2165 2245 2554 2578 2707 2734 3739 3949 3969 4325 4361 4636 4677 5189 5260 5364 5420 5466 5738 5862 5907 6236 6515 6521 6574 6924 7165 7565 7683 7692 8102 8285 8300 8379 8618 9040 9164 9389 9459 9553 9753 9783 9923 10215 10409 10579 10633 10812 10958 11168 12523 
#module 20 size: 5 bs: 0.169035
1021 2894 6070 8942 10172 
#module 21 size: 41 bs: 0.13194
865 926 1135 1230 1283 1985 2090 2177 2435 2616 2700 2850 3026 3181 3185 3213 3827 4726 4727 4733 4768 4941 5697 5710 5946 6612 6965 7023 7460 8208 8269 8390 9044 9161 9185 9793 10468 10591 10730 10860 11067 
#module 22 size: 10 bs: 0.954424
2808 2838 3009 7178 7410 9408 9702 11369 11657 12644 
#module 23 size: 36 bs: 0.927032
79 1536 1775 1824 1939 2531 2558 2746 2747 3484 3861 4166 4220 4308 4389 4840 4944 5404 5483 5783 5850 5891 6795 6889 7198 8144 8405 8703 9552 9864 10293 10455 10844 10876 11099 11395 
#module 24 size: 4 bs: 0.733513
6300 6627 6934 9359 
#module 25 size: 25 bs: 0.380853
1014 1276 1504 1877 2715 3001 3006 3452 3542 4921 4922 4923 4959 5246 5707 5878 6958 7147 7233 7282 7661 9361 9792 10583 10847 
#module 26 size: 35 bs: 1.05298
12 20 28 1003 1547 1779 2254 2359 2372 3145 3190 3335 3761 3802 4119 4150 4168 4543 4810 5162 5241 5990 6471 7348 7491 7677 8132 8914 9763 10427 10850 10982 11267 11566 11664 
#module 27 size: 23 bs: 1.07381
788 1132 2149 3236 3458 3504 3838 3928 4344 5244 5456 6099 6277 7160 8462 9085 9616 9623 9844 10211 10388 10986 11193 
#module 28 size: 67 bs: 0.185959
54 867 1234 1277 1379 1422 1552 1902 1908 1929 2012 2204 2221 2222 2246 2409 2427 2471 2685 2944 3153 3319 3518 3792 3860 3910 4087 4541 4660 4679 4682 4756 5249 5443 5451 5475 5612 5640 5842 5925 5980 6051 6088 6163 7043 7361 7912 8158 8511 8707 9273 9294 9394 9586 9694 9851 9888 9976 9989 10023 10441 10518 11146 11239 11442 11571 12429 
#module 29 size: 56 bs: 0.229962
56 1051 1963 2344 2371 2768 2817 3893 3992 4031 4055 4184 4528 4938 4947 5056 5433 5539 5901 5942 6288 6361 6469 6633 6685 6701 6720 7064 7104 7122 7214 7328 8039 8510 8555 8577 8633 8872 8946 9110 9137 9308 9434 9513 9659 10063 10151 10219 10222 10755 10777 10932 11168 11504 11693 11815 
#module 30 size: 22 bs: 0.882367
2219 2223 2613 2886 3037 3510 4483 4667 4906 5246 6594 6635 7521 7589 7962 8679 8748 8794 9086 9390 11712 12039 
#module 31 size: 48 bs: 0.659349
1130 1337 1664 1890 1901 2025 2339 2475 2890 2903 3076 3392 3988 4484 4897 4905 4914 4969 4997 5167 5448 5487 5918 6492 6843 7317 7605 7676 7867 7881 7919 8203 8243 8415 8418 8483 8484 9190 9291 9451 9542 9810 9836 9872 10538 10947 11115 12510 
#module 32 size: 22 bs: 0.304839
2148 2260 2852 3538 3591 3898 4079 4374 5087 5182 5735 6130 6216 7330 8130 8390 8449 8696 9123 10143 10807 13019 
#module 33 size: 36 bs: 0.448202
1315 1348 1393 2313 2587 2811 2922 3385 3400 3451 3750 4082 4931 5039 5293 5717 5751 5988 5989 7072 7837 8108 8191 8626 8802 9153 9243 9840 9871 10787 10870 11081 11133 12170 12661 12995 
#module 34 size: 66 bs: 1.0496
4 915 1136 1350 1528 1596 1634 1876 1888 1956 2053 2067 2236 2265 2361 2453 2486 2744 3060 3265 3383 3543 3588 3790 3806 3812 3841 3996 4230 4470 4565 4960 5064 5334 5434 5498 5506 5587 5742 5771 6110 6473 6543 6577 6646 6866 6928 7050 7131 7199 7462 7642 7877 7932 8638 8878 9546 9868 10053 10077 10202 10572 10753 10879 11256 11405 
#module 35 size: 38 bs: 0.313007
1568 1615 1830 2069 2286 2357 2523 2739 2766 2874 2877 2953 3082 3111 3859 4084 4501 4608 4780 4973 5061 5589 6198 6551 6729 7110 7613 8540 9173 9354 9365 9521 9526 9989 10195 10228 10596 10799 
#module 36 size: 25 bs: 0.774158
1319 1463 1505 1986 3697 3701 3748 3995 4401 4842 4896 5010 5618 6582 6804 6871 6993 7048 7646 8909 9590 9630 9863 10603 10701 
#module 37 size: 59 bs: 0.185123
1244 1258 1332 1359 1389 2331 2348 2732 2906 3109 3189 3380 3448 3758 3768 3798 4126 4139 4245 4397 4421 4490 4662 4932 5181 5295 5301 5316 5455 5620 5763 5792 6014 6139 6333 6617 6753 6806 6874 6904 7086 7087 7171 7218 7781 7843 7979 8084 8265 8301 8611 8853 9301 9348 9600 10316 10336 10718 10832 
#module 38 size: 22 bs: 0.258831
835 1192 1696 1805 2263 2472 3488 3620 3754 4732 5274 5813 5967 5992 6478 6540 7058 7375 8710 9919 10818 10980 
#module 39 size: 37 bs: 0.990211
41 1100 1776 2913 2916 3118 3135 3199 4430 4716 5343 5399 5477 5599 5746 5780 6533 6539 6674 7092 7171 7198 7769 8009 8157 8175 8266 8508 8576 8875 8881 9096 9492 10001 10120 10370 13039 
#module 40 size: 54 bs: 1.06935
795 1119 1188 1431 1753 1798 1864 1974 2084 2193 2542 2573 2717 2915 3121 3527 3760 3950 3982 4142 4237 4499 4764 4850 4876 4881 4882 5201 5314 5323 5479 5522 5903 5968 6206 6537 7094 7744 7888 8038 8245 8327 8575 8793 9192 9541 9846 9893 9944 10329 11096 11656 12950 13055 
#module 41 size: 43 bs: 0.744386
894 984 1043 1262 2117 2338 2485 2508 2551 3924 4054 4586 5046 5104 5268 5477 5515 5529 5852 5868 5869 6138 6141 6414 6423 6425 6430 6524 6597 7060 7852 7974 7982 8006 8235 8592 8967 10682 10855 10871 10992 11245 12638 
#module 42 size: 19 bs: 0.869795
1034 1855 2792 3500 4116 4302 5407 5548 6006 6175 6274 7034 7746 7977 8360 8610 9803 9964 10711 
#module 43 size: 8 bs: 1.0463
1257 1743 1857 3057 4039 5755 6480 6987 
#module 44 size: 13 bs: 0.878373
1484 1502 5045 5284 5737 5833 6562 6754 6937 7259 7737 9331 10073 
#module 45 size: 7 bs: 0.240484
1180 2389 4836 4992 5086 8311 11419 
#module 46 size: 18 bs: 0.294492
17 70 1055 1059 1198 1268 3685 3970 4148 4319 4936 5101 5799 6500 7969 8136 8307 9678 
#module 47 size: 21 bs: 0.340653
766 1065 1915 2765 2902 3054 3567 4680 5133 5486 5631 6311 6475 7604 7714 8552 9099 9741 10103 10275 12158 
#module 48 size: 34 bs: 0.151686
834 1054 1067 1126 1291 1300 1373 1613 1850 2070 2298 2662 3014 4087 4257 4537 4571 4587 4957 5273 5506 5509 5603 6109 6396 7298 8048 8178 8358 9247 9280 10053 10772 13027 
#module 49 size: 43 bs: 0.322588
945 1168 1195 1243 1815 1847 1912 2799 2816 2844 2845 2868 2996 3012 3019 3120 3536 4483 4906 4920 4928 4991 5058 5534 6134 6230 6303 6331 6423 6553 7314 7635 7797 7805 8201 8293 8445 10137 10248 10318 10813 10822 11712 
#module 50 size: 50 bs: 0.38338
785 879 1009 1071 1193 1246 1297 1583 1670 1892 1948 2023 2304 2506 2789 2854 3154 3163 3342 3831 3879 4005 4057 4651 4725 4737 4946 5206 5462 5526 5681 5728 6292 6375 6843 7141 7370 7602 8015 8146 8277 8491 8829 9547 10083 10129 10531 10780 10791 11161 
#module 51 size: 52 bs: 0.50247
29 760 1066 1273 1410 1664 1713 2144 2391 2398 2772 2945 2982 3087 3173 3261 3417 3429 3522 3769 4096 4321 4609 4613 4729 4776 4905 4919 5073 5156 5487 5861 5935 6151 6483 7317 7566 7694 7718 7938 8112 8787 9079 9251 10149 10253 10597 10647 10729 10865 10947 11113 
#module 52 size: 112 bs: 0.266636
30 882 895 940 1374 1385 1555 1731 1777 1897 2102 2123 2141 2319 2326 2502 2579 2809 2937 2960 2975 3072 3083 3106 3234 3258 3438 3709 4013 4083 4102 4191 4275 4544 4690 4901 4940 5126 5210 5552 5582 5583 5788 5797 6121 6213 6348 6427 6431 6468 6527 6598 6642 6676 6684 7007 7150 7240 7302 7465 7487 7615 7748 7791 7845 7948 7974 8076 8115 8149 8226 8327 8395 8528 8702 8756 8897 8953 9037 9066 9078 9266 9338 9455 9504 9676 9698 9809 9841 9978 9996 10029 10108 10428 10511 10527 10541 10565 10599 10798 10846 10901 11025 11163 11168 11194 11240 11667 11702 11790 12249 12794 
#module 53 size: 8 bs: 1.0749
1090 1522 1563 4582 5568 6181 7454 12870 
#module 54 size: 53 bs: 0.921143
960 1104 1158 1347 1407 1431 1893 2115 2548 2552 2825 2827 2963 3082 3203 3308 3420 3453 3883 4036 4192 4282 4395 4396 4568 4637 4870 5155 5286 5535 5709 6226 6234 6556 6909 7049 7492 8453 8455 8498 9011 9092 9275 9418 9561 9802 10011 10068 10076 10204 10533 11595 12492 
#module 55 size: 62 bs: 0.927562
1067 1126 1250 1330 1373 2074 2207 2298 2312 2369 2583 3043 3328 3585 3639 3695 3764 3871 4028 4030 4101 4757 4804 5092 5391 5499 5683 5747 5811 5832 5856 6396 6465 6805 6869 6893 7190 7298 7334 7435 7722 7838 7892 7916 7991 8173 8178 8333 8361 8871 8933 8948 8982 9144 9232 9272 9417 10146 10164 10734 11361 13027 
#module 56 size: 91 bs: 0.689746
906 958 966 1005 1240 1414 1466 1684 1759 1810 1995 2324 2598 2955 3375 3389 3584 3594 3604 3800 3816 3891 3936 3938 4267 4316 4494 4636 4702 4771 5025 5285 5357 5519 5606 5613 5642 5773 5884 6401 6707 7313 7339 7456 7530 7565 7647 7657 7975 8138 8161 8409 8456 8493 8683 8773 8797 8799 8940 9000 9536 9610 9612 9624 9724 9755 9773 9970 10041 10190 10251 10382 10460 10671 10705 10756 10774 10775 10783 10801 10804 10836 10863 11097 11164 11465 11962 12447 12700 12891 12982 
#module 57 size: 55 bs: 0.115784
810 1003 1496 1578 2161 2492 2701 2722 2910 3015 3069 3149 3262 3299 3314 3390 3461 3464 3465 3524 4071 4077 4206 4312 4838 4963 5022 5123 5954 6569 6626 6663 7085 7102 7703 7929 7963 8169 8319 8331 8471 8614 8757 9396 9397 9548 9639 10042 10196 10335 10608 10624 11032 11233 11457 
#module 58 size: 63 bs: 0.952053
21 872 1169 1552 1648 1662 1929 2105 2132 2246 2273 2370 2427 2842 2858 2888 3196 3291 3377 3683 3860 4377 4580 4682 4745 4839 4865 4891 4908 4915 4966 5614 5670 6024 6289 6293 6410 6639 6769 6980 7504 7522 7628 7634 8050 8129 8254 8392 9021 9032 9053 9177 9339 9672 9756 9845 9955 9976 9989 10007 10415 11112 11572 
#module 59 size: 53 bs: 0.88354
14 1165 1230 1280 1283 1376 1714 1835 1898 2394 2412 2700 2741 2952 3185 3348 3544 3559 4115 4615 4787 4879 4907 4926 5154 5382 5411 6101 6104 6202 6442 6485 6650 6712 6996 7365 7644 7984 8192 8269 8315 8390 8440 8553 8653 8997 9109 9230 9635 9774 10426 11011 11705 
#module 60 size: 46 bs: 0.414542
1097 1321 1338 1537 1734 1899 2184 2429 2620 3182 3254 3520 3691 3744 3980 4856 4871 4956 5239 5387 5401 5749 5883 6047 6304 6399 6506 6743 6828 7019 7025 7370 7396 7967 8220 8222 8286 8608 8976 9445 9500 9824 9873 10038 10381 11258 
#module 61 size: 42 bs: 0.219996
72 807 1045 1336 1346 2030 2031 2353 2407 2470 2696 3103 3342 3486 3573 4057 4137 4290 4315 4341 4378 5400 5627 6531 6533 6736 6917 6954 7156 7168 7982 8551 8630 8985 9018 9277 9512 9838 10078 10565 10769 10931 
#module 62 size: 94 bs: 0.304864
34 799 952 1235 1305 1467 1501 1967 2002 2179 2189 2190 2256 2537 2575 2641 2648 2749 2787 2833 2872 2892 3181 3244 3579 3669 3777 3802 4105 4135 4305 4596 4614 4673 4741 4954 5136 5199 5350 5693 5753 5789 6098 6135 6146 6191 6225 6534 6593 6722 6726 7166 7245 7304 7421 7532 7713 7806 7943 8070 8244 8437 8450 8478 8509 8688 8746 8752 9126 9154 9195 9289 9345 9431 9626 9717 9786 9839 10037 10314 10491 10503 10550 10681 10694 10714 10934 10990 11013 11135 11336 11447 11551 12555 
#module 63 size: 40 bs: 0.305493
76 850 897 1398 1813 2278 2311 2321 2458 2529 2763 2822 2875 2977 3175 3509 4005 4113 4304 4460 4844 5463 5732 5937 6326 6709 6725 6781 7163 7335 7723 8828 9080 9270 9449 9619 10054 10303 10481 10735 
#module 64 size: 27 bs: 0.410912
1172 1544 1760 2175 2360 3031 3087 3414 3517 3845 4001 4167 4812 5439 5926 6176 6873 7366 7475 8104 8755 9142 9425 10105 10176 10290 12690 
#module 65 size: 25 bs: 0.435072
1087 2095 2461 2511 2797 3114 4372 4979 5121 5178 5666 6118 6198 6200 6214 6567 6857 7305 7575 7660 7926 8475 8749 9870 10602 
#module 66 size: 54 bs: 0.731447
52 792 1017 1106 1154 1279 1545 1586 2104 2392 2393 2769 2831 2841 2884 2967 3006 3068 3084 3362 3412 3443 3647 3886 4392 4728 4835 5289 5633 5976 6155 6338 6407 6966 6979 7114 7187 7514 8470 8596 9024 9361 9559 10203 10389 10620 10684 10918 11130 11160 11216 12595 12885 12944 
#module 67 size: 25 bs: 0.219013
947 2550 2971 3245 3534 3675 4526 4581 5203 5524 5718 6048 6270 6300 6671 7592 7732 8058 8260 9068 9166 9803 11201 12681 12902 
#module 68 size: 46 bs: 0.676416
774 1519 1612 2137 2475 2778 2786 3035 3128 3173 3392 3554 3557 4020 4360 4642 5296 5401 5430 5622 5931 6117 6601 6835 6922 6931 6935 7186 7446 7810 7935 8051 8182 8720 8837 8951 9238 9585 9640 9709 9830 10102 10808 11119 11169 11453 
#module 69 size: 39 bs: 0.968906
55 898 920 1201 1229 1543 1652 1767 2145 3249 3649 4159 4277 4329 4742 5082 5275 5839 5912 6049 6545 6946 7001 7371 7524 7580 7622 7833 8341 8348 8354 8492 8994 9499 10214 10642 11210 12297 12860 
#module 70 size: 41 bs: 0.280035
8 990 1078 1298 1953 2057 2788 3053 3268 3331 3689 3846 4285 4597 4671 4980 5481 5716 5741 5786 5924 6201 6241 6494 7021 7082 7307 7345 7553 8153 8163 8176 8209 8665 8874 9632 9667 10026 10218 11006 12712 
#module 71 size: 32 bs: 0.760882
854 1199 1335 1620 1786 1833 1862 3117 3659 4032 4383 4414 4480 5525 5899 5943 6357 6370 6526 6915 7004 7847 7893 8478 8845 9304 9775 10107 10371 10887 11190 12880 
#module 72 size: 34 bs: 1.09895
782 886 899 1830 2058 2175 2230 2415 2636 2796 3027 3087 3204 3351 4278 4519 6033 6233 6581 7585 8242 8895 9042 9305 9436 9523 9655 10072 10084 10392 10620 10843 11070 11712 
#module 73 size: 65 bs: 0.968684
74 793 921 1124 1368 2116 2469 2540 2736 3043 3085 3246 3292 3388 3793 3819 3832 3871 4008 4127 4147 4268 4357 4464 4811 4829 5040 5119 5987 6314 6575 6638 6705 6797 6805 7149 7541 7670 7689 7716 7771 7828 8292 8333 8523 8768 8882 8901 8959 8982 8984 9036 9061 9170 9219 9336 9489 9533 9714 10146 10264 10325 10372 10488 13004 
#module 74 size: 67 bs: 0.996949
796 1116 1156 1278 1310 1409 2075 2126 2181 2255 2301 2308 2437 2653 3051 3119 3160 3338 3677 3779 3791 3869 3873 3904 4052 4100 4276 4563 4643 4826 4903 4942 4968 5143 5237 5381 5476 5554 5672 6054 6109 6648 6683 6702 7103 7292 7357 7551 7568 7584 7633 7638 8184 8306 8542 8780 8928 9371 9737 9806 10148 10324 10420 10875 10982 11232 11575 
#module 75 size: 17 bs: 0.596822
39 3915 4445 5423 5560 5845 5851 6026 6530 6883 7029 7219 7788 8983 10192 10254 12899 
#module 76 size: 63 bs: 0.497445
12 781 953 994 1392 1495 1589 1780 1938 2482 2627 2650 2729 3170 3870 4072 4169 4173 4509 4521 4943 5052 5070 5081 5157 5562 5579 5769 5857 6168 6265 7135 7146 7158 7754 7886 7901 8644 8774 8990 9121 9148 9205 9208 9431 9645 9693 9697 9704 9706 9814 9849 9935 9969 10136 10433 10554 10593 10634 10720 11268 12882 12889 
#module 77 size: 41 bs: 1.09598
815 1024 1103 1361 1697 2473 2546 2643 2925 3061 3714 4256 4420 4862 5037 5127 5152 5816 5854 5905 5929 5997 6010 6298 6409 6679 7081 7095 7192 7228 7535 7735 8352 8412 8816 9132 9320 9357 9435 10633 11380 
#module 78 size: 46 bs: 0.193862
1843 2516 2962 3081 3426 3785 4410 4425 4473 4507 5001 5034 5207 5624 6039 6268 6343 6844 6897 7065 7520 7579 7954 8389 8410 8437 8517 8529 8781 8952 8974 9028 9530 9651 9722 9725 9842 9877 10048 10183 10301 10659 10766 11273 11498 12063 
#module 79 size: 23 bs: 0.313522
38 870 1878 2159 3050 3147 3186 5305 5609 6578 7372 7767 7802 8008 9091 9182 9407 9745 9938 10115 10484 11230 12977 
#module 80 size: 36 bs: 1.03269
2566 2686 3206 3409 3822 3837 4029 4322 4336 4456 4746 4815 4825 5233 5270 5341 5363 5528 5600 6932 7415 7549 7671 7685 8284 8296 8602 9057 9484 9508 9948 9980 10374 10712 11009 11576 
#module 81 size: 25 bs: 0.297234
1681 2336 2406 2480 2733 2761 2987 3332 3455 3642 4428 4930 5191 5216 5490 6004 7071 7116 7390 7711 7857 8180 8579 9039 9828 
#module 82 size: 56 bs: 1.01606
13 15 866 873 1025 1176 1218 1328 1608 1718 1927 1954 2223 2373 2791 3058 3247 3445 3501 3732 3780 4034 4049 4132 4659 4769 4874 5643 5806 6103 6511 6641 6999 7379 7842 8037 8044 8133 8217 8455 8607 8748 9104 9478 9625 9707 10444 10605 10692 10700 10771 10809 11022 11107 11581 13010 
#module 83 size: 46 bs: 0.868271
67 1068 1288 1604 1605 1736 1860 2318 2486 2546 3094 3132 3649 3896 4025 4330 4570 4619 4623 4767 5211 5248 5759 6501 6592 6902 7000 7222 7250 7344 7430 7665 7753 8151 8468 8996 9191 9245 10016 10221 10438 10482 10564 10613 10906 11224 
#module 84 size: 31 bs: 0.590118
1261 1586 1837 1880 1887 1998 2634 2803 3042 3213 3278 3953 4731 4822 6128 7889 8373 8450 9129 9210 9214 9367 9568 9604 10046 10189 10566 10707 10747 10965 11114 
#module 85 size: 55 bs: 0.911183
1167 1455 1480 1758 2385 2433 2439 2795 2907 2928 2999 3075 3255 3426 3478 4170 4209 4772 4910 5166 5319 5564 5608 5689 5691 5881 6194 6481 6828 6861 6878 6879 6884 7264 7702 7747 7830 7944 7998 8017 8056 8448 8613 8724 8848 8856 9298 9929 10398 10430 10833 10989 11109 11550 12635 
#module 86 size: 50 bs: 0.418153
1465 1569 1645 1769 2016 2047 2135 2617 3052 3151 3574 3745 3976 4236 4362 4696 4849 4913 4965 5043 6061 6114 6624 6746 6808 6864 6881 6921 6985 7036 7239 7332 7760 7836 7978 7988 8154 8404 8527 8622 8924 8962 9370 9463 9766 10012 10439 10536 11649 12896 
#module 87 size: 40 bs: 0.795008
7 1074 1141 1303 1511 1621 2108 2345 2614 2882 3023 3240 3622 3836 3881 4024 4103 4471 4618 4800 4926 5024 5505 5611 5804 6133 6302 6943 7169 7353 7792 7854 8014 8316 9022 9030 9206 10861 10988 12726 
#module 88 size: 69 bs: 1.04775
767 916 1057 1529 1568 1647 1666 1879 2127 2169 2176 2793 2886 2887 2951 3907 3908 4106 4163 4390 4583 4585 4628 4641 4661 4663 4893 5661 6200 6224 6232 6233 6242 6249 6551 6635 6721 7477 7518 7652 8237 8252 8386 8479 8538 8659 8670 8693 8698 8784 8934 9004 9199 9365 9369 9415 9589 9670 9801 9883 9886 9949 10099 10156 10501 10776 11435 11463 12264 
#module 89 size: 50 bs: 0.99573
759 790 1031 1047 1086 1320 1417 1568 1615 1833 1997 2174 2180 2300 2632 2781 2791 2848 3733 4356 4575 4576 4661 4928 4978 5361 6159 6228 6233 6479 6749 7569 8152 8338 8399 8473 8545 8905 9133 9136 9345 9378 9468 9683 9707 9807 10473 10799 11088 13062 
#module 90 size: 34 bs: 0.791783
962 1102 1334 1831 1873 2851 2921 3228 3430 3436 4233 4496 4646 4798 4857 5169 5375 5767 5849 5896 6862 6872 7074 7512 7643 9875 9981 10097 10132 10703 10872 11123 11643 11660 
#module 91 size: 112 bs: 0.356255
852 1344 1475 1590 1617 1683 1803 1822 1891 1971 2027 2078 2147 2247 2377 2401 2432 2579 2633 2727 2830 2908 2948 3423 3550 3564 3686 3808 3833 3899 3963 3974 4102 4165 4451 4601 4639 4777 4984 5186 5224 5250 5266 5290 5346 5370 5413 5449 5500 5527 5557 5617 5853 6018 6172 6264 6336 6436 6457 6477 6512 6538 6608 6686 6771 7083 7111 7123 7126 7140 7174 7216 7249 7458 7464 7507 7846 7995 8097 8123 8210 8229 8257 8281 8321 8343 8377 8528 8531 8840 8868 8950 8996 9066 9151 9338 9368 9528 9545 9578 9819 9891 9971 10124 10270 10403 10527 10574 10617 10830 10904 11205 
#module 92 size: 99 bs: 0.212862
806 883 1072 1208 1468 1590 1751 1891 1971 1973 2186 2281 2283 2324 2351 2432 2502 2579 2908 3150 3646 3734 4102 4121 4134 4457 4494 4639 4899 4901 4984 5160 5164 5183 5186 5188 5266 5308 5346 5566 5712 5774 5824 5961 5993 6017 6172 6209 6213 6256 6312 6453 6468 6477 6610 6724 6784 6841 7111 7167 7193 7207 7216 7338 7615 7727 7765 7858 7917 7975 8100 8378 8528 8652 8809 8820 8862 9041 9066 9162 9188 9318 9338 9609 9613 9671 9744 9821 9958 10029 10123 10166 10187 10380 10527 10904 11246 11260 11475 
#module 93 size: 31 bs: 1.0164
66 1010 1439 1550 1867 1949 2151 2798 3141 3533 4605 4675 5029 5243 5437 5719 6169 6901 7093 7224 7392 7490 7709 7840 7855 8371 8375 8562 8732 10576 11604 
#module 94 size: 42 bs: 0.117824
882 1209 2033 2468 2728 2940 3013 3198 3713 3930 4722 5580 5774 6028 6143 6470 6586 6962 6963 7118 7417 7476 7693 7724 8165 8494 8805 8841 8876 8894 8923 8968 9106 9205 9452 9466 9969 10002 10208 10689 10851 10897 
#module 95 size: 42 bs: 0.765399
972 1026 1093 1781 2592 3208 3282 3582 3627 3848 3900 4178 4197 4379 4709 4895 4945 5217 5531 6015 6065 6248 6523 6564 6649 6691 6740 6824 7540 7609 7706 8228 8370 8384 9149 9733 10020 10805 10810 10913 11110 12862 
#module 96 size: 34 bs: 0.123387
1292 1639 1674 2054 2494 2695 2941 3059 3101 3250 3480 3554 3868 3984 5283 5542 5694 5793 6287 6421 6422 6490 6661 6768 7143 8663 9130 9209 9534 9795 10432 10475 11189 11371 
#module 97 size: 77 bs: 1.02812
13 813 1010 1130 1147 1186 1225 1259 1304 1380 1402 1606 1705 1779 1792 1818 2064 2390 2843 3259 3315 3644 3726 3756 3757 3922 4041 4175 4228 4320 4701 5220 5241 5321 5502 5694 5801 5923 6487 6528 6573 7020 7055 7215 7618 7627 7678 8021 8045 8096 8106 8114 8120 8219 8320 8360 8364 8619 8891 8991 9062 9159 9291 9297 9582 9696 9849 10052 10179 10182 10369 10451 10487 10514 10785 10873 11878 
#module 98 size: 81 bs: 0.525427
860 864 956 1105 1203 1250 1306 1315 1584 1701 1774 1817 1845 1852 1959 2210 2258 2387 2465 2867 2908 3064 3089 3269 3385 3531 3540 3572 3664 3690 3748 3797 4061 4078 4273 4315 4422 4448 4451 4699 5042 5373 5385 5464 5559 5713 5744 6122 6132 6477 6561 6591 6713 6938 6953 7216 7712 7763 7824 8019 8156 8167 8262 8346 8549 8641 8964 9026 9483 9574 9630 9765 10391 10663 10745 10759 10975 11073 11151 11383 12881 
#module 99 size: 71 bs: 0.931906
996 1023 1096 1411 1527 1646 1656 1816 1841 1918 1969 1978 2051 2152 2243 2253 2267 2423 2450 2737 3056 3220 3270 3276 3437 3699 3969 3976 4037 4255 4280 4347 4391 5049 5420 5431 5877 6220 6297 6706 7073 7267 7319 7572 7692 7742 7937 7942 8060 8154 8345 8640 9031 9088 9216 9279 9389 9481 9498 9601 9688 10050 10122 10168 10171 10229 10351 10958 11010 11079 11473 
#module 100 size: 36 bs: 0.491003
6 1208 1341 1446 1459 1533 1722 1921 2110 2344 2706 3703 4014 4047 4149 5263 5332 5572 5830 5928 6751 7005 7710 8099 8617 8719 9012 9050 9274 9401 9647 10359 10506 10587 10658 11173 
#module 101 size: 55 bs: 0.985986
1017 1295 1308 1548 2032 2206 2576 2577 2595 2622 2631 2636 2682 2790 2828 2847 2859 2865 2889 3086 3281 3321 3415 3991 4753 4897 4989 5020 5468 6495 7335 7412 7545 8018 8269 8282 8443 8650 8696 8823 9047 9143 9178 9244 9254 9485 9564 9794 9925 10213 10258 10384 10519 10688 10827 
#module 102 size: 35 bs: 1.08758
51 1091 1353 1633 2026 2027 2188 2396 2957 3164 3586 4246 4600 4864 5014 5109 5255 5291 6165 6187 6798 6799 7260 7655 8234 8475 8586 8950 9101 10224 10402 10457 10582 10881 12683 
#module 103 size: 16 bs: 0.418071
1421 1679 2068 2560 3405 3525 4107 4217 5872 6308 7976 9250 9264 10247 10470 10920 
#module 104 size: 42 bs: 0.975065
43 50 991 1689 1790 2218 2341 2942 2983 3560 3905 4099 4140 4216 4259 4400 4809 4855 5131 5414 5615 5812 6044 6169 6665 7108 7437 7511 7536 7923 8673 8745 9068 9172 9558 9560 9900 10452 10811 11128 12494 13065 
#module 105 size: 67 bs: 0.649748
919 964 1018 1028 1203 1253 1388 1397 1448 1457 1584 1597 1657 1757 1791 1802 1925 2040 2442 2535 3107 3242 3257 3446 3482 3485 4176 4208 4244 4437 4518 4524 4766 4791 5253 5306 5347 5393 5402 5603 5999 6156 6203 6229 6529 7051 7088 7254 7345 7681 7795 7839 8118 8216 8559 8886 9070 9300 9376 9427 9780 10333 10614 10668 10926 11016 12077 
#module 106 size: 27 bs: 1.08592
1381 1509 1904 2227 2647 3008 3296 3602 3993 4354 4465 5310 5466 5686 5734 6079 6236 6313 6521 6787 9075 9757 10043 10319 10746 11136 12523 
#module 107 size: 64 bs: 0.956281
20 32 64 69 939 1000 1062 1133 1145 1363 1433 1589 2075 2205 2317 2493 2627 2714 2839 3126 3323 3535 3707 3853 3894 4092 4179 4232 4355 4407 4466 4739 4833 4903 5120 5167 5237 5820 6148 6168 6262 6384 6388 6520 6972 7054 7491 7754 8643 8751 8937 8990 9457 9775 9942 10039 10157 10310 10345 10483 10710 10751 10754 12584 
#module 108 size: 85 bs: 0.590738
26 891 994 1292 1441 1671 1828 1966 1977 2052 2170 2187 2843 2929 3059 3115 3554 3590 3616 3726 3767 3802 4272 4320 4334 4363 4621 4790 4905 5226 5459 5497 5542 5694 5764 5889 6090 6192 6445 6467 6471 6498 6525 6584 6698 6744 6914 7085 7184 7257 7380 7406 7620 7708 7992 8021 8109 8186 8198 8241 8385 8661 8723 8758 8937 8965 9027 9209 9242 9431 9496 9534 9588 9640 9712 9750 10104 10610 10933 11145 11214 11362 11459 12534 12590 
#module 109 size: 37 bs: 0.242304
915 1136 1503 1717 1733 1895 2053 2270 2505 2958 3687 3986 4388 4565 4654 4668 4774 4837 5110 5142 5194 5318 5639 6217 6847 7641 7642 8435 8446 8584 8597 8878 9145 9587 10581 11372 12495 
#module 110 size: 36 bs: 0.323701
2 975 1214 1365 1443 1520 1525 1754 3815 3897 4371 4681 5084 5158 5176 5300 5944 6258 6502 7047 7386 7928 7947 8009 8137 8204 8239 8256 8668 8737 9287 9540 10292 11134 11451 12958 
#module 111 size: 63 bs: 0.762171
837 980 1446 1920 1996 3444 3474 3979 4016 4038 4040 4173 4345 4419 4435 4443 4556 4603 4849 4866 4953 5070 5112 5131 5352 5496 5765 5895 6373 6689 6851 7063 7113 7228 7735 7738 7978 7994 8003 8046 8324 8357 8765 9169 9205 9260 9389 9423 9441 9460 9557 9812 10116 10126 10225 10240 10272 10512 10588 10779 10784 11448 12905 
#module 112 size: 50 bs: 0.529345
849 1113 1249 1290 1452 1460 1599 1920 2008 2135 2489 2496 2654 2924 3100 3130 3341 3801 3805 4064 4325 4443 4796 5047 5238 5265 5376 5867 5949 6212 6773 6829 6990 7014 7378 8042 8125 8174 8345 8550 9232 9479 9848 9999 10422 10437 10764 10839 11335 11704 
#module 113 size: 93 bs: 0.199406
64 764 778 1031 1178 1211 1221 1283 1464 1580 1642 1675 1702 1842 2241 2260 2338 2347 2395 2571 2624 2705 2718 2791 2806 2978 3033 3046 3309 3355 3378 3503 3598 3702 3703 3715 3766 3971 3977 4014 4047 4110 4179 4247 4249 4515 4528 5012 5332 5358 5361 5482 5530 5538 5701 5750 6216 6356 6384 6416 6458 6770 7008 7024 7077 7090 7271 7662 7904 7996 8171 8268 8278 8449 8763 9193 9650 9754 9818 9971 10014 10051 10107 10295 10359 10515 10584 10658 10851 11003 11220 11266 11364 
#module 114 size: 57 bs: 0.990815
789 955 1230 1278 1809 1834 1985 2018 2163 2182 2255 2301 2467 2575 2849 2881 2891 3040 3051 3187 3419 3870 3901 4023 4276 4573 4747 4768 4892 4982 5074 5484 6227 6307 6734 7482 7584 7588 7909 8145 8208 8388 8417 8431 8483 9139 9829 10004 10087 10255 10337 10621 10666 10773 11208 11217 12813 
#module 115 size: 58 bs: 0.890065
758 797 931 1140 1230 1274 1413 1782 1932 2437 2445 2801 3148 3160 3225 3273 3674 3920 4051 4276 4658 4706 5075 5448 5554 6085 6245 6450 6454 6683 6702 7177 7352 7356 7543 7562 7583 7723 7733 8251 8308 8313 8634 8684 8770 8932 8971 9100 9350 9424 9662 9975 10186 10328 10401 10622 10648 10733 
#module 116 size: 53 bs: 0.485432
771 842 1004 1496 1595 1885 2146 2532 2675 2724 2846 3194 3210 3339 3570 3609 3892 4128 4253 4262 4559 4635 4697 4967 5205 5324 5436 5743 5778 5902 6335 6371 6763 7046 7157 7329 7455 7723 7826 8556 8557 8890 9180 9259 9350 9640 9790 9873 9905 10104 10971 11272 12792 
#module 117 size: 43 bs: 0.621093
845 914 1131 1311 1412 1474 1541 1726 2112 2665 2723 2789 2804 2891 3045 3097 4455 4542 4665 4683 5051 5442 5513 5979 6250 6324 7105 7623 8335 8356 8747 8961 8998 9255 9491 9654 9708 10332 10344 10386 10544 10999 11425 
#module 118 size: 71 bs: 1.04584
811 968 1043 1050 1063 1143 1177 1227 1299 1682 1851 2042 2092 2725 2735 2855 2998 3129 3131 3422 3435 3641 3774 3927 3964 3967 4022 4093 4310 4324 4327 4431 4489 4846 4847 5079 5213 5399 5440 5465 5619 5779 6014 6266 6541 6898 7015 7045 7185 7212 7429 7451 7472 7789 7794 7875 7964 7985 8725 8966 9167 9184 9239 9665 9808 9912 9972 10499 10662 10907 11639 
#module 119 size: 40 bs: 0.232767
816 1524 1526 1773 2452 2519 2710 2785 2919 3080 3286 3304 3370 3631 3826 3927 4195 4339 4576 4918 4975 5316 5398 5829 5868 6140 6339 6404 6747 6918 7619 7626 7913 8001 9759 10357 10889 10973 11002 12293 
#module 120 size: 44 bs: 0.984884
909 979 1271 1293 1503 1661 1715 1976 2046 2172 2240 2463 2541 2587 2589 2782 2818 2863 3956 4062 4413 5145 6213 6424 7547 8024 8086 8267 8387 8453 8454 8492 8802 9055 9333 9649 9710 10079 10204 10533 10598 10978 10991 11152 
#module 121 size: 57 bs: 0.325284
22 1038 1301 1669 1883 2819 2832 3041 3045 3731 3941 4146 4429 4453 4552 4647 4677 4843 4899 5094 5309 5818 5973 6111 6301 6550 7128 7280 7342 7377 7439 7500 7927 8415 8434 8486 8491 8926 9059 9487 9633 9703 9713 9772 10117 10206 10211 10289 10376 10448 10538 10678 11701 11765 11840 12327 12874 
#module 122 size: 28 bs: 0.429551
1019 1508 1889 2202 2213 2575 2777 2836 3222 3825 4485 4672 4820 4958 4970 6160 6199 6239 7304 7367 7568 7581 7750 9250 9345 9598 10130 10284 
#module 123 size: 84 bs: 0.979634
33 822 823 846 1223 1320 1395 1735 1832 2166 2268 2272 2378 2504 2548 2679 2776 2893 3162 3512 4007 4264 4390 4557 4584 4664 4782 4807 4817 4927 4935 5108 5245 5247 5963 5994 6001 6219 6281 6307 6443 6589 6844 6895 7312 7354 7427 7501 7573 7595 7617 7865 8074 8342 8355 8477 8518 8721 8859 8867 9098 9265 9399 9472 9549 9555 9604 9674 9799 9811 9876 9987 10582 10757 10836 10882 10949 10990 11095 11411 11438 11552 12169 12865 
#module 124 size: 84 bs: 0.611398
59 73 833 1001 1042 1393 1840 1888 2244 2313 2333 2486 2638 2659 2691 2775 2837 2968 3400 3593 3748 4017 4239 4482 4522 4550 4630 4724 4783 4819 4863 5038 5158 5212 5253 5373 5523 5555 5658 5687 5739 5803 6132 6185 6337 6392 6508 6690 6778 6858 6964 7000 7059 7142 7479 7528 7596 7813 7868 7918 7959 8059 8187 8656 8669 8715 8728 8930 8935 9019 9034 9138 9432 9464 9630 9752 9986 10141 10147 10626 11188 11556 12573 12589 
#module 125 size: 130 bs: 0.181134
843 883 913 967 979 1006 1155 1217 1271 1322 1499 1549 1619 1655 1667 1717 1863 1919 1952 1982 2089 2097 2101 2124 2240 2397 2479 2501 2758 2800 2835 2861 2973 2980 3249 3363 3391 3459 3469 3495 3556 3829 3835 3933 3978 4044 4091 4223 4254 4287 4370 4373 4398 4399 4408 4417 4548 4740 4993 5030 5041 5091 5139 5231 5318 5452 5458 5555 5664 5708 5714 5720 5748 5768 5815 5844 6253 6317 6329 6374 6390 6558 6600 6667 6817 6822 6831 7381 7578 7610 7645 7907 7936 7960 8040 8086 8148 8264 8297 8309 8351 8421 8441 8476 8590 8601 9002 9083 9268 9322 9343 9375 9453 9544 9566 9868 9998 10049 10077 10277 10338 10404 10461 10543 10862 11159 11261 11393 11695 11708 
#module 126 size: 47 bs: 0.528677
1061 1122 1189 1191 1720 1801 1886 1910 2035 2343 2562 2569 3049 3107 3401 3497 3931 4074 4315 4525 4622 4845 5219 5277 5406 5597 5625 5847 6900 7035 7202 7502 7668 7726 7851 8010 8032 8085 8141 8181 8709 8972 9034 9366 10450 11340 11532 
#module 127 size: 80 bs: 0.464677
35 802 804 903 942 949 1110 1254 1281 1321 1382 1490 1566 1670 1708 2142 2160 2257 2391 2459 2515 2534 2759 2810 3297 3358 3449 3502 3521 4000 4234 4436 4546 4555 4599 4723 4784 4937 5007 5298 5311 5377 5469 5581 5681 5906 6186 6278 6654 6950 7130 7223 7323 7374 7483 7719 7812 8197 8277 8588 8603 8723 8767 8786 8889 9330 9541 9810 9836 9873 10003 10118 10223 10367 10546 10677 10815 10859 11788 11932 
#module 128 size: 37 bs: 0.56174
54 936 1039 1127 1220 1352 1839 2287 2355 2460 2721 3132 3676 3759 3806 3872 3919 4203 4222 4587 4774 4996 5193 5803 6254 6350 6711 7265 8762 8817 9093 9103 9681 9832 10311 11001 11405 
#module 129 size: 31 bs: 0.816196
1085 1873 2084 2457 2851 2970 4215 4798 4857 5169 5447 5951 6302 6872 7383 7384 8420 8506 9107 9311 9768 9771 10044 10133 10259 10343 10788 10791 10814 10872 11625 
#module 130 size: 25 bs: 0.517107
54 2246 2302 2811 4067 4192 4350 4503 4562 4622 4682 5380 6323 6968 7173 7606 7980 8011 8670 8784 9660 9888 10360 10961 11883 
#module 131 size: 48 bs: 0.44889
868 1051 1378 1560 1940 2157 2284 2513 3300 3376 3511 3517 3945 4243 4306 4452 5021 5122 5359 5875 5904 6005 7098 7443 7488 7684 7767 8227 8633 8807 8903 8946 8970 9110 9117 9137 9183 9186 10015 10313 10349 10454 10551 10560 10577 10697 10838 12861 
#module 132 size: 32 bs: 0.685846
1247 1256 1425 1649 2010 2049 2520 2880 2994 3150 4156 4566 5409 5715 5890 6111 6271 6951 7243 7270 7408 8225 8899 9183 9231 9356 10366 10854 11085 11488 11715 12992 
#module 133 size: 36 bs: 0.493349
71 1228 1964 2770 3221 3266 3725 3731 3751 3785 4995 5207 5698 5814 5956 6129 6211 6343 6651 7627 7954 8320 8389 8459 8483 9608 9874 9993 10066 10117 10206 10379 10516 11541 12642 12746 
#module 134 size: 95 bs: 0.384881
1128 1162 1222 1394 1557 1558 1602 1616 1894 1994 2072 2099 2228 2420 2503 2517 2637 2660 2690 2890 2927 2969 3044 3681 3731 3811 4284 4484 4720 4781 4886 4889 4914 4955 5429 5492 5635 5794 5960 6007 6046 6113 6411 6843 6920 6957 7211 7227 7676 7682 7770 7786 8093 8140 8305 8415 8418 8436 8483 8484 8486 8490 8639 8856 9059 9179 9190 9203 9283 9442 9451 9487 9490 9542 9622 9703 9854 9874 9966 10117 10125 10206 10538 10618 10628 10632 10796 10943 10947 11115 11259 11699 11701 11765 12510 
#module 135 size: 43 bs: 0.596364
41 905 1173 1366 1729 1789 1928 2134 2323 2669 3092 3239 3359 4006 4109 4139 4194 4245 4627 5003 5272 5508 5969 6036 6765 7244 7324 7758 7809 7831 7966 7971 8010 8190 8808 9200 9293 9296 9758 10191 10407 11188 11215 
#module 136 size: 34 bs: 0.980289
1015 1270 3232 3299 3441 3450 3481 3823 4291 4338 4700 5317 5418 5553 5724 5864 6197 6379 6464 7100 7119 7226 7231 7755 7796 8558 8636 9157 9541 10362 10627 11031 11415 11447 
#module 137 size: 44 bs: 0.166534
769 786 911 1077 1334 1424 1962 2692 3091 3454 4260 4450 4458 4684 4736 4754 5416 5533 5819 5825 5932 6094 6252 6296 7032 7125 7208 7325 7696 7957 8079 8500 8539 8621 8947 9023 9063 9140 9502 9584 10027 10615 10725 11870 
#module 138 size: 83 bs: 0.36258
881 930 938 974 1314 1345 1423 1440 1677 2155 2274 2425 2930 3172 3180 3241 3357 3571 3739 3847 3937 4112 4154 4289 4464 4567 4631 4691 4717 4806 4934 5096 5590 5656 5667 5840 5841 6003 6084 6123 6183 6265 6327 6349 6400 6865 6936 6978 6994 7273 7538 7767 8023 8041 8081 8105 8363 8539 8615 8692 9237 9256 9382 9502 9657 9677 9850 9899 10015 10106 10193 10199 10256 10320 10413 10469 10654 10802 11138 11139 11400 11868 12652 
#module 139 size: 56 bs: 0.164761
1020 1081 1593 1692 1712 1960 2067 2139 2713 2883 2950 3396 3603 3736 4199 4211 4269 4340 4438 4529 4655 4821 4873 5248 5349 5595 5762 5770 5831 5898 5910 5947 6023 6332 6577 6920 6976 6989 7230 7701 7914 7930 8110 8672 8938 9982 10175 10375 10407 10517 10534 10643 10795 10879 10922 11196 
#module 140 size: 55 bs: 0.111357
49 892 1108 1362 1427 1435 1725 1729 2038 2158 2173 2297 2449 2509 2564 2635 2789 2866 2913 2918 3661 4019 4265 4266 4286 4529 4797 4859 4863 4948 5532 5754 5808 5991 6246 6578 6619 6853 7230 7538 7762 7798 8155 8199 8250 8660 9257 9278 10159 10396 10600 10928 10981 11021 11949 
#module 141 size: 69 bs: 0.401923
811 869 1040 1239 1592 1653 1753 1821 1836 2034 2681 2720 2726 2991 3157 3216 3218 3425 3595 3648 3854 4070 4093 4210 4270 4365 4478 4489 4847 4933 5053 5185 5301 5546 5647 5807 6029 6030 6302 6441 6516 6910 7017 7045 7144 7152 7715 7870 7931 8350 8788 8849 8915 9171 9284 9342 9648 9984 10045 10273 10282 10842 10886 11074 11106 11121 11245 11338 11490 
#module 142 size: 36 bs: 0.399388
13 825 1010 1033 1576 1748 1808 1924 2032 2492 2701 2859 3144 3161 3613 3809 4104 4143 4297 5089 5426 5812 5852 5869 6418 6669 7078 8258 8686 9071 9327 9503 9720 9889 11032 11223 
#module 143 size: 53 bs: 0.190678
826 961 970 1098 1525 1653 1730 1749 1756 2568 2703 2914 2979 3195 3253 3496 3499 3592 3625 4004 4053 4133 4224 4298 4547 4553 4590 4881 5065 5072 5144 5435 5438 5628 5733 5756 5811 5871 6207 6417 6677 7010 7145 7699 7766 8499 9241 9524 9753 9961 10891 10919 11611 
#module 144 size: 92 bs: 1.05836
75 791 948 981 991 1069 1088 1444 1622 1626 1629 1636 1710 1724 2151 2346 2455 2487 2748 2760 2984 3024 3036 3219 3496 3612 3830 3864 3997 4070 4271 4301 4335 4380 4384 4433 4579 4675 4770 4904 5093 5103 5141 5225 5326 5336 5403 5408 5480 5821 5855 5863 5950 5953 6037 6040 6364 6418 6517 6741 6906 7027 7053 7137 7299 7664 7666 7883 7981 7983 8067 8091 8147 8303 8570 8575 8738 8760 8761 8782 8826 9020 9090 9309 9692 9734 10348 10416 10636 11004 12782 12933 
#module 145 size: 31 bs: 0.967522
1907 1930 1951 2677 3431 3475 3793 3819 4511 4535 4703 4811 4902 5700 6041 6637 6644 6839 6970 7115 7950 8172 8768 9011 9489 9607 10011 10128 10486 10707 12492 
#module 146 size: 64 bs: 0.641235
42 830 844 873 946 1160 1429 1665 2060 2474 2483 2613 2731 3058 3252 3395 3407 3408 3656 3679 3690 4326 4393 5000 5573 6142 6180 6495 6636 6922 7012 7129 7206 7320 7486 7698 7821 8002 8057 8223 8474 8606 8637 9286 9288 9363 9409 9444 9565 9669 10294 10414 10504 10508 10526 10645 10684 10724 10743 10826 10939 11017 11470 12228 
#module 147 size: 83 bs: 0.639255
847 985 986 1246 1391 1565 1856 1970 2412 2414 2699 2762 3070 3074 3274 3288 3289 3346 3433 3505 3652 3746 3771 3784 4497 4538 4610 5252 5280 5374 5478 5520 5558 5637 5646 5761 6107 6352 6405 6434 6442 6761 6908 6986 7026 7209 7210 7266 7303 7358 7382 7383 7389 7397 7438 7723 7772 7826 7951 8277 8314 8423 8628 8815 8828 8842 8975 9105 9165 9355 9406 9449 9550 9551 9761 9894 9918 10520 10653 10660 10762 11197 11443 
#module 148 size: 46 bs: 0.662084
858 1041 1723 1732 2183 3017 3638 3709 3789 4172 4207 4307 4343 4349 4364 4387 4794 5100 5278 5299 5510 6016 6381 6386 6631 6830 7539 7729 8232 8647 8676 8708 8804 9001 9256 9514 9727 9735 10185 10234 10424 10475 10625 11191 11218 11501 
#module 149 size: 61 bs: 0.314736
16 951 1068 1561 1604 1685 1778 1914 1917 2466 2498 2563 2567 3010 3132 3427 3494 3649 4048 4072 4205 4296 4305 4444 4560 4730 4788 4802 4999 5020 5028 5248 5427 5518 6488 6658 6700 6854 6902 6984 7272 7924 8005 8062 8113 8117 8206 8854 9111 9299 9398 9786 9901 10056 10088 10142 10496 11178 11185 11271 11700 
#module 150 size: 38 bs: 1.06322
3 1121 1255 1333 1559 1796 1827 1942 2243 2289 2864 3123 3943 3969 4231 4325 4591 4852 5442 5521 7080 7109 8160 8452 8800 9128 9279 9389 9479 9783 10238 10409 10623 10721 10958 11010 11098 11710 
#module 151 size: 50 bs: 0.536421
827 1107 1272 1968 2013 2130 2232 2275 2504 2661 2879 3212 3235 3327 3493 3698 3852 4011 4111 5218 5285 5675 6231 6238 6243 6260 6345 6459 6640 6652 6801 6803 6876 7221 7255 7589 8475 8521 8680 8838 8893 8950 9025 9155 9269 9315 10493 10582 10957 11499 
#module 152 size: 64 bs: 0.101071
20 797 1080 1089 1232 1787 2187 2627 2680 2719 3191 3224 3272 3471 3489 3712 4253 4484 4536 4545 4616 5006 5107 5113 5234 5304 5488 5663 5858 6064 6087 6221 6653 6735 6812 7022 7229 7720 7754 7799 7829 7866 8193 8310 8320 8461 8634 8644 8772 8805 8835 8910 9049 9211 9224 9936 9969 9977 10341 10462 10722 10733 10758 10767 
#module 153 size: 44 bs: 1.02462
922 957 1010 1109 1128 1588 1607 1994 2093 2349 2491 2896 2942 3067 3473 3999 4295 4381 4459 4710 4778 4809 5279 5752 5787 6259 6316 7056 7347 7621 7627 7786 8325 8965 9291 9450 9629 10065 10066 10323 10857 11207 12006 12015 
#module 154 size: 47 bs: 0.128746
1058 1101 1133 1170 1185 1588 1846 2218 2549 2934 4089 4169 4259 4693 5068 5135 5356 5562 5615 5758 5812 6384 6730 7016 8082 8180 8283 8372 8494 8543 8657 8777 8805 8876 8968 9457 9458 9775 9965 10014 10100 10139 10509 10792 11140 11566 12756 
#module 155 size: 42 bs: 0.280297
901 1144 1644 1731 1921 2086 2114 2477 2526 2990 3192 3302 3477 3742 3969 4045 4218 4394 4795 4882 5376 6009 6152 6542 6750 6793 6826 6827 6974 7378 7441 7600 7721 7730 8271 8582 8790 9134 9421 9991 10123 10512 
#module 156 size: 17 bs: 0.210487
865 932 1135 1159 1641 2039 3277 3684 3827 4050 5342 6563 6656 6945 8368 8400 8726 
#module 157 size: 40 bs: 0.686783
57 1318 1704 1784 1804 1888 2335 2964 3290 3442 3765 3794 3834 3862 4002 4222 4775 4814 5138 5372 5489 5658 5803 6157 6218 6358 6419 6472 6499 6739 7052 7153 7175 7191 7509 7648 7884 8190 8489 9906 
#module 158 size: 232 bs: 0.881024
777 875 885 893 909 973 1012 1094 1114 1175 1206 1356 1408 1420 1426 1436 1485 1505 1531 1533 1598 1618 1628 1635 1638 1744 1747 1806 1869 1919 1933 1936 1987 2029 2046 2062 2076 2079 2082 2097 2103 2154 2240 2313 2325 2402 2428 2454 2462 2476 2495 2544 2570 2640 2674 2782 2837 2973 3062 3105 3138 3152 3207 3260 3366 3372 3397 3399 3400 3410 3462 3466 3532 3547 3575 3618 3635 3672 3717 3718 3851 3906 3956 3989 3994 4003 4043 4062 4181 4196 4252 4258 4274 4279 4299 4373 4379 4418 4442 4446 4520 4530 4626 4695 4724 4740 4853 4877 5059 5082 5145 5150 5179 5302 5331 5367 5373 5412 5540 5541 5544 5593 5630 5659 5766 5822 5827 5828 5909 5957 5998 6058 6161 6247 6261 6286 6377 6424 6507 6508 6509 6579 6622 6667 6691 6758 6831 6946 6956 6981 6983 6992 7038 7155 7164 7274 7275 7283 7287 7322 7371 7425 7436 7449 7452 7525 7625 7629 7700 7823 7878 7953 7958 8047 8098 8122 8131 8148 8297 8340 8381 8512 8544 8735 8743 8822 8936 9043 9082 9263 9310 9377 9381 9471 9477 9486 9573 9603 9608 9656 9663 9691 9710 9833 9879 9916 9933 10057 10112 10131 10205 10226 10244 10377 10471 10513 10679 10728 10841 10878 10914 10938 10977 10978 10979 11007 11077 11206 11413 11436 12019 12679 
#module 159 size: 48 bs: 0.682244
53 773 812 1181 1247 1362 1575 1627 1663 1750 1765 2136 2509 2564 2819 2913 2990 3264 3491 3511 3666 3935 3954 4158 4532 5351 5865 6268 6576 7474 7576 7908 7987 8275 8349 9531 9651 9784 9910 10121 10160 10183 10349 10354 10607 10781 10966 12506 
#module 160 size: 49 bs: 0.493374
1166 1237 1415 1498 1546 1693 1821 2444 2478 2526 3142 3258 3311 3421 3541 3670 3716 3828 3914 4403 4447 4805 4828 5335 5454 5551 5621 5669 5671 5745 5782 6299 6355 6905 6998 7182 7295 8121 8221 8580 8711 8811 9324 9591 10477 10651 10674 10858 10983 
#module 161 size: 62 bs: 1.06964
17 988 1139 1382 1521 1571 1970 2140 2853 3134 3155 3172 3312 3376 3710 3934 4283 4351 4382 4598 4751 4844 4916 5007 5222 5227 5340 5389 5592 5873 6013 6045 6083 6153 6455 6532 6687 6760 6899 7301 7336 7359 7463 7697 7946 8083 8270 8625 8832 8889 9122 9476 9614 9753 9920 10003 10164 10592 10948 10952 11379 11864 
#module 162 size: 1 bs: 1
776 
#module 163 size: 1 bs: 1
4949 
#module 164 size: 1 bs: 1
1488 
#module 165 size: 1 bs: 1
8824 
#module 166 size: 1 bs: 1
5329 
#module 167 size: 1 bs: 1
6273 
#module 168 size: 1 bs: 1
928 
#module 169 size: 1 bs: 1
6433 
#module 170 size: 1 bs: 1
1030 
#module 171 size: 1 bs: 1
10030 
#module 172 size: 1 bs: 1
1125 
#module 173 size: 1 bs: 1
8428 
#module 174 size: 1 bs: 1
1396 
#module 175 size: 1 bs: 1
2171 
#module 176 size: 1 bs: 1
2028 
#module 177 size: 1 bs: 1
6306 
#module 178 size: 1 bs: 1
2196 
#module 179 size: 1 bs: 1
10134 
#module 180 size: 1 bs: 1
2197 
#module 181 size: 1 bs: 1
2784 
#module 182 size: 1 bs: 1
2310 
#module 183 size: 1 bs: 1
4056 
#module 184 size: 1 bs: 1
2381 
#module 185 size: 1 bs: 1
4440 
#module 186 size: 1 bs: 1
2813 
#module 187 size: 1 bs: 1
10638 
#module 188 size: 1 bs: 1
3601 
#module 189 size: 1 bs: 1
8908 
#module 190 size: 1 bs: 1
3640 
#module 191 size: 1 bs: 1
4353 
#module 192 size: 1 bs: 1
3866 
#module 193 size: 1 bs: 1
8075 
#module 194 size: 1 bs: 1
4118 
#module 195 size: 1 bs: 1
10092 
#module 196 size: 1 bs: 1
4885 
#module 197 size: 1 bs: 1
10713 
#module 198 size: 1 bs: 1
5676 
#module 199 size: 1 bs: 1
9344 
#module 200 size: 1 bs: 1
6184 
#module 201 size: 1 bs: 1
10232 
#module 202 size: 1 bs: 1
6346 
#module 203 size: 1 bs: 1
8255 
#module 204 size: 1 bs: 1
6655 
#module 205 size: 1 bs: 1
10445 
#module 206 size: 1 bs: 1
7364 
#module 207 size: 1 bs: 1
10178 
#module 208 size: 1 bs: 1
7804 
#module 209 size: 1 bs: 1
7822 
#module 210 size: 1 bs: 1
7814 
#module 211 size: 1 bs: 1
10495 
#module 212 size: 1 bs: 1
7899 
#module 213 size: 1 bs: 1
11203 
#module 214 size: 1 bs: 1
8101 
#module 215 size: 1 bs: 1
10194 
#module 216 size: 1 bs: 1
8304 
#module 217 size: 1 bs: 1
9410 
#module 218 size: 1 bs: 1
9125 
#module 219 size: 1 bs: 1
12645 
#module 220 size: 1 bs: 1
9281 
#module 221 size: 1 bs: 1
10393 
#module 222 size: 1 bs: 1
9880 
#module 223 size: 1 bs: 1
11385 
