#module 0 size: 21 bs: 6.48316e-101
59 80 133 140 168 232 245 246 278 322 395 416 421 440 457 527 544 647 764 938 957 
#module 1 size: 23 bs: 1.25455e-12
58 87 138 328 412 457 465 490 499 501 527 536 538 586 604 624 637 668 712 721 773 939 962 
#module 2 size: 9 bs: 2.22045e-16
51 191 390 415 425 734 762 816 900 
#module 3 size: 4 bs: 1.62129e-05
388 426 542 944 
#module 4 size: 54 bs: 0.000303584
18 67 90 97 123 127 134 143 169 188 209 216 241 250 253 300 308 352 355 366 402 414 436 448 462 463 464 499 506 512 514 570 591 593 626 640 642 698 699 702 710 735 748 757 767 768 811 883 903 906 935 936 969 981 
#module 5 size: 8 bs: 0.00073627
299 444 483 517 571 574 812 863 
#module 6 size: 16 bs: 4.04908e-08
18 33 64 134 322 414 488 643 709 716 727 731 813 849 874 895 
#module 7 size: 6 bs: 0.0828633
243 358 514 565 868 923 
#module 8 size: 20 bs: 1.16573e-14
33 38 58 64 104 111 282 295 344 358 391 487 646 668 721 731 744 825 926 946 
#module 9 size: 21 bs: 0.0369776
64 119 199 215 330 339 384 391 416 429 514 522 699 744 778 797 867 903 945 951 962 
#module 10 size: 26 bs: 0.000410515
18 57 65 87 119 143 215 216 384 391 416 497 608 627 635 641 656 721 729 786 797 819 887 951 962 969 
#module 11 size: 10 bs: 0.00061584
368 370 382 412 540 612 692 693 814 942 
#module 12 size: 17 bs: 2.53413e-07
11 86 128 142 166 371 488 560 716 732 774 849 850 890 904 943 987 
#module 13 size: 11 bs: 0.000542831
8 19 42 49 288 327 378 409 718 796 977 
#module 14 size: 11 bs: 0.000243467
116 349 368 404 444 530 804 841 916 934 987 
#module 15 size: 16 bs: 1.23923e-05
64 82 125 143 171 184 235 496 547 565 644 655 785 791 912 969 
#module 16 size: 17 bs: 0.0123448
10 83 96 142 206 379 398 442 601 637 683 723 770 830 840 948 955 
#module 17 size: 26 bs: 3.10707e-12
30 36 37 42 87 135 245 298 351 385 387 396 478 493 544 649 692 753 765 778 797 819 917 935 936 951 
#module 18 size: 11 bs: 0.0110361
387 433 535 589 668 671 716 764 848 875 986 
#module 19 size: 19 bs: 0.00288307
85 298 422 445 476 485 553 582 584 593 651 703 725 781 782 812 814 858 883 
#module 20 size: 21 bs: 0.00684689
50 79 159 203 220 268 331 333 346 362 585 614 640 763 801 809 861 888 892 914 975 
#module 21 size: 20 bs: 0.0717415
39 52 89 103 108 157 240 334 379 411 459 481 484 524 543 576 599 858 971 972 
#module 22 size: 12 bs: 0.590328
48 161 163 185 234 271 343 559 624 676 711 851 
#module 23 size: 40 bs: 1.04128
13 75 85 100 111 117 139 173 194 236 237 282 287 289 292 295 329 330 344 353 357 421 525 538 555 587 593 614 628 663 677 681 694 781 784 802 870 881 884 907 
#module 24 size: 28 bs: 0.501631
27 89 146 157 172 181 202 224 281 301 304 336 457 510 543 589 611 651 657 660 669 800 809 824 855 865 920 963 
#module 25 size: 15 bs: 0.15972
76 169 212 235 310 312 350 375 486 513 619 702 735 940 961 
#module 26 size: 33 bs: 0.192053
4 63 102 105 285 293 303 325 355 369 376 378 453 454 458 463 468 472 512 528 545 667 679 689 705 807 822 842 870 877 913 919 980 
#module 27 size: 31 bs: 0.694257
19 55 101 156 164 197 200 205 210 230 261 341 383 396 450 530 533 576 650 670 745 751 755 760 834 850 871 902 943 966 983 
#module 28 size: 23 bs: 0.729315
19 48 70 115 117 211 237 257 279 300 324 378 467 518 639 758 777 805 837 839 879 940 973 
#module 29 size: 23 bs: 0.347877
26 125 179 193 213 238 243 287 308 354 371 397 497 517 526 569 579 610 616 845 885 895 916 
#module 30 size: 35 bs: 0.871591
12 36 60 78 123 128 168 219 227 237 278 315 372 413 419 474 494 495 516 527 580 634 637 658 659 665 802 867 883 934 936 938 963 969 981 
#module 31 size: 25 bs: 0.551163
14 149 207 256 274 345 363 386 488 629 652 715 722 728 812 815 849 856 897 931 947 948 951 958 972 
#module 32 size: 21 bs: 1.02425
2 12 58 93 128 165 166 168 270 278 321 547 549 550 605 632 726 765 886 917 938 
#module 33 size: 29 bs: 0.278058
4 34 71 110 118 124 157 159 208 211 240 251 318 346 348 381 406 502 504 507 592 595 717 738 742 757 758 790 811 
#module 34 size: 53 bs: 0.515052
12 29 39 76 103 141 145 148 159 165 183 206 231 240 242 244 251 272 276 283 293 317 342 356 364 399 411 417 418 424 427 431 451 508 512 553 557 607 612 619 622 678 716 769 780 803 804 818 834 855 905 941 956 
#module 35 size: 27 bs: 1.08038
7 57 120 193 204 255 269 281 323 494 531 543 546 614 620 644 645 708 730 752 809 855 882 899 959 967 981 
#module 36 size: 55 bs: 0.54667
15 51 59 80 84 88 98 99 107 124 144 162 170 214 221 232 266 303 319 349 394 410 428 440 456 476 524 537 555 575 581 587 588 596 609 613 621 625 628 695 746 747 762 776 788 799 803 817 841 893 900 915 925 930 949 
#module 37 size: 26 bs: 0.806863
5 22 46 56 117 130 249 263 311 337 340 346 375 554 653 662 719 730 737 761 772 826 844 909 921 944 
#module 38 size: 25 bs: 1.0636
3 62 89 112 118 290 347 439 470 492 498 536 590 602 638 652 700 713 730 750 766 843 898 919 979 
