#module 0 size: 34 bs: 1.12254e-05
82 86 88 96 130 137 138 156 161 185 204 213 216 244 247 249 251 302 304 328 330 344 364 368 375 440 470 484 485 504 517 548 571 584 
#module 1 size: 7 bs: 0.000570186
77 81 139 140 190 321 389 
#module 2 size: 16 bs: 2.28248e-05
50 84 99 105 133 292 323 337 387 394 411 477 478 552 595 603 
#module 3 size: 25 bs: 3.65218e-05
9 13 36 51 83 94 115 225 233 258 315 390 415 444 453 459 462 466 471 504 547 573 578 592 604 
#module 4 size: 7 bs: 0.000222316
120 133 180 209 305 449 587 
#module 5 size: 29 bs: 0.0157131
46 53 61 66 80 112 134 160 163 165 168 197 205 211 215 280 319 348 370 380 402 413 422 438 445 476 528 535 538 
#module 6 size: 7 bs: 1.89578e-06
190 287 386 434 491 513 531 
#module 7 size: 11 bs: 0.000684697
53 170 261 285 328 346 391 428 474 492 537 
#module 8 size: 16 bs: 5.58424e-06
24 28 78 139 170 178 210 233 321 421 460 467 495 566 567 581 
#module 9 size: 21 bs: 0.0148951
38 162 196 243 274 284 289 294 295 312 319 348 350 361 368 377 378 406 437 488 588 
#module 10 size: 9 bs: 0.000987401
32 49 50 198 200 214 349 370 483 
#module 11 size: 10 bs: 0.00530859
12 122 228 379 395 446 481 495 581 588 
#module 12 size: 9 bs: 1.815e-05
20 135 163 212 313 339 366 372 554 
#module 13 size: 10 bs: 0.00631742
23 30 45 192 385 460 473 486 534 572 
#module 14 size: 10 bs: 0.0169156
8 13 28 31 164 195 224 298 441 470 
#module 15 size: 36 bs: 1.08928
4 34 64 136 151 162 174 193 201 220 222 224 225 267 268 272 276 278 285 304 312 362 405 411 418 430 448 488 498 528 553 556 589 597 598 602 
#module 16 size: 24 bs: 0.912758
7 37 62 111 117 123 134 145 155 191 205 249 274 286 316 322 374 388 433 440 536 561 576 593 
#module 17 size: 9 bs: 0.953004
3 33 207 256 285 332 353 392 436 
#module 18 size: 38 bs: 0.62036
39 52 54 60 85 98 118 125 131 174 187 208 232 250 269 273 312 318 343 345 351 357 365 369 378 380 423 454 455 482 484 494 507 508 543 579 601 602 
#module 19 size: 11 bs: 0.5532
126 197 280 306 311 398 426 525 526 557 575 
#module 20 size: 19 bs: 0.704055
21 48 64 245 280 291 293 296 308 344 367 385 397 398 404 525 565 569 589 
#module 21 size: 19 bs: 0.540091
89 100 126 172 202 258 303 352 367 391 396 399 472 499 517 523 542 557 589 
#module 22 size: 26 bs: 0.791729
5 16 41 67 74 121 143 166 181 203 234 277 290 359 393 401 405 427 442 458 468 500 509 510 558 574 
#module 23 size: 18 bs: 0.865579
82 89 189 206 229 248 252 320 383 439 467 490 518 546 581 597 598 606 
#module 24 size: 43 bs: 0.750694
12 42 59 72 82 84 86 96 97 108 118 123 134 178 218 237 251 264 271 272 273 294 300 304 306 328 340 354 425 426 435 449 456 463 469 514 537 549 566 567 595 601 603 
#module 25 size: 7 bs: 0.992336
171 239 260 284 309 341 342 
#module 26 size: 19 bs: 0.44651
4 27 65 68 119 136 147 186 227 240 296 301 355 451 464 506 507 570 599 
#module 27 size: 17 bs: 0.837121
10 83 146 287 333 381 415 445 447 493 513 540 563 573 577 578 585 
