572	295	616	903	634	358	186	288	976	360	1048	822	314	890	473	146	341	261	289	100	1164	
185	400	
1142	339	806	254	997	861	654	1267	188	869	829	436	1136	1015	359	814	406	317	858	1224	1370	443	460	213	1006	221	558	939	930	115	231	198	322	1321	376	906	474	1127	
103	343	365	
319	
744	872	
147	728	531	59	149	885	805	283	678	63	152	894	429	497	106	442	659	272	773	449	948	189	534	610	391	208	833	123	770	935	386	112	387	90	79	274	144	294	
207	315	325	405	55	119	
842	248	362	140	
966	
733	
549	
393	275	
69	176	432	522	1029	
755	800	491	89	786	557	237	
980	109	1362	292	746	1246	530	
1277	21	
687	308	574	133	656	544	712	796	355	309	679	629	287	725	975	230	290	383	839	313	648	1028	156	736	316	593	1258	860	
649	1053	282	636	532	
142	177	592	279	270	1240	1253	160	807	200	1030	825	809	233	854	197	170	949	97	76	554	301	1018	347	1021	251	1352	1016	150	604	607	702	447	564	535	771	921	62	896	1031	1326	1025	843	326	999	828	643	545	67	458	
256	17	166	167	590	143	159	424	764	850	1043	417	602	92	475	955	195	711	68	187	1274	99	763	
695	385	
608	536	
867	445	454	377	988	1010	451	
337	102	
27	122	
95	756	533	164	1342	278	1349	193	1190	1078	511	120	241	1071	776	591	
457	537	
407	559	
880	
459	
196	698	
117	
914	137	
1140	
665	
597	
563	
286	
902	
576	
262	
723	
667	
706	
380	374	51	141	284	1064	1308	1086	296	158	791	72	246	134	1014	127	472	349	165	446	611	900	994	989	1058	761	300	697	351	264	931	105	
740	
206	320	410	78	907	452	708	61	219	974	1011	54	700	461	18	598	25	352	354	384	5	345	714	125	1283	586	1000	409	972	87	77	430	232	617	1013	630	336	204	1150	836	220	
49	
425	
408	
787	627	
913	
444	
1302	
792	37	306	
958	
469	
126	
465	
1282	
646	716	
652	
132	
658	
191	
651	810	
331	
565	
203	
98	118	
212	
823	
225	
901	
114	
1093	
226	
64	
571	928	
1177	
546	
421	
375	244	
168	
81	
224	378	670	996	107	672	612	1121	1	389	910	701	
427	
285	
984	
368	
539	
588	
332	
721	
960	
334	
1209	
1196	
271	
874	
462	1217	36	
121	
