#module 0 size: 2 bs: 7.76085e-102
433 3826 
#module 1 size: 2 bs: 6.72083e-102
1505 10171 
#module 2 size: 2 bs: 6.33131e-101
1346 6848 
#module 3 size: 2 bs: 1.96898e-101
1284 4637 
#module 4 size: 2 bs: 8.19984e-101
2967 9981 
#module 5 size: 2 bs: 6.54654e-12
1387 10518 
#module 6 size: 3 bs: 3.64924e-101
335 6986 7277 
#module 7 size: 4 bs: 9.97367e-101
810 3042 9267 9468 
#module 8 size: 2 bs: 9.53038e-101
911 6441 
#module 9 size: 2 bs: 5.48544e-101
1849 4473 
#module 10 size: 3 bs: 8.28843e-101
5590 9347 11589 
#module 11 size: 2 bs: 6.80542e-102
7165 8083 
#module 12 size: 2 bs: 4.99538e-101
1911 3840 
#module 13 size: 9 bs: 1.11022e-16
5271 5365 5734 6340 6815 7863 8306 8372 9292 
#module 14 size: 4 bs: 6.53862e-101
2225 3505 5592 11097 
#module 15 size: 5 bs: 7.12746e-101
4080 6504 8181 8290 11571 
#module 16 size: 2 bs: 7.57334e-101
4445 10225 
#module 17 size: 3 bs: 4.30358e-101
7269 7463 10463 
#module 18 size: 3 bs: 7.4799e-101
4273 8132 9232 
#module 19 size: 2 bs: 2.37298e-101
8330 11498 
#module 20 size: 3 bs: 7.73641e-101
6917 8264 8882 
#module 21 size: 3 bs: 3.58288e-101
1438 1631 6814 
#module 22 size: 2 bs: 1.81256e-101
688 4371 
#module 23 size: 2 bs: 5.54807e-101
1253 2505 
#module 24 size: 2 bs: 8.08584e-101
1797 3117 
#module 25 size: 4 bs: 8.92331e-101
5239 6660 9524 11021 
#module 26 size: 2 bs: 1.4988e-14
6549 8236 
#module 27 size: 8 bs: 2.18294e-08
2513 3299 5539 5564 7364 10325 10883 11419 
#module 28 size: 3 bs: 9.09506e-101
2268 5296 7153 
#module 29 size: 4 bs: 2.01366e-101
2481 4126 7624 8082 
#module 30 size: 2 bs: 5.90482e-102
1292 1528 
#module 31 size: 2 bs: 3.8889e-102
4865 6344 
#module 32 size: 2 bs: 4.26557e-101
6629 7565 
#module 33 size: 2 bs: 1.63865e-101
7169 10568 
#module 34 size: 3 bs: 6.10161e-101
1139 3503 4943 
#module 35 size: 3 bs: 5.46274e-101
150 1293 1538 
#module 36 size: 4 bs: 7.9842e-101
1484 3328 8971 9055 
#module 37 size: 4 bs: 6.86009e-101
6614 9159 9645 10014 
#module 38 size: 2 bs: 7.77988e-101
3223 3884 
#module 39 size: 2 bs: 7.07642e-101
5288 9538 
#module 40 size: 3 bs: 8.82677e-101
1447 7251 7504 
#module 41 size: 2 bs: 5.18993e-101
4760 5675 
#module 42 size: 10 bs: 2.00198e-11
1176 1465 1998 2267 2868 3552 3571 3812 5969 6130 
#module 43 size: 2 bs: 6.29196e-101
8026 9236 
#module 44 size: 2 bs: 7.30822e-101
5103 7148 
#module 45 size: 2 bs: 8.04481e-102
1108 4170 
#module 46 size: 3 bs: 1.45436e-103
3200 5947 11095 
#module 47 size: 2 bs: 7.28729e-101
487 6892 
#module 48 size: 3 bs: 9.16574e-101
543 5006 8277 
#module 49 size: 7 bs: 9.16307e-101
1598 1854 2041 3525 5114 6189 8365 
#module 50 size: 2 bs: 3.19485e-101
1916 5768 
#module 51 size: 27 bs: 0.000150847
300 318 638 717 727 867 1630 1754 2744 3521 4036 4222 4468 4523 4764 4883 5099 5419 6313 6543 7877 8650 9219 9593 10195 11465 12638 
#module 52 size: 2 bs: 1.87101e-101
925 6542 
#module 53 size: 3 bs: 5.92173e-101
927 954 2732 
#module 54 size: 11 bs: 5.56354e-101
505 2151 3421 3968 4579 4739 4796 5273 5319 5413 9226 
#module 55 size: 3 bs: 9.88428e-101
926 1249 11026 
#module 56 size: 15 bs: 7.37123e-101
432 494 2554 3968 5343 5363 5554 6090 6236 6391 8286 8856 9848 10239 10517 
#module 57 size: 3 bs: 1.38102e-101
3661 4535 5156 
#module 58 size: 2 bs: 3.69007e-101
6509 8162 
#module 59 size: 5 bs: 7.56526e-101
1450 2551 4071 7094 10282 
#module 60 size: 4 bs: 7.50396e-101
677 4986 6377 7391 
#module 61 size: 5 bs: 5.04305e-101
1120 3258 4028 5926 6924 
#module 62 size: 3 bs: 1.26912e-101
1832 8238 10491 
#module 63 size: 3 bs: 9.93744e-101
1114 8082 8923 
#module 64 size: 6 bs: 2.3225e-101
2483 3626 3786 5089 6417 8814 
#module 65 size: 9 bs: 3.51497e-10
3600 5125 5609 5851 5934 7928 9174 9578 9583 
#module 66 size: 6 bs: 2.45952e-11
3025 3501 5747 5913 7511 9396 
#module 67 size: 6 bs: 7.85902e-101
1664 5643 6571 8600 9163 10767 
#module 68 size: 3 bs: 3.15765e-101
3971 4259 5862 
#module 69 size: 23 bs: 4.91502e-06
1214 1417 2289 2310 2693 3286 3747 3767 4910 5096 5241 6176 6437 7194 7196 7337 7506 7627 7818 8099 8386 9181 11145 
#module 70 size: 4 bs: 8.7094e-101
8130 8775 9439 11481 
#module 71 size: 8 bs: 1.51803e-09
22 2808 4600 4846 4908 5624 7862 10476 
#module 72 size: 9 bs: 2.86438e-14
566 804 1581 1636 2733 3047 3305 4056 5496 
#module 73 size: 5 bs: 9.99003e-102
1950 2559 4050 8787 8818 
#module 74 size: 4 bs: 7.69557e-101
1757 3503 5270 7205 
#module 75 size: 3 bs: 5.48823e-101
4875 5895 10201 
#module 76 size: 2 bs: 3.99368e-102
4427 8673 
#module 77 size: 4 bs: 4.40392e-101
861 4156 5840 8554 
#module 78 size: 8 bs: 6.68153e-101
1732 1852 3394 5126 6928 7766 8688 10948 
#module 79 size: 20 bs: 3.52268e-101
318 705 1451 1630 1847 2689 2908 4165 4817 5306 5910 6078 6734 7087 7972 7994 8887 8936 9579 11962 
#module 80 size: 27 bs: 3.25173e-12
274 764 1001 1045 1567 2052 2500 2552 2651 3557 5112 5334 5724 5771 5970 6067 6121 7010 8285 8456 8768 8791 9544 9717 9964 10274 10644 
#module 81 size: 22 bs: 0.00233809
894 1385 2983 3032 3324 3936 4184 4241 4430 4757 5099 5730 6587 7087 7198 7854 7858 8714 9573 10595 10736 11141 
#module 82 size: 2 bs: 6.80024e-101
1941 3014 
#module 83 size: 3 bs: 7.79164e-102
1765 5279 12889 
#module 84 size: 14 bs: 1.2379e-13
222 367 440 1524 2385 2802 3863 4611 4764 5278 5419 6353 9104 9531 
#module 85 size: 15 bs: 1.9762e-14
559 1214 1375 1619 3324 3509 5445 6669 7016 7063 7333 7877 8887 8958 10565 
#module 86 size: 4 bs: 0.436974
814 1228 7025 8646 
#module 87 size: 7 bs: 0.546709
3 2824 3713 6927 8029 8374 12726 
#module 88 size: 7 bs: 0.556602
361 3133 7416 7585 9111 10242 11705 
#module 89 size: 6 bs: 1.02341
4068 5232 6156 6607 7967 9649 
#module 90 size: 5 bs: 0.732279
2519 3446 7168 9798 10321 
#module 91 size: 5 bs: 0.457448
2884 3050 3923 6020 10675 
#module 92 size: 9 bs: 1.03444
3952 5043 5222 5743 7372 8800 8852 9954 11228 
#module 93 size: 6 bs: 0.621357
33 1225 2970 5819 6467 10641 
#module 94 size: 5 bs: 0.853051
365 4152 5423 10622 11100 
#module 95 size: 3 bs: 0.748243
4124 7817 8308 
#module 96 size: 5 bs: 1.09931
926 2604 6120 8217 9488 
#module 97 size: 7 bs: 0.623028
571 584 1204 1782 3825 8857 10165 
#module 98 size: 9 bs: 1.03169
347 866 1416 2780 2924 3425 5189 7260 10432 
#module 99 size: 3 bs: 0.138848
2057 8720 8946 
#module 100 size: 4 bs: 0.871184
4133 6671 7902 9978 
#module 101 size: 8 bs: 0.385663
1938 2681 4951 7160 7274 7930 9242 13055 
#module 102 size: 9 bs: 0.996445
576 1557 1584 5411 6334 7529 9984 10897 11102 
#module 103 size: 9 bs: 0.265991
698 1749 4022 4339 5152 5385 6254 9156 10952 
#module 104 size: 3 bs: 0.562742
1537 4549 8175 
#module 105 size: 15 bs: 0.500258
508 593 1297 2299 2397 2622 2800 2942 4984 5585 6202 7356 7656 7904 9871 
#module 106 size: 6 bs: 0.633105
708 4032 5098 6712 7079 11712 
#module 107 size: 14 bs: 0.968726
1771 1858 2597 3861 5076 5529 6278 6455 6877 7211 8704 9101 11123 11205 
#module 108 size: 5 bs: 1.07255
2060 3770 6724 9001 11079 
#module 109 size: 12 bs: 0.225641
2376 2718 2979 4123 4464 4977 6993 8659 9279 10173 10922 11110 
#module 110 size: 15 bs: 0.861328
260 467 606 1149 2224 2804 4164 5360 5449 6165 6217 6582 8397 10544 12712 
#module 111 size: 5 bs: 0.165546
2269 2469 3189 5764 7404 
#module 112 size: 13 bs: 0.660229
1133 1559 2725 2754 2988 4837 5332 6139 7081 7872 9704 10128 11211 
#module 113 size: 7 bs: 0.284776
2178 3455 4312 7819 9580 9775 10722 
#module 114 size: 20 bs: 0.429616
856 1054 1134 1646 1731 2373 2435 2742 3626 4025 4398 4448 5635 5997 6442 6633 7263 7662 8406 9465 
#module 115 size: 5 bs: 0.131147
1975 2821 3053 7059 11635 
#module 116 size: 7 bs: 0.894593
1209 1476 6869 8597 9693 9873 10732 
#module 117 size: 26 bs: 0.839795
180 183 473 629 649 909 987 2075 3121 4801 5019 5083 5962 6183 6828 7409 8158 8360 9110 9198 9289 9485 9751 11540 11701 11980 
#module 118 size: 4 bs: 0.253117
868 8776 9117 12893 
#module 119 size: 4 bs: 0.90288
3276 4255 4827 7259 
#module 120 size: 7 bs: 0.59695
1148 1511 1533 3368 8205 9359 10555 
#module 121 size: 3 bs: 0.571348
1560 7642 7785 
#module 122 size: 8 bs: 0.8507
1421 1609 2372 2882 3251 3813 7307 11269 
#module 123 size: 8 bs: 0.890565
196 780 4500 4529 4999 5964 9189 11189 
#module 124 size: 27 bs: 0.529299
21 1390 2117 2454 2658 2818 2820 2879 4007 4512 5345 5770 6249 6325 6973 7181 7252 7798 7865 8474 9037 9184 10482 10538 10560 10940 11005 
#module 125 size: 6 bs: 0.302143
1039 1639 1685 2515 5971 10605 
#module 126 size: 8 bs: 0.19444
4139 6560 7300 7379 9151 9960 10870 11209 
#module 127 size: 9 bs: 0.328769
263 3527 3993 4722 8556 8990 9518 10080 11006 
#module 128 size: 5 bs: 0.963961
667 2551 3414 5918 10178 
#module 129 size: 16 bs: 0.492268
777 1436 1532 2001 2151 4308 5065 6171 7195 7329 7801 7808 8457 8786 9977 10591 
#module 130 size: 7 bs: 0.164223
1527 3594 5397 7898 9193 10240 10703 
#module 131 size: 3 bs: 0.447204
5732 6794 10830 
#module 132 size: 7 bs: 0.299002
1281 1686 2237 8788 9195 10670 11018 
#module 133 size: 10 bs: 0.33936
832 2294 2384 6239 6569 6600 7881 8899 9944 9973 
#module 134 size: 9 bs: 0.742234
804 1126 1677 4287 4292 4380 5627 6559 11258 
#module 135 size: 9 bs: 1.01913
1124 1820 2259 3129 5584 5591 6050 6476 8636 
#module 136 size: 8 bs: 0.713392
2081 5992 7475 8446 8450 8518 10377 12862 
#module 137 size: 45 bs: 0.535941
201 1275 1553 1744 2080 2240 2331 2621 2638 2770 2779 2993 3818 3947 4167 4303 4520 4597 5253 5580 5594 5797 6393 6673 6845 7394 7621 7655 8035 8572 8670 8681 9025 9130 9188 9253 9728 10114 10506 10616 10725 10998 11087 11111 11219 
#module 138 size: 12 bs: 0.937285
1314 1495 3546 3771 3921 4137 5317 6092 8422 8723 9966 11083 
#module 139 size: 5 bs: 0.634023
2445 4534 4692 6598 9285 
#module 140 size: 5 bs: 0.288808
4040 6959 7912 8117 10734 
#module 141 size: 13 bs: 1.07977
892 1965 2193 3474 4149 5252 5746 6846 7123 7130 8121 8559 9407 
#module 142 size: 11 bs: 0.373585
1799 3518 3703 3838 4561 6280 7740 9342 9886 10134 10820 
#module 143 size: 14 bs: 0.433047
580 2210 3219 3407 3590 3865 4110 5638 5893 6661 7850 10658 12642 12881 
#module 144 size: 9 bs: 0.992633
3 1950 2342 2555 4223 7834 8361 10264 10624 
#module 145 size: 7 bs: 0.240727
124 1745 1989 2662 5995 9233 11878 
#module 146 size: 27 bs: 0.739401
488 879 1548 1809 2126 2321 3320 3645 4129 4276 4451 4646 4838 5359 5491 7179 7257 7456 7657 7811 8071 8373 9490 9551 10771 10810 10816 
#module 147 size: 36 bs: 0.180761
899 1156 1430 1726 2232 2563 3279 3440 3508 3791 3878 3962 4326 4613 4707 4860 5051 5146 5157 5377 5459 6599 6616 7406 7651 7719 7941 9127 9274 9604 9635 9709 10256 10355 10472 11150 
#module 148 size: 9 bs: 0.825321
2030 2506 4126 5013 7664 7679 8885 10244 13043 
#module 149 size: 4 bs: 1.07122
4533 5036 7509 9300 
#module 150 size: 9 bs: 0.100819
102 2295 3306 3736 5598 5753 6184 6639 9175 
#module 151 size: 4 bs: 0.832198
5507 5804 6354 9033 
#module 152 size: 18 bs: 0.519613
261 535 1101 1197 1725 3235 5171 5367 5639 6168 6326 6411 6660 7046 7431 7614 8894 9164 
#module 153 size: 6 bs: 0.10809
489 926 4735 4798 7288 10928 
#module 154 size: 3 bs: 0.315405
1471 7187 8875 
#module 155 size: 4 bs: 0.80889
526 5718 6267 10505 
#module 156 size: 27 bs: 0.458571
243 320 439 657 1835 2098 2304 2356 3130 3161 4789 5190 5209 5350 5660 5696 5717 5950 8216 8260 8329 8989 9591 9979 10029 10569 11708 
#module 157 size: 8 bs: 0.174462
16 1067 5101 6861 7955 8499 8628 9990 
#module 158 size: 13 bs: 0.701527
30 1194 2177 3831 5080 5953 8361 8867 10218 10959 10962 11405 12506 
#module 159 size: 11 bs: 0.912692
1340 1806 2320 3100 3194 3813 3914 4995 5307 5408 9066 
#module 160 size: 12 bs: 0.577976
1822 3883 4190 4651 5836 6003 6486 6944 6953 7645 8282 10081 
#module 161 size: 15 bs: 0.991015
392 1563 2647 3543 4286 5170 5180 5208 6174 6702 7080 7343 8504 9157 10964 
#module 162 size: 5 bs: 0.620737
2353 3162 3704 5239 11602 
#module 163 size: 4 bs: 0.653985
1022 7550 7936 8377 
#module 164 size: 5 bs: 0.879082
835 898 1347 5498 7478 
#module 165 size: 7 bs: 0.477299
3181 4916 5285 6123 7823 7985 8937 
#module 166 size: 5 bs: 0.12513
2104 3669 6351 9934 10839 
#module 167 size: 4 bs: 0.290474
611 2485 6314 7172 
#module 168 size: 12 bs: 0.746979
1612 2635 3823 4145 4349 4366 6128 6630 7783 8200 8877 9027 
#module 169 size: 5 bs: 0.820143
4642 5046 5641 6478 8775 
#module 170 size: 5 bs: 0.344987
4955 5656 8389 9092 10337 
#module 171 size: 11 bs: 0.636606
3053 4595 5387 5448 6037 6688 8716 8906 9876 10733 11410 
#module 172 size: 6 bs: 0.81047
2021 2309 2441 3258 6498 6754 
#module 173 size: 10 bs: 0.457831
135 5032 5407 5864 6229 6585 8194 10178 10558 11694 
#module 174 size: 6 bs: 0.472894
1434 3524 6752 7775 7929 8985 
#module 175 size: 12 bs: 0.81855
3128 3677 3860 4121 4469 4511 6598 7624 7667 9607 9671 9673 
#module 176 size: 5 bs: 0.867663
503 3793 5769 7383 7469 
#module 177 size: 5 bs: 0.136803
996 2524 4298 8740 9790 
#module 178 size: 13 bs: 0.318045
69 343 1578 2013 2432 2616 4262 4417 5422 6255 7258 9786 12125 
#module 179 size: 9 bs: 0.946131
104 329 986 1655 3866 4586 5371 5976 10614 
#module 180 size: 4 bs: 0.920808
2119 2160 2929 8825 
#module 181 size: 3 bs: 1.08567
5388 9224 9427 
#module 182 size: 4 bs: 0.939288
3083 4212 5328 5659 
#module 183 size: 3 bs: 0.460151
9414 10067 11215 
#module 184 size: 14 bs: 0.640302
888 1689 2439 3988 4555 4858 4943 5762 7502 8056 8721 9435 10710 11245 
#module 185 size: 7 bs: 0.182084
1459 2083 3093 5879 6253 7864 10473 
#module 186 size: 12 bs: 0.872831
23 96 1005 1270 1447 1469 2110 5259 5348 7420 8563 8910 
#module 187 size: 11 bs: 0.610472
368 5669 6562 7151 7616 8998 9266 9333 10048 10293 13018 
#module 188 size: 10 bs: 0.515348
902 1773 3024 3301 5188 8144 10245 10871 10968 11012 
#module 189 size: 14 bs: 0.256966
236 2101 2734 5316 7217 7905 8097 8494 8850 9247 9606 9758 9997 11001 
#module 190 size: 8 bs: 1.00188
1515 2085 3669 4505 4535 6479 7670 7802 
#module 191 size: 9 bs: 0.239338
3171 4193 6527 6870 8204 9315 10282 10390 12933 
#module 192 size: 10 bs: 0.454334
836 994 2353 3188 6153 7319 7610 9021 10626 10937 
#module 193 size: 8 bs: 0.316078
1076 1513 1599 3758 5826 5949 7796 10133 
#module 194 size: 7 bs: 0.103334
819 4484 4487 6349 6374 9714 11109 
#module 195 size: 10 bs: 0.42772
8 861 1127 3462 4458 7167 7319 8522 8715 11556 
#module 196 size: 10 bs: 0.561235
1698 3322 3880 5087 5223 7462 7588 8615 8775 8948 
#module 197 size: 5 bs: 0.885797
2026 3837 4267 5191 9386 
#module 198 size: 9 bs: 0.420158
710 1333 2741 3836 8350 8556 8913 9327 9840 
#module 199 size: 5 bs: 0.322881
4049 5340 7139 7274 8953 
#module 200 size: 8 bs: 0.641334
1262 3637 4828 4884 5006 6241 9689 9750 
#module 201 size: 7 bs: 0.267315
1485 1992 4240 6537 7873 8791 10650 
#module 202 size: 56 bs: 0.952996
139 447 900 938 983 1068 1080 1426 1840 2094 2292 2359 2787 3252 3412 3733 3938 4042 4083 4109 4504 4515 4696 4864 4924 4939 5073 5254 5364 6196 6233 6369 6722 6881 7120 7239 7325 7388 7393 7449 7807 7844 7894 7896 7940 8093 8207 8222 8262 8369 8700 9422 10331 10458 11490 12249 
#module 203 size: 8 bs: 0.615862
159 1148 3226 5555 5848 7716 9039 10800 
#module 204 size: 8 bs: 1.04707
136 307 784 1440 2033 5982 9495 9928 
#module 205 size: 18 bs: 1.0665
374 2204 4518 5342 6208 6407 6545 6569 7549 7597 7724 8178 8378 8451 8562 8983 11364 11369 
#module 206 size: 18 bs: 0.154167
292 553 945 1342 1789 2436 4498 4789 5852 5896 6434 6720 7438 7546 8015 8970 8984 9356 
#module 207 size: 6 bs: 0.455835
798 822 4968 5497 8975 11157 
#module 208 size: 5 bs: 0.875629
1837 4506 5126 6654 11177 
#module 209 size: 3 bs: 0.457006
778 4243 4785 
#module 210 size: 59 bs: 0.357672
67 623 665 914 930 952 1194 1604 1649 1766 1787 1951 2167 2425 2670 2786 2909 2981 3137 3238 3510 3588 3632 3998 4297 4794 4991 5186 5196 5395 5426 5603 5851 6404 6447 6463 6577 6729 7322 7548 7805 7856 8011 8024 8267 8521 8664 9032 9041 9487 10017 10088 10566 10861 11014 11113 11231 11643 11936 
#module 211 size: 3 bs: 0.600572
1530 5460 10943 
#module 212 size: 9 bs: 0.367635
557 2618 3946 4116 4368 6024 6485 6941 9149 
#module 213 size: 9 bs: 0.898826
1185 2311 3813 4101 4733 6686 7141 10699 10889 
#module 214 size: 19 bs: 0.869323
1785 2371 3124 3393 3641 4018 4893 4922 5093 5163 5691 5996 7373 8346 9629 10346 10371 10593 10881 
#module 215 size: 10 bs: 0.188361
61 1502 3678 4231 6471 7835 9355 9594 11011 11448 
#module 216 size: 6 bs: 0.235358
2821 5754 6567 7447 9403 10828 
#module 217 size: 6 bs: 0.437576
2807 6098 6660 6875 8010 10717 
#module 218 size: 8 bs: 0.583907
1678 2163 4650 7575 8647 9298 9701 11009 
#module 219 size: 3 bs: 0.384484
4171 4269 10051 
#module 220 size: 8 bs: 0.525652
2533 2976 3559 3943 5783 6266 7134 7978 
#module 221 size: 4 bs: 0.270616
1615 1826 6583 8432 
#module 222 size: 23 bs: 0.734846
587 1227 1875 2419 2593 2980 3402 3404 3698 4217 4895 6580 6978 7034 8797 8830 9158 9390 9999 10789 10975 10992 10996 
#module 223 size: 4 bs: 0.952128
881 6939 7857 9951 
#module 224 size: 14 bs: 0.300591
202 890 1501 1988 2503 2545 3187 4820 7290 7547 7703 10879 11171 11453 
#module 225 size: 8 bs: 0.399163
3464 5621 6218 6450 7056 8660 11251 12523 
#module 226 size: 4 bs: 0.546848
308 1699 3174 5417 
#module 227 size: 6 bs: 1.07823
2445 4093 4220 6151 6656 7793 
#module 228 size: 11 bs: 1.09606
558 956 963 1263 1882 2653 3135 3209 4603 8219 10853 
#module 229 size: 10 bs: 1.01541
379 820 1247 1640 6032 6756 7447 8503 9334 11272 
#module 230 size: 3 bs: 0.993882
726 1708 5088 
#module 231 size: 12 bs: 0.175937
431 841 1183 2636 3242 3285 4437 5221 6093 6290 6931 9368 
#module 232 size: 8 bs: 0.591731
1027 3432 4621 7313 7596 10287 10425 10746 
#module 233 size: 12 bs: 0.337531
325 1220 1549 2551 3470 4000 4245 4638 5276 5277 7878 8737 
#module 234 size: 18 bs: 1.05696
621 1221 2683 3184 3944 4127 4249 4288 5436 6316 6833 7306 7442 7977 8804 8851 9304 9687 
#module 235 size: 6 bs: 0.929899
437 4548 5676 6154 7027 7355 
#module 236 size: 6 bs: 0.338569
895 3088 3337 4495 5681 8961 
#module 237 size: 6 bs: 0.177754
78 716 2426 4096 6271 8873 
#module 238 size: 4 bs: 0.705742
2927 4122 4882 8385 
#module 239 size: 9 bs: 0.896328
718 1488 2086 2449 6466 7837 7996 10778 10821 
#module 240 size: 20 bs: 0.41955
530 542 589 1093 1336 1496 1793 3085 4253 4540 4618 5060 5280 5441 7115 8067 8100 8823 9394 9697 
#module 241 size: 13 bs: 0.316948
1520 1681 2073 2312 2604 5416 6307 6338 7710 8246 8401 10119 10298 
#module 242 size: 10 bs: 0.588249
964 1561 2173 2645 3334 5063 5116 5487 8464 9668 
#module 243 size: 8 bs: 0.771952
1351 2286 2490 2805 5344 7078 8686 10108 
#module 244 size: 6 bs: 0.55296
3110 4459 6032 6969 8662 9386 
#module 245 size: 3 bs: 0.821927
4302 5123 6357 
#module 246 size: 11 bs: 0.958264
3350 4425 4634 4711 5120 6065 7458 7942 8257 8488 9142 
#module 247 size: 19 bs: 0.698452
562 1474 1494 1786 1890 2507 3269 3565 4244 4423 5631 6352 6706 6759 7042 7299 7661 10662 10780 
#module 248 size: 7 bs: 0.906556
515 2835 5437 5591 7339 7564 8209 
#module 249 size: 17 bs: 0.906343
18 434 1098 1191 3221 3529 3572 3984 4104 4842 4849 8876 9063 9483 9970 10191 10808 
#module 250 size: 7 bs: 0.477151
4437 4850 5430 6011 8056 8662 9002 
#module 251 size: 10 bs: 0.507253
610 720 3651 7205 7707 8200 8605 9325 10344 10997 
#module 252 size: 14 bs: 0.320575
2296 2346 4097 4466 5295 5928 7758 8310 8640 9026 9062 9515 10514 10913 
#module 253 size: 4 bs: 0.950179
27 5337 6536 8759 
#module 254 size: 9 bs: 0.33717
1033 1976 2353 3192 4467 6637 9074 10868 11712 
#module 255 size: 13 bs: 0.669294
1203 2357 4202 4745 4887 5121 6774 7084 7717 7914 8525 8529 9259 
#module 256 size: 16 bs: 0.249166
2228 2899 3499 4044 4616 6235 6520 7213 7467 8031 9147 9152 9753 10057 10460 10895 
#module 257 size: 31 bs: 0.465377
64 116 163 190 330 1572 1763 1812 2925 3154 3411 3494 4014 4485 5557 6089 6251 6491 6761 7119 7364 7663 8297 8661 9138 9612 9759 10143 10222 10883 12293 
#module 258 size: 12 bs: 0.83473
95 1483 3030 3854 5204 5581 6012 8762 9525 9545 9569 10705 
#module 259 size: 104 bs: 0.763084
26 47 120 480 548 561 842 884 1008 1107 1137 1414 1552 1666 1716 2042 2142 2149 2209 2278 2421 2538 2625 2671 2750 2950 3214 3265 3293 3540 3660 3668 3856 3915 3964 4052 4327 4335 4347 4369 4449 4542 4580 4784 4829 4839 4845 5004 5134 5382 5386 5531 5546 5610 5671 6016 6088 6199 6573 6659 6750 6984 7026 7087 7308 7317 7377 7521 7647 7685 7721 7730 8324 8684 8761 8908 9034 9115 9216 9546 9644 9720 9783 9841 9906 9915 10056 10166 10182 10490 10526 10693 10884 10923 10956 10987 11088 11141 11447 11540 12595 12642 12746 12874 
#module 260 size: 11 bs: 1.0937
789 1721 2367 2395 2819 3395 3839 4313 4575 7522 9382 
#module 261 size: 10 bs: 0.901593
762 1184 1435 2030 2349 3719 6164 6356 10253 10864 
#module 262 size: 36 bs: 0.792696
348 1074 2040 3032 3310 3449 3531 5139 5323 5363 5630 5708 5774 5803 5821 6462 6588 6697 6715 6967 7304 7353 7396 7935 7968 8213 8694 8890 8991 9685 9752 10277 10601 10755 10758 12605 
#module 263 size: 19 bs: 0.683325
233 1774 2760 3233 3670 4099 4115 4797 5021 5564 6134 6330 6730 7751 7890 9145 9295 10292 10434 
#module 264 size: 5 bs: 0.509599
1021 2623 7648 10934 12990 
#module 265 size: 10 bs: 0.581848
1207 1534 4929 4950 5728 5868 5869 8127 8288 8811 
#module 266 size: 11 bs: 0.845104
328 507 1730 3739 4300 4521 4525 4683 7342 7493 9015 
#module 267 size: 18 bs: 0.191736
13 93 1372 1838 2221 3886 5133 5602 5702 6349 6384 7249 8122 8311 8777 9009 9806 10535 
#module 268 size: 10 bs: 0.764485
145 619 1308 1399 4135 4290 4680 7005 8164 8402 
#module 269 size: 8 bs: 0.462362
1455 2643 3578 4195 4318 5875 6746 10873 
#module 270 size: 8 bs: 0.256579
598 2125 2406 8280 9365 9846 10097 10168 
#module 271 size: 13 bs: 1.04252
972 1566 1789 4866 5268 5650 5852 6052 6437 7438 8346 8394 10233 
#module 272 size: 8 bs: 1.0028
3196 3712 3808 7711 10007 10091 10873 11400 
#module 273 size: 6 bs: 0.748572
3340 5796 7992 9810 10230 10427 
#module 274 size: 12 bs: 0.233835
996 1926 3015 3125 3277 4825 5061 5199 6110 6407 6451 10754 
#module 275 size: 12 bs: 0.736389
351 1333 2871 3201 3601 5109 7053 8245 8349 9450 10356 10982 
#module 276 size: 10 bs: 0.591402
1544 1697 1864 2903 4046 6711 6868 6923 8357 10763 
#module 277 size: 36 bs: 0.487103
14 472 991 1085 1499 1526 2078 2262 2687 2726 2954 2998 3468 3551 3694 4351 4499 5346 5455 5759 6028 6400 6597 6799 6918 7240 7397 7652 8321 8362 8935 9089 9967 10866 11255 11372 
#module 278 size: 3 bs: 0.606936
36 2543 6557 
#module 279 size: 5 bs: 0.894226
880 2088 6385 7435 11182 
#module 280 size: 10 bs: 0.893394
2308 3247 4781 5922 6186 6526 8750 8878 9537 10908 
#module 281 size: 10 bs: 0.439955
2339 2937 4358 4522 6424 7587 8382 8435 8641 9743 
#module 282 size: 7 bs: 0.64947
171 1005 1025 3469 4459 4643 7557 
#module 283 size: 3 bs: 0.726465
1380 5968 10351 
#module 284 size: 9 bs: 0.315139
207 565 802 2077 2525 5829 6039 9674 9966 
#module 285 size: 7 bs: 0.231423
654 806 4198 4447 5066 6355 9625 
#module 286 size: 7 bs: 0.679241
5794 6813 9526 10087 10220 10250 10266 
#module 287 size: 8 bs: 0.953169
5 1717 4150 6203 8538 9326 10174 10392 
#module 288 size: 26 bs: 0.584369
1096 1160 1317 1586 1859 2152 2411 2928 3449 3790 3958 6391 6468 6829 6964 7044 7378 7963 7968 8580 9740 9893 9950 10493 12492 12527 
#module 289 size: 28 bs: 1.08159
84 551 1014 1594 2775 2811 3304 3717 4420 4537 4670 4985 5070 5892 6135 6677 7069 7688 8300 8363 8421 8668 8889 9763 9766 10509 11572 11657 
#module 290 size: 23 bs: 0.714955
458 1460 3240 3775 3969 4949 5291 5461 5576 5634 5791 5909 6646 6895 6932 7113 8009 8955 8976 9087 9851 10124 10508 
#module 291 size: 9 bs: 0.342395
681 906 1038 2157 5972 6494 6808 8943 9079 
#module 292 size: 14 bs: 0.746397
625 2502 2688 2946 3065 3384 3391 4132 5446 6023 6201 6355 8172 8174 
#module 293 size: 17 bs: 1.06523
302 617 933 2038 2916 2931 3008 4153 4622 5612 5695 5883 6064 7346 8187 10123 10335 
#module 294 size: 7 bs: 0.954513
369 3548 4424 5018 5528 8621 9750 
#module 295 size: 14 bs: 0.585888
293 824 1872 2655 3520 4246 4883 5677 6036 6765 7004 10381 10576 10724 
#module 296 size: 4 bs: 1.00353
2853 6288 7555 9413 
#module 297 size: 15 bs: 0.33216
41 831 1328 2146 4559 6207 6853 7376 8150 8230 8765 8883 10010 10584 10618 
#module 298 size: 6 bs: 0.502996
897 1015 2939 6294 7889 9457 
#module 299 size: 6 bs: 0.408728
2491 3400 7003 7738 7923 10666 
#module 300 size: 9 bs: 0.246339
481 922 5694 6392 7370 8098 9309 10076 10669 
#module 301 size: 3 bs: 0.69619
5300 7375 7750 
#module 302 size: 9 bs: 1.0092
35 2646 3180 3353 6688 7267 9548 9889 12944 
#module 303 size: 13 bs: 0.772405
188 497 1331 3053 4076 4844 6665 7156 7500 7501 8048 8635 10647 
#module 304 size: 7 bs: 0.95508
1641 2324 4071 5462 9573 10766 11694 
#module 305 size: 8 bs: 0.864581
15 793 3375 4639 5311 5810 9439 12885 
#module 306 size: 5 bs: 1.06774
462 1463 1627 3820 6788 
#module 307 size: 8 bs: 0.199809
3724 4382 5356 5575 5880 6664 8931 10115 
#module 308 size: 4 bs: 0.986994
1056 5393 6148 6358 
#module 309 size: 18 bs: 0.15654
150 432 5271 5373 5405 5734 5959 6324 7380 7430 8179 8286 8372 9239 9591 10002 10196 10517 
#module 310 size: 29 bs: 0.626472
903 1443 1525 1720 2462 2698 3386 3514 3554 3576 3755 3810 4207 4319 4470 5390 5432 6367 7182 7253 8336 8367 8556 8570 8727 9423 9656 10343 10942 
#module 311 size: 23 bs: 0.639752
174 1024 1492 1503 1811 2072 2475 2600 3005 3168 3316 3514 3550 5091 5866 6744 7426 7668 7909 8242 8570 9223 10376 
#module 312 size: 50 bs: 0.806137
636 713 905 1123 1335 1445 1512 1618 2450 2736 3010 3012 3058 3114 3260 3498 3530 3599 3903 3916 3918 4079 4146 4282 4317 5518 5558 5559 5616 5665 5943 6111 6181 6336 6575 6579 6638 6865 7210 7365 7720 7989 8611 9122 9374 9529 10387 10551 10854 11717 
#module 313 size: 42 bs: 0.80043
166 270 1626 1795 2028 2103 2691 2699 2838 2889 3236 3244 3829 3835 3898 4143 4338 4444 4577 4610 5369 5526 5867 6035 6058 6386 6523 7470 7723 8142 8299 8582 8706 8728 8817 9007 9049 9919 10564 10944 11108 12003 
#module 314 size: 5 bs: 0.21416
5100 6676 7019 7870 9441 
#module 315 size: 33 bs: 0.477811
314 620 973 1343 1352 2677 3463 3544 3665 4216 4554 5151 5193 5351 5512 5898 6052 6432 6578 6590 6922 7527 7888 8038 8054 8081 9678 9893 9921 10579 11106 11162 11435 
#module 316 size: 31 bs: 0.923952
76 871 1348 1575 1707 2187 2340 2452 3315 3513 4688 4969 5084 5509 5935 6310 6810 6840 7040 7359 7381 7540 7617 8356 9534 9627 9757 9860 10308 10311 10729 
#module 317 size: 9 bs: 0.544938
596 3725 4182 4677 5474 6438 6708 10068 10980 
#module 318 size: 17 bs: 0.101701
539 967 1140 1710 2115 2212 4395 5902 6391 6899 7692 7762 8200 8537 10312 10819 12661 
#module 319 size: 12 bs: 0.833486
391 1084 1928 2598 2914 4715 5404 6525 7713 7874 9171 9630 
#module 320 size: 4 bs: 0.660836
3748 4233 7088 9571 
#module 321 size: 11 bs: 0.564606
989 3288 4307 5234 5906 6970 6987 7323 8769 9813 10976 
#module 322 size: 5 bs: 0.938087
1627 6674 6884 9476 10761 
#module 323 size: 4 bs: 0.147528
2347 2503 5820 8353 
#module 324 size: 15 bs: 0.355904
3263 3899 5463 5571 6141 6265 6420 8608 8858 9767 10198 10341 10487 10967 12756 
#module 325 size: 4 bs: 1.07597
412 486 3104 4807 
#module 326 size: 5 bs: 0.537998
2724 3220 4403 7207 7791 
#module 327 size: 14 bs: 0.408608
31 522 1784 1946 2076 5443 5551 5553 7049 7261 7633 9058 9260 11678 
#module 328 size: 16 bs: 0.13299
956 1142 2284 2990 3209 3294 3436 3643 5784 7622 8304 8386 9083 9098 9662 10532 
#module 329 size: 9 bs: 0.973725
334 640 3159 3524 4629 4721 7669 8214 10270 
#module 330 size: 5 bs: 0.659268
2999 4078 7185 7189 12790 
#module 331 size: 30 bs: 0.569966
582 792 812 2098 2138 2442 3057 3078 3116 3496 3756 4037 4401 4662 4731 4975 5141 5362 5870 5931 6337 6687 6805 7374 8065 8221 8879 9637 9890 10102 
#module 332 size: 4 bs: 0.412778
1319 2118 4753 7000 
#module 333 size: 3 bs: 0.228293
2216 8305 9916 
#module 334 size: 11 bs: 0.86166
2095 2147 2919 4092 5492 6613 7821 8206 8940 9251 12639 
#module 335 size: 3 bs: 0.889948
608 1237 2037 
#module 336 size: 8 bs: 0.8737
1398 3215 4248 6045 6475 7208 8576 9975 
#module 337 size: 4 bs: 0.525727
1824 5574 6648 8066 
#module 338 size: 8 bs: 0.443128
882 3398 3805 5538 6516 8918 10857 11451 
#module 339 size: 15 bs: 0.124682
109 683 1927 3665 4039 5420 5564 6134 6863 7203 7412 7701 9361 10100 10224 
#module 340 size: 12 bs: 0.156714
197 1825 1833 3398 3549 3822 4277 5322 5951 6543 8969 11119 
#module 341 size: 12 bs: 0.227084
474 1277 1518 1632 5686 5824 6465 6535 9139 9327 9539 10620 
#module 342 size: 13 bs: 0.922767
1438 2197 3157 5000 6691 6879 8195 8231 8581 9536 9654 10023 10950 
#module 343 size: 7 bs: 0.860484
2665 6409 6728 7673 7769 9028 11699 
#module 344 size: 15 bs: 0.146386
785 839 891 2746 2810 3658 3985 4531 6921 8108 8977 9478 10126 10348 10859 
#module 345 size: 16 bs: 0.456907
1437 1485 3100 3122 5272 5619 5861 6237 8592 8730 8968 9063 9590 9994 10584 11163 
#module 346 size: 9 bs: 0.156199
317 1362 3785 3919 5302 7097 7852 8480 10978 
#module 347 size: 16 bs: 0.289647
813 1364 2208 4218 4431 5183 5214 5217 5530 5833 5915 9217 9692 10042 10279 10927 
#module 348 size: 6 bs: 1.03061
3158 4024 7032 8384 9795 10477 
#module 349 size: 16 bs: 0.266308
672 988 1095 1944 2620 4047 4541 6206 6748 7021 7128 7454 8468 9492 10164 10753 
#module 350 size: 14 bs: 0.108612
2186 3013 3388 3937 4004 4209 5629 6651 7013 7457 7986 8348 10617 10772 
#module 351 size: 14 bs: 0.71324
1714 1748 4006 4422 4433 6048 6863 7305 7697 7739 8008 8348 8896 10606 
#module 352 size: 18 bs: 0.165946
185 1145 1827 1897 2128 2745 3231 4043 4098 4299 5308 5542 6957 7832 7960 9069 9203 9924 
#module 353 size: 3 bs: 0.2447
1517 2150 3373 
#module 354 size: 5 bs: 0.201371
208 3685 7952 8141 10587 
#module 355 size: 18 bs: 0.407829
77 1825 2097 2523 2660 3874 4465 4545 4989 5548 6835 7337 7571 8618 9404 10448 11210 12584 
#module 356 size: 12 bs: 0.488355
271 1690 2256 3060 3453 4528 5042 5178 8551 9765 10192 10925 
#module 357 size: 18 bs: 0.507478
655 934 1992 2251 3986 5355 5988 6029 7037 7503 7822 7842 8392 9479 9554 9965 10179 10709 
#module 358 size: 15 bs: 0.690078
1853 2674 3639 4204 4399 5528 6177 7020 7840 8966 9362 9652 9814 9985 10914 
#module 359 size: 17 bs: 1.06251
28 228 390 1193 1939 2640 3680 3697 4221 5421 6018 6180 7986 8104 8383 9481 11274 
#module 360 size: 8 bs: 0.295465
1597 2668 2696 3135 4543 5901 6773 7899 
#module 361 size: 5 bs: 0.609024
5002 5908 7804 8923 9204 
#module 362 size: 21 bs: 1.02987
948 1100 1110 1119 1723 2074 2704 2985 3966 4529 5040 5588 6757 7729 7747 7982 8012 8602 9317 11069 13019 
#module 363 size: 3 bs: 0.192253
1712 7759 9397 
#module 364 size: 15 bs: 0.737561
1127 1737 2710 3832 4582 4853 5485 6043 6368 6563 9161 9641 10372 10481 11475 
#module 365 size: 27 bs: 0.329906
1564 2287 2990 3259 3449 3968 4163 4280 5035 5391 5582 5792 6236 7047 7473 7921 8254 8263 8678 8696 8840 9040 9896 10135 10517 12426 12586 
#module 366 size: 15 bs: 0.118974
1050 1267 1700 3772 4400 5811 6548 7666 7790 7876 8000 8273 8785 10686 10769 
#module 367 size: 5 bs: 0.916517
1789 3606 7149 7240 8802 
#module 368 size: 12 bs: 1.00289
202 2492 2703 4048 4605 5038 5158 5165 6640 6954 7021 10316 
#module 369 size: 69 bs: 0.451143
357 572 1105 1291 1376 1759 1821 2055 2129 2155 2478 2531 2552 2709 2836 2860 3202 3385 3448 3562 3603 3803 3841 3936 3997 4428 4429 4498 4699 5225 5547 5727 5756 5891 5899 6144 6247 6274 6317 6364 6430 6515 6675 6751 6907 7096 7175 7444 7875 8059 8736 8808 8903 8945 9408 9773 9959 10002 10164 10222 10238 10469 10547 10672 10698 10812 11136 11222 11601 
#module 370 size: 5 bs: 0.520245
1041 3097 6797 10408 10751 
#module 371 size: 25 bs: 0.70425
56 1179 1648 2619 2849 2972 3029 3173 3533 3901 4053 4843 4852 4997 6066 6069 6167 6707 7628 8552 10305 10511 10673 11551 11613 
#module 372 size: 22 bs: 0.117218
839 1299 1878 2242 3068 3777 4138 4141 4480 4526 4633 4652 5705 7471 7530 7954 8364 9106 9761 9958 10455 10512 
#module 373 size: 19 bs: 0.904503
316 728 773 1153 1344 1738 2875 3566 4030 4051 4571 5967 6193 6477 6524 6566 6887 8007 8119 
#module 374 size: 9 bs: 0.465712
1231 3567 3581 5595 5885 7067 8550 10146 10680 
#module 375 size: 4 bs: 0.857344
3587 3799 8387 10723 
#module 376 size: 17 bs: 0.492894
1211 2058 4314 4543 4779 4921 6373 7077 7083 7266 8266 9288 9688 9858 9963 10674 10773 
#module 377 size: 20 bs: 0.215285
276 960 1703 2694 3156 3217 3502 3852 3927 4530 4902 6361 6872 7125 7289 9061 10024 10315 10443 12495 
#module 378 size: 8 bs: 0.16632
1624 1696 2086 2885 6175 6611 8877 9681 
#module 379 size: 3 bs: 0.278559
4457 10660 10955 
#module 380 size: 7 bs: 0.689988
1177 2650 4192 4335 4930 6804 11024 
#module 381 size: 5 bs: 0.467217
1226 1366 3017 5490 9284 
#module 382 size: 23 bs: 0.107573
381 490 491 689 720 785 966 1088 1466 1479 1489 2984 3459 3516 4415 5632 6161 6821 7006 8571 9969 10062 10449 
#module 383 size: 5 bs: 0.972105
3422 5327 6558 9343 9663 
#module 384 size: 4 bs: 0.711078
1758 5739 7903 10415 
#module 385 size: 6 bs: 0.858691
984 2386 5566 8051 9864 10910 
#module 386 size: 60 bs: 0.39713
318 1260 1356 1363 1521 1728 2129 2391 2612 3326 3360 3479 3500 3682 3718 3936 3987 4374 4507 4562 4647 4787 4824 4890 5099 5122 5130 5354 5384 5406 5410 5465 5501 5741 5874 5911 6283 6721 6850 7159 7419 8148 8513 8712 8950 9134 9589 9616 9683 9820 9957 10470 10827 10974 11000 11112 11367 11443 12899 12949 
#module 387 size: 13 bs: 0.958765
986 2575 3631 5948 6059 6982 7399 7626 8599 9444 10546 10776 11267 
#module 388 size: 8 bs: 0.770139
191 1199 1536 3864 4931 5822 7689 9598 
#module 389 size: 8 bs: 0.68292
653 3584 4532 5637 6122 7755 8579 9221 
#module 390 size: 5 bs: 0.95642
828 2822 4189 6412 10247 
#module 391 size: 12 bs: 0.939857
299 679 1065 1896 5371 6591 6925 7089 7358 8403 8481 9243 
#module 392 size: 10 bs: 1.09273
1817 2389 2551 3243 4624 7109 7116 8546 8675 11393 
#module 393 size: 11 bs: 0.853737
1144 1973 2521 2755 4879 6647 6855 6897 7492 9296 10849 
#module 394 size: 6 bs: 0.74699
764 2614 3255 4102 4409 5271 
#module 395 size: 4 bs: 0.230324
3204 5528 7051 7315 
#module 396 size: 22 bs: 0.192869
54 158 435 513 1653 1850 1958 2709 3873 4481 5010 5267 6227 6806 6823 7873 8042 9661 9888 10650 10826 12575 
#module 397 size: 16 bs: 0.405088
116 570 634 1102 2145 5853 5861 5939 7809 8657 9504 9838 10306 10634 10891 10971 
#module 398 size: 8 bs: 0.104307
1335 2048 5005 5295 6693 8033 9162 10522 
#module 399 size: 9 bs: 0.211253
510 3730 4219 6272 7054 8732 9991 10011 11239 
#module 400 size: 12 bs: 0.57008
1847 2137 2945 3635 3640 4754 5667 6572 6913 7860 8250 10995 
#module 401 size: 3 bs: 0.37912
3624 4848 9357 
#module 402 size: 10 bs: 0.350098
140 834 1023 1170 4046 4948 6109 7286 8080 8904 
#module 403 size: 14 bs: 1.064
222 552 1181 1979 3483 5858 7229 7810 8193 9036 9042 10238 11010 12494 
#module 404 size: 3 bs: 0.679975
2443 4381 6348 
#module 405 size: 5 bs: 0.822206
877 2761 3338 5007 10762 
#module 406 size: 10 bs: 0.372158
265 1180 2338 3456 6782 7999 8462 8920 8927 9086 
#module 407 size: 19 bs: 0.977679
333 1865 2393 2456 2880 3169 4119 4151 4373 6240 7082 7368 7534 8017 8170 9210 9793 10186 10893 
#module 408 size: 18 bs: 0.539978
765 2550 2573 2666 2739 3101 3376 3482 3506 3673 3757 3974 3976 4903 7298 8752 10044 10210 
#module 409 size: 12 bs: 0.541444
1258 2144 2756 2761 3234 3636 5541 6142 6914 7895 8287 10188 
#module 410 size: 10 bs: 0.208883
466 2249 3967 4093 4569 4723 4805 6705 7526 10950 
#module 411 size: 9 bs: 0.184517
1912 1981 4002 5495 6755 7283 9857 10291 10734 
#module 412 size: 5 bs: 0.574398
2487 3312 3867 4806 7568 
#module 413 size: 13 bs: 0.68445
1295 2176 2526 3163 3292 4504 4612 6190 7190 8222 8369 8689 10209 
#module 414 size: 14 bs: 1.06805
346 554 992 3408 3420 3615 4091 4652 6013 6220 6830 7166 8227 12609 
#module 415 size: 15 bs: 0.931995
122 268 1739 1935 2149 2412 3383 3609 3954 4552 4645 6383 7351 8112 8676 
#module 416 size: 6 bs: 0.116219
5294 5672 8353 8794 10439 11694 
#module 417 size: 10 bs: 0.471127
1196 2121 3822 3872 5179 5622 5800 8021 8722 11273 
#module 418 size: 12 bs: 0.871137
1540 2380 2407 3638 4935 5166 5850 7220 8116 9018 9928 10286 
#module 419 size: 24 bs: 0.126692
210 973 2717 3324 3710 3740 4529 6414 7582 7634 7855 8513 8815 9317 9417 9824 9833 9936 10483 10685 10813 10832 11591 13065 
#module 420 size: 19 bs: 0.94281
961 997 1135 1752 1862 2087 2663 2966 3143 3145 3355 6054 6990 7506 8682 8919 10349 10586 10886 
#module 421 size: 18 bs: 0.879127
678 1310 1616 1859 2107 2856 3193 4460 4685 4756 5331 5984 6080 7927 8189 8963 9514 11183 
#module 422 size: 10 bs: 0.607383
2009 2901 4041 4378 6517 7744 8476 9209 9503 11086 
#module 423 size: 7 bs: 0.115587
907 1558 4172 6041 6658 7226 10682 
#module 424 size: 5 bs: 0.998499
1535 1673 3745 8496 10382 
#module 425 size: 10 bs: 0.652147
86 1597 2239 2344 4503 4691 5890 6505 7114 9624 
#module 426 size: 3 bs: 0.522879
647 3366 4232 
#module 427 size: 4 bs: 0.887075
3047 3084 6015 7880 
#module 428 size: 161 bs: 0.736739
203 264 529 800 807 843 893 896 959 1042 1172 1229 1266 1286 1456 1482 1587 1595 1638 1788 1791 1816 1830 1877 1888 1895 1906 1970 1972 2008 2029 2079 2131 2206 2257 2265 2266 2365 2446 2512 2582 2589 2817 2951 2956 3001 3147 3170 3379 3423 3475 3708 3857 4108 4238 4352 4387 4486 4509 4519 4747 4766 4836 4851 4923 4964 4973 5008 5017 5135 5176 5457 5476 5573 5596 5625 5645 5648 5838 5854 5886 5920 6034 6057 6070 6124 6286 6295 6320 6339 6604 6617 6716 6719 6758 6883 7031 7035 7075 7199 7209 7268 7425 7472 7483 7523 7525 7705 7803 7812 8074 8075 8190 8275 8437 8453 8458 8511 8672 8822 8827 8999 9045 9075 9085 9307 9329 9345 9499 9516 9561 9672 9691 9718 9744 9945 9976 10157 10255 10383 10461 10465 10502 10592 10631 10635 10707 10713 10735 10823 10837 10855 10945 10990 11085 11124 11130 11265 11552 12654 12902 
#module 429 size: 33 bs: 0.789042
883 1189 1969 2254 2422 2601 2793 2996 3325 4084 4144 4649 4889 5320 5399 5466 5975 6182 6320 7129 7319 7459 7589 8137 8198 8566 9713 9946 10072 10077 10096 10596 10877 
#module 430 size: 4 bs: 0.8825
2785 4804 7078 7105 
#module 431 size: 4 bs: 0.117312
2473 5751 7590 8240 
#module 432 size: 6 bs: 0.336847
3339 3640 4134 7607 7991 11163 
#module 433 size: 9 bs: 0.880735
1444 1498 2474 3028 3557 6137 7615 8489 11788 
#module 434 size: 8 bs: 0.929178
2955 3481 3870 5780 5860 5876 6001 6582 
#module 435 size: 13 bs: 0.476199
998 1402 3876 4166 4227 5082 5442 5499 7110 8633 10127 10275 10316 
#module 436 size: 7 bs: 0.948497
3602 4088 7309 8766 9202 9500 9858 
#module 437 size: 17 bs: 0.965405
658 990 1508 1633 1743 3405 4062 5064 6696 7132 7285 8040 8818 9249 9322 10172 10253 
#module 438 size: 32 bs: 0.717432
371 459 630 670 910 1155 1531 1722 1764 1985 2207 3776 3910 4236 4564 5378 5837 5965 5973 7230 7432 7510 7579 7606 8045 9046 9446 9859 10130 10140 10847 11104 
#module 439 size: 18 bs: 0.637902
676 1048 1881 2274 3063 3655 3999 4982 5056 5398 6346 6574 7851 8295 8493 8888 10116 10200 
#module 440 size: 20 bs: 0.804689
97 339 785 1245 1734 3299 3908 4768 4788 6304 6576 6596 7074 7696 7701 8411 9179 9401 10226 10836 
#module 441 size: 8 bs: 0.307963
1433 3108 3830 5613 7885 8937 9884 11380 
#module 442 size: 4 bs: 0.962718
3301 7418 11097 11412 
#module 443 size: 11 bs: 0.732842
1401 3020 3056 3473 3650 6047 6408 8995 10206 10466 10785 
#module 444 size: 56 bs: 0.810504
205 947 968 1086 1224 1271 1529 1547 1856 1961 2394 2410 2685 2721 2841 2961 3111 3148 3558 3742 3956 3961 4367 4514 4653 4915 5451 5818 5944 5977 6642 6733 7384 7721 7868 7916 8584 9168 9182 9261 9363 9617 9794 9821 9971 10149 10246 10661 10795 10803 10841 11082 11159 11266 11565 12594 
#module 445 size: 8 bs: 1.07676
2179 2366 2450 4203 4979 5666 9768 9819 
#module 446 size: 15 bs: 0.529676
618 1796 1876 3374 4340 4885 4937 6085 6506 6620 8124 9799 10272 10574 10716 
#module 447 size: 6 bs: 0.2091
724 2588 4823 6299 7242 9508 
#module 448 size: 11 bs: 0.980816
1919 2277 2708 3040 3871 4070 6627 8339 10058 10329 10950 
#module 449 size: 4 bs: 0.10076
2551 5407 6657 10053 
#module 450 size: 11 bs: 0.391078
1836 3764 4397 4713 6610 6802 7780 8443 8565 9319 10083 
#module 451 size: 48 bs: 0.960134
65 273 461 537 675 1017 1293 1475 2300 2332 2362 2467 2562 2812 3257 3568 3732 4005 4017 4174 4311 4917 5184 5510 5569 5882 5925 6063 6118 6284 6652 7176 7238 7330 7562 7608 8191 8473 8972 9185 9305 9371 9771 9992 10416 10611 10814 10965 
#module 452 size: 7 bs: 1.08348
1 546 1423 1551 4255 6365 11169 
#module 453 size: 4 bs: 0.440806
3271 4315 9204 10602 
#module 454 size: 7 bs: 0.865551
1545 1960 5537 6770 10623 12475 12626 
#module 455 size: 9 bs: 0.942947
304 1669 3248 4408 5591 5735 5827 6645 8923 
#module 456 size: 8 bs: 1.0646
1636 2649 3007 4019 5077 6245 9204 10904 
#module 457 size: 12 bs: 0.846954
468 1303 1740 1942 3453 3661 4088 5071 5479 8274 8959 10248 
#module 458 size: 4 bs: 0.901665
1128 3769 9733 10488 
#module 459 size: 8 bs: 0.587512
2313 4268 4272 4810 5197 6704 7756 9698 
#module 460 size: 8 bs: 0.716647
309 2656 2965 6695 7625 8229 9051 11442 
#module 461 size: 4 bs: 0.425466
543 3081 3608 5472 
#module 462 size: 7 bs: 0.674955
2220 3253 3297 4752 5565 6399 8249 
#module 463 size: 7 bs: 0.822217
1956 4496 6019 9016 9265 9777 10407 
#module 464 size: 4 bs: 0.535221
791 1778 2644 9584 
#module 465 size: 8 bs: 0.504158
864 2585 3150 5356 5979 6007 7901 12591 
#module 466 size: 19 bs: 0.41225
211 1486 1541 1842 2991 3167 3690 4178 5216 5281 5704 6264 6994 7709 8241 8380 9658 9680 10637 
#module 467 size: 19 bs: 1.03485
211 456 485 493 1486 1606 1790 1853 2161 2837 4424 4841 7039 7367 7611 7995 9030 9658 10920 
#module 468 size: 31 bs: 0.169149
352 1090 1519 1586 2461 2542 2717 2825 2863 3245 3480 3569 3675 3823 3977 4061 5099 5980 6022 6052 6107 6388 7722 8632 8637 8901 8958 8988 9011 10595 10813 
#module 469 size: 6 bs: 0.422572
2012 2735 4592 5626 7519 10252 
#module 470 size: 4 bs: 0.47126
2056 2433 3305 6871 
#module 471 size: 175 bs: 0.605931
38 51 332 521 532 758 767 769 797 901 979 1009 1012 1030 1062 1068 1082 1159 1173 1239 1283 1323 1357 1419 1424 1504 1801 1840 1885 1922 1969 1990 2148 2211 2290 2497 2539 2661 2682 2702 2787 2846 2848 2870 2907 2936 2956 2957 2964 3029 3082 3270 3292 3466 3519 3679 3848 3853 3882 4001 4072 4293 4295 4346 4413 4446 4490 4504 4609 4636 4666 4671 4780 4814 4826 4835 4868 4901 5011 5194 5218 5220 5374 5392 5396 5476 5500 5533 5573 5633 5645 5678 5701 5809 5952 6150 6221 6228 6320 6350 6427 6653 6692 6719 6766 6767 6793 6905 6961 7062 7068 7072 7154 7389 7441 7518 7553 7594 7684 7735 7838 8166 8207 8210 8222 8279 8309 8331 8342 8369 8400 8414 8426 8436 8440 8452 8523 8557 8655 8700 8835 8874 8905 9109 9294 9299 9323 9410 9415 9501 9510 9550 9555 9559 9867 9870 9879 9953 9980 9998 10070 10093 10213 10259 10331 10654 10677 10749 10752 10799 11067 11155 11256 11340 12645 
#module 472 size: 17 bs: 0.394671
99 578 829 1001 2553 3746 5034 5050 5318 6031 6517 7582 8270 8617 8841 10118 10282 
#module 473 size: 5 bs: 0.309118
3142 3553 5370 6995 10871 
#module 474 size: 14 bs: 0.194187
413 932 1003 1622 1880 2043 2375 4056 4357 6060 6094 6626 7799 9600 
#module 475 size: 4 bs: 0.230766
1702 3215 6258 6862 
#module 476 size: 10 bs: 0.582514
257 1411 1873 2035 2036 3230 3281 8592 10504 10700 
#module 477 size: 9 bs: 0.237163
1058 1213 1487 5673 5933 6071 7171 10370 10583 
#module 478 size: 53 bs: 0.905946
341 430 485 534 1115 1178 1222 1326 1396 1937 2108 2719 3195 3218 3933 3941 4142 4201 4240 4380 4472 4655 4698 4717 4940 5053 5134 5144 5701 5801 6143 6213 6538 6863 7085 7107 7130 7308 7505 7873 7932 7934 8515 8939 9100 9467 9591 9603 10523 10557 10701 10918 12874 
#module 479 size: 15 bs: 0.563586
1733 2341 2501 2516 3751 3975 4054 4128 4533 5765 6359 8089 9379 10695 10737 
#module 480 size: 16 bs: 0.148465
652 1396 1776 3822 4263 4432 5283 5503 5663 5688 6938 7133 7275 7794 10609 12170 
#module 481 size: 6 bs: 0.549545
1113 3039 8770 9961 10175 10360 
#module 482 size: 17 bs: 0.470727
137 1694 2931 3467 3497 3940 4006 4655 5467 5667 5755 7205 7934 8044 8564 9070 11134 
#module 483 size: 5 bs: 0.748239
169 492 1874 3575 3828 
#module 484 size: 9 bs: 0.260979
206 923 2529 4169 6210 6349 7256 8699 9023 
#module 485 size: 13 bs: 1.08824
1274 3062 4477 4546 6459 6943 7264 7287 8135 8542 10215 11223 11267 
#module 486 size: 22 bs: 0.398886
49 74 514 1576 3336 3536 3570 4240 5022 5217 5593 5782 5857 5893 5927 6273 6301 6903 7659 10650 10788 11840 
#module 487 size: 9 bs: 0.74212
1573 2915 3720 4550 6554 6772 7742 8109 10403 
#module 488 size: 6 bs: 1.00074
1427 2270 2522 3037 4117 10938 
#module 489 size: 9 bs: 0.424768
690 2025 2238 3022 3205 5175 7945 8447 9019 
#module 490 size: 25 bs: 1.08895
37 173 318 356 642 1300 2264 2438 3021 3265 3341 3489 3753 3794 3995 4085 5104 5610 6268 6798 6817 8019 8448 9825 10712 
#module 491 size: 19 bs: 0.643769
544 579 3684 3796 3843 4031 4372 4729 5475 5817 6132 6859 6910 7310 7937 8001 9344 10317 10993 
#module 492 size: 17 bs: 0.804949
256 592 3264 3275 3627 5470 5642 6327 6960 7984 8084 8203 9804 10404 10863 11092 12605 
#module 493 size: 9 bs: 1.01821
1493 3138 3485 4016 5228 5620 6095 9280 10300 
#module 494 size: 14 bs: 0.562419
1330 2194 2472 2651 3589 3742 4064 5201 7080 8982 9486 9818 10193 10651 
#module 495 size: 10 bs: 1.07956
1900 2791 3026 3190 4363 8495 9047 9316 10374 10468 
#module 496 size: 13 bs: 0.504452
215 695 885 1071 1261 1984 2896 3346 3743 5258 8278 8629 10034 
#module 497 size: 8 bs: 0.202721
13 3308 4196 4770 4943 5879 6391 8777 
#module 498 size: 14 bs: 0.334493
1350 1516 1590 1780 3261 3331 3419 5442 7485 9252 10272 10356 10784 10933 
#module 499 size: 15 bs: 0.919143
424 650 1384 1854 2947 3208 5057 5242 5784 6822 8508 8701 9455 9465 10532 
#module 500 size: 9 bs: 0.663284
1007 1029 1374 4035 6768 8077 8135 8717 9902 
#module 501 size: 10 bs: 0.47722
230 267 940 3950 5042 5993 6601 7010 9070 9931 
#module 502 size: 8 bs: 0.112763
941 1507 2247 3744 6564 7193 7247 9267 
#module 503 size: 9 bs: 0.569442
46 1015 4019 4469 5336 5689 9639 11483 11709 
#module 504 size: 7 bs: 0.329605
1779 3106 3764 4354 6740 6924 7429 
#module 505 size: 27 bs: 0.276436
563 648 929 1036 1119 1491 2243 2383 2707 3067 3716 4732 5015 5292 5752 6501 7017 7770 8055 8091 8115 8193 9062 9774 10113 10184 10455 
#module 506 size: 31 bs: 1.08908
795 999 1188 1851 2319 2557 2977 3191 3246 3426 4475 5178 5816 6021 6226 6256 7321 7946 8186 8225 8890 9600 9901 10208 10231 10532 10842 11020 11337 12663 12720 
#module 507 size: 25 bs: 0.654446
7 383 561 811 873 927 970 1255 1349 1983 2141 2829 3080 4726 5132 5924 6108 6896 8106 8409 8549 8573 9200 9277 9712 
#module 508 size: 7 bs: 0.393461
848 1341 1777 3256 5998 7146 8259 
#module 509 size: 21 bs: 1.03206
809 2168 2346 2729 3822 4762 5012 5788 5994 6380 6907 7021 8317 8355 8772 9614 10043 10764 10896 11031 11385 
#module 510 size: 11 bs: 0.236352
1354 1613 1805 3541 3699 7099 7966 9208 10271 10619 10981 
#module 511 size: 38 bs: 0.131835
216 305 704 1010 1122 1335 1583 2408 2531 3540 3599 3689 3877 4038 4157 4159 4213 4283 4380 5429 5539 5665 5856 6046 6335 6395 6763 6945 7071 7244 7766 7859 8061 8987 9006 9286 10838 10899 
#module 512 size: 7 bs: 0.224138
3692 6011 7277 7690 7731 8023 8615 
#module 513 size: 13 bs: 0.983102
1406 2517 3935 4659 6456 7001 7303 7344 8125 8290 9816 10320 11840 
#module 514 size: 3 bs: 0.788448
782 1674 1753 
#module 515 size: 14 bs: 0.702278
2433 2972 3282 3292 3664 4607 4676 5502 7966 8714 9395 9832 10515 11551 
#module 516 size: 8 bs: 0.769229
923 1202 1929 1962 3213 3811 5649 9920 
#module 517 size: 8 bs: 0.457353
1415 2125 3090 4039 6695 6930 7237 10751 
#module 518 size: 36 bs: 0.353906
564 783 847 907 981 1069 1428 2040 2403 3032 3227 3310 3449 3531 3592 4497 5079 5085 5185 5630 5774 6448 6462 6742 6936 7131 8176 8333 8368 8890 9742 9852 10284 10367 10369 10627 
#module 519 size: 3 bs: 0.325735
1063 5946 11703 
#module 520 size: 5 bs: 0.101925
3268 3649 5400 7780 8711 
#module 521 size: 7 bs: 0.492212
1309 2594 4310 5840 7541 7650 10744 
#module 522 size: 33 bs: 0.40439
637 1257 1480 1667 1781 2330 2346 2361 2717 2965 3064 3109 3750 4006 4107 4383 4709 4755 5231 5295 5552 5601 5941 6000 6212 6511 7131 8302 9062 10971 10977 11004 11031 
#module 523 size: 12 bs: 0.900306
1272 2124 2172 3450 4426 6102 6801 7506 9531 9694 9845 10496 
#module 524 size: 19 bs: 0.235132
72 214 1454 1818 3663 4874 5055 5224 5376 5917 7879 8134 8263 9565 9875 10513 10649 10736 10876 
#module 525 size: 11 bs: 0.682454
303 364 774 921 2941 3706 3711 3726 5831 10303 10902 
#module 526 size: 10 bs: 1.04612
913 2111 2241 5086 6370 8145 9682 9745 9865 12636 
#module 527 size: 8 bs: 0.223997
1280 1403 1845 2354 6920 7354 9621 12264 
#module 528 size: 7 bs: 0.890617
441 2569 6582 6878 8944 9460 10120 
#module 529 size: 8 bs: 0.802934
295 1543 2565 3091 4881 4963 5483 8133 
#module 530 size: 9 bs: 0.727444
2627 3601 3781 3797 5888 7183 8777 10761 10871 
#module 531 size: 5 bs: 0.275389
5516 6300 7498 9978 10929 
#module 532 size: 6 bs: 0.214834
176 1645 2586 3046 4815 5155 
#module 533 size: 13 bs: 0.944412
142 1072 1652 1843 3291 3693 3845 4957 5936 6008 6158 9211 9212 
#module 534 size: 14 bs: 0.249718
1421 2385 4200 5347 6209 6512 6541 7407 7827 9008 9458 9849 10001 10484 
#module 535 size: 13 bs: 1.09785
2606 2747 4474 4601 5118 5243 5647 6962 8455 8543 8630 10809 11488 
#module 536 size: 8 bs: 0.338247
310 1353 1360 2007 4239 5077 9290 11733 
#module 537 size: 31 bs: 0.854175
512 631 976 1119 1514 1523 1563 1994 2047 2068 2437 2457 2629 2746 3079 4325 5212 5415 6027 6309 6482 7053 7126 7649 8724 9020 9177 9685 10126 10718 11338 
#module 538 size: 21 bs: 0.653309
779 1378 1412 1554 2093 3250 4529 4701 4736 6738 6950 6966 7091 7514 8247 8826 9189 9194 9535 10846 10936 
#module 539 size: 9 bs: 0.804343
637 1312 5341 7045 7262 8671 9540 9943 10325 
#module 540 size: 5 bs: 0.394988
1577 2960 4435 5599 5993 
#module 541 size: 7 bs: 0.876539
492 1898 4028 6211 7361 9135 11242 
#module 542 size: 9 bs: 0.372215
1450 1515 2281 2527 3206 3390 3631 4870 6291 
#module 543 size: 13 bs: 0.874262
1783 2530 3687 4471 4900 5916 6856 7680 8041 8258 9068 9102 9447 
#module 544 size: 9 bs: 0.499613
1150 2854 3051 3652 3871 5020 8243 8932 10094 
#module 545 size: 5 bs: 0.879063
3035 3686 8960 9512 10121 
#module 546 size: 5 bs: 0.694281
1999 6459 6655 8614 10347 
#module 547 size: 129 bs: 0.441357
6 39 85 225 272 300 366 403 446 463 528 573 614 624 669 700 849 857 975 980 995 1223 1290 1318 1363 1383 1394 1422 1651 1807 1831 1909 1966 1993 2129 2333 2343 2346 2488 2563 2574 2590 3139 3349 3382 3449 3452 3454 3458 3535 3577 3612 3623 3695 3890 3972 3994 4234 4271 4337 4384 4761 4855 4861 4880 5192 5231 5261 5265 5283 5284 5290 5606 5615 5628 5630 5660 5662 5766 5942 5954 6134 6328 6529 6576 6699 6834 6867 6909 7036 7096 7122 7772 7849 7867 7918 7958 8059 8095 8131 8233 8253 8294 8295 8656 8813 8845 9192 9353 9436 9494 9521 9553 9577 9614 9658 9956 10079 10104 10211 10434 10447 10691 10701 10788 10999 11004 11196 11495 
#module 548 size: 17 bs: 0.977473
1001 1257 3064 4734 4757 4904 5802 5988 6376 6864 7582 7804 8310 9464 9620 10155 10788 
#module 549 size: 12 bs: 0.991895
2347 2680 4361 4723 5703 5929 7145 8034 9811 10039 10679 12019 
#module 550 size: 6 bs: 0.610404
2389 6623 8405 8895 9533 10543 
#module 551 size: 9 bs: 0.170415
79 1249 1382 2455 3963 5100 5919 8047 8862 
#module 552 size: 16 bs: 0.429346
715 917 2049 3134 4631 5167 5198 6073 6250 6662 9057 9380 9595 9655 10559 11029 
#module 553 size: 48 bs: 0.741908
182 216 495 564 1614 2759 2891 2990 3227 3336 3982 4003 4256 4775 5129 5217 5240 5618 5630 5771 5774 6305 6329 6390 6401 6421 6448 6528 6621 6749 6903 7131 7364 7437 7451 7783 7825 8263 8541 9125 9239 9290 9601 10367 10629 10711 11006 11487 
#module 554 size: 22 bs: 0.568526
1078 1439 1644 2428 2624 3973 4168 5653 6236 6276 6974 7231 8006 8408 9096 9293 9297 10046 10152 10640 11218 11473 
#module 555 size: 9 bs: 0.564694
1917 2054 2911 3008 6416 6464 6924 9949 10462 
#module 556 size: 75 bs: 1.03897
172 194 312 362 370 377 420 656 803 845 860 919 943 1081 1233 1751 1867 2185 2302 2498 2511 2552 2607 2860 3178 3287 3429 3490 3500 3590 3667 3675 3888 4247 4468 4498 4792 4967 5023 5444 5674 5910 6669 6819 7161 7611 7622 7722 7741 7749 7938 8059 8296 8347 8439 8598 8921 9453 9523 9594 9942 10033 10043 10049 10151 10599 10671 10701 10901 11192 11193 11419 12228 12582 12977 
#module 557 size: 4 bs: 0.375695
3344 3959 4907 8674 
#module 558 size: 22 bs: 0.47267
831 2246 4165 4343 5174 5737 6081 6311 6631 6929 7270 7373 7382 8610 8820 8954 9273 9918 10500 10689 11030 11497 
#module 559 size: 14 bs: 0.320757
141 2476 2494 3631 3722 6298 7600 7687 8683 9666 10054 10684 10765 10930 
#module 560 size: 14 bs: 0.907512
541 2135 2778 2987 3280 3896 5590 5683 6589 7551 8088 9104 9186 10894 
#module 561 size: 16 bs: 0.914051
184 1079 2214 3112 3131 3542 4946 5289 5366 5740 7336 7408 8877 8981 10197 10947 
#module 562 size: 9 bs: 0.822392
354 1099 2675 3038 4405 5187 6185 10638 11441 
#module 563 size: 5 bs: 1.07027
1217 3659 3851 4962 8942 
#module 564 size: 30 bs: 0.420889
98 421 583 847 1947 2323 2548 2596 3054 3179 3317 4023 4214 4606 5321 5511 5731 5923 6371 6825 7070 7102 8329 8407 9373 10324 10457 10474 10715 11168 
#module 565 size: 21 bs: 0.259428
202 413 1500 2753 2837 3401 3439 3634 3949 4154 5168 6398 6496 7015 7112 9566 9667 9721 9854 10706 11509 
#module 566 size: 22 bs: 0.43525
322 1040 1174 1953 2143 2758 3318 3389 3560 3585 3978 4406 4436 5403 6062 6419 7086 7455 9234 10041 10501 10768 
#module 567 size: 11 bs: 0.879351
242 613 1212 1668 4632 6079 6709 6841 7227 8335 10147 
#module 568 size: 20 bs: 0.436256
555 2046 2577 2743 2855 3460 3484 4745 5128 5339 5440 5570 6445 6522 6532 8163 8986 9477 9502 11098 
#module 569 size: 9 bs: 1.08918
761 3151 4103 4180 4356 4822 5412 10844 11220 
#module 570 size: 6 bs: 0.933377
1565 1687 1829 1861 7018 7028 
#module 571 size: 9 bs: 0.23604
550 1333 2541 6083 6382 8381 8586 9206 10082 
#module 572 size: 6 bs: 0.984273
2977 5781 6113 7088 8933 10963 
#module 573 size: 16 bs: 0.256614
48 50 2036 3545 3563 3782 3895 4206 4821 5213 6615 6901 9420 9922 10375 10834 
#module 574 size: 4 bs: 0.997464
4682 9116 9509 10926 
#module 575 size: 8 bs: 0.694837
3059 3361 5862 6275 6586 8323 8663 10781 
#module 576 size: 13 bs: 0.329258
144 1709 3118 5380 5419 6176 7882 7931 8103 9073 9416 9475 10858 
#module 577 size: 5 bs: 1.09371
3211 6433 7398 8852 11099 
#module 578 size: 3 bs: 0.662896
939 8535 12880 
#module 579 size: 13 bs: 1.02517
595 1147 1924 2213 2496 2872 4057 7298 8602 9238 10001 10236 10541 
#module 580 size: 4 bs: 0.493728
1006 1980 2301 8978 
#module 581 size: 9 bs: 0.720815
1586 3435 3437 4224 5067 5736 5813 6550 8609 
#module 582 size: 9 bs: 0.149437
851 874 1244 2926 3332 7581 8595 8760 10103 
#module 583 size: 8 bs: 0.887418
527 1490 1918 3345 3924 4841 5434 7248 
#module 584 size: 7 bs: 0.781448
74 2044 2054 2918 5900 7334 9288 
#module 585 size: 15 bs: 0.583354
3090 3232 3347 3605 3764 3768 4294 4335 7971 7979 7990 8028 8086 8147 10825 
#module 586 size: 15 bs: 0.605642
278 860 2099 2451 3218 4443 5806 6593 6787 7133 7363 8283 9531 9845 10012 
#module 587 size: 11 bs: 0.221344
1044 1210 1768 2953 3823 4972 6281 7390 8265 8871 11169 
#module 588 size: 4 bs: 0.63561
771 3465 3487 9781 
#module 589 size: 5 bs: 0.530035
209 3807 4291 5789 9696 
#module 590 size: 14 bs: 0.916925
1001 1322 1396 1542 3824 4345 4790 5832 7446 8159 8256 8730 9518 10831 
#module 591 size: 7 bs: 0.865105
951 4176 7052 7417 7453 8235 10399 
#module 592 size: 8 bs: 0.831692
238 1539 4360 5763 7892 7971 8575 8839 
#module 593 size: 5 bs: 0.512322
2198 3432 6460 6643 7997 
#module 594 size: 12 bs: 0.315077
133 586 1011 1310 1814 6195 6816 6949 7014 7848 8345 9941 
#module 595 size: 7 bs: 0.347914
427 699 2082 3301 4437 6627 7816 
#module 596 size: 9 bs: 1.0571
1081 1904 2420 4161 5545 5697 6947 8773 11216 
#module 597 size: 17 bs: 0.757535
680 876 1167 1949 2301 3939 4393 4573 4664 5310 5636 6262 8773 9331 9581 9792 10402 
#module 598 size: 17 bs: 0.839511
1405 1914 2219 2413 2584 2777 2799 4296 4566 5532 5623 6898 8212 8434 8688 10162 11135 
#module 599 size: 11 bs: 0.881072
25 1112 1395 2218 3241 3377 4990 4996 6219 9914 11158 
#module 600 size: 13 bs: 1.05136
32 1940 2839 2933 3620 3858 5379 5482 6979 8461 9364 10020 11074 
#module 601 size: 6 bs: 0.71097
4248 4469 4831 5358 7826 9255 
#module 602 size: 29 bs: 0.958086
1457 1637 1886 2090 2480 2679 2714 3144 4199 4205 4235 4385 4492 4563 4854 5173 5804 6769 7072 7347 7773 8327 8648 8704 9095 9894 10045 10911 11025 
#module 603 size: 16 bs: 0.934897
40 775 2101 2788 5033 5520 5986 6345 7481 7609 7689 8485 9091 9735 10155 10783 
#module 604 size: 12 bs: 0.662772
2568 3296 3889 4075 4433 4678 8036 8118 9176 10043 10950 11097 
#module 605 size: 5 bs: 0.437077
3354 5117 7188 7345 7917 
#module 606 size: 22 bs: 0.753245
341 1808 4353 4698 4811 5225 5278 5283 5343 5699 6134 6626 7026 7095 7839 8114 8161 8834 9144 10132 10310 11338 
#module 607 size: 6 bs: 0.792376
1099 1116 3630 6826 6948 9498 
#module 608 size: 4 bs: 0.475552
1287 7466 7715 7847 
#module 609 size: 6 bs: 0.272575
2000 2190 2959 7354 7484 8639 
#module 610 size: 28 bs: 1.09914
595 686 702 1632 1695 2002 2897 3106 3428 3657 4173 4411 5904 6067 7058 7405 7423 7800 7861 8208 8741 8749 9173 9330 9465 10916 10951 12545 
#module 611 size: 14 bs: 0.417389
1238 2015 2943 3132 3380 4301 4833 5274 5361 6472 7386 8886 10919 11377 
#module 612 size: 35 bs: 0.894053
20 210 300 702 924 1302 1933 2329 2707 2709 2983 3071 3195 3372 3532 3780 3816 4709 5182 5658 6002 6087 6126 6390 6736 6857 6938 7271 8575 10527 10728 10747 10832 10888 11593 
#module 613 size: 16 bs: 0.688023
1818 2250 5106 5247 5586 6056 6687 6904 7700 8691 8812 8879 8992 9964 10556 11016 
#module 614 size: 13 bs: 0.367955
351 594 1053 1381 1724 2007 3333 4961 5763 5807 6541 8912 10577 
#module 615 size: 30 bs: 0.893246
887 1031 1049 1240 1554 1620 1634 1732 1760 1798 2531 2696 2912 3036 3061 3198 3535 3647 3729 3869 4026 4397 5958 6131 6143 6795 6908 7516 8710 10804 
#module 616 size: 8 bs: 1.05403
694 1572 5202 6042 7682 7712 9196 9528 
#module 617 size: 12 bs: 0.722108
108 518 1391 3233 3561 3809 4212 5052 5508 8656 10692 12678 
#module 618 size: 13 bs: 0.626926
213 327 2583 3930 5160 6337 7279 7312 9201 9225 9742 10703 11072 
#module 619 size: 67 bs: 0.698801
7 323 389 432 869 872 974 1059 1161 1182 1267 1571 2040 2050 2109 2460 2482 2509 2552 2701 2706 2864 3254 3303 3311 3451 3463 3486 3595 3606 3773 3989 4194 4693 4891 4956 5037 5310 5352 5402 5465 5539 5865 5939 6002 6375 6454 6626 6806 7254 7451 7496 7836 7884 8101 8484 8645 8734 8736 8915 9099 9545 9685 9961 10388 10612 12679 
#module 620 size: 23 bs: 0.875296
165 300 1630 1818 3043 3074 3759 3997 4241 4370 5149 5225 5522 5863 5899 6009 7714 8592 8868 10241 10586 10811 10832 
#module 621 size: 113 bs: 0.355568
110 172 388 588 604 717 803 852 919 1178 1373 1394 1593 1818 1846 2018 2129 2171 2255 2486 2518 2535 2587 2712 2860 2923 3045 3207 3237 3274 3323 3429 3490 3500 3511 3537 3582 3753 3894 3906 4077 4355 4383 4384 4468 4689 4792 5035 5059 5181 5225 5226 5231 5237 5278 5394 5439 5563 5775 5910 5932 6074 6086 6112 6507 6649 6694 6906 6964 6996 7072 7075 7098 7107 7135 7576 7722 7786 7957 7994 8138 8352 8366 8569 8792 8866 8929 9338 9416 9418 9513 9588 9677 9926 10000 10098 10151 10153 10299 10310 10378 10534 10659 10687 10739 10777 10852 10932 11032 11107 12624 12792 12977 
#module 622 size: 39 bs: 1.00979
345 531 550 652 785 1088 1369 1944 1994 2024 2396 2554 2696 2717 2931 3198 3396 3453 3613 3666 3789 3802 4230 5618 5671 5787 6126 6309 6440 6625 6628 6745 7926 7968 8719 9288 9884 10526 11335 
#module 623 size: 51 bs: 0.248315
7 143 155 157 383 863 873 970 1035 1234 1289 1629 1692 2293 2463 2576 2578 2921 3055 3153 3290 3342 3444 3917 3932 4073 4090 4274 4494 4547 4626 4675 4694 4819 5779 5835 6030 6362 6449 6481 6609 6789 7008 7184 7507 7746 8880 9318 9723 9995 11463 
#module 624 size: 17 bs: 0.447986
237 790 1166 1715 2199 2223 2236 2894 4971 5447 7629 7910 9143 9948 10086 10453 10970 
#module 625 size: 10 bs: 1.05359
58 1338 1539 3361 3446 6863 7804 8140 9071 10966 
#module 626 size: 46 bs: 0.748019
350 514 564 569 1282 1567 1843 2074 2319 2955 3032 3265 3372 3642 3763 3806 4179 4442 4481 5660 5736 5774 5988 6287 6641 6867 6964 6992 7011 7271 7334 7702 7931 8033 8161 8307 8843 8890 9062 9419 9848 9910 9950 10323 10898 11007 
#module 627 size: 5 bs: 0.853946
5266 6784 7297 8428 10334 
#module 628 size: 3 bs: 0.657904
2720 2978 3095 
#module 629 size: 12 bs: 0.843471
646 720 3574 4158 5209 5402 5477 6606 8791 9062 9788 9831 
#module 630 size: 40 bs: 0.714775
57 475 721 878 1582 1819 1850 2498 3534 3705 3873 4081 4179 4328 4583 5227 5330 6197 6636 6800 6806 6903 7271 7422 7623 7767 7871 8105 8261 8589 8957 9375 9862 9865 10598 10688 11241 11334 12652 12990 
#module 631 size: 42 bs: 0.923869
359 711 891 1458 1592 1635 1719 2067 2931 3514 3595 3606 4140 4286 4567 4700 4867 4993 5045 5119 5309 5357 5560 5956 6436 6474 7170 7563 7779 8427 8692 8790 8859 9200 9742 9848 9901 10336 10396 11073 11196 11415 
#module 632 size: 9 bs: 0.473833
633 1034 1359 1665 4228 5299 7043 8556 10727 
#module 633 size: 4 bs: 0.304827
152 6425 7678 8613 
#module 634 size: 7 bs: 0.64412
601 3155 4089 5841 7221 7424 8865 
#module 635 size: 6 bs: 0.100894
722 2969 2971 7007 8891 9695 
#module 636 size: 14 bs: 0.674074
714 786 815 1175 1315 1468 2064 3617 3990 5652 6602 7004 7326 8420 
#module 637 size: 21 bs: 0.58701
585 1569 2031 2032 2558 3394 3614 3681 3795 6006 6261 6428 6880 7050 7993 8860 8965 9650 10589 10678 10845 
#module 638 size: 13 bs: 0.463137
1425 3433 4661 4846 5389 5710 5983 7452 7554 7943 9737 9853 12725 
#module 639 size: 36 bs: 1.06722
66 410 581 1110 1152 1311 1606 1804 2328 3032 3381 3926 4020 4263 5112 5224 5231 5431 5601 5640 5881 6519 7048 7681 7849 7893 8087 8216 8251 8501 8856 9665 9912 10319 10523 11614 
#module 640 size: 14 bs: 0.611668
644 1413 3003 4524 4587 4774 4800 5453 6672 6965 7489 8340 8725 10581 
#module 641 size: 13 bs: 1.05715
441 870 875 2116 2429 2572 3019 3229 3761 4546 4770 8231 11436 
#module 642 size: 4 bs: 0.378054
1241 4412 9324 9605 
#module 643 size: 42 bs: 0.684896
382 454 476 482 826 1510 1794 2352 2592 2639 2934 3032 3246 3387 3492 3866 4237 4271 4341 4976 5282 5549 5607 5646 6039 6091 6544 7024 7544 7911 8095 8314 8322 8327 8424 9268 9276 9455 9547 10057 10531 10802 
#module 644 size: 7 bs: 1.00947
239 830 1672 4702 5762 6893 9146 
#module 645 size: 10 bs: 0.899004
854 2120 2387 2700 4630 5236 5405 5494 6521 8847 
#module 646 size: 3 bs: 0.17221
3784 4112 9013 
#module 647 size: 9 bs: 1.06416
666 2684 4416 4608 4795 5154 6325 10628 10840 
#module 648 size: 9 bs: 0.228355
2713 3269 4029 5763 5793 6406 8810 8907 9812 
#module 649 size: 8 bs: 0.71004
622 6215 6598 8777 10122 10708 10972 11413 
#module 650 size: 28 bs: 0.326798
216 1130 1218 1693 1741 3071 3847 4380 5343 5415 5830 5959 6252 6324 6907 7044 7085 7839 8315 8766 8856 8980 9332 9401 10310 11015 11487 11593 
#module 651 size: 7 bs: 0.516493
1018 2289 7789 8139 9647 9784 10340 
#module 652 size: 7 bs: 0.962189
1020 1321 6565 8771 9044 9400 10613 
#module 653 size: 8 bs: 0.653225
2123 2273 2298 2508 3586 4615 8487 9165 
#module 654 size: 24 bs: 0.942868
75 411 894 1222 1608 3092 3688 3891 4244 4772 6546 6675 6742 6936 6984 7157 7971 8114 8766 9172 9496 9724 9986 10632 
#module 655 size: 6 bs: 0.759009
2196 5107 5655 8627 9489 9734 
#module 656 size: 6 bs: 0.618662
1250 1339 1509 3692 6231 10100 
#module 657 size: 15 bs: 0.330179
344 442 1472 1611 2325 2377 3052 3676 5578 5808 5910 6942 7104 7987 9808 
#module 658 size: 5 bs: 0.863701
1610 2858 3396 5556 11270 
#module 659 size: 176 bs: 0.97826
48 225 227 323 352 469 525 548 707 818 853 891 908 931 1073 1109 1129 1205 1267 1273 1282 1418 1448 1608 1656 1682 1704 1706 1729 1848 1850 1987 2003 2154 2227 2252 2335 2447 2484 2676 2862 2913 3076 3089 3202 3365 3409 3416 3492 3495 3595 3616 3625 3627 3802 3842 3862 3900 3907 3922 4059 4271 4316 4407 4481 4544 4556 4634 4706 4812 4869 4938 4966 5026 5112 5129 5292 5349 5375 5425 5562 5698 5963 5970 6017 6076 6114 6143 6173 6274 6287 6323 6345 6473 6474 6499 6507 6538 6626 6644 6663 6779 6903 6936 7055 7170 7292 7327 7364 7434 7515 7517 7674 7699 7771 7814 7866 7886 7897 7926 7981 8025 8053 8061 8081 8160 8289 8293 8307 8368 8386 8404 8412 8488 8555 8685 8757 8803 8919 9278 9336 9339 9433 9623 9664 9817 9852 9880 9912 9950 10022 10211 10274 10358 10404 10405 10409 10420 10447 10531 10551 10605 10639 10653 10672 10779 10862 10899 10936 11008 11093 11243 11491 12297 12641 12949 
#module 660 size: 4 bs: 0.815296
2510 2730 4197 6836 
#module 661 size: 19 bs: 0.973318
574 983 1103 1195 1235 1305 1863 2815 3547 4588 4612 4912 5761 6443 6852 6876 9431 9939 11551 
#module 662 size: 27 bs: 0.195289
417 1657 1711 1735 1804 1915 2322 3008 3172 3216 3399 3920 3965 5022 5143 5335 6480 6873 6988 7218 7468 7783 8221 8292 9475 10367 11611 
#module 663 size: 19 bs: 0.773948
153 691 1106 1936 3410 3477 3817 4069 4244 5760 5823 6739 7543 8376 9077 9167 10251 10273 10933 
#module 664 size: 8 bs: 0.835266
106 1332 1515 4455 5340 5744 6257 6396 
#module 665 size: 19 bs: 0.808842
1198 2081 3403 4375 4970 5058 6718 6777 7255 8072 8475 9250 9657 10441 10835 10969 11023 11138 11146 
#module 666 size: 13 bs: 0.707266
1889 2165 2861 3123 3352 3362 4859 6321 6949 7538 7686 7727 10791 
#module 667 size: 8 bs: 1.08561
1393 1628 4932 5780 6831 8107 10887 12635 
#module 668 size: 8 bs: 0.855592
3298 3607 4396 5478 5561 5614 6508 9088 
#module 669 size: 13 bs: 1.08191
709 1659 2580 4257 5458 5987 6025 7328 8371 9197 9220 10833 10985 
#module 670 size: 11 bs: 0.250881
1125 3007 4177 5481 6527 6791 7519 8782 9844 10475 10481 
#module 671 size: 98 bs: 0.427213
237 400 516 549 575 760 788 915 977 1019 1026 1136 1230 1269 1603 1792 1921 1955 2162 2181 2182 2200 2314 2351 2401 2418 2757 2828 2894 2930 2975 3239 3252 3418 3526 3573 3618 3774 3798 3859 4066 4074 4131 4211 4463 4510 4527 5039 5075 5137 5195 5250 5438 5486 5579 5587 5682 5714 5989 5999 6061 6155 6216 6242 6296 6342 6731 6764 6839 7173 7281 7403 7414 7439 7583 7591 7598 7629 7829 8016 8039 8110 8316 8795 8864 8902 9264 9346 9369 9881 10036 10265 10433 10567 10770 10931 11019 12648 
#module 672 size: 5 bs: 0.361571
1092 3471 7316 8070 9473 
#module 673 size: 15 bs: 1.01102
52 858 1658 2268 3004 3119 4377 4462 4572 6341 6710 7491 7694 9517 11117 
#module 674 size: 8 bs: 0.372551
2289 3597 4513 4579 6082 6116 8256 8459 
#module 675 size: 23 bs: 0.472432
231 600 1200 1303 1377 1423 1750 1757 3113 4264 4560 5052 5296 5921 6051 6956 6985 7022 7691 9027 9131 9747 10181 
#module 676 size: 11 bs: 0.809473
217 1025 2166 2520 5304 6619 7556 8431 9150 10073 10610 
#module 677 size: 17 bs: 0.451656
1324 2383 3472 3633 4705 5401 5785 5908 6138 6312 6874 7311 10276 10318 10750 11225 11383 
#module 678 size: 12 bs: 0.509548
301 1371 1429 3212 4988 5233 5808 6055 8666 8869 10234 10247 
#module 679 size: 13 bs: 0.227691
1601 1713 2434 3580 3646 4350 6147 6366 6945 7009 7324 7658 8416 
#module 680 size: 8 bs: 0.10167
768 4208 4461 5903 6426 7228 7448 8332 
#module 681 size: 18 bs: 1.08142
452 1580 1857 2070 2489 2564 2910 3073 3166 3855 4744 5877 5985 6457 6539 6900 8703 8828 
#module 682 size: 39 bs: 0.218669
891 1259 1452 1556 2126 2297 2792 2928 3186 3591 3595 3610 4201 4341 4529 4959 5078 5275 5506 5581 5749 6075 6166 7090 7100 7200 7380 7706 7961 8020 8143 8155 8368 8419 8892 9277 10386 11434 11711 
#module 683 size: 11 bs: 0.786638
394 1028 3196 4665 4840 5725 6698 7052 8378 9079 12590 
#module 684 size: 126 bs: 0.61517
313 385 668 687 823 1013 1057 1163 1190 1242 1306 1313 1320 1389 1755 1908 1957 1968 2022 2071 2100 2202 2275 2307 2514 2611 2664 2727 2812 2845 2881 2935 3127 3222 3413 3493 3530 3539 3683 3702 3741 3752 3875 3970 3979 4008 4011 4125 4175 4323 4344 4421 4501 4679 4687 4749 4958 5127 5136 5145 5153 5246 5257 5589 5605 5684 5685 5773 6100 6263 6514 6678 6783 6807 6919 6935 6980 7023 7066 7191 7223 7241 7284 7570 7584 7605 7831 7976 8085 8149 8157 8524 8531 8536 8568 8930 9107 9218 9245 9269 9360 9454 9660 9778 9855 9878 10047 10075 10111 10156 10169 10379 10389 10413 10436 10582 10738 10807 10850 11139 11395 11429 11513 12618 12896 13062 
#module 685 size: 26 bs: 0.719659
29 567 641 1132 1522 2069 2504 3359 4141 4568 4697 5618 6270 6741 6747 7140 7226 7530 7572 8470 8624 8801 9632 10003 10359 11371 
#module 686 size: 43 bs: 0.80231
53 1276 1453 1506 1546 1688 1803 1871 2039 2273 2766 2830 2850 2892 3105 3289 3792 4091 4673 4704 5097 5115 5229 5297 6679 6882 7132 7592 7660 7764 7781 8228 8351 8593 8601 8789 8833 9222 9477 9586 9843 9891 10253 
#module 687 size: 13 bs: 0.330642
274 724 763 1056 1219 4252 5872 6418 7900 8271 8837 9466 10223 
#module 688 size: 52 bs: 0.229251
60 177 319 511 560 1265 1650 1868 2092 2315 2615 2764 3182 3210 3478 3604 3621 3871 3925 4033 4386 4563 4594 4834 5372 5568 6067 6188 6297 6484 6701 6778 7482 7683 7749 8466 8526 8590 8842 8854 8917 9123 9256 9399 9456 9570 9895 9923 9929 10327 10414 10636 
#module 689 size: 17 bs: 0.95788
1441 1660 1853 1866 2409 3031 4841 5525 5881 6333 6422 7398 8881 9765 10885 10904 11207 
#module 690 size: 127 bs: 0.191567
12 34 40 360 860 937 982 1002 1294 1409 1462 1473 1481 1661 1839 1907 1913 2027 2051 2132 2164 2184 2235 2253 2280 2337 2378 2404 2427 2465 2528 2537 2592 2609 2651 2695 2851 2893 2898 3002 3022 3023 3087 3185 3203 3319 3351 3364 3417 3424 3461 3512 3609 3644 3728 3766 3787 3888 3909 3948 3951 4285 4599 4628 4728 4778 4809 4909 5001 5023 5054 5074 5138 5142 5206 5249 5287 5454 5577 5687 5721 5986 6005 6013 6033 6149 6381 6487 6540 6717 6723 6725 6827 7087 7147 7411 7413 7424 7535 7634 7828 8272 8410 8588 8697 8853 9114 9348 9442 9560 9587 9675 9679 9682 9708 9717 9741 9791 9836 9850 9955 10018 10031 10406 10869 11027 13003 
#module 691 size: 16 bs: 0.76668
1243 1316 1330 1477 1887 2133 2493 3107 3527 4786 4886 6809 8234 8318 8695 10267 
#module 692 size: 7 bs: 0.340167
787 3819 3996 6372 6517 9572 11428 
#module 693 size: 25 bs: 0.537692
382 1457 1582 2466 2723 2767 3893 4863 5418 5707 5745 6025 6222 6786 8111 8642 8806 8964 9800 10107 10533 10787 11445 11584 11966 
