862	502	
950	169	850	
772	900	614	111	433	731	898	251	216	514	728	888	33	97	496	742	922	434	524	925	906	51	554	179	512	184	215	830	341	808	753	623	786	
396	339	
581	655	
411	164	123	889	677	656	762	465	557	143	405	237	115	343	230	961	941	390	740	940	472	735	279	480	
376	431	172	193	843	539	144	461	239	363	142	108	937	70	26	315	475	282	743	537	452	715	744	820	384	209	153	232	277	441	344	574	320	691	598	362	416	372	971	973	926	680	125	855	168	801	793	45	178	987	959	322	424	248	583	29	782	73	426	682	985	287	553	204	336	145	301	789	375	527	386	402	346	382	911	72	723	240	96	177	825	163	414	76	683	31	292	912	492	497	
457	394	719	449	718	293	286	274	276	523	529	17	437	681	924	884	551	692	297	887	977	
672	410	949	149	893	354	79	355	353	319	540	458	652	526	899	324	103	824	284	827	156	703	305	612	
804	445	
760	938	849	139	127	595	69	46	219	776	826	371	882	791	235	916	585	777	663	300	
774	890	100	617	904	519	513	745	175	864	395	71	105	265	934	116	689	483	807	2	456	894	466	589	91	187	631	714	842	624	360	730	254	34	601	610	173	84	443	964	641	649	615	351	639	68	737	160	352	453	280	621	38	231	619	247	189	510	210	245	579	345	58	788	
310	419	767	107	25	255	638	234	467	757	749	268	476	608	653	877	863	54	814	535	243	875	845	866	773	486	
3	
525	
860	
795	
797	
939	
764	
582	596	
446	
334	545	871	560	312	80	294	500	485	52	19	575	746	130	63	214	577	567	428	688	317	702	600	561	667	528	709	921	498	569	796	252	32	403	531	311	781	99	587	98	440	124	182	22	923	432	803	913	636	673	750	879	81	21	966	128	482	55	221	837	622	257	460	628	645	566	559	920	225	7	102	333	515	686	64	980	
249	
439	
487	61	
404	
308	
200	
694	532	378	963	599	340	584	765	799	4	75	634	197	979	314	464	591	137	406	146	218	547	307	674	85	222	389	792	269	337	174	112	49	263	417	754	133	942	451	504	28	15	436	117	769	481	250	915	632	229	594	708	544	35	752	159	470	383	82	565	
593	
198	
650	
330	
550	
241	
201	
976	
640	
350	
11	
488	
16	
104	
40	
39	
295	
356	
720	
447	
958	
892	207	261	155	876	227	975	186	205	87	713	233	13	399	648	970	571	206	647	325	132	543	120	953	909	982	534	278	
88	
658	
908	
679	684	
546	
951	101	296	162	119	304	967	983	603	459	592	473	67	
306	
217	
506	
298	270	839	
157	613	
643	812	
751	
522	969	
508	
902	
895	978	
869	
872	
716	
77	
