#module 0 size: 2 bs: 0.052985
373 1959 
#module 1 size: 3 bs: 2.71991e-09
3477 5131 6601 
#module 2 size: 8 bs: 0.00167945
302 364 1707 4926 7327 9813 11556 12475 
#module 3 size: 5 bs: 2.38489e-101
5867 7892 8857 10447 11482 
#module 4 size: 7 bs: 2.71305e-101
2819 6316 7792 7793 7996 8812 9048 
#module 5 size: 5 bs: 3.6088e-101
6848 7235 9548 11372 11639 
#module 6 size: 3 bs: 4.22469e-101
4505 8873 11451 
#module 7 size: 3 bs: 4.53952e-101
2448 3385 3386 
#module 8 size: 5 bs: 0.000401198
428 451 1226 4676 4766 
#module 9 size: 4 bs: 7.25173e-101
2924 4684 6619 10392 
#module 10 size: 11 bs: 0.00129384
985 1864 2880 3198 4591 4914 5465 8032 8876 9695 11491 
#module 11 size: 61 bs: 1.82674e-101
51 121 413 506 507 556 563 1072 1102 1285 1297 1896 2019 2023 2063 2370 2599 2616 2851 3312 3332 3333 3510 3918 3936 3958 4053 4070 4432 4682 5450 5451 5478 5647 5863 5995 6106 6433 6442 6474 7169 7216 7264 7346 7480 7644 8139 8158 8195 8277 8487 8744 8820 9547 9743 10267 10472 10800 10885 11445 11660 
#module 12 size: 14 bs: 3.27718e-101
1376 1714 2147 2371 2741 3348 3544 3559 4868 5962 7559 8195 8440 11011 
#module 13 size: 12 bs: 5.8518e-05
1293 2802 3408 3964 4090 4685 5051 7870 9341 9344 12088 12790 
#module 14 size: 2 bs: 1.22125e-15
2646 2647 
#module 15 size: 2 bs: 1.47641e-09
2886 2887 
#module 16 size: 2 bs: 2.60959e-07
961 4100 
#module 17 size: 4 bs: 3.32732e-11
100 8601 9871 10249 
#module 18 size: 6 bs: 8.7494e-10
977 2055 5360 6365 6621 11261 
#module 19 size: 8 bs: 8.49316e-101
1313 2621 2789 4632 7493 8490 9308 9593 
#module 20 size: 3 bs: 0.000383553
256 4171 8195 
#module 21 size: 3 bs: 0.00784775
637 972 10292 
#module 22 size: 6 bs: 0.000464483
3817 4587 5099 6617 8412 8860 
#module 23 size: 5 bs: 1.84422e-08
1105 1277 1650 6329 9745 
#module 24 size: 5 bs: 0.00190935
1846 6944 8174 9688 9876 
#module 25 size: 6 bs: 2.95402e-102
759 2132 3021 4778 6723 8396 
#module 26 size: 3 bs: 1.56821e-08
1650 5381 7513 
#module 27 size: 18 bs: 0.0657606
306 1200 1749 2860 2964 3387 3676 4011 4525 4999 5273 6218 6477 6777 6937 8600 10605 10639 
#module 28 size: 3 bs: 4.59134e-09
977 2816 10881 
#module 29 size: 4 bs: 0.000437703
95 1241 1305 9253 
#module 30 size: 5 bs: 1.80292e-05
4214 5114 6076 9199 10869 
#module 31 size: 16 bs: 7.16533e-101
254 2109 2139 3226 3962 5033 6157 6617 6623 6716 6718 7635 8860 10866 10957 12953 
#module 32 size: 6 bs: 3.10973e-13
292 1254 1880 3624 8615 11482 
#module 33 size: 5 bs: 4.35279e-09
3 446 608 5623 9408 
#module 34 size: 11 bs: 8.66284e-101
712 827 2415 2958 3424 3908 5918 6098 6621 8934 10007 
#module 35 size: 4 bs: 8.10465e-11
635 3373 6464 8051 
#module 36 size: 9 bs: 6.81308e-05
2785 3301 4420 4782 7729 9578 10461 11137 11436 
#module 37 size: 5 bs: 8.43109e-101
225 568 3162 4661 8666 
#module 38 size: 5 bs: 5.43128e-101
1535 2421 7041 8529 12613 
#module 39 size: 7 bs: 1.55431e-15
857 2213 5492 5511 6285 9490 10134 
#module 40 size: 9 bs: 0.0785941
317 2845 4458 4472 4524 5786 6167 7654 11400 
#module 41 size: 11 bs: 6.85699e-101
529 2845 3206 3207 5460 5918 6275 7398 8011 9688 12790 
#module 42 size: 5 bs: 9.81296e-101
1876 2391 2991 2992 8581 
#module 43 size: 6 bs: 4.53326e-05
2070 2101 4170 6377 7809 12492 
#module 44 size: 3 bs: 9.99201e-16
3978 4185 7592 
#module 45 size: 14 bs: 0.00355515
816 2354 2857 2900 4654 5210 5279 5595 5677 6308 7794 9211 9394 12510 
#module 46 size: 9 bs: 8.49019e-05
274 2068 2380 2408 4044 5325 7571 8410 9013 
#module 47 size: 7 bs: 4.41242e-101
2089 2457 2643 7557 7775 7776 11196 
#module 48 size: 3 bs: 0.00120495
5895 6090 7855 
#module 49 size: 12 bs: 6.11401e-06
1348 1408 2393 3342 4058 4958 5064 7853 7854 8387 9694 12867 
#module 50 size: 27 bs: 0.0274297
32 1572 1865 3036 3095 3321 3612 3857 3949 4940 5060 5441 5504 5909 6436 6659 7896 7922 9006 9175 9576 9594 9981 10157 10201 11245 11447 
#module 51 size: 15 bs: 6.0193e-101
2461 3108 3624 4234 4495 5612 6402 6554 7474 8326 8971 9162 9264 10694 10735 
#module 52 size: 16 bs: 0.0212222
1770 3478 3733 3966 4901 5085 7608 8407 8562 9363 9721 9969 10835 10919 11191 11558 
#module 53 size: 5 bs: 2.83107e-14
1618 4101 5984 7741 12291 
#module 54 size: 9 bs: 4.13024e-101
3431 7498 8887 8916 9415 9429 10047 10156 10181 
#module 55 size: 4 bs: 0.000643706
1135 3182 5020 7692 
#module 56 size: 32 bs: 0.0711224
220 1122 2145 2801 2847 2953 2954 3397 4763 5499 5578 5586 6229 6538 6604 6985 7050 7442 7629 8436 8580 8967 9123 9214 9894 10041 10060 10123 10557 10862 11006 11206 
#module 57 size: 16 bs: 5.52355e-101
1980 2137 2758 3565 4945 5336 5438 5951 6092 7013 7420 7822 7826 7988 9712 10309 
#module 58 size: 14 bs: 0.819997
479 764 1359 2470 2791 3739 5117 6304 7784 8154 9164 9397 9419 11614 
#module 59 size: 13 bs: 0.415875
46 1183 1973 3145 4069 4169 4379 5311 5484 6384 7022 7584 11104 
#module 60 size: 17 bs: 0.136883
1001 1815 3118 6243 6391 7118 7656 7932 9821 10058 10750 10793 10811 11074 11276 11576 12039 
#module 61 size: 51 bs: 0.78765
122 601 976 1014 1042 1094 1202 1489 2148 2455 2472 2693 2970 3326 3365 3371 3512 3555 3747 3792 3856 3963 4071 4096 4248 4283 4287 4571 4572 5402 6014 6022 6154 6424 6671 6694 7203 8340 8622 8737 8774 9247 9413 9588 9784 9957 10264 10757 10931 11571 11878 
#module 62 size: 8 bs: 1.01166
1430 2767 2847 5581 7154 7434 7435 7506 
#module 63 size: 17 bs: 1.01123
951 1119 1287 1706 3223 3341 5734 6295 6416 6573 7544 8055 9367 10210 10220 10624 11456 
#module 64 size: 6 bs: 0.44315
3841 4920 5428 6514 9097 9262 
#module 65 size: 13 bs: 0.531973
1003 1524 2621 2789 4914 5673 6809 7184 7480 7720 8708 10267 11171 
#module 66 size: 30 bs: 0.732992
109 147 548 1052 1169 1197 1344 1662 2598 2652 3370 3442 3475 3916 4303 4630 4774 4775 5057 5538 5783 6198 7179 7199 7519 9441 10663 10868 11158 12505 
#module 67 size: 49 bs: 0.957524
34 106 119 244 474 542 606 950 1099 1246 1294 1717 2761 3838 4201 4412 4474 4612 4672 4952 4986 5061 5573 5653 5921 6233 6290 6341 6400 6892 7037 7166 7350 7391 7639 8071 8074 8191 9185 9667 9669 10035 10080 10691 10939 10971 11209 11582 12667 
#module 68 size: 6 bs: 0.617827
1274 1275 1648 2955 4294 6652 
#module 69 size: 18 bs: 0.144533
1270 2408 3127 3129 3131 3135 4044 5325 5593 6132 6332 6852 8882 8883 9422 9836 10511 10624 
#module 70 size: 11 bs: 0.657996
551 941 1634 1745 2089 2998 4807 6245 7278 7634 10558 
#module 71 size: 17 bs: 0.785912
1087 2711 2898 3412 4194 4646 4753 5069 5156 5191 5817 6116 6195 6291 6766 10875 11551 
#module 72 size: 9 bs: 0.184201
803 2958 3686 5727 7508 7674 8448 9173 10680 
#module 73 size: 24 bs: 0.90643
1347 1458 1505 1587 1679 2961 3134 4333 4341 4522 4914 4965 5209 6132 6205 6335 6773 7634 7817 8476 10519 10568 10753 11696 
#module 74 size: 23 bs: 0.75403
1433 2559 3827 3837 4168 4172 4693 5420 5604 5694 5702 6082 6144 6166 6692 7057 7453 7773 8079 9389 9594 9942 10223 
#module 75 size: 7 bs: 0.826502
442 7190 7509 7688 9027 9239 10445 
#module 76 size: 16 bs: 0.623438
16 161 364 3415 4073 4475 4958 4962 5918 6957 7772 8417 9215 10202 10525 10834 
#module 77 size: 14 bs: 0.160642
528 611 1908 3463 4558 5003 5876 5997 6231 7635 7672 8541 10929 10957 
#module 78 size: 28 bs: 0.501711
278 351 523 572 576 652 1175 1544 1966 2480 3193 3389 3839 4843 6172 6344 6694 6745 7114 7131 7638 7839 8142 8316 8398 9288 9660 9696 
#module 79 size: 12 bs: 0.962782
694 1476 2462 2835 3134 4811 6132 6719 9226 10232 11410 11591 
#module 80 size: 5 bs: 0.668507
2628 3186 3686 9243 10904 
#module 81 size: 11 bs: 0.658616
727 827 2004 2174 3908 6098 6723 7402 8559 10904 12293 
#module 82 size: 64 bs: 0.347268
51 257 308 413 507 556 857 1661 1874 1975 2023 2061 2063 2176 2370 2463 2483 2630 2822 2851 3332 3333 3510 3936 3958 3986 3990 4070 4682 4865 5451 5478 5673 5863 6070 6106 6130 6205 6433 7216 7493 7533 7556 7644 8139 8158 8195 8442 8487 8668 8678 8744 9079 9120 9490 9593 10132 10174 10472 10504 10582 10800 10874 12515 
#module 83 size: 17 bs: 0.382552
60 508 1941 2109 3507 4335 5099 5285 6230 6279 6727 9171 10566 10954 11027 11114 12397 
#module 84 size: 9 bs: 0.999212
349 1293 5684 6522 7658 8293 9007 10195 12088 
#module 85 size: 18 bs: 1.04736
211 2101 2835 3459 4084 4370 5708 6983 7440 7551 7728 8096 9002 9145 9322 10604 11142 11152 
#module 86 size: 26 bs: 0.510471
885 959 1021 1155 1656 2097 2650 3308 3340 3613 3673 4604 4845 5068 5208 6399 6922 7555 7746 7906 8351 8375 8738 8783 10550 11006 
#module 87 size: 6 bs: 0.268274
1358 3582 3583 3654 6820 9373 
#module 88 size: 24 bs: 0.246824
161 232 824 1149 1522 1549 2730 4162 4407 5766 6209 6815 6834 6957 7522 7984 8047 8305 9165 10356 10672 10822 11388 11556 
#module 89 size: 21 bs: 0.873698
2138 2793 2872 3578 3662 3834 3853 4588 4805 5673 6217 6344 6348 6694 7253 9552 9682 10493 10830 11042 11411 
#module 90 size: 11 bs: 0.135711
715 2446 2554 3470 3996 4534 5661 6155 6684 7331 8720 
#module 91 size: 11 bs: 0.843293
947 1208 3810 4246 4454 5633 7011 8154 8331 10883 13006 
#module 92 size: 10 bs: 0.468849
978 2008 2265 4150 4549 6468 6548 8585 11161 12514 
#module 93 size: 31 bs: 0.918706
231 261 1928 1955 2095 2640 2713 2768 3342 3715 3854 4217 4814 5445 6361 6971 7304 7472 7615 8075 8299 8562 8671 8736 8813 9442 9851 10098 11429 11554 11733 
#module 94 size: 17 bs: 0.820608
653 870 1019 3578 3869 4893 5154 5186 5959 6025 6344 6900 7607 8374 8781 8923 11635 
#module 95 size: 17 bs: 1.01566
1616 1741 2252 3057 3147 3418 3661 4856 5111 7255 7330 8328 8504 10238 10382 10404 11379 
#module 96 size: 12 bs: 0.636092
575 2758 2800 4158 4779 4840 6846 7561 7918 9416 11142 11556 
#module 97 size: 18 bs: 1.09802
645 816 1237 1714 1961 2354 2842 2900 3132 4537 4654 5279 5595 7477 8590 8635 9343 9679 
#module 98 size: 9 bs: 0.227244
2205 2969 6750 7259 7742 8496 9941 12095 12291 
#module 99 size: 46 bs: 0.61842
29 207 376 1383 1751 1771 1825 1937 1946 2481 2983 3196 3272 3552 3554 3763 3781 3891 4072 4440 4512 4826 6254 6255 6376 6864 7215 7524 7525 7922 8111 8278 8376 8596 8722 8759 8910 9348 9761 9944 10512 10631 10791 10851 10894 11382 
#module 100 size: 13 bs: 0.441169
453 1997 4007 4280 4917 5617 6434 6736 6952 9182 9702 10333 11233 
#module 101 size: 6 bs: 0.434864
1023 2430 2633 3421 3444 10709 
#module 102 size: 20 bs: 0.625922
226 925 2139 2180 2858 3226 5345 5684 5695 6093 6100 6688 8224 8956 9960 10869 10957 12264 12602 12953 
#module 103 size: 15 bs: 0.374729
389 1532 1693 1919 2365 2409 2635 3786 3904 4578 5346 5614 6092 7630 10352 
#module 104 size: 11 bs: 0.20772
2 2130 4489 5684 5878 5985 6522 8934 10405 11261 12618 
#module 105 size: 61 bs: 0.666341
47 316 875 1410 1464 1515 1909 2074 2111 2547 2551 2614 3054 3366 3575 3621 3640 3688 3845 3851 3909 4448 4523 4599 4708 4806 4891 5139 5496 5700 5721 5921 5964 6197 7167 7230 7363 7394 7429 7552 8073 8693 8711 8748 8792 8828 8949 9016 9350 9391 9489 9516 10124 10324 10463 10484 10693 10915 11124 12582 12881 
#module 106 size: 11 bs: 0.437831
186 927 1698 2058 3734 4686 4715 10281 10286 11572 11595 
#module 107 size: 33 bs: 0.938647
144 183 491 497 590 622 1309 1436 1712 2144 2414 2739 2749 3821 3876 4304 4942 5199 5343 5656 5836 6969 7954 8463 9421 9510 9598 9734 10274 10592 10914 10972 12670 
#module 108 size: 18 bs: 0.453618
729 853 1139 1494 1859 2222 2778 4535 4670 4993 6497 6566 7385 8346 8424 8704 8724 11715 
#module 109 size: 7 bs: 0.84188
790 1174 2195 2216 3599 7358 7545 
#module 110 size: 12 bs: 0.857636
2888 3576 4639 4920 6231 6514 7780 8475 8672 8853 9212 12397 
#module 111 size: 30 bs: 0.57774
111 880 904 1280 1459 1734 1781 2907 3252 3297 3629 3811 3816 4213 4430 5449 5459 5769 5857 6482 7103 7335 7373 8608 8872 9208 9422 9795 12559 12855 
#module 112 size: 8 bs: 0.403038
812 1640 4054 6141 8452 8716 9718 10629 
#module 113 size: 5 bs: 0.858409
1915 2114 6150 6153 9644 
#module 114 size: 20 bs: 0.599344
217 309 918 1345 1864 2432 2435 2710 3188 4365 4575 4731 5174 6142 7189 7745 8528 9596 10778 11395 
#module 115 size: 14 bs: 0.345758
1639 1918 4136 4477 5020 6581 7103 7608 7869 8283 9422 10919 10974 12158 
#module 116 size: 47 bs: 1.02773
192 438 473 794 1149 1428 2128 2294 2352 2404 2579 2922 2929 3932 3952 3961 4080 4176 4233 4528 4539 4601 4712 5134 5283 5535 5663 5852 6268 6459 6511 6911 7200 7298 7337 7838 8417 8527 8968 9162 9440 10218 10371 10454 10654 10672 11710 
#module 117 size: 7 bs: 0.396676
704 3226 3260 6107 7788 9544 12447 
#module 118 size: 35 bs: 0.246972
41 90 160 384 436 900 1440 1762 1901 2039 2071 2123 2780 2797 3033 3422 3960 4670 4866 4985 5067 5359 5676 5968 6035 6078 6084 6270 6445 6453 7374 9147 9302 10040 11419 
#module 119 size: 30 bs: 0.923622
430 682 1070 1168 1519 1743 1850 2782 2958 2967 3513 3630 3845 4085 4959 5140 5508 5518 5628 6330 7923 8885 8952 9332 9637 10067 10404 10592 10734 10741 
#module 120 size: 13 bs: 0.62472
3171 3604 4119 4232 4602 4754 7802 7994 8980 9458 9761 10204 11178 
#module 121 size: 15 bs: 1.01308
1969 2870 3240 3424 3954 4035 4157 5818 7462 7926 8004 10014 10279 10622 12995 
#module 122 size: 21 bs: 0.725304
152 579 655 1360 1619 1896 2191 2793 3334 3578 4862 6746 7602 8106 8257 8941 9113 9120 9878 10103 10267 
#module 123 size: 15 bs: 0.148022
849 1825 2806 3040 3403 3535 4249 5387 5973 6669 7464 10240 11049 11687 11688 
#module 124 size: 13 bs: 1.09876
1048 1659 2541 4029 4078 4867 5792 6520 6715 8498 9300 9580 10823 
#module 125 size: 11 bs: 0.708683
101 1539 2796 3734 5211 6293 8623 9390 9904 10007 11143 
#module 126 size: 37 bs: 1.05338
181 467 934 1703 2516 3175 3921 4014 4064 4142 4244 4360 4450 4876 5412 5470 6181 6408 6764 7008 7043 7274 7299 7684 8070 8274 9167 9936 10234 10300 10469 10549 10659 10826 10902 11541 12575 
#module 127 size: 47 bs: 0.964933
113 1066 1206 1425 1654 2100 2206 2951 3088 3114 3276 3303 4115 4137 4236 4400 4446 5194 5908 6063 6226 7036 7858 8054 8127 8558 8791 8852 9457 9512 9658 9677 9935 10119 10388 10532 10845 10982 11031 11118 11121 11269 11554 11576 12514 12635 12672 
#module 128 size: 25 bs: 0.978696
886 1119 1639 2433 2695 2737 2957 3223 3341 3347 3498 4136 4800 5829 6027 6573 6581 6612 7446 7869 8055 10974 11450 11966 12158 
#module 129 size: 12 bs: 0.644529
828 1902 2090 3160 4716 6478 6768 7409 9523 10114 11261 11513 
#module 130 size: 16 bs: 0.650607
859 1348 1395 2764 2938 2958 3342 5064 5159 5460 5489 8190 8311 9138 9871 12505 
#module 131 size: 15 bs: 0.217771
2941 3744 3771 4270 4472 4508 4524 5341 6167 6586 6964 8545 8881 8892 9825 
#module 132 size: 21 bs: 0.453978
458 797 1253 2121 4214 5357 5405 5779 6598 6767 6863 6884 7042 7492 8078 8331 8368 8969 9410 10029 10911 
#module 133 size: 14 bs: 0.931872
252 1798 2205 2617 2969 3244 5408 5552 6364 7085 7378 8134 9186 9484 
#module 134 size: 7 bs: 1.0981
997 1499 7728 8254 8492 10137 11019 
#module 135 size: 12 bs: 0.544009
459 773 824 2816 4162 4962 5602 5633 6706 8836 9604 9813 
#module 136 size: 16 bs: 0.902868
400 535 824 911 1254 2984 4293 4636 5054 5319 5568 5633 5709 5766 6828 10579 
#module 137 size: 25 bs: 0.510635
782 896 1124 1302 1824 3041 3107 3590 4135 4400 4597 5046 5765 6589 7141 7739 9437 9438 9460 9517 9687 9886 9973 10206 10741 
#module 138 size: 27 bs: 0.79965
43 94 482 1086 1144 1204 2292 2934 3502 4005 4164 4847 4935 5132 6616 6694 7360 7454 7624 7857 7888 9360 9414 9703 10404 10506 12549 
#module 139 size: 17 bs: 0.393821
2083 2240 2414 3426 3474 3876 4092 5199 5232 6918 6967 7954 8049 8788 8978 9545 10274 
#module 140 size: 13 bs: 1.01738
541 1690 1893 2423 2721 2834 3157 3585 4377 4401 7514 7913 7914 
#module 141 size: 34 bs: 0.656446
174 402 547 1720 1815 2493 2740 2843 3194 4630 4656 4979 5250 5464 5569 5838 6131 6214 6572 6590 7051 7228 7589 7612 7884 7970 8110 8445 8728 9248 9560 9717 10619 11501 
#module 142 size: 30 bs: 0.434449
355 686 1008 2106 2270 2436 2568 2645 3472 3533 4618 5086 5386 5415 5566 5925 5933 6018 6504 7406 8645 9275 9361 9447 9591 9906 10291 10733 12514 12891 
#module 143 size: 166 bs: 1.06861
142 329 452 604 673 766 833 894 938 995 1077 1187 1247 1289 1296 1508 1748 1792 1805 1866 1924 1935 1988 2165 2574 2638 2699 2700 2716 2781 2784 2852 3088 3096 3137 3164 3169 3203 3210 3277 3405 3417 3436 3452 3457 3461 3472 3488 3502 3679 3683 3716 3807 3816 3900 3906 3935 4006 4018 4059 4106 4160 4254 4292 4342 4355 4358 4359 4473 4480 4509 4606 4642 4678 4889 4918 4964 5008 5019 5091 5168 5197 5331 5349 5501 5537 5539 5585 5698 5757 5845 5846 5949 6118 6127 6338 6525 6535 6563 6667 6720 6782 6790 7113 7142 7211 7260 7303 7313 7314 7389 7439 7534 7623 7697 7814 7815 7864 7930 7934 8031 8046 8171 8214 8386 8401 8555 8571 8683 8730 8790 8803 8933 9072 9136 9159 9294 9368 9459 9468 9524 9662 9807 9820 9873 10213 10328 10510 10652 10679 10730 10741 10907 10956 10995 11111 11127 11147 11155 11424 12162 12249 12591 12642 12889 12905 
#module 144 size: 51 bs: 0.273477
708 839 1153 1278 1920 2110 2441 2627 2637 2649 2829 3130 3327 3853 3946 3955 3995 4046 4092 4286 4367 4389 4649 4952 5140 5280 5659 5811 5993 7127 7286 7441 7476 7758 8084 9046 9047 9113 9254 9298 9546 10140 10354 10362 10717 10978 11448 11498 11571 11712 12577 
#module 145 size: 15 bs: 0.297925
867 1872 2477 3120 3852 4020 4366 4668 4669 5417 8922 9258 10677 10779 10882 
#module 146 size: 28 bs: 0.812561
1007 1892 2182 2615 2879 2929 3146 3418 3533 3816 4163 4618 5086 5566 5633 5963 6382 6504 7135 7194 7227 7707 8069 8420 8734 9422 10624 12891 
#module 147 size: 44 bs: 0.618835
143 209 326 369 499 690 1552 1697 2060 2065 2073 2312 2377 2378 2380 2382 2383 2384 2386 2388 2735 3698 3765 3775 4077 4189 4540 4575 4701 4703 4870 4878 5018 6005 6428 7318 7407 8483 9246 10611 11310 11340 11664 13006 
#module 148 size: 48 bs: 0.843882
203 205 397 762 1115 1616 1894 2252 2275 2787 3148 3149 3418 4218 4860 4948 5155 5251 5266 5773 5875 6256 6312 7255 7573 7657 7703 8030 8506 8827 9255 9287 9666 9821 10068 10096 10133 10413 10746 10814 11038 11048 11311 12488 12602 12697 12843 13004 
#module 149 size: 12 bs: 0.614744
361 804 1968 4323 6621 8417 8934 10695 10957 11193 11883 12214 
#module 150 size: 22 bs: 0.42932
43 94 1144 3239 3369 3502 3647 3824 5753 6694 7360 7427 7624 7857 8562 8563 8579 8624 10107 10506 11092 12549 
#module 151 size: 34 bs: 0.97197
775 1212 1722 1943 1998 2368 2385 2411 2862 3723 3728 3992 4676 5179 5515 6177 6231 6386 6526 8150 8332 8628 9071 9111 9189 9529 10199 10357 10703 10803 10899 10905 10930 11150 
#module 152 size: 13 bs: 0.297895
878 1726 3550 3563 4427 5506 5538 5783 7381 7614 8762 9502 10574 
#module 153 size: 107 bs: 0.233733
28 68 216 315 334 352 809 996 1001 1086 1125 1213 1255 1411 1577 1599 1624 1643 1706 1708 1735 1841 1918 2001 2157 2272 2389 2525 2753 2783 2866 2937 3129 3139 3247 3490 3524 3589 3708 3732 3782 3805 3902 4143 4174 4312 4316 4334 4477 4480 4577 4772 4815 4873 4949 5040 5084 5141 5229 5277 5308 5365 5396 5526 5806 5824 5836 5919 5937 6212 6314 6415 6507 7480 7591 7705 7797 7799 8051 8228 8435 8494 8579 8789 8848 8947 9009 9082 9089 9144 9272 9589 9651 9985 10198 10235 10310 10522 10751 11120 11262 11514 11576 12382 12586 12648 12712 
#module 154 size: 54 bs: 0.631038
76 204 262 1007 1147 1151 1170 1336 1468 1862 2080 3007 3056 3637 3993 4144 4520 4910 5355 5674 5942 6003 6050 6077 6138 6158 6322 6528 6924 6960 7062 7181 7383 7410 7537 7549 7627 7659 7689 8323 8695 8745 9310 9479 9561 9584 9768 9771 10133 10142 10196 10625 11283 12865 
#module 155 size: 23 bs: 0.415634
218 1127 2262 2284 2376 2779 2798 2945 3079 4047 4752 4963 5180 5217 5685 5808 7083 8003 8322 8443 9101 9863 11243 
#module 156 size: 18 bs: 0.861909
260 432 508 2134 2844 3507 3690 5997 6038 6230 6727 6909 8263 8265 8412 8957 9073 11114 
#module 157 size: 8 bs: 0.829921
550 2788 3262 5613 6004 6797 7491 10153 
#module 158 size: 10 bs: 0.440085
767 1030 1612 2610 3742 5073 6297 6883 7565 10908 
#module 159 size: 15 bs: 0.642598
103 635 963 1439 1976 2168 2184 3756 4012 5251 7015 8935 9178 12697 12843 
#module 160 size: 9 bs: 0.625937
2101 5714 6261 8531 9998 11007 11355 11719 12969 
#module 161 size: 34 bs: 0.845723
596 1036 1486 1695 1864 2160 2400 2665 2963 3649 3882 4637 5112 5379 5430 5479 5528 6359 6369 6664 6863 6935 7056 7384 7465 8041 8234 8673 9036 9397 9402 9540 11501 12997 
#module 162 size: 44 bs: 0.134387
209 345 374 1552 1956 2066 2067 2311 2317 2328 2367 2371 2373 2375 2378 2379 2387 2444 3290 3441 3569 3913 4447 4469 4609 4868 4879 5017 6133 6906 6913 8135 8330 8749 8808 9034 9723 9912 10662 10891 11353 11664 12019 13006 
#module 163 size: 16 bs: 1.07753
2031 2316 2635 2673 2837 3056 3271 6883 7384 8823 9399 9479 9555 9771 10704 13006 
#module 164 size: 32 bs: 0.999534
532 1968 2130 2133 3166 3493 4200 4339 4340 4920 5684 6100 6522 7255 7289 8453 8536 8656 8893 9290 9816 10829 10869 11037 11058 11070 11084 11117 11157 11279 11308 12302 
#module 165 size: 63 bs: 0.238226
131 865 1276 1664 1721 1785 1929 2027 2035 2069 2291 2456 2467 3280 3351 3395 3648 3718 4593 4651 4713 4915 5082 5109 5198 5292 5348 5350 5397 6085 6227 6307 6321 6549 6724 7210 7550 7728 8397 8402 8593 8616 8810 8929 8992 9030 9052 9382 9483 9884 10021 10226 10242 10715 10765 10887 10965 11125 11711 11814 12678 12873 12937 
#module 166 size: 60 bs: 0.619696
10 36 124 127 375 578 774 834 1182 1295 1513 1613 1647 1926 2122 2289 2759 2766 2882 2927 3219 3603 3767 4282 4584 4719 4746 4829 4978 5076 5107 5110 5422 5425 5591 5802 6345 6347 6349 7288 7640 8302 8439 8478 8714 8761 9624 9700 9708 9808 9921 9951 9986 10190 10343 10460 10684 11106 12716 12782 
#module 167 size: 14 bs: 0.717702
107 602 897 1454 1665 2553 3257 3500 3522 4002 7837 8245 9870 12950 
#module 168 size: 23 bs: 0.707335
379 1993 2418 3050 5259 5662 5826 5981 5987 6906 7473 7563 7564 8200 8680 8785 9077 9375 9380 9891 10108 11446 12297 
#module 169 size: 82 bs: 0.546854
29 35 137 210 213 465 562 695 898 983 1092 1452 1474 1555 1591 1597 1689 1740 1768 1885 1891 2110 2118 2677 3101 3212 3214 3511 3609 3755 3759 3988 4033 4180 4291 4403 4419 4579 4674 4733 4758 4908 5227 5295 5337 5576 5600 5737 5862 5879 6023 6046 6390 6471 6481 6658 6744 6863 6945 6982 7174 7256 7361 7362 7496 7597 8128 8261 8399 8557 8617 8669 8946 9026 9397 9721 9979 9991 10329 10617 10781 11053 
#module 170 size: 14 bs: 0.69457
595 1095 2101 2133 2960 3212 3403 4286 5712 7561 7727 8556 11137 11138 
#module 171 size: 26 bs: 0.989956
159 1257 1564 1569 1618 2267 3895 4037 4170 4343 4529 4579 4907 5015 5854 5856 6586 6863 8372 8565 8772 8931 10792 10884 11142 11188 
#module 172 size: 17 bs: 0.934513
645 705 3269 3484 3872 4514 5155 5461 6317 7067 7958 8551 9819 10661 10814 10825 12609 
#module 173 size: 51 bs: 1.08366
190 714 1320 1454 1466 1614 1854 2089 2090 2192 2194 2221 2653 2786 2959 3354 3989 4001 4091 4286 4779 5041 5586 5707 5733 5887 6235 6765 7377 7483 7711 7801 7883 8186 8309 8961 9123 9409 9752 10114 10116 10228 10239 10518 11069 11112 11143 11265 11266 11664 13010 
#module 174 size: 39 bs: 0.990246
64 159 953 1103 1257 1316 1567 1569 1686 2956 3464 3828 3865 4665 5185 5429 5816 5856 5862 6336 6344 6370 6443 6451 7006 7736 7834 7989 8654 8710 8802 9045 9202 10106 10130 10209 11142 11265 11266 
#module 175 size: 31 bs: 0.546388
206 537 1427 1481 2084 2188 2189 3111 3800 3867 4923 5173 5443 5460 5494 5632 5885 6174 6260 6499 7504 7735 8392 8393 10079 10111 10262 10643 11393 11418 11571 
#module 176 size: 137 bs: 0.401311
123 359 370 395 521 540 692 718 811 862 1003 1060 1065 1117 1205 1227 1377 1407 1483 1791 1932 1979 2024 2142 2169 2186 2193 2209 2212 2215 2253 2406 2855 2883 2918 2950 3017 3028 3124 3200 3204 3205 3530 3580 3591 3776 3788 3794 3796 3818 3847 3855 3914 3917 4222 4371 4429 4461 4468 4487 4517 4590 4622 4631 4641 4704 4718 4780 4969 4971 5221 5252 5263 5367 5400 5453 5559 5735 5740 6071 6216 6274 6286 6300 6372 6550 6553 6561 6567 6835 6870 6871 7072 7263 7292 7316 7426 7554 7570 7595 7743 7832 7997 8349 8394 8430 8431 8434 8466 8771 8815 8845 8891 9091 9338 9475 9495 9514 9570 9594 9790 9840 10145 10193 10296 10337 10344 10433 10480 10970 11126 11145 11165 11664 11994 12595 12663 
#module 177 size: 23 bs: 0.361391
377 1351 1632 1996 2090 2187 2190 2194 2213 2219 2251 2838 4991 5034 5058 5447 5666 7188 9270 9378 9835 10134 11029 
#module 178 size: 51 bs: 0.270845
124 127 510 774 1015 1420 1635 1879 2122 2339 2607 2825 2835 2849 2876 2915 2927 3128 3393 3410 3468 3544 3861 4165 4406 4925 6048 6241 6869 7277 7536 7640 7927 8397 8440 8459 8499 8696 8992 9383 9700 9830 9933 10084 10232 10242 10613 10715 11213 11591 12937 
#module 179 size: 20 bs: 0.948426
486 907 990 1080 3122 3126 3600 4372 4421 5089 5153 5364 5482 5880 7202 7432 7531 8982 9097 10191 
#module 180 size: 35 bs: 0.221311
22 133 166 301 344 426 645 779 1224 1301 1834 1845 2136 2681 3360 3737 3822 5629 5646 5976 6057 6199 6350 6560 7486 8896 9289 9345 9964 10825 10925 11139 11338 11463 11989 
#module 181 size: 13 bs: 0.605727
327 2944 2952 2969 3627 3636 3646 3684 5163 6097 6155 6491 9791 
#module 182 size: 95 bs: 0.71968
7 21 180 184 793 820 886 986 1098 1219 1378 1496 1554 1576 1816 1827 1840 1907 2242 2321 2506 2676 2697 2783 2910 2923 2936 3116 3224 3231 3356 3490 3656 3768 4126 4172 4435 4443 4459 4464 4735 4849 5036 5047 5070 5281 5339 5486 5510 5643 5752 5754 5764 5877 5907 5952 5958 6007 6059 6114 6594 6628 6639 6673 6968 7102 7233 7289 7481 7494 7683 7818 8016 8125 8279 8285 8324 8425 8442 8472 8606 8770 8855 8901 9587 9924 9929 10094 10250 10402 10515 10673 10779 12756 12972 
#module 183 size: 133 bs: 0.465265
172 188 191 274 280 360 488 516 618 687 698 721 1023 1039 1687 1714 1729 1819 1864 1927 1981 2103 2272 2287 2435 2508 2682 2718 2846 2854 2971 2980 3086 3113 3132 3139 3180 3289 3320 3449 3485 3587 3674 3721 3736 3748 3772 3780 3789 3793 3883 3932 4227 4345 4615 4630 4638 4683 4705 4731 4762 4824 4884 4887 4966 5212 5242 5476 5477 5512 5691 5780 5849 6162 6250 6266 6327 6340 6531 6534 6586 6701 6731 6827 7010 7040 7415 7424 7474 7571 7649 7789 7819 7856 7861 7902 7938 8012 8023 8101 8172 8199 8389 8437 8690 8743 8755 8805 8987 8990 8991 9041 9066 9075 9209 9325 9376 9417 9611 9622 9754 10019 10158 10175 10321 10422 10551 10707 10712 10981 11083 11169 11545 
