#module 0 size: 6 bs: 0.000723849
3029 5165 6279 8033 8836 9882 
#module 1 size: 3 bs: 4.03589e-07
2602 3728 7040 
#module 2 size: 3 bs: 3.75347e-05
2416 3011 11535 
#module 3 size: 3 bs: 0.0335768
2642 6096 7639 
#module 4 size: 6 bs: 7.19708e-06
1220 4230 7265 8933 9093 10311 
#module 5 size: 6 bs: 0.0668562
1931 2824 4534 6855 8324 10631 
#module 6 size: 3 bs: 0.063547
6583 8568 8979 
#module 7 size: 3 bs: 1.50922e-06
1263 7237 7705 
#module 8 size: 4 bs: 0.00777455
1466 6707 9755 10783 
#module 9 size: 6 bs: 0.691578
62 2225 11334 11678 12641 12685 
#module 10 size: 5 bs: 0.401434
3624 4035 6380 8877 9006 
#module 11 size: 15 bs: 0.914269
2344 2768 4055 4938 5433 5942 6469 6701 7122 8872 9336 10063 10151 10219 10932 
#module 12 size: 4 bs: 0.418146
1842 3801 5538 10544 
#module 13 size: 133 bs: 0.191921
2 13 30 825 894 895 940 984 1010 1033 1043 1143 1748 1808 1833 1851 1924 1939 1977 2032 2052 2102 2117 2326 2338 2349 2373 2485 2492 2502 2551 2552 2558 2701 2722 2859 3144 3161 3308 3438 3486 3527 3538 3613 3659 3809 3828 3854 3861 3893 3964 4031 4054 4079 4083 4143 4275 4281 4297 4850 4870 5079 5104 5268 5400 5404 5426 5515 5529 5583 5812 5852 5869 5943 5953 6001 6138 6141 6264 6300 6418 6423 6425 6430 6431 6524 6676 6917 6998 7150 7299 7328 7845 7893 7948 7974 8006 8076 8114 8258 8619 8686 8809 8953 9062 9071 9078 9245 9327 9455 9503 9676 9693 9720 9889 10045 10079 10273 10477 10598 10682 10754 10810 10818 10876 11088 11163 11168 11223 11240 11667 12638 12782 
#module 14 size: 11 bs: 0.708885
2406 4580 5037 5092 5191 7190 7305 7838 8361 8948 11361 
#module 15 size: 4 bs: 1.09925
1089 6812 7866 9224 
#module 16 size: 5 bs: 0.543485
8747 9551 9635 9669 12228 
#module 17 size: 4 bs: 0.126091
5557 6538 7464 8281 
#module 18 size: 13 bs: 0.64079
1103 3061 3328 4862 5152 5816 6298 6396 7081 7435 7884 8352 8412 
#module 19 size: 6 bs: 0.340285
996 1969 3276 5639 6866 7942 
#module 20 size: 5 bs: 1.05505
6144 6863 8635 9852 10717 
#module 21 size: 5 bs: 0.759364
1685 1867 8062 10056 11095 
#module 22 size: 14 bs: 0.607038
2465 2867 4061 4573 4982 5150 5484 8145 9288 9702 10270 10621 10979 12813 
#module 23 size: 19 bs: 0.718334
1394 1557 1616 1634 2228 2257 2517 2660 2927 4272 4781 4886 8639 8856 9203 9496 9966 10125 10398 
#module 24 size: 24 bs: 0.421998
1095 1542 1975 1984 2044 3889 4780 4909 5397 5616 5660 5685 6385 6489 6952 7203 8322 8338 8380 8681 9419 9679 9689 12666 
#module 25 size: 13 bs: 0.624052
1484 5045 5284 5737 5833 6562 6582 6754 6937 7259 7737 10020 10073 
#module 26 size: 8 bs: 0.877984
1642 1694 2589 2978 4091 6262 9375 9650 
#module 27 size: 10 bs: 0.320434
3744 4361 4697 5801 5954 6528 6751 7141 7696 9297 
#module 28 size: 19 bs: 0.882388
1898 2018 2182 2881 3040 3419 4023 4768 4807 4892 6734 7588 7596 7813 9674 10255 10626 11011 11217 
#module 29 size: 16 bs: 0.314132
816 2452 2785 3080 4576 4918 4975 5133 5398 5829 6339 7619 9099 10357 10973 11002 
#module 30 size: 21 bs: 0.759322
1273 1410 2227 2391 2772 3187 3417 3604 3769 3945 4096 4729 5073 6483 7137 7694 7718 7947 8112 9079 10149 
#module 31 size: 12 bs: 1.00437
1455 3639 3732 4383 5340 5747 6876 6943 7221 7892 9144 9774 
#module 32 size: 49 bs: 0.9172
22 847 868 1038 1181 1301 1378 1560 1669 1964 2284 2420 2520 2994 3941 4146 4552 4647 4677 4899 5094 5188 5364 5681 5818 6039 6111 6236 6271 6829 7074 7098 7128 7377 7439 7927 8227 8618 8926 9231 9633 9772 10211 10289 10376 10448 10678 11003 12992 
#module 33 size: 28 bs: 0.828171
1015 1270 1843 2435 3299 3450 3823 4291 4338 4675 4700 5317 5553 5724 5753 7100 7119 7226 7231 7755 8217 8558 8636 10627 10934 11031 11447 12555 
#module 34 size: 11 bs: 0.629604
2336 2480 2761 2987 3455 4930 5490 7071 7857 8579 9039 
#module 35 size: 10 bs: 0.477151
1050 2503 2519 2725 3286 4815 5619 5868 6266 10889 
#module 36 size: 6 bs: 0.240876
1051 7613 8039 8633 8946 9110 
#module 37 size: 45 bs: 0.566446
1415 1498 1546 1627 1693 1821 2526 3018 3142 3192 3311 3499 3541 3648 3670 3716 3742 3828 4149 4354 4394 4403 4447 4828 5454 5551 5669 5671 5782 5891 6430 6905 7182 8003 8006 8121 8221 8811 9324 9591 10455 10477 10674 10858 10983 
#module 38 size: 30 bs: 0.748196
781 994 1170 1547 1780 2482 2729 3335 3616 4943 5081 5562 6265 7135 7146 7886 8206 8774 9111 9148 9706 9839 9935 10433 10593 10720 11178 11268 11664 12889 
#module 39 size: 23 bs: 0.524912
1026 1831 3208 3436 3582 3900 4379 5341 5375 5896 5931 5946 6264 6523 6564 9044 9085 9603 9733 9981 10097 10805 11123 
#module 40 size: 26 bs: 0.794535
39 2318 2916 3199 3269 4667 4702 5423 5560 5746 5783 5845 5851 6026 6530 6883 7029 7788 7964 8508 8576 8983 9734 10192 10254 12899 
#module 41 size: 20 bs: 1.08606
866 1014 3006 4959 5246 5878 6958 6966 7073 7282 7589 7661 7796 8679 9361 9526 10444 10771 10847 12885 
#module 42 size: 27 bs: 0.995121
76 892 1803 2458 2762 2977 3045 4146 4445 4797 4835 5001 5520 5786 6550 6709 6725 7383 7538 7798 8097 8491 9151 9622 10054 10481 10735 
#module 43 size: 15 bs: 0.377164
1109 1128 1588 1607 4710 4778 4809 6259 7245 7621 10066 10379 12006 12015 12644 
#module 44 size: 64 bs: 0.928001
16 920 1178 1209 1996 2468 2566 2686 2890 2940 3355 3977 4029 4205 4336 4456 4555 4825 5233 5270 5332 5363 5482 5528 5580 5600 5936 6028 6458 6470 6559 6932 6962 6963 7001 7008 7077 7417 7671 7685 7710 7724 7837 8296 8602 8763 8841 9057 9106 9164 9402 9484 9553 9754 9812 9980 10208 10374 10642 10689 10851 10897 11190 11448 
#module 45 size: 28 bs: 0.987009
1047 1320 2357 2548 2739 2836 2953 3082 3111 3162 3859 4575 4959 4973 5246 6198 6479 6729 7110 7147 7661 8355 8540 9173 9354 9989 10596 10799 
#module 46 size: 33 bs: 0.383043
1034 1214 1365 1463 1681 1754 2792 3500 3785 3922 4041 4116 4302 4896 5407 5548 6006 6274 7034 7047 7746 7928 7977 8610 9287 9590 9803 9964 10004 10773 11134 11208 11451 
#module 47 size: 24 bs: 0.823812
891 1337 1671 1890 2025 2033 2339 2624 2903 3076 3767 3988 3999 5167 5448 6316 7676 8203 8385 8758 8965 9712 9872 11145 
#module 48 size: 13 bs: 0.777513
3995 4256 4842 5010 5272 5813 6333 6804 6993 7324 8840 10534 10603 
#module 49 size: 39 bs: 1.07226
758 797 931 1782 1932 2459 2475 2577 3920 3941 4262 4276 4484 5047 5075 5401 5448 5554 6245 6450 7352 7356 7723 7826 8023 8634 8770 8890 8932 8971 9350 9810 9873 9975 10401 10648 10733 11169 11453 
#module 50 size: 23 bs: 0.41193
2 1443 1520 1525 3359 3815 3897 3931 4371 4681 5944 6502 7313 7843 8009 8137 8204 8256 8668 8737 9357 9799 10044 
#module 51 size: 36 bs: 0.490387
41 1100 1244 1262 1463 1526 1776 2696 3118 3135 3697 4022 4425 4430 4716 5343 5399 5477 5599 5792 6478 6539 6674 7048 7092 7171 8157 8175 8266 8875 8881 9492 9863 10001 10370 13039 
#module 52 size: 6 bs: 0.518759
1018 4350 5872 8963 10360 10961 
#module 53 size: 7 bs: 0.619928
4553 5564 5621 6207 6677 8580 10989 
#module 54 size: 6 bs: 1.00109
2444 6033 7271 7295 7996 10651 
#module 55 size: 7 bs: 0.899346
1883 5903 6181 7342 7454 9678 10313 
#module 56 size: 10 bs: 0.441256
50 2398 3429 4099 6044 6665 7923 8967 9558 10647 
#module 57 size: 7 bs: 1.01332
3081 4507 6017 8517 8781 9842 12063 
#module 58 size: 35 bs: 0.53798
1300 2115 2423 2450 2734 3234 3277 3375 3564 3584 3848 4391 4627 4895 4957 5299 5947 5961 5969 6909 7572 7937 8060 8284 8953 9149 9549 9601 9688 9744 9978 10050 10122 11079 11194 
#module 59 size: 93 bs: 0.572925
806 1072 1240 1311 1468 1541 1641 1751 1973 2186 2281 2283 2351 2516 3150 3206 3646 3684 3734 3800 3822 4050 4134 4170 4218 4247 4322 4457 4566 4746 4772 4901 5025 5160 5183 5308 5342 5566 5691 5712 5824 5993 6152 6209 6256 6312 6356 6453 6468 6610 6656 6724 6784 6841 7103 7167 7193 7207 7270 7302 7338 7549 7573 7615 7702 7706 7727 7765 7858 7917 8099 8100 8378 8400 8820 8862 9041 9162 9318 9508 9609 9671 9821 9948 10123 10166 10187 10366 10380 10712 11009 11260 11475 
#module 60 size: 23 bs: 0.407129
1717 1733 2270 2523 2958 3687 3986 4084 4654 4668 5110 5142 6217 7641 8435 8446 8584 9145 9587 10461 10581 11372 11708 
#module 61 size: 25 bs: 0.642769
74 1124 1537 1602 2304 2540 4357 4829 5040 5122 5521 6151 6301 6311 6314 6797 7602 7689 8307 8882 8901 9179 9445 9714 9854 
#module 62 size: 59 bs: 0.656971
5 10 766 851 1255 1492 1646 1656 1737 1904 1905 2165 2245 2311 2554 2578 2707 3739 3949 3969 4307 4325 4636 4677 5260 5420 5466 5738 5856 5862 5907 6236 6515 6521 6574 6689 6851 7165 7565 7683 7692 8102 8285 8300 8379 9389 9459 9553 9753 9756 9783 9920 10215 10409 10579 10633 10958 11168 12523 
#module 63 size: 44 bs: 0.657036
1639 1674 2054 2494 2695 3091 3101 3480 3554 3868 4228 4450 4754 5283 5542 5793 5932 6248 6287 6421 6490 6661 6768 6824 7116 7143 7208 7406 8663 8891 8991 9130 9188 9209 9534 9735 9795 10052 10432 10475 10913 11189 11371 11870 
#module 64 size: 54 bs: 0.537324
53 79 1065 1257 1536 1713 1775 1824 1851 1939 2531 2558 2746 2747 2845 2902 2945 3036 3484 4039 4166 4220 4264 4308 4310 4389 4840 4944 5483 5780 5850 6001 6331 6795 6889 7198 7429 7714 8009 8144 8405 8477 8703 8725 8787 9096 9265 9552 9864 10293 10844 10907 11099 11395 
#module 65 size: 30 bs: 0.440371
1250 1802 2074 2369 3585 3701 3764 3871 4028 4030 4757 4804 5391 5499 5683 5832 6436 6455 6465 7722 7916 7991 8135 8982 9232 9272 9417 9614 10164 10734 
#module 66 size: 144 bs: 1.09686
4 834 915 1006 1136 1322 1499 1528 1549 1557 1619 1655 1667 1717 1863 1952 1982 2053 2089 2101 2124 2270 2361 2397 2453 2479 2501 2505 2659 2691 2758 2835 2861 2968 2980 3060 3239 3249 3265 3363 3383 3391 3459 3469 3495 3556 3736 3829 3835 3841 3933 3978 4044 4091 4109 4223 4254 4287 4370 4398 4399 4408 4417 4548 4565 4630 4655 4732 4837 4960 4993 5030 5041 5091 5194 5231 5318 5334 5452 5458 5555 5587 5664 5708 5714 5742 5748 5815 6036 6253 6317 6329 6374 6390 6392 6577 6600 6690 6817 6822 6847 6928 7462 7578 7610 7641 7642 7645 7907 7932 7936 7960 8040 8086 8309 8351 8421 8441 8476 8590 8601 8878 9002 9268 9322 9343 9427 9453 9544 9566 9649 9868 9998 10049 10077 10202 10277 10404 10543 10862 11261 11405 11695 12495 
#module 67 size: 45 bs: 0.234199
1054 1067 1126 1250 1330 1373 1613 2070 2298 2312 3014 3588 3695 4087 4100 4101 4257 4537 4571 4587 4766 5064 5273 5506 5508 5509 5603 5640 6109 6396 6869 7052 7298 7334 7877 8048 8173 8178 8358 9247 9280 10053 10470 10772 13027 
#module 68 size: 55 bs: 0.463176
919 964 1235 1253 1388 1397 1448 1457 1597 1657 1757 1791 2040 3129 3242 3446 3482 3485 4176 4208 4437 4518 4524 4766 5000 5306 5347 5393 5402 5603 6156 6229 6529 7021 7051 7088 7254 7345 7681 7795 7821 7839 8118 8264 8886 8910 9070 9376 9780 9972 10333 10614 10926 10931 11016 
#module 69 size: 41 bs: 0.670578
1057 1421 1545 1679 2068 2213 2560 2653 2769 2793 3405 3412 3510 3525 3869 3886 4106 4107 4217 4672 4728 4942 4958 7367 7581 7976 8252 9250 9264 9371 9390 9670 9806 10084 10172 10195 10203 10247 10470 10501 10920 
#module 70 size: 34 bs: 0.326191
835 1222 1894 1994 2099 2759 3488 4284 4889 5429 5492 5754 5762 5794 5967 5992 6540 6996 7223 7227 7230 7375 7638 7719 7747 7786 8436 8490 8710 8875 9283 10928 10980 11259 
#module 71 size: 22 bs: 0.154317
1211 2161 3069 3190 3314 3894 4206 4312 4407 5358 5758 6416 7022 7054 8319 8614 9027 9457 9639 9818 10624 11457 
#module 72 size: 94 bs: 0.710224
786 881 911 930 938 951 1180 1345 1423 1440 1495 1509 1723 1938 1962 2274 2425 2692 2930 3441 3638 3937 4112 4154 4243 4289 4306 4458 4509 4521 4567 4631 4717 4806 4836 4934 4992 5086 5096 5533 5579 5769 5793 5819 5840 5841 6084 6094 6183 6296 6327 6349 6936 6978 6994 7032 7125 7158 7273 7325 8081 8105 8363 8500 8539 8615 8621 8692 8923 8947 9121 9140 9208 9237 9256 9382 9502 9645 9677 9704 9850 9899 10015 10027 10320 10413 10615 10654 11138 11139 11400 11419 11868 12652 
#module 73 size: 101 bs: 0.77365
769 858 972 1041 1077 1093 1159 1424 1641 1732 1781 1915 1962 2039 2183 2930 3017 3282 3454 3627 3684 3709 3789 4050 4172 4178 4197 4207 4260 4343 4349 4364 4387 4680 4709 4736 4794 4806 5100 5217 5278 5416 5531 5819 5825 5840 6003 6015 6016 6065 6203 6252 6381 6386 6475 6527 6563 6631 6656 6740 7406 7539 7609 7694 7729 7957 8079 8228 8232 8368 8370 8384 8400 8500 8552 8647 8676 8708 8804 9063 9209 9256 9382 9514 9584 9727 9899 10103 10185 10234 10424 10475 10554 10564 10625 10810 10813 11110 11191 11218 12862 
#module 74 size: 16 bs: 0.219012
2324 3031 3517 4121 4167 4494 5164 6176 7475 7975 9142 9425 9958 10176 10290 12690 
#module 75 size: 26 bs: 0.895578
43 953 1689 2218 2983 3560 3905 4104 4216 4259 4809 4855 5414 5615 5812 6044 6270 7108 7437 7536 8745 9068 9378 9697 9900 10811 
#module 76 size: 64 bs: 0.652698
17 804 974 988 1059 1139 1314 1502 1521 1571 1677 1827 2155 2274 2583 3134 3180 3357 3571 3685 4351 4382 4598 4684 4691 4934 4936 5021 5227 5389 5590 5592 5656 5667 6013 6045 6123 6400 6687 6865 6899 6994 7301 7336 7359 7767 8041 8083 8924 9036 9122 9331 9476 9657 9741 10106 10193 10199 10256 10469 10802 10948 11864 12158 
#module 77 size: 32 bs: 1.06944
1576 2105 3149 3262 3377 3461 3465 3524 3904 4052 4077 4826 5672 5984 6626 6669 7078 7085 7102 7703 7929 8306 8757 8780 9339 9396 9397 10196 10608 11032 11267 12609 
#module 78 size: 42 bs: 0.73701
33 1223 1276 1912 2180 2219 2272 2378 3327 3512 3733 4264 4356 4584 4782 4906 4927 4935 5732 6001 6281 6443 6589 6895 7312 7354 7750 7962 8342 8395 8477 8794 9265 9555 9807 9811 9876 10189 10599 12039 12169 12865 
#module 79 size: 45 bs: 0.906913
785 850 1009 1085 2278 2321 2529 2763 2875 3163 3175 3236 3509 4005 4304 4460 4725 4795 5526 5864 5937 6292 6326 6379 6464 6781 6826 6843 7335 7723 7798 7867 7919 8271 8829 9080 9270 9449 9619 9836 10303 10362 11161 11342 11415 
#module 80 size: 82 bs: 0.231818
795 826 961 970 1119 1188 1289 1431 1525 1753 1864 2084 2478 2542 2573 2703 2717 2760 2979 3225 3253 3421 3527 3592 3625 3760 3861 3950 3982 4014 4133 4237 4298 4590 4764 4850 4876 4881 4882 5323 5438 5522 5524 5628 5647 5811 5902 6197 6206 6258 6299 6355 6537 6671 6897 6998 7010 7094 7384 7592 7744 7766 7888 8038 8245 8300 8327 8350 8420 8499 9192 9524 9541 9768 9828 9846 9893 10133 10329 11096 12950 13055 
#module 81 size: 97 bs: 0.512941
34 799 952 1025 1225 1305 1328 1467 1792 1967 2002 2179 2189 2190 2256 2575 2641 2648 2833 2872 2892 3181 3244 3426 3579 3644 3669 3777 3802 4135 4305 4410 4473 4543 4596 4605 4614 4673 4741 4954 5034 5136 5199 5350 5624 5693 6135 6146 6225 6268 6487 6722 6726 7065 7093 7166 7421 7520 7532 7806 7855 7943 8070 8096 8244 8437 8450 8509 8746 9126 9129 9154 9195 9431 9626 9717 9722 9786 10037 10121 10301 10314 10503 10550 10659 10681 10714 10766 10934 11013 11135 11336 11447 11498 11551 11604 12555 
#module 82 size: 52 bs: 0.930313
8 990 1544 1580 1953 2057 2778 2788 3035 3268 3290 3331 3862 4001 4597 4671 4783 4980 5014 5439 5481 5716 5741 5751 5924 5926 5942 5988 6201 6241 6472 6494 6581 6601 6873 7082 7307 7446 8104 8153 8163 8176 8209 8665 8874 9632 9659 9709 10026 10218 11006 12712 
#module 83 size: 40 bs: 0.643825
826 1382 1571 1970 2140 2699 2703 2853 3151 3172 3312 3710 3847 3934 4283 4298 4916 5072 5222 5438 5811 5873 6153 6760 7697 7946 8270 8456 8625 8628 8889 9463 9614 10003 10164 10592 10919 10929 10952 11379 
#module 84 size: 29 bs: 0.35809
71 1116 1228 1855 1964 2770 2822 3221 3266 3751 4105 4995 5611 5698 5814 5956 6129 6211 6343 6651 7954 8320 8459 9608 9993 10516 11541 12642 12746 
#module 85 size: 20 bs: 0.830015
38 870 1784 1878 2460 3050 5372 5609 6024 7191 7372 7767 7802 8597 8817 9681 9745 10415 10753 12977 
#module 86 size: 43 bs: 0.364906
827 1272 1968 2130 2223 2275 2286 2661 2737 2879 3212 3235 3493 3698 3852 4011 4111 5285 6231 6238 6243 6260 6459 6652 6771 6801 7255 7589 7660 8321 8521 8679 8680 8838 8893 9025 9155 9269 9315 9578 10493 10957 11499 
#module 87 size: 43 bs: 0.660602
1131 1247 1439 1541 1575 1663 1904 2013 2962 2990 3097 3264 3491 3935 3954 4532 4677 5418 5466 6194 6576 6648 6803 6884 6924 7128 7474 7683 7987 8225 9421 9531 9651 9783 9784 9923 10160 10171 10183 10607 10781 10966 11552 
#module 88 size: 24 bs: 0.981653
1055 1198 1199 1268 2485 2508 2551 3103 3924 3970 4586 5477 5869 6414 6597 7060 7809 7852 7982 8235 8592 9327 10855 10992 
#module 89 size: 48 bs: 0.829481
767 782 886 899 1057 2026 2058 2169 2213 2230 2415 2511 2685 2848 2957 3030 3160 3351 3908 4246 4278 4563 4663 4756 4787 6070 6101 6160 6185 6233 6239 6289 7568 7585 8252 8506 8895 9199 9230 9305 9369 9436 9523 9655 9801 9883 10072 11070 
#module 90 size: 27 bs: 0.695611
7 1074 1141 1334 1511 1621 2108 2345 2614 2882 3240 3622 3881 4024 4103 4210 4471 4618 5505 5804 6302 7169 7792 7854 8316 9022 12726 
#module 91 size: 23 bs: 0.422178
1097 1338 1382 1734 1899 2429 2620 3182 4956 5239 5387 5401 5811 6399 7214 8222 8773 9500 9824 9873 10038 10142 10381 
#module 92 size: 30 bs: 0.811606
1590 1971 2941 3250 3302 3984 4639 5186 5266 5884 5954 6172 6422 6686 6893 7111 7713 7732 8343 8527 8909 9001 9117 10369 10491 10863 10904 11097 11581 12896 
#module 93 size: 26 bs: 0.457422
815 1024 1361 1522 1697 2473 2662 2727 2925 2971 3550 3826 4420 5346 5905 6010 7095 7228 7535 7846 7913 7995 8816 9169 9206 11380 
#module 94 size: 46 bs: 0.604987
788 883 1132 1195 1431 2149 2552 2868 3389 3458 3504 3663 3838 3928 4344 4899 5094 5244 5286 5309 5314 5456 6099 6277 7160 8455 8462 8652 8683 8940 9090 9490 9613 9616 9623 9844 9970 9996 10137 10211 10388 10775 10986 11193 11246 11656 
#module 95 size: 34 bs: 0.896044
981 991 1444 1790 2346 2487 2760 2915 3024 3452 3612 4142 4301 4384 4579 4904 5201 5225 5479 5821 5855 5968 6517 7536 7981 8091 8575 8738 8782 8793 9020 9309 9944 13065 
#module 96 size: 42 bs: 0.281219
1558 1816 2086 2385 2433 2439 2795 2907 2928 2969 3426 3477 3478 3811 5311 5319 5881 6007 6046 6297 6793 6879 7264 7682 7721 7730 7770 7830 7998 8305 8613 8724 8856 9134 10123 10618 10628 10632 10730 10989 11109 11550 
#module 97 size: 27 bs: 0.74104
802 942 1097 1321 1496 2184 3254 3358 3691 3980 4000 4856 4871 5298 5401 5749 6304 6506 6743 6828 7025 7967 8220 8222 8603 8608 10859 
#module 98 size: 21 bs: 0.693037
2302 2811 3992 4067 4192 4503 4562 4622 4682 5380 6323 6361 7173 7606 7980 8011 8555 8670 8784 9660 11883 
#module 99 size: 84 bs: 0.636909
852 1107 1344 1475 1617 1683 1822 1831 2027 2078 2147 2247 2377 2401 2633 2809 2830 2921 2948 2963 2998 3208 3422 3686 3774 3808 3899 3900 3974 4165 4327 4601 4777 5218 5224 5250 5290 5370 5413 5449 5480 5500 5527 5572 5617 5853 6018 6234 6264 6336 6481 6512 6608 6649 6858 7083 7126 7140 7174 7185 7249 7437 7507 7794 7985 8210 8229 8257 8278 8377 8531 8868 9184 9528 9560 9561 9891 10124 10403 10574 10617 10860 10894 11205 
#module 100 size: 21 bs: 0.523443
26 1828 2170 4334 4790 5663 6175 6525 6573 6584 7257 7465 7540 7620 7791 7829 8198 9713 10711 11362 11459 
#module 101 size: 45 bs: 0.367989
771 1004 1298 2057 2202 2675 2910 3465 3518 3570 3677 3707 3792 3853 3870 4232 4466 4559 4642 4903 5476 5778 5857 6165 6187 6199 6702 7976 8234 8556 8707 8951 8990 9737 9790 9942 10157 10420 10457 10483 10710 10754 10875 10982 12792 
#module 102 size: 47 bs: 0.865281
75 774 1066 1519 1612 2137 3035 3128 3173 3557 3757 4020 4360 4621 4642 5296 5430 5497 5622 5861 6007 6117 6835 6931 7186 7810 7935 7963 7992 8051 8182 8661 8720 8837 8951 9238 9585 9709 9830 10062 10102 10196 10808 11119 11214 11453 13004 
#module 103 size: 22 bs: 0.808201
1798 1886 1974 2193 2906 3216 3758 4244 4499 5929 6133 6139 6679 7004 7145 9300 9320 9348 9366 9894 10316 10336 
#module 104 size: 28 bs: 0.253672
72 894 1045 1127 1291 1346 1860 2030 2353 2407 2470 2486 3103 3573 4137 4290 4315 5400 6531 6533 6736 6954 7982 8630 9018 9277 9512 9838 
#module 105 size: 55 bs: 0.822025
822 846 914 1278 1412 1474 1726 1834 2112 2467 2504 2665 2749 2881 2891 2893 4007 4264 4390 4817 5051 5108 5176 5207 5245 5247 6191 6219 6227 6246 6307 6844 7304 7427 7501 7579 7623 7865 8074 8477 8529 8952 9472 9708 9725 9987 10048 10666 10694 10836 10949 10990 10999 11425 11438 
#module 106 size: 69 bs: 0.229711
849 1113 1218 1249 1290 1452 1460 1599 1920 2010 2489 2496 2654 2924 3100 3130 3341 3437 3642 3805 3837 3845 3943 4064 4325 4435 4443 4591 4796 4866 5216 5238 5265 5376 5496 5867 5890 5949 6773 6829 6990 7007 7014 7063 7113 7378 8042 8046 8125 8174 8345 9232 9260 9423 9479 9848 9999 10126 10422 10764 10812 10839 10854 11136 11335 11576 11581 11704 12681 
#module 107 size: 251 bs: 0.345763
777 843 875 885 893 909 913 967 973 979 1006 1012 1094 1114 1155 1175 1206 1348 1356 1408 1420 1426 1436 1485 1505 1531 1533 1598 1628 1635 1638 1665 1744 1747 1806 1869 1919 1933 1936 1987 2029 2046 2062 2076 2079 2082 2097 2103 2240 2313 2325 2402 2428 2454 2462 2476 2495 2544 2570 2640 2674 2782 2800 2837 2973 3062 3105 3138 3152 3207 3260 3366 3372 3397 3399 3400 3410 3462 3466 3532 3547 3575 3593 3618 3635 3717 3718 3851 3906 3956 3989 3994 4003 4043 4062 4181 4196 4252 4258 4274 4279 4299 4373 4379 4401 4418 4442 4446 4520 4530 4626 4695 4724 4740 4853 4877 5059 5082 5139 5145 5150 5179 5302 5331 5367 5373 5412 5540 5541 5544 5593 5630 5659 5720 5766 5768 5822 5827 5828 5844 5909 5957 5998 6058 6161 6247 6261 6286 6377 6424 6507 6508 6509 6558 6579 6622 6667 6691 6758 6831 6946 6956 6981 6983 6992 7038 7072 7155 7164 7274 7275 7283 7287 7322 7371 7381 7425 7436 7449 7452 7525 7625 7629 7700 7823 7878 7953 7958 8047 8098 8122 8131 8148 8297 8340 8381 8454 8512 8544 8626 8735 8743 8822 8936 9043 9082 9083 9172 9263 9377 9381 9471 9477 9486 9573 9603 9608 9656 9663 9710 9833 9879 9916 9933 10057 10112 10131 10205 10226 10244 10338 10377 10471 10513 10679 10728 10841 10878 10914 10938 10977 10978 11007 11077 11206 11393 11413 11436 12019 12170 12679 
#module 108 size: 41 bs: 0.412228
55 898 1201 1229 1543 1652 2145 2454 3249 3649 4025 4159 4277 4329 4742 5082 5101 5275 5839 5912 6049 6545 6946 7000 7206 7371 7524 7580 7622 7833 8151 8341 8348 8354 8492 8994 9499 10214 10977 11210 12860 
#module 109 size: 54 bs: 0.649515
785 879 1009 1071 1193 1246 1297 1583 1670 1750 1892 1948 2023 2457 2506 2789 3154 3831 3879 4005 4057 4233 4725 4737 4910 4946 5206 5291 5377 5462 5526 5681 5728 5951 6375 6843 6922 7260 7370 8015 8146 8277 8434 8491 9047 9547 10083 10129 10186 10531 10780 10791 10814 11161 
#module 110 size: 48 bs: 0.404342
868 1111 1181 1560 1907 1940 2284 3130 3300 3332 3376 3517 3780 4156 4243 4808 5021 5875 5890 5904 6005 6041 6068 6619 6839 7098 7443 7488 7684 7767 8199 8227 8970 9132 9186 9243 10015 10245 10349 10454 10560 10577 10600 10697 10838 10853 11148 12861 
#module 111 size: 90 bs: 0.488275
860 864 956 1105 1160 1203 1250 1315 1701 1774 1817 1852 1953 2210 2258 2387 2908 2922 3064 3089 3269 3385 3408 3531 3540 3572 3664 3690 3748 3750 3797 4078 4082 4273 4315 4448 4451 4699 4727 4931 5039 5042 5293 5373 5464 5559 5713 5717 5744 6132 6477 6591 6938 6953 7216 7646 7698 7712 7763 7824 8156 8167 8187 8191 8262 8346 8358 8641 8964 9026 9153 9444 9483 9574 9630 9765 9840 10251 10391 10663 10745 10759 10787 10975 11073 11081 11151 11383 12881 12995 
#module 112 size: 26 bs: 0.241571
1725 2158 2449 2513 3147 3186 4266 5305 5359 5808 5831 6411 6578 6853 8008 8660 8817 9091 9182 9407 10115 10396 10484 11021 11230 11949 
#module 113 size: 64 bs: 0.654765
958 966 1005 1414 1684 1759 1810 1995 2598 2668 3327 3594 3816 3891 3936 3938 4147 4267 4664 4771 5285 5357 5519 5642 6026 6345 6401 6640 7339 7456 7530 7652 8138 8161 8409 8493 8721 8797 8799 9000 9025 9098 9176 9536 9610 9612 9624 9724 9773 10041 10382 10460 10705 10756 10801 10804 10836 11164 11465 11962 12447 12891 12905 12982 
#module 114 size: 39 bs: 0.492999
15 873 1176 1608 1718 1927 2373 3445 3501 4034 4049 4132 4769 4874 5643 5806 6103 6511 6641 6999 7055 7215 7379 7522 8037 8044 8133 8607 8903 9104 10605 10671 10692 10700 10809 11022 11107 12700 13010 
#module 115 size: 36 bs: 0.450948
12 20 1003 1259 1304 1380 1779 2254 2359 3145 3726 3761 3802 4119 4150 4168 4175 4810 5162 5241 5789 5923 5990 6471 7348 7491 7677 7754 8219 8471 8914 9159 9763 9849 10850 11566 
#module 116 size: 22 bs: 0.866839
1014 1508 1877 2715 3001 3542 3873 4921 4922 4959 5707 5901 6160 6288 7147 7233 7568 8510 9024 9792 10130 10583 
#module 117 size: 96 bs: 0.589214
837 849 940 1392 1465 1480 1569 1645 1731 1769 1996 2016 2047 2135 2496 2617 2650 2719 3052 3444 3474 3574 3745 3976 3979 4016 4038 4040 4173 4236 4345 4419 4443 4603 4696 4849 4913 4953 4965 5043 5070 5131 5352 5376 5895 6061 6114 6373 6624 6864 6881 6921 6985 7036 7239 7332 7378 7390 7600 7720 7738 7748 7760 7978 7988 7994 8046 8154 8404 8527 8765 8790 8962 9311 9370 9389 9441 9460 9766 9812 10012 10116 10225 10240 10272 10439 10512 10536 10588 10779 10784 10788 11258 11448 11649 12249 
#module 118 size: 83 bs: 0.477982
758 897 985 986 1246 1391 1398 1565 1856 1932 2414 2724 3070 3074 3195 3289 3346 3433 3505 3746 3784 4113 4538 4610 4751 4844 5252 5280 5374 5463 5478 5558 5637 5761 6107 6245 6352 6405 6434 6532 6908 6986 7026 7209 7210 7266 7303 7344 7358 7389 7397 7438 7723 7772 7826 7951 8313 8314 8423 8722 8815 8828 8842 8975 9030 9105 9165 9355 9406 9449 9619 9753 9761 9918 10343 10520 10622 10653 10660 10762 10988 11197 11443 
#module 119 size: 88 bs: 0.673818
57 936 1001 1039 1136 1350 1352 1804 1839 1850 1956 2070 2236 2265 2335 2355 2442 2453 2460 2501 2643 2721 2744 2925 3010 3060 3132 3543 3676 3765 3794 3806 3812 3834 3835 3841 3872 3919 3996 4002 4203 4222 4388 4470 4774 4996 5003 5193 5194 5212 5253 5434 5489 5498 5506 5587 5771 5803 6254 6350 6358 6419 6711 6739 7050 7131 7199 7936 8489 8638 8709 8762 8817 8878 9103 9435 9546 9832 9906 10053 10572 10581 10830 11001 11256 11273 11405 12495 
#module 120 size: 61 bs: 0.433406
807 1208 1217 1247 1256 1341 1378 1425 1446 1459 1649 1722 1921 2010 2049 2157 2706 2880 3511 4452 4823 5122 5409 5715 5765 5830 5890 5991 6951 7005 7243 7270 7408 7422 7711 7879 8275 8312 8357 8577 8617 8719 8899 9137 9183 9231 9356 9401 10351 10506 10551 10587 10658 10854 10870 11085 11173 11488 11519 11715 12661 
#module 121 size: 135 bs: 0.688308
14 789 865 926 1021 1135 1165 1230 1283 1376 1548 1714 1835 1880 1985 1998 2090 2127 2177 2394 2412 2437 2576 2595 2616 2622 2631 2634 2682 2700 2709 2741 2790 2803 2808 2850 2851 2894 2952 2970 3023 3026 3185 3204 3213 3278 3280 3321 3348 3544 3559 3586 3652 3827 4115 4117 4163 4615 4726 4733 4753 4800 4879 4892 4907 4926 4941 4984 4989 5005 5154 5382 5411 5591 5613 5646 5697 5710 6104 6237 6442 6485 6612 6650 6712 6713 6761 6763 6965 7353 7365 7410 7460 7468 7644 7984 8014 8018 8128 8192 8208 8269 8315 8390 8440 8443 8553 8653 8920 8934 8997 9109 9143 9161 9185 9244 9545 9793 9794 10213 10224 10384 10392 10426 10468 10519 10566 10591 10827 10861 10996 11067 11435 11705 12937 
#module 122 size: 62 bs: 0.726545
796 955 1230 1278 1310 1409 1735 1809 2126 2163 2181 2255 2301 2437 2575 2849 2881 3051 3119 3338 3779 3791 3901 4276 4285 4643 4747 4968 5074 5143 5381 5554 5994 6054 6098 6163 6371 6683 7292 7357 7551 7584 7633 7909 8184 8417 8431 8634 8752 8928 8942 9023 9139 9289 9598 9886 10023 10087 10255 10337 10420 11575 
#module 123 size: 80 bs: 0.477473
67 70 1288 1374 1605 1736 2102 2324 2466 2546 2563 3053 3094 3132 3520 3567 3714 4072 4121 4148 4305 4315 4319 4330 4444 4494 4560 4597 4619 4623 4730 4767 4788 4802 5028 5211 5627 5759 5799 6488 6500 6501 6592 6658 6684 6854 6902 7192 7222 7250 7430 7647 7665 7753 7969 7975 8113 8136 8410 8468 8897 8996 9028 9191 9245 9398 9557 9786 9901 10221 10438 10482 10613 10633 10769 10906 11178 11185 11224 11702 
#module 124 size: 38 bs: 0.170795
980 1087 1662 2095 2188 2207 2246 2392 2461 2786 2797 3114 3833 3860 4372 4864 5121 5138 5178 5255 5319 5666 6118 6157 6198 6200 6214 6567 7575 8475 8749 8784 9468 9672 9870 9949 10602 11216 
#module 125 size: 41 bs: 0.283456
51 823 1091 1353 1395 1832 2027 2166 2232 2268 2396 2504 2776 2804 3164 3679 3825 4557 4919 5109 5468 5675 6308 6798 7521 7655 8475 8586 8680 8859 8867 8950 9101 9399 10332 10402 10582 10757 10881 10882 12683 
#module 126 size: 55 bs: 0.99276
55 1068 1604 1652 1778 1917 2154 2474 2498 2567 3132 3395 3427 3494 3649 3896 4296 4326 4999 5248 5385 5427 5518 5606 6180 6591 6636 6685 6700 6902 6945 6984 7129 7486 7924 8002 8005 8223 8996 9107 9191 9363 9565 9691 10016 10088 10496 10645 10684 10699 10826 10906 11017 11271 11700 
#module 127 size: 32 bs: 0.660006
1269 1631 1668 2136 2706 3257 3409 3446 3666 3822 4158 4803 4962 5865 5928 6026 6122 7219 7415 7576 7987 8155 8508 8550 9050 9647 9877 9910 10120 10668 11159 12077 
#module 128 size: 76 bs: 0.265065
52 76 792 1017 1019 1106 1154 1261 1279 1586 1887 2104 2393 2415 2634 2831 2841 2884 2967 3042 3068 3086 3362 3443 3647 3886 4392 4731 4822 4835 4970 5289 5539 5633 5963 5976 6128 6155 6307 6338 6407 6633 6709 6725 6979 7114 7163 7187 7514 7545 8326 8373 8470 8542 8596 8650 9024 9143 9214 9367 9513 9559 9604 10046 10389 10620 10688 10747 10843 10918 10965 11114 11130 11160 12595 12944 
#module 129 size: 69 bs: 0.917033
916 1057 1529 1568 1647 1666 1879 2127 2176 2632 2777 2793 2842 2887 2951 3009 3232 3481 3907 4390 4485 4583 4585 4628 4641 4661 4891 4893 4978 5661 6200 6224 6232 6233 6242 6249 6551 6721 7477 7518 7595 8237 8386 8392 8399 8479 8518 8538 8659 8670 8680 8693 8698 8784 9004 9155 9157 9365 9369 9415 9589 10099 10156 10757 10776 11463 11657 12264 13062 
#module 130 size: 35 bs: 0.667189
1140 1230 1274 1413 2206 2445 2801 3148 3273 3674 3771 3901 4051 4276 4497 4658 4706 6085 6348 6454 6950 7177 7543 7562 7583 7733 8251 8308 8634 8684 8971 9100 9424 9662 10328 
#module 131 size: 93 bs: 0.739085
75 791 826 922 948 1069 1088 1098 1239 1622 1626 1629 1636 1653 1710 1724 1730 1754 1756 2151 2455 2568 2748 2798 2914 2984 3219 3496 3592 3864 3997 4004 4053 4070 4224 4271 4335 4433 4478 4547 4675 4770 5065 5103 5141 5144 5326 5336 5403 5408 5435 5733 5756 5821 5863 5871 5950 5953 6037 6040 6300 6364 6417 6934 7015 7053 7299 7347 7664 7666 7699 7883 7931 7983 8067 8147 8303 8760 8761 8826 8915 9239 9241 9359 9540 9692 9961 9984 10348 10416 10891 11004 11611 
#module 132 size: 41 bs: 1.07023
932 962 1102 1652 1781 1873 2851 2970 3228 3427 3430 3436 3568 4215 4379 4496 4646 4798 4857 5169 5447 5606 5767 5849 6862 6872 6945 7512 7643 8726 9107 9771 9875 10132 10259 10703 10796 10872 11625 11643 11660 
#module 133 size: 56 bs: 0.276325
764 1031 1086 1221 1283 1464 1702 2110 2241 2260 2338 2347 2395 2571 2705 2718 2806 3033 3046 3503 3598 3702 3703 3715 4515 4528 4575 5012 5332 5361 5482 5530 5701 5750 6216 6228 6384 7024 7090 7662 7904 8171 8268 8449 8473 9012 9193 9274 9971 10051 10295 10359 10515 11220 11266 11364 
#module 134 size: 42 bs: 0.207141
994 1130 1292 1705 1966 2843 2929 3059 3115 3554 4363 5497 5542 5608 5694 5743 5764 5889 6047 6090 6113 6192 6498 6698 6830 6914 7085 7184 8021 8186 8241 8723 8856 9209 9242 9640 9750 10104 10610 11145 12534 12590 
#module 135 size: 33 bs: 0.659755
813 1147 1186 1402 1606 2064 2390 3315 3725 5052 5157 5321 5502 7020 7618 7627 7678 8045 8096 8120 8360 9062 9291 9582 9696 9829 10179 10182 10487 10514 10873 10933 11878 
#module 136 size: 33 bs: 0.651331
854 1335 1620 1833 1862 3117 3659 4032 4378 4480 4969 5525 5899 5943 6004 6357 6370 6526 6915 7847 7893 8325 8478 8551 8845 9304 9775 10107 10371 10785 10887 11207 12880 
#module 137 size: 31 bs: 0.323393
2592 2832 3041 3045 3731 4117 4453 4484 5107 5960 7605 8093 8389 8415 8483 8486 8974 9059 9451 9487 9556 9629 9703 9716 9874 10117 10206 10538 10943 11701 11765 
#module 138 size: 50 bs: 0.228649
773 812 1108 1181 1362 1427 1435 1729 2159 2173 2297 2449 2509 2564 2635 2789 2819 2866 2913 2918 3511 3661 4019 4265 4286 4341 4859 4863 4873 4948 5532 6533 7230 7538 7762 7769 7798 8199 8250 8349 8660 8985 9257 9278 9530 10159 10354 10981 11815 12506 
#module 139 size: 23 bs: 0.939952
845 1813 2723 2789 2854 3045 3085 3246 4665 5442 5513 5979 6250 7105 8335 8356 8998 9255 9491 9654 9708 10386 10725 
#module 140 size: 79 bs: 0.848702
54 867 1234 1277 1379 1422 1633 1704 1830 1908 1929 2012 2204 2221 2222 2246 2287 2409 2427 2471 2537 2679 2874 2877 2944 3153 3319 3759 3910 4501 4519 4541 4562 4600 4608 4660 4679 5061 5249 5443 5451 5475 5589 5612 5842 5925 5980 6051 6088 6593 6799 7043 7064 7361 7617 7912 8158 8511 8688 9250 9273 9294 9394 9521 9586 9667 9694 9851 9888 9989 10228 10441 10518 11146 11239 11411 11442 11571 12429 
#module 141 size: 33 bs: 0.426816
759 1504 1568 1615 1889 1902 2223 2300 2791 2886 3037 3222 3247 4780 4820 6159 6228 6594 6635 6749 8170 8545 8748 8905 9133 9345 9408 9478 9683 9707 10148 10284 11232 
#module 142 size: 67 bs: 0.221244
56 960 1104 1158 1347 1407 1431 1501 1815 1833 1893 2371 2548 2552 2781 2817 2825 2827 2963 3082 3203 3308 3420 3453 3883 4036 4192 4282 4395 4396 4568 4637 4870 4928 4947 5056 5155 5535 5709 5989 6198 6226 6234 6556 7049 7104 7492 7569 7797 8453 8455 8498 9092 9275 9308 9418 9802 9871 9938 10068 10076 10222 10473 10533 11504 11595 12874 
#module 143 size: 57 bs: 0.660792
3 778 947 1101 1113 1218 1392 1818 1920 1954 2549 2550 2733 3245 3259 3534 3675 4038 4169 4249 4428 4526 4556 4581 4953 5070 5131 5203 5279 5562 5718 5867 6048 6300 6627 7016 7380 7842 8058 8106 8174 8180 8260 8364 8452 8800 9068 9166 9458 9775 9965 10136 10323 10427 11201 12882 12902 
#module 144 size: 55 bs: 0.310881
29 760 1162 1664 1901 2144 2637 2690 2982 3044 3261 3392 3591 3681 3898 4374 4609 4720 4776 4905 4914 4955 4997 5156 5487 5492 5635 5918 5935 6492 6903 7317 7566 7881 7919 7938 8140 8418 8484 8486 9190 9251 9442 9451 9469 9542 10253 10538 10597 10777 10947 11115 11693 12510 13019 
#module 145 size: 48 bs: 0.882958
1058 1133 1185 1846 2114 2218 2934 2940 3713 4089 4110 4169 4259 4693 5068 5112 5135 5356 5562 5615 6143 6384 6730 7118 8082 8165 8283 8372 8494 8543 8657 8777 8805 8876 8968 9205 9457 9458 9466 10014 10100 10139 10509 10584 10792 10901 11140 12756 
#module 146 size: 95 bs: 0.38453
59 73 833 975 1028 1078 1203 1306 1319 1393 1584 1774 1840 1845 1925 1953 1959 1986 2040 2244 2333 2638 2775 3107 3451 3748 3896 4017 4239 4422 4522 4550 4699 4791 4819 5038 5084 5158 5212 5253 5300 5373 5464 5523 5618 5658 5687 5739 5741 5771 5999 6122 6132 6337 6561 6778 6871 6953 6964 6968 7059 7142 7386 7479 7482 7528 7868 7918 7959 8019 8187 8388 8549 8656 8715 8728 8930 9019 9034 9138 9432 9464 9630 9752 9986 10141 10147 10292 10614 10626 10701 11188 11556 12573 12589 
#module 147 size: 116 bs: 0.814285
49 905 1020 1042 1081 1366 1593 1596 1692 1696 1712 1720 1729 1789 1805 1876 1888 1928 1960 2038 2067 2134 2139 2263 2323 2449 2472 2486 2669 2713 2883 2950 3092 3359 3396 3448 3603 3754 3790 4006 4139 4194 4199 4211 4245 4269 4340 4438 4482 4529 4570 4821 5003 5248 5349 5508 5532 5581 5595 5770 5898 5910 5992 6023 6110 6332 6473 6499 6543 6577 6690 6765 6920 6957 6976 6989 7058 7131 7218 7244 7272 7701 7758 7781 7831 7914 7930 8059 8110 8190 8250 8265 8559 8672 8808 8938 9200 9293 9296 9758 9919 9982 10053 10175 10191 10375 10407 10517 10643 10795 10879 10922 10981 11188 11196 11215 
#module 148 size: 63 bs: 1.03415
1061 1122 1189 1191 1318 1801 2035 2134 2343 2535 2562 2569 2964 3049 3107 3401 3442 3497 3931 4074 4525 4622 4775 4845 5003 5127 5219 5277 5406 5597 5625 5847 5854 5997 6457 6900 7035 7153 7175 7202 7502 7668 7726 7735 7851 7884 7966 7971 8010 8032 8085 8123 8141 8181 8190 8216 8709 8972 9034 10450 11340 11532 11883 
#module 149 size: 64 bs: 0.528955
1080 1156 1232 1292 1303 1787 2060 2187 2627 2680 2929 3170 3191 3224 3272 3471 3489 3590 3712 4320 4484 4536 4545 4616 5006 5024 5113 5220 5234 5237 5304 5488 5858 6064 6087 6221 6653 6735 7158 7229 7799 7901 8108 8193 8310 8461 8634 8644 8772 8835 9049 9211 9814 9936 9969 9977 10341 10451 10462 10634 10722 10733 10758 10767 
#module 150 size: 64 bs: 0.671717
811 1040 1143 1592 1653 1749 1753 1836 2034 2720 2726 3024 3157 3425 3529 3595 3636 3648 3817 3830 3854 3914 3964 3967 4070 4220 4270 4365 4380 5046 5053 5093 5185 5807 6029 6441 6516 6741 7027 7045 7152 7451 7715 7870 8570 8849 9171 9284 9912 10045 10273 10282 10636 10662 10842 10871 10886 10910 11106 11121 11245 11338 12782 12933 
#module 151 size: 47 bs: 0.250342
811 869 968 1177 1192 1227 1280 1910 2042 2331 2681 2991 3218 3768 3774 3967 4093 4421 4431 4489 4846 4847 4932 4933 5213 5301 5440 5546 5620 6030 6541 6753 6806 6898 6910 7017 7152 7185 7212 7875 7985 8084 9184 9342 9648 10832 11074 
#module 152 size: 50 bs: 1.01398
32 64 939 1000 1062 1145 1433 1589 2075 2308 2317 2493 2714 2839 3126 3323 3535 3756 3971 4092 4179 4232 4355 4739 4833 4903 5120 5226 5237 5820 6148 6168 6384 6388 6520 6972 7491 7754 8643 8751 8937 8990 9457 9775 10039 10157 10324 10345 10710 12584 
#module 153 size: 31 bs: 0.620064
69 1062 1363 2205 2728 3013 3198 3930 4546 4722 4723 5774 6064 6335 6467 6744 7046 7382 7476 7693 8835 8890 8894 9452 9873 10002 10104 10310 10751 10897 11145 
#module 154 size: 39 bs: 0.256823
41 1173 1244 1258 1332 1359 1389 2348 2732 3109 3380 3798 4126 4139 4245 4397 4490 4662 5181 5295 5316 5455 5763 6014 6617 6874 6904 7086 7087 7171 7979 8301 8611 8853 9301 9600 9808 10718 10832 
#module 155 size: 12 bs: 0.146756
2701 2765 3054 3414 3689 5486 5631 5689 6857 7553 7604 7926 
#module 156 size: 10 bs: 0.923927
1743 1857 3057 3962 4998 5755 6480 6987 7876 8935 
#module 157 size: 14 bs: 0.537976
957 1237 3846 3963 4805 5745 5787 7123 7458 7463 8711 8832 9241 9368 
#module 158 size: 42 bs: 0.376715
909 1206 1271 1293 1503 1618 1661 1715 1976 2172 2463 2541 2587 2589 2818 2863 3672 3956 4062 4184 4400 4413 5145 6424 7547 8024 8267 8387 8453 8492 8802 9055 9310 9333 9649 9710 10204 10533 10978 10991 11133 11152 
#module 159 size: 105 bs: 1.09029
906 1023 1096 1121 1255 1333 1411 1486 1527 1555 1559 1646 1656 1796 1816 1827 1841 1897 1918 1942 1978 2008 2051 2152 2243 2253 2267 2289 2864 3056 3121 3123 3220 3270 3658 3699 3969 3976 4037 4231 4255 4280 4325 4347 4455 4591 4651 4852 5043 5049 5420 5431 5442 5510 5877 6021 6212 6220 6324 6409 6586 6706 7080 7109 7267 7319 7692 7738 7742 7942 8154 8160 8345 8452 8640 8961 8977 9031 9088 9128 9216 9276 9279 9389 9479 9481 9498 9550 9654 9662 9783 10122 10168 10229 10238 10344 10409 10437 10623 10721 10958 11010 11098 11473 11710 
#module 160 size: 84 bs: 0.392798
793 921 1368 1837 1930 1951 2116 2469 2677 2736 2955 3043 3292 3388 3431 3475 3522 3793 3819 3832 3871 3953 4008 4127 4268 4464 4511 4535 4703 4811 4902 5119 5700 5987 6575 6637 6638 6644 6705 6720 6805 6970 7115 7149 7541 7670 7716 7771 7828 7838 7889 7950 8172 8292 8333 8523 8768 8871 8959 8984 9011 9061 9170 9210 9219 9489 9533 9568 9607 10011 10128 10146 10264 10275 10325 10372 10486 10488 10707 10729 10755 10865 11699 12492 
#module 161 size: 95 bs: 0.634069
22 35 903 949 1031 1038 1110 1254 1301 1490 1566 1669 1708 1904 2142 2160 2515 2534 2550 2810 2838 2848 3045 3155 3297 3417 3449 3502 3521 3941 4234 4429 4436 4453 4599 4677 4701 4784 4843 4937 5007 5189 5466 5469 5492 5906 5973 6083 6186 6236 6278 6521 6654 6878 7014 7130 7178 7211 7280 7323 7374 7377 7483 7500 7683 7766 7812 8197 8618 8723 8767 8786 8856 9040 9231 9330 9407 9459 9772 10043 10051 10118 10223 10367 10538 10546 10677 10678 10815 11369 11840 11932 12327 12523 12992 
#module 162 size: 75 bs: 0.582418
6 810 842 1441 1496 1578 1595 1675 1885 2146 2184 2532 2750 2846 3015 3194 3210 3251 3274 3288 3339 3390 3464 3609 3691 3892 4047 4128 4253 4262 4635 4694 4713 4838 4967 5022 5123 5205 5263 5324 5401 5430 5436 5459 5883 6569 6663 6743 6935 7046 7157 7329 7396 7455 7708 7826 8109 8222 8286 8331 8557 8854 8976 9180 9259 9457 9640 9873 9905 10042 10335 10971 11272 11501 12792 
#module 163 size: 96 bs: 0.98225
882 895 940 1166 1385 1731 1777 1891 1897 2102 2141 2319 2389 2432 2502 2579 2809 2937 2960 2975 3072 3083 3106 3241 3258 3438 4013 4102 4191 4275 4542 4544 4683 4690 4940 4945 4984 5126 5210 5335 5552 5582 5788 5797 6121 6213 6427 6598 6642 6676 6881 7150 7240 7487 7615 7748 7845 7948 8115 8149 8226 8311 8395 8528 8702 8756 8897 9037 9066 9078 9266 9338 9455 9504 9676 9698 9809 9819 9841 10029 10108 10428 10511 10527 10541 10565 10798 10846 11025 11163 11168 11667 11702 11790 12249 12794 
#module 164 size: 50 bs: 0.961801
42 830 844 873 946 1429 2474 2483 2613 2731 3058 3084 3252 3407 3656 4316 4326 4393 5285 5573 5773 6142 6495 6636 7012 7320 7657 8057 8223 8474 8637 9086 9286 9409 9565 10190 10294 10414 10504 10508 10526 10645 10684 10724 10743 10774 10826 10939 11017 11470 
#module 165 size: 44 bs: 0.642413
790 945 1168 1243 1417 1815 1847 1997 2174 2799 2816 2844 2996 3012 3019 3120 3536 4321 4483 4613 4659 4906 4920 4991 5058 5089 5534 6134 6230 6303 6423 6553 7314 7635 7805 8152 8201 8293 8445 10248 10318 10822 11113 11712 
#module 166 size: 43 bs: 0.317662
1063 1299 1524 1682 1773 2072 2092 2710 2735 2855 2919 3131 3189 3304 3370 3435 3620 3631 3641 3927 4195 4324 4339 5079 5274 5316 5465 5779 6140 6404 6747 6898 6918 7472 7626 7789 8001 8966 9167 9759 10973 11639 12293 
#module 167 size: 31 bs: 0.638973
1336 1381 2031 2647 3008 3296 3342 3602 3993 4362 4465 5310 5686 5734 6079 6236 6313 6746 6787 6808 6954 7156 7168 7836 8130 8622 9075 9757 10078 10319 10746 
#module 168 size: 27 bs: 0.632136
66 1281 1765 1767 3836 3915 5029 5351 6901 6910 7144 7224 7392 7490 7908 8239 8562 8669 8788 8807 9434 9665 10499 11490 11788 12297 12958 
#module 169 size: 74 bs: 0.279094
901 1090 1144 1167 1383 1480 1563 1644 1731 1758 2086 2123 2439 2477 2526 2815 2907 2999 3075 3255 3309 3378 3426 3477 3478 3742 3766 4045 4162 4209 4394 4582 4814 4910 5166 5568 5818 6009 6218 6445 6542 6750 6770 6793 6827 6828 6861 6974 7019 7023 7378 7441 7648 7721 7944 8017 8056 8448 8582 8588 8613 8704 8724 8790 8848 9134 9298 9929 9991 10163 10430 10833 12635 12870 
#module 170 size: 76 bs: 0.988467
1172 1295 1308 1561 1760 1914 1963 2032 2148 2175 2260 2360 2595 2636 2796 2828 2847 2852 2859 2865 2889 3027 3087 3281 3415 3538 3542 3991 4048 4071 4079 4569 4812 4897 4923 4989 5020 5087 5182 5556 5735 6130 6202 7330 7335 7366 7412 8117 8132 8169 8242 8243 8282 8390 8449 8606 8696 8748 8755 8823 9042 9123 9136 9178 9254 9299 9485 9564 9625 9925 10105 10143 10258 10807 11438 13019 
#module 171 size: 57 bs: 0.56446
28 1010 1550 1786 1790 1949 2093 2151 2341 2349 2372 2491 2787 2896 2942 3067 3141 3473 3533 3659 4140 4295 4335 4381 4414 4459 4605 4675 4963 5243 5437 5719 5752 6169 6534 6906 7056 7093 7299 7511 7677 7709 7840 8371 8375 8673 8732 9068 9450 9588 10065 10452 10576 10857 11128 11233 12494 
#module 172 size: 54 bs: 0.816794
21 872 1169 1552 1648 1895 1929 2069 2132 2273 2370 2766 2858 2888 3196 3291 3423 3683 3860 4377 4682 4745 4839 4865 4908 4915 4966 4979 5614 5670 6293 6410 6639 6646 6769 6980 7504 7509 7628 7634 8050 8129 8254 9021 9032 9053 9177 9548 9845 9955 9976 10007 11112 11572 
#module 173 size: 1 bs: 1
776 
#module 174 size: 1 bs: 1
4949 
#module 175 size: 1 bs: 1
1488 
#module 176 size: 1 bs: 1
8824 
#module 177 size: 1 bs: 1
5329 
#module 178 size: 1 bs: 1
6273 
#module 179 size: 1 bs: 1
928 
#module 180 size: 1 bs: 1
6433 
#module 181 size: 1 bs: 1
1030 
#module 182 size: 1 bs: 1
10030 
#module 183 size: 1 bs: 1
1125 
#module 184 size: 1 bs: 1
8428 
#module 185 size: 1 bs: 1
1396 
#module 186 size: 1 bs: 1
2171 
#module 187 size: 1 bs: 1
2028 
#module 188 size: 1 bs: 1
6306 
#module 189 size: 1 bs: 1
2196 
#module 190 size: 1 bs: 1
10134 
#module 191 size: 1 bs: 1
2197 
#module 192 size: 1 bs: 1
2784 
#module 193 size: 1 bs: 1
2310 
#module 194 size: 1 bs: 1
4056 
#module 195 size: 1 bs: 1
2381 
#module 196 size: 1 bs: 1
4440 
#module 197 size: 1 bs: 1
2813 
#module 198 size: 1 bs: 1
10638 
#module 199 size: 1 bs: 1
3601 
#module 200 size: 1 bs: 1
8908 
#module 201 size: 1 bs: 1
3640 
#module 202 size: 1 bs: 1
4353 
#module 203 size: 1 bs: 1
3866 
#module 204 size: 1 bs: 1
8075 
#module 205 size: 1 bs: 1
4118 
#module 206 size: 1 bs: 1
10092 
#module 207 size: 1 bs: 1
4885 
#module 208 size: 1 bs: 1
10713 
#module 209 size: 1 bs: 1
5676 
#module 210 size: 1 bs: 1
9344 
#module 211 size: 1 bs: 1
6184 
#module 212 size: 1 bs: 1
10232 
#module 213 size: 1 bs: 1
6346 
#module 214 size: 1 bs: 1
8255 
#module 215 size: 1 bs: 1
6655 
#module 216 size: 1 bs: 1
10445 
#module 217 size: 1 bs: 1
7364 
#module 218 size: 1 bs: 1
10178 
#module 219 size: 1 bs: 1
7804 
#module 220 size: 1 bs: 1
7822 
#module 221 size: 1 bs: 1
7814 
#module 222 size: 1 bs: 1
10495 
#module 223 size: 1 bs: 1
7899 
#module 224 size: 1 bs: 1
11203 
#module 225 size: 1 bs: 1
8101 
#module 226 size: 1 bs: 1
10194 
#module 227 size: 1 bs: 1
8304 
#module 228 size: 1 bs: 1
9410 
#module 229 size: 1 bs: 1
9125 
#module 230 size: 1 bs: 1
12645 
#module 231 size: 1 bs: 1
9281 
#module 232 size: 1 bs: 1
10393 
#module 233 size: 1 bs: 1
9880 
#module 234 size: 1 bs: 1
11385 
