#module 0 size: 5 bs: 8.40721e-06
190 386 434 491 531 
#module 1 size: 12 bs: 0.000112348
122 197 228 311 379 395 446 481 525 575 581 588 
#module 2 size: 25 bs: 0.0152229
9 13 36 51 83 94 115 225 233 258 315 390 415 444 453 459 462 466 471 504 547 573 578 592 604 
#module 3 size: 30 bs: 2.28487e-05
46 53 61 66 80 83 112 134 160 163 165 168 197 205 211 215 280 319 348 370 380 402 413 422 438 445 476 528 535 538 
#module 4 size: 16 bs: 5.58424e-06
24 28 78 139 170 178 210 233 321 421 460 467 495 566 567 581 
#module 5 size: 11 bs: 3.8044e-06
20 111 135 163 178 212 313 339 366 372 554 
#module 6 size: 17 bs: 0.000283478
50 84 99 105 133 292 323 337 387 394 477 478 552 563 585 595 603 
#module 7 size: 5 bs: 0.00546828
120 133 180 305 587 
#module 8 size: 9 bs: 0.000130398
53 170 261 285 346 428 474 492 537 
#module 9 size: 21 bs: 0.0137101
38 162 196 243 274 284 289 294 295 312 319 348 350 361 368 377 378 406 437 488 588 
#module 10 size: 9 bs: 0.0162803
62 160 205 249 286 411 440 561 576 
#module 11 size: 8 bs: 1.2956e-06
39 77 81 140 349 387 389 536 
#module 12 size: 36 bs: 0.00389947
4 8 13 27 28 30 31 65 67 68 119 136 147 164 186 192 195 209 224 227 240 296 298 301 355 441 451 464 470 473 486 506 507 534 570 599 
#module 13 size: 37 bs: 0.314954
23 82 86 88 89 96 130 136 137 138 156 161 185 204 213 216 244 247 249 251 302 304 328 330 344 364 368 375 440 470 484 485 504 517 548 571 584 
#module 14 size: 14 bs: 0.147628
48 245 280 291 308 344 385 397 398 404 525 537 565 569 
#module 15 size: 41 bs: 1.09406
13 31 39 52 54 60 85 98 118 125 131 174 187 200 208 232 250 269 273 312 318 343 345 351 357 365 369 378 380 423 441 454 455 482 484 494 507 508 543 579 601 
#module 16 size: 31 bs: 0.54953
12 42 59 72 97 108 118 178 218 237 264 271 272 273 294 300 304 306 340 354 425 426 435 449 456 463 469 526 549 566 567 
#module 17 size: 20 bs: 0.666417
21 89 100 126 172 202 258 303 352 367 391 396 399 472 499 517 523 542 557 589 
#module 18 size: 36 bs: 0.974908
4 34 64 136 151 162 174 193 201 220 222 224 225 267 268 272 276 278 285 304 312 362 405 411 418 430 488 498 514 528 553 556 589 597 598 602 
#module 19 size: 7 bs: 0.232591
171 239 260 284 309 341 342 
#module 20 size: 15 bs: 0.741888
7 37 111 117 123 145 155 191 274 316 322 374 388 433 593 
#module 21 size: 12 bs: 0.800473
32 49 89 198 200 203 206 214 370 393 448 483 
#module 22 size: 27 bs: 0.318139
5 16 41 45 67 74 121 143 166 181 203 234 277 290 293 359 401 405 427 442 458 468 500 509 510 558 574 
#module 23 size: 9 bs: 0.463405
3 33 207 256 285 332 353 392 436 
#module 24 size: 34 bs: 0.341755
10 82 83 89 146 189 206 215 229 248 252 287 320 333 381 383 439 445 447 490 493 513 518 540 546 563 572 577 578 581 585 597 598 606 
