#module 0 size: 5 bs: 6.55725e-101
1662 2310 3979 5176 6621 
#module 1 size: 2 bs: 3.86196e-102
539 2993 
#module 2 size: 2 bs: 6.03526e-101
807 5187 
#module 3 size: 2 bs: 9.426e-102
2511 6712 
#module 4 size: 6 bs: 4.58697e-101
2704 3421 4107 4777 5291 5701 
#module 5 size: 2 bs: 8.31346e-101
2006 6542 
#module 6 size: 2 bs: 6.40599e-14
386 2298 
#module 7 size: 2 bs: 8.41983e-101
3526 4344 
#module 8 size: 3 bs: 5.65999e-101
2902 3835 4939 
#module 9 size: 11 bs: 5.46603e-101
384 528 1356 1781 3017 3521 3820 4466 5164 5594 6777 
#module 10 size: 4 bs: 7.42617e-101
3032 3897 5336 6137 
#module 11 size: 2 bs: 4.24727e-101
2576 6058 
#module 12 size: 4 bs: 2.54289e-101
755 1924 2490 6192 
#module 13 size: 6 bs: 9.98876e-09
4039 4527 4667 5632 5719 6293 
#module 14 size: 2 bs: 2.10942e-15
2278 4594 
#module 15 size: 2 bs: 2.79338e-101
160 3952 
#module 16 size: 17 bs: 5.40981e-101
686 1012 1082 1166 1942 2349 2545 2733 2758 2766 3565 4127 4208 5023 5642 6017 6191 
#module 17 size: 2 bs: 3.47941e-101
4680 6397 
#module 18 size: 4 bs: 6.55762e-101
583 2852 5282 5464 
#module 19 size: 2 bs: 1.05115e-101
5802 6849 
#module 20 size: 2 bs: 4.45836e-101
1173 2047 
#module 21 size: 2 bs: 8.44044e-102
4715 6723 
#module 22 size: 4 bs: 5.0986e-101
2016 5285 5985 6822 
#module 23 size: 2 bs: 8.92619e-14
900 1940 
#module 24 size: 2 bs: 8.61488e-102
604 1789 
#module 25 size: 2 bs: 9.81528e-101
953 5725 
#module 26 size: 12 bs: 4.87878e-101
972 1477 1801 3332 3829 4563 4876 4955 5340 6107 6113 6332 
#module 27 size: 4 bs: 9.10409e-101
9 2659 3944 4102 
#module 28 size: 15 bs: 7.55757e-101
715 791 922 1738 1757 1810 2062 2782 3143 3471 3711 4291 4369 5677 6366 
#module 29 size: 4 bs: 5.49201e-101
1549 2125 3470 6443 
#module 30 size: 9 bs: 7.44168e-101
289 1590 2803 3859 4013 4795 5639 5923 6013 
#module 31 size: 27 bs: 3.87453e-101
113 1266 1388 1435 2321 2496 2805 3353 3603 3655 3831 3854 4016 4076 4168 4443 4626 4822 4836 4911 4978 5897 6027 6073 6552 6816 6889 
#module 32 size: 4 bs: 9.74943e-101
250 2477 4359 6557 
#module 33 size: 3 bs: 7.58867e-101
1472 1947 3414 
#module 34 size: 2 bs: 9.33453e-101
1128 1628 
#module 35 size: 13 bs: 2.98891e-102
115 673 1555 1850 2245 2322 3149 3790 4385 4466 4826 5038 5040 
#module 36 size: 2 bs: 1.38014e-101
4570 4774 
#module 37 size: 6 bs: 4.01968e-102
635 1495 2181 3166 6366 6601 
#module 38 size: 2 bs: 7.92017e-101
4213 4564 
#module 39 size: 17 bs: 1.11022e-16
268 1133 1189 1874 2025 2109 2221 2790 3026 3273 3410 3510 4083 4367 4438 5085 6667 
#module 40 size: 3 bs: 2.64344e-13
3115 3599 6203 
#module 41 size: 24 bs: 9.69497e-06
179 244 770 915 1569 1707 2311 2426 2785 2877 3692 3940 4354 4362 4550 4661 5116 5236 5500 5762 5972 6300 6332 6546 
#module 42 size: 17 bs: 6.19615e-13
306 1198 1369 1934 2164 2736 3215 3955 4011 4226 4458 5088 5938 5996 6679 6734 6785 
#module 43 size: 3 bs: 7.0319e-102
402 871 4082 
#module 44 size: 4 bs: 5.25745e-101
1397 1846 6232 6670 
#module 45 size: 3 bs: 6.81111e-101
9 1869 2574 
#module 46 size: 2 bs: 3.01084e-101
1794 5033 
#module 47 size: 17 bs: 4.65529e-101
193 334 824 1727 1748 1749 2003 2045 2347 3056 3508 3950 5224 5232 5303 5686 5878 
#module 48 size: 5 bs: 8.27492e-101
3659 4043 5360 6245 6313 
#module 49 size: 4 bs: 3.43128e-101
1740 2021 3308 5829 
#module 50 size: 13 bs: 4.44486e-101
819 928 1867 2185 2497 3062 4006 4015 4245 4424 4815 5368 5939 
#module 51 size: 3 bs: 4.26219e-101
1242 1759 4418 
#module 52 size: 6 bs: 2.21106e-101
119 1048 3160 3985 4014 4562 
#module 53 size: 5 bs: 3.60248e-07
625 2437 2765 3632 6671 
#module 54 size: 3 bs: 5.34854e-101
856 5502 6717 
#module 55 size: 13 bs: 2.65035e-06
1296 1814 1874 2025 2186 3264 3273 4482 4546 4869 5216 5800 6260 
#module 56 size: 3 bs: 2.5053e-101
246 4914 6347 
#module 57 size: 3 bs: 6.96799e-101
3499 3682 4763 
#module 58 size: 2 bs: 9.60358e-101
5370 6680 
#module 59 size: 2 bs: 1.06512e-101
4279 5556 
#module 60 size: 30 bs: 7.37795e-101
248 263 284 293 424 661 783 1133 1546 1547 1742 2012 2048 2167 2223 3271 3273 3369 3456 3618 3743 4200 4273 4302 4921 4930 5087 5218 6491 6738 
#module 61 size: 3 bs: 3.46597e-101
2651 6053 6086 
#module 62 size: 2 bs: 6.5334e-102
3010 4440 
#module 63 size: 2 bs: 7.9742e-101
562 5614 
#module 64 size: 5 bs: 2.75335e-14
2079 2679 3122 4082 5205 
#module 65 size: 14 bs: 1.04763e-10
305 432 1910 2898 3210 3418 4197 4443 5307 5628 6073 6388 6504 6541 
#module 66 size: 9 bs: 4.88676e-101
1908 2482 2563 2565 2670 4958 5400 6074 6601 
#module 67 size: 3 bs: 9.78825e-101
1051 1101 3725 
#module 68 size: 9 bs: 4.30967e-101
920 1624 1646 1750 4532 5035 5454 6170 6362 
#module 69 size: 26 bs: 2.88658e-14
99 287 495 603 939 949 1294 1622 1913 1946 2061 2221 2318 2320 2508 2638 2724 2751 4416 4435 5034 5431 5518 5695 6089 6405 
#module 70 size: 25 bs: 0.848103
83 524 1109 1226 1722 1779 1827 1838 2124 2139 2196 2462 2927 3494 3539 3640 4049 4391 4459 4629 5218 5513 5530 5737 5914 
#module 71 size: 12 bs: 0.305005
442 506 1104 2267 2728 2780 4500 4977 5244 5510 6129 6483 
#module 72 size: 4 bs: 0.616697
2344 4141 6505 6848 
#module 73 size: 10 bs: 0.129198
508 1188 2200 3247 4109 5316 5603 5683 6059 6732 
#module 74 size: 40 bs: 0.90185
155 490 782 992 1391 1497 1530 1677 1768 1775 1944 2231 2247 2264 2418 2515 2539 2550 2732 3350 3371 3444 3563 3608 3670 3679 3687 4569 4640 4801 4803 4864 4938 5074 5358 5380 5420 5635 5955 6162 
#module 75 size: 26 bs: 0.430177
149 344 738 1066 1067 1798 1905 2159 2232 2293 2735 2797 3024 3092 3155 4004 4063 4073 4592 4800 4942 5325 6001 6016 6072 6382 
#module 76 size: 7 bs: 0.10693
52 255 308 608 1229 2441 5298 
#module 77 size: 10 bs: 0.322084
278 609 1223 2387 4104 4113 4235 4842 5798 6369 
#module 78 size: 8 bs: 0.765065
1134 2176 3268 4069 4817 5111 5258 5680 
#module 79 size: 6 bs: 0.8425
461 1288 1826 3290 5211 5751 
#module 80 size: 6 bs: 0.998397
371 1708 2338 3697 4351 6436 
#module 81 size: 4 bs: 0.897213
3199 4240 4969 6430 
#module 82 size: 6 bs: 0.687854
370 1032 3047 3614 5810 6793 
#module 83 size: 14 bs: 0.666255
20 640 1848 2416 2571 2845 2866 3827 3917 4419 4481 5389 6459 6580 
#module 84 size: 9 bs: 0.807003
1275 1626 1902 1994 2402 4442 5434 6394 6526 
#module 85 size: 3 bs: 0.877631
1352 4539 4827 
#module 86 size: 127 bs: 0.384157
82 144 147 257 366 412 428 553 639 645 659 750 776 779 797 840 848 862 901 902 904 927 975 1049 1083 1085 1165 1314 1320 1461 1479 1559 1567 1572 1601 1699 1720 1858 1896 1926 2018 2091 2212 2379 2419 2483 2587 2644 2667 2825 2840 2891 2975 2999 3260 3383 3415 3429 3432 3545 3555 3686 3716 3733 3768 3864 3877 4065 4074 4145 4148 4257 4350 4353 4381 4461 4506 4604 4631 4642 4647 4678 4679 4717 4791 4850 4854 5029 5030 5070 5165 5267 5277 5279 5305 5349 5499 5661 5681 5815 5828 5842 5947 5976 6039 6050 6062 6083 6185 6198 6241 6286 6334 6395 6427 6428 6485 6503 6545 6589 6610 6618 6625 6676 6730 6826 6910 
#module 87 size: 7 bs: 0.581067
2084 4317 4319 5526 5869 6591 6704 
#module 88 size: 36 bs: 0.38735
419 592 619 976 1351 1451 1525 2180 2188 2282 2325 2528 2668 3161 3180 3639 3920 4118 4152 4232 4447 4586 4755 5006 5286 5309 5352 5418 5427 5649 5674 5738 5783 6259 6422 6496 
#module 89 size: 12 bs: 1.05633
417 1029 1052 2220 2609 3422 3598 3888 5840 6052 6159 6517 
#module 90 size: 7 bs: 0.412989
57 1672 1792 3061 3515 4242 4949 
#module 91 size: 3 bs: 0.387663
3280 6500 6736 
#module 92 size: 4 bs: 0.111826
296 3368 4537 5919 
#module 93 size: 4 bs: 0.704226
474 1694 1935 3219 
#module 94 size: 16 bs: 0.87745
43 745 791 922 1738 2543 2578 3503 4147 4462 4497 5745 6229 6452 6456 6471 
#module 95 size: 4 bs: 0.128316
313 1812 2117 4023 
#module 96 size: 4 bs: 0.824631
132 991 6486 6843 
#module 97 size: 8 bs: 1.08376
176 1957 3358 5488 5651 6135 6275 6386 
#module 98 size: 6 bs: 0.237272
1382 3975 4770 4870 5995 6860 
#module 99 size: 18 bs: 0.391921
101 407 637 1754 1834 1908 2041 3090 3594 3820 4086 4183 4468 5355 5993 6164 6432 6450 
#module 100 size: 37 bs: 0.791953
188 202 390 605 825 897 1187 1198 1383 1541 1674 1700 1982 2234 2288 2736 2759 2773 2814 2972 3297 3445 3533 3609 4093 4157 4372 4802 4896 5359 5885 6094 6282 6327 6408 6474 6595 
#module 101 size: 9 bs: 0.792123
532 606 942 943 1873 2026 2917 4288 5194 
#module 102 size: 17 bs: 0.799011
90 177 624 950 2991 3483 3742 3940 3961 4071 4347 4915 5542 5786 6376 6442 6688 
#module 103 size: 4 bs: 1.0641
2811 3964 4024 4335 
#module 104 size: 12 bs: 0.197322
421 542 671 1058 1148 1890 2067 3073 3596 3779 5962 6246 
#module 105 size: 27 bs: 0.147123
477 623 744 830 1430 2004 2027 2106 2261 2295 2401 2509 3248 3345 3466 3999 4530 4677 5419 5579 5846 5963 6089 6163 6716 6870 6906 
#module 106 size: 8 bs: 0.158198
556 1548 1999 2153 3174 3572 6134 6685 
#module 107 size: 11 bs: 0.930373
550 802 1170 1417 2509 3029 3634 4624 5200 5896 6224 
#module 108 size: 7 bs: 0.906608
2629 2886 3767 4051 4630 4634 6510 
#module 109 size: 61 bs: 0.6046
5 329 361 492 566 575 626 823 844 931 1050 1122 1266 1395 1427 1516 1621 1651 1730 1815 1844 1912 2012 2144 2209 2352 2455 2596 2919 3000 3013 3129 3387 3511 3516 3652 3852 3948 3980 4443 4496 4626 4672 4889 4980 5008 5048 5201 5402 5465 5481 5514 5524 5831 5952 5966 6031 6149 6217 6419 6544 
#module 110 size: 36 bs: 0.107383
443 476 1264 1619 1631 1983 2009 2369 2393 2427 2633 2983 3072 3079 3208 3434 3541 3683 3777 4161 4620 4691 5069 5109 5354 5534 5600 5726 5728 6151 6325 6339 6380 6516 6647 6812 
#module 111 size: 8 bs: 0.447277
410 712 781 1217 2414 4660 5018 6772 
#module 112 size: 16 bs: 0.399241
397 494 984 1388 1684 1695 2676 3130 4912 5146 5152 5505 5742 5744 5959 6623 
#module 113 size: 12 bs: 0.514945
189 198 788 1282 1413 1556 2241 3275 4120 5540 5823 6015 
#module 114 size: 27 bs: 0.895515
353 836 1026 1117 1460 1799 2008 2273 2459 2553 3031 3335 3376 4211 4250 4394 4995 5021 5075 5082 5135 5220 5563 5671 6035 6801 6847 
#module 115 size: 8 bs: 0.711147
157 2448 3082 3675 4060 4543 4970 6529 
#module 116 size: 6 bs: 0.988873
444 2166 4228 4339 6177 6690 
#module 117 size: 6 bs: 0.120695
291 416 4925 5280 5687 6067 
#module 118 size: 12 bs: 1.06454
449 1746 1876 2862 3357 3699 3847 4110 4520 5100 5650 6026 
#module 119 size: 3 bs: 0.65681
1510 4574 6722 
#module 120 size: 9 bs: 0.462997
966 2583 2632 3597 4180 5409 6075 6296 6740 
#module 121 size: 9 bs: 1.01047
169 628 1307 1420 3484 4525 5397 5772 6758 
#module 122 size: 8 bs: 1.07226
614 2078 3068 3175 3775 4326 4406 5952 
#module 123 size: 5 bs: 0.431671
4571 5141 5230 5411 6122 
#module 124 size: 3 bs: 0.491385
1068 3773 3776 
#module 125 size: 24 bs: 0.311816
94 656 729 1167 1186 1285 1349 2294 2337 2420 3408 3685 3722 3736 3986 4714 4806 5114 5532 5752 5987 6255 6301 6331 
#module 126 size: 29 bs: 0.793488
363 379 424 668 967 1021 1133 1607 2031 2171 2262 2268 2642 2927 3376 3441 3492 4308 4337 4360 4508 4789 4843 4935 5087 5218 6367 6652 6909 
#module 127 size: 96 bs: 0.374251
43 97 234 270 350 352 446 499 864 893 935 969 1047 1097 1120 1142 1164 1237 1301 1332 1368 1475 1491 1501 1512 1558 1785 1805 1967 1989 2072 2119 2128 2229 2306 2323 2328 2332 2407 2534 2607 2779 2964 3069 3091 3097 3118 3155 3379 3392 3457 3458 3604 3727 3839 4122 4191 4210 4281 4444 4479 4489 4657 4699 4713 4729 4732 4790 4867 4932 5036 5084 5107 5121 5315 5321 5323 5367 5588 5615 5739 5760 5791 5814 6029 6138 6227 6285 6294 6399 6447 6481 6605 6687 6883 6923 
#module 128 size: 10 bs: 0.438076
519 1519 1535 1741 3300 4230 5144 5471 6211 6480 
#module 129 size: 6 bs: 0.782039
648 1869 2132 2697 3538 4075 
#module 130 size: 4 bs: 0.34277
831 2358 2442 2505 
#module 131 size: 4 bs: 0.27698
125 2228 2398 5494 
#module 132 size: 14 bs: 0.315683
952 1033 1095 1405 1934 3294 3378 3380 4453 5552 5625 5921 5991 6110 
#module 133 size: 11 bs: 0.586709
719 1221 1820 2022 2580 2636 2763 4283 4933 5339 6574 
#module 134 size: 6 bs: 1.08779
552 1673 2194 2540 3930 6358 
#module 135 size: 4 bs: 0.412012
3538 5246 5565 5957 
#module 136 size: 8 bs: 0.759263
1058 1215 2054 2756 4788 6452 6524 6765 
#module 137 size: 8 bs: 1.00936
61 947 2176 2182 3354 3574 4320 5455 
#module 138 size: 4 bs: 0.500952
70 701 753 3982 
#module 139 size: 12 bs: 1.0166
510 977 1160 1859 2361 2594 3185 3812 3850 5393 6018 6862 
#module 140 size: 9 bs: 0.959744
130 681 755 806 3833 4172 4979 5186 5808 
#module 141 size: 6 bs: 0.570148
95 1336 2996 3667 5832 6778 
#module 142 size: 25 bs: 0.346015
181 1143 1230 1268 1804 1968 2290 2315 2382 2532 2536 2848 3621 3807 3906 4171 4280 4383 4504 4926 4992 5159 6304 6523 6678 
#module 143 size: 11 bs: 0.933061
45 611 633 930 1211 1335 1719 3279 4190 4499 6858 
#module 144 size: 9 bs: 0.170722
2057 2183 2341 2863 2962 4878 4996 6279 6603 
#module 145 size: 37 bs: 0.26253
153 384 543 602 734 793 805 890 1020 1297 1326 1390 1865 1897 1980 2129 2654 2702 3030 3252 3344 3361 3562 3900 4388 4495 4919 5254 5350 5461 5892 5978 6093 6378 6633 6674 6709 
#module 146 size: 10 bs: 0.243108
269 741 3446 3589 3874 4047 4276 4890 5001 6703 
#module 147 size: 5 bs: 0.831974
3045 3658 3820 4243 5640 
#module 148 size: 17 bs: 0.430909
21 381 466 588 699 770 778 3450 3496 3824 3937 4254 4748 6051 6389 6547 6791 
#module 149 size: 4 bs: 0.895852
1252 1712 2074 4943 
#module 150 size: 12 bs: 0.287315
9 875 1687 1688 2703 3627 4192 4700 4765 5709 5750 6693 
#module 151 size: 10 bs: 0.424413
6 773 1759 2635 3166 3688 3787 3885 5443 5647 
#module 152 size: 6 bs: 0.442827
1881 2509 3188 3769 5872 6739 
#module 153 size: 14 bs: 0.479524
17 128 1221 1498 1557 1606 3242 3317 4318 4662 4773 5852 5884 6828 
#module 154 size: 19 bs: 0.773466
271 594 954 1071 1375 1711 1784 1941 2198 2525 2545 3391 3741 3935 4137 4251 4847 4983 5541 
#module 155 size: 10 bs: 0.92936
259 489 1396 2537 2974 3836 5046 5677 6534 6770 
#module 156 size: 10 bs: 1.0296
676 865 1055 2440 2853 3330 4423 5421 6637 6713 
#module 157 size: 9 bs: 0.244456
520 1690 1767 2283 3463 3919 6242 6521 6845 
#module 158 size: 4 bs: 0.555041
1634 3891 4119 5901 
#module 159 size: 21 bs: 0.73774
24 472 879 1099 1216 1318 1615 1919 2000 2162 2316 2882 3404 3826 4146 4201 4216 4994 5758 6533 6549 
#module 160 size: 13 bs: 0.427338
1089 1335 2432 2945 2958 3027 3291 3388 3403 3781 4780 5032 6237 
#module 161 size: 19 bs: 0.454936
599 647 791 886 1257 1262 1887 2700 3449 3467 3903 4163 4397 4428 4462 5106 5261 6269 6471 
#module 162 size: 19 bs: 1.05638
35 196 1338 1682 2169 2355 2671 2686 3784 4167 4413 4627 5223 5324 5933 5958 5980 6292 6569 
#module 163 size: 22 bs: 1.06877
245 409 1474 1675 1680 2007 2099 2425 2652 2682 2986 3043 3292 3507 3578 3610 3676 4121 4861 5284 5544 6839 
#module 164 size: 10 bs: 0.305361
789 934 955 1407 2150 2165 2819 3042 4403 4449 
#module 165 size: 8 bs: 0.995625
116 172 1329 3729 4287 5136 6673 6721 
#module 166 size: 12 bs: 0.846445
3249 3825 4355 4370 4756 5161 5385 6124 6187 6392 6400 6451 
#module 167 size: 16 bs: 0.402424
185 725 863 2088 2095 2621 2897 3680 4203 4352 4989 5535 6041 6179 6429 6559 
#module 168 size: 13 bs: 0.912248
209 254 1360 1692 2725 2872 2977 3763 4905 5127 5622 5794 6779 
#module 169 size: 11 bs: 0.99981
3 1563 1761 3782 4212 5953 6249 6297 6330 6337 6401 
#module 170 size: 7 bs: 0.246892
55 828 2392 3270 5329 6622 6763 
#module 171 size: 4 bs: 0.665467
237 565 5552 6800 
#module 172 size: 7 bs: 0.905109
372 509 1415 1673 3339 5396 5624 
#module 173 size: 9 bs: 0.254931
672 688 2190 4105 4150 4838 5548 6444 6793 
#module 174 size: 4 bs: 0.859034
1008 1880 5287 5780 
#module 175 size: 10 bs: 0.814192
120 1917 2431 2628 2778 3737 4436 4575 4597 5313 
#module 176 size: 7 bs: 0.676783
1969 3200 3324 3373 3805 4857 6082 
#module 177 size: 24 bs: 0.649747
41 418 557 783 1355 1772 2012 2146 3271 3273 3513 4200 4292 4302 4364 4794 4999 5087 5603 5617 6123 6264 6491 6727 
#module 178 size: 9 bs: 0.31108
839 2236 2479 2552 2777 2915 4075 6044 6551 
#module 179 size: 7 bs: 0.312705
920 1716 3165 3253 4253 5174 5533 
#module 180 size: 11 bs: 1.08176
192 666 1119 1281 1552 2627 4423 4507 4635 5136 6045 
#module 181 size: 10 bs: 0.840408
342 411 2504 3631 3901 4107 4492 4693 4751 5790 
#module 182 size: 13 bs: 0.376433
746 1440 1863 2136 2286 2694 2755 3234 3913 4560 5281 5424 5643 
#module 183 size: 8 bs: 0.144583
109 1261 1265 2610 3258 5754 6120 6682 
#module 184 size: 9 bs: 0.19106
1115 1817 2114 3770 4667 4711 5073 5733 5810 
#module 185 size: 23 bs: 0.772858
47 106 189 301 310 736 945 1195 1591 2673 3035 3099 3209 3374 3759 4173 4184 4645 4967 4988 5373 5823 6919 
#module 186 size: 9 bs: 0.275528
1979 2173 3489 3534 4119 4166 6323 6639 6794 
#module 187 size: 6 bs: 0.549194
2653 3237 3672 5573 6231 6348 
#module 188 size: 6 bs: 0.222066
1509 3103 3157 4441 6025 6695 
#module 189 size: 8 bs: 0.943925
577 884 1002 1046 1634 5063 5428 6669 
#module 190 size: 8 bs: 0.921798
17 19 282 321 1981 2625 6234 6705 
#module 191 size: 11 bs: 0.30553
812 1306 1765 2135 2949 3134 3531 3907 4111 5132 6375 
#module 192 size: 12 bs: 0.317726
105 513 981 1291 1835 2452 3914 4613 5626 6042 6531 6747 
#module 193 size: 9 bs: 0.652001
339 700 747 2438 3228 4053 5368 5724 6182 
#module 194 size: 11 bs: 0.590924
227 3427 4046 5145 5371 6098 6125 6614 6799 6876 6888 
#module 195 size: 6 bs: 0.793556
68 322 742 2522 4038 6759 
#module 196 size: 18 bs: 0.621161
49 211 567 596 722 1709 1951 2786 3384 3816 3857 4229 4356 4565 5753 6012 6079 6126 
#module 197 size: 11 bs: 0.406214
1482 2370 2971 3133 4475 4779 4917 5778 5875 6080 6208 
#module 198 size: 14 bs: 0.621
549 648 653 2118 2132 2226 2688 2912 3849 5619 6114 6116 6604 6744 
#module 199 size: 9 bs: 0.117202
206 1660 2466 3949 4395 4512 5076 5865 6825 
#module 200 size: 9 bs: 0.702686
1873 2163 3396 3648 4288 4824 5264 5610 6678 
#module 201 size: 6 bs: 0.767288
73 2953 3021 3981 4285 4393 
#module 202 size: 7 bs: 0.239186
2752 3051 3198 5493 5901 6576 6813 
#module 203 size: 6 bs: 0.31705
103 238 6020 6090 6465 6497 
#module 204 size: 10 bs: 0.905959
76 870 1757 2708 3128 3607 3832 5876 6188 6607 
#module 205 size: 21 bs: 0.333846
57 87 727 1679 1810 1931 2123 2137 2495 3243 3834 4681 4935 5024 5050 5375 5886 5920 6491 6627 6731 
#module 206 size: 14 bs: 0.573967
142 642 1647 1731 2554 4730 4884 4904 5293 5618 5922 6141 6266 6381 
#module 207 size: 21 bs: 0.962348
38 360 683 1337 1505 1584 1723 1965 2208 2249 2892 2992 3693 3695 4030 4139 5262 5270 5435 6355 6675 
#module 208 size: 22 bs: 0.371307
42 260 951 1234 1836 2069 2320 2556 2560 2815 3121 3195 3554 3890 3963 4008 4424 5024 5456 5559 5707 6741 
#module 209 size: 20 bs: 0.531048
1542 1643 1837 2123 2179 2395 2523 2816 2925 3146 3646 3995 4001 4528 5182 5487 6005 6160 6662 6708 
#module 210 size: 10 bs: 0.555175
856 1208 1459 1532 4600 5027 5186 5663 5689 5822 
#module 211 size: 6 bs: 0.978855
9 102 818 1614 2841 5591 
#module 212 size: 120 bs: 0.596237
10 110 133 162 218 290 370 393 585 617 735 762 772 775 843 889 974 1005 1019 1027 1031 1088 1129 1135 1206 1315 1321 1373 1384 1392 1411 1424 1456 1491 1543 1570 1589 1598 1693 1732 1770 1895 1922 1977 2005 2081 2147 2285 2319 2354 2410 2524 2558 2563 2608 2618 2624 2765 2823 2857 2881 2988 3028 3120 3126 3221 3227 3233 3257 3259 3282 3299 3359 3400 3671 3675 3724 3883 3928 3957 3968 3997 4130 4154 4202 4425 4490 4628 4692 4753 4881 4886 4924 4932 4990 5026 5131 5137 5217 5312 5414 5561 5653 5659 5688 5732 5850 5916 5929 6072 6193 6215 6406 6508 6556 6629 6634 6701 6714 6838 
#module 213 size: 4 bs: 0.230231
554 663 906 2019 
#module 214 size: 9 bs: 0.189634
1334 1783 2310 2603 3274 3567 4739 5479 5848 
#module 215 size: 17 bs: 0.185306
319 582 774 1676 1793 1988 2274 3127 4138 4174 4735 4760 5611 6267 6518 6582 6725 
#module 216 size: 7 bs: 0.120623
792 1236 4616 5118 5467 5712 5801 
#module 217 size: 17 bs: 0.984555
572 837 847 1096 1179 2094 3553 3658 3856 4002 4593 4865 5636 5911 6202 6210 6654 
#module 218 size: 17 bs: 0.994649
323 362 522 716 941 2172 2960 3002 3512 4773 4782 4887 5188 5272 5331 5664 6631 
#module 219 size: 8 bs: 0.966808
518 854 892 4243 4270 4346 4583 5699 
#module 220 size: 9 bs: 1.06886
632 2181 2404 2441 3564 4042 4375 4797 6561 
#module 221 size: 8 bs: 0.708662
810 869 1792 2987 4405 5233 5967 6827 
#module 222 size: 4 bs: 0.31993
15 2723 2888 6435 
#module 223 size: 20 bs: 0.575577
630 760 822 1270 1704 1884 2255 2331 3377 3830 3989 4095 4762 4812 5536 5711 5909 6277 6645 6698 
#module 224 size: 23 bs: 0.654851
718 1116 1433 1625 1819 2123 2157 2179 2584 2817 3023 3520 3521 3593 3734 3817 3909 3967 4252 4712 5116 6461 6590 
#module 225 size: 12 bs: 0.800374
444 813 994 1737 2209 2641 2785 2832 3633 4535 4920 5608 
#module 226 size: 9 bs: 0.603383
195 1450 2110 2471 4314 4493 5607 6206 6213 
#module 227 size: 9 bs: 0.643431
576 1273 1970 2040 4342 4358 6341 6363 6566 
#module 228 size: 7 bs: 0.222844
946 2219 2527 3899 4358 5941 5998 
#module 229 size: 8 bs: 0.409637
156 253 3626 3991 4217 5598 5825 6409 
#module 230 size: 9 bs: 0.255032
426 569 1254 2222 2750 2864 3912 4703 5849 
#module 231 size: 7 bs: 0.424048
860 1809 3363 3644 4300 4366 6908 
#module 232 size: 5 bs: 0.259433
2368 3147 4067 6022 6115 
#module 233 size: 14 bs: 0.40612
26 784 1312 2443 2579 2934 3112 3691 4444 4547 5269 5858 6411 6492 
#module 234 size: 5 bs: 0.76146
803 1362 1580 3907 5584 
#module 235 size: 23 bs: 0.81533
202 574 1012 1166 1220 1491 1650 1678 2663 2744 2932 2976 2980 3063 3078 3087 3669 4533 4896 6094 6145 6195 6878 
#module 236 size: 9 bs: 0.699885
170 369 896 1753 1948 3433 3730 3922 5866 
#module 237 size: 8 bs: 0.152288
448 3760 4021 5212 5341 5576 5827 6764 
#module 238 size: 10 bs: 0.994378
530 618 752 798 2100 3025 3317 3757 4392 5558 
#module 239 size: 6 bs: 0.201173
165 1263 1553 2996 4623 5412 
#module 240 size: 11 bs: 0.300967
973 1225 1826 2240 3036 3144 3385 3524 4705 4716 4872 
#module 241 size: 7 bs: 0.726398
612 979 1231 2189 2651 5703 6040 
#module 242 size: 22 bs: 0.681212
56 289 413 536 1436 1537 1671 2127 2266 2681 2815 3506 3569 3584 5130 5288 5746 5806 6340 6365 6501 6787 
#module 243 size: 9 bs: 0.372029
405 660 724 756 1244 2883 3237 3372 5889 
#module 244 size: 14 bs: 0.668328
175 429 447 916 1252 1610 2069 3131 3860 4207 4424 4878 5606 5695 
#module 245 size: 17 bs: 0.931803
439 1190 1363 1396 1410 1562 1943 2279 2485 2677 3303 4466 4554 5013 5484 5594 6743 
#module 246 size: 18 bs: 0.750284
108 171 846 888 1250 2312 2613 2614 3058 4141 4321 4426 4733 4928 4987 5067 5491 6088 
#module 247 size: 4 bs: 0.261204
1038 1812 2555 6060 
#module 248 size: 18 bs: 0.451339
145 302 1426 1899 2094 2317 2818 3255 3349 3397 3893 3942 4117 4207 4282 6527 6601 6668 
#module 249 size: 17 bs: 0.139759
463 501 926 1706 1756 2356 2602 2677 2911 3417 3497 3896 4249 4517 4863 5847 6360 
#module 250 size: 21 bs: 0.101218
45 338 638 667 763 1339 1903 2279 2475 2493 3017 3170 3276 3481 3529 3658 4015 4345 5369 5723 5926 
#module 251 size: 10 bs: 0.719244
336 494 1274 2654 3235 4005 4098 4239 4267 5807 
#module 252 size: 12 bs: 1.02619
761 876 1841 2121 3060 3141 4331 4797 5136 5211 6049 6392 
#module 253 size: 44 bs: 0.809138
48 186 388 528 1133 1196 1259 1282 1342 1593 1997 2076 2098 2130 2265 2299 2423 2458 2842 2990 3173 3273 3285 3585 3624 3649 3732 4106 4138 4207 4360 4836 5003 5172 5458 5540 5759 5782 6065 6357 6507 6575 6627 6895 
#module 254 size: 12 bs: 0.92726
86 146 1404 1606 2875 3212 3739 4408 5454 5515 5700 5826 
#module 255 size: 9 bs: 0.476038
615 880 989 1042 1870 2526 4149 4981 5775 
#module 256 size: 7 bs: 0.36849
3108 3151 3412 3868 4108 4609 6719 
#module 257 size: 22 bs: 0.738857
46 827 1084 1350 1366 1751 1920 2034 2614 3140 3171 3423 3447 3613 3713 4136 4581 5447 5508 5537 5851 5856 
#module 258 size: 4 bs: 0.780423
3190 4398 4882 6694 
#module 259 size: 9 bs: 1.0991
1244 1305 1571 1603 1811 2461 2739 3866 6416 
#module 260 size: 6 bs: 0.94749
783 1588 2013 3707 4055 6319 
#module 261 size: 17 bs: 1.09547
51 57 697 1612 1688 2235 2384 2634 3322 3476 3600 5672 5946 6390 6454 6691 6802 
#module 262 size: 6 bs: 0.663539
2154 3060 4026 4531 4898 5903 
#module 263 size: 28 bs: 0.249329
12 48 445 730 817 1072 1140 1282 1295 1807 1930 2833 3303 3424 3554 4308 4391 4491 4643 4880 4909 5148 5623 5890 5914 6033 6579 6891 
#module 264 size: 7 bs: 0.621499
320 709 780 1197 3314 5555 6178 
#module 265 size: 6 bs: 0.307947
720 2213 2336 2551 3993 5637 
#module 266 size: 6 bs: 0.138225
324 4962 5489 5722 5951 6660 
#module 267 size: 4 bs: 1.00428
152 3040 4478 5908 
#module 268 size: 12 bs: 0.540679
1062 1536 1882 1945 2745 2914 3363 4009 4472 4636 5720 5930 
#module 269 size: 5 bs: 0.147748
1209 1592 1632 1654 4901 
#module 270 size: 3 bs: 0.601716
2793 2950 3586 
#module 271 size: 7 bs: 0.81423
622 758 1653 3169 3206 4454 4509 
#module 272 size: 9 bs: 0.338315
1624 1784 2808 3250 4019 4422 4851 5245 5512 
#module 273 size: 4 bs: 0.308819
938 1070 1745 3112 
#module 274 size: 17 bs: 1.05086
1602 2729 3075 3148 3332 4178 4271 4387 4563 4891 4955 5251 5337 5453 5970 6133 6498 
#module 275 size: 7 bs: 0.21961
1126 1778 2722 2850 3751 5960 6321 
#module 276 size: 11 bs: 1.07005
141 835 1361 1735 1855 2046 2491 2568 3451 6393 6555 
#module 277 size: 7 bs: 0.959839
2720 2896 2985 3651 3934 4090 6328 
#module 278 size: 11 bs: 0.305064
921 1574 1689 1818 2042 3296 3800 4518 4648 5053 6046 
#module 279 size: 18 bs: 0.270104
51 119 226 872 1016 1073 1083 1158 1915 2103 2362 3828 3848 3936 4311 4622 5456 5563 
#module 280 size: 39 bs: 0.855863
118 163 394 891 1023 1162 1202 1891 1978 2366 2464 2631 2959 3137 3245 3355 3406 3455 3689 3749 3809 4156 4215 4514 4590 4617 4639 4651 4783 5009 5055 5770 5788 5843 5857 6290 6336 6449 6475 
#module 281 size: 13 bs: 0.952392
1402 1587 1780 2333 3461 3573 3620 4015 5198 5834 5954 6207 6815 
#module 282 size: 6 bs: 1.07474
1575 2678 4555 5893 6796 6844 
#module 283 size: 4 bs: 0.268455
1734 3478 3498 5515 
#module 284 size: 42 bs: 1.049
150 182 214 533 683 814 985 1110 1112 1269 1782 1886 2111 2277 2351 2396 2421 2424 2664 2901 2951 3041 3162 3232 3240 3802 3902 3943 4030 4139 4255 4542 4585 4625 4910 4941 5157 5199 5891 6176 6371 6861 
#module 285 size: 8 bs: 0.502613
214 304 2716 3495 4139 4238 4271 5221 
#module 286 size: 22 bs: 0.944305
294 708 1144 1443 1624 2243 2517 2520 2836 2900 3114 3794 4044 5125 5401 5512 5609 5779 6096 6588 6659 6855 
#module 287 size: 16 bs: 1.0638
135 328 971 1698 1777 1895 2714 3001 3113 3796 3818 4037 4416 4689 6263 6790 
#module 288 size: 13 bs: 1.06655
57 576 1412 2224 3559 3647 3815 4821 4853 5272 6473 6482 6655 
#module 289 size: 5 bs: 0.791295
1469 3183 3267 6299 6472 
#module 290 size: 42 bs: 0.510354
127 243 322 589 817 822 996 1146 1207 1317 1545 1763 1998 2080 2251 2308 2453 2460 2496 3085 3197 3333 3696 3917 3958 4089 4330 4615 4836 5060 5069 5158 5344 5410 5509 5897 6007 6032 6203 6221 6388 6520 
#module 291 size: 9 bs: 0.583053
600 1531 1642 2070 3517 4501 4576 5296 6548 
#module 292 size: 11 bs: 0.313613
380 1726 2409 2561 2747 3704 4140 4482 5202 6003 6280 
#module 293 size: 17 bs: 0.732045
316 373 580 2718 3439 3557 3701 3732 3878 3924 4826 5147 5150 5246 6425 6642 6646 
#module 294 size: 14 bs: 0.333865
31 316 338 913 3062 3142 3167 3539 5057 5068 5660 5861 6343 6641 
#module 295 size: 38 bs: 0.765084
37 915 1153 1398 1433 1561 1665 1894 2197 2374 2389 2557 2581 2596 2605 2642 2859 2946 3168 3306 3362 3797 4022 4483 4502 4853 5459 5963 5988 6030 6143 6181 6302 6499 6514 6613 6649 6870 
#module 296 size: 41 bs: 0.222723
525 528 980 1319 1356 1872 1968 2056 2106 2218 2295 2391 2406 2566 2572 2622 2680 2709 2880 2887 3081 3110 3248 3364 3390 3557 3656 3869 4059 4096 4430 4530 4663 4738 4824 5430 5574 5759 6089 6153 6895 
#module 297 size: 13 bs: 1.08984
1308 1671 2202 2484 2650 2969 3201 3567 4199 4773 5301 5331 6776 
#module 298 size: 25 bs: 0.904202
398 468 475 1378 1655 1918 1971 1995 2059 2468 2800 2978 3125 3419 3947 4027 4050 4058 5016 5017 5193 5948 6148 6479 6869 
#module 299 size: 9 bs: 1.07368
522 637 1687 1981 4132 5095 5785 5910 6157 
#module 300 size: 7 bs: 0.755719
522 1581 2691 4183 4334 4524 4907 
#module 301 size: 7 bs: 0.901004
1362 1923 2443 3261 4772 4833 6300 
#module 302 size: 14 bs: 0.891261
45 299 367 1078 1993 2093 2118 3411 3849 4930 5005 5307 6112 6922 
#module 303 size: 12 bs: 0.645058
264 1904 2053 2143 3527 3908 4029 4221 4684 4764 6191 6532 
#module 304 size: 12 bs: 0.144748
537 2910 2939 3806 3918 4688 4740 6235 6398 6476 6586 6766 
#module 305 size: 22 bs: 0.386997
287 521 1353 1609 1927 2073 2813 2982 3055 3070 3107 3328 3532 3962 4610 4983 5357 5662 5841 6056 6702 6761 
#module 306 size: 113 bs: 1.07891
25 34 53 60 62 80 151 210 230 233 347 356 425 434 454 478 526 531 641 677 785 814 914 1090 1227 1260 1276 1481 1502 1504 1541 1564 1573 1578 1620 1652 1849 1898 1956 2068 2203 2359 2385 2604 2619 2648 2657 2731 2749 2769 2849 2867 2879 2885 2904 3034 3139 3254 3331 3356 3420 3525 3576 3710 3746 3793 3798 3886 3954 4162 4179 4198 4376 4429 4619 4675 4694 4809 4813 4860 4873 4895 5089 5207 5257 5266 5276 5342 5444 5572 5698 5740 5805 5881 5943 5973 6142 6183 6200 6251 6268 6312 6318 6335 6525 6565 6568 6597 6616 6686 6726 6775 6780 
#module 307 size: 5 bs: 0.43134
308 505 2598 4048 6756 
#module 308 size: 11 bs: 0.989668
450 471 557 1091 1157 3178 3809 5715 5770 6290 6690 
#module 309 size: 36 bs: 0.4931
75 414 731 1035 1060 1069 1130 1489 1533 1771 1902 2028 2145 2214 2655 2675 2973 3158 3251 3289 3295 3320 3473 3637 3791 4176 4719 5715 5873 6071 6139 6248 6401 6600 6690 6900 
#module 310 size: 12 bs: 0.236527
613 1147 1908 1963 2680 3613 3887 4878 5528 6320 6619 6668 
#module 311 size: 14 bs: 0.69159
171 874 1265 1733 1833 1892 3623 4258 4649 6383 6585 6745 6806 6902 
#module 312 size: 5 bs: 0.27823
256 917 1664 1842 6567 
#module 313 size: 17 bs: 0.998378
136 523 586 816 1238 2039 2284 3308 3601 3923 3972 4340 4786 6034 6356 6508 6724 
#module 314 size: 17 bs: 0.178771
222 424 603 910 1017 1622 1640 1777 2260 3135 4416 5007 5179 6379 6521 6599 6901 
#module 315 size: 14 bs: 0.661548
219 1077 1114 1416 1579 2405 2893 4852 5056 5153 5486 5696 5936 6170 
#module 316 size: 5 bs: 0.773557
274 340 452 670 6445 
#module 317 size: 11 bs: 0.337358
613 1908 2170 2340 2408 2913 3284 3329 4975 5072 6879 
#module 318 size: 11 bs: 0.363899
228 447 1354 3064 3237 3970 4137 4365 4976 5501 6323 
#module 319 size: 30 bs: 0.665749
283 387 481 555 733 937 1556 2386 2903 3020 3071 3238 3490 3536 3636 3712 4304 4439 4470 4544 4832 5450 5503 5551 6000 6099 6121 6262 6374 6643 
#module 320 size: 5 bs: 1.08973
1471 1861 5059 5392 6426 
#module 321 size: 33 bs: 0.254125
77 113 538 690 868 1080 1081 1137 1637 1822 2601 2847 2929 3202 3443 3454 3808 3904 4378 4401 4540 4582 5169 5197 5227 5241 5860 5874 6368 6433 6550 6578 6602 
#module 322 size: 8 bs: 0.605983
1310 1877 3213 4332 5478 5795 6010 6520 
#module 323 size: 9 bs: 0.86961
644 751 1305 1455 1937 3342 4078 4467 6095 
#module 324 size: 32 bs: 0.608061
78 268 467 495 669 769 799 881 1007 1281 1400 1629 1641 1790 1909 1921 2486 2573 2617 2831 3094 3143 3173 3411 3893 4017 4209 4796 5044 6326 6521 6771 
#module 325 size: 9 bs: 0.713896
721 2672 2715 2860 3274 3298 3882 4116 4309 
#module 326 size: 6 bs: 0.227269
832 1022 3032 4181 4656 6608 
#module 327 size: 25 bs: 0.804462
124 287 439 669 754 823 1331 1425 2061 2348 2373 2473 3059 3090 3303 3523 3554 3765 5405 5439 5761 5994 6189 6309 6810 
#module 328 size: 10 bs: 0.738935
633 2238 2533 3105 3366 3996 4218 4686 4752 5399 
#module 329 size: 17 bs: 0.85531
51 85 171 179 201 310 675 1282 1413 1556 2044 2791 3936 3978 4591 5823 6354 
#module 330 size: 6 bs: 0.42693
365 1853 1888 1901 3612 5557 
#module 331 size: 14 bs: 0.175063
16 1508 1635 2225 2339 2472 3281 3301 3313 3662 3748 4731 5143 6513 
#module 332 size: 12 bs: 0.348955
297 548 2185 2685 3222 3278 3745 4126 4312 4498 5047 5522 
#module 333 size: 8 bs: 0.103896
184 968 1302 1316 2210 5451 5525 6484 
#module 334 size: 45 bs: 0.70425
33 48 117 267 298 397 464 667 669 743 822 1194 1386 1388 1437 1646 1750 2538 2582 2594 2612 2817 2839 2875 2944 3044 3059 3194 3619 3875 4158 4367 4391 4517 4652 4913 4954 4959 5152 5171 5366 5382 5986 6509 6650 
#module 335 size: 7 bs: 0.404451
415 544 563 2754 3425 4602 5877 
#module 336 size: 14 bs: 0.602687
249 587 1159 1736 1816 2796 2856 3151 3500 3881 4088 5645 5931 6562 
#module 337 size: 19 bs: 0.62495
67 1149 1340 1973 2303 2360 2679 3625 3894 4084 4214 5012 5247 5255 5322 6494 6538 6885 6886 
#module 338 size: 7 bs: 0.544082
842 939 1728 1729 2480 2562 2835 
#module 339 size: 7 bs: 0.754632
22 391 1582 1752 1959 3409 4390 
#module 340 size: 18 bs: 1.01205
1408 1465 1583 1800 1996 2079 2256 2297 2317 3577 4233 4515 4781 4997 5104 5347 5676 5773 
#module 341 size: 16 bs: 0.204268
307 1180 1414 1639 1929 2884 3074 3086 3098 3269 3774 4098 4287 5051 5403 6506 
#module 342 size: 4 bs: 0.337436
3437 3690 3971 4299 
#module 343 size: 4 bs: 0.494835
324 1106 1555 4384 
#module 344 size: 13 bs: 0.131067
78 365 470 597 1839 2291 3965 4638 4720 4849 5167 5422 6913 
#module 345 size: 18 bs: 0.702182
50 122 221 558 1367 1534 1683 1697 2364 3096 3630 3684 3858 4045 4323 5210 5428 5580 
#module 346 size: 8 bs: 0.10422
374 909 1121 4342 5378 5767 6172 6254 
#module 347 size: 7 bs: 0.196535
559 1154 1527 1634 2236 3535 6117 
#module 348 size: 5 bs: 0.397883
3438 4437 5480 5731 6104 
#module 349 size: 11 bs: 0.506045
1178 2096 2565 2875 3431 3573 4868 5035 5807 6522 6654 
#module 350 size: 27 bs: 0.598429
285 541 888 986 1131 1243 1735 1736 1860 1928 2375 2492 3367 3932 4484 4503 4659 4825 4986 5178 5248 5644 5768 6166 6364 6536 6811 
#module 351 size: 10 bs: 1.04617
348 710 2478 3962 5007 5364 5624 6212 6250 6792 
#module 352 size: 9 bs: 0.968589
240 332 939 3397 3571 3663 4345 5927 5944 
#module 353 size: 5 bs: 1.02824
695 2193 3310 5590 5868 
#module 354 size: 14 bs: 0.42157
17 112 311 503 678 940 1025 1724 1856 2987 4544 5383 5853 6038 
#module 355 size: 3 bs: 0.150248
1376 1813 2020 
#module 356 size: 5 bs: 0.477011
1663 1846 4128 5829 6689 
#module 357 size: 9 bs: 0.63033
229 373 934 1118 1158 1555 3099 4718 6421 
#module 358 size: 6 bs: 0.110766
312 3375 4393 5110 5441 5493 
#module 359 size: 16 bs: 1.05017
158 636 1322 2024 2140 2861 2995 3519 4676 4758 4964 4974 5037 5054 5348 6612 
#module 360 size: 4 bs: 0.545464
317 1057 4293 5184 
#module 361 size: 17 bs: 0.131671
72 579 603 1199 1583 2035 2106 2191 2195 2535 3319 3677 4072 4668 4798 4846 5546 
#module 362 size: 14 bs: 0.449411
960 1840 2087 2305 2383 3012 3151 3426 3642 4133 4246 4848 5668 5769 
#module 363 size: 33 bs: 1.04592
379 655 661 1015 1138 1174 1432 1774 1830 1851 2043 2066 2175 2446 2470 3172 3239 3263 3386 3440 3762 3867 3982 4297 4402 4416 4972 5011 5099 5185 5982 6488 6873 
#module 364 size: 6 bs: 0.295638
1244 1258 1281 3192 5265 5496 
#module 365 size: 127 bs: 0.811728
71 114 159 231 325 359 382 451 621 643 790 823 850 894 932 958 1253 1283 1319 1399 1467 1515 1551 1630 1747 1766 1769 1776 1779 1814 1878 1910 1950 1975 1984 1985 2012 2089 2098 2211 2244 2254 2304 2309 2334 2439 2502 2606 2611 2680 2687 2730 2760 2799 2833 2938 3005 3146 3176 3218 3239 3256 3326 3337 3389 3441 3474 3700 3709 3823 3889 3892 3953 3998 4112 4131 4155 4223 4272 4294 4295 4307 4341 4381 4399 4404 4430 4530 4568 4577 4899 4950 4966 5042 5066 5071 5079 5172 5173 5213 5231 5335 5416 5466 5511 5587 5589 5679 5717 5763 5836 5888 5945 6027 6089 6168 6190 6240 6252 6307 6338 6353 6463 6563 6624 6665 6903 
#module 366 size: 36 bs: 0.186531
39 303 326 657 664 740 800 821 1357 1640 1744 1868 1925 1954 2035 2227 2447 2711 2844 2855 3153 3731 3754 4081 4516 5052 5098 5156 5294 5363 5379 5862 5928 6130 6668 6769 
#module 367 size: 3 bs: 0.381085
1939 3430 5968 
#module 368 size: 20 bs: 0.231404
117 200 732 746 996 1190 1758 2015 2516 2544 2594 2788 3605 3916 4405 4439 4450 5655 6733 6780 
#module 369 size: 23 bs: 0.219216
183 207 361 674 1150 1267 1485 1773 2858 3338 3352 3505 3527 3908 4005 4222 4573 4608 4792 5377 5605 6108 6668 
#module 370 size: 40 bs: 0.70963
18 167 691 801 1171 1365 1403 1661 1670 1893 1985 2149 2248 2531 2630 2870 2890 3879 4195 4269 4331 4368 4534 4545 4557 4775 5214 5568 5620 5675 5749 5912 6175 6209 6431 6697 6773 6835 6866 6877 
#module 371 size: 9 bs: 0.694197
540 670 679 1916 3540 4080 5039 5496 6119 
#module 372 size: 14 bs: 0.656077
178 768 1248 1644 1961 2906 3177 3452 3580 4695 5949 5956 6489 6859 
#module 373 size: 43 bs: 0.259524
1 71 375 620 788 899 997 1295 1717 1721 1976 2011 2098 2299 2300 2309 2507 2783 3136 3231 3323 3514 3994 4200 4361 4414 4415 4476 4936 5045 5099 5154 5307 5440 5531 5540 5773 5989 6150 6310 6455 6598 6635 
#module 374 size: 20 bs: 0.302758
696 732 1203 1277 1385 1423 1988 2211 3224 3984 4358 4526 4637 4793 5536 5581 5726 6077 6271 6666 
#module 375 size: 18 bs: 0.939458
213 1048 1685 1788 2481 3217 3479 3792 4045 4723 4767 5274 5830 5975 6493 6673 6783 6784 
#module 376 size: 36 bs: 0.698704
113 358 534 561 717 777 1193 1219 1431 1910 1964 1992 2649 2828 3195 3418 3958 3967 3976 4092 4097 4134 4144 4164 4247 4304 4541 4561 5096 5122 5328 5800 5979 6073 6354 6880 
#module 377 size: 7 bs: 0.930535
276 1303 1869 3223 3318 4094 4290 
#module 378 size: 5 bs: 0.110192
1102 3842 4696 5383 6913 
#module 379 size: 33 bs: 0.148291
72 408 598 1184 1473 1594 1828 1991 2071 2276 2656 2660 2698 2757 2854 2873 3080 3246 3266 3393 3485 3590 4237 4601 5452 5602 5803 5992 6047 6186 6381 6570 6692 
#module 380 size: 9 bs: 0.858206
23 96 1972 3595 3694 3786 4505 5718 6144 
#module 381 size: 16 bs: 0.720438
131 482 483 1659 1966 1990 2187 2549 2898 2998 3116 3838 4389 4664 6541 6664 
#module 382 size: 15 bs: 0.630056
365 713 748 2488 2489 2595 2984 3910 4165 4584 4820 4900 4956 5789 5821 
#module 383 size: 30 bs: 0.641103
18 66 385 439 495 590 1393 1433 1579 1669 1908 2324 2412 2444 2486 2577 2674 2875 4056 4091 4336 4431 4460 4556 4888 5356 5504 5594 6105 6649 
#module 384 size: 6 bs: 1.02239
89 512 1010 1381 2967 4333 
#module 385 size: 4 bs: 0.407742
2050 3327 3491 3939 
#module 386 size: 15 bs: 0.119895
173 472 919 1195 1422 3537 3921 4160 4266 4671 5334 5748 6003 6469 6737 
#module 387 size: 4 bs: 0.144179
225 2038 3336 4012 
#module 388 size: 4 bs: 0.294207
544 3723 4768 6293 
#module 389 size: 21 bs: 0.107232
74 241 465 1076 1183 1214 1658 1691 2215 2662 2746 3111 3311 3706 4085 4289 4736 5253 5520 6161 6807 
#module 390 size: 12 bs: 0.18606
1409 1554 1705 2257 2377 2658 3546 3561 4177 4720 4743 4971 
#module 391 size: 16 bs: 0.691638
134 658 737 1293 1599 1868 1968 1974 2044 2342 2620 3580 3611 4369 5015 6626 
#module 392 size: 11 bs: 1.05318
1038 1263 3062 3641 3681 4588 5432 5654 5730 6085 6362 
#module 393 size: 4 bs: 0.13907
2055 2206 2966 5597 
#module 394 size: 5 bs: 0.787937
751 1118 1931 2585 4893 
#module 395 size: 37 bs: 0.124087
139 281 300 396 809 1271 1483 1952 2077 2083 2345 2350 2438 2787 2865 3123 3643 3657 3671 3766 3790 3934 4057 4331 4469 4811 4839 4948 5399 5549 5884 6085 6096 6286 6410 6445 6497 
#module 396 size: 10 bs: 0.203635
91 260 357 2060 4064 4263 4951 5886 6092 6272 
#module 397 size: 14 bs: 0.555807
32 81 126 689 1703 2689 3329 4284 4298 4916 5457 5616 6197 6346 
#module 398 size: 9 bs: 0.613582
115 811 898 2499 3018 3265 3622 4010 5796 
#module 399 size: 16 bs: 0.991497
479 1181 1949 2029 2141 2889 3083 3542 4265 4934 5574 6434 6439 6443 6649 6651 
#module 400 size: 11 bs: 0.697619
1176 1377 2301 2521 2669 2706 3629 4566 4653 5058 5593 
#module 401 size: 7 bs: 0.943764
1280 1299 1365 2829 2997 5519 6620 
#module 402 size: 13 bs: 0.244944
18 459 1565 2120 2365 3216 3346 3459 4386 4407 5693 6515 6659 
#module 403 size: 17 bs: 0.242028
212 473 1213 1760 2380 2430 2531 3014 3100 4305 4596 5462 5582 5621 6015 6361 6661 
#module 404 size: 13 bs: 0.347502
247 804 1304 1470 2105 2122 2198 2216 2768 3931 4379 5839 6069 
#module 405 size: 4 bs: 0.817444
2269 6560 6735 6851 
#module 406 size: 10 bs: 1.06047
547 607 1244 3052 3674 4054 4423 4519 5105 6840 
#module 407 size: 10 bs: 0.653419
216 403 1786 1963 2876 3758 4363 5484 6223 6617 
#module 408 size: 34 bs: 0.681486
129 260 570 584 654 956 1272 1607 1814 2343 2836 3170 3264 3502 3647 3867 3969 3977 4092 4151 4277 4955 5069 5086 5660 5694 5912 5996 6103 6180 6388 6425 6467 6648 
#module 409 size: 165 bs: 0.827824
4 26 40 148 157 208 279 305 389 392 436 463 493 502 529 571 584 610 684 685 808 882 949 983 988 1107 1141 1151 1190 1251 1270 1279 1324 1437 1479 1608 1649 1691 1796 1823 1862 1936 2002 2017 2179 2207 2273 2302 2415 2433 2449 2514 2586 2600 2642 2727 2831 2898 3037 3079 3104 3117 3119 3123 3124 3132 3152 3175 3181 3184 3203 3239 3262 3312 3361 3416 3418 3441 3522 3560 3575 3615 3664 3708 3739 3817 3870 4017 4066 4101 4135 4187 4193 4219 4220 4225 4247 4274 4306 4377 4410 4515 4529 4558 4712 4880 4906 5013 5019 5074 5078 5124 5128 5134 5177 5179 5190 5206 5254 5314 5351 5356 5408 5446 5504 5554 5562 5571 5631 5638 5658 5676 5781 5797 5898 5934 5950 5984 6076 6102 6112 6136 6165 6244 6260 6262 6342 6423 6478 6504 6528 6537 6541 6573 6582 6590 6613 6657 6706 6753 6774 6797 6804 6817 6856 
#module 410 size: 6 bs: 0.138114
2376 2411 3187 4451 4455 5094 
#module 411 size: 16 bs: 1.07239
545 551 820 995 1428 1911 2230 2445 2474 3198 3241 4170 5068 5817 6158 6404 
#module 412 size: 38 bs: 0.231886
27 64 568 573 692 867 1037 1127 1309 1616 1743 1824 1845 2108 2155 3049 3088 3179 3635 3668 4598 4737 4866 4998 5163 5243 5362 5516 5538 5702 5961 6043 6216 6385 6581 6615 6677 6872 
#module 413 size: 10 bs: 0.938255
703 1024 1955 3822 4701 4708 5238 5809 6055 6711 
#module 414 size: 129 bs: 0.837041
113 142 168 204 251 309 395 430 481 766 826 951 967 1043 1113 1219 1241 1256 1266 1286 1400 1435 1556 1638 1742 1790 1806 1909 2098 2158 2167 2263 2280 2296 2318 2371 2417 2428 2584 2596 2637 2742 2776 2792 2830 2869 2874 2878 2905 3023 3046 3050 3095 3167 3168 3175 3211 3226 3273 3287 3335 3376 3402 3477 3544 3587 3665 3703 3718 3826 3905 3941 3959 3973 3984 4081 4209 4304 4308 4400 4410 4439 4443 4451 4462 4546 4578 4603 4665 4816 4822 4824 4836 4843 4874 4892 4922 4963 5003 5021 5117 5127 5128 5158 5175 5218 5220 5450 5490 5543 5577 5620 5622 5716 5981 6002 6028 6048 6063 6064 6081 6121 6225 6283 6317 6710 6753 6816 6847 
#module 415 size: 15 bs: 0.581515
1003 1640 2032 2094 2123 2415 2454 3113 3349 3413 3573 3593 4435 4589 6308 
#module 416 size: 9 bs: 0.79242
212 2217 3915 4175 4764 5010 5634 6199 6577 
#module 417 size: 8 bs: 0.769838
631 1914 2101 2281 2692 3938 4858 6554 
#module 418 size: 12 bs: 0.28105
706 970 1329 1618 2575 3472 3626 5437 6261 6352 6462 6584 
#module 419 size: 9 bs: 0.711499
849 1514 1960 3865 4301 4778 4804 5704 6592 
#module 420 size: 9 bs: 0.749822
1718 3033 3633 3715 3764 4325 5887 6440 6832 
#module 421 size: 17 bs: 1.04148
121 728 1000 1053 1289 1486 2184 2286 2956 3661 5324 5395 5569 5627 5735 6184 6636 
#module 422 size: 11 bs: 0.924866
232 444 1298 2593 3944 4268 4339 4879 5209 5770 6023 
#module 423 size: 46 bs: 0.641837
36 161 242 420 591 616 711 787 834 948 990 1092 1434 1442 1506 1576 1668 1805 2160 2795 3057 3145 3186 3394 3401 3705 3925 4123 4186 4204 4256 4457 4494 4720 4759 4823 4834 5228 5372 5527 5669 5764 6118 6146 6270 6295 
#module 424 size: 11 bs: 0.186468
593 1755 2161 3011 4103 4338 4908 5517 5553 5942 6070 
#module 425 size: 20 bs: 0.477073
487 1054 1212 1742 1787 1866 1933 2142 2496 2503 2532 3436 3804 3853 3992 4185 4757 4799 4885 6226 
#module 426 size: 9 bs: 0.971517
1278 1713 1808 2023 2734 4456 5221 5252 5317 
#module 427 size: 20 bs: 0.266244
58 286 308 457 1370 1932 2064 2131 2926 3370 3552 4343 4608 4710 5140 5162 5219 5278 5473 5804 
#module 428 size: 18 bs: 0.41635
1001 1156 2801 3004 3089 3288 3660 3884 4041 4205 4776 5119 5423 5575 6238 6391 6583 6760 
#module 429 size: 13 bs: 0.361094
1544 2435 2822 2933 2963 3365 4477 4641 4871 5550 5782 6011 6715 
#module 430 size: 25 bs: 0.58217
462 485 601 1018 1079 1579 1617 1986 2174 2343 2465 2559 2836 3156 3438 3469 3647 3876 4676 4787 4841 4962 5629 5937 6577 
#module 431 size: 9 bs: 0.304481
235 460 595 1864 3461 3487 3819 3845 4579 
