#module 0 size: 5 bs: 3.77103e-101
677 4986 5971 6377 7391 
#module 1 size: 3 bs: 8.64736e-101
1194 2177 5080 
#module 2 size: 4 bs: 1.93355e-101
2502 3811 4754 4937 
#module 3 size: 2 bs: 2.08946e-101
7417 8217 
#module 4 size: 3 bs: 2.574e-101
3548 4424 9734 
#module 5 size: 5 bs: 1.20034e-101
1457 2480 4563 8704 9553 
#module 6 size: 5 bs: 1.40443e-13
4501 4506 6654 10678 10807 
#module 7 size: 5 bs: 7.71407e-101
878 4810 6778 9553 10870 
#module 8 size: 4 bs: 8.61431e-101
2048 5294 10439 11097 
#module 9 size: 23 bs: 7.57767e-09
237 575 790 2181 2219 2828 3433 3774 4131 4510 5250 5438 5486 5913 6216 6764 7583 7591 7629 8864 9487 9881 10770 
#module 10 size: 4 bs: 1.92649e-101
1724 1833 5066 5807 
#module 11 size: 3 bs: 4.94393e-101
3296 5755 7625 
#module 12 size: 2 bs: 3.77348e-101
7930 13055 
#module 13 size: 2 bs: 9.76884e-101
10733 11878 
#module 14 size: 69 bs: 5.73319e-13
133 197 400 410 435 510 549 592 775 788 1019 1136 1521 1603 1792 2031 2032 2197 2396 2401 2478 2742 2903 2911 2930 2964 3028 3342 3526 3658 3780 4460 4673 4948 5011 5039 5137 5330 5578 5579 5673 5909 5999 6035 6220 6227 6241 6296 6342 6522 7414 7422 7598 8316 8902 9023 9086 9724 9920 9942 10036 10250 10340 10500 10840 11019 11030 11657 12648 
#module 15 size: 2 bs: 6.6081e-101
9816 9981 
#module 16 size: 13 bs: 2.40228e-101
2075 2799 2815 3068 3282 4407 4676 4852 5502 9395 9832 10274 10515 
#module 17 size: 2 bs: 2.77751e-101
3375 5646 
#module 18 size: 2 bs: 5.83891e-101
1545 3771 
#module 19 size: 8 bs: 5.72659e-101
2111 2241 5086 6370 9682 9745 9865 12636 
#module 20 size: 5 bs: 7.94074e-101
940 2178 3599 7826 8122 
#module 21 size: 9 bs: 4.47991e-10
1310 2107 2357 2946 3614 3884 5331 6839 7313 
#module 22 size: 3 bs: 1.153e-101
2481 5602 11109 
#module 23 size: 3 bs: 2.07647e-101
1063 1866 7526 
#module 24 size: 2 bs: 6.34254e-101
3137 10198 
#module 25 size: 3 bs: 7.08033e-101
1660 5327 6869 
#module 26 size: 20 bs: 9.19763e-11
318 1053 1240 2472 2696 4165 4764 5910 6078 6734 6748 7087 7184 7972 7994 9584 9831 10000 10319 11962 
#module 27 size: 2 bs: 1.27411e-101
3095 6688 
#module 28 size: 2 bs: 4.35747e-102
1773 10968 
#module 29 size: 12 bs: 2.38524e-08
40 1481 2788 4462 5033 5520 6345 7481 7609 8485 9735 10783 
#module 30 size: 5 bs: 3.22025e-101
2474 7780 7900 8565 12626 
#module 31 size: 3 bs: 1.772e-101
27 5337 8759 
#module 32 size: 2 bs: 1.81711e-101
3661 5156 
#module 33 size: 7 bs: 4.06689e-103
1598 1854 2041 3525 5114 6189 8365 
#module 34 size: 5 bs: 8.9061e-101
705 2049 2116 6802 11442 
#module 35 size: 2 bs: 4.31249e-101
7165 8083 
#module 36 size: 2 bs: 1.71613e-101
926 6120 
#module 37 size: 6 bs: 5.14459e-101
1483 5204 5581 5936 7471 11211 
#module 38 size: 3 bs: 6.56224e-101
2915 9135 9696 
#module 39 size: 5 bs: 8.20119e-101
2186 4273 5448 9714 11109 
#module 40 size: 3 bs: 4.95624e-101
1583 4255 5781 
#module 41 size: 3 bs: 8.46686e-101
1253 2505 6314 
#module 42 size: 2 bs: 5.2722e-101
6011 8800 
#module 43 size: 3 bs: 9.06814e-101
4273 9232 9508 
#module 44 size: 6 bs: 9.00918e-101
2568 2623 7946 10934 11097 12990 
#module 45 size: 3 bs: 4.03514e-101
236 7687 10614 
#module 46 size: 4 bs: 2.22045e-16
1722 5599 6110 6516 
#module 47 size: 3 bs: 1.37938e-101
412 3104 4807 
#module 48 size: 23 bs: 1.8467e-101
569 1804 1915 2194 3008 3172 3216 3294 3399 3920 3965 5022 5335 6536 6873 7218 7468 7783 8216 8221 8292 9678 10367 
#module 49 size: 4 bs: 7.86216e-101
1027 3484 9206 10082 
#module 50 size: 4 bs: 3.63161e-101
793 7146 8235 8615 
#module 51 size: 14 bs: 7.57405e-101
574 983 1103 1305 1648 3547 4588 4939 5761 6707 6852 6876 8369 11551 
#module 52 size: 4 bs: 3.74881e-101
503 4875 5327 5895 
#module 53 size: 2 bs: 7.35553e-101
1196 1249 
#module 54 size: 10 bs: 1.48479e-10
665 5271 5365 5734 6340 6815 7863 8306 8372 9292 
#module 55 size: 55 bs: 0.000606102
318 1081 1260 1356 1363 1582 1728 2129 2391 2612 3326 3500 3667 3682 3718 3936 3987 4507 4647 4787 4824 4890 5099 5122 5130 5354 5384 5406 5501 5741 5874 5911 6669 6721 6850 7419 7482 8148 8513 8712 9134 9589 9616 9683 9820 9957 10470 10827 10974 11000 11112 11367 11443 12899 12949 
#module 56 size: 8 bs: 1.12859e-101
207 1437 2083 4193 6527 8204 8936 10282 
#module 57 size: 3 bs: 3.76891e-101
2506 3677 7625 
#module 58 size: 4 bs: 1.63326e-101
3503 5270 6521 7105 
#module 59 size: 2 bs: 5.31363e-101
7596 10287 
#module 60 size: 2 bs: 9.09155e-102
4445 10225 
#module 61 size: 14 bs: 2.05671e-101
135 849 1768 2124 3490 4792 5564 6317 7622 7767 8297 9929 10496 10691 
#module 62 size: 3 bs: 2.85031e-101
5591 5827 6770 
#module 63 size: 31 bs: 4.49355e-05
122 1417 1566 1739 2289 2412 2451 2693 3172 3286 3483 3609 3747 3839 4764 4910 5852 6383 6846 7196 7506 7627 7818 8676 8828 9019 9181 9531 9975 10496 11145 
#module 64 size: 4 bs: 5.52616e-11
994 1229 6153 12654 
#module 65 size: 22 bs: 4.06195e-101
894 948 2983 3032 3324 3936 4184 4241 4430 5099 5730 6587 6664 7087 7198 7858 8105 8720 10586 10595 11141 11335 
#module 66 size: 2 bs: 4.09032e-101
5879 11242 
#module 67 size: 3 bs: 9.11817e-102
3971 4259 5862 
#module 68 size: 32 bs: 0.000498203
437 589 1330 1580 1729 2352 2408 2554 3646 4031 5725 6299 6462 6571 6625 6698 6918 7021 7170 7321 8307 8311 8372 8724 9163 9804 9848 9912 10022 10662 10767 11428 
#module 69 size: 15 bs: 1.5849e-10
1219 1396 1485 1944 3090 3635 4039 4841 4932 5595 5988 7042 7847 8200 9812 
#module 70 size: 6 bs: 5.94931e-101
5042 5467 6855 6897 6924 9296 
#module 71 size: 4 bs: 5.50661e-101
1797 1896 6466 6478 
#module 72 size: 18 bs: 2.22328e-07
300 318 717 867 1053 1630 2744 4036 4222 4764 5419 6313 7877 8650 9219 9593 10195 11465 
#module 73 size: 5 bs: 8.78624e-101
3198 5656 8581 9092 10618 
#module 74 size: 7 bs: 3.29137e-101
514 3570 5300 5857 6305 9198 9806 
#module 75 size: 7 bs: 0.25088
1734 1862 2966 3145 3587 3725 8145 
#module 76 size: 19 bs: 0.795099
839 1299 1987 2242 4138 4633 4866 5705 6633 7037 7530 7954 8364 8489 9761 9958 10455 10512 10527 
#module 77 size: 10 bs: 0.954568
970 3688 3695 4916 5285 5547 6550 6895 6944 8871 
#module 78 size: 5 bs: 0.645317
1838 4313 4382 8133 10791 
#module 79 size: 5 bs: 1.08441
1480 1536 2118 6511 9916 
#module 80 size: 4 bs: 0.906928
2914 3830 4530 8499 
#module 81 size: 7 bs: 0.552717
2088 4103 5718 6385 8452 10546 10978 
#module 82 size: 5 bs: 0.650704
4735 4798 6827 7288 10928 
#module 83 size: 3 bs: 0.332811
681 1946 4356 
#module 84 size: 44 bs: 0.482252
166 270 636 1626 1795 2028 2103 2691 2699 2838 2889 3236 3244 3382 3835 3898 4143 4338 4577 4610 5526 5867 6058 6111 6386 6523 6579 7470 7720 8142 8299 8582 8672 8706 8817 9007 9049 9122 9919 10564 10854 10944 11108 12003 
#module 85 size: 6 bs: 0.317207
5794 9526 9644 10087 10220 11010 
#module 86 size: 9 bs: 0.874582
5 1717 4150 6203 8538 9326 10174 10266 10392 
#module 87 size: 7 bs: 0.396521
3860 4603 4951 5437 6476 8209 10051 
#module 88 size: 4 bs: 0.10027
1006 1980 2301 2893 
#module 89 size: 5 bs: 0.415657
2049 2099 2708 9242 9536 
#module 90 size: 10 bs: 1.01488
16 486 2026 3837 3990 4267 5294 5474 9895 10899 
#module 91 size: 13 bs: 0.183743
481 3133 3777 5223 5694 6392 8725 9111 10076 10182 10242 10669 11705 
#module 92 size: 5 bs: 0.71244
984 2386 5566 8051 10910 
#module 93 size: 13 bs: 0.273448
69 343 960 1537 1578 2013 4219 6255 6272 7251 7258 8641 12125 
#module 94 size: 7 bs: 0.152332
1820 1966 5007 5404 7028 8383 10762 
#module 95 size: 9 bs: 0.198342
1960 3217 4300 4469 6396 6917 8132 10699 10864 
#module 96 size: 19 bs: 0.927971
18 434 1360 1437 3221 3452 3616 3984 5002 8592 8730 8876 9063 9590 9890 10191 10236 10808 10999 
#module 97 size: 6 bs: 0.786294
5400 6212 7213 7918 8711 8833 
#module 98 size: 8 bs: 0.62326
1038 3617 3705 5972 6808 8943 9322 10414 
#module 99 size: 11 bs: 1.01065
1176 1465 1998 2267 2868 3552 3571 3812 5969 6130 8995 
#module 100 size: 15 bs: 0.49473
194 1825 1924 2714 2729 4785 4807 5598 7575 8397 10463 10487 10581 10778 10870 
#module 101 size: 4 bs: 0.306644
1120 6935 8305 9068 
#module 102 size: 8 bs: 0.193543
77 557 4116 4368 6024 6485 6611 6941 
#module 103 size: 4 bs: 0.953871
28 2190 7484 10544 
#module 104 size: 8 bs: 1.09949
649 2853 3133 5643 6288 7555 8600 12652 
#module 105 size: 6 bs: 1.01054
413 4556 4850 5098 5895 10201 
#module 106 size: 13 bs: 0.132563
1001 1297 3937 4298 5034 5411 5629 6031 6651 8895 9979 9994 10407 
#module 107 size: 16 bs: 0.464246
35 1771 2597 3355 4139 4775 5076 5529 6278 6455 7051 8051 8704 9101 11205 12726 
#module 108 size: 25 bs: 0.664505
571 819 1500 1610 1695 2269 2527 2753 3401 3634 3949 4154 4361 4601 5472 5764 7069 7699 9566 9667 9721 10306 10706 11031 11509 
#module 109 size: 5 bs: 0.281956
2085 2835 4496 6019 9117 
#module 110 size: 9 bs: 0.385567
1429 2277 3345 4865 5538 6344 10535 10857 11026 
#module 111 size: 8 bs: 0.899101
1609 2372 3036 3251 4116 4373 4907 11269 
#module 112 size: 17 bs: 0.429884
242 613 702 1212 1668 2082 3178 4127 4180 4781 6079 6841 7227 7316 7816 8335 10147 
#module 113 size: 8 bs: 0.946692
1793 1836 2676 3794 3886 3891 4310 7109 
#module 114 size: 4 bs: 0.160421
6433 7398 7903 11099 
#module 115 size: 19 bs: 0.683719
293 560 890 1134 1872 2655 3191 3520 4075 4246 4883 5677 6036 6765 7004 7211 8878 10381 10724 
#module 116 size: 6 bs: 0.125278
1450 2473 5751 7590 8240 10439 
#module 117 size: 15 bs: 0.231997
3026 3808 5342 6208 7563 7724 8178 8227 8378 8451 8562 8983 11095 11369 12609 
#module 118 size: 14 bs: 0.986168
1203 2624 4202 4745 4887 5121 5587 6256 6774 7084 8529 9259 9664 10186 
#module 119 size: 6 bs: 0.900786
515 4575 4831 5358 6231 7188 
#module 120 size: 5 bs: 0.868519
351 431 1858 8575 10871 
#module 121 size: 9 bs: 1.05924
566 669 4093 7358 7867 8782 8862 9844 10930 
#module 122 size: 14 bs: 0.492717
864 961 997 1752 2087 3143 4059 4611 6990 7416 8346 8682 10586 10886 
#module 123 size: 9 bs: 0.350135
1509 1557 4262 4337 5123 5689 9984 10897 11102 
#module 124 size: 17 bs: 0.8317
469 704 1010 1694 2972 3002 3215 3243 3877 4817 5369 6258 6335 6763 6862 9006 9286 
#module 125 size: 11 bs: 1.06001
2764 4425 4711 5120 6065 7517 7942 8257 8447 8488 9142 
#module 126 size: 5 bs: 0.317565
2060 3770 6724 9001 11079 
#module 127 size: 59 bs: 0.110591
67 623 843 914 930 952 1194 1604 1649 1766 1787 1951 2167 2425 2786 2981 3238 3510 3588 3632 3998 4297 4794 4924 4991 5186 5196 5395 5426 5603 5851 6404 6447 6463 6505 6577 6729 7322 7548 7805 7856 8011 8024 8236 8267 8521 8664 9032 9041 9174 9360 10017 10088 10861 11014 11113 11231 11643 11936 
#module 128 size: 18 bs: 0.807107
15 633 698 1745 2426 4022 4078 4339 4448 4639 4959 5152 5311 6158 8353 9439 10316 12885 
#module 129 size: 13 bs: 0.142116
1806 2320 3100 3194 3813 3914 4230 5408 6922 7750 8195 8427 9066 
#module 130 size: 4 bs: 0.511453
5377 6623 9127 9635 
#module 131 size: 15 bs: 1.08354
768 804 880 1202 1213 1627 1833 2086 4292 6417 6932 7113 7228 10370 10613 
#module 132 size: 8 bs: 0.902245
1166 1427 2270 4436 5714 6419 10626 10938 
#module 133 size: 5 bs: 0.721803
5410 5672 6657 8950 10206 
#module 134 size: 7 bs: 0.333504
932 2524 5288 8401 9116 9538 10778 
#module 135 size: 4 bs: 0.530571
491 1641 4070 10048 
#module 136 size: 9 bs: 0.162247
239 848 1777 3553 5179 6995 7269 7367 8259 
#module 137 size: 4 bs: 0.853949
4133 6671 7902 9978 
#module 138 size: 5 bs: 0.329044
1 365 5423 10320 10622 
#module 139 size: 6 bs: 1.07024
881 6576 6939 7857 9951 11020 
#module 140 size: 8 bs: 0.950706
2254 3012 4079 4889 7129 9159 10096 10678 
#module 141 size: 4 bs: 0.765876
2435 3550 8981 9620 
#module 142 size: 11 bs: 0.292807
22 1914 2223 2584 2808 5623 7943 8212 9143 10453 10970 
#module 143 size: 11 bs: 0.853989
3 2313 2342 2555 3825 4223 5458 6800 7834 10264 10624 
#module 144 size: 6 bs: 0.575163
1833 2228 4236 5138 7467 9147 
#module 145 size: 5 bs: 0.45013
339 868 3874 8776 9117 
#module 146 size: 6 bs: 0.794551
1015 1448 2939 6294 6374 10024 
#module 147 size: 5 bs: 0.183074
489 5639 6660 9362 10641 
#module 148 size: 6 bs: 0.914253
2383 5371 5954 8906 10291 11635 
#module 149 size: 5 bs: 0.482216
543 4277 5006 8277 11011 
#module 150 size: 19 bs: 0.686676
869 974 1050 3486 3772 4400 5296 5811 6375 6548 6825 7153 7666 7790 8000 8273 9964 10686 12228 
#module 151 size: 8 bs: 1.05987
3208 4347 4350 4732 4800 8435 10627 10819 
#module 152 size: 4 bs: 0.892162
1220 1616 2476 8683 
#module 153 size: 10 bs: 0.340405
1194 2051 2487 2780 3776 5739 5953 6877 7315 10336 
#module 154 size: 7 bs: 0.970973
2387 3446 4255 4849 5793 5926 7168 
#module 155 size: 6 bs: 0.412195
3276 4255 4827 6863 7259 10155 
#module 156 size: 14 bs: 0.433286
1081 2420 3293 5232 5322 5545 5697 5998 6947 7082 8662 8773 9466 11216 
#module 157 size: 11 bs: 0.296371
145 619 1308 1399 4290 4606 7260 7510 8164 8402 11678 
#module 158 size: 6 bs: 0.926024
37 5373 5532 7910 10601 10768 
#module 159 size: 23 bs: 0.191055
512 765 987 2573 2811 3297 3482 3645 3673 3757 3976 5872 6002 6859 7405 7647 7662 7937 8271 8323 8752 9433 10735 
#module 160 size: 5 bs: 0.758011
1673 2522 4117 4971 10382 
#module 161 size: 5 bs: 0.885082
2406 4112 4381 6348 6802 
#module 162 size: 7 bs: 0.808495
2919 4642 5046 5641 8245 9102 10165 
#module 163 size: 33 bs: 0.885338
173 356 548 1300 1349 1846 1935 2438 2587 2725 3021 3265 3341 3464 3489 3495 3582 3995 4839 5060 5192 5610 6362 6717 6798 6817 7730 8847 8998 9825 10166 10378 10687 
#module 164 size: 9 bs: 0.997924
644 861 1697 3462 4678 7167 8109 8522 8721 
#module 165 size: 8 bs: 0.941561
1690 2494 2533 6745 9162 9315 10058 11207 
#module 166 size: 5 bs: 0.148017
1463 6406 7194 9489 11097 
#module 167 size: 5 bs: 0.12007
976 982 1513 3250 10675 
#module 168 size: 6 bs: 0.515733
1817 3719 5768 6050 6356 8443 
#module 169 size: 3 bs: 0.754732
1147 10168 10889 
#module 170 size: 10 bs: 0.484031
1335 1939 2161 3927 4237 5005 5295 6693 8033 10522 
#module 171 size: 10 bs: 0.72101
3201 4168 5018 5561 5614 6591 6925 7089 7986 11207 
#module 172 size: 9 bs: 0.966615
267 653 4532 6475 7141 7755 8579 9221 12426 
#module 173 size: 8 bs: 0.992344
1686 2409 5274 5492 6215 8881 9765 9943 
#module 174 size: 8 bs: 0.943363
921 1380 3453 3789 4314 5968 7521 10351 
#module 175 size: 9 bs: 0.230184
780 2255 2296 2636 4437 6007 6093 6706 9481 
#module 176 size: 27 bs: 0.949791
106 359 1098 1332 1336 1536 1660 2538 3385 3572 4140 4206 4268 4882 5185 5744 6094 6257 6361 6672 9011 9039 10120 10680 10830 11196 11415 
#module 177 size: 9 bs: 1.03162
177 511 792 3925 6089 7110 7310 9332 9859 
#module 178 size: 7 bs: 0.191324
2675 3470 3685 5287 5986 8813 11441 
#module 179 size: 13 bs: 0.325869
558 709 810 1369 3135 3198 3541 3601 5904 5987 7264 9465 10916 
#module 180 size: 4 bs: 0.255911
1374 4035 5796 6768 
#module 181 size: 37 bs: 0.435561
529 1189 1791 2008 2257 2422 2601 2793 2996 3325 3379 4084 4144 4649 4889 5320 5399 5466 5975 6182 6320 6604 7075 7459 7589 7812 8137 8198 8827 9307 9713 9744 9945 9946 10072 10678 10877 
#module 182 size: 8 bs: 0.535835
2295 3306 3736 5753 6184 6639 7509 9175 
#module 183 size: 16 bs: 0.21381
85 646 2639 3253 3574 4158 5209 5402 5477 6114 6606 7337 9062 9455 9831 10532 
#module 184 size: 14 bs: 0.642977
182 1119 2519 3089 3231 3642 5332 5349 5881 6597 6857 6914 10279 10788 
#module 185 size: 28 bs: 0.273005
274 849 1045 1199 1567 1850 2070 2500 2552 2651 3337 3724 4252 4428 5112 5356 5970 6067 6661 6664 8280 8285 8456 8768 9544 9717 10512 10644 
#module 186 size: 8 bs: 0.528551
3880 7462 8775 9380 9554 9818 11220 12635 
#module 187 size: 10 bs: 0.837005
1889 2872 3123 3352 3362 6321 6949 7538 7686 9123 
#module 188 size: 29 bs: 0.508889
243 320 439 657 1835 2098 2304 2356 3130 3161 4789 5209 5350 5660 5696 5717 5950 6833 8110 8216 8260 8329 8579 8989 9591 10029 10447 10569 11708 
#module 189 size: 7 bs: 0.308768
601 2411 2687 4134 5832 6144 6880 
#module 190 size: 7 bs: 0.168065
764 3268 5101 6861 7955 9990 10982 
#module 191 size: 22 bs: 0.665888
261 1425 3025 3501 4661 4846 5389 5624 5710 5747 5983 7452 7511 7554 7862 9396 9737 9948 10162 10970 11135 12725 
#module 192 size: 4 bs: 0.218992
5268 7546 8228 8394 
#module 193 size: 9 bs: 1.09539
301 4988 6055 6756 7756 8869 9234 10234 10247 
#module 194 size: 12 bs: 0.91336
413 2150 2680 3634 4533 5592 5929 7015 7247 8668 9069 12019 
#module 195 size: 5 bs: 0.994038
1732 7885 8135 8717 9902 
#module 196 size: 18 bs: 0.15911
676 1048 2274 3063 3655 3999 5056 5398 6346 6574 7851 8295 8493 8888 10116 10200 10405 10725 
#module 197 size: 12 bs: 0.521839
1295 2176 2526 2702 3163 3292 4612 6190 6549 7190 8689 10209 
#module 198 size: 7 bs: 0.49069
333 361 1284 4416 4637 7132 10057 
#module 199 size: 5 bs: 0.108769
391 2800 9784 10329 10623 
#module 200 size: 132 bs: 0.963014
203 264 529 800 807 893 896 959 1042 1172 1266 1456 1587 1595 1638 1743 1788 1816 1830 1888 1895 1969 1970 1972 1976 2008 2029 2079 2206 2265 2266 2446 2512 2582 2589 2817 2936 2951 2956 3001 3147 3170 3379 3475 3603 3708 3857 4108 4171 4238 4352 4387 4509 4519 4747 4766 4836 4851 4964 4973 5008 5135 5176 5457 5476 5573 5596 5645 5648 5736 5854 5886 5920 6124 6295 6339 6617 6716 6719 7031 7035 7075 7199 7425 7472 7523 7525 7705 7803 8074 8075 8190 8275 8377 8453 8458 8511 8541 8822 8999 9075 9085 9329 9345 9499 9516 9561 9672 9691 9718 9768 9976 10157 10255 10383 10461 10465 10502 10592 10631 10635 10707 10713 10837 10855 10945 10990 11085 11130 11265 11552 12663 
#module 201 size: 28 bs: 0.394161
72 214 303 903 1413 1827 2698 2934 3424 3554 3663 3755 3845 4151 4207 4319 4571 5055 5390 5917 6266 7083 7253 8727 9423 9656 9793 10343 
#module 202 size: 3 bs: 0.979766
5316 6856 7984 
#module 203 size: 16 bs: 0.877924
1438 1631 1664 2337 2735 2745 3155 3499 5020 5626 5674 5841 6814 8481 8865 11498 
#module 204 size: 9 bs: 0.412621
937 3214 4500 4922 5964 7645 10115 10321 11189 
#module 205 size: 7 bs: 0.318264
79 141 3631 6298 8294 9548 10833 
#module 206 size: 5 bs: 0.116256
836 6181 6438 10937 12893 
#module 207 size: 7 bs: 0.49615
1180 2338 3456 3722 7999 8462 8927 
#module 208 size: 19 bs: 0.193309
197 630 1107 2439 3039 3057 3473 3479 4630 4842 5647 5942 6647 7125 7347 8104 8648 8857 11119 
#module 209 size: 16 bs: 0.47277
52 858 909 1658 2268 3004 3119 4377 4462 4572 6341 6710 7491 7692 9517 11117 
#module 210 size: 18 bs: 0.330833
814 1534 2165 3104 3712 4195 5571 6141 6420 6454 7166 7711 8253 9767 10873 10893 10967 12756 
#module 211 size: 5 bs: 0.330775
3340 5371 6705 7992 10230 
#module 212 size: 10 bs: 0.706594
535 1197 5122 5171 5918 6660 7431 9151 9854 10933 
#module 213 size: 11 bs: 0.760196
2777 3730 4219 6974 6987 8732 8933 8961 9077 9991 10976 
#module 214 size: 11 bs: 0.111126
1034 1665 5302 6274 7796 8556 9044 9146 10613 10727 12790 
#module 215 size: 5 bs: 0.334092
688 1749 3390 4371 7437 
#module 216 size: 11 bs: 0.152346
354 3038 3180 3840 4152 4405 5187 6826 8036 8111 11703 
#module 217 size: 4 bs: 0.126858
1226 1366 3017 6237 
#module 218 size: 3 bs: 0.822027
585 4600 6428 
#module 219 size: 25 bs: 0.609001
305 562 1122 1471 1474 1494 1786 1805 1890 2042 3269 3565 3933 4423 4429 4473 4940 5554 6352 6388 7299 8108 10126 10780 11032 
#module 220 size: 20 bs: 0.487176
777 1126 1436 2213 2308 2750 3204 5065 6166 7195 7329 7353 7801 8293 8457 8786 9977 10591 10763 11222 
#module 221 size: 56 bs: 0.282875
516 760 915 977 1026 1230 1269 1715 1955 2182 2219 2236 2418 2432 2757 2845 2894 2975 3054 3239 3573 3618 3859 4066 4074 4211 4463 4527 4908 4949 5075 5104 5195 5382 5447 5682 5989 6061 6155 6242 7102 7173 7403 7439 7694 7829 8016 8039 8795 9264 9346 9369 10086 10265 10501 10567 
#module 222 size: 5 bs: 0.764521
2502 4427 4935 7097 7189 
#module 223 size: 3 bs: 0.730129
2510 7679 7889 
#module 224 size: 5 bs: 0.959177
1689 3189 4328 8802 9514 
#module 225 size: 8 bs: 0.496937
180 666 667 3608 4451 9197 9649 11448 
#module 226 size: 3 bs: 0.928402
1640 7759 9397 
#module 227 size: 5 bs: 0.640833
2073 7091 7872 8920 9446 
#module 228 size: 12 bs: 0.997076
2747 3405 4474 4753 5118 5243 6772 6962 7469 8543 10282 10809 
#module 229 size: 9 bs: 0.973397
104 329 986 1655 2083 3866 4586 5976 8466 
#module 230 size: 6 bs: 0.377677
1139 1833 8258 8339 8852 10477 
#module 231 size: 3 bs: 0.710469
3074 8715 9284 
#module 232 size: 12 bs: 0.14089
1541 1561 2044 3690 4373 5281 5631 6895 7032 8241 8380 8661 
#module 233 size: 11 bs: 0.855422
964 1561 2645 3334 4843 5063 5116 5487 8464 8839 9668 
#module 234 size: 5 bs: 0.422808
3602 4088 5109 7581 9500 
#module 235 size: 7 bs: 0.73484
1445 3058 3544 4840 5006 8535 11364 
#module 236 size: 13 bs: 0.712383
392 1563 2647 3543 5170 5208 6174 6702 7080 7343 8055 8504 9157 
#module 237 size: 13 bs: 0.751111
163 1868 3020 3060 4788 5367 5995 6048 7650 9403 9450 9661 11177 
#module 238 size: 17 bs: 0.101523
813 1364 1378 1827 2208 2298 4431 5214 5217 5530 5833 5915 7540 8657 9692 10042 10927 
#module 239 size: 10 bs: 1.0169
2670 2726 4848 4982 5759 6028 8686 8769 9041 11255 
#module 240 size: 3 bs: 0.298602
3985 6921 10842 
#module 241 size: 9 bs: 0.585013
142 1843 2586 3046 3291 4815 5155 9238 10386 
#module 242 size: 7 bs: 0.128119
798 1241 3076 4243 4244 5869 9324 
#module 243 size: 4 bs: 0.619112
2929 5282 8825 11694 
#module 244 size: 8 bs: 0.732163
695 1783 3354 3687 9447 10377 10555 11001 
#module 245 size: 18 bs: 0.590903
292 945 1342 4498 4968 5735 5896 6437 6825 7438 7493 8694 8970 8984 9356 9681 10593 12475 
#module 246 size: 13 bs: 0.101559
317 490 1753 3758 4754 4779 5516 6620 7185 7292 9156 9256 10918 
#module 247 size: 15 bs: 0.504754
2480 3380 4044 4541 5687 5698 6226 6491 6701 6769 6822 8327 8704 10341 10457 
#module 248 size: 8 bs: 0.852654
276 388 3217 4880 6686 6872 7139 10315 
#module 249 size: 6 bs: 0.615631
1223 4723 5635 7052 8403 10039 
#module 250 size: 9 bs: 0.689569
655 705 722 2311 4713 8229 8565 8639 10146 
#module 251 size: 22 bs: 0.529633
225 1257 2330 2361 2484 3750 3816 4107 4383 4709 5231 5601 5792 5941 6000 8302 9192 9896 10971 10977 11004 11007 
#module 252 size: 10 bs: 0.126969
630 3389 3684 6437 6728 7277 7967 8026 9413 10317 
#module 253 size: 5 bs: 0.715169
503 3426 3793 5769 7469 
#module 254 size: 15 bs: 0.91043
74 210 829 1730 2309 4302 4422 5000 5667 6253 6572 7860 10188 10995 11589 
#module 255 size: 21 bs: 0.961737
196 637 956 963 1039 1882 2653 2668 2696 3135 3209 4141 4543 6082 6773 7899 8219 8386 9276 9288 10853 
#module 256 size: 18 bs: 0.864749
782 1510 1674 2299 2517 3935 4220 4318 4659 6165 6554 7001 7303 7504 7821 8125 8363 11840 
#module 257 size: 21 bs: 0.128096
1211 1347 1597 2696 3540 3993 4543 4921 5412 5900 6142 6373 6984 8266 8719 8990 9334 9963 10674 10844 10853 
#module 258 size: 7 bs: 0.309858
209 2323 2474 3807 5789 7412 7519 
#module 259 size: 14 bs: 1.06767
136 784 1613 1632 2899 7045 7912 9208 9495 9540 10325 10543 11338 12545 
#module 260 size: 16 bs: 0.623594
95 472 1483 1878 3030 3350 3699 3854 5037 6012 7458 8542 8762 9525 9545 10705 
#module 261 size: 7 bs: 0.36334
996 3277 5199 8345 9494 10415 10754 
#module 262 size: 12 bs: 0.580026
1416 1993 2043 3015 3323 4825 5721 7819 8084 8189 9265 10140 
#module 263 size: 20 bs: 0.648504
621 1221 2683 3184 3944 3982 4249 4288 5436 6316 7306 7442 7844 7977 8804 8851 8856 9304 9687 10181 
#module 264 size: 4 bs: 0.820782
1912 2543 6185 11441 
#module 265 size: 6 bs: 0.327959
2720 3584 4411 5993 8117 11097 
#module 266 size: 17 bs: 0.242357
2009 2385 3312 3474 4041 5103 5766 6517 6868 7148 7744 8208 8476 9209 9503 9743 11086 
#module 267 size: 10 bs: 0.681612
845 2947 5023 7161 8296 8692 9453 9523 10433 10901 
#module 268 size: 4 bs: 0.513598
1484 3328 3373 9055 
#module 269 size: 16 bs: 0.234946
124 544 691 2310 3477 3684 3843 4286 4372 5036 5817 6132 6910 7310 8001 10993 
#module 270 size: 10 bs: 0.857186
25 1112 2218 3241 6219 6802 7327 7624 8614 11158 
#module 271 size: 18 bs: 0.942477
256 1517 1764 1989 3275 5642 6063 6327 6380 6560 6960 7463 8019 9030 9046 9521 10404 10863 
#module 272 size: 10 bs: 0.516036
1020 2021 2052 2999 3484 3797 4736 4823 6498 7249 
#module 273 size: 9 bs: 0.60861
1455 1528 2643 3578 5875 6265 6746 8814 10873 
#module 274 size: 5 bs: 0.529531
4608 4884 5154 5666 6325 
#module 275 size: 7 bs: 0.985846
3744 3862 5107 5655 8627 9267 9734 
#module 276 size: 7 bs: 0.27321
1799 2081 5058 5992 6777 7475 9657 
#module 277 size: 73 bs: 0.80074
21 201 1275 1390 1553 2080 2117 2240 2331 2454 2621 2638 2770 2779 2818 2820 2879 2993 3173 3818 3829 3947 4007 4167 4294 4512 4520 4597 5253 5345 5374 5580 5594 5770 5992 6249 6393 6673 6725 6845 7181 7252 7394 7621 7655 7798 7865 8035 8147 8450 8474 8572 8670 8681 8932 9037 9130 9184 9188 9253 9728 10114 10441 10482 10506 10538 10560 10616 10940 11005 11087 11111 11219 
#module 278 size: 7 bs: 0.570173
1231 5280 5880 6930 7007 7689 8053 
#module 279 size: 22 bs: 1.03985
587 1227 1559 1875 2419 2593 2980 3402 3698 4217 4895 6580 6978 7034 8797 8830 9158 9390 9999 10789 10975 10996 
#module 280 size: 15 bs: 0.978535
184 1079 1462 2882 3112 3542 4946 5289 5366 5740 7336 8877 9260 10947 11209 
#module 281 size: 10 bs: 0.869615
1527 1796 2508 3785 4271 6088 7898 9193 10240 10703 
#module 282 size: 18 bs: 0.153522
508 593 762 1127 2511 2622 2942 3365 3409 4182 6164 7534 7814 7904 8629 8842 8919 12639 
#module 283 size: 10 bs: 0.806898
278 4443 5806 6173 6779 6787 7067 8283 9845 10012 
#module 284 size: 9 bs: 0.375578
60 1687 1829 1861 2575 3157 6425 7884 9824 
#module 285 size: 6 bs: 0.313384
1067 2027 2445 4484 6656 10327 
#module 286 size: 8 bs: 0.771419
152 1444 1498 3454 3466 5574 5824 7976 
#module 287 size: 14 bs: 0.617039
365 832 941 2640 3155 4548 5407 5864 6180 6218 6229 7568 7592 10053 
#module 288 size: 8 bs: 0.298915
30 3182 3831 5819 7785 8867 11405 12506 
#module 289 size: 5 bs: 1.07679
1244 1708 3332 8760 9457 
#module 290 size: 6 bs: 0.472465
3353 3631 7339 9605 9666 10619 
#module 291 size: 14 bs: 0.349301
925 1590 1929 3050 3331 3419 6542 7485 8077 9173 10356 10784 10929 11251 
#module 292 size: 16 bs: 0.462702
6 238 427 527 579 1577 2758 4360 4753 5528 6177 6543 6778 7019 7870 10811 
#module 293 size: 5 bs: 0.121459
1265 2347 3631 7145 8034 
#module 294 size: 8 bs: 0.503899
647 1597 2047 3366 4691 6944 7114 9624 
#module 295 size: 14 bs: 0.886176
550 1321 1333 2472 2541 2588 3589 4064 5341 6382 7678 10651 10761 11182 
#module 296 size: 6 bs: 0.705838
2273 2298 2508 3484 3586 7721 
#module 297 size: 6 bs: 0.986738
2000 2247 2959 3620 8639 10612 
#module 298 size: 11 bs: 0.612796
2373 3113 4307 4683 5143 5444 6398 7468 7871 9486 9811 
#module 299 size: 6 bs: 0.958109
1757 4233 5482 7022 9479 9571 
#module 300 size: 7 bs: 0.772234
720 870 2614 3255 3809 4409 10399 
#module 301 size: 18 bs: 0.384921
140 1170 1193 1710 2529 3190 4624 4931 5443 5607 6202 7396 7688 8080 8750 8904 9813 10067 
#module 302 size: 14 bs: 0.66183
96 265 789 1309 2227 2594 4156 4511 5422 6821 7541 10744 10821 10831 
#module 303 size: 12 bs: 1.04357
923 1962 2119 3213 3261 3502 3811 5088 5649 5659 7345 9799 
#module 304 size: 4 bs: 0.396559
611 2485 6654 10091 
#module 305 size: 6 bs: 0.227291
2146 3084 6015 7880 10122 10577 
#module 306 size: 4 bs: 0.276062
791 3458 7375 9960 
#module 307 size: 3 bs: 0.124204
1411 3281 6121 
#module 308 size: 10 bs: 0.256274
1125 2662 3024 4177 5481 6791 7156 7519 10475 10481 
#module 309 size: 25 bs: 0.548065
476 939 1036 1362 1511 1533 1942 2050 2644 2734 3256 3967 3989 4547 4734 5168 5241 5323 6414 6676 6864 7159 7747 10606 11104 
#module 310 size: 21 bs: 0.652352
1443 1693 1720 1808 2462 3386 3810 3817 4682 5078 5432 5699 7182 8347 8605 8727 8834 9688 9858 10310 10942 
#module 311 size: 7 bs: 0.298228
309 1702 2965 5013 7664 8443 9695 
#module 312 size: 14 bs: 1.04222
360 1204 1916 3128 3557 3615 4248 4518 5497 6784 7564 7667 9330 9671 
#module 313 size: 13 bs: 0.69079
456 995 1457 2115 3994 4044 5100 6091 6408 7669 8770 9427 9879 
#module 314 size: 43 bs: 0.580293
905 1123 1512 1618 1914 2450 2736 3010 3067 3114 3498 3903 3916 3918 4038 4203 4282 4312 4317 4380 4444 5518 5558 5559 5665 5943 6638 6865 6970 7363 7365 7859 7935 7989 8611 8785 9529 10387 10551 10769 10838 11393 11717 
#module 315 size: 13 bs: 0.746857
5089 5370 5904 5927 7355 7372 7659 7715 8235 8741 9488 10938 12880 
#module 316 size: 3 bs: 0.883539
3630 4124 5754 
#module 317 size: 11 bs: 0.85328
1282 1369 1525 1614 2945 4030 5059 7079 8324 8421 11006 
#module 318 size: 15 bs: 0.733942
720 1535 1928 3450 3651 4631 5266 5906 6521 6900 7205 7990 9325 10253 10584 
#module 319 size: 10 bs: 0.860469
1312 4465 6107 7262 8066 8720 8946 9165 9751 10003 
#module 320 size: 30 bs: 0.189611
2033 2456 2696 3071 3139 3198 3745 4999 5310 5453 6074 6116 6240 6706 6950 6966 7938 8017 8256 8660 8792 8826 9189 9194 9210 9535 9584 10846 10936 12297 
#module 321 size: 8 bs: 0.73444
228 299 1549 4245 5276 7799 7878 8737 
#module 322 size: 4 bs: 0.231399
822 4495 4535 7587 
#module 323 size: 10 bs: 0.1561
1324 1656 2971 3387 3692 5826 7690 7731 8406 9285 
#module 324 size: 8 bs: 1.0597
866 1207 2924 4950 5728 7248 8811 11245 
#module 325 size: 19 bs: 0.405135
316 728 787 1153 1344 1738 2875 3667 3851 4051 4962 5951 5967 6477 6566 6887 8247 9468 11447 
#module 326 size: 4 bs: 0.942025
1395 5344 5620 6095 
#module 327 size: 23 bs: 0.681449
144 656 1454 1646 1818 1847 2937 3008 4272 4874 5224 5376 5830 5831 7931 8041 8134 8716 8957 9565 9875 10513 10649 
#module 328 size: 7 bs: 0.892174
99 1287 2747 3494 3633 5823 9931 
#module 329 size: 12 bs: 0.808605
576 3155 3226 3867 4089 4137 4637 6062 7221 7256 8206 9966 
#module 330 size: 8 bs: 0.974338
431 1518 1731 1886 3242 3436 11095 12293 
#module 331 size: 4 bs: 1.08909
526 5387 6267 10505 
#module 332 size: 5 bs: 0.24757
637 5212 5306 7972 9579 
#module 333 size: 25 bs: 0.394218
528 567 641 1132 1522 2058 2069 2504 3336 3359 4568 4697 5217 5618 5658 6621 6652 6741 6747 7140 8470 9288 10359 10773 11371 
#module 334 size: 14 bs: 0.514
260 2953 3816 3986 5355 6029 7503 7822 7976 8392 9479 9965 10179 10709 
#module 335 size: 9 bs: 0.253715
715 917 1530 5167 6250 9057 9490 10559 10943 
#module 336 size: 10 bs: 0.443792
141 1468 1520 2960 3035 4435 4531 7059 7600 10121 
#module 337 size: 6 bs: 0.366392
1716 3031 3101 5935 10887 11157 
#module 338 size: 17 bs: 0.389682
1330 3626 3637 3657 4437 4529 5951 6931 7058 7623 7701 8007 8186 9524 10043 12590 12679 
#module 339 size: 7 bs: 0.687197
482 1538 1721 2457 4907 5496 9673 
#module 340 size: 13 bs: 0.625643
951 1261 2925 3346 3743 4176 4844 5258 7453 7835 8235 10034 10275 
#module 341 size: 3 bs: 0.249716
4299 5317 7997 
#module 342 size: 16 bs: 0.785491
344 1063 1366 3666 3689 3764 3843 5378 5440 6765 7398 7739 7786 9033 9172 9775 
#module 343 size: 4 bs: 0.344368
8021 8761 8806 11273 
#module 344 size: 5 bs: 0.22141
1380 2646 5191 7607 8917 
#module 345 size: 7 bs: 0.566242
1402 1865 2077 2277 3110 3398 4119 
#module 346 size: 8 bs: 0.955883
1628 1690 1919 5951 6831 8007 9347 11602 
#module 347 size: 18 bs: 0.761442
341 555 578 1338 1366 2178 3118 3851 5440 6018 6299 6532 6959 7209 7572 9647 9775 10303 
#module 348 size: 4 bs: 0.965128
771 4049 5340 7274 
#module 349 size: 46 bs: 0.589932
33 183 263 631 1217 1514 1558 1645 1848 2221 2450 2629 2741 3079 3259 3437 3536 3997 4400 4477 4526 4573 4680 5360 6193 6766 7330 7368 7794 7832 8116 8127 8336 8487 8496 8944 8964 9407 9515 10002 10107 10128 10396 10609 10718 10787 
#module 350 size: 6 bs: 0.335972
1276 2523 5064 6307 6731 7550 
#module 351 size: 11 bs: 0.265531
922 2469 3039 3310 3978 5189 5363 7370 7800 9309 11699 
#module 352 size: 4 bs: 0.235854
708 4032 6712 11712 
#module 353 size: 9 bs: 0.490598
14 5178 5868 6323 6545 9015 9164 9836 10192 
#module 354 size: 3 bs: 0.586031
1353 4412 4528 
#module 355 size: 19 bs: 0.111628
93 1018 1779 1909 1992 2967 3024 4157 4213 4354 6336 7210 7519 8061 8122 9647 10541 11083 11267 
#module 356 size: 5 bs: 0.235153
1250 1565 4224 9833 10950 
#module 357 size: 28 bs: 0.410769
403 638 1394 1704 2090 2679 3144 4199 4235 4384 4385 4492 4854 5173 5616 5875 6765 7217 7773 9095 9614 9894 10000 10045 10766 10911 11025 12679 
#module 358 size: 3 bs: 0.158367
487 5681 10972 
#module 359 size: 44 bs: 0.573661
176 495 564 1677 1703 2509 2759 2891 2990 3227 4003 4256 5240 5774 5901 6372 6390 6401 6421 6528 6641 6903 7131 7175 7364 7717 7767 7783 7809 7855 8263 8292 8828 9125 9239 9435 9572 9601 10238 10629 10711 11475 11487 12494 
#module 360 size: 15 bs: 1.04931
1852 2200 3394 3795 5126 6006 6261 6928 7993 8434 8688 8860 8965 10589 10845 
#module 361 size: 11 bs: 0.842716
208 1314 1495 4137 4231 6629 8141 8723 9859 10587 10884 
#module 362 size: 8 bs: 0.703445
608 1099 1116 6557 6948 8551 9498 10849 
#module 363 size: 10 bs: 0.942716
565 2525 2660 2717 4471 5425 5462 5829 7680 8194 
#module 364 size: 50 bs: 1.02315
884 1023 1086 1317 1814 1849 1921 1965 2173 2264 2930 3171 3288 3418 3775 4163 4458 4555 4594 4977 5070 5277 5403 5546 5782 5982 6353 6436 6697 6782 6816 6967 7376 7741 7987 8023 8322 8376 8404 8448 8462 8598 8678 8976 9763 9942 10149 10579 10896 11168 
#module 365 size: 13 bs: 0.19592
763 989 1267 1999 3751 3921 4560 5876 6459 6879 9295 10434 12591 
#module 366 size: 3 bs: 0.865613
2565 4881 6643 
#module 367 size: 33 bs: 0.359829
586 1096 1269 1310 1715 1859 2107 2199 2236 2314 2357 2413 2558 2894 3037 3193 3798 4480 4685 4756 5447 5984 6839 7014 7848 7910 7927 8963 9650 9853 9941 10970 11183 
#module 368 size: 8 bs: 0.1776
1573 3455 4487 7193 9394 9697 10722 11109 
#module 369 size: 22 bs: 0.227384
7 573 581 811 873 1255 1349 1983 2141 2829 3080 4634 6123 6738 6896 7514 8106 8409 8549 8573 9200 11338 
#module 370 size: 9 bs: 0.59745
98 550 1516 3374 5442 6083 6506 8124 10272 
#module 371 size: 5 bs: 0.277623
898 2220 6399 8249 8424 
#module 372 size: 10 bs: 0.96971
441 2116 3073 3988 4770 6051 6376 6586 7547 8503 
#module 373 size: 3 bs: 0.748664
1270 1447 7420 
#module 374 size: 4 bs: 1.08784
1359 2123 5637 8115 
#module 375 size: 8 bs: 0.120044
2854 3051 3871 4221 5304 6705 8243 9243 
#module 376 size: 6 bs: 0.399874
49 1258 4014 5637 7018 10044 
#module 377 size: 16 bs: 0.924766
1274 1460 2351 3969 5291 5576 5634 5791 7455 8026 8098 9087 9236 9851 10124 11073 
#module 378 size: 22 bs: 0.843541
831 1340 2002 2246 2436 3088 4549 5347 6631 6695 6929 7270 7382 7617 7836 8420 8610 8820 8891 8954 9016 9918 
#module 379 size: 22 bs: 0.834657
631 1637 2472 2746 3381 4247 4325 5575 6027 6309 6664 7053 7685 7762 7766 8105 8724 8766 8931 9177 10319 11338 
#module 380 size: 15 bs: 0.759607
1396 2036 2162 3640 5042 5771 5840 7010 7017 7446 8159 8274 8405 10108 10293 
#module 381 size: 12 bs: 0.636945
892 1873 1917 2036 3230 5479 7006 7852 8940 9645 10390 10700 
#module 382 size: 11 bs: 0.163666
860 1936 2038 2204 3247 3408 4984 5252 6186 6482 6526 
#module 383 size: 7 bs: 0.157819
36 1148 2003 5180 5197 7049 7656 
#module 384 size: 5 bs: 0.561285
366 4398 6355 9439 10171 
#module 385 size: 7 bs: 0.324361
3019 4358 5272 7013 7505 9590 10717 
#module 386 size: 11 bs: 0.196904
824 1571 4870 5475 5973 6709 7597 8349 8461 9305 9607 
#module 387 size: 6 bs: 0.544949
3784 5133 6598 9013 9375 11413 
#module 388 size: 18 bs: 0.897588
475 721 1819 2498 3492 3939 4081 4179 4583 4774 5129 6122 6197 6626 6636 8315 8589 11241 
#module 389 size: 27 bs: 0.742778
26 371 459 614 670 910 1531 1985 2193 2207 2615 3081 4564 5206 5472 5837 5965 6569 7230 7432 7579 7606 8045 9152 10130 10847 11104 
#module 390 size: 9 bs: 0.13541
3720 4550 5266 7297 7742 8428 9382 10334 10403 
#module 391 size: 18 bs: 0.324092
666 1911 2121 2674 2807 3786 3872 5622 5800 6071 6098 6543 6875 7046 7309 8384 10688 10765 
#module 392 size: 10 bs: 0.593437
895 2720 4956 5652 5656 5864 6164 7221 9176 10466 
#module 393 size: 7 bs: 0.616174
1331 5304 5703 5919 7936 8635 8975 
#module 394 size: 7 bs: 0.161609
188 497 3053 6456 7501 8048 9876 
#module 395 size: 18 bs: 0.454648
322 1040 1174 1953 2143 3318 3560 3585 4406 4436 5676 6409 6520 7086 8590 9300 10011 10041 
#module 396 size: 6 bs: 0.59117
462 1833 3549 5948 8969 9766 
#module 397 size: 4 bs: 0.336268
3298 3607 4459 7864 
#module 398 size: 4 bs: 0.159562
171 1025 4643 6381 
#module 399 size: 10 bs: 0.206104
820 990 1832 4062 6032 6696 7285 8040 8238 10439 
#module 400 size: 22 bs: 0.83894
379 802 1543 1725 2281 2294 2559 4582 6291 6567 7094 7447 7557 7565 8107 8437 8818 9914 10054 10491 10828 11124 
#module 401 size: 10 bs: 0.267522
709 908 2580 2822 2824 3534 4257 6025 8371 9220 
#module 402 size: 11 bs: 0.258408
191 542 1093 3243 4016 4253 5441 6559 7115 8100 8823 
#module 403 size: 5 bs: 0.668213
1542 3824 3864 4790 5421 
#module 404 size: 13 bs: 0.621276
1322 1940 2443 2839 2933 5379 5482 6979 7772 9051 9364 10913 11074 
#module 405 size: 7 bs: 0.758213
46 3748 3769 6848 8908 9255 10488 
#module 406 size: 32 bs: 0.587534
76 323 580 853 871 980 1473 1575 1682 1700 1707 1741 2187 2340 2452 3315 3513 4397 5375 5402 6005 6310 6507 6810 6840 7040 7359 7515 8356 9627 9757 10388 
#module 407 size: 18 bs: 0.640921
713 1580 1821 2319 2506 3130 3802 4115 4417 4481 4990 6476 7080 7900 8613 9774 9950 10022 
#module 408 size: 10 bs: 1.06186
58 1069 3592 3664 3852 4497 6041 6720 6830 10636 
#module 409 size: 13 bs: 0.265641
625 1650 2688 3065 3078 4002 4044 5388 6201 6300 8446 8858 9924 
#module 410 size: 6 bs: 1.0542
1339 2012 4091 10023 10083 10483 
#module 411 size: 4 bs: 0.166228
3142 5032 5087 9652 
#module 412 size: 8 bs: 0.24066
374 394 1973 3521 9873 9961 10175 10360 
#module 413 size: 19 bs: 0.812099
2046 2577 2665 3460 3484 3796 4068 5339 5570 6445 7187 8163 8875 8986 9477 9502 9595 10951 11098 
#module 414 size: 245 bs: 0.704202
53 65 273 313 385 461 658 668 675 687 823 843 1013 1017 1057 1163 1190 1198 1242 1272 1293 1306 1313 1320 1389 1475 1506 1508 1546 1633 1688 1735 1755 1803 1871 1908 1957 1968 2022 2039 2071 2100 2131 2133 2172 2202 2275 2300 2307 2332 2362 2467 2514 2562 2611 2664 2727 2766 2812 2830 2850 2858 2871 2881 2892 2909 2935 3012 3127 3222 3257 3289 3403 3404 3413 3493 3530 3539 3568 3600 3683 3702 3732 3741 3752 3792 3875 3901 3970 3979 4005 4008 4011 4017 4125 4174 4175 4303 4311 4323 4344 4375 4421 4426 4679 4687 4704 4749 4958 4970 4975 5057 5097 5115 5125 5127 5136 5145 5153 5184 5229 5246 5257 5297 5569 5589 5605 5609 5684 5685 5773 5797 5925 5934 6080 6100 6118 6263 6284 6494 6514 6616 6678 6679 6692 6783 6801 6807 6882 6919 6973 6980 7023 7066 7176 7191 7223 7238 7241 7255 7284 7483 7498 7562 7570 7584 7605 7608 7651 7660 7781 7817 7831 7928 8072 8085 8149 8157 8191 8351 8473 8475 8518 8524 8531 8536 8566 8568 8593 8749 8789 8930 8972 9025 9107 9185 9218 9222 9245 9250 9269 9454 9578 9583 9660 9694 9771 9778 9855 9878 9992 9998 10047 10068 10075 10111 10156 10169 10379 10389 10413 10436 10441 10493 10518 10582 10611 10684 10738 10814 10823 10850 10962 10965 10969 11023 11138 11139 11146 11429 11436 11513 12618 12896 13062 
#module 415 size: 30 bs: 1.09789
874 1305 1393 1648 2093 2497 2539 3003 3263 3838 3853 4053 4609 4780 5502 6707 7081 7356 8369 8400 8414 8552 8555 8714 9028 9365 9550 9870 11490 11551 
#module 416 size: 20 bs: 0.997031
56 1179 1648 2619 2849 3029 3533 4053 4843 4912 4997 6066 6069 6167 7628 10305 10511 10673 11551 11613 
#module 417 size: 7 bs: 0.458284
1703 1926 1994 5160 8288 9149 9970 
#module 418 size: 6 bs: 0.315024
1744 1981 2349 3188 7383 10375 
#module 419 size: 13 bs: 0.671663
553 2037 2483 4269 4805 6627 6986 7307 7921 8722 9698 9781 10473 
#module 420 size: 5 bs: 0.294455
1372 1956 4315 4770 10602 
#module 421 size: 13 bs: 0.946197
505 1185 2151 3195 3421 3968 4579 4739 4796 5273 5319 5413 6757 
#module 422 size: 5 bs: 0.470432
2179 5666 10218 10959 10998 
#module 423 size: 14 bs: 0.194293
1028 1292 2568 2805 3659 3851 3861 6235 8144 8378 9079 10231 10245 11123 
#module 424 size: 14 bs: 0.462803
522 1540 2076 2284 2407 5166 5551 5553 7478 7633 8525 9018 9928 10286 
#module 425 size: 6 bs: 0.751018
4345 7283 8031 9857 10291 10734 
#module 426 size: 12 bs: 1.06837
584 1072 1124 2125 2259 2429 2666 8636 9319 9747 10693 10997 
#module 427 size: 11 bs: 1.03026
458 596 1280 1403 2354 2855 6708 6870 6920 9621 12264 
#module 428 size: 18 bs: 0.672663
652 1396 1532 1776 3317 4263 4432 5283 5663 5688 6938 7275 8811 9002 9531 10043 11400 12170 
#module 429 size: 7 bs: 0.413811
159 5371 5555 5848 6956 7716 9039 
#module 430 size: 9 bs: 1.04658
3 1228 3713 6927 7025 8029 8374 8646 11412 
#module 431 size: 6 bs: 0.755724
699 3301 5188 5430 6704 8008 
#module 432 size: 5 bs: 0.449169
1833 4461 5762 8130 11481 
#module 433 size: 15 bs: 0.471955
1316 1712 2243 3134 3155 3206 3865 4631 5198 5537 6073 6662 8181 9026 11029 
#module 434 size: 10 bs: 0.641439
327 713 1490 3924 5434 5959 6575 6748 6899 10919 
#module 435 size: 7 bs: 0.55357
1247 3617 3889 4433 7004 9509 10926 
#module 436 size: 5 bs: 0.793052
856 2147 2671 8794 11171 
#module 437 size: 24 bs: 0.176667
341 718 1808 1843 3693 3706 4698 4811 4822 5225 5283 5343 5531 6008 6090 6931 7026 7839 8114 8161 9042 9144 9584 10586 
#module 438 size: 21 bs: 0.562175
210 1396 2713 2755 2761 2908 3740 3746 4006 4280 4755 4904 5802 6878 7000 7036 8274 8564 8840 9464 9773 
#module 439 size: 31 bs: 0.299222
389 454 1059 1182 1376 1472 2460 2706 2864 3158 3303 3451 3773 3917 4024 4194 4693 4891 5292 5352 6236 6449 6464 6908 7254 8101 8645 8810 9096 9795 9808 
#module 440 size: 28 bs: 0.268279
582 812 2098 2138 2450 2998 3496 3756 4037 4401 4611 4662 5106 5362 5586 5870 5931 6034 6687 6805 7374 8065 8879 9018 9637 10102 10197 10779 
#module 441 size: 21 bs: 0.997275
1421 1493 2901 3108 3388 3711 4096 4569 4957 6309 6512 6755 7266 7407 7614 7649 7827 9008 9849 9884 10001 
#module 442 size: 6 bs: 0.313987
1281 3200 4056 5947 9195 10670 
#module 443 size: 28 bs: 0.285098
75 411 894 948 1608 2916 3092 3716 3920 4149 4200 4383 5431 6441 6546 7157 7466 7879 8580 9496 9733 9986 10164 10462 10527 10632 10736 10898 
#module 444 size: 5 bs: 0.566777
679 1150 1319 2256 3652 
#module 445 size: 16 bs: 0.804198
368 3621 3888 5334 5372 5562 5669 6252 7151 7616 8289 8494 9150 9266 9333 13018 
#module 446 size: 3 bs: 0.709056
8910 10925 12944 
#module 447 size: 5 bs: 0.150187
1515 4505 6479 7358 11442 
#module 448 size: 9 bs: 0.2084
1698 3322 3923 7043 7588 8673 8759 9201 11377 
#module 449 size: 45 bs: 1.07492
268 711 1458 1635 1716 1719 2067 2616 2931 2977 3047 3339 3595 3767 3899 4700 4867 5045 5119 5209 5309 5357 5560 5618 5752 5820 5956 5988 6092 6268 6421 6794 7170 7622 8219 8357 8710 8790 8859 9200 9623 9848 9901 10120 11196 
#module 450 size: 14 bs: 0.980121
1601 2437 3425 3580 3646 4706 6147 6607 7009 7324 8416 9074 10627 10981 
#module 451 size: 3 bs: 0.42532
1737 6418 9777 
#module 452 size: 7 bs: 0.426242
2598 4715 6525 7713 7874 9171 9630 
#module 453 size: 9 bs: 0.387844
2810 4164 4955 5163 6334 7116 10097 10337 10980 
#module 454 size: 10 bs: 0.809377
3996 5043 5222 5652 5743 6613 6691 9954 11228 11428 
#module 455 size: 26 bs: 0.478274
488 879 1548 1809 2126 2321 2856 3116 3320 4129 4276 4646 4838 5359 5491 5731 7179 7257 7657 7706 7811 8071 9551 10637 10771 10816 
#module 456 size: 7 bs: 0.780287
1780 3391 5397 5967 6023 8162 10349 
#module 457 size: 5 bs: 0.698753
78 716 6337 7404 8873 
#module 458 size: 30 bs: 0.872098
84 551 700 1505 1594 1669 2775 3254 3304 3577 3717 4420 4670 4784 4985 5075 5461 5737 5892 5948 6135 6677 6834 8300 8734 9584 10509 10515 10948 11572 
#module 459 size: 12 bs: 0.629783
1581 3497 3940 4159 4327 5467 5908 6351 7342 7804 8044 8640 
#module 460 size: 4 bs: 0.804717
3220 7207 7791 10484 
#module 461 size: 31 bs: 0.36904
48 50 463 1469 3416 3545 3546 3563 3623 3627 3782 3966 4092 4264 4403 4475 4821 5183 5213 5588 6615 6901 7886 7892 8576 9273 9420 9922 10062 10406 10531 
#module 462 size: 13 bs: 0.213735
830 1213 1341 1383 1672 4166 5762 7160 7642 7952 9790 10710 11395 
#module 463 size: 9 bs: 0.296588
1452 1569 2352 3280 3595 6589 6901 6969 10894 
#module 464 size: 4 bs: 0.279482
3414 7122 8674 10178 
#module 465 size: 7 bs: 0.82053
1113 1488 2225 3505 4601 5327 6408 
#module 466 size: 25 bs: 0.744576
231 359 531 1045 1222 2461 2507 3062 4349 4353 4355 4366 4772 5619 5853 6290 6354 6519 6759 7026 7661 8569 9131 10662 10711 
#module 467 size: 8 bs: 0.310562
328 1493 3138 3485 5228 5863 8028 10300 
#module 468 size: 5 bs: 0.550805
530 3697 4040 8630 9386 
#module 469 size: 18 bs: 0.511882
552 1346 1979 2596 2955 3181 3481 4046 5310 5780 5858 6527 6648 7229 8348 8889 10210 11029 
#module 470 size: 7 bs: 0.310845
2160 4121 5061 7496 8484 10820 10895 
#module 471 size: 4 bs: 0.423087
4396 5478 7267 9088 
#module 472 size: 5 bs: 1.01052
492 724 1898 3271 4028 
#module 473 size: 20 bs: 0.330444
217 271 795 1071 1382 2101 2821 3235 5495 6047 6371 6467 8097 8431 9243 9247 9606 9997 10073 10732 
#module 474 size: 12 bs: 0.341168
507 598 1451 2397 3059 3166 3344 6275 7958 8204 8663 10781 
#module 475 size: 4 bs: 0.137746
1599 4228 5299 8771 
#module 476 size: 10 bs: 0.31459
1119 1491 2383 2707 4031 4503 5292 5890 6539 9788 
#module 477 size: 3 bs: 0.749667
2144 2339 5259 
#module 478 size: 18 bs: 0.105472
622 779 1733 2341 2501 2516 2677 3975 4054 5242 5765 7648 7707 7769 8089 9399 10324 10695 
#module 479 size: 8 bs: 0.769574
61 773 1502 3678 6045 6359 10737 10800 
#module 480 size: 4 bs: 0.802875
2157 2380 2530 3638 
#module 481 size: 12 bs: 0.399895
595 954 1485 1628 2141 3481 4607 5780 5860 6001 6582 7758 
#module 482 size: 4 bs: 0.641589
1782 4468 7027 9224 
#module 483 size: 23 bs: 0.460671
539 774 2747 2941 3706 3726 4043 4098 4205 4534 4841 5182 5221 5568 5647 6913 7019 7075 8141 8279 8985 10902 11488 
#module 484 size: 13 bs: 1.02688
1099 1101 1950 2559 3858 4050 4595 6619 9061 9161 10558 10638 11021 
#module 485 size: 8 bs: 0.704213
2209 2280 4513 6017 6116 8459 8480 11088 
#module 486 size: 14 bs: 0.862674
580 2210 3407 3590 4110 4806 5638 5893 7850 7901 9915 10658 12642 12881 
#module 487 size: 4 bs: 0.391229
295 2572 5348 5483 
#module 488 size: 8 bs: 0.476236
2837 3876 3959 4170 4729 6564 7684 11012 
#module 489 size: 14 bs: 0.207906
64 678 680 1144 1167 3939 4033 5922 5933 7058 8773 9581 10402 12661 
#module 490 size: 11 bs: 0.396101
257 1628 3435 3472 5813 5822 5908 6357 6898 7789 10504 
#module 491 size: 15 bs: 0.115608
1065 1749 2324 2785 3487 4804 4930 4963 5117 6151 7078 7917 8139 9838 11442 
#module 492 size: 6 bs: 0.542867
927 5636 5904 6659 9115 9252 
#module 493 size: 16 bs: 0.835775
2007 2120 2346 4455 4466 4902 5490 5724 5928 6037 8310 9026 9062 9226 10514 10543 
#module 494 size: 9 bs: 0.145355
1949 3819 5584 5652 6301 7398 7634 8882 9641 
#module 495 size: 4 bs: 0.498499
726 2473 7626 8953 
#module 496 size: 17 bs: 0.959506
1243 1477 1887 2493 2609 3107 3151 3527 4886 5307 6578 7932 8234 8695 9419 10172 10267 
#module 497 size: 7 bs: 0.206912
13 1551 1845 5522 6113 7990 11788 
#module 498 size: 24 bs: 0.206827
424 642 686 906 956 1142 1240 1384 2990 3703 3767 5096 5784 6176 6437 7373 8304 8508 8701 9083 9662 9901 10532 10964 
#module 499 size: 16 bs: 0.585907
108 1639 3169 3233 3561 3809 3870 4212 4587 5052 8408 8571 8656 10358 10692 12678 
#module 500 size: 19 bs: 0.329912
211 493 494 1486 1790 1842 1853 2490 2991 3167 3822 5216 5704 6264 7039 9658 9680 10920 11701 
#module 501 size: 21 bs: 0.632706
66 357 648 948 1110 1723 1804 2985 4525 4722 6451 6757 6884 7982 8009 8602 8728 9317 9515 9632 13019 
#module 502 size: 8 bs: 1.00993
1114 1459 3093 4521 6985 7864 9654 11556 
#module 503 size: 9 bs: 0.45602
1405 2733 3469 4296 4467 6979 8389 8554 10617 
#module 504 size: 4 bs: 0.536009
3503 10425 10746 10802 
#module 505 size: 7 bs: 0.236674
1003 1880 3524 4357 4760 6752 7775 
#module 506 size: 9 bs: 0.566268
1331 1904 4534 5689 6598 7354 7664 8639 9414 
#module 507 size: 12 bs: 0.280002
310 1263 1522 1716 2007 3847 4239 4273 5077 6019 9290 10359 
#module 508 size: 25 bs: 0.401607
174 1024 1073 1492 1503 1811 2072 2475 2600 3005 3168 3316 3514 5091 5866 6367 6744 7426 7668 7909 8242 8537 8570 9223 10376 
#module 509 size: 14 bs: 0.592688
604 1181 1457 1622 2375 3196 5788 6060 6516 6994 8286 9233 9598 9600 
#module 510 size: 10 bs: 0.586951
325 345 727 2551 2761 4638 5808 7133 8815 13065 
#module 511 size: 20 bs: 0.916085
54 158 513 1653 1958 2709 3563 3873 4076 5010 5267 5470 6081 6328 6806 6823 9888 10650 10826 12575 
#module 512 size: 44 bs: 0.679093
348 783 847 1074 1318 1428 2574 2990 3032 3531 4442 5085 5139 5627 5630 5708 5774 5803 5821 5923 6143 6448 6588 6715 6757 6805 6909 7380 7968 8098 8176 8213 8890 8991 9268 9752 9852 10164 10284 10369 10627 10755 10758 12605 
#module 513 size: 13 bs: 0.571104
624 1822 3883 4651 4728 5662 5836 6003 6486 6953 8282 10081 10211 
#module 514 size: 13 bs: 0.463339
1184 1210 1423 1435 1927 2030 3719 3803 4126 5702 7900 8885 10244 
#module 515 size: 9 bs: 0.341098
3100 3229 3605 3761 4834 6582 8231 8633 9171 
#module 516 size: 18 bs: 0.98401
230 578 1740 2404 3729 3746 4050 4755 5236 5318 7205 7582 8270 8617 8841 9783 10118 10282 
#module 517 size: 26 bs: 0.160887
86 809 1445 2168 2346 2701 3195 3562 3972 3973 4762 5012 5994 6907 7133 7151 8317 8355 8772 8978 8980 9614 10043 10764 10858 11495 
#module 518 size: 4 bs: 0.951297
2681 3083 5328 11694 
#module 519 size: 6 bs: 0.284591
2627 3338 4029 6802 9416 9536 
#module 520 size: 7 bs: 0.660189
594 3333 5763 6479 6541 8250 8912 
#module 521 size: 7 bs: 0.224346
1721 3097 3395 6797 7408 10408 10751 
#module 522 size: 5 bs: 0.599815
1056 5393 6148 6358 7172 
#module 523 size: 17 bs: 0.571821
1441 1716 1740 3739 3746 5429 5525 5856 5881 6043 6301 6333 6422 6537 8773 10508 10904 
#module 524 size: 5 bs: 0.213637
3576 4173 5881 5949 7198 
#module 525 size: 35 bs: 1.01607
991 1085 1499 1634 1729 1864 2078 2262 2590 2954 2998 3130 3468 3566 3694 3776 4351 4499 5346 6400 6516 6799 6918 7240 7397 7652 7770 7914 8321 8362 8935 9089 9967 10866 10992 
#module 526 size: 15 bs: 0.724609
1525 1551 1754 2249 2756 3636 3856 4757 5541 6366 6863 7823 8287 9104 9798 
#module 527 size: 6 bs: 0.275904
1758 3349 3461 7147 7424 9114 
#module 528 size: 12 bs: 1.0939
319 570 634 1054 1102 2145 2689 3781 5619 7183 9504 10891 
#module 529 size: 12 bs: 0.645327
2969 3567 3748 4101 4733 5885 6424 6460 7434 8595 10699 13043 
#module 530 size: 20 bs: 0.814168
442 1419 1611 2325 2377 2482 3052 3243 3676 4245 4956 5189 5465 6942 7104 7670 7800 9357 10500 10919 
#module 531 size: 8 bs: 1.08584
654 806 1876 3223 4198 5455 7703 9625 
#module 532 size: 64 bs: 0.811062
51 139 447 532 900 938 983 1068 1080 1357 1426 1840 1922 2094 2290 2292 2359 2702 2787 2848 3252 3270 3412 3733 3938 4042 4083 4109 4146 4293 4515 4696 4864 4939 5073 5254 5364 6196 6233 6369 6722 6881 7120 7239 7325 7388 7393 7449 7807 7894 7896 7940 8093 8207 8262 8331 8432 8436 8700 9294 9422 10331 10458 12249 
#module 533 size: 5 bs: 0.836249
308 3174 5417 6384 9533 
#module 534 size: 28 bs: 0.289217
20 300 713 924 1302 1933 2329 2709 3372 3532 4709 5021 5182 5278 6087 6626 6736 7271 7683 7766 7839 8977 10238 10728 10747 10832 10888 11593 
#module 535 size: 80 bs: 0.302149
155 157 222 432 558 811 1035 1109 1234 1289 1385 1692 2293 2450 2463 2509 2696 2921 3032 3055 3185 3202 3265 3290 3342 3448 3486 4073 4274 4308 4626 4650 4675 4819 5079 5104 5112 5151 5391 5415 5511 5835 6030 6416 6481 6609 6806 7070 7100 7170 7175 7200 7304 7422 7507 7746 7783 7811 7839 7978 8205 8221 8373 8407 8880 8960 9200 9288 9318 9379 9658 9723 9817 10164 10239 10474 10810 10816 11016 12624 
#module 536 size: 87 bs: 0.386934
205 433 947 968 1224 1271 1293 1482 1529 1547 1839 1856 1906 1961 2366 2394 2410 2450 2685 2721 2743 2841 2930 2961 3111 3148 3260 3484 3742 3956 3961 4367 4514 4615 4628 4653 4671 4726 4731 4915 4923 4979 5127 5451 5565 5818 5944 5977 6280 6642 6733 6758 6813 7268 7384 7456 7721 7764 7868 7876 7916 8309 8584 9168 9182 9261 9363 9586 9617 9794 9819 9821 9971 10049 10566 10620 10654 10661 10795 10803 10841 11082 11159 11266 11372 11565 12594 
#module 537 size: 19 bs: 0.713974
369 3347 3605 3799 4161 5085 5671 6326 6804 7727 8054 8241 8387 8871 10512 10557 10672 10723 11015 
#module 538 size: 69 bs: 0.836803
110 348 588 717 1593 2018 2171 2486 2518 2535 2712 2802 2923 3032 3045 3207 3237 3274 3511 3537 3894 3906 4689 4853 5226 5237 5394 5439 5775 5932 6086 6112 6442 6529 6649 6694 6906 6957 6996 7044 7098 7135 7576 7957 8138 8318 8352 8366 8866 8929 9418 9513 9569 9588 9677 9752 9926 10098 10153 10299 10534 10659 10685 10739 10777 10813 10852 10932 12792 
#module 539 size: 27 bs: 0.715553
569 887 1031 1049 1076 1088 1259 1620 1760 1798 2912 3032 3061 3647 3869 5278 5343 5630 5683 5865 5958 6143 6795 7220 7516 10804 11106 
#module 540 size: 11 bs: 0.187583
1988 2884 3232 3946 6131 7522 7842 8086 8546 9518 10252 
#module 541 size: 9 bs: 0.670445
2056 2216 2433 3108 3268 5613 6610 6871 11380 
#module 542 size: 19 bs: 0.126607
233 1140 1191 1612 1774 3559 3670 4099 6001 6070 6330 6730 7751 7991 8059 8367 8734 9145 11840 
#module 543 size: 5 bs: 0.399005
1975 6297 6665 7500 10647 
#module 544 size: 7 bs: 1.02428
102 709 1225 1938 4433 4900 8258 
#module 545 size: 7 bs: 0.900207
1833 4562 8621 9331 9476 9750 10628 
#module 546 size: 3 bs: 0.57645
6211 7361 8628 
#module 547 size: 6 bs: 0.168103
2927 4122 7399 8118 8385 10598 
#module 548 size: 12 bs: 0.853683
2376 2718 2979 4464 5924 6993 8659 9279 9745 10173 10922 11110 
#module 549 size: 16 bs: 0.214775
1678 2097 2918 3200 4545 4989 6262 8647 8845 9298 9404 9701 9862 10448 11009 11210 
#module 550 size: 5 bs: 0.957736
2684 3512 4629 7281 8563 
#module 551 size: 10 bs: 0.708311
1188 2224 3473 4879 7543 8422 9251 9577 10785 11223 
#module 552 size: 35 bs: 0.84141
899 1156 1430 1726 2563 3279 3440 3508 3791 3878 3962 4326 4567 4613 4707 4860 5051 5146 5157 5246 5459 6599 6616 6711 7406 7651 7719 7941 9274 9709 9740 10256 10355 10472 11150 
#module 553 size: 13 bs: 0.268258
929 3100 3529 4371 5202 5619 5861 6273 7289 7810 9063 9864 11163 
#module 554 size: 12 bs: 0.179877
563 694 2984 4026 5783 6042 7050 7712 9196 9212 9528 10788 
#module 555 size: 11 bs: 0.984407
34 441 1351 2569 3680 6829 7837 8067 8264 10120 10689 
#module 556 size: 22 bs: 0.447682
116 381 518 689 720 966 1014 1088 1466 1479 1489 3459 3516 4343 4415 6076 6161 7119 9758 9969 10449 13019 
#module 557 size: 6 bs: 0.719511
2724 4457 5903 6426 9009 9400 
#module 558 size: 7 bs: 0.952354
1021 2646 2880 7905 8787 11100 11497 
#module 559 size: 43 bs: 0.273517
323 417 852 891 1053 1084 1214 1335 1711 2024 2322 2397 3467 3572 3753 3802 3922 4102 4397 4764 5261 5402 5840 6313 6368 6480 6614 6736 6805 6806 6988 7096 7837 7990 8033 8330 8597 9070 9338 9889 10014 10126 11611 
#module 560 size: 4 bs: 0.625598
23 1005 5780 6524 
#module 561 size: 25 bs: 0.255118
272 446 1290 1381 1651 1807 1831 2488 2563 3535 3890 4861 5265 5660 6283 6699 6867 8131 8233 9353 9436 9995 10079 10104 10701 
#module 562 size: 8 bs: 0.404652
1667 1781 2346 3109 3950 6000 6037 10913 
#module 563 size: 35 bs: 0.99356
7 66 581 1152 1311 2328 2710 3926 4020 4197 4263 5112 5231 5601 5640 6052 6519 6836 7048 7681 7849 7893 8081 8251 8501 9070 9632 9665 9678 9936 10523 10832 11141 11614 12712 
#module 564 size: 15 bs: 1.04965
2492 3820 4048 4085 4374 4605 5038 5158 5508 5760 6954 6965 8685 10080 10316 
#module 565 size: 13 bs: 0.390029
1564 2074 4529 4566 5332 6757 7430 7729 7982 8012 8602 9018 10931 
#module 566 size: 7 bs: 0.182582
364 854 1205 2694 4196 5985 8087 
#module 567 size: 27 bs: 0.444016
863 1100 2239 2253 2442 2576 2578 2911 3153 3342 3932 4090 4494 4694 5104 5141 5746 5779 6416 6481 6789 7008 7492 8121 9034 10134 11463 
#module 568 size: 7 bs: 0.317347
1949 3604 4393 4859 5442 7279 8948 
#module 569 size: 27 bs: 0.134943
185 527 882 1042 1078 1439 1582 2095 2343 2428 2521 3478 4077 5290 5997 6562 7231 7995 8006 8854 9020 9096 10152 10640 10691 11218 11473 
#module 570 size: 9 bs: 1.06824
1740 3805 7390 8140 8886 9071 9361 9934 10751 
#module 571 size: 23 bs: 1.02027
213 222 310 1523 1606 2583 3681 3930 4373 6268 6390 6895 7312 8559 9225 9460 9518 9632 9742 10371 10634 10711 11072 
#module 572 size: 25 bs: 0.753064
302 617 911 1133 2754 2928 3008 3234 4153 4190 4622 5332 5563 5612 5695 5883 6064 6139 6441 7346 7489 8187 9704 10123 10335 
#module 573 size: 11 bs: 0.431352
1415 1584 1694 2092 6772 7237 8147 8837 9695 9910 10223 
#module 574 size: 10 bs: 0.568766
1177 2650 3624 4192 4335 5689 7377 10100 10443 11024 
#module 575 size: 14 bs: 0.953705
8 934 1526 3013 3064 3710 4004 4025 4209 5071 5902 7457 8348 10772 
#module 576 size: 13 bs: 0.157176
1183 1709 2194 2389 3118 5380 6749 7882 8103 9073 9475 9956 10543 
#module 577 size: 4 bs: 0.385245
1237 1763 5921 6563 
#module 578 size: 13 bs: 0.380663
32 109 683 1485 1576 1937 2338 5564 6001 7203 7701 8624 10908 
#module 579 size: 15 bs: 0.276496
474 982 1350 2732 5686 6020 6236 6254 6535 6835 6884 7005 10311 10356 10955 
#module 580 size: 6 bs: 0.659531
1106 6059 6137 6788 8868 9336 
#module 581 size: 6 bs: 0.268798
6210 6349 8278 8699 8937 10839 
#module 582 size: 4 bs: 0.707794
610 2243 2598 7890 
#module 583 size: 33 bs: 0.826155
216 1218 1286 1335 1713 1877 2008 2408 2531 2550 3540 3856 4283 4325 4764 5017 5539 5665 5856 6046 6395 6508 6883 6945 7071 7244 7423 7506 7849 7971 9006 9045 9975 
#module 584 size: 10 bs: 0.410792
367 541 2135 2987 3896 7551 8088 9104 9186 10894 
#module 585 size: 27 bs: 1.06049
84 185 826 939 1282 1794 2928 3240 3246 3285 3368 3396 3449 3895 5590 6168 7024 7088 7544 8095 8314 9216 9359 10007 10103 11215 12720 
#module 586 size: 9 bs: 0.195332
4071 4621 4702 4961 5284 8777 9280 10316 10708 
#module 587 size: 4 bs: 0.859347
2198 3919 4618 6509 
#module 588 size: 11 bs: 0.554317
335 1552 2898 3551 7077 7673 8010 8119 9753 10460 10576 
#module 589 size: 17 bs: 0.631259
31 39 537 907 4172 4917 5132 5175 5510 5816 5882 6593 6658 7226 9371 10416 10682 
#module 590 size: 7 bs: 0.769129
986 4169 5133 6465 6982 10488 10776 
#module 591 size: 9 bs: 0.586473
304 3129 3248 3271 6645 8082 8907 8923 9204 
#module 592 size: 13 bs: 0.473046
600 877 1200 1303 1377 1750 2455 2658 2760 3497 6501 6663 7691 
#module 593 size: 77 bs: 0.108776
143 323 352 421 525 652 818 1109 1129 1130 1218 1401 1706 1741 1850 1857 2395 2484 2862 2913 3043 3480 3625 3627 4003 4316 4481 4869 4938 4993 5026 5112 5375 5385 5402 5727 5970 6094 6287 6507 6661 6903 7044 7055 7112 7126 7170 7175 7334 7423 7926 7981 8025 8307 8333 8364 8412 8803 8955 9278 9339 9712 9880 9912 10409 10420 10639 10653 10862 10936 11008 11093 11243 11487 11491 12679 12949 
#module 594 size: 41 bs: 0.150561
851 857 883 966 1398 1414 1716 1739 1791 2109 2365 2819 3219 3423 3590 4475 4903 5045 5466 5625 5838 6021 6057 6271 6286 7044 7170 7319 8114 9021 9374 9831 9871 9945 9955 10077 10120 10512 10825 10876 11092 
#module 595 size: 19 bs: 0.747552
1818 2250 3245 3574 5247 6056 6114 6687 6904 7700 8671 8691 8812 8982 8992 9788 9831 10372 10556 
#module 596 size: 8 bs: 0.653687
196 572 998 1637 3042 5499 8047 12638 
#module 597 size: 8 bs: 0.556927
1044 1433 1539 4972 5979 6281 8099 8265 
#module 598 size: 5 bs: 0.302264
762 2733 6474 9317 11258 
#module 599 size: 11 bs: 0.462584
468 1303 1740 5227 5988 7286 8959 9104 9203 10001 10248 
#module 600 size: 18 bs: 0.483655
559 1214 1375 1619 3151 3324 5445 5910 6578 7016 7063 7333 7877 8203 8887 8958 9419 10565 
#module 601 size: 6 bs: 0.326379
2931 3613 5787 6440 6628 10526 
#module 602 size: 9 bs: 0.71789
546 1837 3308 3361 3575 4291 6365 8675 10963 
#module 603 size: 7 bs: 0.367262
841 4447 4943 5420 6471 8918 10857 
#module 604 size: 14 bs: 0.890482
714 786 815 1175 2064 3091 3509 4524 4616 6602 7056 9344 11272 12523 
#module 605 size: 10 bs: 0.605534
1636 3007 4019 6527 6924 8015 8330 9639 11483 11709 
#module 606 size: 13 bs: 0.131009
57 555 3232 3605 3606 3612 3649 3669 3768 3826 4397 7979 8086 
#module 607 size: 55 bs: 0.715564
97 430 485 534 967 1095 1105 1115 1178 1273 1326 1778 2108 2110 2333 2704 2719 2978 3218 3597 3941 4104 4142 4201 4240 4472 4717 4797 5040 5053 5144 5165 5585 5593 5801 5832 6213 6538 6742 6874 7107 7130 7873 7895 7934 8515 8801 8939 9100 9467 9603 10132 10277 11169 11434 
#module 608 size: 23 bs: 0.852033
165 300 493 1630 1818 2128 3467 3759 4241 4370 4841 5149 5225 5336 5899 6009 7611 7714 7995 8791 10241 10586 10832 
#module 609 size: 4 bs: 0.453568
3432 4995 6892 8757 
#module 610 size: 16 bs: 0.5457
2491 2943 3384 3400 4132 6496 6893 7003 7738 7923 8172 8174 8261 9277 9985 10666 
#module 611 size: 11 bs: 0.345498
206 710 1315 3836 4218 4929 6171 8350 8556 8913 9327 
#module 612 size: 8 bs: 0.990714
1485 2383 4665 7311 8382 10276 10750 12933 
#module 613 size: 16 bs: 0.735423
122 268 1739 1935 2149 3383 3609 3763 3954 4552 4645 4969 6383 7351 8112 8676 
#module 614 size: 29 bs: 1.02405
227 650 707 876 1041 1785 2252 2371 3124 3150 3393 3641 3977 4018 4664 4858 4893 5004 5093 5691 5996 7149 7610 7674 9629 9860 10346 10881 12584 
#module 615 size: 9 bs: 0.879593
1113 2449 3117 5082 5577 5916 7837 7996 12902 
#module 616 size: 15 bs: 0.282496
839 891 2024 2746 2955 3376 5309 6156 7854 8175 9202 9478 10126 10348 10859 
#module 617 size: 9 bs: 1.01775
875 1108 1348 1657 4546 6209 6943 7287 8219 
#module 618 size: 7 bs: 0.201661
1058 1685 1874 5675 6640 7169 10605 
#module 619 size: 6 bs: 0.881963
3686 6408 8455 9512 9573 10885 
#module 620 size: 13 bs: 0.629348
1644 1789 2057 2496 2976 3122 3232 4057 6450 6585 7134 8720 10427 
#module 621 size: 5 bs: 0.770265
2251 4408 5725 10966 11337 
#module 622 size: 20 bs: 0.585719
785 1303 1714 1740 1748 2104 4006 4522 6705 7242 7261 7305 7697 8097 8896 10127 10432 10606 10680 10711 
#module 623 size: 13 bs: 0.274509
999 1054 1238 2015 3595 4301 4833 5174 5361 6472 7386 8608 10919 
#module 624 size: 7 bs: 0.57282
2655 3162 3422 6544 6558 9343 9663 
#module 625 size: 93 bs: 0.516916
29 137 718 897 981 1050 1119 1291 1496 1554 1592 1759 1918 2040 2055 2129 2155 2447 2553 2836 2861 3377 3425 3439 3486 3828 3841 4061 4178 4208 4395 4485 4655 4699 4837 5067 5201 5727 5756 5830 5891 6247 6364 6430 6515 6529 6664 6675 6751 7085 7096 7112 7444 7709 7723 7727 7779 7875 7897 7911 7960 7968 8160 8179 8225 8550 8736 8808 8894 8903 8915 8945 8970 9040 9401 9408 9419 9810 9959 10193 10238 10469 10547 10557 10583 10672 10698 10812 11015 11134 11136 11601 12586 
#module 626 size: 24 bs: 0.181113
473 629 649 972 2075 3121 3179 3643 4227 5019 5083 5962 6183 6828 7290 8158 8360 9098 9110 9139 9485 11540 11701 11980 
#module 627 size: 173 bs: 0.591392
12 40 76 307 390 466 583 690 931 982 1022 1135 1387 1409 1412 1453 1575 1615 1826 1907 1913 1947 1984 2025 2051 2132 2164 2166 2184 2214 2235 2238 2278 2344 2378 2393 2427 2465 2528 2592 2618 2663 2700 2793 2851 2896 2897 3022 3023 3040 3125 3159 3185 3203 3205 3211 3319 3341 3351 3364 3417 3513 3518 3644 3650 3655 3728 3766 3787 3878 3909 3943 3948 3951 4000 4052 4128 4214 4234 4285 4599 4688 4778 4855 4909 5001 5054 5074 5114 5142 5249 5446 5454 5460 5463 5509 5732 5980 5986 6005 6033 6054 6067 6109 6149 6154 6188 6195 6221 6310 6487 6540 6583 6717 6718 6723 6817 6840 6853 7040 7087 7095 7123 7300 7344 7379 7381 7411 7413 7529 7535 7549 7571 7802 7828 7945 8272 8361 8588 8697 8853 9058 9091 9297 9356 9442 9534 9555 9560 9587 9627 9675 9679 9708 9717 9741 9757 9791 9792 9850 10018 10031 10374 10406 10596 10729 10834 10869 11027 12495 12641 12862 13003 
#module 628 size: 41 bs: 0.321494
150 222 432 783 1554 1722 1789 1881 2403 2990 3186 3259 3449 3594 3968 3999 4046 4470 4486 5084 5217 5363 5405 5582 6324 6390 6499 7047 7321 7473 8098 8263 8381 8696 8724 9040 9614 10196 10405 10517 11107 
#module 629 size: 18 bs: 0.225905
350 569 1851 1944 2319 2703 3806 4097 6992 7011 7321 7334 7702 7771 8843 9685 10323 10344 
#module 630 size: 16 bs: 0.92031
1491 3156 4592 6134 6329 7429 8091 8170 8193 8609 9042 9293 10113 10184 10292 10455 
#module 631 size: 4 bs: 0.419646
3704 5239 5621 6407 
#module 632 size: 18 bs: 0.965114
1434 1853 2137 3639 4204 4399 5507 5804 5946 6039 6411 6434 7020 7039 7840 8966 9814 10914 
#module 633 size: 10 bs: 0.985779
1784 4080 6126 6504 6655 8290 8791 10274 10347 11571 
#module 634 size: 50 bs: 0.541934
172 312 362 370 377 420 803 828 919 943 1233 1371 1373 1751 1867 2185 2302 2607 2860 3212 3287 3429 3569 3675 3910 4967 5181 5233 5810 6412 7323 7722 7749 8340 8666 8942 9444 9547 10033 10151 10247 10271 10476 10599 10679 11192 11193 11274 12582 12977 
#module 635 size: 22 bs: 0.529391
202 1033 1501 1976 2257 2353 2503 2545 3187 3192 3305 3581 4820 5628 5886 6637 7946 9021 9106 10868 10879 11453 
#module 636 size: 31 bs: 0.443245
1161 1328 1850 2040 2068 2346 3106 3506 3842 3900 4006 4481 4543 4559 4801 5010 5015 5552 6102 6176 6539 6903 6945 8042 8115 8407 8828 8883 9624 10650 12575 
#module 637 size: 17 bs: 0.727259
41 637 1477 2146 2403 3963 5549 6207 6317 7263 7810 8150 8230 8765 9537 10010 10618 
#module 638 size: 33 bs: 0.32044
7 589 637 1544 1652 2054 3444 3529 3939 3963 4097 4632 5234 5503 5850 5901 6001 6324 6473 6641 6903 6990 7409 7451 8098 9099 9473 9901 9949 10584 10671 10916 11451 
#module 639 size: 10 bs: 0.131132
334 1941 2515 3428 4721 7866 8214 9316 10270 12652 
#module 640 size: 11 bs: 0.537906
2237 2384 6239 7799 7881 8899 9197 9674 9944 9973 10270 
#module 641 size: 33 bs: 0.740099
382 1090 1418 2315 2335 2723 2767 3014 3056 3210 3893 4287 4386 4561 4761 4863 5418 5745 6222 6786 7099 7740 8642 8806 9176 9249 9289 9800 9923 10094 11445 11584 11966 
#module 642 size: 7 bs: 1.0776
848 1145 1213 1897 7171 9441 11481 
#module 643 size: 19 bs: 0.949791
672 1765 1944 2620 3131 3803 4047 4523 5279 6206 6748 7021 7128 7454 8468 9492 10164 10753 12889 
#module 644 size: 9 bs: 0.909211
1659 3132 4692 4807 7328 10224 10399 10985 12679 
#module 645 size: 49 bs: 0.209217
314 383 620 973 1155 1343 1352 2542 2825 2863 3085 3463 3665 4197 4216 4537 4554 4812 5151 5193 5351 5512 5556 5632 5650 5665 5898 6022 6052 6311 6432 6590 6922 7527 7888 8038 8054 8081 8632 8637 8901 8988 9678 9893 9921 10233 11106 11162 11435 
#module 646 size: 9 bs: 0.424979
888 1262 1487 4795 4828 7502 8056 9689 10712 
#module 647 size: 10 bs: 0.246535
1209 1262 1476 2970 3264 3832 5485 6869 9693 10568 
#module 648 size: 8 bs: 0.444806
1440 1560 4786 5190 6809 8740 9886 10020 
#module 649 size: 25 bs: 1.06466
215 346 554 992 1900 2163 2466 2791 3420 3952 4363 4652 5707 6013 7418 8308 8495 8788 8850 8971 10468 10533 11018 11334 12609 
#module 650 size: 14 bs: 0.415489
834 975 1391 1406 2548 4189 4996 5128 5321 7326 7435 8987 9373 9843 
#module 651 size: 39 bs: 0.474044
116 190 330 440 1007 1524 1572 1629 1812 1852 2513 3154 3299 3411 3444 3471 3907 5539 5557 5564 5939 6251 6317 6761 7119 7364 7663 7683 7793 9036 9138 9456 9584 9612 9759 10143 10222 10883 11419 
#module 652 size: 19 bs: 0.499365
467 606 1002 1149 1294 2804 3087 4809 5449 5606 6217 6245 6582 6646 7587 7615 8618 9211 9786 
#module 653 size: 11 bs: 0.645856
2730 4378 5653 6923 7054 7682 7808 8554 10046 10179 11239 
#module 654 size: 32 bs: 0.703575
153 1277 1507 2287 2367 2537 2635 3410 3823 4023 4069 4145 4366 4966 5454 5615 6108 6128 6630 6739 7042 7585 8200 8410 9027 9167 9217 9348 9580 10251 10273 10318 
#module 655 size: 87 bs: 0.497208
47 120 480 561 640 761 842 872 933 1137 1354 1661 1666 2035 2142 2421 2557 2606 2926 2950 3660 3668 3863 3915 3964 4052 4061 4116 4123 4273 4369 4449 4540 4542 4544 4580 4701 4752 4829 4845 4976 5050 5134 5386 5494 5671 5856 6016 6199 6421 6573 6600 6601 6644 6675 6750 6994 7071 7308 7317 7448 8332 8485 8684 9047 9355 9368 9458 9546 9594 9720 9783 9841 9906 10118 10215 10490 10923 10956 10987 11069 11385 11733 12494 12595 12746 12874 
#module 656 size: 14 bs: 0.243317
778 1519 1681 2196 2312 2604 5416 6338 6484 6819 7710 8246 10119 10298 
#module 657 size: 13 bs: 0.403929
327 474 1027 1128 2286 6565 7078 7556 8586 8599 9840 10610 10952 
#module 658 size: 11 bs: 0.350524
2489 2564 2585 2656 2910 3465 3855 4744 5877 6457 8703 
#module 659 size: 162 bs: 0.376219
38 51 332 452 521 532 758 767 769 797 901 979 1009 1011 1012 1030 1062 1068 1082 1159 1173 1195 1235 1239 1283 1323 1357 1504 1801 1840 1863 1885 1922 1990 2148 2211 2232 2625 2661 2682 2778 2787 2846 2848 2870 2907 2957 3082 3270 3360 3519 3558 3559 3679 3848 3882 3974 4001 4072 4293 4295 4346 4413 4446 4490 4504 4636 4666 4814 4826 4835 4868 4901 5194 5218 5220 5392 5396 5500 5533 5633 5678 5701 5809 5952 6150 6228 6350 6427 6443 6653 6740 6767 6793 6905 6961 7062 7068 7072 7154 7306 7389 7441 7518 7553 7594 7735 7838 7861 7966 8166 8207 8210 8222 8342 8426 8432 8436 8440 8523 8526 8557 8601 8655 8835 8905 9109 9299 9323 9342 9410 9415 9431 9501 9510 9539 9550 9559 9604 9867 9939 9953 9980 10070 10093 10213 10246 10259 10331 10515 10677 10715 10749 10752 10799 10916 11067 11155 11256 11270 11340 12645 
#module 660 size: 14 bs: 0.59463
618 2434 4232 4340 4677 4885 6085 7658 7825 8439 9570 10133 10574 10716 
#module 661 size: 6 bs: 0.475715
2441 3258 5308 5542 6754 8968 
#module 662 size: 8 bs: 1.01223
835 902 5498 5888 6674 7929 9846 11410 
#module 663 size: 29 bs: 0.921138
1160 1586 2152 2212 2412 2520 2928 2988 3259 3790 3958 3968 5275 6391 6468 6964 7044 7378 7963 8254 8580 9040 9893 9950 10135 10208 10312 12492 12527 
#module 664 size: 34 bs: 0.432337
973 1029 1092 1132 1259 1556 2001 2297 2792 3591 3610 4341 5035 5357 5506 5563 5749 6075 6168 6936 7090 7380 7766 7961 7985 8020 8070 8143 8155 8368 8419 8892 10164 11711 
#module 665 size: 12 bs: 0.777907
885 1624 1696 1699 2885 5548 5963 6175 6270 9417 10660 11591 
#module 666 size: 18 bs: 0.683619
169 913 1824 3105 3311 3908 4135 4705 5401 5785 6138 6312 9483 9891 10056 10835 11225 11383 
#module 667 size: 26 bs: 0.424993
347 988 1008 1245 1422 1424 2154 2649 2695 2739 4768 6276 6304 6596 7074 7208 7298 7696 8411 8874 8921 9179 9655 10226 10308 10836 
