#module 0 size: 12 bs: 3.35509e-13
116 349 368 404 444 530 607 804 841 916 934 987 
#module 1 size: 27 bs: 0.022889
4 63 102 105 285 293 325 355 369 376 453 454 458 468 472 528 545 679 689 705 807 822 842 870 877 913 919 
#module 2 size: 21 bs: 2.53412e-07
64 119 199 215 330 339 384 391 416 429 514 522 699 744 778 797 867 903 945 951 962 
#module 3 size: 24 bs: 2.53412e-07
57 65 87 119 143 215 384 391 416 497 608 627 635 641 656 721 729 786 797 819 887 951 962 969 
#module 4 size: 9 bs: 0.00227681
51 191 390 415 425 734 762 816 900 
#module 5 size: 10 bs: 1.16573e-14
387 433 535 589 668 671 764 848 875 986 
#module 6 size: 54 bs: 0.000303584
18 67 90 97 123 127 134 143 169 188 209 216 241 250 253 300 308 352 355 366 402 414 436 448 462 463 464 499 506 512 514 570 591 593 626 640 642 698 699 702 710 735 748 757 767 768 811 883 903 906 935 936 969 981 
#module 7 size: 20 bs: 0.000236138
48 51 118 161 163 185 271 343 347 485 559 596 624 639 652 676 711 784 906 948 
#module 8 size: 20 bs: 1.16573e-14
33 38 58 64 104 111 282 295 344 358 391 487 646 668 721 731 744 825 926 946 
#module 9 size: 8 bs: 0.00073627
299 444 483 517 571 574 812 863 
#module 10 size: 46 bs: 1.46574e-07
12 39 76 141 145 148 165 183 206 231 242 244 251 272 276 283 293 317 342 356 364 399 411 417 418 424 427 431 451 508 553 557 607 612 619 622 678 716 769 780 804 818 834 855 941 956 
#module 11 size: 18 bs: 0.000313312
39 89 103 108 240 334 379 411 459 481 484 524 543 576 599 858 971 972 
#module 12 size: 7 bs: 0.00428256
111 243 358 514 565 868 923 
#module 13 size: 4 bs: 2.22045e-16
388 426 542 944 
#module 14 size: 16 bs: 0.0264509
3 52 89 347 439 474 492 536 590 638 652 713 730 843 898 919 
#module 15 size: 23 bs: 6.27703e-08
26 125 179 193 213 238 243 287 308 354 371 497 517 526 569 579 610 616 840 845 885 895 916 
#module 16 size: 25 bs: 4.41903e-05
36 60 78 168 219 227 315 372 413 419 474 494 495 516 527 580 634 637 638 658 659 665 802 867 934 
#module 17 size: 17 bs: 0.00496674
8 13 19 34 42 49 117 237 288 327 378 409 504 718 769 796 977 
#module 18 size: 22 bs: 0.0363311
19 48 115 117 211 237 257 279 300 324 378 467 518 639 758 777 805 837 839 879 940 973 
#module 19 size: 24 bs: 1.96063e-06
87 138 328 412 457 465 490 499 501 527 536 538 584 586 604 624 625 637 668 712 721 773 939 962 
#module 20 size: 17 bs: 1.9006e-07
59 80 133 140 232 245 246 322 395 416 421 440 457 544 647 764 957 
#module 21 size: 9 bs: 2.09042e-06
58 208 270 278 321 549 550 765 938 
#module 22 size: 5 bs: 0.0795766
221 788 791 949 979 
#module 23 size: 18 bs: 1.36654e-06
7 57 65 104 123 193 204 216 255 269 323 427 531 546 645 708 875 967 
#module 24 size: 18 bs: 6.46614e-07
85 298 422 445 476 485 553 582 584 593 651 703 725 781 782 814 858 883 
#module 25 size: 10 bs: 0.00061584
368 370 382 412 540 612 692 693 814 942 
#module 26 size: 9 bs: 8.74573e-08
33 322 643 709 727 731 813 874 895 
#module 27 size: 27 bs: 2.35457e-11
30 36 37 42 87 135 245 298 308 351 375 385 387 396 478 493 544 649 692 753 778 797 819 917 935 936 951 
#module 28 size: 16 bs: 1.2903e-06
11 86 128 142 371 488 560 716 732 774 849 850 890 904 943 987 
#module 29 size: 21 bs: 2.99944e-06
64 82 125 143 171 184 235 414 496 565 644 655 785 788 791 912 931 939 958 969 981 
#module 30 size: 39 bs: 0.682806
13 75 85 100 111 139 168 173 194 236 282 287 289 292 295 329 330 344 353 357 421 474 525 538 555 587 593 614 628 663 677 681 694 781 784 802 881 884 907 
#module 31 size: 29 bs: 0.492769
27 89 146 149 159 172 181 202 224 281 301 304 336 457 510 543 589 611 651 657 660 669 800 809 824 855 865 920 963 
#module 32 size: 15 bs: 0.114204
76 169 212 235 310 312 350 375 486 513 619 702 735 940 961 
#module 33 size: 37 bs: 0.14739
5 22 46 56 62 70 112 117 130 249 263 290 311 337 340 375 397 470 554 602 653 662 667 700 719 730 737 750 752 761 766 772 826 844 909 921 944 
#module 34 size: 31 bs: 0.532078
29 34 50 71 110 118 124 157 159 203 208 211 240 251 285 318 346 348 381 406 502 507 592 595 717 738 742 757 758 790 905 
#module 35 size: 55 bs: 0.332777
15 51 59 80 84 88 98 99 107 124 144 162 170 214 232 266 303 319 349 394 410 428 440 456 476 524 537 555 575 581 584 587 588 596 599 609 613 621 625 628 695 746 747 762 776 799 803 817 841 893 900 915 925 930 980 
#module 36 size: 38 bs: 1.02366
22 50 79 120 159 203 220 234 268 331 333 337 345 346 362 442 494 543 585 614 620 640 730 752 763 801 809 851 855 861 882 888 892 899 914 921 959 975 
#module 37 size: 48 bs: 0.440869
10 55 83 96 101 142 156 164 197 200 205 206 208 210 230 261 341 379 383 387 396 398 442 450 498 533 576 601 637 650 670 683 745 751 755 760 770 830 834 840 850 871 902 943 948 955 966 983 
#module 38 size: 12 bs: 1.01435
2 93 128 165 166 168 547 605 632 726 886 917 
#module 39 size: 18 bs: 0.876654
14 141 149 207 345 363 386 488 715 722 728 849 856 947 948 951 971 972 
#module 40 size: 16 bs: 0.861449
82 138 171 184 235 256 274 488 629 683 723 785 815 849 897 912 
