#module 0 size: 48 bs: 0.685738
4 17 23 27 33 55 60 70 101 121 138 144 153 157 161 176 182 203 204 209 217 219 226 234 240 243 246 259 260 284 288 301 304 329 333 359 364 367 400 412 417 429 498 520 533 544 549 558 
#module 1 size: 50 bs: 0.49014
11 59 66 69 74 85 88 97 113 119 147 151 178 192 194 252 258 300 312 319 326 336 354 356 377 386 393 405 421 435 451 453 472 474 479 481 486 495 500 501 515 523 537 543 548 566 589 591 602 603 
#module 2 size: 63 bs: 1.08575
2 12 19 34 37 50 56 72 82 84 93 100 103 111 123 133 142 152 155 160 178 199 237 271 292 302 303 306 307 315 322 326 328 343 345 348 368 369 372 386 392 394 406 408 411 414 457 474 478 481 492 495 496 501 509 523 536 537 553 566 589 602 603 
#module 3 size: 22 bs: 0.725357
23 29 40 95 109 112 154 220 235 236 275 288 295 318 320 382 418 423 440 448 462 562 
#module 4 size: 32 bs: 0.972093
91 98 129 137 147 184 191 207 212 233 261 310 319 355 358 375 403 435 469 476 477 482 486 519 530 547 563 570 574 582 586 588 
#module 5 size: 55 bs: 0.440362
25 30 60 71 79 83 90 96 102 127 146 159 166 168 177 190 202 206 208 210 211 222 224 229 239 242 247 251 254 256 276 281 287 289 291 363 387 397 402 413 415 437 439 473 493 494 497 511 513 524 551 555 576 587 595 
#module 6 size: 30 bs: 0.384242
21 42 48 63 130 135 167 195 230 257 305 311 325 340 342 398 406 419 445 446 456 465 475 499 516 518 526 539 559 597 
#module 7 size: 54 bs: 0.178065
44 49 52 53 86 94 106 107 115 116 117 131 132 155 165 189 193 197 198 205 218 225 249 264 268 270 272 283 294 308 321 323 327 331 350 352 355 370 374 379 387 433 443 464 473 489 504 535 551 554 567 593 600 601 
#module 8 size: 35 bs: 0.994389
23 105 109 125 139 148 216 227 232 250 267 298 299 317 349 365 378 383 388 390 447 470 480 488 491 529 531 545 549 565 573 575 594 596 604 
#module 9 size: 21 bs: 0.929784
28 41 47 85 87 99 136 175 184 248 341 357 399 426 430 508 552 569 572 584 590 
#module 10 size: 30 bs: 0.863463
7 46 64 73 75 81 102 131 134 159 163 190 198 215 223 242 270 321 360 467 487 504 512 538 541 542 546 555 560 561 
#module 11 size: 20 bs: 0.472201
13 16 92 112 124 196 277 285 293 335 351 449 463 468 484 485 510 528 556 598 
#module 12 size: 29 bs: 0.134134
4 6 18 31 45 54 58 140 143 174 180 200 262 265 273 314 338 361 396 407 450 460 502 503 557 571 581 585 606 
#module 13 size: 35 bs: 0.950862
32 61 68 108 122 150 181 185 188 221 228 236 253 280 286 309 334 344 362 376 380 391 401 404 425 434 441 452 455 505 506 550 577 580 605 
#module 14 size: 23 bs: 0.933899
8 9 57 65 126 170 179 238 263 269 278 351 371 381 409 422 454 461 514 517 568 578 579 
#module 15 size: 21 bs: 0.36484
36 77 114 158 162 164 183 255 274 332 366 384 410 427 428 458 521 522 540 599 607 
#module 16 size: 27 bs: 0.425103
14 29 38 62 67 173 267 282 298 313 316 324 330 337 347 389 432 436 455 471 483 490 506 507 527 534 577 
#module 17 size: 16 bs: 0.956378
1 3 20 35 80 104 145 171 187 244 296 297 416 438 459 466 
#module 18 size: 61 bs: 0.505411
5 6 10 15 22 24 26 39 43 51 58 76 78 89 102 110 118 120 128 140 141 149 156 169 170 172 186 201 213 214 231 241 245 263 266 273 279 290 339 346 353 360 361 371 373 385 395 420 422 424 431 442 444 459 460 525 532 564 583 592 606 
