#module 0 size: 37 bs: 0.706674
26 58 70 71 76 100 108 142 160 163 177 187 189 231 239 243 315 345 363 375 402 414 417 453 527 539 583 648 680 825 875 877 887 909 912 937 982 
#module 1 size: 92 bs: 1.06605
13 15 17 35 49 51 73 82 96 117 119 139 153 159 162 168 173 179 184 197 209 215 229 232 240 263 269 284 300 304 307 314 320 341 372 376 378 383 389 416 426 431 434 437 441 451 464 470 481 492 504 512 526 529 544 565 574 584 585 594 614 652 653 663 681 682 691 694 708 752 753 777 782 786 792 801 808 814 824 827 830 843 849 863 866 893 899 924 926 951 963 977 
#module 2 size: 16 bs: 0.606173
144 149 156 301 305 319 324 354 355 410 497 540 612 672 703 949 
#module 3 size: 35 bs: 0.843304
29 31 45 69 72 85 125 127 145 204 219 287 292 322 336 337 346 382 386 452 461 466 475 553 595 674 713 715 723 789 855 911 971 973 985 
#module 4 size: 53 bs: 0.122538
67 112 115 120 132 174 186 205 206 222 227 233 237 250 261 279 296 317 390 394 405 419 449 457 459 472 473 483 567 592 603 632 647 673 689 718 719 735 740 744 754 769 799 820 876 888 915 940 941 942 967 975 983 
#module 5 size: 121 bs: 0.471877
7 19 21 22 25 32 46 52 54 55 63 64 75 79 80 81 98 99 101 102 103 111 124 128 130 137 169 178 182 193 214 218 221 225 235 248 252 255 257 310 311 312 333 334 353 371 384 399 403 406 424 428 432 436 440 458 460 482 485 498 500 514 515 524 528 531 532 535 545 547 554 557 559 560 561 566 569 575 577 587 599 600 622 628 636 638 645 667 688 702 709 728 746 750 765 772 781 791 793 796 803 837 845 850 871 879 882 900 906 913 916 920 921 922 923 950 959 966 970 980 987 
#module 6 size: 42 bs: 0.836898
2 87 97 123 143 155 164 172 207 230 251 254 276 278 279 325 343 344 360 405 411 433 456 465 480 496 571 623 631 656 677 683 714 735 742 762 842 889 892 940 941 961 
#module 7 size: 88 bs: 1.06063
4 28 33 34 38 68 84 91 105 107 116 133 146 175 210 216 234 245 247 265 268 274 277 280 282 286 293 297 340 351 352 362 395 443 467 476 510 513 519 523 534 537 543 551 579 589 591 598 601 608 610 615 617 619 621 624 634 639 641 649 692 730 731 737 743 745 749 757 760 767 773 774 776 788 807 826 864 884 890 894 898 904 925 934 938 953 964 979 
#module 8 size: 1 bs: 1
3 
#module 9 size: 1 bs: 1
525 
#module 10 size: 1 bs: 1
294 
#module 11 size: 1 bs: 1
860 
#module 12 size: 1 bs: 1
795 
#module 13 size: 1 bs: 1
797 
#module 14 size: 1 bs: 1
804 
#module 15 size: 1 bs: 1
445 
#module 16 size: 1 bs: 1
939 
#module 17 size: 1 bs: 1
581 
#module 18 size: 1 bs: 1
655 
#module 19 size: 1 bs: 1
764 
#module 20 size: 1 bs: 1
582 
#module 21 size: 1 bs: 1
446 
#module 22 size: 1 bs: 1
249 
#module 23 size: 1 bs: 1
439 
#module 24 size: 1 bs: 1
487 
#module 25 size: 1 bs: 1
61 
#module 26 size: 1 bs: 1
404 
#module 27 size: 1 bs: 1
308 
#module 28 size: 1 bs: 1
200 
#module 29 size: 1 bs: 1
593 
#module 30 size: 1 bs: 1
198 
#module 31 size: 1 bs: 1
650 
#module 32 size: 1 bs: 1
330 
#module 33 size: 1 bs: 1
550 
#module 34 size: 1 bs: 1
241 
#module 35 size: 1 bs: 1
201 
#module 36 size: 1 bs: 1
976 
#module 37 size: 1 bs: 1
640 
#module 38 size: 1 bs: 1
350 
#module 39 size: 1 bs: 1
11 
#module 40 size: 1 bs: 1
596 
#module 41 size: 1 bs: 1
488 
#module 42 size: 1 bs: 1
16 
#module 43 size: 1 bs: 1
104 
#module 44 size: 1 bs: 1
40 
#module 45 size: 1 bs: 1
39 
#module 46 size: 1 bs: 1
295 
#module 47 size: 1 bs: 1
298 
#module 48 size: 1 bs: 1
270 
#module 49 size: 1 bs: 1
356 
#module 50 size: 1 bs: 1
396 
#module 51 size: 1 bs: 1
339 
#module 52 size: 1 bs: 1
720 
#module 53 size: 1 bs: 1
447 
#module 54 size: 1 bs: 1
958 
#module 55 size: 1 bs: 1
862 
#module 56 size: 1 bs: 1
502 
#module 57 size: 1 bs: 1
88 
#module 58 size: 1 bs: 1
658 
#module 59 size: 1 bs: 1
908 
#module 60 size: 1 bs: 1
679 
#module 61 size: 1 bs: 1
684 
#module 62 size: 1 bs: 1
546 
#module 63 size: 1 bs: 1
686 
#module 64 size: 1 bs: 1
306 
#module 65 size: 1 bs: 1
217 
#module 66 size: 1 bs: 1
506 
#module 67 size: 1 bs: 1
839 
#module 68 size: 1 bs: 1
486 
#module 69 size: 1 bs: 1
157 
#module 70 size: 1 bs: 1
613 
#module 71 size: 1 bs: 1
643 
#module 72 size: 1 bs: 1
812 
#module 73 size: 1 bs: 1
751 
#module 74 size: 1 bs: 1
522 
#module 75 size: 1 bs: 1
969 
#module 76 size: 1 bs: 1
508 
#module 77 size: 1 bs: 1
902 
#module 78 size: 1 bs: 1
895 
#module 79 size: 1 bs: 1
978 
#module 80 size: 1 bs: 1
869 
#module 81 size: 1 bs: 1
872 
#module 82 size: 1 bs: 1
716 
#module 83 size: 1 bs: 1
77 
