#module 0 size: 8 bs: 8.10463e-14
11 54 101 170 294 366 522 557 
#module 1 size: 3 bs: 1.84381e-06
180 261 297 
#module 2 size: 4 bs: 3.29221e-05
208 220 402 512 
#module 3 size: 7 bs: 0.000314622
126 149 168 194 280 523 539 
#module 4 size: 4 bs: 6.67719e-10
232 381 488 538 
#module 5 size: 3 bs: 5.07209e-101
116 162 412 
#module 6 size: 7 bs: 0.0108641
207 296 357 364 452 517 567 
#module 7 size: 6 bs: 2.54241e-14
31 43 417 425 490 505 
#module 8 size: 6 bs: 1.22902e-13
156 244 352 476 482 489 
#module 9 size: 3 bs: 3.10095e-101
240 293 454 
#module 10 size: 15 bs: 1.09674
80 91 115 122 189 222 291 322 334 438 441 457 542 566 607 
#module 11 size: 15 bs: 1.06884
35 36 55 108 112 158 164 231 238 319 404 456 514 521 552 
#module 12 size: 7 bs: 0.306894
314 315 434 451 466 469 589 
#module 13 size: 12 bs: 0.618807
57 73 75 150 181 247 348 380 403 510 532 588 
#module 14 size: 11 bs: 0.901937
3 124 215 234 259 263 296 299 369 458 554 
#module 15 size: 5 bs: 1.05673
9 49 163 390 535 
#module 16 size: 7 bs: 0.964284
89 95 221 306 325 435 436 
#module 17 size: 14 bs: 0.368455
90 114 174 175 199 227 233 392 423 463 525 527 549 564 
#module 18 size: 9 bs: 0.876883
8 54 85 86 421 445 447 491 578 
#module 19 size: 4 bs: 0.191131
344 371 483 507 
#module 20 size: 11 bs: 0.902844
81 88 143 311 313 333 395 437 530 559 593 
#module 21 size: 11 bs: 0.58586
22 93 156 213 246 333 336 405 418 429 556 
#module 22 size: 8 bs: 0.413429
110 164 223 283 309 323 400 569 
#module 23 size: 3 bs: 0.337145
119 341 544 
#module 24 size: 5 bs: 0.901477
56 190 254 363 553 
#module 25 size: 19 bs: 0.907556
14 15 59 80 102 136 202 224 228 308 330 340 374 391 422 446 499 562 590 
#module 26 size: 20 bs: 0.706494
60 76 97 99 104 105 122 130 148 245 256 257 328 349 375 393 397 440 597 600 
#module 27 size: 10 bs: 0.703307
66 78 179 196 226 279 465 468 546 594 
#module 28 size: 9 bs: 0.848488
187 198 305 318 358 382 386 498 508 
#module 29 size: 5 bs: 0.561966
144 239 268 471 528 
#module 30 size: 6 bs: 0.38148
18 58 64 82 536 551 
#module 31 size: 10 bs: 0.180483
19 58 107 167 253 277 301 358 377 540 
#module 32 size: 9 bs: 0.922566
35 63 203 206 232 265 320 367 385 
#module 33 size: 19 bs: 0.988742
25 74 118 161 193 209 230 237 307 342 353 428 431 439 443 444 492 584 598 
#module 34 size: 4 bs: 0.299871
241 281 424 487 
#module 35 size: 4 bs: 0.788043
128 152 316 474 
#module 36 size: 11 bs: 1.01897
72 103 177 287 323 414 455 485 494 509 516 
#module 37 size: 13 bs: 0.539075
24 50 171 266 282 290 378 383 398 404 409 411 462 
#module 38 size: 8 bs: 0.291874
28 39 71 284 298 326 411 478 
#module 39 size: 6 bs: 0.958478
156 206 249 376 479 500 
#module 40 size: 13 bs: 0.168306
51 52 92 109 184 205 232 250 265 286 352 354 503 
#module 41 size: 7 bs: 0.198603
128 165 201 347 416 455 461 
#module 42 size: 10 bs: 0.360274
6 229 236 269 334 415 518 568 580 605 
#module 43 size: 12 bs: 0.940072
29 31 42 67 68 110 118 151 298 365 384 496 
#module 44 size: 8 bs: 0.10515
32 40 41 62 242 251 531 545 
#module 45 size: 4 bs: 0.616302
10 140 513 604 
#module 46 size: 7 bs: 0.983237
113 169 248 274 433 442 524 
#module 47 size: 12 bs: 0.839485
16 20 31 81 192 215 259 260 284 460 525 601 
#module 48 size: 6 bs: 0.634703
96 146 187 234 296 362 
#module 49 size: 20 bs: 0.138052
5 17 61 69 129 155 159 165 169 217 219 225 272 337 338 389 419 553 573 599 
#module 50 size: 7 bs: 0.119564
182 200 329 339 396 404 548 
#module 51 size: 9 bs: 0.74767
38 41 139 259 285 351 504 558 561 
#module 52 size: 20 bs: 0.918512
21 58 83 100 120 135 142 145 166 176 218 265 303 360 450 467 506 529 572 592 
#module 53 size: 6 bs: 0.438772
94 243 302 343 370 376 
#module 54 size: 6 bs: 0.318559
53 123 133 270 355 394 
#module 55 size: 8 bs: 0.893674
84 100 138 151 203 459 563 586 
#module 56 size: 7 bs: 0.714387
149 187 312 407 410 477 515 
#module 57 size: 7 bs: 0.654035
3 87 160 273 295 458 532 
#module 58 size: 13 bs: 0.786414
4 44 121 157 173 191 255 258 368 387 426 547 602 
#module 59 size: 15 bs: 0.101833
26 33 37 47 125 210 240 263 327 329 345 361 375 448 453 
#module 60 size: 11 bs: 0.917492
20 23 62 172 197 212 271 284 332 356 511 
#module 61 size: 5 bs: 0.745011
300 321 359 526 533 
#module 62 size: 9 bs: 0.248901
14 77 101 278 366 373 408 486 550 
#module 63 size: 6 bs: 0.863208
1 30 65 279 430 519 
#module 64 size: 9 bs: 0.468314
2 36 98 186 211 214 262 296 555 
#module 65 size: 9 bs: 0.766877
127 185 235 346 372 388 427 470 585 
#module 66 size: 17 bs: 0.237298
13 27 46 58 131 147 153 275 317 372 401 502 520 522 541 543 571 
#module 67 size: 8 bs: 0.241269
117 252 292 350 472 534 579 603 
#module 68 size: 10 bs: 0.74635
7 45 79 134 141 169 183 304 432 565 
#module 69 size: 7 bs: 0.924639
52 204 265 267 333 484 493 
