#module 0 size: 31 bs: 0.000672367
5 178 244 257 271 303 308 337 345 363 365 379 459 559 565 608 613 650 667 669 734 762 775 806 836 861 892 918 1020 1030 1271 
#module 1 size: 26 bs: 0.0209603
50 76 140 180 197 265 280 315 362 433 452 523 568 586 594 614 671 811 815 832 906 956 974 1283 1366 1368 
#module 2 size: 18 bs: 0.00395692
209 226 231 255 306 335 406 553 554 583 668 687 759 910 973 1127 1326 1339 
#module 3 size: 50 bs: 0.885182
54 55 190 206 207 208 215 227 238 239 249 281 299 307 374 428 439 468 519 540 547 558 565 566 581 585 619 627 651 672 706 748 749 783 813 818 829 840 868 869 883 916 917 934 972 982 1008 1092 1276 1377 
#module 4 size: 61 bs: 0.934478
48 62 63 71 134 135 136 141 151 169 200 214 229 243 256 279 298 304 327 346 352 353 364 387 397 414 419 430 443 527 593 594 595 600 601 609 616 640 653 685 689 695 696 707 710 717 758 791 800 812 819 820 831 837 849 852 856 908 915 979 1267 
#module 5 size: 101 bs: 0.300181
51 62 81 88 89 92 98 124 126 127 148 155 176 205 216 236 246 250 254 286 293 296 317 318 328 329 330 331 332 335 380 388 395 410 413 419 422 429 431 436 438 455 464 471 472 473 525 528 556 560 563 569 573 577 588 591 618 624 630 637 646 673 677 690 693 700 715 730 731 732 733 739 750 765 789 804 814 826 855 884 888 894 901 905 909 912 956 970 981 986 994 999 1024 1029 1140 1252 1283 1295 1304 1333 1359 
#module 6 size: 31 bs: 1.01204
48 86 87 190 206 366 372 377 390 406 425 463 469 474 490 545 548 585 623 703 704 706 709 710 769 803 824 829 859 982 1351 
#module 7 size: 23 bs: 0.630861
165 177 210 235 248 271 452 549 589 608 613 622 662 810 836 861 892 906 974 1020 1030 1271 1295 
#module 8 size: 27 bs: 0.102583
49 78 108 248 269 311 319 343 381 407 411 453 460 521 522 542 549 589 598 615 636 649 786 892 953 978 1220 
#module 9 size: 62 bs: 0.172405
1 68 90 110 115 125 132 142 146 162 214 230 252 264 292 301 302 320 338 361 367 378 397 418 440 450 466 538 539 550 579 582 617 639 657 658 663 666 684 713 714 722 740 747 752 807 827 851 863 875 876 898 900 904 947 954 969 983 997 1013 1267 1302 
#module 10 size: 78 bs: 0.412374
3 6 61 67 69 73 77 100 102 103 108 118 119 128 145 161 179 184 217 219 220 247 258 262 268 269 285 294 305 339 349 376 399 402 426 432 445 460 475 521 526 529 537 541 551 567 595 599 601 603 635 636 641 707 714 753 766 767 788 798 800 808 830 872 890 907 928 931 938 960 961 966 978 998 1009 1264 1353 1363 
#module 11 size: 77 bs: 0.821776
3 60 61 67 69 73 75 77 81 88 91 92 93 98 102 138 191 192 220 246 260 263 294 296 300 329 330 394 399 422 423 426 429 432 436 464 473 511 537 542 551 561 567 570 575 587 600 603 606 652 681 686 692 693 695 707 750 751 757 765 772 800 814 823 830 854 872 894 905 914 961 962 970 1011 1140 1149 1216 
#module 12 size: 7 bs: 0.542919
116 359 682 744 761 787 838 
#module 13 size: 132 bs: 0.489591
4 7 10 11 12 14 15 16 17 18 20 21 25 26 27 30 31 32 33 34 36 38 42 46 72 82 94 97 99 137 170 181 204 226 236 240 242 266 267 275 334 336 340 351 404 415 420 451 455 491 505 568 638 642 671 673 701 708 716 721 727 738 774 776 793 844 855 881 884 893 897 909 921 939 956 959 963 1007 1023 1033 1039 1043 1053 1064 1071 1093 1099 1112 1115 1132 1136 1170 1177 1183 1196 1202 1224 1228 1234 1240 1246 1253 1265 1274 1277 1283 1299 1300 1301 1303 1306 1307 1316 1317 1319 1320 1327 1328 1329 1330 1335 1337 1340 1341 1342 1350 1355 1356 1358 1371 1375 1378 
#module 14 size: 49 bs: 0.347986
146 148 155 202 210 228 234 245 259 293 310 312 317 325 332 375 378 418 426 427 435 456 461 462 543 557 560 596 628 676 688 715 726 737 746 755 794 799 801 814 816 867 875 877 902 984 997 1029 1267 
#module 15 size: 43 bs: 0.180156
86 111 114 122 154 157 160 183 253 284 401 474 545 558 559 562 580 644 664 667 705 719 742 763 797 809 824 829 864 871 880 887 895 911 936 949 971 977 988 1006 1008 1016 1275 
#module 16 size: 95 bs: 0.819882
68 74 80 104 106 107 129 150 153 160 182 193 196 198 203 211 213 251 270 288 291 297 320 321 326 347 361 367 371 372 373 383 392 393 398 416 447 457 535 539 564 582 592 604 607 627 631 654 674 675 680 694 698 718 723 724 728 771 802 821 828 834 841 842 843 851 858 863 878 891 896 899 903 932 935 952 957 965 967 969 983 996 1000 1015 1017 1018 1021 1025 1031 1209 1217 1219 1296 1352 1362 
#module 17 size: 104 bs: 0.969048
13 19 22 23 24 28 29 35 37 64 66 170 221 241 253 273 290 316 323 369 382 441 444 454 483 505 532 621 626 632 644 705 720 768 790 817 835 844 883 887 921 937 939 964 971 977 980 987 989 995 1001 1027 1032 1033 1041 1042 1048 1053 1058 1064 1071 1086 1093 1105 1120 1121 1136 1150 1157 1164 1170 1190 1202 1221 1222 1240 1246 1258 1266 1268 1269 1270 1274 1285 1293 1294 1298 1308 1315 1318 1322 1324 1332 1336 1338 1360 1361 1364 1365 1369 1370 1372 1373 1374 
#module 18 size: 49 bs: 1.07378
2 5 52 96 107 178 188 212 215 233 350 354 396 412 437 519 540 644 651 669 691 697 702 741 762 775 806 835 862 899 913 918 920 950 951 971 1042 1078 1141 1142 1221 1223 1282 1284 1321 1334 1349 1367 1376 
#module 19 size: 20 bs: 0.163713
128 131 218 225 266 324 325 400 409 465 611 620 623 642 665 784 893 1305 1323 1331 
#module 20 size: 50 bs: 0.534133
58 105 130 222 232 277 348 351 368 370 384 389 446 448 455 470 530 536 546 548 568 576 584 612 633 643 645 660 683 729 730 760 792 825 853 870 873 879 882 886 919 929 930 958 976 999 1022 1218 1297 1325 
#module 21 size: 160 bs: 0.882762
53 56 57 59 65 70 79 95 101 109 112 113 117 120 121 123 133 139 143 144 147 149 152 156 158 159 163 164 166 167 168 185 186 187 189 194 195 199 201 223 224 237 261 272 274 276 278 282 283 287 289 295 309 313 314 322 333 341 342 343 344 349 355 356 357 358 360 385 386 391 403 405 408 417 421 424 434 442 449 458 467 476 497 512 520 524 531 533 534 544 552 555 571 572 574 578 583 590 597 599 602 603 605 610 625 629 634 647 648 655 656 659 661 670 678 679 699 711 712 725 735 736 743 745 754 756 764 770 773 795 796 805 822 833 839 850 857 860 865 866 874 885 889 933 948 955 968 975 985 1010 1012 1014 1019 1026 1028 1040 1272 1273 1354 1357 
