#module 0 size: 6 bs: 0.00161585
333 2223 2467 3295 6167 6819 
#module 1 size: 4 bs: 0.0240645
242 520 4501 6676 
#module 2 size: 5 bs: 0.674204
1028 1106 2767 2854 5766 
#module 3 size: 5 bs: 0.874303
6 2077 2773 3994 4694 
#module 4 size: 4 bs: 1.03336
524 918 4038 4845 
#module 5 size: 5 bs: 0.529274
1564 2731 2846 5501 5904 
#module 6 size: 4 bs: 0.666479
3096 3531 4387 5250 
#module 7 size: 5 bs: 1.05819
1963 2041 4987 5496 6772 
#module 8 size: 5 bs: 0.11118
2018 2551 2615 4634 6595 
#module 9 size: 18 bs: 0.656842
584 1549 2134 2141 2417 2863 2893 3127 3346 4906 5354 5421 5451 5506 5730 6224 6513 6648 
#module 10 size: 5 bs: 0.958244
34 138 1573 2003 3163 
#module 11 size: 7 bs: 0.222944
169 2584 2790 2927 4558 4966 5644 
#module 12 size: 4 bs: 1.02992
729 1446 2541 3041 
#module 13 size: 28 bs: 0.214186
416 589 692 731 1029 1318 1320 1480 2288 2593 2604 3028 3091 3788 5037 5230 5233 5277 5510 5668 6022 6134 6244 6315 6427 6432 6462 6694 
#module 14 size: 33 bs: 0.153084
646 839 848 1163 1852 1863 1941 2171 2274 2464 2552 2965 3053 3210 3372 3486 3919 3999 4050 4129 4219 4288 4415 4918 4936 5019 5593 5595 6569 6642 6750 6775 6780 
#module 15 size: 5 bs: 0.484994
680 1587 3668 5862 6023 
#module 16 size: 9 bs: 0.827409
276 625 1501 2533 2589 2954 4261 4608 6791 
#module 17 size: 9 bs: 0.892022
46 260 941 1239 1994 2261 2520 5795 6333 
#module 18 size: 8 bs: 0.895373
816 1592 2168 3001 3358 3586 4223 5368 
#module 19 size: 107 bs: 0.642367
211 267 336 561 572 628 683 764 797 854 1010 1037 1073 1169 1217 1234 1268 1287 1310 1396 1418 1464 1599 1636 1648 1712 1783 1786 1796 1833 1888 1892 1896 1927 1928 2068 2072 2349 2350 2493 2558 2617 2669 2698 2721 2889 2894 2968 3018 3113 3201 3276 3328 3370 3398 3445 3461 3580 3727 3743 3750 3852 3955 4138 4180 4198 4222 4241 4383 4414 4425 4549 4722 4736 4762 4802 4829 4871 5018 5051 5065 5109 5172 5209 5287 5318 5382 5459 5498 5548 5870 5875 5903 5911 5913 5952 5968 6029 6089 6133 6180 6380 6421 6586 6739 6795 6811 
#module 20 size: 41 bs: 0.216678
471 796 1353 1488 1500 2141 2194 2248 2415 2498 2581 2700 2750 2893 3029 3060 3158 3382 3518 3799 3803 4408 4615 4793 4845 5273 5353 5493 5707 5730 5975 6009 6098 6179 6224 6242 6267 6363 6513 6648 6833 
#module 21 size: 7 bs: 0.452486
135 2398 2531 3173 4079 5222 6060 
#module 22 size: 10 bs: 0.213808
674 1000 1415 2203 2206 2963 3542 5020 6228 6579 
#module 23 size: 19 bs: 0.968842
271 384 387 425 505 724 1072 1188 1394 1498 2014 2019 2097 2493 2664 3353 5094 5472 6195 
#module 24 size: 8 bs: 0.177699
156 852 1082 2201 2478 3850 4635 6031 
#module 25 size: 19 bs: 0.923339
1387 1441 1455 1637 2530 2780 2976 3083 3320 3834 3877 4542 4728 4737 5694 5771 6255 6707 6719 
#module 26 size: 14 bs: 0.872851
113 1153 1200 1438 1738 3345 4019 4321 4504 4588 5168 5719 5726 6922 
#module 27 size: 26 bs: 0.932018
235 415 817 1406 1911 2521 2550 2746 3370 3476 3885 4400 4410 4478 4481 4484 4820 4908 5052 5103 5343 5397 5647 5716 6504 6724 
#module 28 size: 16 bs: 0.775962
1474 1699 1732 1820 2367 2454 2656 2698 3243 3866 4730 4965 5418 5881 6241 6792 
#module 29 size: 59 bs: 0.608298
198 486 786 971 1001 1168 1250 1417 1629 1655 1777 2002 2011 2137 2225 2340 2342 2384 2422 2489 2632 2682 2702 2833 3020 3330 3456 3541 3922 3962 3970 4049 4170 4208 4298 4525 4686 4785 4873 4925 4975 5098 5201 5550 5622 5671 5761 5778 5793 5800 5810 5887 6065 6279 6409 6443 6561 6652 6920 
#module 30 size: 19 bs: 0.893486
535 567 1102 1577 2189 2581 3055 3117 3119 3315 3739 4042 4163 4347 5025 5280 5350 6119 6628 
#module 31 size: 46 bs: 1.02737
11 461 623 735 805 860 870 1073 1090 1516 1682 2300 2514 2555 2582 2617 3074 3122 3241 3276 3290 3660 3867 3932 4386 4405 4505 4792 4827 5209 5276 5335 5508 5607 5652 5706 5758 5923 5970 6089 6121 6379 6501 6516 6553 6846 
#module 32 size: 20 bs: 0.25675
405 522 556 616 666 750 1430 1613 1989 2293 2598 3983 4332 4508 5385 5457 5876 6436 6517 6651 
#module 33 size: 67 bs: 0.313116
87 151 274 336 642 681 686 753 983 1245 1278 1381 1404 1416 1541 1548 1757 1925 1927 1928 1942 2043 2049 2120 2298 2322 2353 2370 2387 2570 2639 2695 2912 3035 3062 3412 3480 3524 3566 3573 3664 3785 3898 3952 4005 4121 4198 4314 4427 4619 4630 4786 4797 4992 5226 5357 5358 5503 5774 5839 6021 6202 6206 6518 6621 6700 6836 
#module 34 size: 45 bs: 0.670119
32 155 643 718 740 896 966 1013 1137 1195 1225 1241 1372 1412 1909 1934 2414 2455 2457 2676 2766 2815 3224 3299 3355 3501 3540 3582 3639 3653 4316 4322 4483 4575 4788 4821 4924 5266 5450 5513 5552 5595 6162 6201 6463 
#module 35 size: 50 bs: 0.655338
126 163 330 743 813 991 1092 1095 1228 1263 1434 1495 1640 1790 2311 2381 2474 2517 2579 2588 2699 2882 2990 3016 3065 3075 3423 3488 3530 3633 3886 3907 4234 4662 4733 4748 5037 5265 5359 5364 5369 5554 5908 6022 6075 6131 6480 6630 6785 6866 
#module 36 size: 44 bs: 1.00699
72 133 143 230 245 281 369 400 752 887 1096 1457 1627 1713 1760 2190 2362 2421 2810 2820 2895 2956 3301 3350 3478 3908 4305 4430 4579 4684 4808 4846 5077 5264 5295 5410 5929 5978 6270 6431 6562 6592 6605 6638 
#module 37 size: 62 bs: 0.71237
299 332 369 447 542 598 904 1096 1206 1349 1358 1508 1538 1648 1691 1992 2488 2519 2721 2784 2788 2948 3130 3251 3393 3438 3446 3492 3769 3824 3859 3925 4255 4326 4425 4565 4796 4973 4997 5011 5034 5155 5326 5374 5699 5830 5880 5938 5968 6171 6178 6214 6365 6408 6421 6431 6461 6464 6599 6830 6843 6888 
#module 38 size: 90 bs: 0.888778
19 36 76 189 218 231 249 279 293 663 668 675 686 719 728 737 754 757 769 888 984 1016 1020 1213 1254 1429 1548 1562 1590 1625 1646 1758 1814 1911 1942 2131 2219 2318 2370 2475 2506 2532 2690 2727 2776 3035 3062 3090 3212 3268 3289 3536 3560 3566 3612 3614 3898 3952 4006 4340 4368 4417 4526 4619 4763 4764 4786 4790 4802 4885 4890 4935 4968 5024 5078 5183 5226 5253 5524 5577 5773 5774 5817 5963 6051 6381 6411 6558 6743 6836 
#module 39 size: 51 bs: 0.34857
301 407 410 603 768 1252 1282 1294 1298 1460 1547 1672 1679 1688 2125 2433 2608 2724 2804 3218 3260 3397 3622 3981 4024 4119 4200 4362 4396 4440 4460 4750 4825 5095 5136 5159 5303 5355 5366 5552 5555 5811 6033 6069 6090 6129 6196 6210 6262 6625 6921 
#module 40 size: 32 bs: 0.46496
298 872 910 1621 1701 1920 1959 1970 2227 2375 2461 2930 2938 3472 3779 3806 4081 4384 4465 4485 4703 4711 4790 5125 5192 5360 5448 5648 5874 5939 6092 6725 
#module 41 size: 66 bs: 0.995665
183 328 337 338 363 364 440 509 536 653 769 840 1083 1183 1257 1292 1555 1720 1949 2106 2135 2235 2301 2357 2383 2386 2404 2424 2447 2479 2566 2865 3048 3072 3105 3332 3408 3463 3528 3535 3822 3912 3975 3993 4155 4639 4651 4777 5013 5033 5127 5188 5672 5808 5910 5911 6108 6122 6256 6300 6317 6330 6390 6454 6547 6851 
#module 42 size: 92 bs: 0.116187
66 110 129 137 144 161 201 210 226 378 416 515 585 618 667 688 697 716 871 878 913 952 975 988 1138 1190 1247 1364 1453 1514 1585 1694 1771 1870 1917 1923 2188 2254 2288 2305 2385 2573 2576 2595 2602 2619 2880 3008 3030 3086 3146 3235 3360 3499 3530 3591 3644 3910 3917 4037 4077 4114 4216 4306 4733 4739 4900 4918 4953 5010 5045 5179 5187 5231 5254 5288 5306 5372 5468 5594 5632 5686 5825 5840 5928 5982 6160 6467 6527 6673 6710 6790 
#module 43 size: 50 bs: 0.954274
4 167 273 285 376 435 498 504 545 554 647 689 779 890 949 1017 1144 1935 2082 2444 2462 2672 2840 3181 3194 3222 3255 4017 4020 4026 4040 4365 4366 4392 4496 4556 4840 4860 4994 5124 5617 5624 5676 5889 5893 6653 6671 6709 6716 6918 
#module 44 size: 42 bs: 0.685746
7 53 148 1099 1232 1439 1483 1713 1762 1768 1795 2123 2313 2323 2560 2886 2913 2953 3160 3606 3812 3843 4140 4189 4551 4564 4803 4846 4895 5144 5162 5525 5792 5846 5906 6006 6115 6232 6419 6439 6500 6562 
#module 45 size: 33 bs: 0.122242
282 327 397 562 614 851 1038 1085 1103 1148 1211 1272 2627 2955 2982 3196 3537 3747 3818 3960 4192 4230 4706 4789 4804 5659 5725 5836 6038 6110 6263 6305 6812 
#module 46 size: 25 bs: 0.509382
25 39 451 788 863 1127 1233 1405 1578 1792 1806 1907 2217 3003 3085 3238 3448 3597 3789 3976 4228 4667 4751 5150 6034 
#module 47 size: 35 bs: 0.804543
38 265 277 811 1018 1170 1348 1479 1513 1631 1657 1743 2243 2269 2327 2343 2757 2957 2988 3193 4086 4149 4402 4545 4622 5297 5304 5476 5600 5700 5816 5945 6277 6319 6820 
#module 48 size: 49 bs: 0.708792
77 142 309 349 502 651 695 857 938 943 1005 1147 1492 1503 1509 1649 1725 1871 2070 2148 2337 2613 2847 2923 2928 3089 3296 3491 3984 3990 4158 4547 4726 4729 4927 5143 5292 5477 5704 5735 5907 6059 6332 6389 6403 6668 6677 6829 6919 
#module 49 size: 82 bs: 0.792009
244 270 453 457 589 592 627 659 807 1031 1059 1162 1240 1276 1291 1420 1442 1459 1461 1486 1520 1523 1569 1601 1605 1652 1674 1703 2214 2215 2379 2515 2674 2713 2723 2771 2849 2975 3032 3088 3155 3392 3570 3753 3778 3780 3795 3796 4031 4154 4319 4363 4734 4740 4760 5149 5207 5327 5442 5471 5645 5731 5842 5845 5853 5882 5950 5953 6057 6185 6198 6205 6238 6253 6285 6309 6322 6482 6485 6578 6597 6644 
#module 50 size: 56 bs: 0.589595
10 351 379 492 730 808 940 974 1077 1174 1192 1347 1422 1566 1843 1904 1971 1983 1987 2294 2439 3216 3245 3271 3331 3351 3400 3440 3441 3657 3719 3823 3936 4068 4100 4346 4388 4665 4677 4844 4969 5193 5270 5562 5698 5798 5821 5856 5976 6146 6230 6366 6405 6478 6497 6712 
#module 51 size: 41 bs: 0.85022
91 243 641 829 851 1077 1145 1211 1366 1437 1566 1791 1914 2496 2606 2752 2944 2982 3120 3143 3221 3322 3369 3574 3650 3657 3831 3884 3980 4126 4388 4397 4474 4583 4809 4904 4979 5014 5836 6478 6908 
#module 52 size: 27 bs: 0.931275
452 559 590 912 1375 1899 1968 2040 2086 2125 2331 2527 2608 3820 3826 3845 4051 4267 4336 4362 5267 5334 5993 6128 6490 6576 6583 
#module 53 size: 57 bs: 0.898011
80 183 216 283 326 594 645 698 770 1152 1243 1772 1780 1781 1805 1966 2242 2392 2495 2732 2789 2827 2970 2997 3043 3105 3287 3373 3512 3520 3567 3875 3888 3929 3948 4273 4469 4470 4546 4547 4578 4582 4803 4864 5143 5167 5342 5362 5518 5590 5616 5844 5974 6081 6102 6135 6304 
#module 54 size: 47 bs: 0.715195
45 109 223 344 482 640 775 1126 1342 1376 1502 1544 1735 1787 1811 1991 2090 2095 2096 2130 2208 2688 2697 2926 3139 3150 3192 3585 3916 4016 4045 4313 4847 4884 4974 5488 5490 6061 6105 6175 6273 6357 6376 6554 6560 6567 6570 
#module 55 size: 35 bs: 0.195629
180 278 322 604 821 892 968 1069 1161 1351 1425 1608 1609 2066 2138 2171 2192 2196 2473 2844 3125 3321 3335 3502 3522 3977 4161 4244 4364 4461 5481 5796 5967 6231 6793 
#module 56 size: 88 bs: 0.639407
104 257 366 367 460 501 785 846 945 1009 1074 1117 1151 1283 1301 1305 1448 1633 1661 1670 1848 1878 1907 2010 2162 2246 2272 2306 2484 2490 2670 2692 2740 2845 2994 3133 3161 3239 3267 3347 3395 3415 3439 3459 3483 3601 3609 3866 3963 4129 4269 4353 4361 4370 4428 4443 4581 4660 4816 4874 4881 4926 4952 4958 4989 5073 5100 5104 5106 5408 5416 5417 5449 5588 5655 5711 5748 5914 6077 6080 6204 6276 6424 6503 6750 6827 6852 6875 
#module 57 size: 65 bs: 1.04789
129 233 313 527 533 538 576 590 790 962 992 1021 1129 1244 1642 1668 1702 1875 1876 2028 2099 2321 2510 2513 2526 2651 2668 2677 2742 2908 3114 3190 3270 3361 3402 3418 3617 3687 3754 4077 4224 4324 4509 4604 4614 4625 4787 4861 4951 5066 5206 5917 5921 6000 6027 6050 6114 6173 6258 6392 6659 6728 6755 6802 6856 
#module 58 size: 36 bs: 0.107204
111 193 305 403 818 822 1236 1253 1369 1542 1659 1964 2078 2125 2537 2621 2624 2812 3239 3980 4059 4142 4862 4990 5090 5215 5400 5606 5622 5690 5807 5983 6013 6113 6613 6727 
#module 59 size: 59 bs: 0.464638
22 79 239 254 343 422 516 587 745 809 1005 1026 1047 1121 1308 1526 1527 1635 1837 1916 2148 2224 2358 2634 2793 3038 3089 3371 3640 3684 3715 3793 4265 4562 4682 4713 5185 5244 5473 5495 5586 5842 5873 5969 5998 6041 6071 6095 6137 6264 6268 6281 6334 6413 6440 6640 6826 6829 6916 
#module 60 size: 43 bs: 0.868713
423 638 682 847 849 939 958 1201 1308 1350 1533 1628 1710 1744 2711 2744 2814 2832 2872 2972 3736 3802 3841 4139 4168 4817 5195 5224 5325 5396 5756 5814 5855 5951 6026 6039 6097 6321 6499 6531 6545 6584 6726 
#module 61 size: 64 bs: 0.774588
74 123 172 394 425 792 911 919 932 1024 1032 1035 1084 1187 1199 1215 1392 1398 1468 1582 1731 1753 1789 1797 2249 2286 2400 2704 2796 2811 2816 2920 2941 2952 3042 3098 3229 3430 3466 3805 3953 4041 4221 4569 4632 4716 5076 5118 5148 5160 5220 5234 5338 5614 5630 5724 5739 5956 6144 6249 6334 6417 6430 6628 
#module 62 size: 61 bs: 0.844494
118 197 206 256 531 701 742 995 1261 1271 1334 1748 1759 1801 2035 2073 2157 2346 2446 2500 2554 2556 2799 2819 2857 3106 3187 3337 3354 3431 3656 3782 3813 3816 3851 3915 4015 4092 4102 4162 4243 4438 4592 4783 4806 4855 5012 5202 5212 5337 5502 5693 5751 5958 6066 6269 6415 6420 6602 6604 6740 
#module 63 size: 37 bs: 0.429404
391 402 677 956 1007 1230 1258 1665 1930 2127 2309 2352 2477 2578 2792 3177 3515 3869 3942 3988 3998 4008 4109 4333 4795 4963 5086 5413 5429 5584 6203 6383 6407 6434 6445 6744 6871 
#module 64 size: 21 bs: 0.887132
295 476 796 807 1064 1091 1300 1657 1712 2395 2491 2754 2779 3064 3726 4201 4736 5287 5695 6328 6795 
#module 65 size: 62 bs: 1.00626
54 96 389 422 514 568 745 809 1262 1346 1449 1450 1526 1527 1664 2179 2325 2397 2437 2503 2590 2618 2625 2712 2770 2868 2949 3154 3156 3640 3801 3854 4595 4606 4659 4675 5029 5169 5207 5289 5290 5312 5469 5507 5543 5572 5592 5842 5918 5969 6001 6016 6036 6137 6239 6334 6617 6803 6826 6839 6905 6923 
#module 66 size: 12 bs: 0.758519
176 409 1532 1656 1733 2897 2935 2996 3797 4737 6762 6912 
#module 67 size: 60 bs: 0.205792
100 165 417 900 906 960 1066 1097 1189 1333 1525 1681 1714 1752 1767 1940 2046 2084 2207 2328 2538 2575 3137 3178 3304 3426 3800 3810 3964 4036 4093 4182 4204 4497 4628 4677 4701 4717 5043 5071 5087 5239 5287 5426 5529 5564 5602 5633 5649 5687 5721 5791 6306 6404 6447 6481 6643 6683 6809 6810 
#module 68 size: 98 bs: 0.475624
35 42 49 70 237 291 306 434 442 560 617 712 955 958 972 999 1064 1086 1120 1154 1201 1309 1323 1339 1345 1350 1428 1463 1489 1507 1517 1530 1580 1616 1623 1657 1744 1800 1825 1851 2048 2238 2313 2402 2860 2879 2986 3051 3317 3420 3469 3549 3627 3749 3758 3791 3798 3802 3930 4175 4318 4433 4534 4547 4561 4597 4671 4690 4761 4993 5160 5162 5234 5275 5376 5440 5663 5708 5715 5743 5776 5784 5814 5857 5858 5869 5898 5927 5977 6026 6094 6318 6600 6629 6763 6797 6860 6892 
#module 69 size: 62 bs: 0.27795
258 335 393 479 543 642 836 881 944 967 1246 1895 1898 1903 2012 2145 2209 2216 2295 2370 2387 2607 2647 2841 2947 3021 3134 3189 3263 3264 3395 3514 3556 3665 3672 3742 3767 3848 4169 4328 4419 4427 4451 4464 4476 4627 4843 4875 4898 4970 5004 5060 5446 5738 5788 5797 5971 6158 6225 6339 6622 6641 
#module 70 size: 112 bs: 0.703135
2 26 98 115 136 145 146 184 347 352 370 373 439 561 601 628 679 767 791 948 1012 1133 1159 1252 1261 1278 1294 1306 1388 1427 1465 1575 1653 1669 1698 1711 1783 1784 1786 1936 2025 2062 2172 2187 2268 2296 2330 2360 2393 2418 2524 2544 2592 2620 2781 3004 3077 3168 3211 3261 3280 3282 3352 3365 3368 3377 3403 3412 3507 3511 3553 3564 3647 3938 3946 4104 4279 4331 4348 4371 4448 4449 4490 4589 4878 4961 4986 4988 5070 5084 5136 5357 5366 5479 5483 5515 5642 5677 5684 5789 5827 5985 6206 6308 6523 6529 6625 6696 6700 6701 6705 6861 
#module 71 size: 67 bs: 0.912948
15 125 253 437 494 624 942 989 1104 1365 1634 1910 2175 2265 2280 2419 2568 2689 2694 2777 2794 2808 2850 2885 2950 3232 3324 3454 3468 3516 3533 3596 3804 4010 4095 4252 4284 4399 4413 4800 4871 4887 4985 5072 5130 5184 5387 5458 5485 5500 5540 5729 5740 6084 6161 6192 6211 6229 6288 6364 6388 6469 6526 6582 6606 6863 6869 
#module 72 size: 38 bs: 0.963444
69 523 611 636 656 705 744 855 1338 1729 2022 2074 2160 2334 2347 2354 2962 3071 3249 3258 3587 3914 3924 4249 4303 4344 4543 5083 5377 5492 5834 6123 6170 6393 6484 6590 6619 6754 
#module 73 size: 44 bs: 0.851898
78 99 290 316 365 686 741 753 783 801 978 1289 1307 1402 1436 1707 1736 1961 2009 2468 2482 2525 2690 2839 2890 2912 3026 3416 3561 3784 3937 4815 4991 5057 5180 5651 5964 6083 6120 6148 6479 6603 6699 6915 
#module 74 size: 53 bs: 0.51309
112 308 418 614 825 1109 1223 1262 1457 1466 1493 1630 1700 2065 2660 2687 2762 2783 2958 3024 3025 3227 3290 3340 3613 3629 3708 3781 3815 4403 4445 4554 4659 4684 4688 4699 4738 4894 5186 5430 5614 5763 5785 5787 5929 5932 6025 6058 6149 6246 6372 6397 6534 
#module 75 size: 47 bs: 0.735534
195 262 420 453 471 796 853 1291 1465 1478 1486 1500 1614 1681 1818 2111 2348 2515 2700 2750 2851 2937 2942 2943 3029 3099 3155 3458 3799 3808 3872 3982 4033 4536 4652 4744 5176 5204 5214 5273 5427 5888 6043 6238 6242 6363 6857 
#module 76 size: 55 bs: 0.301649
1 59 207 323 359 414 430 466 608 907 1019 1209 1477 1857 2139 2184 2202 2304 2341 2436 2492 2874 2966 3148 3164 3209 3248 3398 3539 3561 3892 3911 3969 4292 4394 4435 4774 4872 4980 5011 5046 5189 5373 5395 5441 5447 5482 5891 6078 6177 6200 6291 6311 6781 6808 
#module 77 size: 52 bs: 0.704291
3 153 447 469 504 528 581 902 971 1295 1391 1393 1705 1722 1779 2002 2093 2117 2233 2275 2428 2525 2805 2862 2933 3141 3253 3313 3410 3456 3527 3546 3568 3588 3710 4208 4535 4650 4784 4943 5069 5161 5229 5563 5793 6005 6292 6515 6662 6669 6678 6680 
#module 78 size: 68 bs: 0.289922
190 196 204 232 406 530 579 602 741 861 1022 1473 1497 1588 1812 1948 1957 2009 2033 2178 2275 2284 2412 2481 2525 2653 2717 2722 2749 2852 2998 3056 3061 3305 3348 3527 3692 3694 3732 3777 3836 3858 4116 4127 4268 4446 4574 4647 4824 4854 5021 5113 5171 5286 5298 5491 5637 5964 6010 6103 6260 6320 6525 6528 6544 6606 6784 6854 
#module 79 size: 57 bs: 0.444107
188 212 218 648 774 778 799 1145 1149 1184 1254 1293 1408 1413 1437 1562 1617 1689 1775 1834 1890 2044 2200 2235 2253 2415 2430 2431 2499 2710 2877 2881 2944 2967 3272 3322 3678 3681 3849 4014 4339 4367 4683 4720 4930 5042 5508 5612 5658 5674 5727 5911 6085 6575 6649 6896 6910 
#module 80 size: 61 bs: 0.562517
28 240 382 388 398 432 622 657 673 740 777 966 1265 1372 1400 1667 1874 1938 2114 2158 2166 2324 2408 2414 2455 2594 2701 2714 2760 2871 2884 2887 3199 3312 3496 3497 3639 3873 4207 4270 4280 4282 4327 4390 4391 4491 4852 4867 4967 4983 5380 5807 6162 6201 6374 6391 6463 6511 6664 6695 6760 
#module 81 size: 60 bs: 0.458604
75 248 262 453 659 1030 1034 1060 1094 1227 1327 1452 1459 1504 1778 1829 1913 2108 2111 2149 2174 2411 2561 2706 2707 2753 2763 2765 2870 2942 2943 2973 2979 2988 3155 3229 3752 3802 4057 4087 4356 4704 5080 5242 5386 5470 5710 5864 5888 5973 6011 6047 6057 6100 6282 6286 6384 6609 6732 6848 
#module 82 size: 85 bs: 0.417765
48 86 194 583 633 726 1037 1270 1581 1610 1620 1624 1687 1723 1750 1869 1919 1980 1981 2007 2022 2024 2122 2334 2355 2441 2508 2565 2739 2842 3198 3275 3285 3288 3329 3413 3498 3615 3649 3680 3711 4242 4253 4277 4291 4389 4401 4420 4452 4479 4772 4826 4853 4939 4962 4976 4996 5005 5015 5101 5141 5199 5411 5456 5540 5610 5723 5736 5772 5775 5934 5990 6135 6165 6310 6442 6507 6601 6739 6741 6776 6778 6807 6876 6903 
#module 83 size: 62 bs: 0.408251
208 247 319 376 501 637 873 949 1670 1773 1785 1793 1908 2083 2332 2484 2574 2643 2670 2692 2791 2809 2869 3000 3014 3100 3161 3188 3262 3316 3374 3485 3645 3731 3891 4129 4248 4304 4308 4310 4325 4352 4896 4952 5081 5096 5116 5379 5462 5466 5531 5643 5896 5933 6013 6087 6276 6280 6494 6541 6548 6750 
#module 84 size: 60 bs: 0.685189
37 124 395 421 529 693 807 813 864 876 1054 1076 1107 1197 1208 1240 1285 1405 1523 1529 1652 1703 1807 1824 2133 2698 2715 2764 2779 2782 2823 2932 2964 3032 3157 3291 3297 3406 3424 3555 3598 3630 3723 4374 4922 5294 5305 5650 5653 5780 5805 5872 5950 5991 6052 6205 6422 6456 6482 6828 
#module 85 size: 84 bs: 0.629401
57 168 353 486 496 670 814 877 889 951 1001 1209 1403 1479 1571 1629 1867 1893 1926 1958 2015 2161 2165 2181 2191 2409 2662 2681 2729 2866 2925 2936 3140 3409 3517 3576 3751 4049 4088 4089 4137 4149 4199 4312 4317 4330 4359 4394 4408 4434 4568 4679 4686 4768 4798 4907 4946 5175 5178 5211 5314 5339 5391 5486 5638 5753 5761 5931 5957 6003 6088 6213 6261 6331 6345 6441 6443 6471 6482 6486 6545 6632 6799 6917 
#module 86 size: 83 bs: 0.696621
119 122 168 177 200 310 357 448 723 766 865 895 1052 1181 1288 1409 1643 1864 1877 1912 1964 1968 1993 2054 2126 2277 2303 2314 2336 2376 2378 2401 2509 2798 2945 3015 3017 3104 3151 3182 3302 3474 3487 3489 3602 3636 3637 3896 3997 4053 4103 4258 4294 4304 4343 4379 4474 4775 4780 4794 4879 4912 5051 5107 5334 5340 5423 5460 5609 5667 5926 6117 6299 6350 6519 6571 6588 6729 6859 6891 6898 6906 6909 
#module 87 size: 14 bs: 0.75999
781 1746 2183 2339 2460 2542 2824 4599 5117 5741 5941 6549 6698 6711 
#module 88 size: 94 bs: 0.313852
47 102 160 297 321 495 531 542 557 593 691 700 701 736 742 804 880 898 1036 1258 1378 1423 1561 1607 1612 1660 1665 2000 2042 2092 2446 2500 2556 2562 2569 2623 2628 2632 2830 2864 2948 3327 3354 3356 3362 3421 3500 3534 3620 3655 3656 3846 3869 3941 3943 4013 4085 4099 4184 4275 4323 4334 4351 4450 4468 4577 5131 5133 5218 5299 5326 5345 5424 5429 5437 5556 5569 5699 5713 5752 5786 5866 5938 6070 6303 6434 6450 6495 6502 6556 6703 6751 6816 6830 
#module 89 size: 44 bs: 0.477038
9 246 250 312 385 484 706 799 1259 1946 1947 2086 2170 2193 2365 2611 2905 3366 3427 3563 3648 3730 4001 4082 4345 4473 4541 4801 4925 4932 5067 5157 5696 5767 5799 5897 6121 6191 6367 6580 6693 6757 6759 6806 
#module 90 size: 24 bs: 0.459163
324 462 661 830 917 1156 2008 2055 2267 2626 3202 3205 3231 3490 3608 3903 4278 4839 4909 5170 5533 6626 6639 6756 
#module 91 size: 46 bs: 0.775628
88 162 481 519 537 740 1011 1266 1302 1395 1531 1547 1950 2057 2060 2125 2333 2423 2553 2580 2676 2900 3600 3638 4018 4020 4305 4822 4896 4900 4967 4972 4984 5082 5284 5336 5410 5568 5703 5944 6004 6082 6116 6627 6706 6788 
#module 92 size: 1 bs: 1
65 
#module 93 size: 1 bs: 1
2959 
#module 94 size: 1 bs: 1
97 
#module 95 size: 1 bs: 1
6314 
#module 96 size: 1 bs: 1
192 
#module 97 size: 1 bs: 1
2855 
#module 98 size: 1 bs: 1
377 
#module 99 size: 1 bs: 1
5415 
#module 100 size: 1 bs: 1
518 
#module 101 size: 1 bs: 1
3847 
#module 102 size: 1 bs: 1
982 
#module 103 size: 1 bs: 1
13 
#module 104 size: 1 bs: 1
1654 
#module 105 size: 1 bs: 1
1186 
#module 106 size: 1 bs: 1
1841 
#module 107 size: 1 bs: 1
3174 
#module 108 size: 1 bs: 1
1965 
#module 109 size: 1 bs: 1
541 
#module 110 size: 1 bs: 1
2173 
#module 111 size: 1 bs: 1
5153 
#module 112 size: 1 bs: 1
5954 
#module 113 size: 1 bs: 1
2545 
#module 114 size: 1 bs: 1
5068 
#module 115 size: 1 bs: 1
3523 
#module 116 size: 1 bs: 1
2308 
#module 117 size: 1 bs: 1
3679 
#module 118 size: 1 bs: 1
1218 
#module 119 size: 1 bs: 1
3786 
#module 120 size: 1 bs: 1
3783 
#module 121 size: 1 bs: 1
4151 
#module 122 size: 1 bs: 1
4436 
#module 123 size: 1 bs: 1
5660 
#module 124 size: 1 bs: 1
5142 
#module 125 size: 1 bs: 1
6247 
#module 126 size: 1 bs: 1
5781 
#module 127 size: 1 bs: 1
2992 
#module 128 size: 1 bs: 1
3605 
#module 129 size: 1 bs: 1
5912 
#module 130 size: 1 bs: 1
3906 
#module 131 size: 1 bs: 1
459 
#module 132 size: 1 bs: 1
1118 
#module 133 size: 1 bs: 1
463 
#module 134 size: 1 bs: 1
4437 
#module 135 size: 1 bs: 1
472 
#module 136 size: 1 bs: 1
3349 
#module 137 size: 1 bs: 1
5093 
#module 138 size: 1 bs: 1
1039 
#module 139 size: 1 bs: 1
2901 
#module 140 size: 1 bs: 1
1045 
#module 141 size: 1 bs: 1
1454 
#module 142 size: 1 bs: 1
1171 
#module 143 size: 1 bs: 1
6720 
#module 144 size: 1 bs: 1
1185 
#module 145 size: 1 bs: 1
1229 
#module 146 size: 1 bs: 1
1414 
#module 147 size: 1 bs: 1
1242 
#module 148 size: 1 bs: 1
6787 
#module 149 size: 1 bs: 1
1363 
#module 150 size: 1 bs: 1
4641 
#module 151 size: 1 bs: 1
1485 
#module 152 size: 1 bs: 1
2680 
#module 153 size: 1 bs: 1
6506 
#module 154 size: 1 bs: 1
1618 
#module 155 size: 1 bs: 1
6093 
#module 156 size: 1 bs: 1
1647 
#module 157 size: 1 bs: 1
4524 
#module 158 size: 1 bs: 1
2907 
#module 159 size: 1 bs: 1
2315 
#module 160 size: 1 bs: 1
3704 
#module 161 size: 1 bs: 1
5681 
#module 162 size: 1 bs: 1
2516 
#module 163 size: 1 bs: 1
3961 
#module 164 size: 1 bs: 1
2559 
#module 165 size: 1 bs: 1
2633 
#module 166 size: 1 bs: 1
2610 
#module 167 size: 1 bs: 1
5989 
#module 168 size: 1 bs: 1
4194 
#module 169 size: 1 bs: 1
2743 
#module 170 size: 1 bs: 1
3623 
#module 171 size: 1 bs: 1
5008 
#module 172 size: 1 bs: 1
3136 
#module 173 size: 1 bs: 1
6837 
#module 174 size: 1 bs: 1
3451 
#module 175 size: 1 bs: 1
5841 
#module 176 size: 1 bs: 1
3770 
#module 177 size: 1 bs: 1
6324 
#module 178 size: 1 bs: 1
3883 
#module 179 size: 1 bs: 1
5151 
#module 180 size: 1 bs: 1
4453 
#module 181 size: 1 bs: 1
6913 
#module 182 size: 1 bs: 1
5618 
#module 183 size: 1 bs: 1
5794 
#module 184 size: 1 bs: 1
6452 
#module 185 size: 1 bs: 1
6593 
