#module 0 size: 2 bs: 2.48221e-101
584 6751 
#module 1 size: 2 bs: 4.9373e-101
4632 9607 
#module 2 size: 2 bs: 1.48807e-101
681 1946 
#module 3 size: 3 bs: 3.19608e-101
5046 5641 9102 
#module 4 size: 2 bs: 2.04318e-101
5316 7984 
#module 5 size: 4 bs: 8.32545e-101
3296 5755 7664 11097 
#module 6 size: 3 bs: 3.17095e-101
5122 6660 9164 
#module 7 size: 2 bs: 9.74799e-101
2047 9177 
#module 8 size: 3 bs: 2.57987e-101
5239 6407 11602 
#module 9 size: 18 bs: 6.5432e-07
1618 2111 2241 2346 3842 5010 5086 5552 5630 5752 6102 6370 6806 8042 9745 10650 12575 12636 
#module 10 size: 2 bs: 1.41797e-101
2923 4423 
#module 11 size: 3 bs: 1.32276e-101
1909 1992 11083 
#module 12 size: 2 bs: 9.72286e-101
462 5948 
#module 13 size: 2 bs: 5.44448e-101
6643 7997 
#module 14 size: 2 bs: 8.19031e-101
8788 11018 
#module 15 size: 3 bs: 7.21403e-101
3142 5032 5087 
#module 16 size: 3 bs: 9.74371e-101
2929 7078 8825 
#module 17 size: 4 bs: 4.69616e-101
2048 4237 8617 9162 
#module 18 size: 2 bs: 7.52466e-101
6814 7358 
#module 19 size: 3 bs: 1.72778e-101
3534 4795 8957 
#module 20 size: 5 bs: 2.44249e-15
1096 1859 5714 8580 9740 
#module 21 size: 21 bs: 5.19599e-101
116 381 518 720 847 966 1088 1466 1479 1489 2804 4228 4415 5104 6076 7119 9969 10062 10449 10455 13019 
#module 22 size: 5 bs: 8.66072e-101
3891 5418 6247 6675 9959 
#module 23 size: 4 bs: 2.35902e-101
2324 2724 3220 7207 
#module 24 size: 2 bs: 2.51574e-101
9854 11509 
#module 25 size: 3 bs: 2.3729e-102
1516 3223 3884 
#module 26 size: 3 bs: 8.58602e-101
7756 9234 10234 
#module 27 size: 2 bs: 5.76762e-101
3180 9548 
#module 28 size: 27 bs: 3.78452e-101
915 977 1026 1230 2182 2418 2788 4066 4074 4908 5075 5195 5612 5682 6061 6155 6242 7102 7281 7403 7439 7455 7491 7829 8039 8795 9264 
#module 29 size: 2 bs: 7.27698e-101
1641 10048 
#module 30 size: 2 bs: 6.61602e-102
555 2855 
#module 31 size: 4 bs: 2.47681e-101
503 3426 3793 10568 
#module 32 size: 5 bs: 1.61783e-101
177 3851 3925 10733 11878 
#module 33 size: 5 bs: 6.03525e-102
1028 4433 4995 6420 8378 
#module 34 size: 4 bs: 7.89414e-102
1226 1366 3017 4358 
#module 35 size: 3 bs: 6.90859e-101
3200 6629 7565 
#module 36 size: 6 bs: 4.57846e-101
939 7355 8535 10938 11009 12880 
#module 37 size: 2 bs: 1.54108e-101
3007 5448 
#module 38 size: 2 bs: 9.5675e-102
236 10614 
#module 39 size: 4 bs: 4.98894e-101
2473 7139 7626 8953 
#module 40 size: 2 bs: 9.59216e-101
688 4371 
#module 41 size: 2 bs: 2.76056e-101
9483 10434 
#module 42 size: 2 bs: 1.10563e-101
795 5020 
#module 43 size: 3 bs: 6.44326e-101
1738 4865 6344 
#module 44 size: 2 bs: 9.20037e-101
2277 5998 
#module 45 size: 6 bs: 4.00872e-101
666 679 3608 6892 8277 9649 
#module 46 size: 5 bs: 6.14623e-101
611 2485 3685 6654 10091 
#module 47 size: 3 bs: 2.92426e-101
5370 6417 10370 
#module 48 size: 3 bs: 7.50742e-101
492 9204 10276 
#module 49 size: 7 bs: 5.33452e-101
557 2618 3946 4368 5160 6941 9149 
#module 50 size: 5 bs: 4.9915e-101
1041 3097 3251 4116 4373 
#module 51 size: 2 bs: 7.43447e-101
1898 2085 
#module 52 size: 4 bs: 3.85795e-101
5123 7847 10001 10236 
#module 53 size: 4 bs: 5.81483e-101
2101 2822 4363 10576 
#module 54 size: 11 bs: 2.13163e-14
784 804 1126 2149 3915 4287 4292 5627 6559 7390 11258 
#module 55 size: 27 bs: 0.00195178
1152 1311 2328 3449 3763 3926 4020 4263 5112 5231 5601 6052 6519 6589 7048 7849 7893 8251 8254 8501 9665 9936 10811 10832 10894 11141 11614 
#module 56 size: 2 bs: 5.37377e-101
4112 6686 
#module 57 size: 6 bs: 6.64242e-101
1396 3529 7847 8374 9733 10175 
#module 58 size: 2 bs: 8.82693e-101
6212 8305 
#module 59 size: 4 bs: 5.66659e-101
4372 5676 8590 9895 
#module 60 size: 3 bs: 4.42331e-101
3560 4436 6728 
#module 61 size: 2 bs: 9.43646e-101
1627 6884 
#module 62 size: 3 bs: 4.36758e-101
1148 3368 9359 
#module 63 size: 3 bs: 3.65591e-101
3308 7826 8389 
#module 64 size: 4 bs: 5.59043e-101
317 5302 7852 10978 
#module 65 size: 2 bs: 2.82378e-101
6695 7625 
#module 66 size: 6 bs: 1.55869e-07
2584 2808 3501 5623 7943 8212 
#module 67 size: 2 bs: 5.58513e-101
8443 9171 
#module 68 size: 22 bs: 1.03404e-07
300 318 717 867 1630 1768 2744 3467 4036 4222 4764 5099 5419 5988 7758 7877 8247 8650 9219 9593 10195 11465 
#module 69 size: 4 bs: 6.39882e-101
2160 3908 4652 8265 
#module 70 size: 3 bs: 9.72209e-101
412 3104 6746 
#module 71 size: 2 bs: 8.91973e-101
10067 11215 
#module 72 size: 5 bs: 5.63958e-101
1366 1749 3024 8581 11840 
#module 73 size: 4 bs: 9.2464e-101
2098 2138 3359 8221 
#module 74 size: 3 bs: 9.15766e-101
2352 3047 8424 
#module 75 size: 3 bs: 5.85124e-101
4357 4760 7500 
#module 76 size: 10 bs: 7.9825e-14
934 1480 2733 3090 3232 5496 6416 7791 9149 10904 
#module 77 size: 19 bs: 8.88178e-16
165 300 1441 1630 1818 2553 3486 3759 4241 4370 5149 5225 5899 6009 7153 7714 8841 10241 10832 
#module 78 size: 18 bs: 6.49216e-07
231 1045 1586 2002 2461 3337 4349 4355 5429 5853 6290 6354 6519 6589 6945 7299 8569 9131 
#module 79 size: 7 bs: 5.63549e-13
325 1310 2551 3240 3243 4638 5808 
#module 80 size: 26 bs: 2.67615e-05
182 887 1031 1049 1100 1572 1760 1798 1852 2696 2912 3061 3089 3198 3647 3869 4822 5774 5881 5958 6597 7516 10000 10788 10804 10894 
#module 81 size: 4 bs: 8.06111e-101
1199 2569 3156 7770 
#module 82 size: 12 bs: 6.9833e-14
440 1524 1779 2802 3106 4764 5278 5419 5782 6353 6437 9531 
#module 83 size: 5 bs: 3.57697e-101
4104 4528 6209 6441 9466 
#module 84 size: 5 bs: 9.81214e-101
3256 4631 5174 5675 5808 
#module 85 size: 17 bs: 9.67295e-101
1106 1936 2194 2507 3269 4069 5093 5635 6745 7522 7839 7942 8193 8256 8257 8720 10303 
#module 86 size: 4 bs: 5.55452e-101
1038 3478 9895 9929 
#module 87 size: 82 bs: 0.00215989
110 330 569 588 998 1023 1593 1818 2018 2171 2486 2518 2535 2712 3045 3207 3237 3274 3342 3463 3496 3511 3521 3537 3894 3906 4044 4398 4689 4977 5022 5226 5231 5237 5330 5394 5419 5439 5546 5775 5865 5932 6112 6507 6649 6694 6736 6906 6990 6996 7098 7135 7468 7576 7957 7994 8023 8138 8352 8366 8866 8929 8944 9418 9513 9588 9677 9724 9926 10098 10153 10299 10534 10579 10659 10739 10777 10852 10932 12624 12638 12792 
#module 88 size: 2 bs: 1.84741e-13
885 1276 
#module 89 size: 3 bs: 0.523896
2510 4197 6836 
#module 90 size: 9 bs: 0.949571
845 2947 7161 8296 9453 9523 10049 10433 10901 
#module 91 size: 5 bs: 0.304944
601 4134 5832 6144 6880 
#module 92 size: 28 bs: 0.365751
433 488 879 1548 1881 2126 2321 3116 3186 3320 3645 4129 4276 4451 4646 4838 5359 5491 7179 7257 7456 7657 7706 8071 8373 9047 10637 10771 
#module 93 size: 13 bs: 0.303588
1725 5171 5367 5639 5918 6168 6326 6411 6660 7046 7481 8894 9652 
#module 94 size: 14 bs: 0.844718
265 366 424 1907 2384 4778 5672 5875 7881 8899 8917 9439 9944 11021 
#module 95 size: 12 bs: 0.142545
4425 4634 4711 5120 6065 7517 7942 8257 8488 9142 9587 9751 
#module 96 size: 7 bs: 0.697288
843 1735 4679 7255 8475 9250 10068 
#module 97 size: 5 bs: 0.282711
2081 3403 5058 9250 11023 
#module 98 size: 7 bs: 0.893519
526 2281 5718 6267 10270 10377 10505 
#module 99 size: 7 bs: 0.235504
1522 2504 3413 4568 6741 8431 8470 
#module 100 size: 21 bs: 0.804356
587 1227 1875 2419 2593 2980 3402 3404 3698 4217 4895 6580 6978 8797 9158 9390 9999 10789 10975 10992 10996 
#module 101 size: 9 bs: 0.665738
1866 1939 3927 5005 5295 5422 6693 7469 10522 
#module 102 size: 19 bs: 0.4198
1529 2512 2526 2760 3163 3533 3730 3882 4219 5451 6272 6974 7190 8369 8961 9415 9991 10011 11239 
#module 103 size: 22 bs: 0.156904
621 1221 2028 2683 3184 3670 3944 4127 4249 4288 5436 6316 7306 7442 7751 7872 7977 8750 8804 9304 9667 9687 
#module 104 size: 12 bs: 0.448785
184 1079 2214 2882 3112 3542 4946 5366 7336 8877 10197 10947 
#module 105 size: 13 bs: 0.567435
1502 1622 2428 3073 4231 6676 8036 8508 10007 10091 10147 11011 11400 
#module 106 size: 8 bs: 0.632446
598 1339 2125 2406 4262 8280 9846 10097 
#module 107 size: 7 bs: 0.335271
3808 5616 5929 8668 10679 11412 12019 
#module 108 size: 5 bs: 0.915464
1330 1540 2133 3169 7538 
#module 109 size: 6 bs: 0.583145
539 4395 6544 6899 8200 10819 
#module 110 size: 10 bs: 0.507389
1545 3771 5591 5827 6396 6770 8033 9319 10623 12475 
#module 111 size: 5 bs: 0.863687
2385 5103 7148 7744 8595 
#module 112 size: 6 bs: 0.777521
2295 2498 3306 7509 9175 9300 
#module 113 size: 9 bs: 0.711333
1028 2805 4840 5904 7052 8701 10231 11123 12880 
#module 114 size: 10 bs: 0.667214
4139 5810 6560 6800 7300 10165 10414 10870 11209 11712 
#module 115 size: 59 bs: 0.611221
67 623 665 914 952 1194 1604 1649 1766 1787 1951 2167 2425 2786 2981 3137 3238 3510 3588 3632 3998 4163 4297 4794 4991 5186 5196 5395 5426 5603 5851 6404 6447 6463 6505 6577 6729 7322 7548 7805 7856 8011 8024 8267 8521 8664 9032 9041 9174 9487 10017 10088 10566 10861 11014 11113 11231 11643 11936 
#module 116 size: 8 bs: 0.561839
1258 1564 2036 3230 4014 7018 9758 10390 
#module 117 size: 11 bs: 0.304141
30 1194 2177 3831 5080 5953 8361 8867 10490 11146 11405 
#module 118 size: 4 bs: 0.262409
23 1270 5387 8630 
#module 119 size: 4 bs: 0.370962
4457 5275 6426 9009 
#module 120 size: 9 bs: 0.578088
1868 2027 3298 3607 4372 5258 7447 11272 12639 
#module 121 size: 6 bs: 1.09909
1270 7547 8437 8910 9403 11571 
#module 122 size: 25 bs: 0.157413
371 459 614 910 1155 1531 1722 1985 2207 2615 3776 3910 4564 5206 5837 5965 7230 7432 7579 7606 8045 9114 10130 10847 11104 
#module 123 size: 4 bs: 0.321946
1459 2083 5879 10473 
#module 124 size: 7 bs: 0.584663
798 1690 3076 4243 5410 8950 9324 
#module 125 size: 8 bs: 0.48195
1413 5004 5531 6646 8694 9915 10526 11393 
#module 126 size: 14 bs: 0.942505
621 1471 2259 2267 3982 5436 6098 7977 8804 8851 9545 9687 10987 11475 
#module 127 size: 20 bs: 0.382417
97 153 853 2073 2338 2891 3410 4069 6070 6197 6588 6739 8815 8851 8920 9167 9460 9995 10273 10885 
#module 128 size: 8 bs: 0.246171
2243 3208 4350 4732 4800 5781 8435 10627 
#module 129 size: 8 bs: 1.00796
343 1578 1962 2013 2616 7258 8639 12125 
#module 130 size: 6 bs: 0.336157
878 1656 4810 6778 9553 12990 
#module 131 size: 22 bs: 0.964071
173 318 356 548 642 3265 3464 3489 3995 4085 4335 5610 5760 6798 6817 8998 9216 9751 10378 10687 10712 11079 
#module 132 size: 37 bs: 0.779213
14 991 1085 1499 1722 1729 2078 2150 2262 2726 2954 2998 3276 3468 3566 3694 3907 4089 4351 4499 5346 5539 5745 6122 6400 6799 6918 7240 7397 7652 8321 8362 8935 9089 9967 10866 11069 
#module 133 size: 15 bs: 0.661306
778 1520 1565 1681 2312 2604 5416 6819 7710 8246 8401 8692 8927 10119 10783 
#module 134 size: 8 bs: 0.541556
860 1002 1560 3888 4599 5986 7424 9850 
#module 135 size: 16 bs: 0.880432
41 1110 1328 1360 4559 5549 6207 6853 7386 8150 8240 8420 8610 8765 10010 10044 
#module 136 size: 16 bs: 0.907686
66 357 948 1723 1804 2074 2985 4525 7747 7982 8009 8012 8602 9317 10523 13019 
#module 137 size: 7 bs: 0.53699
2730 4378 6923 7317 8554 10617 10763 
#module 138 size: 8 bs: 1.04555
508 593 762 6418 7814 10889 11029 11097 
#module 139 size: 11 bs: 0.702659
622 1272 1530 2172 4426 5976 7091 7597 8432 9664 9721 
#module 140 size: 22 bs: 0.92611
180 1299 1998 2242 2916 4035 4138 4526 4633 4837 5705 6123 6633 7037 7703 7954 8364 9106 9685 9860 9958 10512 
#module 141 size: 4 bs: 0.571582
2255 7889 8674 9457 
#module 142 size: 9 bs: 0.1737
58 1069 2403 3531 3592 3664 4497 6830 10636 
#module 143 size: 17 bs: 0.115356
1500 2407 3401 3439 3634 3949 4154 4361 5764 6496 7069 7112 7699 8206 9566 10306 10706 
#module 144 size: 7 bs: 1.079
1949 3366 3948 7501 7623 8186 9336 
#module 145 size: 16 bs: 0.706502
834 1170 1193 3190 4156 4624 5607 6109 6202 7396 7688 8080 8402 8904 9813 10831 
#module 146 size: 11 bs: 0.415783
913 2067 2376 4123 4464 5924 8659 9279 9745 10173 10922 
#module 147 size: 14 bs: 0.288557
1243 1316 2609 3107 3527 4786 4886 5307 6578 6809 8695 9419 10172 10267 
#module 148 size: 12 bs: 0.342891
960 1191 1287 3722 6087 6586 6921 8428 9637 10024 10347 10689 
#module 149 size: 7 bs: 0.433674
535 3713 6927 7025 8029 8646 12726 
#module 150 size: 13 bs: 0.488138
1768 3435 3437 3472 3940 4224 4283 4302 5813 6527 7299 9798 12933 
#module 151 size: 11 bs: 0.65809
1447 1469 2294 2559 5641 6619 7420 7504 7759 8666 8818 
#module 152 size: 11 bs: 0.932267
301 1980 2710 3200 3832 4853 5485 8615 8814 10247 10372 
#module 153 size: 31 bs: 1.02079
243 320 439 657 1835 2304 2356 3130 3161 4789 5190 5209 5350 5660 5696 5717 5950 6833 7921 8110 8216 8260 8329 8579 8989 9591 9979 10029 10447 10569 11708 
#module 154 size: 20 bs: 0.78459
630 1107 1764 3039 3057 3473 3479 4842 5139 5154 5942 6558 6647 6927 7125 7347 8104 8357 10631 11119 
#module 155 size: 13 bs: 0.529414
792 2269 2434 2527 3131 3409 3512 5192 6024 7658 8345 8656 10107 
#module 156 size: 4 bs: 0.233179
3677 3830 4530 8499 
#module 157 size: 7 bs: 0.563777
1633 2523 3062 5064 5096 6307 7550 
#module 158 size: 9 bs: 0.793169
1198 1968 3493 4375 7255 9196 10051 10509 12885 
#module 159 size: 12 bs: 0.231968
763 860 1267 3113 3134 4560 5277 5876 6064 9295 10274 12591 
#module 160 size: 14 bs: 0.646166
482 789 1941 2819 3839 4976 5980 6073 6114 7522 7798 10374 11453 11980 
#module 161 size: 37 bs: 1.06768
899 1156 1430 1726 2563 3279 3440 3508 3791 3878 3962 4326 4567 4613 4707 4860 5051 5146 5157 5377 5459 6599 6616 6711 7406 7651 7719 7941 9127 9274 9604 9635 9709 10256 10355 10472 11150 
#module 162 size: 9 bs: 0.842553
307 3158 3226 4128 7221 9577 10054 10555 10785 
#module 163 size: 3 bs: 0.235038
3680 6848 8264 
#module 164 size: 4 bs: 0.999108
1235 3610 8419 9939 
#module 165 size: 13 bs: 0.658377
1295 2176 3163 4612 6190 6549 7190 7594 8236 8369 8689 9818 10209 
#module 166 size: 9 bs: 1.01954
491 2708 3035 3040 4070 6665 8635 10121 10647 
#module 167 size: 23 bs: 0.670853
173 356 1300 1349 1935 2438 2587 2725 3021 3265 3341 3489 3582 3753 5610 6817 7730 8019 8847 9216 9825 10378 10687 
#module 168 size: 28 bs: 0.93615
72 694 783 903 1103 1443 1720 1827 1953 2462 2557 3386 3554 3663 3755 3810 4319 4500 4571 5390 5432 7083 7182 7253 8263 8727 9423 10942 
#module 169 size: 5 bs: 0.960843
333 335 2003 3990 6986 
#module 170 size: 5 bs: 0.118744
1005 1270 4050 8563 8716 
#module 171 size: 9 bs: 1.08703
1263 1421 2037 2166 2483 4477 7307 7514 9781 
#module 172 size: 8 bs: 0.807144
698 1698 3453 4022 4339 5152 5299 10952 
#module 173 size: 4 bs: 0.144871
1480 1536 6511 7857 
#module 174 size: 7 bs: 0.241308
102 984 3776 8051 9795 10910 11205 
#module 175 size: 7 bs: 0.323276
2807 6660 6875 8010 8384 8646 10717 
#module 176 size: 10 bs: 0.877884
2492 3492 4583 6636 7767 8589 8991 9547 10057 11241 
#module 177 size: 9 bs: 0.406823
872 2151 3421 3968 4579 4739 4796 5413 5927 
#module 178 size: 4 bs: 0.451246
658 3405 4970 7936 
#module 179 size: 10 bs: 0.521592
1926 3876 3959 4729 5223 6564 7684 8794 10081 11012 
#module 180 size: 5 bs: 0.152317
2785 4133 6671 7902 9978 
#module 181 size: 33 bs: 0.863103
314 383 620 973 1343 1352 2677 3665 4216 4812 5193 5351 5556 5632 5898 6311 6432 6578 6590 6922 8038 8081 9678 9763 9893 9921 9964 10448 11073 11106 11162 11435 12523 
#module 182 size: 9 bs: 0.202687
3573 4501 4506 4600 5126 5913 6428 6654 10807 
#module 183 size: 23 bs: 0.730119
22 585 1814 2558 3394 3594 3614 3681 3798 6006 6261 6428 6928 7014 7050 7993 8802 8860 8965 9650 9853 10845 10948 
#module 184 size: 3 bs: 0.206452
3630 6688 8882 
#module 185 size: 8 bs: 0.405367
361 3133 7416 7585 9111 10182 10242 11705 
#module 186 size: 9 bs: 0.858646
1707 2489 2564 2656 2910 3465 4744 5877 6457 
#module 187 size: 25 bs: 0.52655
174 1073 1492 1503 1811 2072 2600 3005 3168 3316 3514 3550 5091 5866 6367 6744 7426 7668 7909 8242 8570 9173 9223 9334 10376 
#module 188 size: 14 bs: 0.797226
1269 1310 1715 2107 2199 2357 2856 2894 3193 5331 5447 6839 7910 7927 
#module 189 size: 9 bs: 0.482334
810 941 1153 1738 3042 3744 7247 9267 9468 
#module 190 size: 11 bs: 1.01653
1282 1369 1525 2945 4030 4207 4812 5059 5541 6366 9858 
#module 191 size: 10 bs: 0.760049
2220 2977 3297 4532 4752 6399 8249 8579 9221 12426 
#module 192 size: 10 bs: 0.79171
933 1790 3988 4702 5762 8130 9217 9692 10710 11395 
#module 193 size: 6 bs: 0.374244
4615 5631 5683 5982 10343 11211 
#module 194 size: 6 bs: 0.657711
787 1738 3503 4412 7089 7209 
#module 195 size: 5 bs: 0.989729
3820 5508 6438 6893 9206 
#module 196 size: 4 bs: 0.965933
5272 7013 8675 9590 
#module 197 size: 8 bs: 0.641626
1244 1395 3332 4790 6662 7587 8760 11029 
#module 198 size: 7 bs: 0.901617
1484 3328 3373 4301 7642 9055 9775 
#module 199 size: 13 bs: 0.49523
1396 2254 2908 4233 4745 5724 6255 7000 7010 7446 8159 8256 8274 
#module 200 size: 4 bs: 0.590904
2086 3589 5735 6254 
#module 201 size: 14 bs: 0.966513
2505 2606 3110 3253 4474 5118 5243 6962 7094 8455 10407 10809 10925 12944 
#module 202 size: 8 bs: 0.44089
3353 3631 7339 7687 9605 9663 9666 10619 
#module 203 size: 4 bs: 0.848678
2506 8132 9232 9508 
#module 204 size: 5 bs: 0.295297
1213 1341 4562 5892 9476 
#module 205 size: 4 bs: 0.431971
848 4393 7171 7367 
#module 206 size: 12 bs: 1.09531
260 655 1448 1992 2251 3816 5554 5988 7842 8204 8981 10179 
#module 207 size: 6 bs: 0.96605
458 1838 4313 8133 8225 10593 
#module 208 size: 12 bs: 1.00176
228 1220 2640 4659 5276 5968 6712 7165 7288 8737 9481 11274 
#module 209 size: 5 bs: 0.476644
2473 3485 5751 7590 10439 
#module 210 size: 13 bs: 0.378041
624 2619 3883 4651 4728 5662 5836 6003 6486 6944 6953 7645 10211 
#module 211 size: 17 bs: 0.200792
1577 1689 1919 2121 2239 2674 3456 3872 5107 5622 5647 5800 6071 7372 8007 8722 10688 
#module 212 size: 12 bs: 1.04723
600 1303 1750 1757 2658 4264 5052 6189 7022 7874 8333 10181 
#module 213 size: 10 bs: 0.412043
4828 4884 5528 5809 6935 8339 9331 9704 9750 9862 
#module 214 size: 8 bs: 0.384902
2666 3020 3060 4788 5995 8422 9862 10239 
#module 215 size: 8 bs: 0.9684
576 851 1987 3599 6756 9374 10744 10876 
#module 216 size: 13 bs: 0.403625
32 552 1181 1640 3019 4849 6456 7001 7229 8936 9193 10943 11497 
#module 217 size: 6 bs: 0.37215
427 2960 3861 6011 8144 10245 
#module 218 size: 9 bs: 0.679765
1852 2372 3036 3251 3394 3795 7307 7766 11269 
#module 219 size: 9 bs: 1.01233
654 806 4198 4943 5455 5900 7914 8830 9625 
#module 220 size: 6 bs: 0.397519
1710 3769 4366 5833 9202 10488 
#module 221 size: 12 bs: 0.309533
1806 2320 3100 3194 3914 5307 5408 6641 8195 8427 9066 9910 
#module 222 size: 12 bs: 0.546006
574 983 1103 1305 1863 3547 4588 4912 5761 6852 6876 11551 
#module 223 size: 13 bs: 0.251744
967 1140 1710 2115 2212 5242 5902 5921 7692 7762 8537 10312 12661 
#module 224 size: 4 bs: 0.298988
1543 3963 5259 9786 
#module 225 size: 11 bs: 1.02554
888 1209 1262 1476 1487 2970 3264 5560 6869 8597 10732 
#module 226 size: 5 bs: 0.566222
28 5019 7484 9161 10481 
#module 227 size: 15 bs: 0.149294
1848 2009 2142 2901 3312 3824 4882 5296 5766 6868 7744 8476 9209 9503 11086 
#module 228 size: 9 bs: 1.06107
633 1350 2502 4078 4427 7097 7189 8813 10955 
#module 229 size: 4 bs: 0.479329
3125 6110 6218 7669 
#module 230 size: 10 bs: 1.07272
480 1125 2042 2227 2662 4701 5481 6791 6835 10475 
#module 231 size: 10 bs: 0.760959
135 1745 3414 5282 5864 7122 10178 11694 11703 12641 
#module 232 size: 11 bs: 0.314874
31 907 1558 4172 5132 5816 6041 6593 6658 7226 10682 
#module 233 size: 7 bs: 0.617903
1950 2313 2342 2555 4223 7834 10624 
#module 234 size: 9 bs: 0.767883
917 3471 4234 4448 5167 6250 8883 9057 10559 
#module 235 size: 6 bs: 0.245751
1485 3739 6537 9016 10279 10508 
#module 236 size: 7 bs: 0.333536
1916 4469 4511 4692 6598 9375 9533 
#module 237 size: 7 bs: 0.448794
2386 5179 5566 8621 8761 9224 11273 
#module 238 size: 5 bs: 0.175482
36 4152 5421 6557 6826 
#module 239 size: 10 bs: 0.95002
309 1210 1702 3620 3889 4951 5013 8503 8686 9051 
#module 240 size: 8 bs: 0.865026
1763 3181 3576 4173 4470 5949 8367 8937 
#module 241 size: 3 bs: 1.07966
5702 7375 7750 
#module 242 size: 15 bs: 0.530995
863 1904 2253 2576 2578 3153 3932 4090 4694 5779 6362 6789 7008 7309 7876 
#module 243 size: 6 bs: 1.01207
348 3093 3985 6476 7527 10842 
#module 244 size: 11 bs: 0.579162
861 1862 3462 6294 7679 8229 8522 8715 8721 9027 9681 
#module 245 size: 7 bs: 0.983456
354 608 773 1099 3038 3967 5187 
#module 246 size: 20 bs: 0.520009
937 1241 1382 1406 1510 1938 2299 2393 2443 2517 3407 3886 4318 6165 6554 7303 7821 8125 8290 10544 
#module 247 size: 8 bs: 0.704736
1628 3031 3101 5780 6831 7866 8107 10887 
#module 248 size: 8 bs: 0.184558
1927 4039 5163 5198 5249 7116 9654 10980 
#module 249 size: 52 bs: 0.560887
185 421 490 516 1317 1521 1839 1846 1849 1955 2394 2893 2930 2975 3148 3171 3658 3775 4211 4458 4463 4555 4700 5070 5104 5137 5382 5673 6035 6220 6522 6697 6782 6846 6967 7304 7741 7848 7987 8016 8678 8976 9294 9346 9517 9851 9920 9942 10723 11079 11168 12584 
#module 250 size: 5 bs: 1.09495
2000 2959 3864 5822 7689 
#module 251 size: 8 bs: 0.922984
413 892 1685 4556 4850 4875 5895 10201 
#module 252 size: 13 bs: 0.101196
359 1514 3641 3650 6215 6424 7054 7256 7808 7999 8405 8932 10293 
#module 253 size: 5 bs: 0.386012
1505 4621 6355 10171 12746 
#module 254 size: 5 bs: 0.614996
176 2586 4815 5155 7478 
#module 255 size: 11 bs: 0.788076
1577 3952 5222 5652 5743 6062 6691 8047 10031 10206 11228 
#module 256 size: 9 bs: 0.276261
489 926 1101 1228 4473 4735 4798 7288 10928 
#module 257 size: 7 bs: 0.756532
319 1515 4505 5423 7670 7802 10622 
#module 258 size: 7 bs: 0.19634
1896 2946 3553 5311 9101 9146 9476 
#module 259 size: 9 bs: 0.467802
1664 2026 2337 3155 3837 5294 5841 8865 9386 
#module 260 size: 6 bs: 0.258495
1114 1147 3308 4315 8082 10602 
#module 261 size: 6 bs: 0.737282
8 1832 8238 8740 8787 10073 
#module 262 size: 4 bs: 0.391947
1017 1817 2389 8546 
#module 263 size: 5 bs: 0.720143
926 2604 6120 9488 11026 
#module 264 size: 4 bs: 0.958817
6357 6898 8933 10976 
#module 265 size: 17 bs: 1.06103
1678 2660 3874 3952 4465 4545 4989 6262 6567 7337 7437 7571 8394 9404 11009 11210 12862 
#module 266 size: 6 bs: 0.185476
1231 2971 6772 6808 6930 7007 
#module 267 size: 9 bs: 0.548531
1223 4405 4723 5388 6532 8403 9758 10039 10275 
#module 268 size: 8 bs: 0.87212
1027 1076 1128 3758 5516 5826 9156 9840 
#module 269 size: 21 bs: 0.984505
225 2361 3746 3750 4107 4294 4383 4709 5231 5601 5792 5941 6000 6501 7000 7131 8230 8302 9062 10971 10977 
#module 270 size: 17 bs: 0.206979
214 303 1443 1628 2519 4472 4486 5349 5917 6597 6857 6914 7451 7895 9104 10651 10894 
#module 271 size: 9 bs: 0.701778
1314 1495 3546 4137 5495 6092 8551 9403 9859 
#module 272 size: 25 bs: 0.3664
227 650 707 1513 1785 2252 2371 3121 3124 3393 3977 4018 4893 4922 5004 5093 5996 6017 7149 7549 9629 10346 10816 10881 13003 
#module 273 size: 8 bs: 0.7633
191 2777 3864 4931 6898 7242 9598 10162 
#module 274 size: 59 bs: 1.02459
318 382 1260 1356 1363 1582 1728 2129 2391 2612 3326 3500 3667 3682 3718 3936 3987 4033 4503 4507 4647 4787 4824 4863 4890 5130 5354 5384 5406 5501 5741 5874 5911 6283 6669 6721 6850 7419 8111 8148 8513 8712 8806 9134 9176 9589 9616 9683 9820 9957 10470 10827 10974 11000 11112 11367 11443 12899 12949 
#module 275 size: 4 bs: 0.535213
4637 4863 6338 6705 
#module 276 size: 5 bs: 0.232623
5232 6156 6607 9836 10693 
#module 277 size: 12 bs: 0.273329
26 1666 2896 4573 5636 6188 6659 8404 8480 9115 9494 10884 
#module 278 size: 5 bs: 0.241766
5688 6466 6947 7563 8683 
#module 279 size: 7 bs: 0.806094
12 2238 3306 3736 5753 6184 9175 
#module 280 size: 3 bs: 0.241154
365 1150 3652 
#module 281 size: 7 bs: 0.595658
339 1184 2030 3214 3807 6625 8776 
#module 282 size: 9 bs: 0.284225
511 3925 5061 6089 7496 8484 9332 10820 10895 
#module 283 size: 6 bs: 0.761024
77 557 4116 6024 6485 6611 
#module 284 size: 7 bs: 0.28661
1340 1535 3288 6987 8289 8845 10083 
#module 285 size: 14 bs: 1.09759
720 2811 3450 3651 4028 4820 6521 6794 7205 7713 8605 9325 10830 11413 
#module 286 size: 5 bs: 0.692105
989 1595 1634 7770 10320 
#module 287 size: 5 bs: 0.90867
78 716 4096 6337 8873 
#module 288 size: 10 bs: 0.513806
571 2837 3401 3634 3825 7015 8006 8308 8827 11410 
#module 289 size: 6 bs: 0.628572
2568 5655 6154 7946 9343 10934 
#module 290 size: 6 bs: 1.0872
1331 3053 5703 5908 8048 9498 
#module 291 size: 9 bs: 0.86143
1552 2898 3551 7077 7673 8119 8308 9753 10460 
#module 292 size: 12 bs: 0.321497
535 2228 2899 3499 4236 6235 6520 7169 7467 8031 9147 9152 
#module 293 size: 12 bs: 0.851085
1333 1412 2541 2871 3201 6171 6382 8245 9450 10386 10581 10982 
#module 294 size: 12 bs: 1.01802
1494 2284 2380 2437 4935 5109 7721 8387 8525 9018 9928 10286 
#module 295 size: 3 bs: 0.459668
4196 4496 9777 
#module 296 size: 5 bs: 0.607883
7160 7274 7930 9242 13055 
#module 297 size: 5 bs: 0.827462
2543 4122 4192 5754 8385 
#module 298 size: 9 bs: 1.04783
159 1771 4026 5555 5848 6956 7716 8053 9039 
#module 299 size: 5 bs: 0.926195
3305 6131 6221 9259 9682 
#module 300 size: 9 bs: 0.555079
15 618 1876 4232 4340 4885 7825 10574 10716 
#module 301 size: 8 bs: 0.143389
1793 2409 5274 5317 5492 8881 9765 9943 
#module 302 size: 15 bs: 0.868903
802 890 2515 3454 3621 4461 4577 4595 5084 6181 7458 7462 7723 9554 12635 
#module 303 size: 6 bs: 0.652817
3108 5613 7738 7885 9198 11380 
#module 304 size: 4 bs: 0.65065
2481 3271 5602 9571 
#module 305 size: 5 bs: 0.658148
274 4534 5266 6504 10334 
#module 306 size: 4 bs: 0.145158
140 1864 4046 6574 
#module 307 size: 25 bs: 0.70183
1648 2075 2433 2497 2972 2984 3003 3282 3853 4041 4053 4407 4607 5502 6167 6905 7966 8440 8552 8555 9365 9550 10515 11551 12712 
#module 308 size: 15 bs: 0.727986
1100 1635 2193 3185 3364 3474 4149 5746 7123 7130 8121 8559 9034 9407 10779 
#module 309 size: 9 bs: 0.285122
1576 3166 4582 5261 5391 5482 5926 6879 10787 
#module 310 size: 4 bs: 0.567479
6055 6614 9645 10014 
#module 311 size: 20 bs: 0.937439
2036 2296 2761 4220 4280 4757 4904 5802 5821 6126 6376 6462 7036 7682 8685 8840 9464 9620 9773 10531 
#module 312 size: 4 bs: 0.157219
4255 4827 5077 7259 
#module 313 size: 3 bs: 0.403044
2427 3088 3338 
#module 314 size: 13 bs: 0.550001
2341 2501 2516 2543 3975 4054 4533 5100 5765 6359 8089 8314 11364 
#module 315 size: 48 bs: 1.04229
201 1275 1508 2080 2240 2331 2621 2638 2658 2770 2779 2993 3818 3829 3947 4303 4520 5253 5580 5594 5797 6673 6845 7181 7394 7621 7655 8035 8474 8518 8572 8681 9037 9130 9184 9188 9253 10114 10482 10506 10538 10616 10725 10940 10998 11087 11111 11219 
#module 316 size: 18 bs: 0.505693
956 1142 1384 2990 3436 3703 3767 4072 5057 5241 5631 5784 6176 6822 7622 8304 9083 10532 
#module 317 size: 6 bs: 0.620354
1405 2799 3787 4296 6979 7864 
#module 318 size: 10 bs: 0.494994
761 3151 4103 4180 4356 5412 9092 10844 11010 11220 
#module 319 size: 29 bs: 0.394748
403 619 638 644 998 2090 2679 3144 3560 4199 4205 4235 4385 4854 5173 5875 6288 7217 7555 7773 8353 8648 9095 9614 9894 10045 10653 11025 12679 
#module 320 size: 12 bs: 0.20549
1139 1196 2313 4268 4272 5197 6704 7051 8217 9441 9698 11016 
#module 321 size: 5 bs: 1.07736
1797 3117 5082 6674 7145 
#module 322 size: 5 bs: 0.5475
2157 6755 7283 10291 10734 
#module 323 size: 10 bs: 0.710213
1071 1783 3687 4312 4471 6467 9447 9775 10054 11001 
#module 324 size: 7 bs: 0.186843
3047 3084 3661 4535 5156 6015 7880 
#module 325 size: 23 bs: 0.668328
318 567 1240 1451 2689 3388 4165 4764 4817 5306 5910 6078 6734 6966 7087 7972 7994 9579 9584 9871 10671 10891 11962 
#module 326 size: 23 bs: 0.878875
211 493 494 699 975 1416 1486 1606 2490 2991 3138 3167 3291 5216 5529 5704 6264 7015 7039 7611 7659 7709 9680 
#module 327 size: 3 bs: 0.802089
239 6542 6995 
#module 328 size: 4 bs: 0.527051
610 1074 1960 2598 
#module 329 size: 18 bs: 1.05252
456 995 1383 1394 1439 3767 3968 3994 4267 4384 4761 4861 5100 9591 9956 10000 10911 12679 
#module 330 size: 30 bs: 1.06247
213 1259 1452 1527 1556 2297 2792 2928 3280 3591 3595 4201 4529 5060 5506 5563 5749 6075 6936 7090 7961 8020 8143 8155 9061 9662 9742 10215 11098 11434 
#module 331 size: 4 bs: 0.900102
929 3495 11157 13043 
#module 332 size: 17 bs: 0.33544
718 1808 2729 3986 4682 5671 5699 5964 6768 7095 8834 9071 9144 10132 10321 11134 11218 
#module 333 size: 8 bs: 0.859183
4462 5033 5520 6345 7307 7609 8485 9735 
#module 334 size: 3 bs: 0.466426
2508 10613 12790 
#module 335 size: 6 bs: 0.60481
4487 7172 7193 9697 11109 11242 
#module 336 size: 6 bs: 0.547727
1573 3455 3720 6563 7819 10722 
#module 337 size: 3 bs: 0.393118
1321 1399 5397 
#module 338 size: 19 bs: 0.781459
676 1048 3063 3999 5178 5398 5868 6054 6323 6346 6545 7851 8295 8493 8888 9015 10116 10200 10405 
#module 339 size: 11 bs: 0.993187
785 1526 1660 2969 3345 3832 4831 5036 6639 9159 9164 
#module 340 size: 6 bs: 0.808836
1780 4859 5442 7279 7496 8948 
#module 341 size: 14 bs: 0.89423
3382 3635 4754 5393 5667 6148 6358 6572 6913 7647 7860 9347 10995 11589 
#module 342 size: 14 bs: 0.186577
267 390 1204 3128 3557 3615 3860 4518 5840 6271 7564 7667 9671 9889 
#module 343 size: 8 bs: 0.255361
1347 1597 2344 4350 5890 6329 7114 9624 
#module 344 size: 4 bs: 0.288116
3215 3243 6258 6862 
#module 345 size: 11 bs: 0.731511
367 507 3059 3344 3424 4126 6253 7958 8663 9251 10781 
#module 346 size: 10 bs: 0.362281
954 1312 2052 3781 3797 4736 4823 7105 7183 10003 
#module 347 size: 4 bs: 0.112756
2021 2999 6498 7249 
#module 348 size: 13 bs: 1.08059
1001 1044 1372 1847 1956 4310 4422 6121 6368 7119 9994 10146 11097 
#module 349 size: 12 bs: 1.0688
183 922 2469 3306 3637 3978 5363 7370 8098 8857 9309 11699 
#module 350 size: 6 bs: 0.489238
1411 2186 4169 9714 10808 11109 
#module 351 size: 9 bs: 0.949868
927 2204 3408 4984 5252 6158 6186 6526 7326 
#module 352 size: 6 bs: 0.228251
35 1319 2256 6239 8034 10282 
#module 353 size: 13 bs: 0.577428
813 1341 1364 3261 3391 4431 5337 5915 6465 7097 8556 10042 10546 
#module 354 size: 15 bs: 0.120624
206 474 1315 2491 3400 6535 7923 8261 8556 8759 9327 9865 10727 10761 10929 
#module 355 size: 5 bs: 0.898722
2884 3050 3923 6020 10675 
#module 356 size: 7 bs: 0.41706
777 1034 6274 6565 7185 9044 9400 
#module 357 size: 22 bs: 0.254566
459 670 1093 1462 1865 2456 2880 3745 4119 4999 5310 5453 6240 7368 7534 8017 8170 8660 9210 9793 10186 10893 
#module 358 size: 4 bs: 0.684595
2040 3585 8694 10601 
#module 359 size: 5 bs: 0.853208
2934 4916 5285 6895 7985 
#module 360 size: 9 bs: 0.629981
1007 1029 3046 7264 7505 8077 8135 9570 9902 
#module 361 size: 22 bs: 0.938551
65 1475 2332 2362 2812 3600 3732 3979 4311 5125 5684 5934 6284 7238 7498 7928 8452 8473 9185 9305 10436 11513 
#module 362 size: 10 bs: 0.2384
1001 1297 3937 5034 5629 6031 6651 7006 8895 9994 
#module 363 size: 13 bs: 0.596267
1249 3340 4643 4753 6180 6380 6381 6657 7221 9798 9810 10198 10230 
#module 364 size: 6 bs: 0.48599
171 1025 3469 4459 4643 4805 
#module 365 size: 7 bs: 0.605086
2720 3633 5042 5656 8084 9265 9931 
#module 366 size: 9 bs: 0.667466
163 3673 4785 6048 7420 7650 9661 10670 11177 
#module 367 size: 8 bs: 0.628954
709 908 2163 4257 6025 8371 9197 9220 
#module 368 size: 18 bs: 0.564845
33 95 580 1483 1878 2594 3030 4135 4494 5037 5204 5581 5794 6012 7471 9525 9569 10705 
#module 369 size: 16 bs: 0.122153
864 982 997 1862 2087 2663 2966 3143 3145 7506 8657 8682 8919 9560 10586 11027 
#module 370 size: 8 bs: 0.583233
1538 1721 2457 3605 4907 8969 9673 10791 
#module 371 size: 6 bs: 1.08029
1274 1541 2033 3331 5686 9096 
#module 372 size: 13 bs: 0.987642
1463 1646 1731 2435 3117 3786 4025 5370 6442 7194 8406 9489 9975 
#module 373 size: 7 bs: 0.513402
897 1015 1448 5689 6294 6985 7383 
#module 374 size: 24 bs: 0.763182
581 614 1853 2137 3639 4204 4353 5566 5946 5951 6039 6354 7020 7244 7995 8496 8608 9814 10605 10711 10914 11110 11141 12527 
#module 375 size: 9 bs: 0.72258
647 686 2057 3247 4781 6828 9537 10708 10908 
#module 376 size: 14 bs: 0.786835
2308 4680 5065 5373 6797 7195 7329 7353 7801 8293 8457 8786 9977 10591 
#module 377 size: 3 bs: 0.291248
3971 4259 5862 
#module 378 size: 9 bs: 0.22275
543 1445 3058 3544 4277 5006 8277 8535 12590 
#module 379 size: 38 bs: 0.686738
120 842 1610 1661 2421 2950 3396 3565 3660 3668 3813 3826 3863 3964 4061 4072 4116 4335 4369 4449 4542 4580 4829 4845 5099 5386 6016 6573 6591 6601 7521 8684 8908 9458 9720 9783 9841 10923 
#module 380 size: 6 bs: 0.828971
1134 4563 6045 7769 8608 12663 
#module 381 size: 10 bs: 0.546917
1516 2198 3432 4166 4587 6460 8340 8349 8757 9799 
#module 382 size: 30 bs: 0.493871
711 1362 1458 1719 1752 2024 2931 3411 3729 3751 5023 5045 5119 5309 5618 5956 5988 6474 7170 7327 8692 8710 8790 8859 9515 9603 9623 9848 9901 10120 
#module 383 size: 6 bs: 0.803944
925 1665 3835 4447 5088 6300 
#module 384 size: 20 bs: 0.631424
1778 2093 3071 3139 3198 3643 4579 6468 6706 6950 7045 7938 8792 8826 9189 9194 9535 9584 10082 12297 
#module 385 size: 12 bs: 0.220183
371 1072 1124 1219 1820 2125 2429 4455 7890 8636 9747 10056 
#module 386 size: 13 bs: 0.726121
594 606 1053 1381 1694 2942 3333 3661 4530 5763 6541 8912 10577 
#module 387 size: 6 bs: 0.117713
1294 1393 5000 6475 8044 8250 
#module 388 size: 5 bs: 0.80581
530 1631 3697 8481 10491 
#module 389 size: 10 bs: 0.338591
1008 2625 2943 3122 5561 5614 6982 7399 8300 8775 
#module 390 size: 8 bs: 0.888694
986 5407 7315 8194 8599 8657 9002 11694 
#module 391 size: 15 bs: 0.447367
1281 1468 2237 2529 3705 4548 4721 5018 5175 6409 6419 7600 8600 9195 9944 
#module 392 size: 9 bs: 0.163779
1127 1730 2676 4521 4678 5114 5979 7342 11169 
#module 393 size: 6 bs: 0.209467
2311 4101 4733 5497 10699 10976 
#module 394 size: 8 bs: 0.543828
1197 1402 2225 2734 3285 5592 8228 9712 
#module 395 size: 9 bs: 0.260068
2853 5416 5643 6571 7555 9079 9114 9804 10767 
#module 396 size: 10 bs: 0.386709
1423 1435 1549 3719 5985 6356 6623 7540 8323 10864 
#module 397 size: 64 bs: 0.654576
139 447 900 938 1068 1080 1426 1840 1922 2094 2290 2292 2351 2359 2512 2787 3173 3252 3270 3412 3733 3938 4042 4083 4109 4146 4293 4515 4696 4864 4924 4939 5073 5254 5364 6196 6233 6369 6707 6722 6881 7120 7173 7239 7388 7393 7449 7807 7894 7896 7940 8093 8207 8222 8262 8369 8700 9236 9422 10213 10331 10458 11490 12249 
#module 398 size: 11 bs: 0.7851
3666 3685 3843 5378 5440 7739 7786 7952 9172 9775 9806 
#module 399 size: 15 bs: 0.249615
392 1563 2647 3543 4957 5170 5180 5208 6174 6702 7080 7343 8055 8504 9157 
#module 400 size: 9 bs: 0.935038
2210 3395 4110 5638 5893 7901 10658 12642 12881 
#module 401 size: 14 bs: 0.646839
667 828 2655 4075 4189 4246 4883 5677 6036 7004 7211 8878 10140 10381 
#module 402 size: 7 bs: 0.863043
677 1758 3029 3182 7147 7903 10415 
#module 403 size: 8 bs: 0.775792
1284 1517 2487 3867 4806 7568 7800 9857 
#module 404 size: 5 bs: 0.894451
1092 2082 7316 8070 9473 
#module 405 size: 12 bs: 0.486917
522 554 1784 2076 3601 5055 5443 5551 5553 5782 7049 11678 
#module 406 size: 17 bs: 0.175782
39 906 1293 1799 2580 3600 4174 4917 5510 5882 6063 7176 7330 7608 8439 9371 10416 
#module 407 size: 8 bs: 0.17267
986 1962 2095 2476 2919 3390 3631 7785 
#module 408 size: 9 bs: 0.456343
1528 3081 3518 5472 5652 8647 9298 9701 11009 
#module 409 size: 11 bs: 0.481707
1741 1754 2755 3446 3636 6424 7168 7208 8287 8576 10188 
#module 410 size: 19 bs: 0.724077
99 578 1324 2404 3729 5050 5236 5318 7277 7582 7656 8270 8617 8841 9033 9783 10118 10317 10403 
#module 411 size: 3 bs: 0.728066
2670 4982 6256 
#module 412 size: 7 bs: 0.363941
771 1699 4049 5340 7139 9838 10879 
#module 413 size: 11 bs: 0.262619
64 1167 1523 1890 3939 4024 5310 7261 9581 9792 10402 
#module 414 size: 6 bs: 0.191643
583 988 4523 6018 6786 7678 
#module 415 size: 9 bs: 0.981468
702 1354 1613 2649 3699 7099 9208 10325 10981 
#module 416 size: 15 bs: 0.96502
1303 1740 3354 3710 4302 5227 6048 6517 8330 8408 10248 10606 10692 10966 12933 
#module 417 size: 14 bs: 0.97603
27 2449 3420 3724 4382 5880 6664 7610 7837 8868 8931 9280 10115 10821 
#module 418 size: 6 bs: 0.410712
1237 4459 6784 7359 7864 10058 
#module 419 size: 9 bs: 1.04763
625 1650 2688 6201 6877 7379 8446 9862 10800 
#module 420 size: 45 bs: 0.203067
205 947 968 1224 1547 1856 1906 1961 2410 2685 2721 2743 2841 2961 3742 3961 4367 4514 4628 4653 4915 5565 5818 6280 6733 7384 7868 8584 9168 9182 9261 9363 9617 9794 9821 9971 10661 10795 10803 10841 11159 11266 11372 11565 12594 
#module 421 size: 7 bs: 0.988994
841 1858 4195 5089 7711 10871 10873 
#module 422 size: 3 bs: 0.409454
1065 8960 9512 
#module 423 size: 6 bs: 0.979958
299 4176 5117 7986 9243 9416 
#module 424 size: 6 bs: 0.696753
895 4495 5319 5334 7617 8730 
#module 425 size: 6 bs: 0.417376
515 2835 5437 7339 8209 9117 
#module 426 size: 11 bs: 0.231496
84 881 1188 2908 3240 3246 4986 6576 9951 10103 11020 
#module 427 size: 4 bs: 0.613269
85 1498 8181 8642 
#module 428 size: 4 bs: 0.722826
2675 3470 9966 11694 
#module 429 size: 5 bs: 0.889123
1063 1912 6185 7526 11441 
#module 430 size: 54 bs: 1.0676
237 575 760 790 1180 1921 2162 2181 2200 2219 2236 2314 2757 2828 3025 3054 3239 3618 3774 3859 4117 4131 4445 4510 4527 4887 4971 5250 5438 5486 5532 5587 5624 5747 5989 6216 6764 7403 7430 7583 7591 7629 7694 7862 8864 9369 9396 9881 9941 10086 10501 10567 10770 10931 
#module 431 size: 6 bs: 0.681179
586 2223 4566 9143 10453 10970 
#module 432 size: 4 bs: 1.06849
466 5358 7188 10168 
#module 433 size: 9 bs: 0.168416
1636 3567 3581 3624 5595 5885 7067 7434 8550 
#module 434 size: 24 bs: 0.229469
814 932 1759 1880 1911 2043 2623 3840 4996 5463 5507 5571 6141 6569 6613 7027 8253 8858 9256 9767 10341 10684 10967 12756 
#module 435 size: 15 bs: 0.403252
2104 3669 4221 4245 4422 5640 5739 5959 6229 6351 6448 7305 7473 8097 9934 
#module 436 size: 14 bs: 1.04192
727 1371 1714 1740 1748 2756 3212 5467 5637 5667 7000 7697 8896 9104 
#module 437 size: 24 bs: 0.748152
836 883 1189 1414 1969 2422 2793 3325 4084 4889 5320 5399 5466 6153 7129 7319 7459 9021 10072 10077 10626 10877 10937 12893 
#module 438 size: 13 bs: 0.715382
322 1166 1174 1427 2270 2758 3318 3389 4406 4436 7086 10041 10768 
#module 439 size: 6 bs: 0.184727
990 1040 2120 4062 7285 9249 
#module 440 size: 10 bs: 0.847614
1 328 546 780 1732 5336 6142 6365 8837 10223 
#module 441 size: 9 bs: 0.486034
996 2780 3015 3277 4825 5199 5721 6451 8054 
#module 442 size: 26 bs: 0.554008
169 514 1686 2141 2395 2592 3130 3182 3219 3570 3799 3908 4705 4713 5401 5785 6305 6312 6944 9062 9798 9831 10543 10997 11225 11383 
#module 443 size: 30 bs: 0.647093
389 678 786 1616 1659 1829 2107 2199 3092 3193 3241 3854 4081 4480 4685 4744 4756 5984 6804 7328 7681 7822 7879 7927 8189 8283 8963 9514 10985 11183 
#module 444 size: 7 bs: 0.818952
1359 1599 4228 5299 6237 7043 8771 
#module 445 size: 5 bs: 0.346104
820 3395 6032 6943 9382 
#module 446 size: 12 bs: 0.80517
75 411 2408 4772 5287 7157 7466 8346 9496 9986 10462 10632 
#module 447 size: 5 bs: 0.808437
505 768 804 2086 7588 
#module 448 size: 8 bs: 0.701559
437 3200 3617 5947 5972 7355 8943 9163 
#module 449 size: 7 bs: 1.00831
209 2323 5789 7412 7519 7900 8139 
#module 450 size: 22 bs: 0.494916
1644 2190 2493 4057 5271 5365 5503 5724 5734 6299 6309 6340 6585 6815 7649 7863 8306 8372 8720 8892 8946 9292 
#module 451 size: 22 bs: 1.07604
242 648 1460 3240 3969 4066 4949 5291 5576 5634 5791 6696 6895 6932 6944 7471 7978 8026 8164 9087 10124 11073 
#module 452 size: 18 bs: 0.294634
256 592 1989 3275 3627 3843 5470 5642 6327 6759 6960 7463 8203 9446 9521 10404 10863 12605 
#module 453 size: 6 bs: 0.149016
379 1262 4416 4795 6325 10628 
#module 454 size: 10 bs: 1.03622
32 1940 2839 2933 3858 5379 7772 9364 10020 11074 
#module 455 size: 3 bs: 0.998301
782 1674 1753 
#module 456 size: 13 bs: 0.599272
1474 1590 3187 3419 4929 4959 5901 7485 7662 8350 9465 10356 10784 
#module 457 size: 4 bs: 0.340844
2216 3129 6050 9630 
#module 458 size: 15 bs: 0.51029
18 929 1437 3221 3452 3616 3984 4956 5619 5861 8876 9063 10191 10999 11556 
#module 459 size: 6 bs: 0.134204
1826 6138 6312 7017 10276 10750 
#module 460 size: 4 bs: 0.378788
1824 5574 6648 8066 
#module 461 size: 16 bs: 0.530762
316 728 1344 1738 2680 2875 3626 3704 4051 6433 6477 6887 7058 7398 8852 11099 
#module 462 size: 7 bs: 0.4202
13 1561 4943 5522 6113 7990 11442 
#module 463 size: 7 bs: 0.514728
79 271 1108 1533 2455 4170 8854 
#module 464 size: 10 bs: 0.987893
60 391 1966 2800 3481 5007 5404 7028 9784 10762 
#module 465 size: 22 bs: 0.447947
640 702 911 1133 1473 1559 2754 2988 4190 4781 5332 5695 5883 6139 7081 7227 7316 7346 8335 10123 10128 10335 
#module 466 size: 16 bs: 1.03729
1491 1873 3372 3716 5292 6134 7373 8091 9042 9200 9788 10113 10184 10292 11337 12494 
#module 467 size: 9 bs: 0.990683
1532 2168 2597 2750 7408 8978 9028 9965 10043 
#module 468 size: 13 bs: 0.774567
1336 2007 3217 3502 4345 4880 4902 5629 7289 8310 8330 9681 11024 
#module 469 size: 18 bs: 0.709142
7 261 830 1842 1994 2298 2583 3690 3930 4218 4271 6034 6193 7312 8288 8380 10371 11072 
#module 470 size: 77 bs: 0.285539
133 197 400 410 435 510 549 775 788 884 891 1019 1136 1592 1603 1792 1965 2031 2032 2197 2264 2396 2401 2478 2742 2903 2911 2930 2964 3028 3037 3418 3526 3658 3780 4341 4343 4460 4594 4671 4673 4948 5011 5039 5403 5578 5579 5999 6227 6241 6296 6342 6436 6731 6816 6949 7414 7598 8316 8448 8902 9023 9086 9942 9954 10036 10250 10265 10340 10500 10687 10840 11019 11030 11657 12586 12648 
#module 471 size: 9 bs: 0.537353
295 1737 1928 2116 2349 6598 7297 9013 10122 
#module 472 size: 13 bs: 0.680737
74 485 1833 2978 3549 4335 4349 4883 5112 7308 7424 9766 10933 
#module 473 size: 18 bs: 0.341709
785 1108 1328 1576 2173 2550 3482 3506 3584 3757 4903 5494 5872 7404 8542 8752 9433 10735 
#module 474 size: 17 bs: 0.354123
1624 1696 1953 2885 5548 5963 6175 6270 6993 7084 7220 8015 8162 8468 9681 10349 10660 
#module 475 size: 13 bs: 0.888716
646 2639 3574 4158 5209 5402 5477 6606 7344 8421 8791 9455 10532 
#module 476 size: 11 bs: 0.591299
1419 1655 2482 3511 3894 4608 5465 6529 8318 10336 10932 
#module 477 size: 168 bs: 0.114479
38 51 86 332 452 521 532 758 769 797 901 979 1009 1011 1012 1030 1062 1082 1159 1173 1195 1239 1283 1323 1357 1424 1504 1801 1840 1885 1969 1990 2029 2211 2232 2411 2452 2539 2661 2682 2702 2793 2846 2848 2870 2907 2936 2956 2957 3082 3355 3360 3466 3519 3558 3679 3848 3974 4001 4072 4091 4295 4346 4413 4446 4490 4504 4636 4666 4780 4814 4826 4835 4868 4901 5194 5218 5220 5374 5392 5396 5476 5500 5533 5633 5645 5678 5920 5944 5952 5977 6150 6228 6320 6350 6427 6443 6653 6692 6719 6740 6767 6793 6961 7062 7068 7072 7154 7325 7389 7441 7518 7553 7661 7735 7838 7861 8166 8210 8279 8309 8331 8342 8400 8414 8426 8436 8523 8557 8655 8835 8905 8913 9109 9299 9323 9410 9431 9510 9539 9555 9559 9867 9870 9879 9886 9953 9980 10070 10093 10218 10246 10259 10511 10515 10654 10677 10749 10752 10799 10828 10964 11067 11155 11256 11270 11340 12645 
#module 478 size: 14 bs: 0.300212
303 970 2861 2931 3097 3688 3695 3799 5085 6550 7727 8871 10557 10886 
#module 479 size: 5 bs: 0.740133
1594 3919 4618 6384 11088 
#module 480 size: 9 bs: 0.793555
1020 1450 4071 5888 7146 9573 10351 10766 11694 
#module 481 size: 10 bs: 0.661628
468 527 1782 2420 3196 4468 6543 7019 7870 9790 
#module 482 size: 7 bs: 0.623621
374 481 3235 5694 6392 10076 10669 
#module 483 size: 6 bs: 0.238655
4900 5188 6464 8041 8258 9362 
#module 484 size: 7 bs: 1.00764
1773 3301 5430 7816 8008 10968 11412 
#module 485 size: 19 bs: 0.615784
819 1612 1713 2367 2537 2635 4023 4145 5615 6128 6630 6945 7042 7551 7729 8410 8842 9580 10318 
#module 486 size: 12 bs: 0.25975
1712 1981 2339 2914 3155 3487 4804 5626 6151 7078 7917 11498 
#module 487 size: 7 bs: 0.236061
994 3375 4677 5646 5655 5971 9116 
#module 488 size: 5 bs: 0.654535
5675 6640 8627 9734 10919 
#module 489 size: 8 bs: 0.430142
369 1429 2469 3548 4424 5201 5922 9030 
#module 490 size: 4 bs: 0.392265
724 1160 3764 6791 
#module 491 size: 24 bs: 0.763317
222 722 876 1346 1509 2278 2301 4057 4177 4664 5479 5780 6659 7115 7229 7683 8348 8624 8889 9285 9876 10210 10427 10474 
#module 492 size: 7 bs: 1.06417
136 2221 6210 6349 8699 10620 12545 
#module 493 size: 7 bs: 0.39025
308 771 2012 3206 3631 5133 6059 
#module 494 size: 7 bs: 0.796562
2924 3189 3587 4950 5728 7248 8811 
#module 495 size: 10 bs: 0.48788
617 1433 2868 3198 3657 4411 4546 6749 10951 11223 
#module 496 size: 7 bs: 0.287903
2646 3095 3211 6310 7905 8214 11100 
#module 497 size: 7 bs: 0.531712
2684 5288 5289 7674 9538 9594 11448 
#module 498 size: 10 bs: 0.812011
1081 3293 4161 4277 4629 5322 5545 5697 8662 11216 
#module 499 size: 16 bs: 0.833279
1277 1440 1632 3417 3428 3678 5923 6199 6709 6841 6994 7262 7405 9539 10166 10754 
#module 500 size: 4 bs: 0.536125
1581 3819 5879 6301 
#module 501 size: 6 bs: 0.709095
2572 3091 3188 5348 5483 8582 
#module 502 size: 14 bs: 1.07232
1280 1403 2146 2354 3157 3380 4397 6920 7755 8613 8955 9621 10244 12264 
#module 503 size: 67 bs: 0.103796
341 430 534 1115 1178 1326 1778 1822 1937 2038 2108 2110 2333 2609 2719 3449 3571 3597 3856 3941 4142 4208 4240 4380 4603 4655 4717 5053 5134 5144 5165 5273 5380 5585 5801 6082 6090 6213 6529 6538 6742 6863 6880 7009 7107 7130 7873 7895 7932 7934 8059 8116 8161 8332 8515 8575 8939 8989 9100 9355 9467 10277 10557 10701 10918 10920 12874 
#module 504 size: 27 bs: 0.737233
124 579 1081 2196 2310 2824 3667 3684 3843 3910 4002 4124 4286 5036 5410 5919 6822 6910 7034 7967 8001 8026 8111 9046 9689 10733 11245 
#module 505 size: 9 bs: 0.63108
653 2590 2937 4219 6424 7251 7963 8641 9743 
#module 506 size: 11 bs: 0.963788
367 541 2135 2385 2554 2778 2987 3047 3896 9104 9186 
#module 507 size: 14 bs: 1.09003
1425 2522 3433 4661 4846 5389 5710 5983 7452 7511 7554 9737 9948 12725 
#module 508 size: 5 bs: 0.296016
3349 6752 7775 7929 8985 
#module 509 size: 23 bs: 0.70456
188 604 998 1448 1457 1777 1944 2375 2472 2480 2503 3191 4601 5552 6021 6060 6516 6626 7053 8105 8704 9600 10164 
#module 510 size: 17 bs: 0.16095
1086 1271 1778 2746 2911 2930 3260 4726 5782 5909 6268 7422 8023 8462 9728 10096 10149 
#module 511 size: 25 bs: 1.01789
137 472 1376 2055 2092 2552 2860 3178 4061 4428 4429 4774 5067 5079 5225 5891 6471 6515 7911 8179 8877 10327 10547 11487 11711 
#module 512 size: 24 bs: 0.567119
318 678 1137 1493 1847 2274 2385 3388 4200 4422 4540 4755 5852 6019 6512 6541 6984 7299 7407 7614 7827 9008 10001 10251 
#module 513 size: 8 bs: 0.506277
1444 1786 1874 5214 5824 7615 8360 8489 
#module 514 size: 10 bs: 0.977572
1672 2373 4307 4683 5143 6398 7871 9042 9486 9811 
#module 515 size: 16 bs: 1.0362
647 1183 2636 3150 4437 5098 5191 5221 5669 6093 7321 8007 8118 8773 9368 12679 
#module 516 size: 10 bs: 0.841177
412 708 1292 1455 2643 3578 3838 7878 9524 10724 
#module 517 size: 25 bs: 0.267204
29 54 158 513 1653 1850 1958 2069 2709 4076 4481 4533 4554 5010 5267 6328 6750 6806 6823 7873 8042 9888 10650 10826 12575 
#module 518 size: 10 bs: 0.107802
3310 3562 5012 5547 6166 6663 6907 8980 11222 12495 
#module 519 size: 25 bs: 0.731147
37 570 631 649 1144 1161 1862 2068 2629 2990 3079 3643 4290 5166 6027 6745 7809 8105 8724 9864 10609 10662 10718 11473 12595 
#module 520 size: 24 bs: 1.08293
894 1979 2983 3032 3090 3234 3324 3936 4030 4184 4241 4430 5099 5730 6273 6587 7087 7198 7266 7333 7858 8088 9104 11141 
#module 521 size: 6 bs: 0.573244
1660 3281 3692 6917 7690 10192 
#module 522 size: 9 bs: 1.08341
257 2123 2144 2249 3586 7789 8592 8968 10504 
#module 523 size: 22 bs: 0.964721
230 829 1303 2387 3064 3324 3740 4337 7582 7855 8274 8513 8715 9284 9317 9833 9936 10120 10685 10813 10832 13065 
#module 524 size: 14 bs: 0.935197
726 923 2309 2681 3083 4963 5270 5328 5659 6095 7313 8586 10240 11694 
#module 525 size: 7 bs: 0.598056
1078 2441 2565 3258 4881 6754 10836 
#module 526 size: 10 bs: 1.03557
1222 3446 4273 4291 6863 7448 8140 8332 8886 10902 
#module 527 size: 3 bs: 0.394474
2915 9135 9696 
#module 528 size: 6 bs: 0.896436
2530 5042 6855 6897 9296 10849 
#module 529 size: 5 bs: 0.257652
4040 4879 7912 8117 8324 
#module 530 size: 4 bs: 0.197774
5361 10291 10950 11788 
#module 531 size: 6 bs: 0.932203
1975 3575 5954 7059 8906 11635 
#module 532 size: 12 bs: 0.807834
999 1490 1918 3154 3345 3924 4841 5434 6575 9233 9906 10755 
#module 533 size: 16 bs: 0.63369
368 2051 5425 5462 5562 5669 6525 6562 7133 7616 8083 9266 9333 10558 10778 13018 
#module 534 size: 7 bs: 0.509155
1056 5525 6043 6333 6422 7390 7804 
#module 535 size: 10 bs: 0.621771
3805 3822 5420 6472 7391 8021 8918 10127 10857 11377 
#module 536 size: 11 bs: 0.932841
2485 2821 4990 5997 6517 7799 8494 9247 9399 9606 11436 
#module 537 size: 5 bs: 0.360485
1914 2413 8434 8688 11135 
#module 538 size: 9 bs: 1.04604
700 813 2208 2335 2347 2548 3377 6377 9832 
#module 539 size: 9 bs: 0.564148
441 875 2330 3229 3761 4834 6878 8147 8231 
#module 540 size: 11 bs: 0.544991
720 2614 3255 3809 4102 4409 5271 6313 8330 10382 10399 
#module 541 size: 5 bs: 0.934754
566 6287 6900 9509 10926 
#module 542 size: 4 bs: 0.572259
3174 5417 5768 8885 
#module 543 size: 12 bs: 0.67902
74 514 720 1088 1322 2704 3506 5857 6273 8114 9290 10650 
#module 544 size: 6 bs: 0.560383
2352 3649 5400 6969 7780 7918 
#module 545 size: 10 bs: 0.745209
785 3802 5309 5637 6231 8175 8881 9478 10348 10859 
#module 546 size: 19 bs: 0.936125
558 637 963 1854 1882 2653 2668 2696 3135 3209 3541 4141 4227 6773 7899 8386 9276 9465 10853 
#module 547 size: 4 bs: 0.149298
1217 3659 3851 8942 
#module 548 size: 8 bs: 0.979651
964 1561 2645 3334 5116 5487 8464 9668 
#module 549 size: 5 bs: 0.465033
2977 4088 7088 10208 10963 
#module 550 size: 14 bs: 0.501331
486 1507 1704 2624 2698 2701 2775 3056 4962 6047 6408 8850 8995 10466 
#module 551 size: 4 bs: 0.105375
2343 5290 7213 10691 
#module 552 size: 8 bs: 0.308148
1889 2165 3352 3362 3525 6321 6892 7686 
#module 553 size: 17 bs: 0.827738
713 1132 1821 2319 4115 4417 4481 5213 6872 7287 8115 8571 9774 9950 9973 10022 10629 
#module 554 size: 9 bs: 1.06932
3 394 931 1853 5538 5804 6478 10360 11124 
#module 555 size: 8 bs: 0.612061
793 902 1113 1488 1973 3322 4639 5168 
#module 556 size: 24 bs: 0.86143
21 1390 2117 2454 2658 2818 2879 4007 4512 4597 5345 5770 6249 6393 6718 6973 7252 7798 7865 8518 9819 10560 11005 11082 
#module 557 size: 20 bs: 0.618863
329 476 939 1058 1511 1942 2644 3866 4298 4328 4547 4734 5323 5371 6414 6705 6864 7159 11385 11733 
#module 558 size: 8 bs: 0.594557
595 2732 3870 5372 5860 7810 8714 8975 
#module 559 size: 16 bs: 0.911345
1245 1422 1569 1673 2154 2243 2671 4932 5002 5310 6596 7074 7810 8411 9179 10226 
#module 560 size: 10 bs: 0.501606
822 1081 2354 3545 4569 4770 6701 7267 9150 10463 
#module 561 size: 9 bs: 0.560897
1421 1601 3425 3646 4706 7324 8416 9074 9849 
#module 562 size: 9 bs: 0.427276
804 2627 4768 5284 5431 5516 6147 8609 8777 
#module 563 size: 10 bs: 0.101997
304 874 1669 3248 3635 4408 6645 8907 8923 11015 
#module 564 size: 4 bs: 0.500239
1796 3374 3836 10272 
#module 565 size: 4 bs: 0.855318
1537 4549 5347 6374 
#module 566 size: 13 bs: 0.497922
563 1628 2383 2573 2739 2872 4099 5740 7026 7298 8193 9238 9290 
#module 567 size: 14 bs: 0.50122
613 691 1106 1936 3477 3794 3817 4244 5056 5446 7543 8376 10325 10933 
#module 568 size: 4 bs: 0.180665
1639 1708 4381 6348 
#module 569 size: 6 bs: 0.743274
1067 2445 3640 4484 6656 7793 
#module 570 size: 7 bs: 0.536257
1488 1797 2119 3524 3631 6856 11481 
#module 571 size: 24 bs: 0.275317
144 1018 1185 1303 1454 1818 1847 4302 4328 4874 5224 5295 5376 7931 8067 8134 8382 9315 9565 9647 9875 10638 10649 10692 
#module 572 size: 24 bs: 0.261679
310 832 1398 1441 1551 1845 2161 3398 3819 3996 4269 5040 5525 5584 5881 5993 6211 6374 7307 7715 9812 10053 11207 11428 
#module 573 size: 16 bs: 0.546155
96 263 1001 2346 2651 4466 5295 5490 5928 6399 8310 8640 9026 9062 9226 10913 
#module 574 size: 3 bs: 0.124494
764 7529 10972 
#module 575 size: 22 bs: 0.569849
389 431 786 2703 3092 3900 3993 4744 5581 6954 7328 7681 7879 8026 8283 8728 8812 9317 9632 10985 11451 11601 
#module 576 size: 20 bs: 0.645752
274 1045 1567 2070 2493 2500 2965 3213 4252 5112 5970 7766 8285 8456 8768 9544 9717 9761 10512 10644 
#module 577 size: 4 bs: 0.188521
6406 8800 11097 13018 
#module 578 size: 6 bs: 0.675207
487 3505 5869 6291 9330 9344 
#module 579 size: 10 bs: 1.06478
714 815 1175 2660 3509 3633 5460 5916 6602 10679 
#module 580 size: 12 bs: 0.766441
344 1003 3192 3204 3604 6276 7166 7482 8749 9297 10477 10833 
#module 581 size: 12 bs: 0.81692
826 1120 3246 4715 4988 6091 6143 7024 7088 7544 9268 10375 
#module 582 size: 7 bs: 0.799233
1044 1837 3361 4972 6281 7020 8099 
#module 583 size: 6 bs: 0.779179
1667 1781 2118 2810 5474 8891 
#module 584 size: 12 bs: 0.94161
260 2099 2656 4833 5355 6029 7503 7791 8392 10179 10253 10709 
#module 585 size: 9 bs: 0.568836
152 1687 1861 5202 6425 7712 8613 9212 9528 
#module 586 size: 23 bs: 0.950138
809 1794 2694 3304 3973 4097 4762 5788 5994 6620 7151 8259 8317 8355 9201 9435 10764 10772 10858 10896 10971 11495 12720 
#module 587 size: 7 bs: 0.566219
856 951 5043 7417 7453 8235 10275 
#module 588 size: 35 bs: 0.16342
64 190 1203 1267 1572 1805 1812 2513 2695 3494 3907 4543 5539 5557 6046 6273 6317 6324 6491 6621 6644 6761 7119 7364 7663 8297 8661 9138 9216 9456 9612 9759 10143 10883 11419 
#module 589 size: 10 bs: 0.324133
1265 2347 4870 4937 7596 9852 10287 10425 10746 10802 
#module 590 size: 9 bs: 0.402941
1207 1724 3855 4299 4961 5066 5228 5807 10703 
#module 591 size: 21 bs: 0.743173
880 1145 1202 1897 1929 2128 2745 3231 3847 4032 4043 4098 4132 6499 6957 7832 7960 8174 8381 9203 10370 
#module 592 size: 4 bs: 0.568617
3339 7361 7991 11163 
#module 593 size: 9 bs: 0.679679
2340 3789 4019 5823 7492 9639 9963 11483 11709 
#module 594 size: 31 bs: 0.306524
442 475 1346 1428 1472 1611 1620 1819 2060 2143 2325 2377 3052 3074 3676 3777 4178 4405 5694 5910 6942 7104 7133 7271 7286 7363 7731 9001 10012 10104 10680 
#module 595 size: 24 bs: 0.111367
7 561 573 581 873 1255 1349 1598 1983 2141 2829 3080 3444 6108 6738 6896 7514 8106 8409 8549 8573 9200 9277 10666 
#module 596 size: 27 bs: 0.920911
345 352 1090 1519 1695 2542 2825 2863 3245 3569 3784 3823 4061 4248 4550 5099 6022 6904 7722 7898 8632 8637 8901 8988 10193 10595 10813 
#module 597 size: 19 bs: 0.652549
921 998 1501 2503 2545 3422 4048 4374 4524 4605 5158 5327 6965 7968 8322 8407 9069 10062 10316 
#module 598 size: 13 bs: 0.570916
2854 3051 3871 4642 5304 6067 7500 8243 8487 9252 10487 10839 11840 
#module 599 size: 5 bs: 1.08161
141 1434 6226 6298 6705 
#module 600 size: 20 bs: 0.231489
56 1179 1648 2849 3292 4053 4843 4909 4997 6066 6069 6183 7628 8526 9342 10305 10673 10916 11551 11613 
#module 601 size: 19 bs: 1.03303
1033 1976 2147 2257 2353 2524 3162 4467 4499 5628 5769 6484 6637 6728 6875 10308 10370 10626 10868 
#module 602 size: 16 bs: 0.38703
1417 2289 2412 2693 2953 3286 3747 4764 4910 7506 7627 7818 9019 9181 9531 11145 
#module 603 size: 24 bs: 0.233921
582 812 987 2138 2432 2442 3756 4037 4401 4662 4731 4975 5141 5362 5586 5870 6687 6805 7311 7374 7779 8065 9890 10102 
#module 604 size: 22 bs: 0.737056
1039 1211 1273 2533 2707 2976 3540 3958 3993 4314 4779 4921 6266 6373 6757 8266 8365 8990 9848 10080 10396 10674 
#module 605 size: 9 bs: 1.02616
16 49 3109 3268 5101 6861 7955 8628 9990 
#module 606 size: 7 bs: 0.211159
1697 1709 3118 6278 7882 8103 9073 
#module 607 size: 14 bs: 0.473105
831 3068 5737 6081 6631 6929 7270 7382 7836 8820 8954 9918 10023 10483 
#module 608 size: 6 bs: 0.486667
2179 2450 4203 5666 9768 10962 
#module 609 size: 15 bs: 0.15148
142 1054 1652 1843 3803 5725 5936 6008 6455 7021 7310 7321 7771 9961 12679 
#module 610 size: 13 bs: 0.718477
57 145 1580 1673 3130 3612 3768 4056 5537 7979 8086 9414 10152 
#module 611 size: 8 bs: 0.193753
328 1309 4080 5817 7541 8028 8711 9098 
#module 612 size: 7 bs: 0.483782
1557 1584 5689 6334 9984 10897 11102 
#module 613 size: 20 bs: 0.684412
106 434 1332 2538 3385 3785 4102 4140 4206 5411 5744 5863 6257 6361 6541 6672 8843 9011 9357 9752 
#module 614 size: 34 bs: 1.04409
29 150 783 1318 2152 2574 2687 3259 3716 3969 5035 5405 5582 5803 5967 6090 6391 6509 6795 7047 7131 7572 8098 8263 8286 8696 8710 8856 9239 9896 10196 10367 10517 11107 
#module 615 size: 14 bs: 0.197267
2433 3195 4796 5063 5595 5793 7113 7691 7971 9417 9824 9981 10484 11591 
#module 616 size: 9 bs: 0.425214
637 1212 4691 5212 6171 7045 8671 9540 11338 
#module 617 size: 18 bs: 0.352577
351 1338 2472 2588 3202 3742 4064 5341 5687 6088 7080 7231 8000 8966 10193 10515 10651 10662 
#module 618 size: 75 bs: 0.45211
327 352 525 818 857 891 980 1109 1129 1130 1205 1218 1608 1706 2713 2862 2913 3043 3365 3480 3625 3716 3922 4316 4481 4544 4869 4938 4993 5026 5112 5129 5268 5281 5375 5698 5752 5867 6007 6094 6507 6597 6903 7044 7055 7112 7175 7515 7981 8025 8176 8219 8368 8412 8645 8803 8892 9278 9339 9591 9685 9880 9912 10284 10388 10409 10420 10639 10862 10936 11008 11093 11243 11491 12949 
#module 619 size: 43 bs: 0.25722
350 569 1282 1637 2068 2074 2194 2319 2717 3032 3265 3806 3883 3895 3968 4179 4481 4848 5660 5759 5771 6028 6236 6391 6992 7011 7263 7321 7702 7931 8307 8381 8769 8828 9518 9632 10329 10344 10543 10898 11031 11255 11335 
#module 620 size: 13 bs: 0.510762
2927 3013 3746 3816 4004 4209 4755 5071 6251 7457 8348 10369 10737 
#module 621 size: 26 bs: 1.09322
945 1050 1657 1804 1915 2044 2194 3008 3172 3216 3294 3399 3582 3920 3965 5022 5121 5335 6536 6873 7218 7783 8221 8292 9475 10543 
#module 622 size: 9 bs: 0.813431
3461 4093 5021 5416 6176 7378 7607 8782 9844 
#module 623 size: 6 bs: 0.108064
1438 2735 4122 4592 6524 10252 
#module 624 size: 16 bs: 0.852354
122 268 1739 1935 2764 3315 3609 3954 4552 4969 5512 6600 7351 8112 8282 9019 
#module 625 size: 23 bs: 1.06526
1609 1818 2250 2500 4432 4435 5247 6056 6450 6904 7087 7126 7884 8114 8691 8766 8980 8992 9584 10238 10556 10662 10672 
#module 626 size: 25 bs: 0.395893
1119 1303 2385 2397 2761 2931 3467 3497 4006 4041 4240 4337 4522 4655 5042 5467 6527 6863 7000 7205 7242 7283 7804 7934 9070 
#module 627 size: 12 bs: 0.431804
562 870 1391 1418 3561 4212 6479 6582 6810 7926 10780 12678 
#module 628 size: 11 bs: 0.109097
238 699 1253 1539 3002 4360 5647 6177 6314 6517 8839 
#module 629 size: 9 bs: 0.104793
1836 2474 2575 6610 7109 7624 8565 9889 12626 
#module 630 size: 12 bs: 0.505944
32 109 683 2247 2383 4300 4575 7203 8193 8356 10455 10496 
#module 631 size: 11 bs: 0.835797
595 811 1444 2967 4955 5675 6456 7976 8383 10100 10589 
#module 632 size: 10 bs: 0.4779
1084 2049 4029 5133 6802 8912 9536 9816 10337 10443 
#module 633 size: 26 bs: 0.582628
981 1247 1825 2426 2714 3132 3637 3712 4223 4586 4616 4807 5621 5764 6025 6412 6954 7056 7575 7648 8633 9069 10224 10316 11251 12679 
#module 634 size: 30 bs: 0.744423
683 705 791 961 1200 1250 1377 1378 1852 2124 2246 2753 3299 3458 3950 5933 5939 6275 6297 6874 7032 7100 7683 7701 9036 9361 9960 10155 10695 11267 
#module 635 size: 19 bs: 0.681092
217 713 976 1282 1851 2319 2955 2990 3032 4384 4442 5185 6964 7011 7334 7380 7931 8890 10323 
#module 636 size: 7 bs: 0.851464
531 2024 3613 5787 6440 6628 8719 
#module 637 size: 29 bs: 0.374317
260 278 2451 3218 3448 4000 4443 5267 5268 5343 5663 5806 5891 6173 6540 6779 6787 6964 7334 7468 7794 8061 8105 8283 9531 9845 10012 11196 11415 
#module 638 size: 17 bs: 0.157505
1583 2046 2366 2577 3460 3484 4979 5128 5339 5570 6445 6813 8163 8986 9502 9595 10094 
#module 639 size: 5 bs: 0.535034
5189 5725 5727 6698 8172 
#module 640 size: 160 bs: 0.714188
166 270 469 636 704 839 877 905 940 981 1010 1122 1123 1135 1286 1335 1453 1512 1553 1583 1626 1677 1733 1795 1803 1877 1887 1914 2041 2081 2103 2108 2178 2450 2531 2691 2699 2736 2838 2889 2972 3010 3012 3114 3236 3244 3498 3542 3686 3689 3716 3764 3877 3898 3903 3916 3918 3935 4038 4079 4143 4157 4159 4167 4213 4230 4282 4317 4325 4338 4347 4380 4444 4610 5017 5369 5518 5526 5558 5559 5620 5665 5820 5850 5856 5943 5992 6046 6058 6111 6335 6336 6386 6395 6523 6579 6638 6675 6763 6777 6865 6883 6945 6970 7071 7082 7141 7210 7365 7377 7470 7475 7506 7720 7859 7989 8040 8061 8122 8142 8299 8450 8611 8670 8706 8785 8817 8877 8908 8987 9006 9007 9045 9049 9122 9286 9500 9518 9529 9657 9919 10370 10387 10441 10551 10564 10583 10736 10769 10835 10838 10854 10899 10944 10959 11108 11447 11717 12003 12506 
#module 641 size: 11 bs: 0.260893
295 364 854 1744 3933 5300 6164 8087 8204 9013 9695 
#module 642 size: 5 bs: 1.03167
207 208 4193 6870 8160 
#module 643 size: 19 bs: 0.1385
849 3304 3577 3670 3717 4420 4543 4594 4670 4985 5444 6135 6677 6834 7345 8059 9584 9766 11572 
#module 644 size: 17 bs: 0.743073
869 974 1267 3486 3772 3862 4400 5811 6375 6548 6825 7153 7666 7790 8273 9964 10686 
#module 645 size: 7 bs: 1.03039
1380 3298 4396 5478 5599 6508 9088 
#module 646 size: 12 bs: 0.63415
196 572 589 1348 2097 3811 5499 6627 7005 7110 9225 11966 
#module 647 size: 16 bs: 0.5851
7 116 293 634 1102 1994 2145 2509 2689 3311 3571 5217 5853 5969 7156 9504 
#module 648 size: 27 bs: 0.740632
143 417 852 1214 1257 1381 1711 2322 2346 3816 4764 6037 6480 6736 6806 6909 6954 6988 7096 7423 8067 8271 9338 9479 10513 10758 11611 
#module 649 size: 20 bs: 0.955318
559 1214 1257 1375 1477 1619 2496 3324 3527 5445 6219 7016 7063 7333 7877 8203 8887 8958 9419 10565 
#module 650 size: 66 bs: 0.273797
6 272 300 446 669 1105 1130 1218 1290 1328 1363 1381 1554 1651 1807 1831 1857 2484 2488 2908 2965 3233 3449 3527 3890 3899 3972 4006 4107 4699 4861 5231 5265 5281 5660 6283 6699 6742 6867 7175 7196 7707 7839 7849 7867 8095 8131 8233 8315 8645 8915 8989 9040 9192 9353 9355 9436 9591 10000 10002 10079 10104 10701 11004 11007 11031 
#module 651 size: 54 bs: 0.827609
29 210 1105 1218 1291 1441 1554 1620 2129 2155 2447 2531 2836 2913 3071 3439 3603 3841 3873 3936 4208 4579 4605 4655 4699 5165 5225 5283 5756 5899 6364 6430 6936 7044 7096 7112 7444 7875 7897 8736 8808 8903 8945 9040 9181 9401 9408 10002 10135 10310 10547 10672 10698 11136 
#module 652 size: 29 bs: 0.871599
48 50 367 463 2520 3416 3563 3623 3782 3966 4092 4403 4475 4821 5183 5588 5590 6615 6859 6901 7886 7892 8213 8964 9273 9420 9922 10406 10834 
#module 653 size: 24 bs: 0.990045
292 553 945 1342 1566 2025 4059 4498 4866 4968 5575 5650 5896 6052 6107 6352 6434 6720 7356 7438 8970 8984 9356 10233 
#module 654 size: 21 bs: 0.699596
85 528 779 1729 2148 3809 4006 4157 4354 4761 4849 5234 5701 6001 6945 7334 7966 8564 8791 9068 9501 
#module 655 size: 26 bs: 0.221376
341 973 1385 1566 1808 2001 2979 4698 5225 5283 5343 5811 6007 6134 6370 6626 6931 7200 7766 7839 8144 8145 8161 8205 11338 11711 
#module 656 size: 10 bs: 0.576037
565 2077 2436 2525 5454 5829 6959 7680 9674 11171 
#module 657 size: 20 bs: 0.115751
93 1225 1544 2054 3642 5015 5064 5217 5442 6236 6273 6473 6774 6903 6924 7823 8673 9949 10584 11451 
#module 658 size: 65 bs: 0.372002
97 302 613 860 1106 1353 1668 1917 1936 2038 2076 2511 2585 2926 2939 3024 3250 3513 3638 3845 4031 4069 4104 4153 4609 4622 4665 4811 4858 4940 5268 5356 5385 5635 5658 5858 5883 5979 6007 6079 6085 6134 6661 7227 7228 7321 7376 7489 7493 7546 7633 7742 7747 7844 8127 8187 8703 9077 9165 9641 9688 9751 10541 10662 10993 
#module 659 size: 26 bs: 0.23543
194 656 1233 1373 1700 3490 3500 3670 3675 4247 4792 5038 5181 5388 5708 6265 6769 7749 8327 8921 9627 9924 10151 10476 11092 12638 
#module 660 size: 135 bs: 0.158702
7 61 172 312 347 362 370 377 388 420 560 604 715 803 858 866 882 909 919 943 1116 1308 1430 1629 1645 1658 1751 1867 1924 1984 1993 2185 2235 2287 2302 2607 2718 2750 2820 2924 2941 3004 3065 3119 3123 3169 3205 3287 3306 3323 3346 3383 3429 3444 3520 3569 3675 3743 4077 4204 4377 4383 4572 4630 4645 4852 4966 4967 5233 5568 5674 5691 5732 5910 5973 5987 6074 6177 6208 6341 6482 6710 6925 7230 7260 7323 7429 7510 7749 7835 7945 7996 8045 8141 8347 8461 8541 8598 8629 8717 8770 8915 8940 9099 9123 9259 9293 9380 9395 9444 9495 9534 9655 9745 9997 10033 10222 10264 10271 10408 10432 10461 10599 10701 10776 10846 10891 11117 11189 11192 11193 11445 12228 12582 12977 
#module 661 size: 15 bs: 1.01138
564 1452 1716 2109 2472 3219 4327 6388 6939 7044 7184 8114 10532 10825 11092 
#module 662 size: 22 bs: 0.70408
216 774 2747 2941 3706 3711 3726 4151 4380 4534 4618 5182 5830 5831 5903 6897 7026 7075 7167 8059 8856 10535 
#module 663 size: 7 bs: 0.485743
1006 1415 3347 6804 7237 10223 10751 
#module 664 size: 66 bs: 0.510241
108 216 495 564 783 1024 1036 1789 2058 2213 2475 2759 2918 2976 3004 3227 3387 3693 3755 3770 4003 4168 4202 4256 4308 4486 4492 4717 4858 5240 5357 5593 5598 5630 5774 6401 6506 6528 6715 6936 7079 7130 7131 7134 7175 7306 7364 7451 7454 7717 7783 7935 8234 8263 8336 8874 9125 9288 9601 9656 10311 10367 10634 10700 10927 12492 
#module 665 size: 77 bs: 0.487692
155 157 314 559 891 1035 1109 1234 1289 1291 1692 1915 2044 2218 2293 2463 2746 2921 3032 3055 3265 3290 3376 3449 3486 3535 3790 3917 3965 4073 4274 4626 4675 4697 4819 5078 5112 5151 5225 5357 5415 5835 5865 6030 6416 6421 6449 6481 6609 6806 6829 6964 7070 7170 7507 7746 7783 7854 8009 8108 8292 8407 8812 8880 8982 9200 9318 9379 9658 9723 9817 10134 10457 11073 11196 11463 12624 
#module 666 size: 202 bs: 0.36928
29 98 116 276 303 323 432 454 473 475 497 537 544 567 629 641 649 710 824 847 972 1021 1059 1182 1238 1362 1436 1472 1518 1534 1571 1682 1703 1809 1872 1886 1988 2015 2044 2050 2064 2268 2274 2287 2460 2596 2665 2706 2815 2864 2983 3067 3078 3121 3159 3179 3210 3242 3263 3303 3317 3336 3359 3381 3451 3536 3580 3602 3606 3655 3729 3773 3796 3852 3865 3921 3943 3974 3976 3989 4121 4194 4214 4399 4485 4606 4611 4650 4676 4685 4688 4693 4694 4728 4801 4839 4867 4891 5023 5054 5083 5106 5138 5321 5352 5511 5585 5649 5653 5681 5731 5783 5865 5906 5931 5962 6002 6051 6080 6086 6132 6195 6304 6371 6390 6454 6487 6546 6621 6637 6710 6747 6827 6908 6948 7102 7140 7254 7409 7530 7692 7696 7811 7840 7850 7992 7996 8101 8124 8158 8208 8447 8723 8732 8736 8762 8772 8801 8810 8879 8999 9020 9110 9139 9151 9211 9260 9288 9289 9316 9373 9380 9413 9427 9485 9551 9603 9644 9808 9873 9970 9985 10046 10298 10315 10319 10324 10359 10457 10474 10514 10527 10612 10640 10715 10729 10810 10956 11371 11488 11540 11701 
#module 667 size: 16 bs: 0.12439
652 1396 1457 1776 4263 5283 6765 6938 7133 7275 8869 8959 10598 11711 12170 12679 
#module 668 size: 5 bs: 0.923306
2439 5458 7502 8056 8543 
#module 669 size: 12 bs: 0.580807
5 1717 4150 6203 8538 9326 9526 10087 10174 10220 10266 10392 
#module 670 size: 7 bs: 0.934656
1351 2286 5344 6252 7078 7556 10610 
#module 671 size: 38 bs: 0.357922
215 346 690 992 1900 2466 2791 3026 3880 4363 5342 5707 5819 6013 7269 7379 7418 7724 8178 8227 8451 8466 8495 8562 8971 8983 9091 9442 9689 9693 9791 10468 10533 11095 11334 11369 12609 12652 
#module 672 size: 31 bs: 0.1902
334 382 512 695 1261 2315 2723 2767 2925 3014 3346 3893 4124 4386 4561 4844 5076 5322 5461 5745 6222 7431 8278 8363 8806 9176 9800 9923 10034 10641 11584 
#module 673 size: 5 bs: 0.758983
25 1112 8725 9914 11158 
#module 674 size: 162 bs: 0.267283
203 264 529 800 807 893 896 959 1042 1172 1229 1266 1387 1456 1482 1587 1615 1638 1743 1788 1791 1816 1830 1888 1895 1970 1972 1976 2008 2029 2079 2131 2206 2265 2266 2365 2446 2521 2582 2589 2601 2817 2951 2956 2996 3001 3147 3170 3379 3423 3475 3708 3857 4108 4144 4171 4238 4352 4387 4509 4519 4649 4747 4766 4836 4851 4923 4964 4973 5008 5135 5176 5457 5476 5573 5596 5625 5645 5648 5736 5838 5854 5886 5975 6042 6057 6124 6182 6286 6295 6339 6583 6604 6617 6716 6758 6766 7031 7035 7075 7199 7268 7292 7425 7472 7523 7525 7589 7705 7803 7812 8074 8075 8137 8190 8198 8275 8453 8458 8511 8566 8672 8822 9075 9085 9307 9329 9345 9499 9516 9546 9561 9672 9691 9713 9718 9744 9945 9946 9976 10157 10255 10383 10465 10502 10518 10592 10635 10678 10707 10713 10823 10837 10855 10945 10990 11085 11130 11265 11552 12654 12902 
#module 675 size: 20 bs: 1.05768
52 672 1095 1765 1947 2620 4047 4541 5279 5935 6023 6206 6748 7128 7740 8468 8676 9492 10753 12889 
#module 676 size: 45 bs: 0.357288
104 721 767 1506 1546 1871 2039 2273 2766 2850 2892 3105 3289 3792 4704 5097 5229 5297 5605 6494 6679 6882 7132 7187 7592 7660 7764 7781 8072 8351 8377 8529 8601 8789 8833 8875 9025 9222 9322 9477 9586 9728 9843 9891 9998 
#module 677 size: 22 bs: 0.696813
69 542 1098 1496 1542 3085 3572 3828 3997 4016 4239 4253 5280 5441 7557 8100 8109 8823 9394 9884 10126 11032 
#module 678 size: 156 bs: 0.266133
53 273 313 385 461 668 675 687 823 930 1013 1057 1163 1190 1242 1306 1313 1320 1389 1688 1755 1908 1957 2022 2071 2100 2202 2275 2300 2307 2467 2514 2562 2611 2664 2727 2812 2830 2845 2858 2881 2909 2935 3111 3127 3222 3257 3289 3530 3539 3568 3683 3702 3741 3752 3875 3901 3956 3970 4008 4011 4017 4125 4175 4323 4344 4421 4687 4749 4958 5115 5127 5136 5145 5153 5184 5246 5257 5569 5589 5609 5685 5773 6100 6118 6263 6514 6642 6678 6783 6801 6807 6919 6980 7023 7066 7191 7223 7241 7284 7483 7562 7570 7584 7605 7817 7831 7916 8085 8149 8157 8191 8524 8531 8536 8568 8593 8930 8972 9107 9218 9245 9269 9360 9454 9578 9583 9660 9694 9771 9778 9855 9878 9992 10047 10075 10111 10156 10169 10379 10389 10413 10493 10582 10611 10738 10814 10850 10965 10969 11138 11139 11429 12618 12896 13062 
#module 679 size: 8 bs: 0.386711
596 2056 3725 4182 5509 6708 6871 8311 
#module 680 size: 18 bs: 0.186273
467 606 1149 2224 3087 4164 4809 4930 5360 5449 5475 5606 6217 6245 7937 8397 8618 10587 
#module 681 size: 16 bs: 0.843255
233 1774 1999 2622 4099 4797 5308 5542 5780 6330 6459 6539 6655 6730 8614 9145 
#module 682 size: 5 bs: 0.223313
2494 7381 8862 10765 10930 
#module 683 size: 11 bs: 1.05652
550 2088 3631 3758 5925 6083 6385 7435 7796 10133 11182 
#module 684 size: 22 bs: 0.355833
551 3254 3483 3559 3590 3717 4099 4537 5564 6134 6137 6724 6788 7354 7685 7770 7888 8734 8741 10618 11340 12293 
#module 685 size: 6 bs: 0.120598
46 868 1177 2650 3748 9255 
#module 686 size: 21 bs: 0.597522
689 847 966 1014 1176 1465 3459 3516 3552 3571 3812 6130 6161 6317 6372 6821 7119 7904 9572 9763 9969 
#module 687 size: 99 bs: 0.179032
34 40 47 76 360 680 871 1022 1107 1409 1481 1575 1661 1734 1913 2132 2164 2184 2187 2209 2280 2378 2404 2465 2528 2537 2700 2851 2897 3022 3023 3203 3319 3341 3351 3384 3513 3609 3644 3728 3766 3878 3909 3951 4005 4052 4068 4285 4784 4855 5001 5054 5074 5083 5142 5577 5652 5986 6005 6033 6149 6566 6652 6717 6723 6725 6840 7087 7290 7411 7413 7535 7581 7634 7828 8025 8272 8410 8588 8697 8853 9058 9348 9397 9490 9675 9679 9708 9717 9741 9757 9916 9955 10018 10225 10596 10729 10834 10869 
#module 688 size: 55 bs: 0.246717
222 305 765 835 898 1036 1614 1827 1852 2035 2151 2741 3259 3350 3387 3770 4256 4308 4425 4531 4717 4722 4775 5217 5341 5363 5498 5530 5796 6383 6401 6506 6528 6809 6903 7003 7261 7451 7454 7783 8234 8241 8263 8294 8368 9288 9601 10300 10311 10367 10629 10700 10711 10773 11006 
#module 689 size: 58 bs: 0.210839
20 202 921 924 1130 1218 1302 1374 1401 1572 1608 1693 1933 2141 2329 2955 3071 3194 3532 3716 3914 4513 4709 5278 5283 5385 6116 6273 6324 6390 6541 6626 6736 7040 7044 7085 7271 7700 7839 8247 8256 8459 8575 8890 8977 9401 10108 10238 10358 10469 10527 10692 10728 10747 10812 10832 10888 11593 
