#module 0 size: 21 bs: 0.082118
76 131 140 180 290 315 465 568 594 614 665 671 768 811 815 832 906 912 1293 1366 1368 
#module 1 size: 27 bs: 1.04299
1 90 115 132 146 202 245 293 310 378 418 427 456 461 543 630 639 676 688 726 737 746 755 875 997 1029 1267 
#module 2 size: 110 bs: 0.362206
68 74 86 87 104 110 115 125 129 134 135 136 141 142 151 153 162 169 198 200 214 219 230 252 256 258 264 279 292 301 302 304 305 320 338 346 352 361 364 367 372 373 378 392 393 397 408 430 440 443 450 457 466 538 539 550 579 582 609 616 617 640 653 657 658 663 666 684 689 694 696 703 709 713 714 717 722 723 724 740 747 752 758 791 803 807 821 827 837 851 852 856 858 863 876 895 896 898 904 915 932 947 954 967 969 983 1000 1013 1031 1302 
#module 3 size: 86 bs: 0.861698
3 6 49 61 69 73 77 78 100 102 103 108 118 119 128 145 161 179 184 214 217 219 247 258 262 268 269 285 292 294 305 311 319 339 343 349 376 381 402 407 426 432 445 460 475 521 522 526 529 541 567 579 599 601 615 635 636 641 647 649 662 714 766 767 786 788 798 808 827 830 872 890 900 907 928 931 938 960 961 966 978 998 1009 1264 1353 1363 
#module 4 size: 73 bs: 0.280628
2 80 96 106 107 150 188 193 203 211 213 251 270 297 308 326 347 371 383 392 398 416 447 535 547 564 584 592 604 607 628 654 674 675 691 697 698 702 728 741 771 802 834 841 842 858 862 878 899 903 932 934 935 952 957 969 996 1000 1015 1017 1018 1021 1025 1142 1209 1217 1219 1284 1321 1349 1352 1362 1376 
#module 5 size: 56 bs: 0.805374
60 62 63 71 81 88 91 93 117 229 243 254 263 268 294 298 300 327 346 352 353 387 399 414 419 429 436 443 527 537 551 595 596 600 603 682 685 695 707 744 751 753 761 767 800 812 819 820 831 838 849 894 908 970 979 1216 
#module 6 size: 15 bs: 0.415898
116 218 225 324 325 366 400 409 596 611 620 623 784 794 859 
#module 7 size: 37 bs: 0.26283
139 231 235 277 348 368 384 390 413 446 448 463 470 530 546 548 569 612 643 660 665 683 710 760 792 810 825 828 853 879 882 919 929 1022 1218 1297 1325 
#module 8 size: 26 bs: 0.720325
5 178 244 257 271 303 337 345 363 365 379 459 559 608 650 669 734 762 775 806 836 892 918 1020 1030 1271 
#module 9 size: 60 bs: 0.865247
54 55 190 198 206 208 215 227 238 239 249 299 307 374 377 396 428 439 462 468 519 540 547 557 558 565 566 581 585 619 627 631 651 672 704 706 718 748 749 769 799 813 818 829 840 868 869 877 902 916 917 920 934 972 982 1008 1078 1092 1276 1296 
#module 10 size: 91 bs: 0.611646
5 52 66 111 114 122 154 157 160 178 182 183 196 207 212 221 233 253 284 288 291 321 350 354 369 401 412 437 444 454 474 519 532 545 559 562 580 593 626 644 651 667 669 680 705 719 734 742 762 763 797 806 809 824 835 843 864 871 880 883 887 891 911 913 920 936 949 950 951 957 965 971 977 980 988 995 1006 1008 1016 1042 1141 1221 1222 1223 1275 1282 1334 1367 1369 1370 1377 
#module 11 size: 18 bs: 1.02063
177 210 248 433 452 453 549 589 598 613 622 693 786 861 906 953 974 1295 
#module 12 size: 84 bs: 1.03068
3 6 61 67 69 73 75 77 88 92 93 98 102 138 191 192 215 217 220 234 246 260 263 294 296 300 312 329 394 399 411 422 423 426 429 432 436 473 511 537 542 551 560 561 567 570 575 587 600 606 636 652 681 686 692 750 751 757 765 772 783 787 800 808 816 823 830 854 867 872 894 905 907 914 938 960 961 962 970 984 1011 1149 1216 1220 
#module 13 size: 69 bs: 0.160686
51 92 124 127 148 155 165 176 205 216 236 246 250 254 259 286 293 317 318 329 330 331 332 335 375 380 395 410 419 429 435 464 471 525 528 556 563 588 591 618 630 637 673 677 690 693 700 715 732 733 739 750 765 789 804 814 826 855 888 909 912 956 994 999 1029 1140 1295 1304 1333 
#module 14 size: 159 bs: 0.651478
53 56 57 59 65 70 79 95 101 109 112 113 120 121 123 133 143 144 147 149 152 156 158 159 163 164 166 167 168 185 186 187 189 194 195 201 223 224 237 261 272 274 276 278 281 282 283 287 289 295 309 313 314 322 333 341 342 343 344 349 355 356 357 358 360 385 386 391 403 405 417 421 424 434 442 449 458 467 476 497 512 520 524 531 533 534 544 552 555 571 572 574 578 583 590 597 599 602 603 605 610 625 629 634 647 648 655 656 659 661 668 670 678 679 699 711 712 725 735 736 743 745 754 756 764 770 773 795 796 801 805 822 833 839 850 857 860 865 866 874 885 889 933 948 955 968 975 985 1012 1014 1019 1026 1028 1040 1272 1273 1351 1354 1357 
#module 15 size: 36 bs: 0.252859
113 199 209 226 231 255 283 306 335 341 403 406 425 448 490 536 553 554 583 664 668 679 687 711 745 759 865 889 910 933 973 1010 1127 1326 1339 1366 
#module 16 size: 53 bs: 0.118035
48 58 62 81 89 105 126 130 197 222 232 328 351 359 362 370 388 389 431 438 455 472 536 568 573 576 577 584 624 633 645 646 671 673 729 730 731 732 819 870 873 884 886 901 909 930 958 976 986 994 1024 1252 1283 
#module 17 size: 117 bs: 0.860615
7 11 13 15 19 20 22 23 24 28 29 35 37 42 46 64 181 228 253 323 340 382 415 441 444 469 483 505 532 593 621 632 644 720 790 817 835 887 964 971 981 989 1001 1027 1032 1039 1041 1042 1048 1053 1058 1064 1071 1086 1105 1112 1120 1121 1132 1136 1150 1157 1164 1190 1222 1228 1246 1258 1265 1266 1268 1269 1270 1285 1293 1294 1298 1299 1300 1301 1303 1304 1305 1306 1307 1308 1315 1316 1317 1319 1320 1322 1324 1327 1328 1329 1330 1331 1332 1335 1336 1337 1338 1340 1341 1358 1359 1360 1361 1364 1365 1369 1371 1373 1374 1375 1378 
#module 18 size: 118 bs: 0.158226
4 10 11 12 14 15 16 17 18 19 20 21 23 25 26 27 30 31 32 33 34 36 38 50 72 82 94 97 99 137 170 204 226 236 240 241 242 265 266 267 273 275 280 316 334 336 351 404 420 451 483 491 505 523 563 568 586 638 642 671 673 701 705 708 716 721 727 738 768 774 776 793 844 855 881 884 893 897 909 921 937 939 959 963 987 1007 1023 1033 1043 1064 1093 1099 1112 1115 1132 1136 1157 1170 1177 1183 1190 1196 1202 1224 1228 1234 1240 1246 1253 1274 1277 1318 1323 1342 1350 1355 1356 1372 
