#module 0 size: 8 bs: 9.3229e-08
696 2704 4107 4777 5291 5701 5908 6825 
#module 1 size: 3 bs: 5.50626e-101
1018 3469 5937 
#module 2 size: 8 bs: 6.1471e-102
157 2448 3082 3675 4060 4543 4970 6529 
#module 3 size: 5 bs: 3.9842e-101
615 880 2967 4981 5775 
#module 4 size: 4 bs: 9.25887e-101
1254 2216 3614 4251 
#module 5 size: 2 bs: 8.67965e-101
4507 4635 
#module 6 size: 2 bs: 7.81082e-101
604 1789 
#module 7 size: 2 bs: 8.64307e-102
5551 6691 
#module 8 size: 2 bs: 5.15173e-101
5185 5803 
#module 9 size: 3 bs: 6.36681e-101
175 1310 1941 
#module 10 size: 3 bs: 3.50958e-101
1924 2038 5556 
#module 11 size: 2 bs: 7.23079e-101
4570 4774 
#module 12 size: 5 bs: 9.13627e-101
556 977 1654 4089 6432 
#module 13 size: 6 bs: 1.74516e-101
625 2437 2765 3632 6215 6671 
#module 14 size: 4 bs: 9.45046e-101
1813 2020 2575 4602 
#module 15 size: 3 bs: 9.64791e-101
2651 6053 6086 
#module 16 size: 3 bs: 2.89361e-101
405 1263 3860 
#module 17 size: 3 bs: 5.11174e-101
1252 1712 4943 
#module 18 size: 7 bs: 7.6227e-101
1159 1736 3500 4943 5517 5675 5931 
#module 19 size: 9 bs: 2.20489e-101
1599 2141 2875 2889 3542 5574 6268 6434 6443 
#module 20 size: 10 bs: 2.74626e-101
630 710 2339 3128 3676 4364 4776 4794 4904 5954 
#module 21 size: 4 bs: 3.18045e-103
1068 1481 3773 3776 
#module 22 size: 6 bs: 2.51439e-101
1321 2563 2670 5265 5400 6074 
#module 23 size: 6 bs: 7.06758e-101
214 304 2716 3495 4238 5221 
#module 24 size: 2 bs: 1.11022e-16
5802 6849 
#module 25 size: 2 bs: 9.79052e-101
2278 4594 
#module 26 size: 13 bs: 6.55882e-101
316 580 673 1706 3018 3439 3557 3701 3732 3790 4826 6425 6642 
#module 27 size: 2 bs: 1.87396e-101
1078 3589 
#module 28 size: 3 bs: 5.38751e-10
1315 3414 5121 
#module 29 size: 3 bs: 2.22134e-101
15 2929 6435 
#module 30 size: 4 bs: 3.33717e-11
446 4271 4955 6498 
#module 31 size: 6 bs: 3.43372e-101
2006 3440 3764 5526 6116 6542 
#module 32 size: 2 bs: 3.02208e-101
160 3952 
#module 33 size: 2 bs: 9.29801e-101
2412 4116 
#module 34 size: 11 bs: 3.18126e-101
380 1337 1726 2409 2747 3704 4140 4482 4857 5202 6280 
#module 35 size: 9 bs: 7.64087e-101
819 928 1867 2497 4006 4015 4245 4424 4815 
#module 36 size: 4 bs: 1.18317e-101
170 3922 5194 5866 
#module 37 size: 2 bs: 4.18241e-101
228 3767 
#module 38 size: 6 bs: 5.89915e-101
6 1632 4078 4901 5246 5957 
#module 39 size: 3 bs: 6.8941e-101
737 3036 3524 
#module 40 size: 8 bs: 6.93266e-101
1171 1851 2531 3292 3923 4269 4637 6648 
#module 41 size: 4 bs: 4.21442e-101
340 452 670 2050 
#module 42 size: 6 bs: 6.81605e-101
278 609 1223 2387 5798 6369 
#module 43 size: 4 bs: 8.85135e-101
537 1823 3812 5781 
#module 44 size: 3 bs: 4.77497e-101
274 1299 6445 
#module 45 size: 5 bs: 9.50727e-101
846 1773 1904 3114 3352 
#module 46 size: 3 bs: 6.3553e-101
540 4213 4564 
#module 47 size: 14 bs: 2.55351e-15
842 1788 3217 3786 4045 5098 5274 5403 5614 5829 5830 6126 6783 6784 
#module 48 size: 2 bs: 4.53475e-101
5502 6717 
#module 49 size: 2 bs: 8.96003e-101
313 4023 
#module 50 size: 3 bs: 2.83278e-101
3626 4217 5598 
#module 51 size: 10 bs: 1.11306e-10
1491 2016 2306 3457 3604 3839 4932 5285 5739 5985 
#module 52 size: 6 bs: 5.28932e-101
269 474 1935 3411 3874 5001 
#module 53 size: 4 bs: 1.8282e-101
172 3729 5930 6721 
#module 54 size: 6 bs: 3.00929e-101
953 1017 1777 2161 4779 5247 
#module 55 size: 10 bs: 7.63325e-101
605 1541 2731 3297 3525 3609 4093 4130 4802 5314 
#module 56 size: 10 bs: 9.491e-101
418 1217 1842 1974 2044 3584 3894 5995 6626 6765 
#module 57 size: 4 bs: 7.03442e-101
2818 4222 4516 6668 
#module 58 size: 6 bs: 7.99099e-101
565 1646 3044 3875 5509 5631 
#module 59 size: 4 bs: 2.00762e-101
559 2240 3610 4765 
#module 60 size: 3 bs: 6.30625e-101
125 2398 5494 
#module 61 size: 3 bs: 4.2827e-101
5339 6497 6549 
#module 62 size: 7 bs: 8.03724e-103
635 1160 2181 2863 3856 4375 5515 
#module 63 size: 9 bs: 7.87052e-101
718 3121 3366 3642 3764 4325 5284 5537 6045 
#module 64 size: 3 bs: 3.0728e-102
1101 3725 6732 
#module 65 size: 43 bs: 9.18144e-11
209 248 263 284 293 424 603 783 1133 1241 1293 1427 1546 1547 1622 1698 1742 1778 1936 2012 2048 2120 2167 2223 2998 3001 3271 3273 3369 3456 3618 3743 4200 4273 4302 4921 5052 5057 5087 5218 6491 6590 6738 
#module 66 size: 23 bs: 5.68648e-101
353 1117 1460 1799 2008 2273 2459 2553 3031 3335 3376 4211 4394 4995 5021 5082 5220 5563 6048 6292 6734 6801 6847 
#module 67 size: 2 bs: 3.59325e-101
2312 4321 
#module 68 size: 48 bs: 2.9976e-15
362 589 638 1141 1214 1398 1561 1726 1796 1833 1894 2197 2227 2389 2479 2596 2605 2642 2859 2864 3134 3168 3201 3784 3797 4022 4220 4290 4405 4406 4483 4533 4776 5012 5046 5373 5459 5525 5664 5988 6090 6143 6181 6280 6514 6613 6657 6885 
#module 69 size: 15 bs: 8.702e-101
791 886 922 1738 1757 1810 2062 3471 3711 4291 4369 4462 4874 5106 5716 
#module 70 size: 3 bs: 2.47421e-101
1215 2756 6524 
#module 71 size: 5 bs: 2.67985e-103
2083 2350 3766 5868 6472 
#module 72 size: 3 bs: 9.40242e-101
2793 3586 4934 
#module 73 size: 4 bs: 5.06377e-101
3261 4833 5288 6025 
#module 74 size: 25 bs: 5.41448e-05
57 179 915 1569 1707 2179 2209 2426 2785 2877 3387 3692 4354 4458 4550 4661 5116 5184 5236 5500 5762 5972 6300 6546 6760 
#module 75 size: 3 bs: 9.0744e-102
302 4370 6756 
#module 76 size: 6 bs: 6.00819e-101
57 1672 1792 3061 4242 4949 
#module 77 size: 8 bs: 4.11458e-101
1051 2364 2902 3339 3434 3630 3683 6325 
#module 78 size: 3 bs: 6.12555e-101
479 3083 4265 
#module 79 size: 5 bs: 1.22125e-15
1236 4512 4891 5467 5801 
#module 80 size: 2 bs: 3.30824e-101
871 4082 
#module 81 size: 6 bs: 5.65372e-101
1888 3267 5422 6299 6844 6913 
#module 82 size: 24 bs: 0.000223106
293 348 443 915 997 1072 1742 2013 2120 2324 2596 3168 3517 3850 3903 3963 4016 4620 4731 5057 5459 6046 6075 6514 
#module 83 size: 11 bs: 8.93932e-101
575 1621 1844 2209 3387 3652 4630 5481 5966 5979 6544 
#module 84 size: 24 bs: 0.77255
83 524 1109 1226 1722 1779 1827 1838 2124 2139 2196 2462 2927 3494 3539 4049 4391 4459 4629 5218 5513 5737 5914 6271 
#module 85 size: 24 bs: 1.0876
117 200 211 316 539 575 732 746 996 1241 1689 1758 2516 2544 3175 3916 4174 4360 4439 4450 5005 5655 6467 6655 
#module 86 size: 4 bs: 0.859348
1271 2488 2853 3954 
#module 87 size: 5 bs: 0.337128
2376 2411 3294 4455 5094 
#module 88 size: 14 bs: 0.493611
58 286 1307 1370 1932 2131 2926 3370 3552 4343 4608 5219 5278 5473 
#module 89 size: 9 bs: 0.548513
537 614 732 1357 3045 3224 3374 3605 3730 
#module 90 size: 12 bs: 0.825675
52 255 606 608 1229 1397 1846 3595 4038 4917 5177 5298 
#module 91 size: 6 bs: 0.526585
1983 2633 5600 5726 5874 6211 
#module 92 size: 53 bs: 0.366133
150 151 182 531 533 814 985 1031 1110 1112 1269 1504 1541 1723 1782 2111 2277 2351 2396 2424 2664 2901 2951 3041 3162 3232 3240 3746 3802 3902 3943 4191 4255 4372 4442 4542 4585 4625 4910 4941 5157 5199 5266 5444 5770 5805 5885 5891 6176 6318 6371 6675 6861 
#module 93 size: 6 bs: 0.614754
72 1473 2310 3393 6381 6621 
#module 94 size: 25 bs: 0.314956
398 468 475 1176 1378 1655 1918 1971 1995 2059 2421 2468 2800 2978 3125 3419 3858 3947 4027 4050 4058 5016 5193 6148 6479 
#module 95 size: 4 bs: 0.819519
624 1752 4748 4838 
#module 96 size: 12 bs: 0.571538
393 550 802 1170 1417 2509 3029 3466 3634 4624 5200 5896 
#module 97 size: 14 bs: 0.371405
450 942 943 1873 2026 2163 3648 4288 4824 4977 5264 5610 6449 6475 
#module 98 size: 7 bs: 0.947916
583 2852 3300 4680 5282 5464 6397 
#module 99 size: 4 bs: 0.599214
1258 1397 3534 6670 
#module 100 size: 5 bs: 0.663129
3085 5209 5712 5822 6352 
#module 101 size: 12 bs: 0.799858
874 916 950 1610 2787 3131 3881 4071 4383 4858 5668 6192 
#module 102 size: 4 bs: 0.201902
1254 2222 5519 5849 
#module 103 size: 4 bs: 0.600982
2906 3330 3580 4390 
#module 104 size: 10 bs: 0.507422
182 478 683 1886 2951 4030 4139 4271 4876 5221 
#module 105 size: 13 bs: 0.664073
178 411 612 768 778 1043 1644 3177 3914 4141 4843 6347 6547 
#module 106 size: 41 bs: 0.186118
1 71 788 1717 1721 1814 1910 1976 2098 2129 2299 2309 2344 2507 2884 3231 3265 3323 3514 3823 3917 3970 4200 4361 4414 4415 4476 5099 5122 5154 5231 5307 5440 5531 5540 5773 5989 6027 6150 6455 6635 
#module 107 size: 43 bs: 0.161061
110 162 370 762 775 889 1027 1206 1373 1411 1456 1543 1589 1693 1770 2005 2524 2857 2988 3120 3126 3257 3282 3400 3928 3957 3968 3997 4154 4692 4886 4990 5137 5312 5414 5653 5659 5732 5850 6474 6629 6714 6838 
#module 108 size: 5 bs: 0.14712
16 225 415 3223 6764 
#module 109 size: 7 bs: 0.724865
170 369 1753 1869 2175 2574 3433 
#module 110 size: 7 bs: 0.883004
2023 2110 2234 2471 4314 5252 6213 
#module 111 size: 8 bs: 0.833238
1548 2803 3264 3859 4013 4795 5639 6013 
#module 112 size: 9 bs: 0.601926
826 968 1302 1612 2210 2533 4024 4197 4696 
#module 113 size: 6 bs: 0.206903
9 1450 2471 2841 5591 6693 
#module 114 size: 3 bs: 0.92559
1837 4001 6160 
#module 115 size: 24 bs: 0.249966
20 413 743 760 822 1270 1704 1884 2255 2331 3377 3830 3989 4095 4104 4351 4762 5411 5536 5711 5909 6277 6645 6698 
#module 116 size: 19 bs: 0.263616
42 260 951 1836 2320 2556 2560 3195 3554 3890 3963 4008 4170 5024 5034 5456 5559 5707 6741 
#module 117 size: 10 bs: 0.838698
47 106 310 1591 4173 4967 4988 5462 6806 6919 
#module 118 size: 9 bs: 0.515609
602 2342 2526 3030 3361 3900 5254 5978 6709 
#module 119 size: 6 bs: 0.752545
756 2354 2477 5336 6323 6472 
#module 120 size: 14 bs: 0.236702
836 1005 1732 2008 2308 3099 3387 3759 4250 5075 5671 5772 6301 6866 
#module 121 size: 5 bs: 0.61218
35 241 457 5140 6562 
#module 122 size: 14 bs: 0.700014
301 674 899 1042 1267 1731 3107 3160 4233 4792 5060 5344 5881 6488 
#module 123 size: 25 bs: 0.929401
149 344 738 1067 1798 1905 2159 2232 2293 2735 2797 3024 3092 3155 4004 4063 4073 4592 4800 4942 5325 6001 6016 6072 6382 
#module 124 size: 10 bs: 0.714205
477 2007 3133 3216 5419 5786 5963 6178 6716 6779 
#module 125 size: 12 bs: 0.293882
421 542 671 1058 1148 1890 3596 3779 4230 4723 5962 6870 
#module 126 size: 10 bs: 0.24757
152 981 2230 3096 3198 3972 4043 4900 5669 5695 
#module 127 size: 15 bs: 0.584058
402 519 1508 1635 2225 3538 3662 3748 4731 5143 5144 5329 5576 5704 6480 
#module 128 size: 10 bs: 0.924861
960 1840 2724 2883 3012 3426 3808 4133 4246 4848 
#module 129 size: 4 bs: 0.185531
2408 2749 5558 6270 
#module 130 size: 8 bs: 0.812435
1115 1817 2114 3396 3770 4711 5073 5733 
#module 131 size: 8 bs: 0.976773
875 1156 2452 3757 4579 6238 6391 6583 
#module 132 size: 5 bs: 0.614774
518 854 4243 4346 5699 
#module 133 size: 17 bs: 0.853943
133 617 750 792 1005 1135 1510 2103 2285 2410 2756 2881 3227 4628 5026 5663 6508 
#module 134 size: 7 bs: 0.170945
120 323 1549 2628 2990 3470 4436 
#module 135 size: 23 bs: 0.153282
24 472 508 879 1089 1099 1216 1318 1615 1919 2000 2162 2316 2882 3245 3404 3826 3897 4201 4216 4994 5758 6035 
#module 136 size: 10 bs: 0.90279
17 128 1221 1557 2925 3157 3242 3317 5852 5884 
#module 137 size: 13 bs: 0.479631
371 409 1680 1841 2121 4609 4870 5186 6041 6049 6221 6427 6510 
#module 138 size: 13 bs: 0.657168
837 847 1780 3553 4002 4593 4865 5230 5636 5750 5911 6210 6654 
#module 139 size: 4 bs: 0.680267
375 1787 4021 4398 
#module 140 size: 6 bs: 0.75464
934 955 2165 2819 3042 4449 
#module 141 size: 6 bs: 0.508055
384 528 1356 1781 2004 6777 
#module 142 size: 7 bs: 0.71501
839 2236 2552 2915 4075 5722 6044 
#module 143 size: 8 bs: 0.796816
184 1033 2015 2876 4147 4524 4864 6053 
#module 144 size: 4 bs: 0.575568
1137 2172 3512 6631 
#module 145 size: 3 bs: 0.595326
240 332 6436 
#module 146 size: 8 bs: 0.812489
1471 3199 4969 4989 5059 5392 6426 6592 
#module 147 size: 6 bs: 1.0593
281 2896 2985 3934 4469 6328 
#module 148 size: 5 bs: 0.680673
102 134 466 1407 4467 
#module 149 size: 17 bs: 0.347858
244 770 1259 1916 2373 2426 2815 3540 3817 3848 3939 4080 5039 5051 5496 6119 6365 
#module 150 size: 11 bs: 0.236423
717 728 1000 1053 1741 2184 2286 5055 5324 5753 6636 
#module 151 size: 8 bs: 0.351613
1058 2808 3250 3324 3491 3643 4019 6080 
#module 152 size: 11 bs: 0.11978
185 725 2966 3235 3680 3931 4352 4600 4703 4989 6429 
#module 153 size: 23 bs: 0.251641
46 171 647 1084 1250 1350 1366 1997 2206 2614 2788 2886 3058 3140 3171 3613 3713 4426 4733 4987 5491 5731 6567 
#module 154 size: 12 bs: 0.99413
1804 2173 2714 3409 3601 3690 4589 5416 5675 6103 6527 6796 
#module 155 size: 11 bs: 0.613967
141 835 1361 1735 2491 2568 3671 4331 6275 6393 6555 
#module 156 size: 111 bs: 0.103037
114 159 325 359 382 451 621 643 790 823 850 894 932 958 980 1253 1283 1319 1399 1515 1551 1630 1747 1769 1779 1878 1950 1968 1975 1984 1985 2012 2089 2106 2211 2244 2254 2334 2502 2572 2606 2611 2680 2687 2730 2760 2799 2833 2938 3146 3176 3256 3281 3326 3337 3389 3390 3441 3474 3700 3953 3998 4112 4131 4155 4272 4294 4307 4341 4381 4399 4404 4430 4530 4568 4899 4950 4966 5042 5066 5071 5079 5173 5213 5322 5335 5466 5511 5587 5589 5679 5717 5763 5836 5888 5945 6089 6168 6190 6217 6240 6252 6307 6338 6353 6463 6563 6624 6665 6895 6903 
#module 157 size: 5 bs: 0.25971
3247 4109 5603 5683 6059 
#module 158 size: 17 bs: 0.996747
397 494 984 1349 1388 1684 1695 2676 3130 4912 5146 5152 5505 5742 5744 5959 6623 
#module 159 size: 129 bs: 0.976345
82 144 147 257 366 412 428 449 553 639 645 659 776 779 797 807 840 848 862 901 902 904 927 975 1049 1083 1085 1165 1314 1320 1461 1479 1559 1567 1572 1601 1699 1720 1858 1896 1926 2018 2091 2212 2379 2419 2483 2587 2644 2667 2825 2840 2891 2975 2999 3260 3383 3415 3429 3432 3481 3545 3555 3686 3733 3768 3822 3864 3877 4065 4074 4145 4148 4257 4350 4353 4381 4461 4469 4506 4604 4631 4642 4678 4679 4717 4791 4850 4854 5029 5030 5070 5165 5277 5279 5305 5328 5349 5645 5661 5681 5815 5828 5842 5947 5976 6039 6050 6062 6083 6185 6198 6241 6286 6334 6395 6428 6456 6485 6503 6506 6545 6589 6610 6618 6625 6676 6730 6826 
#module 160 size: 29 bs: 0.41163
153 543 734 793 805 890 1020 1297 1317 1326 1390 1865 1897 1980 2425 2654 2702 3252 3562 4388 4495 4919 5350 5461 5892 6093 6378 6633 6674 
#module 161 size: 5 bs: 0.321044
213 596 3715 5975 6722 
#module 162 size: 27 bs: 0.793537
283 387 481 555 733 937 1556 2120 2251 2386 2792 2903 3020 3071 3132 3636 3712 4304 4439 4470 5450 5503 5543 6000 6099 6121 6374 
#module 163 size: 13 bs: 0.418739
461 641 1288 1892 2470 4330 4649 4832 5211 5212 6383 6585 6902 
#module 164 size: 9 bs: 0.758151
132 554 1248 1859 2686 3459 4181 5447 6376 
#module 165 size: 11 bs: 0.162089
66 168 385 2435 2674 3868 4056 4460 4888 5782 6715 
#module 166 size: 9 bs: 0.135424
103 1308 2047 2064 3979 4710 5162 6144 6562 
#module 167 size: 13 bs: 1.08419
249 587 865 1159 1673 1861 2087 2653 3151 4088 5809 6212 6451 
#module 168 size: 7 bs: 0.335054
235 544 595 2635 3318 3461 3845 
#module 169 size: 9 bs: 1.03207
23 1250 2301 2505 2613 4928 5067 6088 6851 
#module 170 size: 9 bs: 0.582162
672 1032 2190 3047 5216 5548 5810 6444 6793 
#module 171 size: 9 bs: 0.754081
417 1029 2609 3422 3598 3888 5840 6052 6517 
#module 172 size: 6 bs: 0.204163
243 3170 3314 4338 5423 5993 
#module 173 size: 8 bs: 0.887151
320 2368 3233 3378 3878 3924 4571 5147 
#module 174 size: 5 bs: 0.95956
195 367 2471 3874 4493 
#module 175 size: 35 bs: 1.05367
155 490 736 782 992 1391 1497 1530 1677 1768 1775 2188 2247 2264 2418 2465 2550 3350 3371 3563 3608 3670 3679 3687 3876 3915 4051 4640 4801 5074 5358 5380 5420 5635 6162 
#module 176 size: 9 bs: 0.667554
860 1809 3147 3363 3644 4067 4366 6022 6560 
#module 177 size: 16 bs: 0.771207
426 562 755 1708 3792 3806 3918 4688 4740 5255 5403 6235 6398 6430 6505 6586 
#module 178 size: 5 bs: 0.197447
569 3641 5369 6135 6476 
#module 179 size: 4 bs: 0.187529
1382 3179 5243 5961 
#module 180 size: 5 bs: 0.688776
622 3169 4010 4403 4466 
#module 181 size: 6 bs: 0.506567
1734 2039 3122 3498 5515 6719 
#module 182 size: 7 bs: 0.494275
1134 2176 3268 4069 4817 5111 5258 
#module 183 size: 6 bs: 0.58574
70 1114 1299 3425 5519 6620 
#module 184 size: 10 bs: 0.718555
896 1010 1179 1592 1816 2300 2602 3995 5696 5740 
#module 185 size: 6 bs: 0.361399
827 3651 4423 5651 5851 6637 
#module 186 size: 5 bs: 0.703256
2017 2382 3064 4531 4758 
#module 187 size: 9 bs: 0.302597
442 506 1104 2267 2728 4500 5244 5510 6483 
#module 188 size: 22 bs: 0.308044
181 322 647 1143 1230 1268 1968 2290 2315 2532 2848 3621 3807 3906 4171 4280 4926 4992 5159 6304 6523 6678 
#module 189 size: 8 bs: 0.273936
537 631 1914 2101 2692 4041 4813 5054 
#module 190 size: 10 bs: 0.272151
246 666 1877 3213 3421 4258 4930 5478 6383 6669 
#module 191 size: 6 bs: 0.499917
55 2392 2561 3270 6622 6763 
#module 192 size: 9 bs: 0.428766
945 946 1016 1147 1766 3075 3536 6400 6450 
#module 193 size: 6 bs: 0.530183
1509 3103 3499 3682 6025 6695 
#module 194 size: 3 bs: 0.333277
4437 5926 6104 
#module 195 size: 10 bs: 0.642549
1062 1536 1945 2750 2914 3363 4009 4438 4636 5412 
#module 196 size: 4 bs: 0.238519
1038 3284 4975 5100 
#module 197 size: 9 bs: 0.725014
658 880 1599 3052 3440 5015 5579 5749 6626 
#module 198 size: 12 bs: 0.638023
342 1077 1628 2504 2604 3631 3901 4107 4492 4693 4751 5790 
#module 199 size: 4 bs: 0.580789
226 909 1121 1532 
#module 200 size: 51 bs: 1.04475
254 388 525 729 1203 1319 1430 1872 1968 1969 1988 2056 2106 2218 2261 2295 2391 2566 2572 2622 2680 2709 2855 2887 3081 3110 3218 3248 3345 3364 3390 3557 3656 3869 3994 3999 4059 4096 4358 4430 4530 4663 4738 5430 5553 5574 5759 5846 6089 6153 6906 
#module 201 size: 5 bs: 0.284783
2511 2997 4105 5167 6735 
#module 202 size: 30 bs: 0.401131
279 358 534 561 919 1090 1431 1910 1964 1978 1992 2009 2235 2828 3086 3195 3623 3976 4017 4092 4134 4144 4164 4223 4304 4561 5096 5122 6034 6354 
#module 203 size: 22 bs: 0.323752
41 450 471 557 1157 1355 1772 2146 2214 2959 3129 3178 3473 3513 4292 4453 4999 5617 5715 6123 6264 6727 
#module 204 size: 12 bs: 0.591034
746 1440 1863 2136 2286 2694 2755 3913 4560 4668 5169 5424 
#module 205 size: 11 bs: 0.139564
1565 1951 2336 2365 3346 4386 5489 5751 6515 6659 6680 
#module 206 size: 4 bs: 0.559177
2069 4006 4235 6445 
#module 207 size: 3 bs: 0.999086
3249 3280 6500 
#module 208 size: 3 bs: 0.323312
173 300 5936 
#module 209 size: 6 bs: 0.970997
256 1664 2054 3775 4788 6765 
#module 210 size: 3 bs: 0.703783
809 2193 5501 
#module 211 size: 10 bs: 0.419679
724 756 1354 2636 3237 4976 5877 5889 6323 6559 
#module 212 size: 7 bs: 0.174537
2482 3301 3327 5654 6124 6561 6910 
#module 213 size: 12 bs: 0.851314
19 321 1209 1981 2625 3388 4714 4739 4763 5590 6076 6705 
#module 214 size: 15 bs: 0.492356
38 360 683 1505 1584 1965 2249 2892 2992 3693 3695 5262 5337 5435 6355 
#module 215 size: 6 bs: 0.346151
1275 1626 2402 2973 6067 6394 
#module 216 size: 29 bs: 0.217183
379 495 655 661 989 1015 1138 1174 1432 1774 1868 2034 2066 3056 3165 3239 3263 3386 3681 4297 4402 4416 4424 4827 4972 5011 5280 6741 6873 
#module 217 size: 7 bs: 0.259679
61 831 876 2182 3574 5455 6580 
#module 218 size: 3 bs: 0.28199
2449 2586 6165 
#module 219 size: 13 bs: 1.06777
189 198 788 1282 1413 1426 1556 2241 3275 4120 5540 5823 6015 
#module 220 size: 38 bs: 0.647067
163 245 394 891 1023 1202 1501 1700 1891 2028 2166 2366 2464 2631 3043 3137 3355 3406 3455 3689 3749 3809 4156 4228 4401 4514 4590 4617 4639 4920 5009 5788 5843 5857 6071 6336 6475 6900 
#module 221 size: 20 bs: 0.771542
552 904 991 1338 1682 2169 2355 2671 3930 4167 4413 4627 4772 4812 5324 5517 5933 6292 6358 6569 
#module 222 size: 9 bs: 0.961302
392 1158 1352 2433 3262 3312 4066 5356 5504 
#module 223 size: 4 bs: 0.290228
253 695 4046 6409 
#module 224 size: 4 bs: 1.08563
1653 3169 3206 4454 
#module 225 size: 18 bs: 0.495998
90 177 196 991 1340 1997 3336 3742 3824 3961 4671 4915 5377 5542 5769 6531 6639 6688 
#module 226 size: 9 bs: 0.387518
1207 2046 2460 2917 3818 4185 4799 5316 6032 
#module 227 size: 6 bs: 0.404764
678 700 3825 4908 5007 5942 
#module 228 size: 11 bs: 0.621509
32 667 1412 1571 1746 2224 3004 3238 3342 3559 5453 
#module 229 size: 15 bs: 0.488057
122 221 473 884 1367 1534 1697 3659 4323 5058 5063 5210 5428 5580 6537 
#module 230 size: 11 bs: 0.586765
706 970 1128 1329 1660 3949 4166 4793 5145 5437 6261 
#module 231 size: 3 bs: 0.532624
206 2466 4395 
#module 232 size: 8 bs: 0.46883
116 192 1329 4287 4422 5136 6673 6908 
#module 233 size: 22 bs: 0.435066
530 752 892 1264 1850 1961 2117 2324 2341 3017 3317 3438 3515 3672 4126 4958 4974 5033 5347 5393 5514 5876 
#module 234 size: 5 bs: 0.873506
86 1649 2489 3564 5826 
#module 235 size: 6 bs: 0.243742
817 1807 2080 2200 2963 5754 
#module 236 size: 9 bs: 0.228813
136 1735 3269 3932 4347 4825 6614 6766 6843 
#module 237 size: 15 bs: 0.432702
95 165 832 1263 1382 2350 2996 3651 3667 4623 5301 5412 5832 5868 6778 
#module 238 size: 100 bs: 0.163579
25 34 53 60 62 80 210 230 233 347 356 425 454 526 531 640 677 785 814 914 952 1180 1227 1260 1276 1502 1541 1564 1573 1578 1620 1652 1849 1956 2068 2203 2208 2359 2385 2604 2619 2648 2769 2849 2867 2879 2885 2904 3034 3139 3254 3331 3356 3380 3420 3710 3793 3798 3886 4162 4179 4198 4212 4376 4379 4429 4582 4619 4675 4694 4760 4809 4860 4873 5089 5187 5207 5257 5270 5276 5342 5572 5687 5698 5943 5958 5973 6142 6183 6200 6251 6335 6525 6565 6568 6597 6616 6686 6726 6775 
#module 239 size: 16 bs: 0.890849
39 326 1868 1925 2078 2305 2638 2984 3625 3662 3754 3910 4293 4584 5176 6769 
#module 240 size: 8 bs: 0.533144
1211 2100 2125 3572 4334 4907 5562 6040 
#module 241 size: 3 bs: 0.491159
3451 3971 4299 
#module 242 size: 13 bs: 0.394534
101 576 741 1178 1437 1993 2041 4342 4517 5366 6341 6363 6566 
#module 243 size: 12 bs: 0.776221
522 637 979 1581 1811 1920 2032 3002 4183 4539 5078 5703 
#module 244 size: 11 bs: 0.682483
120 2521 2669 2778 3629 4441 4653 5058 5593 6025 6827 
#module 245 size: 8 bs: 0.849485
1194 2137 3004 3089 4126 4205 5575 6375 
#module 246 size: 13 bs: 0.544356
94 208 523 586 816 1238 2039 3308 3498 4340 4786 6356 6724 
#module 247 size: 6 bs: 0.426316
688 2720 2777 3437 4767 5702 
#module 248 size: 10 bs: 0.827623
712 781 1217 2414 3285 4660 5018 5412 5632 6772 
#module 249 size: 14 bs: 0.379407
299 317 501 548 1278 1993 2185 2471 3174 4408 4648 5047 5522 5750 
#module 250 size: 10 bs: 0.630328
161 966 1173 2632 4180 5409 6075 6296 6456 6740 
#module 251 size: 6 bs: 0.539094
798 1183 1469 2960 3682 6790 
#module 252 size: 12 bs: 0.934607
632 1003 1375 2183 3413 3483 3519 4037 4996 5125 5457 6534 
#module 253 size: 4 bs: 0.366807
108 229 1365 2697 
#module 254 size: 14 bs: 1.0856
338 763 1073 1178 1903 2017 2493 3099 3296 3529 3924 5528 6060 6320 
#module 255 size: 10 bs: 0.540898
324 464 1106 2132 2912 3219 3322 3816 4384 6137 
#module 256 size: 6 bs: 1.04776
485 751 2585 4345 4562 4615 
#module 257 size: 4 bs: 0.679678
3190 4613 4882 6694 
#module 258 size: 6 bs: 0.667187
1575 2454 2472 2678 4555 5007 
#module 259 size: 20 bs: 0.605072
99 222 424 603 1622 1777 1835 2002 2260 2998 3135 3660 4090 4689 5179 6263 6379 6521 6599 6901 
#module 260 size: 6 bs: 0.90698
1881 2509 3188 3907 5872 6739 
#module 261 size: 5 bs: 0.905251
1665 2029 4895 5053 6649 
#module 262 size: 6 bs: 0.604689
139 410 1471 1485 1582 2858 
#module 263 size: 4 bs: 0.158585
1154 1634 3535 6117 
#module 264 size: 17 bs: 1.02203
1238 1365 1760 2380 2430 2727 3100 3412 3576 4305 4368 4596 5044 5582 6361 6661 6773 
#module 265 size: 24 bs: 0.605158
183 594 954 1071 1150 1375 1711 1784 2545 2549 3203 3255 3287 3391 3490 3523 3741 3935 4137 4251 4847 4983 5247 6262 
#module 266 size: 9 bs: 0.698517
365 713 748 906 1895 4165 4956 5789 5821 
#module 267 size: 20 bs: 1.04397
72 579 603 1199 1583 1899 2035 2106 2191 2195 2706 3319 3677 4638 4677 4798 4846 5265 5546 6741 
#module 268 size: 17 bs: 0.898873
804 973 1225 1719 2084 2105 3144 3385 4317 4705 4872 5526 5869 6229 6591 6704 6761 
#module 269 size: 29 bs: 0.744702
268 495 512 669 769 799 881 1007 1400 1629 1641 1790 1909 1921 2486 2573 2617 2862 3094 3143 3173 3411 3524 4209 4796 4934 6326 6771 6922 
#module 270 size: 14 bs: 0.331441
570 1403 1561 3364 3502 3541 4151 4195 4336 4622 5086 5158 5164 6388 
#module 271 size: 6 bs: 0.548349
9 2967 3083 3571 4094 6682 
#module 272 size: 17 bs: 0.569052
297 472 1195 1310 1422 1650 3537 3597 4050 4160 4266 5334 5748 5795 6003 6366 6737 
#module 273 size: 8 bs: 0.482468
470 597 2658 3021 3865 4263 4849 5982 
#module 274 size: 11 bs: 0.103085
1898 1998 2557 2796 3745 4335 4541 5480 5637 5680 6122 
#module 275 size: 12 bs: 0.256515
681 910 1744 1817 2618 2786 3122 3833 4172 4979 5808 6608 
#module 276 size: 3 bs: 0.598315
2019 2095 5471 
#module 277 size: 37 bs: 0.593071
419 592 619 976 1351 1451 1525 1880 2180 2282 2325 2528 2668 3161 3180 3920 4118 4152 4232 4447 4586 4755 5006 5286 5309 5323 5352 5418 5427 5649 5674 5738 5783 6259 6422 6496 6556 
#module 278 size: 5 bs: 0.930832
784 3445 3639 6392 6687 
#module 279 size: 8 bs: 0.273644
2088 3626 5382 5535 5725 6179 6197 6888 
#module 280 size: 20 bs: 0.109902
374 697 753 758 1251 1542 2093 2179 2395 2523 2816 3146 3646 3672 4974 5182 5487 6005 6662 6708 
#module 281 size: 5 bs: 0.899738
991 1483 1952 5549 6486 
#module 282 size: 15 bs: 0.437525
247 447 584 1304 1855 2198 2269 2865 4177 4811 4839 4948 5730 6085 6286 
#module 283 size: 8 bs: 0.230423
921 1385 1574 2029 2042 2219 4518 6554 
#module 284 size: 7 bs: 0.196262
1273 2122 2442 3375 4438 5720 6172 
#module 285 size: 8 bs: 1.09848
509 988 1022 2154 3330 4656 6643 6713 
#module 286 size: 9 bs: 0.814748
109 898 1118 1265 2003 2610 2783 3258 6120 
#module 287 size: 9 bs: 1.08433
434 1066 1713 1808 2657 2734 4456 5317 5435 
#module 288 size: 17 bs: 0.639459
26 234 1120 1475 2443 2579 2934 3112 3691 4281 4444 4547 5107 5269 5858 6492 6822 
#module 289 size: 13 bs: 0.782398
81 689 1614 1703 2471 2689 3284 3329 4566 4916 5188 5616 6346 
#module 290 size: 12 bs: 1.09682
856 1024 1459 1618 2568 4701 4708 5027 5614 6055 6711 6908 
#module 291 size: 7 bs: 0.337694
1281 1552 2444 3724 4331 4797 5136 
#module 292 size: 12 bs: 0.385168
118 690 1091 1603 2119 2481 2630 2703 3879 4651 4783 5948 
#module 293 size: 15 bs: 0.129102
664 1310 1655 1718 3033 3366 3620 3764 3827 4325 4477 5058 5887 6440 6832 
#module 294 size: 20 bs: 0.120519
716 1116 1433 1625 2123 2157 2480 2514 2584 2817 3023 3417 3520 3521 3593 3734 3967 4252 5116 6461 
#module 295 size: 9 bs: 1.00845
51 956 2384 3969 4408 4410 5577 6081 6180 
#module 296 size: 13 bs: 0.45544
407 1754 1834 2041 3090 3594 3820 4086 4183 4468 5355 5939 6164 
#module 297 size: 24 bs: 0.118488
124 439 669 754 823 1190 1331 1363 1425 2373 2473 3017 3059 3303 3554 5164 5405 5439 5484 5761 5994 6309 6664 6810 
#module 298 size: 9 bs: 0.422786
119 1048 1126 1778 2850 3751 4014 5960 6321 
#module 299 size: 5 bs: 0.352599
939 1729 2562 2835 6845 
#module 300 size: 14 bs: 1.07075
317 1178 1606 1867 2333 2651 3461 3573 3805 4015 5198 6082 6207 6815 
#module 301 size: 13 bs: 0.361743
444 813 828 994 1162 1737 2209 2641 2785 2832 3633 4535 5608 
#module 302 size: 9 bs: 0.744566
227 1690 2914 3427 5371 5662 6098 6799 6876 
#module 303 size: 12 bs: 0.879604
21 271 381 699 3611 3697 3937 4042 4254 6125 6389 6482 
#module 304 size: 17 bs: 0.49916
312 577 1046 1957 1959 2551 2752 3010 3051 3358 3981 4240 4440 5493 6189 6386 6813 
#module 305 size: 12 bs: 0.479242
522 716 941 3002 3938 4597 4676 4773 4887 5114 5272 6246 
#module 306 size: 41 bs: 0.218424
212 231 462 502 595 971 995 1608 1730 1944 1970 2231 2262 2268 2348 2446 2515 2539 2581 2732 2839 3344 3359 3444 3557 3679 3921 4089 4106 4175 4312 4569 4664 4889 5010 5626 5634 5955 6105 6199 6469 
#module 307 size: 24 bs: 0.5777
303 800 821 1939 1954 2035 2447 2508 2711 2844 3153 3731 4081 5052 5156 5363 5379 5862 5928 5968 6130 6380 6769 6816 
#module 308 size: 9 bs: 0.49445
40 1908 2170 2340 2913 3737 4138 5072 6224 
#module 309 size: 30 bs: 0.65886
75 291 352 414 731 1035 1060 1069 1130 1489 1533 1771 1947 2145 2675 3158 3289 3295 3320 3637 3791 4176 4719 5873 5929 6139 6248 6290 6401 6690 
#module 310 size: 24 bs: 0.507708
285 541 628 888 986 1151 1830 1928 2338 2492 3290 3367 4484 4503 4986 5178 5248 5644 5675 5768 5834 6166 6364 6811 
#module 311 size: 5 bs: 0.183767
386 660 1244 2298 6232 
#module 312 size: 26 bs: 0.694281
73 1408 1554 1583 1800 1996 2069 2079 2198 2256 2297 2305 2317 2360 2679 3577 4084 4515 4781 4997 5104 5676 5773 5798 5946 6405 
#module 313 size: 10 bs: 0.543714
296 772 886 3291 3368 4363 4537 4645 4743 5919 
#module 314 size: 7 bs: 0.585393
1606 1617 2537 3296 4887 5941 6489 
#module 315 size: 5 bs: 0.744375
1242 3187 3489 4718 6421 
#module 316 size: 18 bs: 0.521636
268 1133 1189 1296 1874 2025 2109 2221 2595 2790 3026 3147 3410 3510 4083 4367 4869 6667 
#module 317 size: 21 bs: 0.246628
495 603 882 1294 1414 1622 1913 1946 2106 2195 2318 2320 2751 2953 2996 3132 4435 5034 5431 5518 6112 
#module 318 size: 12 bs: 0.648798
336 2754 2910 3526 4098 4239 4267 4284 4344 4652 5565 5807 
#module 319 size: 13 bs: 0.249017
536 818 1057 1537 1664 1671 1794 2189 3567 5130 5746 5767 6787 
#module 320 size: 9 bs: 0.454395
2672 2715 2860 3298 3965 4309 4914 5206 6095 
#module 321 size: 8 bs: 1.09972
95 562 1376 1813 1972 3313 4505 5950 
#module 322 size: 14 bs: 0.777955
158 572 1322 2024 2140 3228 3310 4214 4226 4311 4964 5037 5105 6612 
#module 323 size: 9 bs: 0.983853
663 2150 2478 3962 5007 5110 6250 6442 6792 
#module 324 size: 46 bs: 1.0195
10 218 290 393 585 735 740 974 1019 1088 1129 1321 1384 1410 1415 1570 1598 1922 1977 2081 2147 2558 2608 3221 3299 3397 3866 3925 4005 4202 4280 4365 4425 4472 4490 4588 4924 5217 5593 5688 5916 6193 6634 6701 6774 6886 
#module 325 size: 7 bs: 0.730169
308 505 709 1663 2441 2598 4468 
#module 326 size: 6 bs: 0.819665
2580 3571 5573 6231 6348 6770 
#module 327 size: 7 bs: 0.296606
1999 2153 4392 5709 6134 6619 6685 
#module 328 size: 5 bs: 0.769178
1812 1818 3899 4392 6390 
#module 329 size: 10 bs: 0.314143
1687 1688 2027 2215 2291 3828 4700 5095 5709 5785 
#module 330 size: 5 bs: 0.87416
3627 4864 5422 5639 5910 
#module 331 size: 17 bs: 0.367032
129 260 654 956 1607 1755 2671 3826 3867 3936 3977 4092 4277 4546 5069 5557 5694 
#module 332 size: 6 bs: 0.610306
396 900 1312 1940 2934 4732 
#module 333 size: 9 bs: 0.916205
773 1759 1935 3166 3688 3885 3891 4509 5443 
#module 334 size: 9 bs: 0.307704
741 2040 3393 3446 3658 4047 4276 4890 6703 
#module 335 size: 5 bs: 0.294557
522 2377 2691 3730 4103 
#module 336 size: 22 bs: 0.996875
77 686 1012 1082 1166 1639 1942 2349 2733 2758 2766 2814 2976 3063 3565 3669 4127 4208 5023 6007 6017 6145 
#module 337 size: 14 bs: 0.857387
403 684 1219 1243 1402 1786 1963 2011 3362 4504 4659 5484 6223 6617 
#module 338 size: 32 bs: 1.07179
145 1217 1363 1839 2034 2094 2123 2415 2527 2600 2677 2831 2900 2933 3040 3349 3496 3571 3658 3942 4072 4117 4282 4345 4478 4504 4575 4583 5515 5848 6051 6791 
#module 339 size: 6 bs: 0.189892
1728 1784 2387 2600 2808 6736 
#module 340 size: 11 bs: 0.679078
547 563 1979 2194 3021 3051 3279 3375 3425 5493 6323 
#module 341 size: 6 bs: 0.362927
1244 2629 4393 4475 5245 6601 
#module 342 size: 11 bs: 0.879096
219 983 2893 3847 4113 5056 5153 5486 5718 5875 6170 
#module 343 size: 20 bs: 0.140627
972 1052 1465 1477 1555 1602 1801 2729 3148 3332 4178 4387 4563 5251 5340 5853 5970 6113 6133 6332 
#module 344 size: 22 bs: 0.619315
50 590 644 1002 1455 1474 1555 1599 1713 2099 2682 2986 3507 3578 4121 4556 4634 5019 5544 6425 6780 6839 
#module 345 size: 15 bs: 0.594968
532 1298 1472 1902 1994 2655 2659 2888 3251 3944 4102 4925 6023 6526 6600 
#module 346 size: 8 bs: 0.893423
2829 3372 4026 4267 4898 5035 5624 5851 
#module 347 size: 17 bs: 0.504188
119 156 467 777 1214 1316 1675 2401 2652 2856 2971 3948 4149 4616 5623 5847 6484 
#module 348 size: 13 bs: 1.02573
216 529 720 1563 1683 1949 2982 3375 3970 4184 4320 5370 5441 
#module 349 size: 9 bs: 1.08852
259 1850 2974 3284 3836 4893 5331 5677 5767 
#module 350 size: 18 bs: 0.219733
85 189 201 788 830 1413 1716 2791 3222 3978 4408 5607 5723 5823 5949 6015 6317 6533 
#module 351 size: 9 bs: 0.116844
146 1339 1404 1587 2153 2525 2875 5454 5700 
#module 352 size: 6 bs: 1.05458
289 803 1362 1580 3964 5584 
#module 353 size: 7 bs: 0.340716
520 1767 3423 3463 3919 5903 6521 
#module 354 size: 32 bs: 0.370204
167 676 691 801 1153 1661 1670 1893 2149 2248 2531 2870 3447 3452 3826 3842 4269 4484 4534 4545 4557 4775 5214 5458 5568 5949 6063 6175 6209 6697 6835 6877 
#module 355 size: 14 bs: 0.204323
4 632 1929 2055 2508 2565 3431 4287 4868 5035 5051 5508 5597 6082 
#module 356 size: 5 bs: 0.741422
89 1381 1870 2967 4333 
#module 357 size: 8 bs: 0.100197
530 2635 2995 4041 5272 5348 5382 6053 
#module 358 size: 11 bs: 1.02864
74 76 493 870 1750 2294 2708 3607 3832 6188 6607 
#module 359 size: 74 bs: 0.766042
36 237 242 420 591 592 616 711 787 834 864 948 990 1047 1142 1187 1434 1442 1506 1519 1674 1805 1882 1923 1989 2128 2160 2288 2779 2795 2964 2975 3057 3118 3145 3186 3192 3379 3401 3705 3716 3991 4123 4186 4204 4210 4256 4444 4457 4494 4647 4699 4720 4729 4759 4823 4834 5131 5228 5267 5287 5321 5367 5372 5527 5615 5739 5764 5780 5825 5991 6295 6605 6610 
#module 360 size: 72 bs: 0.23247
43 97 237 270 350 499 711 893 935 969 1047 1097 1142 1164 1237 1301 1332 1368 1475 1512 1558 1785 1967 1989 2072 2229 2323 2328 2332 2407 2534 2607 2964 3069 3091 3097 3118 3379 3392 3458 3727 4122 4319 4444 4479 4489 4647 4657 4699 4713 4729 4790 4867 5036 5084 5315 5552 5588 5615 5739 5760 5791 6029 6138 6285 6294 6399 6447 6481 6605 6883 6923 
#module 361 size: 11 bs: 0.831195
812 1306 2135 2768 2949 3212 4269 5132 5396 5575 6375 
#module 362 size: 5 bs: 0.885862
780 810 2238 3470 5233 
#module 363 size: 6 bs: 0.447109
573 3011 3345 3882 6070 6584 
#module 364 size: 16 bs: 0.942354
209 380 742 1360 1692 1749 2416 2725 2872 2977 3707 3763 4857 4905 5127 5794 
#module 365 size: 24 bs: 0.16251
294 391 708 1144 1443 1624 1973 2243 2345 2520 2813 2836 2900 3794 4044 5401 5488 5512 5609 5779 6096 6206 6804 6855 
#module 366 size: 23 bs: 0.248562
193 334 824 1727 1748 1749 2003 2045 2347 3035 3056 3508 3950 4219 4573 4608 4792 5224 5232 5303 5686 5878 6574 
#module 367 size: 16 bs: 0.884408
31 373 580 636 2453 2536 2993 3506 3924 5150 5378 5660 5804 6151 6202 6646 
#module 368 size: 15 bs: 0.792613
716 1396 1437 1562 1943 2279 2485 2880 3887 4015 4554 5013 5164 5594 6743 
#module 369 size: 3 bs: 1.03133
3333 4048 5901 
#module 370 size: 44 bs: 1.02337
18 363 379 424 626 668 740 967 1021 1133 1293 2015 2031 2171 2299 2620 2642 2801 2927 3231 3376 3387 3441 3492 4308 4337 4360 4508 4577 4789 4935 5087 5127 5218 5621 5949 6015 6121 6310 6367 6598 6652 6724 6909 
#module 371 size: 31 bs: 0.44939
113 538 574 868 1080 1081 1095 1291 1637 1678 1822 2847 3202 3443 3454 3904 4221 4378 4540 5197 5224 5227 5241 5860 5874 6368 6433 6474 6520 6550 6602 
#module 372 size: 36 bs: 0.266941
188 202 390 416 825 897 1198 1383 1405 1424 1576 1982 2663 2736 2744 2759 2773 2932 2972 2980 3078 3533 3835 4157 4896 5359 6094 6110 6195 6227 6282 6327 6408 6595 6785 6878 
#module 373 size: 6 bs: 1.0237
1663 3561 4128 5829 6689 6913 
#module 374 size: 5 bs: 0.351678
429 2393 4279 5556 6172 
#module 375 size: 8 bs: 1.00367
600 1531 1642 2070 3516 4501 4576 6548 
#module 376 size: 43 bs: 1.03849
42 348 476 657 1118 1619 1631 1793 2120 2369 2427 2836 2878 2933 2983 3072 3079 3168 3208 3647 3777 4161 4164 4407 4562 4691 5069 5109 5354 5446 5456 5534 5581 5693 5728 5912 6018 6339 6425 6516 6518 6647 6812 
#module 377 size: 23 bs: 0.468097
306 618 806 1033 1369 1617 1934 2164 2213 3215 3375 3532 3955 3993 4011 5088 5500 5625 5921 5938 5996 6499 6679 
#module 378 size: 7 bs: 0.915105
721 1001 3274 3531 3909 4055 6802 
#module 379 size: 8 bs: 0.339379
1305 1867 1937 2461 2739 3425 3982 6416 
#module 380 size: 13 bs: 0.891976
37 949 1025 2374 2503 3306 3718 4187 4229 4544 6030 6302 6514 
#module 381 size: 4 bs: 0.436561
1495 3166 4192 6601 
#module 382 size: 16 bs: 0.869892
139 675 2069 2474 3012 3104 3113 4355 4424 4878 5606 6279 6308 6506 6603 6668 
#module 383 size: 13 bs: 0.66564
607 756 1244 1640 1974 3372 3674 4006 4519 5110 6069 6576 6840 
#module 384 size: 53 bs: 0.443261
22 67 558 727 1213 1393 1470 1664 1679 1682 2013 2105 2284 2387 2495 3014 3243 3657 3787 3834 3850 3885 4502 4562 4681 4705 4782 4935 4955 4962 5050 5223 5375 5432 5647 5852 5853 5856 5920 5933 5980 6056 6157 6332 6411 6491 6551 6619 6627 6731 6760 6800 6859 
#module 385 size: 25 bs: 0.536746
87 601 701 820 1467 1742 1911 1931 1960 1993 2043 2187 2445 3507 3709 3762 3889 3917 4016 4431 4528 4821 5672 5800 6319 
#module 386 size: 15 bs: 0.537949
568 613 872 1158 1662 1915 2155 2362 3476 3993 4853 4893 5456 5563 6465 
#module 387 size: 10 bs: 0.52131
115 2245 2322 3149 3497 4385 5038 6454 6651 6693 
#module 388 size: 33 bs: 0.291942
106 620 1196 1282 1295 1763 1848 2011 2076 2098 2130 2265 2458 2571 2845 2866 3136 3585 3622 3624 3649 3970 4207 4419 4481 4836 5172 5389 6065 6357 6459 6507 6666 
#module 389 size: 8 bs: 0.28926
473 1527 2861 3804 4337 4591 5421 6383 
#module 390 size: 43 bs: 0.716816
121 465 664 1076 1214 1234 1277 1289 1423 1486 1607 1776 1990 2260 2304 2462 2499 2956 3059 3329 3577 3661 3668 3706 4085 4091 4270 4285 4477 4736 4938 5224 5395 5537 5569 5627 5664 5735 6184 6404 6546 6745 6891 
#module 391 size: 5 bs: 0.599592
593 719 3800 4498 4662 
#module 392 size: 26 bs: 0.468194
45 276 549 747 1181 1643 1921 2093 2118 2202 2324 2484 2688 2790 3184 3210 3893 4054 4057 4451 4515 5307 5366 6114 6604 6744 
#module 393 size: 20 bs: 0.476708
287 307 521 1092 1392 1740 1927 2021 2073 2745 3055 3098 3328 3430 3774 4532 4610 5357 5841 6702 
#module 394 size: 48 bs: 1.00266
408 436 482 598 761 849 1184 1594 1609 1765 1828 1863 1991 2061 2071 2276 2475 2517 2656 2660 2698 2757 2854 2873 2900 3059 3080 3246 3266 3326 3485 3590 3644 4150 4237 4601 4752 5035 5307 5452 5512 5602 5992 5998 6047 6186 6570 6692 
#module 395 size: 15 bs: 0.298679
207 264 2143 2217 3527 3908 4029 4221 4684 4764 5499 6108 6532 6577 6860 
#module 396 size: 4 bs: 0.250463
3905 5981 6118 6514 
#module 397 size: 54 bs: 0.124322
18 127 1054 1193 1212 1388 1431 1435 1742 1819 1866 1933 2129 2321 2496 2583 2649 2805 3136 3197 3353 3418 3603 3655 3696 3831 3853 3854 3917 3958 3970 4168 4258 4414 4415 4757 4799 4822 4836 4911 4936 4939 4978 5124 5158 5410 5581 5773 5897 6073 6388 6552 6816 6889 
#module 398 size: 8 bs: 0.691349
372 2186 3074 3108 3235 4108 5403 5851 
#module 399 size: 74 bs: 0.241271
49 68 186 211 319 328 487 506 567 582 623 774 789 917 947 1342 1593 1664 1826 1988 2226 2274 2423 2440 2522 2673 2780 2830 2842 2933 2950 3086 3127 3144 3209 3384 3449 3857 4356 4359 4500 4526 4565 4716 4735 4820 4842 4851 4861 4995 5082 5313 5360 5563 5611 5796 5887 6012 6017 6079 6129 6163 6245 6267 6313 6331 6343 6419 6507 6518 6575 6627 6725 6759 
#module 400 size: 12 bs: 1.08675
78 429 1008 1281 1353 1853 1901 2555 2815 3612 3940 4332 
#module 401 size: 14 bs: 0.429628
91 260 357 1102 1303 1937 2060 2862 4064 4951 5886 5951 6107 6272 
#module 402 size: 13 bs: 0.958677
679 1146 1409 1705 2074 2383 2746 3546 3815 4720 4971 5272 6723 
#module 403 size: 14 bs: 0.531175
3 599 715 791 1262 1887 2311 2700 2782 3467 4163 4462 5261 6010 
#module 404 size: 9 bs: 0.485435
510 869 2361 2594 2946 3185 3739 4326 6862 
#module 405 size: 8 bs: 0.285836
216 648 653 2118 3267 3758 4885 5619 
#module 406 size: 4 bs: 0.134216
2356 2627 2912 4418 
#module 407 size: 27 bs: 1.05342
12 48 439 445 730 1140 1282 1930 2057 2833 3276 3278 3303 3424 3554 4391 4491 4643 4880 4909 5148 5198 5890 5914 6033 6579 6891 
#module 408 size: 6 bs: 0.298827
2438 3123 5399 5884 6410 6493 
#module 409 size: 141 bs: 0.125848
131 135 148 298 305 339 389 432 460 463 482 483 541 571 610 685 747 777 799 808 1212 1279 1324 1498 1588 1659 1676 1819 1862 1864 1964 1966 1990 2077 2142 2302 2415 2600 2636 2790 2831 2898 3025 3037 3050 3070 3116 3119 3124 3152 3181 3200 3287 3373 3394 3416 3418 3487 3522 3560 3575 3615 3664 3708 3817 3819 3829 3838 3870 3896 3958 3992 4053 4066 4092 4101 4111 4135 4193 4225 4247 4274 4283 4295 4306 4362 4377 4389 4443 4472 4515 4529 4558 4561 4906 5085 5116 5117 5134 5190 5294 5351 5368 5408 5432 5554 5571 5628 5638 5658 5797 5898 5934 5967 5984 6073 6077 6102 6136 6182 6244 6260 6262 6342 6380 6388 6423 6431 6478 6504 6528 6536 6541 6573 6650 6706 6753 6797 6817 6856 6880 
#module 410 size: 15 bs: 0.644995
105 1089 1335 2432 2601 2945 2958 3027 3403 3723 3781 4190 4780 5032 6237 
#module 411 size: 15 bs: 0.37857
545 745 1694 2543 2578 2624 3143 3503 4497 4874 6225 6326 6452 6471 6660 
#module 412 size: 43 bs: 0.203872
33 117 267 548 630 669 822 917 920 1386 1437 1579 1936 2342 2431 2538 2576 2582 3194 3557 3584 3619 3663 3830 4158 4367 4388 4391 4517 4528 4852 4954 4959 5171 5366 5408 5432 5923 5986 6058 6509 6650 6776 
#module 413 size: 31 bs: 0.484081
459 539 886 989 1079 1547 1588 1738 1961 1986 2517 2612 2801 3156 3369 3619 3640 3892 4391 4428 4450 4530 4787 4913 5057 5530 5629 5693 6269 6733 6738 
#module 414 size: 5 bs: 0.514454
913 2763 2811 5861 6641 
#module 415 size: 14 bs: 0.845574
1554 2257 3062 3183 3765 3930 4097 4712 4756 5161 5385 6166 6187 6362 
#module 416 size: 90 bs: 0.867169
5 113 183 257 329 348 361 492 551 566 626 722 761 823 844 931 996 1050 1122 1131 1266 1274 1388 1395 1516 1552 1651 1815 1860 1912 1928 1936 2012 2144 2209 2352 2360 2417 2455 2596 2919 2962 3000 3013 3060 3250 3262 3335 3511 3587 3852 3980 4076 4081 4443 4496 4581 4626 4672 4980 5008 5012 5048 5052 5079 5201 5402 5465 5490 5524 5605 5620 5642 5644 5831 5839 5893 5912 5952 5966 6031 6073 6149 6158 6217 6364 6516 6544 6582 6709 
#module 417 size: 118 bs: 0.567768
142 204 209 251 309 395 430 432 657 766 1113 1220 1241 1256 1261 1266 1286 1388 1400 1427 1544 1545 1556 1588 1638 1742 1806 1909 1936 1966 2011 2012 2158 2263 2280 2296 2371 2428 2577 2637 2742 2776 2822 2869 2874 2905 2933 3046 3087 3095 3167 3211 3226 3239 3273 3287 3338 3376 3402 3477 3505 3527 3544 3622 3665 3703 3849 3917 3941 3959 3973 3984 4081 4208 4209 4400 4428 4439 4443 4450 4451 4462 4573 4603 4665 4816 4824 4836 4874 4884 4892 4963 5003 5021 5040 5052 5127 5128 5175 5218 5456 5620 5622 5642 5716 6002 6015 6028 6048 6064 6141 6191 6283 6425 6471 6710 6753 6847 
#module 418 size: 12 bs: 0.609159
112 311 503 811 940 1856 2535 2662 2991 5383 6038 6246 
#module 419 size: 18 bs: 0.684814
1658 1691 2439 2987 3111 3311 3769 4199 4289 4578 4778 4871 5224 5253 5520 5640 6161 6807 
#module 420 size: 8 bs: 0.661415
4039 4203 4527 5719 6293 6758 6794 6848 
#module 421 size: 187 bs: 0.46745
27 50 64 67 96 130 176 181 282 513 588 656 692 703 719 744 863 867 938 972 1026 1037 1052 1055 1070 1107 1119 1127 1167 1186 1188 1208 1213 1221 1257 1280 1285 1309 1335 1336 1377 1428 1534 1535 1616 1685 1709 1733 1743 1745 1751 1824 1845 1876 1898 1917 1955 2022 2053 2067 2096 2108 2220 2228 2283 2337 2358 2375 2404 2406 2420 2681 2685 2722 2723 2733 2796 2897 2969 3005 3032 3049 3068 3073 3088 3234 3354 3408 3422 3478 3479 3484 3635 3684 3685 3692 3694 3699 3722 3736 3796 3822 3884 3912 3975 3985 3986 4072 4109 4110 4126 4146 4222 4283 4298 4300 4397 4520 4528 4574 4598 4667 4695 4715 4737 4770 4803 4806 4866 4922 4933 4998 5017 5076 5098 5118 5135 5163 5238 5274 5281 5296 5316 5362 5397 5451 5516 5532 5538 5643 5650 5689 5693 5724 5740 5752 5814 5865 5956 5987 5995 6026 6042 6043 6046 6092 6115 6159 6216 6234 6242 6255 6354 6385 6439 6473 6517 6527 6574 6578 6581 6615 6677 6712 6839 6872 6879 
#module 422 size: 6 bs: 0.91008
1416 2718 3472 4012 6462 6522 
#module 423 size: 15 bs: 0.760537
1553 2650 2944 3105 3288 3357 3996 4132 4218 4686 4768 5119 6254 6828 6869 
#module 424 size: 17 bs: 0.344465
250 448 1761 1877 3330 3760 3782 4119 5341 5827 5953 6249 6297 6330 6337 6557 6747 
#module 425 size: 20 bs: 1.03072
56 1149 1231 1272 1294 1436 1820 2127 2266 2303 2360 3172 3569 5247 5364 5806 6340 6494 6501 6538 
#module 426 size: 15 bs: 0.783615
843 1096 1668 2281 2319 2823 3028 3259 3883 4753 4881 5561 6146 6312 6406 
#module 427 size: 8 bs: 0.352294
1482 2370 2405 2490 5205 5778 6208 6513 
#module 428 size: 11 bs: 0.936884
126 1057 1334 1783 2174 2310 2540 2603 4318 5927 5944 
#module 429 size: 13 bs: 0.742751
45 611 633 930 1335 2471 3142 3165 3241 4499 5068 5246 6858 
#module 430 size: 11 bs: 1.01584
169 1420 2583 2890 3231 3450 4136 4525 5045 5541 5817 
#module 431 size: 16 bs: 0.453694
926 1590 1756 1819 1948 2207 2911 3141 3436 3804 3896 4249 4863 5479 6226 6360 
#module 432 size: 11 bs: 0.778266
1724 2634 3115 3253 3599 3600 4253 5174 5533 6203 6588 
#module 433 size: 12 bs: 0.716807
238 886 1669 2343 2559 2872 3438 4342 4841 5021 5504 6020 
#module 434 size: 10 bs: 0.43347
232 444 2593 4215 4268 4301 4339 4879 5434 6177 
#module 435 size: 11 bs: 0.569493
1514 2435 3365 4641 4804 4904 5141 5550 5745 5782 6011 
#module 436 size: 18 bs: 0.843244
142 489 642 1197 1647 2554 2621 2939 3117 4730 4884 5293 5555 5618 5922 6141 6266 6381 
