538	421	
580	97	
348	513	273	250	80	72	355	44	177	417	36	349	473	
317	224	357	333	467	34	13	343	454	74	121	358	405	285	434	558	181	79	240	60	104	16	124	484	553	458	534	125	506	375	147	101	46	31	151	461	203	338	7	307	383	
4	601	183	93	532	169	106	581	354	593	604	360	279	42	
386	490	
111	270	215	83	568	45	20	281	205	597	599	517	2	269	377	23	409	605	163	328	117	202	53	414	86	267	200	415	25	168	67	
201	222	251	100	314	254	413	160	318	266	439	118	92	131	159	257	342	188	420	561	316	560	228	509	229	136	176	402	
587	571	570	395	449	
485	261	
61	153	565	418	284	544	275	352	107	27	453	366	52	259	102	590	210	95	441	305	371	540	109	139	43	206	38	557	
3	
481	
345	394	
85	579	472	370	330	84	66	543	252	474	323	190	123	306	172	499	501	59	292	35	492	312	393	524	105	122	489	445	460	376	
346	
262	
143	
256	
286	40	
212	89	347	64	187	192	407	488	237	94	428	103	552	
239	
49	
178	
115	
390	
197	
326	
116	
466	569	422	589	482	19	145	385	180	245	211	230	479	155	392	313	572	298	500	549	596	33	470	304	559	438	129	433	321	277	50	337	22	
209	
10	
408	185	
193	
442	
287	
11	
62	
380	388	
247	
213	
443	
263	
585	
521	296	
389	
54	
15	
397	
132	320	496	76	341	
550	
322	
175	368	
130	
278	
300	
507	
459	
311	595	
302	
547	
527	
529	
440	
47	
