#module 0 size: 4 bs: 4.18752e-101
2070 6377 7809 12492 
#module 1 size: 7 bs: 0.00691744
867 2477 3120 4020 5417 9258 10882 
#module 2 size: 6 bs: 0.0561161
1535 2421 7041 8529 10981 12613 
#module 3 size: 5 bs: 1.75806e-101
5867 7892 8857 10447 11482 
#module 4 size: 3 bs: 9.99201e-16
3978 4185 7592 
#module 5 size: 5 bs: 0.000401198
428 451 1226 4676 4766 
#module 6 size: 21 bs: 9.04767e-101
1433 3827 3837 4168 4172 4693 5420 5604 5694 5702 6082 6144 6166 6692 7057 7453 7773 8079 9389 9942 10223 
#module 7 size: 15 bs: 0.00980596
1087 2711 2898 3412 4194 4646 5069 5156 5191 6116 6195 6291 6766 10875 11551 
#module 8 size: 4 bs: 3.32732e-11
100 8601 9871 10249 
#module 9 size: 4 bs: 1.36645e-101
1430 2767 7434 7435 
#module 10 size: 3 bs: 4.32316e-101
1532 4578 5346 
#module 11 size: 3 bs: 0.0118312
528 3818 8330 
#module 12 size: 2 bs: 0.0015766
379 9253 
#module 13 size: 5 bs: 0.0742652
260 2844 4763 6604 10929 
#module 14 size: 2 bs: 1.47641e-09
2886 2887 
#module 15 size: 3 bs: 8.44168e-101
2448 3385 3386 
#module 16 size: 3 bs: 9.66835e-07
6724 7210 12678 
#module 17 size: 41 bs: 0.0439306
34 106 119 244 474 542 950 1099 1246 1294 1717 4201 4412 4474 4612 4672 4952 4986 5061 5573 5653 6233 6341 6892 7037 7350 7639 8071 8074 8191 9185 9667 9669 10035 10080 10691 10939 10971 11209 11582 12667 
#module 18 size: 6 bs: 3.74955e-101
4158 6848 7235 9548 11372 11639 
#module 19 size: 5 bs: 3.19395e-102
3817 4587 5099 6617 8860 
#module 20 size: 4 bs: 1.13054e-12
2055 5360 6365 11261 
#module 21 size: 3 bs: 1.4968e-05
376 1825 9348 
#module 22 size: 20 bs: 2.1942e-101
1347 2061 2793 2872 3853 4805 5673 5783 6130 6217 6348 7253 9552 9682 10103 10174 10582 10830 11042 11411 
#module 23 size: 3 bs: 0.000131706
8032 8876 9695 
#module 24 size: 3 bs: 7.17119e-10
397 6256 9287 
#module 25 size: 10 bs: 4.73406e-10
767 1030 1612 2101 2610 3742 5073 6883 7565 10908 
#module 26 size: 3 bs: 4.86382e-09
606 7166 7391 
#module 27 size: 9 bs: 3.9881e-101
3431 7498 8887 8916 9415 9429 10047 10156 10181 
#module 28 size: 3 bs: 1.34869e-09
804 3576 5131 
#module 29 size: 6 bs: 8.48017e-09
3755 3759 5811 7758 11513 11712 
#module 30 size: 3 bs: 4.19345e-09
1095 6085 7440 
#module 31 size: 13 bs: 8.33796e-101
260 432 508 2844 3507 5997 6909 8263 8265 8412 8957 9073 11114 
#module 32 size: 8 bs: 0.000990565
2950 3834 7426 7504 7735 9514 10262 10493 
#module 33 size: 4 bs: 1.4766e-14
2421 2941 3771 8892 
#module 34 size: 5 bs: 0.0657301
103 635 3373 6464 8051 
#module 35 size: 11 bs: 9.3723e-102
1347 1619 1679 3853 4914 5280 6205 7602 7728 8257 9113 
#module 36 size: 3 bs: 1.85205e-08
1427 4158 7203 
#module 37 size: 5 bs: 3.51316e-09
997 1499 7728 8254 8492 
#module 38 size: 6 bs: 3.10973e-13
292 1254 1880 3624 8615 11482 
#module 39 size: 5 bs: 3.05993e-101
2252 3147 3148 3149 12602 
#module 40 size: 8 bs: 4.12925e-101
1313 2621 2789 4632 7493 8490 9308 9593 
#module 41 size: 3 bs: 4.12494e-10
1395 6720 9871 
#module 42 size: 6 bs: 0.000421754
497 2697 3768 5877 6969 8425 
#module 43 size: 12 bs: 0.00409369
1689 2700 3203 6525 6563 6790 7534 8171 8401 9294 9468 11029 
#module 44 size: 10 bs: 0.00392438
2791 3649 3739 4637 5117 6155 8154 9540 11614 12997 
#module 45 size: 4 bs: 0.00185564
1846 6944 9688 9876 
#module 46 size: 12 bs: 0.0032405
812 853 1859 2222 2778 4993 6566 7797 8346 8424 8704 8724 
#module 47 size: 16 bs: 3.76934e-102
1564 1980 2137 2758 4945 5015 5336 5438 5951 7013 7420 7822 7826 8931 9712 10309 
#module 48 size: 7 bs: 3.5746e-101
3604 4602 7802 7994 8980 9458 11178 
#module 49 size: 12 bs: 1.14131e-13
3212 3550 4758 5506 5737 6023 7174 7614 8762 9502 10574 11491 
#module 50 size: 7 bs: 1.03055
3 446 608 2409 5623 7801 9408 
#module 51 size: 12 bs: 0.277844
2008 2924 4150 4549 4684 6619 7260 7385 8585 10392 11161 12514 
#module 52 size: 14 bs: 0.591517
1293 2802 3408 3964 4090 4685 5051 5878 7870 9341 9344 10405 12088 12790 
#module 53 size: 9 bs: 0.690718
302 364 1707 4926 7327 7654 9813 11556 12475 
#module 54 size: 4 bs: 0.700647
4505 8873 9816 11451 
#module 55 size: 6 bs: 0.840459
1274 1275 1648 2955 4294 6652 
#module 56 size: 8 bs: 0.395054
1915 3196 4214 5114 6076 6150 6153 9199 
#module 57 size: 31 bs: 0.139381
278 351 523 572 576 653 1175 1544 1966 2480 3193 3365 3389 3839 4005 4847 4935 5154 6014 6172 6344 6694 6745 7114 7131 7839 8142 8316 8374 8398 9696 
#module 58 size: 26 bs: 0.309126
29 207 1946 2983 3763 3891 4035 4072 4512 4826 6254 6255 6376 7215 7922 8278 8596 8910 9991 10512 10631 10791 10894 10978 11382 12095 
#module 59 size: 42 bs: 0.218003
22 133 166 301 344 426 645 1153 1224 1301 1834 1845 2031 2133 2136 2316 2681 3271 3360 3737 3822 4630 5976 6057 6199 6350 6560 6883 7384 7486 8823 8896 9289 9345 9479 9964 10825 10925 11139 11338 11463 11989 
#module 60 size: 4 bs: 0.836107
218 2027 4752 4753 
#module 61 size: 4 bs: 0.176245
1117 6561 8492 9046 
#module 62 size: 18 bs: 0.349278
60 508 1941 2109 3507 4335 5099 5285 6038 6230 6279 6727 9171 10566 10954 11027 11114 12397 
#module 63 size: 21 bs: 0.975094
317 345 595 779 1894 1993 4200 4469 5714 6261 6290 7703 8531 9998 11037 11070 11157 11308 11355 11719 12969 
#module 64 size: 17 bs: 0.265207
161 232 824 1522 1549 4162 4407 4591 5766 6815 6957 7522 7984 9165 10356 11388 11556 
#module 65 size: 6 bs: 0.262663
839 1876 2391 2991 2992 8581 
#module 66 size: 18 bs: 0.80593
306 1200 1749 2860 2964 3387 3676 4011 4525 4999 5273 6218 6477 6777 6937 8600 10605 10639 
#module 67 size: 12 bs: 0.27339
2870 3240 3424 3954 4035 7462 7926 9702 10014 10279 10622 12995 
#module 68 size: 15 bs: 0.674765
1376 1714 2147 2371 2741 3348 3544 3559 4868 5962 7559 8195 8440 8590 11011 
#module 69 size: 13 bs: 0.383978
528 727 827 2004 2174 3186 3908 6098 6723 7402 8559 10904 12293 
#module 70 size: 30 bs: 1.03613
121 506 563 1072 1102 1285 1297 2019 2599 2616 3312 3918 4053 4070 4432 5450 5647 5995 6442 6474 7169 7264 7346 8277 8820 9547 9743 10885 11445 11660 
#module 71 size: 9 bs: 0.400732
528 611 3463 5003 5997 7635 7672 8541 10929 
#module 72 size: 8 bs: 1.0412
1003 2819 6316 7792 7793 7996 8812 9048 
#module 73 size: 8 bs: 0.819748
551 941 2089 2835 4084 7278 7634 10558 
#module 74 size: 15 bs: 0.445797
46 1183 1973 3145 3612 4069 4169 4379 5311 5484 6384 7022 7584 8174 11104 
#module 75 size: 43 bs: 0.931564
816 853 1127 1476 2251 2262 2284 2354 2376 2779 2798 2900 2945 3079 4047 4464 4654 4963 5180 5210 5217 5279 5595 5677 5808 6059 6308 6594 6628 7083 7794 8003 8279 8322 8443 9101 9211 9863 9951 10753 11243 12510 12712 
#module 76 size: 9 bs: 0.559597
529 977 4475 5460 5918 6275 8011 9688 10881 
#module 77 size: 31 bs: 0.759265
682 803 1070 1168 1519 1743 1850 2782 2958 2967 3513 3630 3661 3845 4085 4959 5111 5508 5518 5628 6330 7923 8885 8952 9332 9637 10404 10592 10734 10741 11379 
#module 78 size: 8 bs: 0.850814
186 927 1698 3734 4715 10281 10286 11595 
#module 79 size: 13 bs: 0.51815
1639 2433 4136 5132 5337 6581 7103 7869 8283 9422 9651 10974 12158 
#module 80 size: 24 bs: 0.398267
2 1001 1815 1998 3111 3118 4420 4489 6243 6391 7118 7656 7932 8475 9578 9821 10058 10750 10793 10811 11074 11276 11576 12039 
#module 81 size: 19 bs: 0.112326
152 373 1019 1959 2470 3578 3869 4468 4588 4893 5186 5959 6025 6344 6900 8923 9414 10106 11635 
#module 82 size: 5 bs: 0.488934
459 773 2816 8836 9604 
#module 83 size: 74 bs: 0.846825
43 94 329 334 482 579 1302 1408 1614 2100 2388 2389 2393 2645 2749 2784 2934 3057 3096 3107 3114 3137 3239 3303 3342 3369 3502 3647 3792 4115 4137 4236 4400 4480 4964 5046 5447 5698 5753 5845 5908 6226 6694 7360 7427 7454 7545 7624 7739 7853 7854 7857 8106 8387 8558 8562 8563 8624 8933 9368 9658 9687 9694 9878 9973 10107 10510 10741 10904 10982 11191 12214 12635 12867 
#module 84 size: 12 bs: 0.64134
16 161 3415 4475 4958 4962 5918 6957 8417 9215 10202 10525 
#module 85 size: 9 bs: 0.549747
828 1902 2130 3160 4323 6621 9523 11261 11513 
#module 86 size: 11 bs: 0.188323
2888 3576 3841 4920 5179 5428 6514 8672 8853 9212 9262 
#module 87 size: 50 bs: 0.876666
51 256 257 413 507 556 857 1661 1975 2023 2063 2176 2370 2483 2630 2822 2851 3332 3333 3510 3936 3958 4171 4682 4865 5451 5478 5863 6106 6130 6433 7216 7533 7556 7644 8139 8158 8195 8442 8487 8668 8678 8744 9079 9120 9490 10472 10504 10800 12515 
#module 88 size: 5 bs: 1.05615
3867 4222 8392 8393 10079 
#module 89 size: 10 bs: 0.182921
274 2068 2408 3131 3132 4044 5325 7571 8882 10511 
#module 90 size: 23 bs: 0.250761
2206 2270 3276 3444 3533 4618 5086 5566 6504 7188 8054 8214 9275 9361 9512 10624 10845 11092 11118 11127 12514 12672 12891 
#module 91 size: 156 bs: 0.46927
142 355 369 430 452 604 637 673 766 833 894 938 972 995 1077 1174 1187 1247 1289 1296 1508 1748 1792 1805 1866 1924 1935 1988 2165 2404 2574 2638 2699 2716 2764 2781 2852 3088 3124 3146 3164 3169 3210 3277 3405 3417 3436 3452 3457 3461 3477 3488 3502 3679 3683 3716 3807 3816 3900 3906 3935 4006 4018 4059 4106 4160 4254 4292 4342 4355 4358 4359 4473 4480 4509 4606 4642 4678 4889 4918 5008 5019 5091 5168 5197 5331 5349 5501 5537 5539 5585 5757 5846 5949 6118 6127 6338 6361 6535 6601 6667 6782 7113 7142 7211 7303 7313 7314 7389 7439 7623 7697 7814 7815 7864 7930 7934 8031 8046 8386 8555 8571 8683 8730 8790 8803 9072 9136 9159 9459 9524 9662 9807 9820 9873 10213 10292 10328 10388 10652 10730 10907 10956 10995 11111 11121 11147 11155 11424 11554 12162 12249 12591 12642 12889 12905 
#module 92 size: 28 bs: 0.708643
181 467 934 1703 2516 3175 3921 4014 4064 4142 4360 4450 4876 4908 5412 6764 7008 7043 7274 8274 9936 10234 10300 10469 10659 10826 10902 12575 
#module 93 size: 25 bs: 0.713401
601 1014 1094 1489 2455 2983 3326 3512 3555 3856 4071 4248 4287 5489 6424 8190 8545 8622 9413 9784 9957 10264 10931 11571 11878 
#module 94 size: 58 bs: 0.785124
204 217 262 309 918 1065 1139 1147 1151 1170 1336 1345 1468 1872 2080 2710 2761 2857 3007 3993 4144 4520 4910 5060 5174 5355 5405 5942 6003 6050 6077 6138 6322 6436 6528 6884 7062 7181 7189 7383 7410 7465 7537 7549 7627 7659 7689 8323 8695 8745 9310 9561 9584 9596 9768 9771 10196 11283 
#module 95 size: 87 bs: 0.686125
131 375 774 865 1015 1276 1420 1664 1721 1785 1926 1929 2069 2291 2467 2766 2915 3219 3280 3351 3393 3395 3603 3648 3718 4406 4584 4593 4651 4713 4719 4746 4915 4925 4978 5107 5109 5110 5198 5348 5350 5397 5591 6048 6227 6241 6307 6317 6321 6549 6724 6869 7550 7728 8397 8402 8439 8593 8616 8714 8810 8929 8992 9030 9052 9382 9383 9483 9708 9808 9933 10021 10084 10190 10226 10242 10684 10715 10765 10965 11106 11125 11213 11711 11814 12873 12937 
#module 96 size: 7 bs: 0.2065
225 568 2842 3132 3162 4661 8666 
#module 97 size: 13 bs: 0.916131
2786 2787 3403 6846 7573 8434 8506 8827 10068 11049 11265 11687 11688 
#module 98 size: 13 bs: 0.699445
453 1997 4007 4280 4917 5617 6434 6736 6952 8815 9182 10333 11233 
#module 99 size: 6 bs: 0.811078
5684 6522 6820 6870 6871 8293 
#module 100 size: 16 bs: 0.413282
1048 1358 1659 2541 3582 3583 3654 4029 4078 6520 6715 8498 9300 9373 9580 10823 
#module 101 size: 20 bs: 0.659755
714 1854 2959 3354 4440 4716 6235 6478 6765 6768 7409 7711 8186 8774 9077 9409 9752 10114 10518 13010 
#module 102 size: 11 bs: 0.876569
712 1650 1968 2415 2958 3424 5918 6621 8934 10007 11883 
#module 103 size: 20 bs: 0.724174
458 2785 2960 4948 5602 6209 7050 7561 7674 7727 7729 8556 8656 11117 11137 11138 11436 11447 12697 12843 
#module 104 size: 29 bs: 0.81911
645 705 1494 2888 2967 3269 3484 3872 4340 4514 4780 5155 5461 5773 7067 7524 7525 7958 8453 8551 8893 9819 10461 10661 10814 10825 11084 11279 12609 
#module 105 size: 30 bs: 1.03498
488 1023 1039 2461 3086 3108 3624 4234 4495 5020 5470 5612 6402 6408 6554 6731 7274 7299 7474 7902 8070 8326 8971 9167 9264 9721 10549 10694 10735 11541 
#module 106 size: 29 bs: 1.02637
231 261 1105 1277 1928 1955 2095 2640 2713 2768 3342 3715 3854 4217 4814 5445 6971 7304 7472 7615 8075 8562 8671 8736 8813 9442 10098 11429 11733 
#module 107 size: 8 bs: 0.540365
803 2958 3686 5727 5786 7508 8448 10680 
#module 108 size: 16 bs: 0.294968
211 510 2835 3459 4370 5708 6983 7551 7728 8096 9002 9145 9322 10604 11142 11152 
#module 109 size: 12 bs: 0.369196
575 2758 2800 4840 6332 6846 7561 7918 9416 11007 11142 11556 
#module 110 size: 15 bs: 0.486264
1007 1781 1892 2182 2929 3418 5633 5963 6382 7135 7227 7707 8069 8420 8734 
#module 111 size: 11 bs: 0.419293
442 2693 3127 4779 7190 7509 7688 9027 9239 10137 11019 
#module 112 size: 15 bs: 1.0718
1135 1915 2673 2888 3946 4164 5895 6090 6150 6153 6511 8562 8805 9644 10142 
#module 113 size: 3 bs: 0.9245
875 4371 10874 
#module 114 size: 35 bs: 0.877114
41 90 160 384 436 1440 1762 1901 2071 2123 2780 2797 3033 3036 3422 3960 4670 4866 4985 5067 5359 5676 5968 6035 6078 6084 6270 6445 6453 7374 9147 9302 10040 10157 11419 
#module 115 size: 37 bs: 0.39484
870 1347 1458 1505 1587 1634 1745 2267 2649 2961 2967 3134 4333 4341 4522 4670 4807 4914 4965 5209 6205 6335 6746 6773 7127 7167 7634 7728 7817 8476 8748 9113 10519 10568 11142 11696 12492 
#module 116 size: 16 bs: 0.496552
541 1690 1893 2423 2721 2834 3157 3585 4096 4377 4401 4571 4572 7514 7913 7914 
#module 117 size: 14 bs: 1.02045
361 652 859 1348 2938 3334 4058 4843 4958 5064 5159 8311 9138 12505 
#module 118 size: 9 bs: 0.911758
2554 3470 3996 4534 5661 6155 6684 7331 8720 
#module 119 size: 23 bs: 0.99887
535 824 911 1149 2352 2730 2845 2984 5054 5319 5568 5633 5709 5766 6834 7398 8047 8305 9165 10356 10579 10672 10822 
#module 120 size: 17 bs: 0.161603
694 1237 1714 2462 2835 2888 3132 4811 6132 6327 6719 7477 8635 9226 9343 10232 11410 
#module 121 size: 20 bs: 0.593101
562 1452 1474 1689 1771 1937 2118 3552 3554 3781 4119 4291 4733 7496 8111 8722 8759 9761 10851 11053 
#module 122 size: 23 bs: 0.492329
101 349 1539 2058 2192 2796 3734 4686 5211 5586 6293 7658 8623 9007 9123 9390 9904 10007 10195 10228 11143 11165 11572 
#module 123 size: 15 bs: 0.798462
897 1454 2089 2457 2643 3500 3522 5733 7557 7775 7776 9375 11112 11196 12950 
#module 124 size: 24 bs: 0.683114
907 1996 2838 2951 3122 3126 3600 3723 3728 4421 4991 5034 5058 5089 5153 5880 5985 7202 8562 9097 9363 9851 10679 11147 
#module 125 size: 9 bs: 0.238264
1552 1708 2735 4701 7855 10267 10625 12972 13006 
#module 126 size: 7 bs: 0.590476
775 1656 2845 8332 9071 10930 11400 
#module 127 size: 45 bs: 0.528814
209 374 1956 2066 2067 2073 2311 2317 2367 2371 2373 2375 2378 2379 2383 2384 2386 2387 3290 3441 4447 4609 4868 4870 4878 4879 5017 6133 6386 6906 6913 8135 8749 8808 8881 9034 9723 9891 9912 10611 10662 10803 11310 11353 11664 
#module 128 size: 46 bs: 0.324297
203 205 1439 1616 1741 1976 2168 2184 2275 3166 3418 3756 4012 4218 4339 4772 4782 4856 5155 5251 5266 5875 6312 7255 7330 7657 7858 8030 8328 8504 8935 9089 9178 9255 9666 10068 10096 10382 10413 11038 11311 12302 12488 12697 12843 13004 
#module 129 size: 67 bs: 0.607706
34 47 122 244 316 976 1410 1464 1515 1909 2074 2111 2547 2551 2614 2998 3054 3366 3575 3621 3640 3688 3851 3909 4448 4523 4599 4708 4806 4891 5139 5700 5721 5921 5964 6197 6616 6671 7230 7363 7394 7429 7552 7607 8073 8693 8711 8748 8792 8828 8949 9016 9350 9391 9489 9516 10124 10264 10324 10463 10484 10693 10915 11124 12582 12667 12881 
#module 130 size: 18 bs: 1.05269
213 782 896 1124 1824 3041 3590 4135 4597 6589 7141 7194 9437 9438 9460 9517 9886 10206 
#module 131 size: 59 bs: 0.113356
107 183 704 1122 1665 2145 2328 2430 2801 2847 3050 3260 3397 3569 3811 4365 4639 5173 5400 5499 5578 5581 5769 5817 5857 5885 6107 6229 6538 6985 7072 7154 7442 7473 7629 7784 7788 8351 8436 8580 8967 9173 9214 9380 9544 9894 10041 10060 10123 10557 10709 10862 11006 11206 11340 11418 12019 12297 12447 
#module 132 size: 29 bs: 0.90618
886 951 1119 1287 1706 2433 2695 2737 2957 3223 3341 3347 3498 5685 5734 6027 6295 6416 6573 6612 7446 7544 8055 10210 10220 11120 11450 11456 11966 
#module 133 size: 62 bs: 0.33712
10 36 375 578 729 834 1182 1295 1513 1613 1647 1926 2035 2289 2456 2759 2766 2882 2915 3219 3410 3603 3767 4282 4584 4670 4719 4829 4978 5076 5082 5110 5292 5422 5425 5591 5802 6132 6327 6345 6347 6349 7288 7634 8302 8375 8478 8714 8761 9624 9679 9708 9808 9884 9921 9986 10343 10460 10684 10887 12716 12782 
#module 134 size: 11 bs: 0.673096
143 326 370 2065 2312 3203 5512 6005 7318 8199 8987 
#module 135 size: 47 bs: 0.211866
226 254 532 925 1908 2109 2134 2139 2180 2858 3226 3301 3690 3962 4558 5017 5033 5345 5695 5876 6093 6100 6157 6230 6231 6279 6617 6623 6688 6716 6718 6727 7635 8224 8536 8860 8956 9290 9960 10829 10866 10869 10957 11048 12264 12397 12953 
#module 136 size: 27 bs: 0.32311
144 622 900 1309 1436 1712 2144 2739 3426 3821 3876 4304 4800 4942 5199 5656 8463 9421 9510 9598 9703 9734 10592 10914 10972 11514 12670 
#module 137 size: 31 bs: 0.448168
188 516 721 2444 2971 3113 3180 3748 3780 4227 4472 4524 4683 4884 5674 5691 5780 6167 6266 6340 6964 7010 7181 7819 8389 8690 8755 8991 9611 10551 11545 
#module 138 size: 17 bs: 1.07725
389 1693 1919 2365 2385 2409 2635 3786 3838 3904 3913 5017 5614 6092 7630 7780 10352 
#module 139 size: 31 bs: 0.934021
308 655 1360 1524 1874 1896 2061 2138 2463 2793 3986 3990 4862 5673 6070 6205 6694 6809 7480 7638 8708 8781 8941 9288 9593 9660 10132 10174 10267 10582 11171 
#module 140 size: 35 bs: 0.796592
377 528 550 759 790 1351 1632 2090 2132 2187 2190 2191 2195 2213 2215 2216 2219 2628 3021 3530 4091 4778 4969 5666 7358 7545 8396 9243 9270 9378 9835 10134 10695 11029 11193 
#module 141 size: 10 bs: 0.116408
1036 1486 1695 3882 5479 5528 6359 8673 9036 9402 
#module 142 size: 42 bs: 0.324456
113 978 1066 1206 1425 1654 1770 2265 2568 3733 3824 3966 4446 5085 5194 5343 5765 6063 6314 6468 6548 7036 8127 8150 8299 8328 8558 8791 9457 9677 9935 9969 10119 10532 11031 11118 11120 11269 11558 11576 12514 12577 
#module 143 size: 13 bs: 0.201176
2418 4940 5826 5981 5987 7563 8680 8785 9006 10108 10746 11446 12663 
#module 144 size: 16 bs: 0.601416
1008 2106 2436 3472 5259 5925 5933 6018 7564 8200 8645 9447 9591 9906 10291 10733 
#module 145 size: 47 bs: 0.52243
32 123 395 811 1377 1407 1483 1572 1751 1865 2253 2963 3095 3257 3321 3857 3949 4002 4704 5060 5221 5441 5504 5909 6274 6297 6300 6436 6553 6567 6659 7015 7263 7570 7837 7896 8245 8771 9175 9410 9570 9576 9594 9981 10201 10480 11245 
#module 146 size: 10 bs: 0.212973
400 1254 2128 3952 4293 5852 6142 7772 10778 11395 
#module 147 size: 8 bs: 0.700854
2845 3206 3207 4539 5735 6706 9162 10834 
#module 148 size: 71 bs: 0.55429
147 465 479 708 1092 1202 1278 1726 1740 1891 1920 1980 2110 2441 2627 2637 2677 2829 2880 3130 3198 3214 3327 3511 3609 3853 3946 3955 3963 3995 4035 4046 4054 4286 4367 4389 4419 4649 5140 5465 5496 5511 5576 5613 5659 5993 6023 6658 6744 7179 7256 7286 7441 7476 7597 9047 9113 9254 9298 9397 9546 10140 10354 10362 10445 10617 10717 10919 11448 11491 11498 
#module 149 size: 25 bs: 0.468779
885 959 1021 1155 1961 2097 3308 3340 3613 3673 4604 4845 4867 5068 5208 6245 6399 6922 7555 7746 7906 8351 8738 8783 10550 
#module 150 size: 92 bs: 0.902826
68 216 315 352 809 963 996 1001 1086 1125 1144 1270 1411 1624 1643 1706 1735 2001 2114 2157 2272 2559 2753 2783 2866 3129 3135 3139 3247 3589 3708 3732 3782 3805 3902 4143 4312 4316 4334 4577 4860 4873 4901 5040 5141 5229 5277 5281 5365 5662 5806 5824 5919 5937 6314 6415 6960 7184 7480 7591 7608 7705 7799 7888 8016 8285 8407 8435 8494 8579 8852 8901 9009 9082 9144 9272 9360 9367 9589 9985 10238 10310 10404 10506 10522 10751 10779 11262 11576 12549 12586 12648 
#module 151 size: 15 bs: 0.979707
947 1208 2837 3810 4246 4454 5633 7011 8331 9399 9555 10704 10883 11715 13006 
#module 152 size: 7 bs: 1.00851
2039 3744 4270 4508 5341 8565 9825 
#module 153 size: 35 bs: 0.215754
174 402 547 794 1720 2493 2740 2843 3194 4630 4656 4979 5250 5464 5569 5838 6131 6154 6214 6572 6590 7051 7228 7589 7612 7884 7970 8110 8445 8728 9248 9560 9717 10619 11501 
#module 154 size: 13 bs: 0.718598
596 1864 2160 2665 5112 5379 5600 6369 6664 6863 6935 7056 8078 
#module 155 size: 19 bs: 0.934573
327 1864 2944 2952 2969 3627 3636 3646 3649 3684 5163 5430 6097 6155 6491 6828 9540 9791 12997 
#module 156 size: 18 bs: 0.991354
499 690 1224 2316 2377 2446 3056 3132 3188 3449 3759 3765 3775 4189 4575 6428 8483 13006 
#module 157 size: 9 bs: 0.714779
1115 1496 3418 6304 6497 7506 8770 8947 9718 
#module 158 size: 94 bs: 0.447878
76 191 274 280 360 687 698 1023 1212 1687 1714 1722 1819 1862 1943 1981 2272 2287 2432 2633 2650 2718 2846 2854 2862 3139 3182 3320 3421 3485 3565 3587 3674 3698 3721 3736 3772 3789 3932 3992 4345 4638 4676 4705 4731 5212 5242 5476 5515 5849 6131 6162 6231 6250 6327 6400 6526 6534 6586 6701 6924 7415 7571 7649 7692 8023 8172 8234 8437 8528 8628 8743 9013 9066 9075 9111 9189 9325 9376 9622 9754 10019 10158 10199 10357 10422 10613 10703 10707 10899 10905 11083 11150 11169 
#module 159 size: 15 bs: 0.10581
1255 1841 2788 3262 3289 5415 5449 6827 7491 7720 7789 8228 8848 10153 10835 
#module 160 size: 53 bs: 1.07273
111 602 686 715 812 880 904 1280 1459 1640 1734 2553 2615 2806 2879 2907 3252 3297 3478 3629 3637 3816 4077 4163 4213 4430 4597 5459 5593 6004 6141 6482 6797 6852 7103 7335 7373 8452 8608 8716 8872 9208 9422 9795 9836 9870 10198 10235 10629 10835 12559 12855 13006 
#module 161 size: 39 bs: 0.168276
192 438 473 1428 1569 2294 2579 2682 2922 3932 4080 4101 4176 4233 4535 4601 4712 5283 5535 5663 6177 6268 6459 6911 7200 7298 7337 7561 7741 7838 8527 8968 9164 9440 10218 10371 10454 10654 11710 
#module 162 size: 18 bs: 0.896473
797 1253 1689 1969 2121 4157 5357 5779 5818 6598 6767 7042 7259 8004 8368 8969 10029 10911 
#module 163 size: 21 bs: 0.674415
849 878 983 985 2682 3040 3171 3403 3535 3755 3759 4249 4427 5386 5973 6944 7381 7406 7464 10204 10240 
#module 164 size: 27 bs: 0.443923
109 548 1052 1169 1344 1662 2598 2652 3370 3442 3475 3961 4303 4630 4774 4775 5057 5792 6198 7199 7519 9441 10663 10823 10868 11158 12505 
#module 165 size: 22 bs: 0.422366
1042 1197 2148 2472 2970 3371 3563 3662 3747 3916 4283 4923 5402 5538 5559 5783 6022 8340 8737 9247 9588 10757 
#module 166 size: 37 bs: 0.630468
35 210 695 1555 1597 1689 1768 1885 2368 2718 2953 2954 3988 4180 4403 4579 4674 5134 5227 5387 5712 5862 5879 5984 6390 6481 6669 6945 7042 7362 8261 8557 8617 9026 9979 10329 10781 
#module 167 size: 27 bs: 0.633615
159 764 1359 1618 2682 2845 3101 4037 4170 4343 4907 5856 6471 6750 6863 6864 7742 8041 8372 8565 8772 9397 9419 10175 10792 10884 12291 
#module 168 size: 17 bs: 0.342761
898 4232 4528 5018 5295 6023 6046 6982 7361 8101 8128 8399 8410 8669 8946 9041 9944 
#module 169 size: 10 bs: 0.307709
486 990 1080 4372 5364 5482 7432 7531 8982 10191 
#module 170 size: 171 bs: 0.355738
95 190 206 220 359 521 537 540 692 718 862 961 1060 1205 1227 1241 1305 1313 1320 1377 1466 1481 1483 1791 1932 1979 2024 2084 2142 2169 2186 2188 2189 2193 2194 2209 2212 2221 2253 2406 2411 2621 2646 2647 2653 2855 2883 2918 2950 3017 3028 3200 3204 3205 3493 3580 3591 3599 3776 3788 3794 3796 3800 3847 3852 3855 3914 3917 3989 4001 4033 4100 4429 4461 4487 4517 4590 4622 4631 4641 4703 4704 4718 4780 4971 5041 5221 5252 5263 5367 5381 5443 5453 5492 5494 5632 5707 5740 5887 6071 6174 6216 6260 6274 6285 6286 6329 6372 6499 6550 6553 6567 6835 7292 7316 7377 7407 7426 7483 7513 7554 7595 7743 7832 7883 7997 8084 8309 8349 8376 8394 8430 8431 8466 8771 8845 8891 8922 8961 9091 9338 9475 9495 9514 9745 9790 9840 10111 10116 10145 10193 10228 10239 10296 10337 10344 10433 10480 10643 10677 10891 10970 11058 11069 11126 11145 11393 11664 11994 12595 12618 
#module 171 size: 29 bs: 0.894614
124 127 510 1635 1879 2122 2339 2607 2825 2849 2876 2927 3128 3410 3468 3544 3861 4165 7277 7536 7640 7927 8459 8499 8696 9394 9700 9830 11591 
#module 172 size: 131 bs: 0.123263
7 21 28 180 184 491 590 762 793 820 886 986 1086 1098 1204 1213 1219 1378 1554 1576 1577 1599 1816 1827 1840 1907 1918 2083 2240 2242 2292 2321 2414 2506 2525 2676 2783 2910 2923 2936 2937 3116 3224 3231 3356 3474 3490 3524 3656 4092 4126 4172 4174 4366 4435 4443 4459 4477 4668 4669 4735 4815 4849 4949 5036 5047 5070 5084 5232 5308 5339 5396 5486 5510 5526 5643 5752 5754 5764 5829 5836 5907 5952 5958 6007 6114 6212 6507 6639 6673 6918 6967 6968 7102 7233 7289 7481 7494 7683 7818 7954 8016 8049 8051 8125 8324 8472 8606 8788 8789 8855 8883 8947 8978 9009 9211 9246 9545 9587 9924 9929 10067 10094 10250 10274 10402 10515 10673 12382 12586 12756 
#module 173 size: 98 bs: 0.351346
64 137 159 172 618 953 1039 1103 1257 1316 1567 1569 1686 1697 1729 1927 2060 2103 2380 2382 2400 2435 2461 2508 2956 2980 3464 3587 3793 3828 3865 3883 3895 4073 4244 4458 4495 4529 4537 4540 4615 4636 4665 4762 4824 4887 4966 5185 5429 5477 5629 5646 5691 5816 5854 5856 5862 6158 6181 6336 6344 6370 6443 6451 6531 7006 7040 7424 7684 7736 7745 7834 7856 7861 7938 7988 7989 8012 8654 8710 8802 8971 8990 9045 9202 9209 9417 9529 10130 10133 10209 10321 10712 11142 11188 11265 11266 12865 
#module 174 size: 26 bs: 1.00393
252 1383 1555 1591 1798 1885 2205 2481 2617 2969 3244 3272 4754 5408 5552 6364 7085 7378 7492 7994 8134 8496 9186 9458 9484 9941 
