#module 0 size: 3 bs: 5.79336e-06
651 4726 5735 
#module 1 size: 4 bs: 0.0790502
324 917 3205 4839 
#module 2 size: 4 bs: 0.0345746
242 520 4501 6676 
#module 3 size: 6 bs: 0.000432966
333 2223 2467 3295 6167 6819 
#module 4 size: 9 bs: 6.31424e-05
1814 1920 1959 2375 4081 4389 4790 5874 6725 
#module 5 size: 22 bs: 0.549021
10 351 492 730 1187 1422 1843 1971 1983 2996 3216 3245 3719 4100 4969 5270 5698 5798 6366 6417 6712 6912 
#module 6 size: 14 bs: 0.773925
584 2134 2141 2417 2863 2893 3127 5421 5451 5730 6224 6267 6513 6648 
#module 7 size: 5 bs: 0.53828
1028 1106 2767 2854 5766 
#module 8 size: 6 bs: 1.0633
2398 2531 3173 4079 5222 6060 
#module 9 size: 4 bs: 0.952682
524 918 4038 4845 
#module 10 size: 4 bs: 0.947192
3096 3531 4387 5250 
#module 11 size: 4 bs: 0.685854
189 754 5963 6743 
#module 12 size: 4 bs: 0.752128
265 4086 5600 5700 
#module 13 size: 12 bs: 0.850542
169 1963 2041 2584 2790 2927 4558 4966 4987 5496 5644 6772 
#module 14 size: 27 bs: 0.713372
283 400 1152 1738 1805 2392 2732 2827 3313 3373 3888 3948 4019 4321 4469 4504 4564 4582 4588 4803 4895 5167 5726 5880 6081 6516 6922 
#module 15 size: 52 bs: 0.247004
471 479 535 567 796 1102 1478 1500 1577 1698 1711 1818 2189 2330 2418 2581 2700 2937 3021 3029 3055 3077 3117 3119 3282 3315 3739 3799 3872 3938 4042 4163 4200 4347 4460 4536 4545 4878 4961 5025 5273 5280 5350 5483 6069 6119 6224 6242 6339 6363 6430 6628 
#module 16 size: 6 bs: 0.461359
1005 2148 3089 3371 5586 6829 
#module 17 size: 4 bs: 0.474124
5469 6016 6036 6860 
#module 18 size: 18 bs: 0.877631
135 235 415 1406 2550 2746 3476 3885 4410 4478 4484 4908 5052 5103 5647 5716 6311 6504 
#module 19 size: 28 bs: 1.08419
104 250 484 559 1409 1791 1946 2496 2611 3100 3267 3366 3648 3831 4352 4541 4816 4932 4963 5116 5379 6191 6300 6570 6580 6760 6806 6875 
#module 20 size: 8 bs: 0.415514
729 1446 1564 2541 2731 2846 3041 5501 
#module 21 size: 51 bs: 1.02634
11 332 461 598 623 805 860 870 1073 1090 1413 1648 1691 1834 2300 2349 2514 2721 3241 3251 3276 3328 3660 3850 3925 3932 4222 4386 4405 4425 4505 4565 4792 5155 5209 5276 5335 5508 5652 5706 5758 5880 5923 5968 6089 6121 6431 6501 6553 6828 6846 
#module 22 size: 12 bs: 0.332537
204 1588 2033 2178 2527 2717 3061 4116 5286 5298 5800 6409 
#module 23 size: 47 bs: 0.449088
74 123 394 617 911 932 1323 1339 1345 1392 1398 1530 1573 1616 1731 1733 1800 1825 2003 2249 2313 2337 2402 2796 2860 2920 2941 2986 3042 3098 3163 3781 3805 3953 4158 4175 4561 5160 5234 5338 5614 5630 6094 6318 6334 6629 6762 
#module 24 size: 30 bs: 1.01051
138 277 434 958 1064 1201 1350 1463 1489 1504 1533 1657 1710 1744 2711 2744 2832 3798 3802 3841 5708 5784 5814 5857 5898 5951 6026 6039 6097 6499 
#module 25 size: 39 bs: 0.88737
88 162 481 519 537 740 1159 1266 1302 1531 1547 1950 2057 2060 2125 2333 2433 2553 2676 2900 3074 4018 4020 4305 4822 4896 4900 4972 5082 5284 5624 5703 5944 6004 6082 6090 6116 6706 6788 
#module 26 size: 12 bs: 1.01007
514 853 1000 1577 1748 2194 2248 3137 3803 4036 4093 5976 
#module 27 size: 32 bs: 1.04376
646 839 848 966 1163 1852 1863 1941 2018 2274 2305 2552 2615 2965 3053 3210 3372 3486 3999 4050 4219 4288 4634 4936 5593 5595 6131 6595 6642 6750 6775 6780 
#module 28 size: 24 bs: 0.566314
257 403 604 697 966 1228 1247 1253 1364 1425 1608 2010 2815 3239 3502 3522 4129 4415 4461 5019 5104 5231 5893 6231 
#module 29 size: 16 bs: 0.151992
357 890 1687 1824 1926 2161 2376 3255 3487 3636 4556 5107 5391 6213 6709 6909 
#module 30 size: 93 bs: 0.487729
66 110 137 144 161 201 210 226 378 416 585 618 667 688 697 716 871 913 975 988 1138 1190 1247 1453 1514 1585 1870 1917 1923 2188 2254 2288 2385 2573 2576 2595 2619 2990 3008 3016 3030 3086 3114 3146 3235 3360 3440 3499 3530 3591 3644 3687 3754 3907 3910 3917 4037 4077 4114 4216 4679 4733 4739 4900 4918 4953 5010 5037 5066 5179 5187 5254 5288 5306 5364 5372 5468 5594 5632 5686 5825 5840 5928 5982 6160 6427 6467 6527 6630 6673 6694 6710 6790 
#module 31 size: 38 bs: 0.832954
34 77 142 309 349 502 695 770 857 938 1147 1492 1503 1509 1649 1871 2070 2337 2847 2850 2923 2928 3296 3324 3990 4547 4729 5072 5143 5292 5844 5907 6059 6332 6389 6403 6677 6919 
#module 32 size: 5 bs: 0.959739
680 1587 3668 5862 6023 
#module 33 size: 7 bs: 0.930665
156 852 1082 2201 2478 4635 6031 
#module 34 size: 7 bs: 0.943487
674 1415 2203 2206 2963 3542 6228 
#module 35 size: 10 bs: 0.14348
46 145 260 941 1239 1994 2261 2520 5795 6333 
#module 36 size: 67 bs: 0.811672
281 562 641 808 851 974 1017 1038 1077 1174 1192 1211 1261 1347 1486 1566 1577 1609 1731 1904 1987 2294 2439 2955 2982 3120 3216 3221 3271 3331 3351 3369 3400 3440 3655 3657 3803 3823 3884 3914 4068 4099 4230 4253 4388 4665 4677 4844 4979 4990 5020 5193 5562 5690 5725 5821 5836 5856 5976 6113 6146 6195 6230 6405 6478 6497 6579 
#module 37 size: 37 bs: 0.876178
188 312 648 774 799 1184 1293 1890 2044 2253 2430 2468 2582 2710 3272 3348 3681 3804 3849 4010 4014 4339 4367 4720 5012 5508 5658 5674 5727 6364 6469 6575 6603 6649 6869 6896 6910 
#module 38 size: 42 bs: 0.992184
70 291 560 943 972 999 1018 1086 1120 1309 1323 1350 1507 1513 1517 1530 1623 1825 1893 2986 3051 3317 3469 3791 4318 4547 4690 4761 4993 5162 5275 5440 5715 5743 5776 5977 6277 6534 6600 6757 6763 6797 
#module 39 size: 8 bs: 0.600475
530 1778 2411 2428 5125 6214 6365 6408 
#module 40 size: 13 bs: 0.458573
1227 1455 1532 1656 2707 2935 2976 3797 3877 4737 5864 6384 6707 
#module 41 size: 27 bs: 1.014
69 298 611 647 910 951 1621 2849 2930 3258 3409 3441 3458 3914 4303 4384 4465 5193 5204 5230 5427 5492 6043 6484 6619 6725 6892 
#module 42 size: 60 bs: 0.961459
53 148 319 335 522 801 846 881 967 1246 1393 1670 1672 1762 1785 1961 2209 2216 2295 2306 2322 2489 2607 2890 2912 2913 3264 3289 3316 3416 3480 3585 3742 3812 3848 3891 3946 4017 4328 4427 4470 4803 4875 4980 5060 5081 5144 5788 5810 5971 6087 6158 6339 6374 6436 6500 6515 6622 6641 6921 
#module 43 size: 179 bs: 0.545968
2 45 91 136 146 167 184 206 243 279 297 335 336 347 352 373 439 482 496 522 531 601 616 666 679 689 712 757 777 779 948 1010 1011 1012 1094 1133 1252 1261 1278 1298 1306 1334 1366 1388 1395 1465 1548 1575 1653 1669 1688 1711 1773 1783 1786 1801 2035 2049 2062 2073 2096 2120 2157 2172 2187 2268 2296 2301 2330 2355 2500 2544 2589 2592 2598 2606 2620 2625 2672 2781 2783 2799 2819 2840 3004 3035 3077 3178 3211 3255 3260 3280 3354 3365 3368 3400 3403 3412 3507 3511 3566 3647 3650 3788 3813 3816 3846 3898 3938 3946 4015 4104 4255 4279 4314 4331 4332 4348 4359 4371 4397 4419 4438 4448 4449 4490 4534 4589 4592 4619 4652 4783 4797 4825 4867 4878 4961 4967 4972 4986 4988 5057 5070 5084 5159 5226 5239 5303 5355 5385 5483 5502 5515 5642 5676 5684 5738 5774 5789 5827 5836 5876 5889 5958 5985 6196 6206 6210 6244 6436 6523 6554 6602 6641 6671 6696 6724 6836 6861 
#module 44 size: 36 bs: 0.208734
113 816 1145 1153 1200 1437 1438 1592 1689 1738 1914 2168 2431 2944 3187 3322 3337 3345 3358 3580 3586 3784 4019 4223 4321 4399 4504 4583 4887 5168 5651 5719 5726 6699 6908 6922 
#module 45 size: 18 bs: 0.639038
49 237 306 442 2048 2227 2879 2894 3549 3627 4140 4597 4671 5376 5648 5663 5927 6439 
#module 46 size: 47 bs: 0.315839
26 111 193 305 323 403 432 818 822 829 1001 1236 1250 1253 1369 1542 1659 1667 1793 1964 2011 2078 2537 2621 2624 2692 2812 3980 4018 4059 4142 4785 4840 4862 5014 5090 5215 5400 5606 5904 5983 6065 6113 6308 6613 6652 6727 
#module 47 size: 46 bs: 0.695787
207 299 369 447 542 700 904 1096 1206 1477 1508 1538 1561 1992 2042 2233 2436 2488 2519 2788 2805 2948 3130 3393 3438 3446 3492 3834 4326 4907 4973 4997 5011 5034 5374 5447 5563 5699 6171 6178 6421 6461 6464 6599 6781 6830 
#module 48 size: 46 bs: 0.748132
72 113 133 143 230 245 369 400 752 887 1457 1627 1630 1760 2190 2362 2421 2810 2820 2895 2956 3301 3350 3454 3478 3908 4305 4430 4579 4684 4808 4846 5077 5264 5295 5410 5929 5968 5978 6232 6270 6431 6562 6592 6605 6638 
#module 49 size: 63 bs: 0.245541
208 247 376 452 501 637 873 912 949 1009 1151 1283 1670 1908 2083 2125 2246 2272 2332 2484 2574 2643 2670 2692 2791 2809 2869 2884 3000 3100 3161 3188 3239 3262 3374 3410 3485 3601 3645 3731 4129 4248 4304 4308 4325 4362 4581 4896 4952 5466 5711 5799 5807 5933 5993 6013 6087 6276 6280 6490 6494 6541 6750 
#module 50 size: 45 bs: 0.22356
391 402 677 701 736 956 1007 1230 1258 1665 1930 2000 2127 2352 2378 2477 2578 3060 3140 3177 3354 3362 3515 3869 3941 3988 3998 4008 4013 4102 4109 4333 4798 5086 5413 5424 5429 5584 5958 6070 6203 6383 6407 6434 6744 
#module 51 size: 32 bs: 0.261404
28 240 382 388 559 718 740 966 1241 1372 1874 1909 1934 1938 2414 2455 2871 2887 3516 3639 4327 4575 4852 5266 5450 5552 5807 6162 6201 6463 6511 6695 
#module 52 size: 34 bs: 0.401456
32 155 643 673 777 896 966 989 1013 1137 1195 1225 2324 2457 2464 2676 2766 3224 3299 3355 3496 3501 3540 3582 4282 4316 4322 4483 4491 4788 4821 4924 5513 5595 
#module 53 size: 35 bs: 0.391992
167 273 285 435 498 504 545 554 689 779 1144 1935 2082 2444 2462 2672 2840 3194 3222 3255 4017 4026 4365 4366 4392 4496 4556 4860 5124 5617 5676 6653 6671 6716 6918 
#module 54 size: 41 bs: 0.885178
98 410 767 791 1252 1294 1427 1460 1936 2025 2393 2524 2884 3000 3168 3261 3352 3553 3564 4207 4279 4325 4362 4371 4750 5136 5366 5479 5531 5555 5677 5827 5993 6128 6210 6490 6529 6541 6548 6625 6701 
#module 55 size: 25 bs: 0.828118
1017 1192 1488 1617 2189 2415 2498 2581 2700 3055 3099 3158 3181 3518 3808 4615 5350 5353 5493 5612 5707 5975 6009 6179 6242 
#module 56 size: 23 bs: 0.428571
37 1076 1268 1474 1699 1732 1820 2367 2454 2656 2698 2782 3243 3866 4730 4965 5418 5498 5881 6029 6180 6241 6792 
#module 57 size: 82 bs: 0.823464
19 36 76 212 218 231 235 279 293 663 668 675 686 737 757 778 817 888 1016 1020 1149 1213 1254 1429 1548 1562 1625 1758 1775 1814 1911 1942 2219 2318 2370 2475 2521 2532 2550 2647 2727 2746 2776 2967 3062 3090 3143 3212 3268 3370 3536 3560 3612 3614 3898 4006 4340 4410 4417 4481 4526 4763 4764 4802 4935 4968 5024 5042 5078 5183 5253 5524 5577 5650 5773 5817 6033 6051 6381 6411 6724 6836 
#module 58 size: 38 bs: 0.757726
6 25 39 451 788 863 1127 1233 1351 1405 1578 1792 1806 1907 2077 2133 2217 2773 3003 3238 3448 3485 3597 3976 3994 4040 4228 4310 4667 4694 4751 4994 5096 5150 5462 5896 6034 6709 
#module 59 size: 86 bs: 0.917556
104 366 367 460 501 785 945 1009 1074 1117 1301 1305 1448 1633 1661 1670 1848 1878 1907 2162 2272 2332 2484 2490 2670 2692 2740 2845 2994 3014 3133 3161 3239 3347 3395 3415 3439 3459 3483 3485 3609 3866 3919 3963 3983 4129 4269 4304 4308 4353 4361 4370 4428 4443 4476 4660 4751 4809 4881 4904 4926 4952 4958 4989 5073 5100 5106 5408 5417 5449 5588 5643 5655 5711 5748 5914 6077 6080 6204 6276 6424 6503 6750 6827 6852 6875 
#module 60 size: 18 bs: 0.301757
47 321 469 872 1378 1655 1777 2562 2632 2864 3858 5437 5556 5569 5729 5786 5866 5939 
#module 61 size: 86 bs: 0.495169
211 336 561 572 628 681 719 764 797 854 1188 1217 1234 1245 1278 1310 1396 1418 1464 1541 1590 1599 1636 1648 1783 1796 1833 1888 1892 1899 1927 1928 2068 2120 2349 2350 2353 2493 2558 2613 2695 2889 3113 3201 3377 3412 3445 3461 3573 3614 3727 3743 3750 3785 4121 4138 4180 4198 4222 4241 4314 4414 4549 4722 4802 4829 4871 4992 5018 5109 5357 5358 5382 5387 5459 5503 5548 5875 5903 6133 6206 6380 6558 6700 6739 6811 
#module 62 size: 70 bs: 0.183614
129 233 313 515 527 533 538 576 590 790 878 962 992 1021 1129 1244 1642 1668 1694 1702 1875 1876 2028 2099 2321 2510 2513 2526 2651 2668 2677 2742 2908 3190 3270 3361 3402 3418 3617 3687 4077 4224 4306 4324 4509 4604 4614 4625 4787 4861 4951 5045 5066 5071 5206 5917 5921 6000 6004 6027 6050 6114 6173 6258 6392 6659 6728 6755 6802 6856 
#module 63 size: 51 bs: 0.105894
153 196 198 447 504 528 602 645 786 902 971 1022 1168 1391 1705 1722 1779 2002 2093 2117 2275 2412 2525 2833 2933 2998 3141 3253 3313 3456 3527 3568 3962 4535 4784 4943 4975 5069 5161 5491 5793 5913 6005 6010 6260 6292 6544 6662 6669 6678 6680 
#module 64 size: 45 bs: 0.503546
86 183 216 583 594 1037 1376 1502 1772 1781 1805 1919 2022 2242 2355 2441 2789 2842 2970 3287 3373 3567 3852 3929 4045 4242 4273 4470 4546 4578 4582 4864 4962 5172 5199 5342 5362 5518 5616 5736 6081 6102 6135 6778 6903 
#module 65 size: 37 bs: 0.574598
38 814 1170 1348 1479 2243 2269 2314 2327 2343 2662 2729 2757 2957 3104 3193 3489 3751 3896 4149 4199 4402 4545 4622 5051 5211 5304 5476 5753 5816 5870 5945 6117 6261 6319 6441 6820 
#module 66 size: 67 bs: 0.463202
119 122 200 310 448 723 766 865 895 1052 1181 1288 1643 1864 1877 1912 1964 1968 1993 2054 2126 2277 2314 2376 2378 2401 2509 2752 2798 2945 3015 3017 3151 3182 3302 3474 3489 3602 3637 3896 3997 3998 4053 4103 4294 4304 4343 4379 4474 4775 4780 4794 5051 5334 5340 5423 5609 5667 5926 6117 6519 6571 6588 6729 6859 6891 6906 
#module 67 size: 28 bs: 0.989314
523 656 705 744 855 1338 1729 2022 2074 2160 2334 2347 2354 2962 3071 3249 3587 3924 4344 4543 5083 5377 5834 6123 6170 6393 6590 6754 
#module 68 size: 44 bs: 0.769702
122 168 486 877 889 1001 1571 1867 1958 2040 2161 2165 2181 2191 2384 2409 2422 2866 2925 2936 4049 4088 4089 4312 4408 4434 4686 4768 4946 5175 5178 5314 5339 5486 5761 5931 5957 6088 6331 6443 6471 6632 6799 6917 
#module 69 size: 30 bs: 0.214366
1417 1629 2137 2225 2340 2342 2682 2702 2862 3020 3330 3541 3922 3970 4137 4170 4208 4298 4525 4873 5098 5201 5550 5622 5671 5778 5887 6279 6561 6920 
#module 70 size: 55 bs: 0.185888
48 583 633 1243 1270 1581 1610 1624 1723 1869 1919 1980 1981 2024 2334 2565 2739 2754 3198 3285 3329 3413 3498 3615 3649 3680 3711 3726 4277 4291 4389 4401 4452 4479 4826 4853 4939 4976 4996 5015 5101 5411 5456 5540 5772 5934 5990 6135 6165 6310 6601 6739 6741 6807 6876 
#module 71 size: 52 bs: 0.98872
78 99 195 290 316 365 686 741 753 783 836 861 978 995 1289 1307 1402 1436 1549 1736 1961 2009 2012 2392 2482 2525 2653 2690 2839 2912 3106 3346 3416 3431 3561 3777 3851 3937 4243 4815 4906 4991 5180 5212 5354 5751 5964 6083 6120 6148 6479 6915 
#module 72 size: 69 bs: 0.193659
87 151 258 335 336 543 642 681 728 881 944 983 1278 1334 1381 1404 1416 1757 1898 1942 2043 2120 2209 2295 2298 2370 2387 2506 2570 2639 2695 2947 3021 3035 3264 3412 3431 3524 3556 3664 3851 3898 3952 4005 4249 4314 4427 4438 4619 4630 4786 4898 5226 5358 5502 5503 5774 5797 5839 6021 6158 6202 6206 6225 6339 6518 6602 6621 6836 
#module 73 size: 38 bs: 0.26747
177 589 692 731 952 1029 1288 1318 1320 1353 1480 2288 2303 2593 2604 2750 2945 3028 3091 3637 3788 5037 5233 5277 5460 5506 5510 5638 6022 6098 6134 6315 6427 6432 6462 6694 6833 6898 
#module 74 size: 58 bs: 1.00674
37 126 163 330 395 416 589 618 743 813 991 1029 1092 1095 1228 1263 1434 1480 1495 1771 1790 2311 2379 2517 2579 2588 2602 2699 2771 2880 2882 2990 3016 3065 3075 3088 3488 3633 3886 4234 4662 4733 4740 4748 5037 5187 5265 5359 5364 5369 5554 5908 6022 6075 6427 6480 6785 6866 
#module 75 size: 92 bs: 0.628819
42 45 80 109 183 223 328 337 344 363 505 536 640 769 840 1083 1257 1342 1394 1498 1502 1544 1735 1811 1966 1991 2090 2095 2096 2130 2131 2135 2208 2301 2383 2386 2404 2424 2447 2479 2495 2499 2688 2697 2865 2877 2881 2926 2997 3043 3072 3105 3150 3192 3408 3512 3528 3535 3743 3822 3875 3916 3975 4155 4313 4651 4847 4884 4974 5013 5033 5192 5472 5477 5488 5490 5590 5910 5911 5974 6061 6085 6175 6286 6304 6357 6376 6547 6554 6560 6567 6851 
#module 76 size: 25 bs: 0.754003
262 353 420 471 796 1465 1478 1500 1501 1614 1681 2937 2942 3029 3799 4033 4536 4608 4744 5176 5273 5888 6363 6848 6857 
#module 77 size: 91 bs: 0.968768
270 453 587 592 627 659 682 796 807 1031 1060 1091 1162 1240 1276 1291 1320 1442 1459 1461 1486 1520 1523 1569 1601 1605 1652 1674 1701 1712 1913 2214 2215 2348 2461 2515 2674 2706 2713 2723 2765 2771 2870 2938 2975 3032 3155 3392 3570 3753 3778 3780 3795 3796 3806 4031 4087 4154 4363 4374 4675 4717 4734 4760 5149 5327 5360 5442 5470 5471 5731 5842 5845 5853 5882 5950 5953 6057 6092 6185 6205 6238 6253 6282 6285 6322 6485 6578 6597 6644 6795 
#module 78 size: 9 bs: 0.344414
271 384 724 1072 2014 2019 2664 3353 6195 
#module 79 size: 62 bs: 0.289891
74 79 123 172 387 394 425 792 911 919 932 1024 1026 1032 1035 1084 1199 1215 1392 1468 1582 1731 1753 1797 2097 2249 2400 2704 2811 2816 2920 2941 2952 3042 3098 3229 3430 3466 3640 3953 4041 4221 4569 4632 4716 5076 5118 5148 5160 5220 5234 5614 5630 5724 5739 6144 6249 6334 6417 6430 6628 6826 
#module 80 size: 14 bs: 0.675735
35 423 1580 1851 2238 3420 3749 3779 3930 4433 4703 4711 5858 5869 
#module 81 size: 50 bs: 0.425925
1 359 430 1019 1209 2015 2139 2184 2193 2304 2336 2341 2492 2626 2874 3001 3148 3209 3231 3317 3382 3398 3517 3892 4292 4383 4394 4568 4761 4774 4777 4793 4872 4879 4912 5046 5170 5368 5373 5441 5482 5891 6078 6177 6200 6291 6299 6317 6345 6549 
#module 82 size: 39 bs: 0.658931
7 53 148 775 1099 1232 1439 1483 1713 1725 1762 1768 1795 2123 2313 2323 2886 2913 2953 3160 3606 3812 3843 3969 4189 4551 4803 4927 5144 5525 5704 5792 5846 5906 6006 6115 6419 6500 6562 
#module 83 size: 37 bs: 0.733672
59 197 276 531 625 1441 1637 2035 2157 2346 2500 2533 2780 2819 2857 2958 3083 3320 3782 3816 3915 4015 4092 4728 4783 4796 4806 4855 5202 5337 5693 5694 6066 6255 6269 6602 6604 
#module 84 size: 54 bs: 1.06087
301 393 407 603 768 1282 1427 1428 1679 1707 1895 1903 2145 2360 2589 2608 2724 2804 2841 2954 3026 3134 3189 3218 3263 3397 3491 3514 3622 3665 3672 3981 3984 4024 4119 4169 4261 4396 4440 4451 4460 4843 4874 4970 5095 5416 5446 5552 5811 6129 6262 6668 6791 6916 
#module 85 size: 31 bs: 0.104037
28 274 398 1265 1400 1412 2158 2166 2408 2414 2551 2594 2701 2714 2887 3199 3312 3497 3653 3873 4270 4280 4390 4391 4464 4967 4983 5004 5380 6391 6664 
#module 86 size: 26 bs: 0.374928
638 811 847 849 939 1628 2681 2814 2872 2972 3736 4139 4168 4817 5195 5224 5325 5396 5756 5855 6321 6499 6531 6545 6584 6726 
#module 87 size: 29 bs: 0.167362
9 231 249 661 830 984 1156 1646 1925 2008 2055 2430 2508 2580 3490 3608 3903 4278 4368 4526 4890 4909 5336 5386 5533 5672 6256 6626 6756 
#module 88 size: 94 bs: 0.860355
9 183 194 326 338 364 440 509 536 653 698 726 769 799 955 1083 1183 1258 1292 1555 1720 1780 1787 2007 2046 2106 2122 2131 2135 2200 2235 2267 2309 2357 2386 2404 2560 2566 2792 2865 3048 3072 3139 3202 3332 3362 3463 3520 3596 3711 3912 3942 3975 3993 4016 4182 4277 4345 4420 4577 4639 4762 4772 4795 4800 4996 5043 5127 5141 5188 5218 5318 5386 5458 5610 5672 5723 5775 5808 5830 6011 6105 6122 6273 6330 6390 6442 6445 6454 6583 6586 6639 6851 6871 
#module 89 size: 79 bs: 0.508795
4 42 57 115 370 379 405 414 466 556 590 608 670 735 750 907 1154 1375 1395 1403 1430 1613 1631 1773 1784 1857 1949 1989 2139 2293 2301 2331 2355 2423 2966 2973 3209 3248 3317 3409 3469 3539 3546 3576 3600 3710 3820 3845 3936 4017 4051 4053 4258 4267 4317 4330 4332 4336 4346 4394 4508 4984 5189 5385 5457 5515 5568 5668 5876 5910 6108 6350 6486 6517 6627 6651 6705 6763 6808 
#module 90 size: 106 bs: 0.926681
15 125 190 232 253 406 437 494 579 624 636 860 942 1104 1271 1293 1365 1387 1473 1497 1634 1789 1812 1890 1910 1948 1957 2265 2280 2284 2286 2362 2481 2568 2689 2694 2722 2749 2777 2794 2808 2852 2885 2950 2998 3056 3122 3232 3305 3454 3468 3533 3587 3692 3694 3732 3804 3826 3836 3955 4010 4095 4127 4252 4268 4284 4339 4413 4446 4542 4574 4647 4824 4854 4871 4885 4985 5021 5113 5130 5171 5485 5500 5637 5740 5956 6084 6089 6103 6161 6192 6211 6229 6260 6288 6320 6388 6525 6526 6528 6582 6606 6784 6854 6863 6869 
#module 91 size: 58 bs: 0.850439
112 176 308 409 418 614 825 1010 1109 1223 1349 1358 1457 1466 1493 1630 1700 2065 2555 2625 2660 2687 2762 2783 2897 3018 3024 3025 3227 3290 3340 3629 3638 3708 3815 4255 4403 4445 4684 4688 4699 4738 5186 5430 5614 5763 5785 5787 5929 5932 5970 6025 6058 6372 6379 6397 6420 6421 
#module 92 size: 62 bs: 0.287005
22 54 96 118 343 389 568 809 1262 1346 1449 1527 1664 2179 2325 2397 2437 2503 2590 2618 2712 2770 2793 2851 2868 2949 3024 3038 3154 3156 3801 3854 4265 4562 4595 4606 4659 4894 5029 5169 5207 5244 5267 5289 5290 5312 5507 5543 5572 5592 5918 5969 6001 6058 6137 6239 6576 6617 6803 6839 6905 6923 
#module 93 size: 42 bs: 0.271139
102 256 297 701 742 1036 1612 1620 1660 1759 2092 2175 2419 2446 2500 2554 2556 2569 2623 2830 3656 4085 4162 4323 4334 4450 4468 5005 5131 5133 5184 5299 5752 5786 6303 6415 6434 6450 6507 6556 6740 6751 
#module 94 size: 51 bs: 0.887836
100 165 417 900 906 960 1066 1097 1189 1333 1525 1681 1714 1752 1767 1940 2084 2207 2328 2538 2575 3178 3304 3426 3800 3810 3964 4204 4497 4628 4677 4701 4717 5287 5426 5529 5564 5602 5633 5649 5687 5721 5791 6306 6404 6447 6481 6643 6683 6809 6810 
#module 95 size: 42 bs: 0.10119
180 278 322 604 622 657 821 892 968 1069 1161 1163 1228 1425 1640 2066 2114 2138 2171 2192 2196 2381 2473 2474 2760 2844 3125 3321 3335 3522 3911 3977 4161 4244 4364 4461 5481 5796 5897 5967 6569 6793 
#module 96 size: 88 bs: 0.545917
124 244 295 421 457 476 529 683 693 813 864 876 940 1054 1059 1107 1169 1197 1208 1240 1285 1300 1420 1442 1520 1523 1529 1605 1703 1807 1814 1896 1911 2072 2395 2491 2715 2723 2754 2764 2779 2823 2932 2964 3064 3085 3157 3291 3297 3370 3406 3423 3424 3555 3598 3630 3789 3796 4201 4319 4359 4400 4736 4820 4922 5065 5294 5305 5343 5397 5645 5653 5695 5780 5805 5872 5991 6003 6052 6198 6205 6309 6328 6422 6456 6480 6482 6485 
#module 97 size: 53 bs: 0.205699
239 254 422 516 592 745 1047 1121 1126 1308 1450 1526 1635 1750 1837 1916 1920 1970 2224 2358 2634 2926 3275 3288 3472 3684 3715 3723 3758 3793 3982 4485 4682 4713 4939 5185 5448 5473 5495 5842 5873 5998 6041 6071 6092 6095 6264 6268 6281 6413 6440 6640 6776 
#module 98 size: 33 bs: 0.924825
246 385 462 557 706 1259 1287 1947 2086 2170 2365 2611 2617 2905 3427 3563 3730 4001 4082 4278 4473 4801 4909 4925 5067 5094 5157 5696 5767 6121 6367 6693 6759 
#module 99 size: 58 bs: 0.733921
3 160 267 495 542 581 593 691 804 880 898 1096 1295 1423 1607 2117 2202 2519 2530 2628 2669 2784 2968 3164 3327 3356 3421 3500 3534 3588 3620 3769 3824 3846 3859 3943 4184 4275 4351 4435 5229 5299 5326 5345 5395 5713 5771 5938 5952 6408 6495 6502 6703 6719 6781 6816 6843 6888 
#module 100 size: 74 bs: 0.362192
282 327 397 562 614 641 781 851 1038 1085 1103 1109 1148 1211 1272 1516 1682 1731 1746 2183 2339 2460 2542 2627 2824 2955 2982 3024 3098 3120 3196 3290 3369 3537 3574 3613 3629 3747 3767 3818 3867 3884 3960 4126 4192 4230 4413 4554 4599 4627 4650 4706 4789 4804 4827 5087 5117 5607 5659 5725 5741 5836 5932 5941 6038 6110 6149 6246 6263 6305 6549 6698 6711 6812 
#module 101 size: 46 bs: 0.882734
75 248 262 453 1030 1034 1327 1408 1452 1743 1829 1913 2108 2111 2149 2174 2561 2706 2707 2753 2763 2765 2943 2979 2988 3229 3678 3752 4057 4087 4356 4683 4704 4930 5080 5214 5242 5297 5710 5888 5973 6047 6100 6609 6732 6848 
#module 102 size: 1 bs: 1
65 
#module 103 size: 1 bs: 1
2959 
#module 104 size: 1 bs: 1
97 
#module 105 size: 1 bs: 1
6314 
#module 106 size: 1 bs: 1
192 
#module 107 size: 1 bs: 1
2855 
#module 108 size: 1 bs: 1
377 
#module 109 size: 1 bs: 1
5415 
#module 110 size: 1 bs: 1
518 
#module 111 size: 1 bs: 1
3847 
#module 112 size: 1 bs: 1
982 
#module 113 size: 1 bs: 1
13 
#module 114 size: 1 bs: 1
1654 
#module 115 size: 1 bs: 1
1186 
#module 116 size: 1 bs: 1
1841 
#module 117 size: 1 bs: 1
3174 
#module 118 size: 1 bs: 1
1965 
#module 119 size: 1 bs: 1
541 
#module 120 size: 1 bs: 1
2173 
#module 121 size: 1 bs: 1
5153 
#module 122 size: 1 bs: 1
5954 
#module 123 size: 1 bs: 1
2545 
#module 124 size: 1 bs: 1
5068 
#module 125 size: 1 bs: 1
3523 
#module 126 size: 1 bs: 1
2308 
#module 127 size: 1 bs: 1
3679 
#module 128 size: 1 bs: 1
1218 
#module 129 size: 1 bs: 1
3786 
#module 130 size: 1 bs: 1
3783 
#module 131 size: 1 bs: 1
4151 
#module 132 size: 1 bs: 1
4436 
#module 133 size: 1 bs: 1
5660 
#module 134 size: 1 bs: 1
5142 
#module 135 size: 1 bs: 1
6247 
#module 136 size: 1 bs: 1
5781 
#module 137 size: 1 bs: 1
2992 
#module 138 size: 1 bs: 1
3605 
#module 139 size: 1 bs: 1
5912 
#module 140 size: 1 bs: 1
3906 
#module 141 size: 1 bs: 1
459 
#module 142 size: 1 bs: 1
1118 
#module 143 size: 1 bs: 1
463 
#module 144 size: 1 bs: 1
4437 
#module 145 size: 1 bs: 1
472 
#module 146 size: 1 bs: 1
3349 
#module 147 size: 1 bs: 1
5093 
#module 148 size: 1 bs: 1
1039 
#module 149 size: 1 bs: 1
2901 
#module 150 size: 1 bs: 1
1045 
#module 151 size: 1 bs: 1
1454 
#module 152 size: 1 bs: 1
1171 
#module 153 size: 1 bs: 1
6720 
#module 154 size: 1 bs: 1
1185 
#module 155 size: 1 bs: 1
1229 
#module 156 size: 1 bs: 1
1414 
#module 157 size: 1 bs: 1
1242 
#module 158 size: 1 bs: 1
6787 
#module 159 size: 1 bs: 1
1363 
#module 160 size: 1 bs: 1
4641 
#module 161 size: 1 bs: 1
1485 
#module 162 size: 1 bs: 1
2680 
#module 163 size: 1 bs: 1
6506 
#module 164 size: 1 bs: 1
1618 
#module 165 size: 1 bs: 1
6093 
#module 166 size: 1 bs: 1
1647 
#module 167 size: 1 bs: 1
4524 
#module 168 size: 1 bs: 1
2907 
#module 169 size: 1 bs: 1
2315 
#module 170 size: 1 bs: 1
3704 
#module 171 size: 1 bs: 1
5681 
#module 172 size: 1 bs: 1
2516 
#module 173 size: 1 bs: 1
3961 
#module 174 size: 1 bs: 1
2559 
#module 175 size: 1 bs: 1
2633 
#module 176 size: 1 bs: 1
2610 
#module 177 size: 1 bs: 1
5989 
#module 178 size: 1 bs: 1
4194 
#module 179 size: 1 bs: 1
2743 
#module 180 size: 1 bs: 1
3623 
#module 181 size: 1 bs: 1
5008 
#module 182 size: 1 bs: 1
3136 
#module 183 size: 1 bs: 1
6837 
#module 184 size: 1 bs: 1
3451 
#module 185 size: 1 bs: 1
5841 
#module 186 size: 1 bs: 1
3770 
#module 187 size: 1 bs: 1
6324 
#module 188 size: 1 bs: 1
3883 
#module 189 size: 1 bs: 1
5151 
#module 190 size: 1 bs: 1
4453 
#module 191 size: 1 bs: 1
6913 
#module 192 size: 1 bs: 1
5618 
#module 193 size: 1 bs: 1
5794 
#module 194 size: 1 bs: 1
6452 
#module 195 size: 1 bs: 1
6593 
