#module 0 size: 2 bs: 1.03517e-10
39 569 
#module 1 size: 3 bs: 4.29956e-101
21 55 192 
#module 2 size: 6 bs: 2.11753e-11
103 323 414 494 509 516 
#module 3 size: 5 bs: 0.00107526
9 49 163 390 535 
#module 4 size: 9 bs: 0.0394751
66 78 79 179 196 226 279 468 546 
#module 5 size: 4 bs: 6.39901e-101
215 296 369 460 
#module 6 size: 3 bs: 0.00579369
116 302 412 
#module 7 size: 6 bs: 4.9608e-11
14 202 278 321 408 526 
#module 8 size: 5 bs: 3.85261e-07
81 260 336 474 524 
#module 9 size: 4 bs: 2.69159e-101
98 127 211 296 
#module 10 size: 9 bs: 0.0236655
1 14 30 65 78 296 386 430 519 
#module 11 size: 6 bs: 3.16215e-101
153 182 185 200 339 401 
#module 12 size: 4 bs: 0.00207478
19 31 170 279 
#module 13 size: 3 bs: 4.29656e-14
203 206 265 
#module 14 size: 4 bs: 5.55112e-16
213 294 359 503 
#module 15 size: 5 bs: 7.5373e-13
77 101 373 382 486 
#module 16 size: 3 bs: 0.123725
180 231 266 
#module 17 size: 9 bs: 0.478714
64 114 124 301 358 366 436 498 564 
#module 18 size: 8 bs: 1.08433
41 100 197 212 356 360 511 572 
#module 19 size: 10 bs: 0.195254
27 32 36 40 251 332 392 427 522 545 
#module 20 size: 9 bs: 0.561822
73 150 348 380 381 403 510 532 588 
#module 21 size: 6 bs: 1.06902
10 22 95 248 274 604 
#module 22 size: 5 bs: 0.181177
123 138 156 232 459 
#module 23 size: 9 bs: 0.510078
236 269 285 314 434 451 469 518 589 
#module 24 size: 13 bs: 0.270338
8 85 117 252 292 421 445 447 472 513 578 579 603 
#module 25 size: 11 bs: 0.932176
115 189 222 252 291 322 334 457 470 542 566 
#module 26 size: 4 bs: 0.314935
208 220 402 512 
#module 27 size: 7 bs: 0.311534
30 51 165 239 403 461 504 
#module 28 size: 5 bs: 1.03156
21 204 465 493 555 
#module 29 size: 7 bs: 0.583586
109 184 205 250 352 491 607 
#module 30 size: 8 bs: 0.79466
81 88 244 313 352 395 485 530 
#module 31 size: 11 bs: 0.248042
3 56 149 168 187 194 280 398 407 410 523 
#module 32 size: 7 bs: 0.889617
86 249 376 471 479 500 559 
#module 33 size: 8 bs: 0.918961
158 167 358 456 468 496 508 514 
#module 34 size: 9 bs: 0.371704
75 181 247 295 306 373 418 532 550 
#module 35 size: 27 bs: 0.620988
25 29 42 52 68 118 161 193 209 230 237 267 307 342 343 353 370 385 428 431 439 443 444 484 492 584 598 
#module 36 size: 6 bs: 0.148593
58 228 253 351 423 594 
#module 37 size: 15 bs: 1.08905
6 17 24 229 238 269 274 281 363 415 433 487 544 553 605 
#module 38 size: 12 bs: 1.0905
83 100 166 174 176 218 265 303 354 365 450 525 
#module 39 size: 14 bs: 0.939067
31 67 90 114 172 174 175 227 384 417 425 525 527 549 
#module 40 size: 22 bs: 0.223584
3 18 23 64 87 107 164 277 299 319 358 377 404 437 458 476 483 485 536 540 551 554 
#module 41 size: 7 bs: 1.07402
45 140 228 308 340 355 531 
#module 42 size: 5 bs: 0.413214
11 89 119 281 556 
#module 43 size: 14 bs: 0.353147
15 47 76 80 147 224 257 315 328 330 361 391 448 453 
#module 44 size: 11 bs: 0.860161
45 57 73 134 141 183 190 241 304 432 565 
#module 45 size: 9 bs: 0.971937
2 53 93 169 269 311 338 568 580 
#module 46 size: 8 bs: 0.645383
38 41 139 144 259 351 504 558 
#module 47 size: 6 bs: 0.760675
71 97 326 394 478 539 
#module 48 size: 8 bs: 0.638112
54 156 298 441 463 466 490 552 
#module 49 size: 15 bs: 0.637969
46 127 131 235 273 275 317 346 372 373 388 499 541 548 585 
#module 50 size: 7 bs: 1.01581
7 91 148 162 265 320 337 
#module 51 size: 6 bs: 0.742677
5 69 95 129 225 573 
#module 52 size: 5 bs: 0.470997
3 35 63 243 370 
#module 53 size: 13 bs: 0.271432
26 82 108 110 136 164 203 232 283 309 367 400 592 
#module 54 size: 19 bs: 0.869972
28 43 51 61 164 171 213 282 290 378 383 404 409 411 462 528 532 538 557 
#module 55 size: 15 bs: 0.308538
20 21 62 120 135 142 186 233 242 271 284 467 505 506 529 
#module 56 size: 15 bs: 0.508781
125 157 240 246 293 300 329 345 375 396 426 454 502 520 561 
#module 57 size: 9 bs: 0.34549
146 217 260 262 279 341 362 424 477 
#module 58 size: 9 bs: 0.648603
51 92 143 160 198 333 405 429 521 
#module 59 size: 13 bs: 0.503634
60 94 104 105 130 261 297 340 344 375 440 543 593 
#module 60 size: 15 bs: 0.140718
4 37 44 99 122 173 255 256 258 327 349 368 387 393 547 
#module 61 size: 5 bs: 0.465119
187 312 318 442 515 
#module 62 size: 7 bs: 0.188311
213 223 240 329 478 488 533 
#module 63 size: 8 bs: 0.829267
16 74 113 145 169 214 260 601 
#module 64 size: 17 bs: 0.754178
6 13 17 50 155 159 199 201 254 272 337 347 389 419 553 564 599 
#module 65 size: 9 bs: 0.496606
72 112 177 221 286 287 415 416 455 
#module 66 size: 9 bs: 1.0386
84 128 151 152 270 316 435 563 586 
#module 67 size: 9 bs: 0.946141
96 207 234 268 296 357 364 452 517 
#module 68 size: 7 bs: 0.387718
102 245 374 438 446 562 590 
#module 69 size: 10 bs: 0.637572
89 126 133 183 219 305 325 337 430 532 
#module 70 size: 8 bs: 0.526188
138 350 482 489 507 534 567 571 
#module 71 size: 15 bs: 0.920831
33 59 121 191 210 263 329 340 371 397 422 453 597 600 602 
