#module 0 size: 8 bs: 0.0348747
2721 2811 4527 6752 7002 8414 9053 12516 
#module 1 size: 3 bs: 0.0839772
1392 3514 5452 
#module 2 size: 3 bs: 0.068706
1701 2269 7851 
#module 3 size: 10 bs: 0.728172
918 4415 4725 6525 6560 7616 8595 9385 10195 10422 
#module 4 size: 5 bs: 0.778312
79 1748 2317 5325 11696 
#module 5 size: 6 bs: 0.142846
1898 2466 4460 5011 6258 10807 
#module 6 size: 9 bs: 0.980073
1630 2062 5041 5770 5956 6690 6981 11532 12762 
#module 7 size: 4 bs: 0.886492
90 2785 3792 9751 
#module 8 size: 4 bs: 0.985479
2677 5576 7493 8732 
#module 9 size: 4 bs: 0.390813
4721 6785 7464 9906 
#module 10 size: 4 bs: 1.03227
232 929 8420 9405 
#module 11 size: 6 bs: 1.09965
1319 3035 3067 5793 7849 8723 
#module 12 size: 23 bs: 0.699064
331 475 2400 2569 2711 2743 3142 4714 5482 5911 5975 6307 6332 6352 6596 6799 7098 8070 8087 8329 8929 9188 10172 
#module 13 size: 8 bs: 0.86364
2602 5224 5491 5551 8036 8326 8591 11418 
#module 14 size: 8 bs: 0.203317
1187 1299 4677 6021 8043 9115 9857 10928 
#module 15 size: 10 bs: 0.764955
76 1276 3311 5091 6874 6984 7088 8090 8573 8740 
#module 16 size: 7 bs: 1.09489
4908 5061 5539 7444 8480 9418 10691 
#module 17 size: 10 bs: 0.201203
2 800 2330 5501 5650 6502 8117 9669 10257 12949 
#module 18 size: 55 bs: 0.970622
57 601 816 867 919 1185 1197 1318 1874 1903 2056 2175 2619 2674 2924 2964 3118 3130 3205 3268 3486 3565 3661 3684 4075 4141 4194 4584 4704 4912 5368 5402 5418 5444 5673 5748 5900 5989 6070 6549 6717 7171 7626 7840 8124 8323 8599 9595 10151 10695 10873 11372 11393 11551 12594 
#module 19 size: 13 bs: 0.903826
1007 1105 1435 1596 1850 3328 3368 3397 4177 4565 5079 7052 7293 
#module 20 size: 15 bs: 0.35502
52 474 1057 3305 3795 4487 4772 6477 6886 7554 7771 9096 9108 9675 10532 
#module 21 size: 54 bs: 0.821998
529 634 647 994 1116 1221 1262 1294 1383 1408 1431 2043 2381 2404 2572 2665 2675 2708 2728 2760 2830 3615 4047 4092 4505 4598 4730 4820 5028 5126 6058 6277 6280 6346 6390 6712 6755 6914 7217 7808 7815 8123 8257 8271 8918 9097 9222 9789 10567 10646 10799 10989 11499 12666 
#module 22 size: 298 bs: 0.976909
34 47 206 273 291 487 542 599 602 603 604 605 616 622 772 814 840 935 958 959 1004 1008 1122 1129 1157 1200 1234 1258 1266 1317 1351 1372 1453 1529 1537 1568 1579 1605 1664 1692 1774 1783 1788 1823 1875 1879 1990 2040 2111 2127 2147 2174 2181 2219 2258 2268 2471 2494 2562 2572 2623 2765 2768 2842 2848 2893 2906 2908 2938 2965 2992 3004 3070 3096 3107 3114 3149 3179 3184 3191 3237 3329 3402 3468 3510 3519 3539 3549 3551 3560 3588 3632 3676 3742 3750 3803 3850 3863 3913 3966 4017 4022 4094 4125 4127 4184 4209 4311 4386 4387 4421 4481 4511 4562 4628 4667 4737 4762 4804 4812 4931 4933 5027 5039 5042 5063 5092 5151 5171 5252 5307 5395 5411 5414 5505 5523 5527 5528 5546 5570 5596 5597 5620 5649 5666 5681 5722 5741 5756 5767 5796 5803 5842 5851 5925 5934 5962 6006 6031 6038 6057 6077 6135 6293 6308 6323 6361 6376 6403 6513 6518 6556 6565 6580 6635 6662 6670 6708 6749 6762 6806 6840 6882 6910 6928 6948 7142 7187 7193 7223 7249 7253 7256 7284 7291 7305 7361 7419 7432 7458 7497 7505 7550 7587 7660 7669 7735 7743 7910 7993 8019 8026 8050 8129 8158 8170 8183 8191 8196 8239 8279 8352 8362 8392 8416 8502 8510 8521 8580 8619 8624 8625 8645 8659 8670 8709 8744 8783 8953 8971 9034 9037 9038 9076 9199 9245 9257 9275 9303 9329 9339 9355 9373 9510 9548 9589 9596 9655 9670 9680 9683 9728 9801 9840 9870 9883 9888 9945 9949 9956 9976 10026 10028 10072 10138 10158 10228 10471 10472 10492 10738 10754 10907 11070 11147 11180 11212 11216 11254 11441 11446 12511 12577 12588 12618 12660 12715 13004 
#module 23 size: 4 bs: 0.989479
1345 1847 4650 6055 
#module 24 size: 25 bs: 0.240348
11 92 886 1320 3370 3680 4732 5648 6146 7257 7389 7619 7633 7672 8624 9083 9089 9376 9536 9832 10164 10473 10492 10916 10975 
#module 25 size: 20 bs: 0.722904
225 257 1385 1987 2891 3325 3547 3649 3793 5367 5497 5768 6339 6817 7625 7932 8351 8822 9663 11007 
#module 26 size: 30 bs: 0.717768
15 191 486 508 940 1162 1344 2009 2038 2160 2555 3435 3500 3641 3774 3788 3797 4191 4402 5522 5574 6268 7310 7860 8953 9482 10662 10906 11079 12595 
#module 27 size: 28 bs: 0.519822
260 1065 1414 1591 2013 2041 2309 2696 3005 3601 3802 3968 4054 4082 5746 6438 6620 6823 7045 7641 7834 8034 8056 8094 8912 9369 10860 13010 
#module 28 size: 78 bs: 0.899801
62 469 721 765 1352 1545 1566 1644 1813 1986 2069 2117 2158 2591 2659 2852 2988 3038 3088 3103 3165 3356 3742 3914 4105 4296 4607 4693 4778 4847 4858 4902 5252 5285 5437 5504 5556 5885 6234 6275 6554 6562 6594 6639 6906 7268 7471 7776 7778 7870 7899 7987 8038 8057 8116 8199 8312 8507 8551 8778 8779 8934 9069 9176 9336 9378 9401 9753 9765 9889 10341 10367 10815 11144 11232 11588 12158 12527 
#module 29 size: 29 bs: 0.804376
640 678 1977 2009 2555 2753 3765 3797 4189 5473 5660 6283 6607 6660 6845 6870 7179 7218 7238 7270 7817 7955 8148 8259 9174 9366 10045 10662 11009 
#module 30 size: 26 bs: 0.103951
59 1935 2180 2357 2453 2548 2776 2813 2875 3342 3767 4330 4687 4888 4916 4942 6890 7298 7703 8248 9394 9989 10909 11009 11111 12653 
#module 31 size: 29 bs: 0.59011
28 632 924 984 1124 1287 1383 1394 1985 2079 2751 2950 3063 3287 3317 3498 4233 5021 5704 6091 6154 6492 6629 7543 8538 8713 9604 9887 10332 
#module 32 size: 181 bs: 0.719428
19 228 272 353 581 676 803 871 884 893 1144 1153 1180 1327 1360 1369 1414 1457 1502 1689 1702 1895 1989 2013 2015 2109 2131 2196 2236 2285 2375 2379 2409 2418 2488 2528 2542 2595 2597 2605 2625 2632 2668 2793 2823 2854 2915 2921 2991 3016 3119 3233 3354 3400 3556 3603 3633 3636 3662 3768 3840 3853 3905 3924 3936 3946 4047 4051 4080 4089 4219 4297 4362 4468 4524 4564 4619 4629 4672 4816 4876 4952 4964 4985 5018 5128 5153 5302 5361 5405 5622 5844 5871 5878 5881 5882 6125 6137 6234 6270 6285 6351 6442 6463 6469 6530 6623 6680 6747 6773 6810 6823 7182 7207 7345 7353 7382 7408 7455 7458 7459 7463 7477 7486 7525 7568 7624 7641 7701 7831 7904 8055 8114 8132 8184 8367 8438 8471 8500 8524 8661 8678 8788 9015 9080 9112 9143 9178 9202 9206 9222 9224 9300 9334 9449 9475 9546 9579 9682 10121 10232 10425 10427 10480 10613 10622 10718 10747 10808 10813 10832 10882 10988 11088 11191 11208 11259 11419 12654 12700 12756 
#module 33 size: 6 bs: 0.982862
1553 3929 6288 8089 8104 11134 
#module 34 size: 95 bs: 0.592738
255 293 758 778 880 998 1247 1315 1394 1491 1544 1615 1648 1651 1678 1688 1753 1915 1930 2057 2110 2359 2630 2763 2777 2929 3150 3203 3432 3507 3568 3609 3650 3894 3935 4166 4277 4291 4299 4393 4764 4846 5116 5187 5251 5732 6186 6287 6301 6574 6593 6663 6754 6771 6782 6827 6966 7110 7115 7215 7226 7288 7340 7481 7491 7532 7911 8602 8856 8877 8907 8908 8920 8986 9234 9292 9579 9593 9702 9814 9931 10055 10110 10222 10358 10462 10617 10675 11020 11133 11263 11457 11566 12624 12700 
#module 35 size: 4 bs: 0.668503
1411 4937 6440 10356 
#module 36 size: 4 bs: 0.591384
3044 4325 4556 6721 
#module 37 size: 28 bs: 0.426022
200 293 778 1098 1930 2652 3030 3119 3552 3909 5012 5964 6266 6751 6936 7163 7229 7474 8544 8588 8704 9795 9812 9902 10319 10840 10995 11020 
#module 38 size: 49 bs: 0.630537
492 526 619 822 995 1092 1399 1739 1752 2187 2208 4354 4848 5342 5400 6004 6090 6098 6141 6181 6354 6421 6757 6788 6915 6970 6985 7026 7297 7411 8021 8033 8235 8537 8815 8856 8909 9177 9211 9221 9436 9625 9994 10218 10544 10916 11004 11141 11990 
#module 39 size: 13 bs: 0.600951
1129 1647 1820 4680 5657 6116 7148 7422 8895 9064 9886 10991 11878 
#module 40 size: 17 bs: 0.962269
649 650 651 1546 1750 2694 4056 6588 6743 7143 8115 8233 9966 9983 10056 10697 10955 
#module 41 size: 36 bs: 0.729597
257 258 1349 1432 1557 1687 2151 2586 2609 2753 2871 3518 3571 3589 3652 4085 5071 5712 5755 5903 6160 7097 7823 8070 8429 8475 8528 8803 9480 10018 10050 11008 11380 11429 11540 11703 
#module 42 size: 24 bs: 0.240688
1112 1255 1711 1742 2184 2325 2368 2566 3366 3712 3891 4740 4809 5302 5828 7237 7322 7642 8544 8822 9002 10083 10131 10272 
#module 43 size: 18 bs: 1.0227
709 1245 1528 1805 2356 2508 2588 3105 4006 4292 4445 5242 5458 6600 8059 8150 11413 12545 
#module 44 size: 35 bs: 1.08674
52 243 389 1462 1477 1694 2301 2498 2643 2904 2956 3125 3200 3363 3665 3693 3888 3957 4212 4550 5658 6157 6918 7007 7298 7634 7656 7668 8433 8675 9042 10037 10185 10541 11027 
#module 45 size: 35 bs: 0.758539
659 1274 1313 1893 2215 2436 3023 3109 3178 3230 3485 3751 3781 3949 4434 4999 6538 6706 6808 7404 7583 7606 7727 7988 8311 8434 8522 8813 9341 9422 9726 9884 10232 10434 11160 
#module 46 size: 25 bs: 0.640577
895 1132 1565 1724 2077 2173 2193 2332 2412 2815 2851 2917 3973 3997 4475 4485 4652 5326 5496 6929 8361 8643 8717 8821 9208 
#module 47 size: 38 bs: 0.920073
543 941 1325 1332 1808 1951 2382 2392 2411 2479 2714 2883 3036 3544 4097 4151 4522 4536 4669 4747 5601 6133 6489 6505 7058 7410 7502 7825 7898 7935 8632 9167 10045 10125 10143 10220 10250 11021 
#module 48 size: 59 bs: 0.508687
16 1301 1387 1397 1402 1416 1587 1616 1825 2027 2133 2525 2901 2918 3007 3031 3075 3147 3212 3217 3403 3413 3423 3478 3698 3709 3717 3899 3977 4208 4424 4621 4855 5036 5339 5818 5984 6046 6128 6404 6846 7021 7270 7383 7811 8080 8140 8536 8724 8946 9091 9099 9691 9924 10068 10137 10653 11083 11480 
#module 49 size: 25 bs: 0.933445
819 966 2304 2750 2795 3516 3572 3722 4068 4571 5181 5992 6014 6533 6719 7173 7636 8095 8182 8600 9131 9270 10167 10295 12571 
#module 50 size: 21 bs: 0.479345
974 1358 1422 1606 1858 1860 2615 2767 2913 3122 3516 3790 4002 4085 4580 5670 6333 8224 8956 10111 10299 
#module 51 size: 29 bs: 0.962366
1677 1721 1884 1956 2144 2234 2262 2960 3021 3292 3320 3364 3811 4811 4864 4930 5613 5814 6197 6977 7323 7429 8052 8152 8212 8617 10587 10820 11241 
#module 52 size: 42 bs: 0.546816
65 580 593 594 707 867 976 1206 2166 2376 2420 2667 3426 3939 4203 4887 5289 5343 5994 6628 6766 7154 7308 7400 7409 7751 7955 8098 8107 8302 9075 9116 9277 9410 9821 10199 10254 10496 10581 10689 10834 10927 
#module 53 size: 65 bs: 1.02608
51 333 494 1322 1433 1545 1603 2001 2106 2117 2149 2398 2484 2497 2790 3078 3103 3129 3314 3635 3951 4167 4321 4607 4695 4719 4847 4858 4994 5085 5099 5285 5578 5584 5932 6032 6507 6554 7268 7300 7596 8073 8118 8369 8431 8551 8628 8686 8689 9080 9149 9176 9341 9378 9701 9765 9863 9889 10367 10406 10495 10635 10636 10677 11369 
#module 54 size: 10 bs: 0.923983
1324 2255 2803 3286 4093 5986 6290 6573 11273 12881 
#module 55 size: 35 bs: 0.800634
997 1137 1231 1352 1554 1732 1909 2167 2197 2371 2523 2771 3162 3312 3353 3993 4745 5025 5288 5595 5976 6134 6226 6639 6647 6737 7067 7914 8242 8322 8775 8857 9175 9354 10517 
#module 56 size: 67 bs: 0.593376
685 798 839 1248 1277 1661 1775 1829 1865 1913 1976 2204 2302 2415 2522 2535 2784 3020 3193 3243 3400 3603 3770 3872 3951 4126 4157 4205 4263 4390 4503 4622 4682 4823 5064 5097 5185 5242 5349 5687 6080 6305 6402 6543 6639 6643 7241 7601 8024 8272 8523 8541 8649 8693 8784 9250 9253 9365 10007 10153 10518 10522 10613 11098 11155 11251 12679 
#module 57 size: 53 bs: 0.49005
43 321 338 677 685 726 904 945 1001 1260 1563 2125 2351 2367 2387 2769 3189 3466 3531 3806 3859 3898 4467 5158 5242 5429 5508 5541 5587 5598 5850 5855 5943 6022 6067 6730 7086 7087 7328 7394 7508 7610 7656 7858 8039 8412 8702 8741 8791 10280 10466 11251 11711 
#module 58 size: 95 bs: 0.614394
73 169 278 304 491 826 852 856 1045 1099 1298 1552 1644 1725 1777 1991 2136 2195 2746 2819 2862 2892 2977 3008 3129 3151 3348 3479 3586 3758 3796 3798 3964 3966 3970 4245 4249 4255 4367 4384 4385 4399 4698 4712 4858 4877 4927 5122 5168 5377 5629 5708 6041 6251 6565 6746 6899 6934 6951 7076 7212 7578 7718 7736 7798 7803 7881 7885 8203 8260 8264 8425 8502 8555 8974 9231 9609 9753 9813 9963 9964 10032 10406 10444 10445 10508 10566 10572 10660 10737 10854 10992 11024 11070 11232 
#module 59 size: 10 bs: 0.713891
1514 2451 2827 4817 5186 5356 6835 8054 8071 9465 
#module 60 size: 27 bs: 0.683044
92 468 1320 1482 2056 2446 2780 2818 3122 3404 4377 4479 5138 5443 5648 6146 6494 7262 7509 7633 8190 8886 8964 9193 9816 10149 11006 
#module 61 size: 96 bs: 0.589931
378 837 843 875 979 1086 1199 1271 1362 1463 1564 1623 1773 1857 2024 2029 2116 2134 2343 2375 2407 2421 2476 2560 2688 2923 3043 3260 3279 3291 3440 3475 3497 3525 3618 3897 4011 4074 4159 4252 4279 4308 4500 4525 4535 4600 4637 4894 4923 4989 5067 5336 5349 5483 5529 5568 5630 5633 5906 6426 6508 6622 6898 6964 7202 7571 7591 7661 7769 7982 8141 8204 8206 8216 8399 8440 8511 8601 8610 8646 8759 8972 8993 9226 9293 9416 9502 9740 9915 9992 10071 10246 10478 10785 10868 10985 
#module 62 size: 6 bs: 0.616716
1400 2448 3428 8289 10549 11182 
#module 63 size: 221 bs: 0.454223
8 22 98 278 333 507 561 573 596 606 869 888 983 1027 1036 1045 1127 1161 1165 1240 1298 1308 1354 1377 1425 1499 1523 1578 1603 1638 1640 1695 1699 1710 1713 1795 1893 2001 2037 2065 2071 2143 2192 2195 2277 2400 2426 2470 2500 2521 2639 2788 2855 2862 2959 2982 3078 3102 3244 3258 3280 3308 3309 3417 3444 3479 3511 3521 3529 3595 3674 3677 3753 3758 3781 3791 3826 3884 4014 4019 4025 4076 4091 4095 4142 4200 4206 4228 4249 4282 4385 4412 4464 4483 4521 4528 4579 4620 4631 4683 4685 4784 4808 4927 4970 5052 5123 5156 5279 5308 5449 5460 5495 5499 5695 5853 5857 6016 6025 6039 6044 6144 6236 6264 6306 6311 6325 6382 6562 6609 6610 6614 6956 6965 6982 6985 7009 7127 7166 7212 7300 7318 7321 7325 7377 7395 7413 7480 7483 7535 7549 7559 7568 7675 7773 7900 7920 7950 8114 8196 8242 8265 8280 8541 8596 8737 8785 8788 8819 8835 8950 8974 8985 9080 9152 9251 9256 9382 9639 9711 9720 9757 9838 9852 9948 9960 9963 9994 10002 10003 10014 10040 10135 10147 10156 10222 10226 10348 10393 10447 10473 10556 10576 10635 10645 10659 10668 10771 10808 10866 10947 11011 11015 11024 11032 11146 11169 11266 11366 11482 11483 
#module 64 size: 8 bs: 0.661132
4192 4396 5209 6095 6190 8121 9150 9539 
#module 65 size: 47 bs: 0.400158
14 66 625 1183 2934 3145 3263 3266 3438 3591 3938 4030 4169 4429 4459 4606 4676 5374 5398 6399 6490 6559 6740 6956 7274 7329 7386 7456 7506 7557 8622 9209 9494 9651 9936 9942 10119 10182 10197 10234 10242 10543 10615 10768 10936 12249 13043 
#module 66 size: 10 bs: 0.45502
29 3766 3971 4504 4656 6086 6282 7138 8287 10118 
#module 67 size: 23 bs: 0.936764
60 1072 1244 1437 2483 2740 3102 3371 3908 4013 4217 4371 4779 6621 6753 6881 6919 6927 7516 8742 10559 10647 10764 
#module 68 size: 17 bs: 0.176376
276 2853 2885 2934 2939 5311 5607 5678 6399 7077 7113 7506 8385 8589 9551 10234 11124 
#module 69 size: 16 bs: 0.36409
48 236 463 608 1107 1158 3999 5450 6342 6675 6676 7246 9775 10519 10546 12492 
#module 70 size: 34 bs: 1.04113
384 1263 2366 2460 2875 2878 2914 3620 3677 3697 3734 3761 3896 4831 4996 5493 5595 6448 6890 6945 7062 7964 8013 8209 8248 8277 8731 8824 9214 9254 9394 9989 10406 10784 
#module 71 size: 41 bs: 0.228367
461 615 649 715 720 1881 2168 2644 3699 3960 4232 4240 4313 4431 4853 5987 6118 6330 6417 6454 6522 6551 6567 6594 6714 6762 6854 7206 7416 7776 7882 8283 8758 9009 9069 9210 9594 9869 10273 10352 12039 
#module 72 size: 24 bs: 0.579188
833 962 1633 1818 1873 2457 2744 2995 3778 3779 4104 4486 4971 5031 5175 5779 5868 6659 7385 7835 7918 8280 8409 12950 
#module 73 size: 20 bs: 0.700953
12 213 887 1429 1597 1599 1637 1849 2152 2565 3530 3669 4018 4110 5472 5784 7146 7813 8658 9179 
#module 74 size: 49 bs: 0.271657
49 583 830 900 1173 1758 1961 2099 2134 2836 3227 3459 3532 3675 3882 3956 3989 4079 4270 4844 4911 5390 5714 6159 6291 6449 6844 6943 7043 7131 7287 7670 7960 7970 8040 8270 8441 8901 9006 9011 9322 9429 9434 9881 9991 10186 10230 10616 11383 
#module 75 size: 47 bs: 0.852904
448 509 687 1340 1430 1706 1900 1918 2083 2629 2894 3159 3173 3450 3640 3838 4122 4133 4195 4492 4632 5019 5494 5852 6153 6992 6994 7615 7655 7852 8086 8276 8342 8865 8878 8922 8969 9124 10377 10560 10571 10583 10693 10700 10724 11450 13055 
#module 76 size: 33 bs: 0.975212
593 782 1215 1485 1672 1709 1890 1966 2120 2256 2671 3836 4070 4357 5335 5343 5771 5815 6042 6381 6425 6493 6613 6869 7209 7575 7800 8058 8301 8873 8915 10403 10948 
#module 77 size: 30 bs: 0.647143
194 459 532 775 1323 1648 2290 3092 3575 3925 4166 4257 4539 5292 6593 7014 7115 7886 7911 8470 8845 8920 9101 9453 10100 10470 10618 10712 10777 11566 
#module 78 size: 32 bs: 0.824591
1269 1573 1912 1979 2115 2257 2716 2822 2976 2983 3616 3622 3787 4049 4567 5130 5558 5827 5996 6121 6742 6925 7220 7577 7683 7814 7997 8526 8812 9442 10203 10844 
#module 79 size: 18 bs: 0.816814
546 1329 1436 1807 2384 3222 3875 3918 4734 5173 5389 6807 7213 7598 8864 10210 10623 10830 
#module 80 size: 28 bs: 0.50292
584 961 1067 1534 1698 1767 2188 3141 3185 3220 3372 3680 3878 3916 4290 5169 6019 6309 7004 7613 7700 7728 8066 8755 9792 10255 10608 12162 
#module 81 size: 26 bs: 0.318558
595 1079 1510 2556 2610 2667 3033 3730 3820 3904 4366 4702 4861 5035 5099 5736 6511 6641 7909 8101 8571 9075 9929 11694 11782 12966 
#module 82 size: 19 bs: 0.747472
244 464 689 714 817 2590 2833 4449 4663 4752 5517 5997 6119 7828 8078 9213 9637 11152 11497 
#module 83 size: 17 bs: 0.231186
1016 3701 4871 5015 5201 5564 6155 6364 6608 6712 6861 7190 8621 9047 9182 9184 11337 
#module 84 size: 37 bs: 0.184928
233 1965 2274 2534 2826 3429 3738 3937 4269 4645 5010 5237 5366 6166 6171 6195 6501 6539 6546 7081 7244 7496 7842 8499 8570 8576 8666 9068 9219 9233 9379 9767 10000 10046 10387 10763 11113 
#module 85 size: 50 bs: 0.241902
920 949 1024 1093 1455 1921 2609 2762 3083 3101 3581 3671 3988 4003 4207 4215 4615 4621 4716 4950 4951 5054 5998 6045 6147 6328 6784 6944 7071 7285 7662 7791 7879 7930 8238 8364 8493 8734 9095 9128 9156 9296 9515 9550 10048 10405 10791 10899 10931 11106 
#module 86 size: 50 bs: 0.459193
496 971 1217 1454 1498 1542 1887 1947 1997 2191 2267 2287 2528 2752 2802 2820 2926 3109 3345 3559 3561 3715 3879 4163 4518 4731 5463 5606 5656 5665 5671 5727 6887 7467 7468 7652 7659 7921 8127 8130 8477 8748 9228 9324 9914 10174 10321 10859 11031 11581 
#module 87 size: 44 bs: 1.04854
759 829 896 967 1357 1428 1902 2042 2109 2162 2303 2322 2362 2472 2490 2597 3050 3124 3169 3334 3727 3896 4080 4590 4711 4964 5646 6244 6815 7459 7593 7853 8009 8215 9202 9326 9334 9372 9893 10233 10718 10855 10944 11120 
#module 88 size: 23 bs: 0.734716
1034 1548 1916 2293 2456 3055 3172 3210 3499 4278 4280 4507 4766 5087 5939 6240 7352 7722 7746 8343 11525 11584 12626 
#module 89 size: 25 bs: 0.98594
84 562 593 713 1009 1524 1690 1776 1804 2884 4862 4935 5211 5431 5624 6188 6416 6456 7821 7895 8604 9001 9071 10344 11425 
#module 90 size: 39 bs: 0.86098
218 612 1386 1744 1960 2402 2454 2638 2658 2812 2953 3041 3484 3638 3789 3825 3893 4029 5276 5526 5992 6278 6509 7035 8072 8386 8402 8498 9185 9247 9714 9934 10244 10534 10779 10862 11209 11235 11705 
#module 91 size: 63 bs: 0.443681
41 613 982 1014 1316 1350 1446 1450 1789 1798 2088 2189 2300 2361 2480 2564 2580 2736 2801 2872 2877 2897 3132 3199 3291 3331 3606 3631 4216 4323 4345 4470 4529 5132 5180 5189 5196 5272 5659 5898 6035 6362 7037 7051 7414 8075 8712 8972 9007 9745 9845 9916 10124 10133 10316 10382 10386 10492 10514 10528 10869 11215 11372 
#module 92 size: 29 bs: 0.670238
802 933 1571 2119 2421 2839 3594 4385 4790 5154 5340 5566 5672 5694 5752 6336 6524 6853 6901 7555 8003 8227 8948 9165 9216 9716 10815 10885 12510 
#module 93 size: 32 bs: 0.420546
64 524 964 965 1348 1480 1580 2611 2929 3161 3195 3254 3645 3653 3842 4034 4244 4468 4972 5170 5177 6257 7650 8125 8419 8905 8910 10062 10437 10894 11091 11509 
#module 94 size: 152 bs: 0.48166
658 868 907 914 927 954 1033 1205 1286 1467 1505 1525 1532 1627 1655 1682 1700 1717 1738 1754 1790 1851 2002 2011 2023 2030 2163 2485 2496 2507 2574 2639 2655 2709 2720 2733 3036 3047 3148 3226 3246 3304 3522 3563 3595 3633 3716 3777 3868 3886 4089 4204 4246 4255 4269 4347 4469 4478 4593 4609 4643 4755 4768 5008 5038 5066 5074 5122 5141 5195 5234 5287 5373 5599 5675 5710 5718 5867 5921 5970 6037 6165 6168 6369 6388 6552 6669 6688 6727 6821 6889 7107 7126 7260 7321 7407 7442 7470 7499 7588 7820 7875 7892 8208 8246 8261 8495 8590 8653 8685 8792 8801 8804 8892 8932 9172 9225 9456 9483 9535 9572 9620 9766 9860 9896 10021 10023 10049 10140 10165 10239 10300 10329 10363 10388 10392 10511 10586 10609 10704 10769 10839 10842 10875 10980 11015 11031 11162 11175 12494 12609 12878 
#module 95 size: 62 bs: 1.03131
37 642 702 880 1196 1259 1381 1743 2015 2056 2092 2124 2133 2209 2296 2557 2636 2793 2909 2961 2987 3016 3039 3094 3271 3294 3327 3352 3453 3629 4219 4668 4800 5106 5246 5949 6207 6324 6965 7271 7355 7357 7372 7453 7485 7540 7600 7654 7995 8593 8860 8876 8966 9146 9164 9804 9920 10177 10383 10882 11139 12125 
#module 96 size: 27 bs: 0.325708
296 1176 1179 2010 3060 3780 4248 5300 5304 5422 5985 6008 6859 8041 9114 9273 9326 9549 10087 10162 10183 10547 10584 10736 10743 10831 12553 
#module 97 size: 180 bs: 0.241326
2 125 259 313 372 381 385 529 537 567 580 647 698 805 865 921 936 981 990 1047 1066 1082 1102 1223 1251 1293 1305 1338 1420 1520 1575 1631 1812 1876 1988 1999 2048 2122 2321 2337 2404 2455 2467 2487 2540 2572 2581 2633 2660 2688 2706 2708 2808 2859 2888 2889 2936 2952 3091 3157 3216 3259 3288 3448 3456 3492 3688 3735 3849 3972 4047 4078 4092 4168 4178 4190 4201 4224 4253 4368 4393 4505 4585 4618 4657 4763 4815 4917 4957 5003 5037 5212 5277 5323 5371 5530 5590 5666 5776 5816 5858 5908 5961 6058 6061 6063 6064 6107 6139 6367 6400 6476 6648 6862 6976 7016 7165 7176 7191 7194 7199 7349 7553 7762 7787 7913 8010 8047 8069 8269 8275 8316 8321 8337 8339 8377 8481 8531 8806 9024 9055 9085 9257 9457 9459 9526 9537 9544 9610 9680 9694 9718 9789 9811 9841 9858 9976 10057 10181 10224 10324 10331 10345 10472 10501 10557 10611 10683 10711 10752 10773 10810 10824 10864 11125 11572 11575 11885 12515 12689 
#module 98 size: 62 bs: 0.662492
771 813 993 1030 1054 1150 1333 1407 1531 1561 1650 1854 1958 1998 2212 2577 2640 2994 3063 3192 3222 3361 3375 3463 3524 3679 3690 4170 4231 4276 4688 4707 4945 5440 5455 5765 5824 5918 5951 5979 6089 6114 6335 6848 7070 7661 7740 7952 8542 8671 8766 8836 9154 9161 9162 9215 9364 10206 10238 10431 10672 12642 
#module 99 size: 127 bs: 1.02123
49 51 303 333 471 492 564 729 781 818 968 1277 1292 1371 1394 1395 1433 1438 1846 1937 2123 2148 2289 2338 2346 2347 2376 2481 2609 2621 2990 3015 3051 3191 3214 3338 3574 3605 3606 3713 3833 3951 4046 4263 4353 4417 4443 4495 4532 4559 4592 4728 4885 4934 5160 5247 5462 5521 5567 5591 5761 5780 5892 5932 6032 6035 6113 6123 6158 6175 6238 6340 6351 6393 6587 6655 6715 6743 6744 6748 6819 7042 7225 7297 7321 7354 7369 7544 7596 7826 7905 7970 7989 8023 8111 8245 8305 8372 8470 8537 8564 8682 8727 8830 8976 8982 9135 9149 9239 9359 9437 9671 9862 9944 10089 10115 10204 10298 10378 10465 10650 10951 10981 11093 11186 11481 12605 
#module 100 size: 212 bs: 0.95892
40 52 72 222 558 685 758 924 996 1006 1062 1235 1241 1272 1331 1365 1393 1409 1471 1477 1479 1481 1486 1513 1547 1595 1616 1707 1737 1770 1830 2019 2069 2121 2177 2186 2232 2252 2288 2313 2348 2352 2370 2434 2489 2538 2569 2600 2619 2698 2727 2740 2756 2956 2971 2998 3006 3037 3047 3061 3135 3181 3301 3359 3386 3441 3486 3501 3590 3606 3612 3630 3665 3680 3686 3693 3698 3706 3723 3894 3986 3996 4051 4085 4098 4129 4188 4401 4457 4550 4639 4722 4828 4855 4859 4880 4905 4910 4970 4977 4991 5020 5057 5105 5251 5261 5295 5305 5365 5441 5514 5658 5684 5707 5778 5801 5890 6050 6153 6157 6163 6250 6341 6368 6391 6461 6491 6504 6678 6748 6754 6756 6771 6783 6839 6847 6850 6865 6900 6918 6966 6974 6984 7110 7115 7275 7289 7298 7332 7634 7664 7958 7971 8006 8013 8131 8172 8197 8224 8320 8470 8519 8523 8762 8818 8822 8826 8838 8850 8858 8924 8953 8986 9051 9072 9197 9200 9326 9360 9363 9371 9380 9507 9660 9708 9758 9891 9941 10075 10082 10135 10306 10333 10358 10401 10415 10419 10525 10699 10806 10900 10965 11001 11143 11146 11171 11222 11251 11451 11463 11703 12613 
#module 101 size: 6 bs: 0.573904
810 5652 6320 7627 8684 11172 
#module 102 size: 9 bs: 0.157826
503 2093 3290 4124 4400 4533 7980 9114 9559 
#module 103 size: 43 bs: 0.807659
563 866 1494 1592 1735 1973 2419 2875 2927 2974 3546 3677 4198 4423 4724 4860 5489 5525 5595 6078 6162 6297 6300 6448 6804 6890 7565 7760 7778 8248 8422 9045 9120 9394 9583 9661 9664 9989 10011 10253 10583 10663 11018 
#module 104 size: 61 bs: 0.152979
836 863 969 1139 1253 1418 1448 1466 1496 1639 1696 1889 2000 2328 2481 2550 2910 3191 3346 3400 3605 3869 3870 4026 4380 4385 4477 4486 4532 4553 4570 4736 5065 5154 5225 5752 5780 6336 6344 6393 6636 6744 6901 7555 7854 8014 8091 8307 8592 8830 8948 9359 9791 9950 10239 10515 10577 10885 10951 11712 12510 
#module 105 size: 55 bs: 0.364054
388 400 653 1037 1426 1624 2415 2585 2877 2968 3111 3239 3562 3647 3951 4136 4489 4750 4921 4928 4947 5081 5124 5190 5306 5346 5477 5644 5680 5785 5927 6081 6185 6317 6318 6616 6777 7973 8167 8649 8888 9017 9028 9103 9138 9253 9353 9365 9490 9972 10601 10674 10872 12518 12690 
#module 106 size: 66 bs: 0.556311
202 375 479 540 766 1061 1167 1490 1625 1662 1801 1894 1929 1953 2090 2281 2922 3049 3164 3285 3639 3733 3961 3975 4117 4197 4211 4239 4388 4438 4448 4474 4586 4638 4966 5446 5481 5609 6075 6582 6722 6918 7556 7824 7857 7977 8370 8501 8945 8965 8999 9021 9212 9414 9440 9487 9646 9743 10281 10723 10787 10825 10917 11130 11213 11733 
#module 107 size: 30 bs: 0.976696
222 665 717 1738 1926 3398 3567 3665 4537 4670 5266 5363 5658 5904 6123 6458 6784 6791 7011 7139 7196 7277 7462 7628 8672 8762 9423 9967 10058 10963 
#module 108 size: 43 bs: 0.652555
17 482 924 1008 1143 1384 1896 1955 2246 2259 2520 2695 2761 2837 2978 3063 3253 3922 4842 4870 4915 5022 5328 5417 6177 6312 6428 7415 7605 8217 8626 8683 8971 8989 9206 9463 9627 10161 10644 10761 10881 11441 12019 
#module 109 size: 27 bs: 0.469827
909 1042 1136 1207 1306 1615 1635 1667 2861 3391 4121 4302 4742 5179 5231 5281 5459 5664 6033 6188 6521 6940 7029 7907 8829 9367 10935 
#module 110 size: 26 bs: 0.799836
56 1103 1241 2180 2235 2590 2805 2828 3139 3533 3702 4583 4746 5254 5791 6419 6677 7262 7902 8254 8530 9555 9821 10209 10450 11128 
#module 111 size: 93 bs: 0.558774
716 975 1027 1051 1377 1519 1586 1645 1676 1712 2146 2227 2265 2300 2639 2823 3019 3113 3128 3283 3308 3479 3512 3826 4019 4020 4025 4282 4315 4327 4334 4451 4662 4788 4990 5005 5088 5210 5233 5367 5495 5545 5602 5806 5959 6174 6175 6217 6254 6467 6515 6531 6591 6597 6694 6702 6826 6855 6978 7051 7175 7402 7500 7623 7792 7801 7900 7905 7950 8162 8676 8788 8985 9518 9552 9565 9852 9899 9928 9939 10069 10073 10151 10359 10473 10551 10769 10942 11011 11108 11175 11552 12678 
#module 112 size: 47 bs: 0.201986
262 901 917 1073 2374 2645 2806 2916 3257 3264 3298 3462 3646 3754 4597 4659 5030 5102 5139 5275 6436 6952 7044 7168 7372 7742 7940 7990 9058 9062 9320 9376 9381 9444 9516 9656 9723 9986 10099 10211 10219 10404 10407 10591 10783 10796 11695 
#module 113 size: 36 bs: 1.04385
74 905 915 1224 1265 2111 2410 2495 2501 2606 2694 2831 3065 3152 3634 3752 3799 4072 4087 4350 4741 4786 5565 6570 7056 7134 7230 7236 7254 7315 7608 7991 8048 10455 10841 12506 
#module 114 size: 46 bs: 0.199539
173 777 1322 1451 1549 1628 1863 1943 2053 2089 2097 2145 2270 2758 3126 3171 3380 3469 3495 3812 3815 3982 3995 4408 4520 4626 5024 5438 5451 5849 6667 6692 6786 6981 7109 7482 7622 7667 8063 8309 8457 9868 10334 10590 10795 11415 
#module 115 size: 84 bs: 0.243247
16 229 237 298 518 598 844 885 950 1042 1114 1119 1155 1226 1233 1391 1634 1652 1681 1704 1720 1843 2082 2103 2176 2286 2394 2553 2713 2973 3188 3207 3298 3399 3470 3569 3582 3585 3764 3829 3995 4000 4333 4531 4582 5082 5139 5140 5571 5593 5657 5714 6647 6798 6805 6822 6876 6877 6938 6996 7001 7221 7365 7838 7878 7891 7940 8138 8299 8350 8520 9079 9263 9265 9320 9444 9499 10050 10461 10473 10841 11017 11456 12881 
#module 116 size: 24 bs: 0.974937
645 805 1075 2247 2331 2365 2379 2418 2991 3896 4647 4686 4824 4847 5213 5653 6228 6270 6789 7461 8351 11208 12514 12645 
#module 117 size: 76 bs: 0.950549
521 527 1044 1129 1559 1867 1944 2076 2297 2344 2378 2858 3316 3394 3407 3623 3673 3687 3800 4058 4108 4242 4356 4738 4878 4925 4972 5110 5188 5359 5628 5632 5635 5813 5885 5952 5983 6002 6012 6034 6060 6110 6250 6279 6283 6329 6437 6463 6575 7183 7380 7472 7581 7649 7744 7788 7941 8085 8225 8256 8406 8525 8545 8753 8771 8805 8980 9232 9468 10054 10241 10689 10923 10926 10997 11475 
#module 118 size: 49 bs: 0.316497
75 466 1091 1191 1539 1897 2012 2055 2177 2250 2297 2515 2635 2907 3081 3289 3310 3379 3410 3473 3482 3587 4039 4062 4090 4170 4729 4889 5108 5113 5178 5206 5348 5423 5484 6523 6649 6957 7069 7427 7759 7963 8135 9145 9315 9495 9905 10024 10956 
#module 119 size: 21 bs: 0.53139
525 1159 1594 2033 2333 2511 2863 3064 4102 4318 5380 5833 5887 6083 7686 9523 10414 10792 10822 11503 12790 
#module 120 size: 34 bs: 0.279659
595 1063 1656 1891 2071 2197 2742 2755 2774 3029 3181 3349 3513 3996 4274 4490 5614 6296 6568 7398 7955 8231 8765 9074 9159 9173 9412 10082 10306 10597 11100 11157 11165 11451 
#module 121 size: 24 bs: 0.873324
874 1904 2251 2254 2536 2592 2969 4073 4409 4591 5954 6851 6990 7227 7302 7311 7799 7802 8699 8848 9926 10310 10921 11428 
#module 122 size: 40 bs: 0.644809
1663 1693 2244 2342 2387 2478 2573 2669 2933 3356 3824 3914 4285 4332 4351 4538 4852 5146 5253 5412 5485 5626 5709 5891 5965 6051 6651 7263 7768 7887 8160 8836 8882 8947 9877 9915 9919 10733 10845 10939 
#module 123 size: 30 bs: 0.769986
472 793 1193 1257 2960 3057 3147 3489 3614 4259 4599 5430 5619 5860 6200 6481 6657 7128 7374 7926 8272 8518 8640 8688 8961 9142 9424 9733 10592 12945 
#module 124 size: 18 bs: 1.04198
1576 3351 3814 3863 4067 4416 4554 4998 6202 6654 6980 7144 8166 8669 9016 9528 9547 9817 
#module 125 size: 92 bs: 0.679974
21 38 274 327 784 787 876 938 1015 1177 1216 1237 1330 1468 1504 1732 1846 1994 2202 2383 2464 2514 2517 3215 3382 3405 3421 3692 3857 3865 4057 4069 4071 4156 4328 4404 4411 4496 4733 4845 4891 5115 5299 5531 5612 5686 5708 5848 6142 6314 6349 6517 6797 6813 7039 7067 7324 7457 7478 7688 7959 8355 8439 8503 8609 8674 8714 8727 8777 8788 8951 9013 9027 9048 9189 9255 9288 9289 9317 9524 9529 9813 9928 9968 10047 10064 10349 10565 10629 10876 11135 11435 
#module 126 size: 63 bs: 0.307569
364 528 655 769 1343 1374 1799 2073 2228 2252 2427 2510 2589 2666 2772 3083 3098 3261 3585 3812 3978 4044 4180 4360 4780 4797 4835 5092 5142 5157 5174 5419 5763 5899 6260 6408 6478 6618 6672 6731 6834 7031 7084 7716 8088 8336 8350 8468 9156 9264 9287 9687 10051 10146 10248 10325 10375 10394 10474 10709 10972 11252 11973 
#module 127 size: 48 bs: 0.664428
39 66 847 892 1031 1145 1150 1479 1493 1506 1535 1612 1785 1959 2121 3037 3108 3218 3817 3828 4019 4401 4594 4617 4782 4948 6015 6598 6997 7083 7145 7727 7880 8827 8859 8869 8935 9338 9375 9545 10166 10202 10212 10450 10703 10858 10908 10950 
#module 128 size: 121 bs: 0.189407
188 541 618 725 932 943 944 954 1230 1303 1452 1540 1636 1715 1878 2348 2432 2531 2568 2652 2673 2823 2832 2835 2854 2921 3045 3158 3169 3204 3211 3378 3391 3494 3535 3545 3558 3655 3657 3775 3900 3995 4161 4379 4446 4517 4769 4814 4900 4901 5193 5219 5243 5290 5481 5589 5610 5640 5700 5733 5757 5773 5826 5844 5866 5907 5914 6105 6106 6153 6310 6623 6764 6833 7103 7185 7255 7392 7563 7584 7602 7710 7832 7866 8114 8242 8401 8512 8529 8545 8629 8708 8788 8854 9026 9069 9120 9190 9531 9747 9784 9885 10035 10116 10196 10235 10390 10408 10619 10659 10715 10879 10943 10970 11012 11126 11127 11223 11260 11411 11840 
#module 129 size: 27 bs: 0.879616
1 31 200 614 1619 1729 2870 2902 3234 3724 4144 4263 4297 5104 5246 5786 6273 6319 6475 7047 7489 8556 9588 10036 10793 10816 12660 
#module 130 size: 23 bs: 0.840802
783 1415 2067 2068 2106 2607 2700 4965 5995 6602 6916 7552 7949 8297 8375 8554 8780 9607 9640 9907 10759 10887 11595 
#module 131 size: 20 bs: 0.977905
63 864 2107 2424 2856 2886 2946 3084 3168 3393 4314 4333 4846 5415 6366 6689 7399 9853 10110 11338 
#module 132 size: 56 bs: 0.695597
38 271 274 535 705 779 1213 1307 1314 1994 2004 2101 2469 2505 2656 2689 2869 3017 3337 3786 3865 3985 4135 4282 4382 4466 4473 4523 4993 5029 5420 5442 5479 5896 6039 6093 6142 6569 6637 7198 7278 7326 7478 8164 8674 8849 8959 9013 9102 9438 10563 10629 10801 10857 11135 11498 
#module 133 size: 18 bs: 0.233184
672 806 1148 1556 1572 1800 2155 2527 2980 3180 3509 3996 4881 5928 8156 8666 9630 10413 
#module 134 size: 24 bs: 0.19474
166 460 1134 1747 1888 3627 3992 4370 5428 5909 6256 6286 6831 6983 7038 7155 7287 7563 7629 8508 8743 9268 9933 10112 
#module 135 size: 36 bs: 0.599644
3 1067 1149 1312 1355 1402 1643 1757 1870 2008 2074 2079 2203 2524 3203 3240 3341 3610 4785 4801 4849 5023 5679 5754 5879 6629 6839 8770 8837 9446 10327 10379 10667 10721 10744 11010 
#module 136 size: 22 bs: 0.710979
1412 1859 2537 3369 3711 4613 4939 5149 5265 5662 5808 6691 7717 7816 7827 8436 8890 9086 9304 12582 12586 12725 
#module 137 size: 24 bs: 0.293979
1113 1373 1483 2440 3224 3577 4132 4335 4552 4573 4784 4822 5901 6370 6841 7783 8017 8465 8581 9704 10130 10134 10554 10620 
#module 138 size: 62 bs: 0.424935
699 862 1029 1096 1739 1827 1924 2832 2846 2850 2874 2998 3042 3081 3154 3555 3617 3664 3952 4150 4409 4635 4729 4906 4907 4914 5106 5223 5324 5636 5819 5830 5873 5935 6212 6375 6686 7020 7042 7307 7723 7864 8053 8103 8272 8506 8552 8828 8945 8975 9009 9402 9672 9682 9807 10215 10308 10512 10582 10891 11203 11420 
#module 139 size: 71 bs: 0.412955
147 183 476 620 685 823 1084 1175 1189 1279 1396 1523 2056 2172 2192 2235 2353 2678 2794 2805 2807 2828 3032 3062 3144 3158 3390 3483 3488 3511 4040 4064 4223 4378 4397 4515 4572 4587 4664 4986 5017 5214 5254 5294 5548 5972 6108 6374 6631 6716 7030 7172 7212 7262 7469 7542 7632 7868 7901 8060 8811 9345 9742 9821 10128 10277 10583 10637 11442 11593 12495 
#module 140 size: 27 bs: 0.442754
18 37 873 1475 1719 1756 2113 2525 2847 2912 3580 4046 4410 4925 5273 5913 6018 6038 6203 6272 6284 6606 6725 8076 8850 10247 10654 
#module 141 size: 30 bs: 0.31645
505 811 1074 1398 1441 1452 1832 1836 1886 2164 2437 2543 2664 2947 3293 3782 4053 4462 5637 5734 5936 8029 8049 8447 8663 10134 10761 10945 11153 11678 
#module 142 size: 75 bs: 0.277254
304 491 519 1018 1099 1110 1417 1552 1714 2013 2136 2154 2398 2746 2790 2980 3008 3087 3137 3311 3348 3401 3586 3621 3625 3964 3966 4139 4157 4367 4384 4698 4927 5137 5285 5377 5967 6041 6082 6251 6396 6464 6528 6585 6951 7076 7170 7433 7471 7578 7736 7803 7961 8203 8349 8431 8464 8502 8555 8853 8891 9332 9573 9644 9963 9964 10032 10367 10444 10827 10861 11070 11400 11535 12639 
#module 143 size: 41 bs: 0.647209
77 842 898 1078 1675 1787 1841 2044 2373 2843 3322 3332 3553 3726 3741 3921 3950 4010 4286 4713 5120 5447 5769 5812 6013 6852 6895 7112 7177 7614 7719 7976 8380 8496 9554 9984 10266 10658 11118 11487 11501 
#module 144 size: 24 bs: 0.285091
493 851 2775 3508 3954 4713 5296 5310 5560 5616 5617 5719 5782 8025 8328 8380 8585 9107 9679 11121 11151 11161 11168 11270 
#module 145 size: 162 bs: 0.481004
13 20 66 172 611 977 1000 1115 1169 1254 1280 1295 1353 1389 1405 1439 1444 1469 1516 1735 1760 1769 1824 1833 2138 2212 2298 2339 2349 2369 2493 2505 2678 2703 2732 2778 2792 2951 2987 3187 3223 3390 3461 3521 3591 3624 3640 3756 3844 3860 3876 4031 4061 4149 4218 4221 4349 4358 4407 4459 4549 4610 4664 4665 4676 4745 5051 5059 5084 5117 5161 5184 5228 5279 5337 5385 5398 5631 5744 5791 5823 5835 5865 5923 5959 6043 6052 6109 6143 6219 6226 6324 6465 6519 6578 7024 7054 7124 7157 7167 7313 7329 7431 7446 7501 7527 7709 7893 7931 8008 8178 8357 8382 8443 8565 8579 8615 8676 8714 8776 8847 8988 9018 9041 9061 9073 9098 9127 9139 9144 9209 9223 9358 9389 9397 9512 9540 9545 9621 9654 9688 9761 9765 10091 10108 10114 10132 10223 10226 10293 10311 10351 10488 10612 10712 10927 11114 11239 11601 11699 11788 12523 
#module 146 size: 50 bs: 0.482412
311 1489 1932 2816 2844 2879 3009 3052 3093 3235 3583 3686 3955 4100 4512 4920 5570 5600 5661 5797 5944 6230 6459 6494 6514 6577 6674 6842 6908 7005 7258 7635 7658 7785 8035 8489 8750 8768 9004 9093 9667 9771 10355 10789 10869 11463 12264 12573 12683 12903 
#module 147 size: 46 bs: 0.956709
263 264 466 682 688 1088 1339 1660 2297 3071 3109 3202 3415 3637 3729 4227 4878 4972 5114 5307 5397 5457 5509 5516 5813 6152 6463 6720 7472 7538 7666 7693 7921 8151 8266 8298 8667 8981 9141 9581 9734 10010 10123 10198 10765 11335 
#module 148 size: 89 bs: 0.560707
267 484 603 835 934 1335 1351 1440 1646 1726 2028 2036 2063 2273 2422 2506 2567 2663 2797 2845 3070 3536 3834 3915 3966 4279 4660 4689 4804 4978 5152 5344 5408 5620 5633 5741 5829 6006 6076 6274 6323 6345 6363 6451 6472 6606 6697 6759 6822 6928 7202 7283 7389 7570 7587 7669 7837 7950 7972 8012 8247 8263 8624 8645 8703 8814 8916 9089 9094 9222 9853 9870 9883 10164 10277 10492 10510 10531 10688 10772 10883 10952 11255 11264 11436 11643 12715 12944 12995 
#module 149 size: 120 bs: 0.156886
35 691 704 791 858 913 964 1104 1356 1455 1513 1543 1598 1626 1693 1703 1705 1786 1835 1910 1919 2006 2085 2096 2183 2229 2320 2360 2396 2449 2609 2621 2669 2704 2898 3105 3414 3459 3604 3740 3748 3994 4052 4267 4581 4655 4744 4751 4757 4795 4958 4988 5013 5053 5056 5060 5263 5400 5467 5544 5817 5822 5827 5836 6024 6066 6101 6261 6304 6334 6455 6491 6532 6555 6664 6823 6873 6949 6962 6968 7099 7122 7242 7382 7425 7445 7525 7749 7750 7834 7846 8186 8245 8318 8351 8376 8458 8743 9109 9211 9331 9340 9343 9374 9390 9491 9825 9961 9976 9982 10126 10276 10304 10317 10576 10707 11096 11183 11188 11481 
#module 150 size: 47 bs: 1.09196
1359 1445 1465 1946 1996 2086 2271 2388 2481 2838 3022 3073 3871 4138 4301 4312 4342 4555 4616 4634 4825 4875 5341 5462 5521 5737 5973 6380 7248 7526 7810 7826 8042 8228 8368 8474 8539 8552 9301 9458 9788 10039 10454 10735 11108 11109 12854 
#module 151 size: 79 bs: 0.362118
44 449 1011 1049 1296 1394 1483 1492 1618 1626 1648 1716 2031 2222 2224 2338 2445 2559 3051 3054 3097 3179 3206 3250 3384 3704 3816 3851 3934 3943 4166 4373 4389 4592 4692 4789 4982 5053 5064 5187 5396 5563 5789 5893 6029 6079 6154 6215 6238 6338 6386 6593 6878 7115 7130 7188 7423 7490 7523 7917 7938 7985 9121 9161 9187 9344 9501 9758 9814 10354 10371 10626 10675 10679 10712 10778 10851 11566 12549 
#module 152 size: 46 bs: 0.486343
644 765 833 1101 1152 1762 1892 1991 2014 2105 2295 2852 2892 3221 3275 3560 3731 3742 3785 4118 4153 4187 4245 4858 5252 5811 6210 6704 6877 6906 7072 7273 7507 8165 8260 8284 8378 9401 9728 9927 10157 10537 10555 10572 10983 12505 
#module 153 size: 102 bs: 0.981192
25 33 684 764 931 972 1005 1053 1087 1262 1278 1448 1517 1545 1618 1677 1862 1992 2085 2202 2211 2220 2264 2266 2616 2649 2841 2857 2942 2967 2970 3010 3021 3085 3566 3716 3737 3819 4143 4158 4179 4305 4353 4380 4384 4486 4519 4563 4735 4760 4855 4989 5001 5045 5121 5204 5292 5319 5330 5358 5487 5529 5613 5618 5647 5689 5694 5728 5820 5870 5884 6065 6131 6149 6316 6366 6572 6986 7299 7306 7356 7597 7968 8332 8478 8532 8852 9330 9363 9653 9878 9895 9901 9955 9973 10201 10203 10267 10292 10684 10705 11491 
#module 154 size: 68 bs: 0.927808
27 681 718 1005 1212 1284 1361 1621 1766 1838 1970 2291 2306 2340 2441 2530 2681 2726 2852 2882 3058 3174 3395 3796 3964 4088 4099 4310 4426 4471 5046 5182 5307 5404 5474 5531 5581 5605 5655 5792 5807 5832 6281 6441 6736 6795 7267 7337 7819 8391 8435 8459 8486 8527 8550 8697 9020 9305 9374 9467 9500 9587 10190 10878 10933 10987 11073 11085 
#module 155 size: 27 bs: 0.14494
379 686 824 999 1291 1308 1311 1508 2959 3516 3578 3932 4200 4961 5723 6030 6138 6512 6638 6765 7797 8142 8168 9648 10797 11117 11272 
#module 156 size: 36 bs: 0.21727
199 1241 1321 2391 2554 2707 2779 3213 3333 3385 3465 4172 4447 4583 5303 5353 5392 5791 6443 6534 7075 7149 7243 7779 7781 7916 8987 9342 9821 9892 10193 10403 10450 10716 10727 11388 
#module 157 size: 31 bs: 0.478179
207 210 939 2025 2238 3315 3343 3807 4268 4458 4540 4546 4602 4636 4726 5241 5745 5890 6627 6954 7368 7685 7859 8016 8021 8229 8250 8720 9969 10067 10593 
#module 158 size: 36 bs: 0.135837
227 443 767 923 963 1204 1782 1987 2218 2507 2712 3303 3381 3515 3743 3793 3976 4719 4754 5040 5134 5162 5208 5352 6255 6365 6780 6837 7362 7692 7967 8566 9763 10070 11140 11526 
#module 159 size: 41 bs: 0.548588
1096 1569 1739 1806 1882 1924 2443 2450 2824 2846 3042 3247 3682 3796 3952 4508 4684 4833 5321 5721 5859 5873 6321 6375 6644 6733 7590 7723 8103 8315 8391 8557 8828 9230 9773 10107 10169 10660 10725 11203 12958 
#module 160 size: 49 bs: 0.857005
28 242 808 1287 1458 1622 2021 2050 2137 2661 2860 2950 3074 3262 3356 3521 3660 3776 3837 3890 4230 4577 4760 5004 5208 5573 5694 5758 5895 5912 6113 6665 6904 7003 7412 7599 8001 8200 8488 8767 8887 8962 8971 10259 10303 10628 10683 11962 12741 
#module 161 size: 21 bs: 0.539605
405 794 1174 1864 2972 4324 6868 7060 7515 8408 8442 8467 8607 8794 9003 9513 9912 10322 10639 10728 11217 
#module 162 size: 34 bs: 0.356226
1493 2577 2578 2998 3106 3255 3570 3696 3864 3941 4291 5116 5271 5283 5575 5893 6682 7340 7373 7441 7519 7770 7790 7919 8605 8671 8920 9183 9292 9294 10279 10362 10399 11405 
#module 163 size: 45 bs: 0.680886
33 398 413 768 1098 1310 1526 1618 1771 1931 2018 2060 2562 3236 3757 4629 5016 5068 5121 5204 5365 5569 6253 6316 6366 6405 6771 6862 6942 7169 7344 7733 7968 8159 8194 9569 9831 10020 10265 10357 11158 11171 11490 12613 12666 
#module 164 size: 42 bs: 0.915587
723 968 1097 1302 1570 1649 1784 2072 2210 2223 2316 2818 3115 3238 3392 3854 3862 3926 4596 4612 5403 5498 5955 6003 6218 6229 6398 6506 6975 7211 7698 7843 7942 8387 8888 9029 9694 9855 9871 9890 10080 10191 
#module 165 size: 36 bs: 0.438775
834 922 1077 1081 1123 1501 1632 2070 2734 3000 3095 3747 4038 4530 4723 4944 5172 6023 6528 6711 7048 7309 7922 8371 8427 8757 8983 9580 9629 10096 10133 10384 10661 10734 10922 10947 
#module 166 size: 77 bs: 0.327343
335 621 673 724 1166 1434 1759 1845 1923 2213 2243 2430 2504 2781 3015 3214 3299 3409 3442 3472 3683 3719 4032 4036 4235 4443 4456 4544 4547 4611 4679 4694 4758 4827 4869 4885 5109 5297 5309 5506 5511 5562 5735 5809 6085 6175 6247 6384 6393 6446 6485 6800 6843 7160 7266 7826 7836 8221 8379 8692 8830 9140 9403 9501 9658 9692 9732 9750 10012 10748 10774 10811 10818 10951 10966 11095 12382 
#module 167 size: 146 bs: 0.367809
17 403 517 683 789 809 854 933 955 1005 1010 1025 1028 1065 1106 1147 1160 1220 1222 1238 1243 1254 1342 1405 1427 1484 1530 1567 1609 1708 1722 1778 1802 1842 1936 2216 2245 2292 2389 2428 2533 2621 2691 2723 2783 2876 2943 3110 3143 3187 3196 3336 3356 3379 3454 3464 3843 3874 3877 3901 4007 4033 4046 4072 4214 4381 4442 4575 4603 4642 4653 4781 4859 4903 4959 5116 5135 5202 5220 5255 5327 5334 5542 5552 5591 5677 5688 5760 5768 5856 5868 5919 6007 6114 6209 6215 6315 6357 6358 6471 6743 6816 6832 7006 7067 7195 7435 7544 7557 7837 7936 8080 8186 8306 8365 8630 8671 8673 8733 8782 8791 8875 8877 8889 9019 9063 9272 9277 9316 9332 9370 9386 9478 9601 9674 9872 9975 10100 10275 10337 10751 10925 11009 11171 12629 13081 
#module 168 size: 30 bs: 0.945463
226 554 879 960 980 1497 1797 2157 2584 2764 2999 3251 3412 3424 4365 5089 5133 6248 6693 7151 7673 7713 7876 7992 9489 9508 9867 10886 10938 11635 
#module 169 size: 93 bs: 0.944829
196 197 575 589 768 1003 1058 1154 1182 1210 1225 1401 1530 1613 1620 1745 1780 1816 2034 2135 2390 2442 2452 2545 2773 2937 3042 3190 3355 3445 3525 3642 3720 3914 4145 4262 4383 4436 4851 5043 5067 5078 5163 5226 5375 5699 5701 5749 5841 5916 6409 6479 6627 6696 6774 6782 6995 7025 7125 7135 7152 7156 7207 7312 7378 7541 7620 7687 7749 8021 8100 8373 8627 8639 8787 9036 9165 9286 9297 9399 9677 9700 9740 9754 9897 9915 10168 10424 10431 10729 10783 10812 11025 
#module 170 size: 128 bs: 0.183084
54 480 489 544 762 994 1095 1194 1204 1208 1209 1383 1654 1743 1772 1839 1871 1872 1877 1972 2104 2133 2279 2284 2380 2393 2408 2425 2576 2651 2653 2712 2723 2767 2816 2817 2850 3024 3100 3153 3170 3223 3271 3480 3550 3600 3681 4004 4162 4222 4236 4498 4558 4588 4666 4674 4719 4840 5101 5217 5232 5440 5603 5621 5704 5705 5781 5802 6036 6084 6112 6131 6194 6391 6420 6468 6499 6540 6573 6769 6801 6829 6920 7078 7269 7334 7681 8243 8345 8377 8452 8563 8650 8668 8680 8749 8772 8861 8937 8970 9025 9030 9039 9127 9155 9267 9326 9407 9420 9457 9533 9578 9998 10068 10077 10173 10315 10443 10574 10627 11009 11096 11412 11437 11599 11613 11701 12077 
#module 171 size: 116 bs: 0.729769
189 265 637 845 991 1025 1038 1046 1128 1156 1309 1380 1487 1488 1518 1641 1659 1969 2017 2141 2194 2492 2676 2685 2719 2849 2881 2928 2929 2930 2943 3068 3131 3232 3273 3276 3306 3373 3666 3745 3809 3856 3883 3940 3963 4173 4227 4281 4372 4534 4542 4649 4761 4895 5032 5216 5386 5554 5676 5713 5726 5902 6047 6072 6181 6206 6233 6237 6242 6262 6460 6466 6526 6529 6599 6698 6707 6788 6857 6979 7026 7079 7303 7319 7439 7551 7679 7696 8119 8410 8462 8673 8716 8790 8871 8917 8923 8978 9057 9171 9357 9417 9534 9602 9685 9980 10103 10123 10198 10275 10337 10376 10884 11211 11447 12902 
#module 172 size: 185 bs: 0.582197
36 543 600 828 951 956 970 1013 1040 1041 1056 1168 1214 1265 1317 1375 1413 1419 1459 1522 1601 1614 1615 1621 1629 1668 1730 1821 1848 1856 1975 1984 2006 2046 2080 2132 2169 2189 2200 2355 2459 2461 2477 2494 2512 2513 2594 2613 2618 2643 2814 2919 2948 3186 3237 3347 3360 3424 3467 3491 3496 3580 3588 3663 3670 3686 3698 3775 3841 3866 3902 3919 4035 4088 4125 4165 4180 4188 4241 4273 4541 4622 4675 4756 4774 4805 4857 4879 4883 4886 4909 5057 5097 5100 5194 5221 5229 5250 5307 5317 5365 5393 5413 5787 5816 5847 5991 6031 6069 6126 6241 6289 6359 6536 6809 6897 7118 7122 7203 7235 7330 7403 7424 7448 7503 7617 7664 7731 7784 7856 7910 7928 7943 7946 7966 8026 8050 8159 8163 8187 8338 8381 8421 8482 8546 8656 8729 8831 8839 8938 8953 8995 9034 9060 9133 9181 9326 9447 9507 9586 9632 9649 9655 9668 9798 9801 9888 9891 9921 9941 10208 10360 10516 11019 11151 11265 11269 11340 11441 12170 12559 12588 12613 12666 13039 
#module 173 size: 56 bs: 0.668142
870 925 1125 1202 1347 1477 1560 2022 2069 2178 2242 2465 2541 2687 2766 3166 3433 3528 3548 3906 4340 4422 4630 4661 4796 4807 4865 5434 5461 5464 5561 5624 5886 6350 6616 6646 6723 6923 7086 7447 7546 7547 7680 8110 8584 8672 8728 8761 9689 9726 10053 10179 10708 10746 10904 11556 
#module 174 size: 78 bs: 0.846693
254 487 488 762 827 1048 1163 1275 1654 1815 1928 1957 1964 1968 2056 2104 2130 2133 2275 2345 2519 2730 3112 3120 3326 3493 3654 3708 3907 4303 4323 4472 4588 4878 5058 5127 5249 5345 5684 5838 6100 6149 6231 6243 6260 6548 6652 6673 6718 6741 6801 6955 7050 7252 7406 7589 7780 7861 8253 8293 8445 8850 8883 8893 9269 9290 9313 9329 9543 9957 10318 10493 10657 10793 10823 10835 10957 11189 
#module 175 size: 176 bs: 0.28873
206 378 447 592 647 710 877 1035 1039 1100 1214 1297 1368 1406 1443 1464 1503 1521 1529 1610 1657 1697 1733 1826 1837 1866 1901 2078 2139 2198 2289 2341 2385 2406 2425 2433 2438 2444 2461 2465 2491 2547 2682 2725 2938 2958 3056 3160 3278 3416 3453 3566 3597 3651 3698 3732 3801 3822 3852 3895 3927 3962 3969 4107 4112 4209 4283 4450 4461 4503 4708 4837 4893 4919 4920 4941 4978 4979 4983 4984 5073 5077 5098 5159 5284 5316 5532 5547 5625 5669 5742 5800 5915 5924 5999 6092 6145 6164 6254 6385 6433 6447 6457 6474 6541 6604 6606 6880 6950 6964 6967 6988 7049 7187 7316 7393 7434 7449 7510 7512 7513 7548 7567 7607 7712 7837 7839 7847 7869 7889 7945 8032 8077 8102 8161 8179 8335 8407 8426 8453 8506 8533 8548 8587 8802 8820 8995 9346 9473 9486 9488 9541 9561 9710 9898 9946 9981 10076 10192 10314 10346 10441 10469 10476 10509 10527 10568 10641 10687 10690 10753 10762 11069 12559 12568 12980 
#module 176 size: 20 bs: 1.01155
329 629 630 631 1795 2299 3408 4175 5044 5490 5594 6088 7265 7290 7899 8189 8346 8586 8635 9312 
#module 177 size: 18 bs: 0.236631
804 1126 1138 1472 1683 2614 2791 3146 4045 4678 4691 4753 6745 6779 8394 8867 9252 10603 
#module 178 size: 64 bs: 0.516852
40 294 547 763 1052 1331 1382 1486 1513 1731 1749 1786 2121 2249 2360 2704 2821 2864 2898 3037 3350 3506 3784 3831 4001 4019 4035 4154 4401 4442 4792 5263 5305 5778 6102 6215 6347 6368 6391 6630 6748 7040 7110 7115 7350 7466 7504 7721 7846 8252 8320 8774 9021 9052 9151 9491 9509 9624 9977 10871 10978 11228 11473 12507 
#module 179 size: 25 bs: 0.208387
520 1270 1565 1584 2066 2473 2539 2693 2799 2851 2911 3003 3133 3156 3362 3611 4271 5643 5905 6903 7657 8483 8642 9577 10013 
#module 180 size: 40 bs: 0.735003
885 948 1020 1141 1155 1791 1869 1903 1974 2239 2486 2558 2739 2848 3127 3201 4048 4654 4867 4938 5821 5844 6239 6331 7240 7359 7391 7498 7580 7795 8175 8234 8303 8949 9415 9506 10205 10221 10264 11565 
#module 181 size: 111 bs: 0.384105
5 178 208 224 849 878 986 1026 1059 1133 1135 1219 1249 1283 1403 1581 1674 1680 1734 1751 1831 1911 2039 2458 2482 2724 2729 2838 2963 3059 3182 3554 3557 3644 3755 3763 3920 3930 3990 4005 4037 4115 4213 4316 4361 4430 4514 4843 4956 4962 5112 5166 5387 5436 5502 5510 5553 5667 5764 5861 5862 5917 5947 5980 6028 6183 6184 6205 6208 6212 6252 6313 6445 6563 6601 6772 6884 7102 7119 7417 7437 7699 7711 7720 7829 7978 8051 8061 8241 8598 8608 8701 9023 9165 9693 9918 9954 10374 10381 10432 10433 10625 10631 10673 10755 10756 10767 10780 11029 11119 11262 
#module 182 size: 168 bs: 0.863581
53 58 67 498 670 679 807 853 882 889 890 894 988 1055 1151 1261 1267 1273 1331 1364 1558 1582 1632 1673 1686 1817 1840 1907 1920 1927 1933 1939 2075 2126 2142 2182 2319 2334 2340 2372 2583 2957 3040 3046 3179 3219 3269 3365 3430 3455 3496 3505 3573 3658 3728 3805 3809 3832 4119 4183 4234 4287 4413 4465 4627 4630 4671 4794 4806 4829 4929 4995 5183 5241 5315 5396 5465 5469 5470 5478 5537 5538 5559 5586 5619 5698 5702 5877 5888 6151 6214 6295 6298 6526 6566 6625 6642 6770 6872 6924 6942 6986 6987 7000 7044 7059 7090 7116 7364 7484 7522 7524 7536 7682 7702 7706 7766 7772 7794 7986 8028 8145 8192 8237 8258 8288 8294 8319 8405 8445 8484 8756 8862 8940 8943 8957 8977 9040 9147 9165 9180 9186 9285 9343 9441 9466 9570 9662 9799 10049 10102 10236 10579 10678 10712 10826 10844 10852 10889 10920 11142 11445 11453 11714 12216 12228 12663 12681 
#module 183 size: 28 bs: 0.624881
34 915 1378 1388 1593 1658 2280 2315 2789 3001 3104 3158 3234 4106 5139 5372 5381 5518 5854 6232 6319 8030 8395 9246 9460 10240 10558 12591 
#module 184 size: 65 bs: 0.40326
467 1666 1704 2101 2221 2240 2272 2516 2544 2570 2582 2800 3025 3028 3138 3446 3602 3718 4050 4123 4339 4358 4418 4697 4821 4873 4973 5086 5278 5674 5691 5876 6374 6377 6590 6758 7092 7189 7409 7452 7688 7756 7764 7909 8476 8738 8793 8936 8982 9354 9404 9521 9623 9819 10287 10596 10611 10632 10706 10814 10919 10999 11082 11256 12990 
#module 185 size: 1 bs: 1
8866 
#module 186 size: 1 bs: 1
6709 
#module 187 size: 1 bs: 1
8106 
#module 188 size: 1 bs: 1
4420 
#module 189 size: 1 bs: 1
9850 
#module 190 size: 1 bs: 1
5942 
#module 191 size: 1 bs: 1
6750 
#module 192 size: 1 bs: 1
5840 
#module 193 size: 1 bs: 1
2468 
#module 194 size: 1 bs: 1
3744 
#module 195 size: 1 bs: 1
3297 
#module 196 size: 1 bs: 1
8679 
#module 197 size: 1 bs: 1
7133 
#module 198 size: 1 bs: 1
6699 
#module 199 size: 1 bs: 1
6820 
#module 200 size: 1 bs: 1
5454 
#module 201 size: 1 bs: 1
2868 
#module 202 size: 1 bs: 1
6612 
#module 203 size: 1 bs: 1
10044 
#module 204 size: 1 bs: 1
8942 
#module 205 size: 1 bs: 1
446 
#module 206 size: 1 bs: 1
6094 
#module 207 size: 1 bs: 1
9368 
#module 208 size: 1 bs: 1
3436 
#module 209 size: 1 bs: 1
1941 
#module 210 size: 1 bs: 1
1589 
#module 211 size: 1 bs: 1
4015 
#module 212 size: 1 bs: 1
7874 
#module 213 size: 1 bs: 1
10163 
#module 214 size: 1 bs: 1
3700 
#module 215 size: 1 bs: 1
10372 
#module 216 size: 1 bs: 1
5804 
#module 217 size: 1 bs: 1
6640 
#module 218 size: 1 bs: 1
4395 
#module 219 size: 1 bs: 1
182 
#module 220 size: 1 bs: 1
3608 
#module 221 size: 1 bs: 1
4640 
#module 222 size: 1 bs: 1
10171 
#module 223 size: 1 bs: 1
8082 
#module 224 size: 1 bs: 1
2718 
#module 225 size: 1 bs: 1
7511 
#module 226 size: 1 bs: 1
3948 
#module 227 size: 1 bs: 1
8618 
#module 228 size: 1 bs: 1
6960 
#module 229 size: 1 bs: 1
5692 
#module 230 size: 1 bs: 1
2323 
#module 231 size: 1 bs: 1
8896 
#module 232 size: 1 bs: 1
11740 
#module 233 size: 1 bs: 1
2941 
#module 234 size: 1 bs: 1
7454 
#module 235 size: 1 bs: 1
8490 
#module 236 size: 1 bs: 1
3177 
#module 237 size: 1 bs: 1
5608 
#module 238 size: 1 bs: 1
5274 
#module 239 size: 1 bs: 1
582 
#module 240 size: 1 bs: 1
301 
#module 241 size: 1 bs: 1
5075 
#module 242 size: 1 bs: 1
9194 
#module 243 size: 1 bs: 1
3626 
#module 244 size: 1 bs: 1
5076 
#module 245 size: 1 bs: 1
7488 
#module 246 size: 1 bs: 1
4568 
#module 247 size: 1 bs: 1
10258 
#module 248 size: 1 bs: 1
7204 
#module 249 size: 1 bs: 1
6939 
#module 250 size: 1 bs: 1
9249 
#module 251 size: 1 bs: 1
8128 
#module 252 size: 1 bs: 1
7923 
#module 253 size: 1 bs: 1
6294 
#module 254 size: 1 bs: 1
8363 
#module 255 size: 1 bs: 1
3672 
#module 256 size: 1 bs: 1
832 
#module 257 size: 1 bs: 1
4967 
#module 258 size: 1 bs: 1
4717 
#module 259 size: 1 bs: 1
3520 
#module 260 size: 1 bs: 1
4261 
#module 261 size: 1 bs: 1
2098 
#module 262 size: 1 bs: 1
6930 
#module 263 size: 1 bs: 1
4932 
#module 264 size: 1 bs: 1
3431 
#module 265 size: 1 bs: 1
5131 
#module 266 size: 1 bs: 1
5207 
#module 267 size: 1 bs: 1
846 
#module 268 size: 1 bs: 1
6571 
#module 269 size: 1 bs: 1
5641 
#module 270 size: 1 bs: 1
1256 
#module 271 size: 1 bs: 1
1538 
#module 272 size: 1 bs: 1
8031 
#module 273 size: 1 bs: 1
4186 
#module 274 size: 1 bs: 1
8244 
#module 275 size: 1 bs: 1
1971 
#module 276 size: 1 bs: 1
4949 
#module 277 size: 1 bs: 1
10400 
#module 278 size: 1 bs: 1
8700 
#module 279 size: 1 bs: 1
978 
#module 280 size: 1 bs: 1
9477 
#module 281 size: 1 bs: 1
3933 
#module 282 size: 1 bs: 1
4968 
#module 283 size: 1 bs: 1
6487 
#module 284 size: 1 bs: 1
12652 
#module 285 size: 1 bs: 1
6866 
#module 286 size: 1 bs: 1
8356 
#module 287 size: 1 bs: 1
6124 
#module 288 size: 1 bs: 1
11261 
#module 289 size: 1 bs: 1
9302 
#module 290 size: 1 bs: 1
6542 
#module 291 size: 1 bs: 1
4975 
#module 292 size: 1 bs: 1
9846 
#module 293 size: 1 bs: 1
10526 
#module 294 size: 1 bs: 1
10569 
