#module 0 size: 3 bs: 7.12587e-101
5377 9127 9635 
#module 1 size: 2 bs: 5.5058e-101
3182 5819 
#module 2 size: 2 bs: 1.44428e-101
5739 8097 
#module 3 size: 11 bs: 7.08417e-101
1303 1377 1423 1750 1757 5296 5921 6051 7022 9027 9747 
#module 4 size: 4 bs: 8.53617e-101
1425 2777 6898 10162 
#module 5 size: 2 bs: 5.53555e-101
7642 9101 
#module 6 size: 4 bs: 5.47173e-101
1750 3074 3388 8715 
#module 7 size: 2 bs: 9.93937e-101
7799 8034 
#module 8 size: 12 bs: 2.38524e-08
40 1481 2788 4462 5033 5520 6345 7481 7609 8485 9735 10783 
#module 9 size: 4 bs: 7.68123e-101
1226 1366 3017 5490 
#module 10 size: 2 bs: 8.89884e-101
5879 6138 
#module 11 size: 10 bs: 6.75891e-103
1583 2965 4157 4354 5701 7210 7936 7976 8791 10387 
#module 12 size: 3 bs: 5.25206e-101
2386 5566 8648 
#module 13 size: 6 bs: 1.94144e-101
930 2022 2845 6118 7187 8875 
#module 14 size: 2 bs: 2.01367e-101
3087 4809 
#module 15 size: 3 bs: 6.48592e-102
1765 5279 12889 
#module 16 size: 2 bs: 7.66543e-101
2131 8377 
#module 17 size: 2 bs: 1.35508e-101
6460 7997 
#module 18 size: 2 bs: 7.02974e-101
5015 8883 
#module 19 size: 15 bs: 8.77402e-09
1293 3600 3979 5125 5609 5684 5851 5934 7241 7608 7928 8473 9174 9578 9583 
#module 20 size: 2 bs: 6.49087e-101
1722 6110 
#module 21 size: 3 bs: 6.10428e-101
1034 7043 10727 
#module 22 size: 3 bs: 6.08633e-101
1435 3985 6921 
#module 23 size: 3 bs: 1.69738e-101
1832 3432 3837 
#module 24 size: 4 bs: 9.36086e-101
1561 4411 4546 7307 
#module 25 size: 18 bs: 1.11022e-16
621 1221 2407 2683 3184 4127 4249 4288 5436 6316 7306 7442 7844 7977 8804 8856 9304 10181 
#module 26 size: 2 bs: 3.14107e-101
143 7423 
#module 27 size: 2 bs: 2.53584e-101
4277 4629 
#module 28 size: 3 bs: 3.93856e-101
2914 3830 4530 
#module 29 size: 4 bs: 9.77491e-102
3347 3605 4161 8969 
#module 30 size: 11 bs: 4.71867e-101
197 630 1107 2438 3039 3057 3479 5942 6647 10192 11119 
#module 31 size: 3 bs: 8.9786e-101
2807 6875 8010 
#module 32 size: 3 bs: 4.67805e-101
2048 8385 9162 
#module 33 size: 4 bs: 2.62127e-101
1559 2988 4837 5332 
#module 34 size: 3 bs: 9.87549e-101
5590 9347 11589 
#module 35 size: 5 bs: 1.04282e-101
207 208 4193 5429 9315 
#module 36 size: 2 bs: 3.53966e-101
981 6386 
#module 37 size: 2 bs: 4.59584e-101
4169 5133 
#module 38 size: 7 bs: 6.8373e-101
874 4300 4902 5249 6686 8132 10699 
#module 39 size: 2 bs: 3.59063e-101
8144 10245 
#module 40 size: 3 bs: 9.40773e-101
5100 7019 9441 
#module 41 size: 2 bs: 6.52673e-101
4659 6695 
#module 42 size: 2 bs: 9.67605e-101
236 7687 
#module 43 size: 7 bs: 5.55112e-15
3062 3681 5794 7261 8496 10711 12426 
#module 44 size: 5 bs: 6.8399e-101
1484 3328 8484 8971 9055 
#module 45 size: 13 bs: 4.0745e-101
927 956 2990 3294 3643 3767 5416 5784 6176 6437 6822 9465 10532 
#module 46 size: 4 bs: 1.44797e-101
822 3661 4535 5156 
#module 47 size: 3 bs: 2.45071e-101
2144 2339 5259 
#module 48 size: 15 bs: 2.38344e-101
937 1865 2393 2456 2511 2880 4999 6240 7082 7368 7534 7535 8017 9210 10893 
#module 49 size: 2 bs: 1.85973e-101
3414 11097 
#module 50 size: 2 bs: 1.44723e-101
1927 4770 
#module 51 size: 5 bs: 5.54109e-102
5619 6001 8624 9131 10303 
#module 52 size: 2 bs: 3.5949e-08
4078 7189 
#module 53 size: 15 bs: 2.02807e-101
648 1460 3240 5576 5634 5791 6932 7050 7978 8009 8164 8187 9087 9851 10124 
#module 54 size: 19 bs: 8.81015e-101
894 2983 3032 3324 3936 4184 4241 4430 4841 5099 5467 5730 6587 7087 7198 7858 10885 11141 11335 
#module 55 size: 2 bs: 1.43556e-102
5370 6417 
#module 56 size: 3 bs: 9.65253e-101
5266 7297 10334 
#module 57 size: 3 bs: 9.7528e-101
608 8551 9296 
#module 58 size: 15 bs: 6.95151e-101
256 592 1989 3264 3275 3627 4236 5470 6327 6759 6960 7984 8019 8203 12605 
#module 59 size: 5 bs: 1.48125e-101
984 3553 5566 9795 10910 
#module 60 size: 3 bs: 1.26445e-101
1040 4062 9300 
#module 61 size: 3 bs: 3.08089e-101
4032 4884 6712 
#module 62 size: 2 bs: 9.05911e-101
2674 11245 
#module 63 size: 4 bs: 7.90068e-101
32 2955 9929 10695 
#module 64 size: 3 bs: 9.51058e-101
3117 5082 5087 
#module 65 size: 3 bs: 5.77141e-101
2021 2999 7249 
#module 66 size: 3 bs: 3.67142e-101
3142 5032 7171 
#module 67 size: 3 bs: 5.10722e-101
1914 4436 5623 
#module 68 size: 3 bs: 9.63844e-101
6895 7043 7796 
#module 69 size: 9 bs: 1.92276e-101
1222 1494 1786 1890 2298 2923 4423 7942 10662 
#module 70 size: 8 bs: 3.09974e-13
231 1474 4433 7661 8569 9131 9331 10662 
#module 71 size: 2 bs: 1.43856e-101
7417 12880 
#module 72 size: 2 bs: 5.22813e-101
3271 9232 
#module 73 size: 15 bs: 1.11022e-16
274 1045 1567 2070 2500 5112 5970 8285 8456 8768 9531 9544 9717 10512 10644 
#module 74 size: 3 bs: 7.48568e-101
3967 9758 10950 
#module 75 size: 2 bs: 2.74404e-101
1912 10053 
#module 76 size: 3 bs: 2.94926e-101
2352 5400 6969 
#module 77 size: 2 bs: 5.40886e-101
5302 8657 
#module 78 size: 18 bs: 9.51385e-101
3 144 1454 1818 2313 2342 4874 5224 5376 5804 7931 8041 8134 8575 9565 9875 10402 10649 
#module 79 size: 27 bs: 1.4859e-09
327 412 550 672 709 1490 1572 1672 1918 2225 3345 3595 3799 3803 4447 4472 4841 5050 5096 5434 5959 6575 6748 6964 9069 10140 10755 
#module 80 size: 47 bs: 0.00398466
7 894 970 1152 1311 1646 1804 2328 2450 3359 3463 3926 4020 4263 4349 4422 4442 4754 5050 5112 5141 5231 5601 5853 6052 6337 6519 6630 6990 7042 7183 7345 7729 7783 7849 7893 8251 8501 8856 9217 9665 9678 9936 9964 10662 10832 11614 
#module 81 size: 24 bs: 4.27226e-09
165 300 1448 1630 1818 1939 2439 3206 3467 3759 4241 4370 4734 5149 5225 5899 6009 6377 7714 8067 9573 10241 10586 10832 
#module 82 size: 27 bs: 2.83234e-07
318 638 717 727 867 1630 2744 3467 3521 4036 4222 4398 4760 4764 5099 5988 6294 6313 7758 7877 8650 8912 9219 9593 10195 11465 12638 
#module 83 size: 2 bs: 7.67376e-101
8481 10491 
#module 84 size: 16 bs: 1.20685e-11
785 1660 2710 3726 3832 4853 5001 5093 5485 5496 6043 6573 8318 8865 10372 11709 
#module 85 size: 29 bs: 6.38102e-08
20 924 1374 1693 1933 2329 2552 2709 2756 3299 3486 3532 4709 5182 5683 6324 6626 6736 7271 7766 7794 7839 8977 10238 10728 10747 10832 10888 11593 
#module 86 size: 13 bs: 2.07409e-11
1818 1992 2250 2965 3809 5247 6056 6904 7390 7700 8691 8992 10556 
#module 87 size: 4 bs: 1.21121e-101
791 3458 3633 6272 
#module 88 size: 15 bs: 0.777684
433 863 1904 2253 2576 2578 3153 3932 4694 5779 6362 6789 7008 7309 7876 
#module 89 size: 59 bs: 0.171147
67 623 665 914 952 1194 1604 1649 1766 1951 2167 2425 2670 2786 2981 3238 3510 3588 3632 3998 4297 4566 4794 4924 4991 5186 5196 5395 5426 5851 6404 6447 6463 6505 6577 6729 7322 7430 7548 7805 7856 8011 8024 8236 8267 8521 8664 9032 9041 9360 10088 10566 10861 10931 11014 11113 11231 11643 11936 
#module 90 size: 4 bs: 0.606797
1560 2853 6380 7015 
#module 91 size: 23 bs: 0.180914
346 554 992 1900 2294 3131 3420 3428 3615 3705 3952 4735 6013 6220 7317 8178 8227 9689 9701 10468 10581 11334 12609 
#module 92 size: 24 bs: 0.588608
304 713 1580 1821 2676 3802 4056 4115 4417 4879 6064 6476 6872 7287 8115 8294 8311 8571 9220 9774 9950 9973 10022 10629 
#module 93 size: 28 bs: 0.916721
184 305 424 473 629 649 1142 1412 1612 1998 2310 3179 3190 3209 4035 4701 5064 5175 5631 5784 8360 8386 8508 8701 9083 9139 9455 9662 
#module 94 size: 13 bs: 0.343841
1953 2143 2758 3560 4406 4436 4467 5691 7086 7455 10041 10501 10768 
#module 95 size: 10 bs: 0.217591
565 1253 1380 2505 2525 5829 5968 6314 6856 6962 
#module 96 size: 14 bs: 0.46327
793 2643 2668 3553 4393 4562 6465 6542 6674 9476 9846 10230 10955 11410 
#module 97 size: 15 bs: 0.448809
5 1717 4150 6203 8538 9326 9526 9644 10087 10174 10220 10225 10266 10392 11139 
#module 98 size: 21 bs: 0.68176
587 1227 1875 2419 2593 2980 3402 3404 3698 4217 4895 6580 6978 7034 8797 9158 9390 9999 10789 10992 10996 
#module 99 size: 5 bs: 0.728877
1545 1716 3771 4016 5935 
#module 100 size: 8 bs: 0.930253
391 1639 3332 4381 5007 5626 6348 8383 
#module 101 size: 6 bs: 0.834869
503 1033 3426 3793 9033 10568 
#module 102 size: 5 bs: 0.688782
5522 6788 7588 8868 12293 
#module 103 size: 9 bs: 0.99537
104 329 1655 4237 5371 6412 7288 8676 10264 
#module 104 size: 4 bs: 0.467463
4603 4951 5437 8209 
#module 105 size: 9 bs: 0.982581
430 3095 3860 3954 8214 9161 9243 9889 11100 
#module 106 size: 41 bs: 0.168454
551 586 700 849 872 1546 2060 2252 2775 2811 2999 3577 3717 3919 4420 4498 4670 4985 4989 5075 5106 5737 5794 6042 6135 6677 7343 7823 8059 8228 8300 8363 8394 8860 8889 10455 10515 10916 11079 11340 11572 
#module 107 size: 7 bs: 0.361959
2717 2978 3789 4019 6924 9963 11483 
#module 108 size: 4 bs: 0.465264
2498 3948 7509 9300 
#module 109 size: 5 bs: 0.830604
3322 3923 8759 9201 11377 
#module 110 size: 9 bs: 0.565789
230 1297 3937 4298 4825 6651 7353 9479 10956 
#module 111 size: 10 bs: 0.431358
1686 1793 2409 5202 5274 5317 5479 5492 6215 8881 
#module 112 size: 5 bs: 0.285772
2555 3226 4223 7834 10624 
#module 113 size: 8 bs: 0.293393
2376 2718 4123 4464 6768 6993 10922 11110 
#module 114 size: 16 bs: 0.209365
1344 1532 2001 2750 5065 5373 6166 6797 7195 7329 7801 8457 8786 9977 10591 11222 
#module 115 size: 22 bs: 0.115541
488 879 1548 2126 2321 4276 4646 4838 5359 5491 7179 7456 7657 7811 8071 8373 9047 9139 9551 10637 10771 10810 
#module 116 size: 6 bs: 0.489586
1044 4972 5595 6281 8099 10688 
#module 117 size: 13 bs: 0.231891
136 217 307 784 976 1414 1440 3181 5982 7750 8278 8937 9495 
#module 118 size: 10 bs: 1.00413
3093 3155 3858 4800 5674 5841 5864 10178 11703 12944 
#module 119 size: 17 bs: 1.0012
839 1299 1987 2242 4138 4633 5705 6633 7530 7954 8364 8489 9106 9761 9958 10512 10527 
#module 120 size: 4 bs: 0.909694
929 3495 4597 11157 
#module 121 size: 7 bs: 0.177679
2389 3518 3620 6532 6623 7880 9533 
#module 122 size: 20 bs: 0.264993
508 593 1480 2397 2622 2800 2901 2942 3365 3409 3784 4403 4475 7814 7904 8842 8919 9051 9273 9871 
#module 123 size: 11 bs: 0.705016
1177 2000 2650 2959 6231 6930 7256 8837 10100 10223 11024 
#module 124 size: 8 bs: 0.379414
191 1199 1536 3864 4931 6165 9598 10210 
#module 125 size: 56 bs: 1.05338
201 1275 1508 1553 2080 2240 2331 2621 2638 2770 2779 2879 2993 3818 3947 4007 4167 4520 5253 5289 5580 5594 5797 6393 6673 6845 7181 7394 7475 7621 7655 8035 8474 8518 8572 8670 8681 9025 9037 9130 9184 9188 9253 9728 9819 10114 10441 10482 10506 10538 10616 10940 10998 11087 11111 11219 
#module 126 size: 7 bs: 0.211104
814 3196 4195 7711 10007 10765 10873 
#module 127 size: 6 bs: 0.549788
6297 7146 9978 10287 10746 10802 
#module 128 size: 9 bs: 0.529802
299 726 1599 2785 4881 4963 9280 10929 11694 
#module 129 size: 5 bs: 0.603107
491 1641 4070 9509 10048 
#module 130 size: 6 bs: 0.205134
4049 5340 7139 7274 8953 9242 
#module 131 size: 7 bs: 0.312998
594 2565 3333 4530 6275 6479 8912 
#module 132 size: 8 bs: 0.25588
3151 4103 4180 4822 5412 10844 11010 11220 
#module 133 size: 5 bs: 0.148776
2533 2976 5783 6266 7134 
#module 134 size: 8 bs: 0.464175
1372 5908 6357 6738 7116 7890 9508 10252 
#module 135 size: 29 bs: 1.02745
76 580 871 1575 1700 1707 2187 3159 3315 3513 3943 4969 5366 5509 5653 6310 6383 6810 6840 7040 7359 7381 7617 8356 9534 9627 9757 10046 10729 
#module 136 size: 4 bs: 1.02254
3128 3129 6050 7664 
#module 137 size: 6 bs: 1.0458
1124 2125 2216 2429 2666 4455 
#module 138 size: 10 bs: 0.50512
152 1346 1444 1498 3019 5214 5574 5824 7001 10577 
#module 139 size: 13 bs: 0.890079
1065 1339 1708 1749 2324 2724 4804 5117 7078 7105 7917 8139 10617 
#module 140 size: 14 bs: 0.950448
242 613 1212 1668 3178 3601 6079 6709 6841 7227 7816 8335 9688 10147 
#module 141 size: 16 bs: 0.43236
97 601 880 1020 2052 2625 3797 4133 4736 4823 5074 6059 6982 7399 9298 10776 
#module 142 size: 5 bs: 0.858442
1526 6599 6711 7240 9740 
#module 143 size: 14 bs: 0.206998
243 320 439 1960 2356 5350 5660 5696 7396 8260 9786 10029 11083 11498 
#module 144 size: 11 bs: 0.298364
142 1072 1652 1843 2934 3291 3845 4957 5936 6008 6158 
#module 145 size: 31 bs: 0.38744
891 1259 1873 2297 2792 3280 3591 4201 4341 4529 5060 5078 5096 5506 5563 5749 6075 7090 7100 7200 7380 7961 8143 8155 8368 8940 9277 9742 10386 11434 11711 
#module 146 size: 6 bs: 0.105129
328 546 1551 3713 6365 6648 
#module 147 size: 18 bs: 0.587325
417 852 1053 1381 1711 2322 3333 4355 4764 6480 6806 6988 8271 8912 9338 10513 10876 11611 
#module 148 size: 14 bs: 0.990178
69 576 762 1509 1557 1584 4262 4337 5724 7529 9984 10404 10897 11102 
#module 149 size: 11 bs: 0.269107
5561 5614 6591 6925 7089 7986 8132 8403 8697 9011 12506 
#module 150 size: 10 bs: 0.927409
4512 5271 5365 5734 6340 6815 7863 8306 8372 9292 
#module 151 size: 8 bs: 0.438714
3200 4721 5947 5972 6629 6827 7355 7565 
#module 152 size: 10 bs: 0.141915
913 2111 2241 5086 6370 8145 9682 9745 9865 12636 
#module 153 size: 8 bs: 0.345499
348 1469 3134 4631 5304 7527 8293 10842 
#module 154 size: 9 bs: 0.116253
716 2512 3533 3730 4219 8732 8961 9991 10011 
#module 155 size: 10 bs: 0.700871
1868 2160 4121 5061 6769 7496 8484 10206 10820 10895 
#module 156 size: 11 bs: 0.549983
489 1197 1725 5367 5918 6061 6168 6411 6660 9164 9854 
#module 157 size: 5 bs: 0.417397
1359 1724 1876 5066 5872 
#module 158 size: 11 bs: 1.09419
1241 1510 2443 2517 3886 3935 7303 7821 9364 9816 12712 
#module 159 size: 7 bs: 0.130243
4272 4810 5197 6704 7051 9698 11016 
#module 160 size: 10 bs: 0.639775
990 1633 4062 6696 7285 8040 9249 10962 10969 11023 
#module 161 size: 6 bs: 0.449059
1207 3855 4961 5228 5807 10425 
#module 162 size: 14 bs: 0.338447
1889 2165 2861 2872 3123 3352 3362 6321 6892 6949 7538 7686 7727 9123 
#module 163 size: 8 bs: 0.746957
490 698 1698 4022 4339 6498 9156 10952 
#module 164 size: 11 bs: 0.62909
96 1309 2049 3109 5537 5924 6487 7541 9554 9774 10744 
#module 165 size: 4 bs: 0.468165
4704 5057 7570 8345 
#module 166 size: 25 bs: 0.923806
371 459 614 670 910 1155 1531 1985 2207 2615 3081 3910 4564 5206 5837 5965 7230 7432 7579 7606 8045 10130 10505 10847 11104 
#module 167 size: 30 bs: 0.525716
582 812 2098 2138 2366 2432 2442 2450 3116 3359 3756 4037 4401 4611 4662 4975 4979 5104 5106 5362 5870 5931 6687 6805 7374 8065 8879 10102 10197 10779 
#module 168 size: 17 bs: 0.793258
964 1541 1561 2173 2645 3334 3690 5063 5116 5487 6994 7032 8241 8380 8464 8839 9668 
#module 169 size: 17 bs: 0.474034
869 974 1050 3486 3772 5811 6375 6548 6825 7153 7666 7790 8000 8273 9964 10115 10686 
#module 170 size: 12 bs: 0.531678
2764 4425 4634 4711 5120 6065 7517 7942 8257 8488 9142 9751 
#module 171 size: 5 bs: 0.654614
1321 4340 5397 10230 10761 
#module 172 size: 8 bs: 0.579288
3340 5796 5962 7992 9400 9799 10230 10613 
#module 173 size: 12 bs: 0.924252
278 2451 3924 4443 5267 5806 6173 6779 6787 6900 9845 10012 
#module 174 size: 9 bs: 0.490373
1445 3058 3544 3551 5006 8535 11364 12590 12652 
#module 175 size: 6 bs: 0.937871
694 4026 7712 9212 9528 10788 
#module 176 size: 9 bs: 0.535199
1185 2311 4101 4733 5497 7141 8595 10699 10976 
#module 177 size: 7 bs: 0.438238
3037 3433 3573 9853 10382 10678 10975 
#module 178 size: 15 bs: 0.93423
2899 3499 4044 4616 5138 6235 6520 7169 7213 7467 8031 9147 9152 9348 10460 
#module 179 size: 4 bs: 0.735446
49 1258 4014 7018 
#module 180 size: 6 bs: 0.789979
4916 5285 6123 6895 7985 8871 
#module 181 size: 4 bs: 0.882574
5407 5659 6229 10178 
#module 182 size: 119 bs: 0.177642
313 385 668 675 823 1017 1163 1166 1190 1242 1475 1688 1755 1908 1957 2202 2275 2300 2307 2332 2362 2467 2514 2562 2611 2664 2812 2830 2858 2909 2935 3111 3222 3257 3289 3539 3568 3683 3702 3732 3752 3875 3901 3970 4005 4011 4017 4125 4344 4421 4687 4749 4958 5115 5127 5136 5153 5246 5257 5569 5589 5605 5685 5773 6263 6284 6514 6616 6678 6783 6801 6807 7023 7066 7223 7284 7483 7562 7584 7605 7651 7817 7831 7916 8085 8149 8157 8212 8524 8531 8536 8568 8593 8930 8972 9185 9218 9245 9454 9586 9660 9778 9878 9992 10047 10156 10169 10379 10389 10413 10436 10493 10582 10738 10814 10850 10965 12618 12896 
#module 183 size: 5 bs: 0.990937
1535 1640 1673 3745 10382 
#module 184 size: 10 bs: 0.348896
1919 2161 3825 4844 5639 6660 7462 9362 10641 10950 
#module 185 size: 8 bs: 0.586075
926 1520 2604 6120 7710 9488 10119 11026 
#module 186 size: 22 bs: 0.896205
66 357 948 1110 1723 1804 2074 2704 2985 4525 4529 6451 6757 7747 7982 8009 8216 8602 9317 10300 10523 13019 
#module 187 size: 8 bs: 0.861629
1809 2491 3400 7003 7738 8261 9139 10666 
#module 188 size: 21 bs: 0.936146
562 1122 1222 1494 1561 1666 1913 2507 3250 3269 3565 4473 4940 5856 7299 8108 8966 9864 10662 10780 11032 
#module 189 size: 6 bs: 0.138427
1627 4865 6674 10239 10849 12790 
#module 190 size: 4 bs: 0.578196
1665 4447 6300 7793 
#module 191 size: 11 bs: 0.494531
960 1191 1287 6087 6334 6586 7504 8428 9637 10024 10347 
#module 192 size: 10 bs: 0.130107
1540 2033 2284 2380 3638 4935 5109 5166 5850 9928 
#module 193 size: 9 bs: 0.319833
806 1645 1789 5455 5890 5948 7240 7914 8830 
#module 194 size: 5 bs: 1.00241
354 3038 3680 5187 8264 
#module 195 size: 11 bs: 1.05414
606 1149 5046 5360 5449 5606 5641 6217 7587 7615 7937 
#module 196 size: 12 bs: 0.490678
327 1556 2194 2472 3202 3742 4064 4091 4523 5341 5687 8982 
#module 197 size: 5 bs: 0.526471
2116 4112 5417 5768 8885 
#module 198 size: 15 bs: 0.388646
46 492 861 1127 1177 1459 4039 4248 5358 6368 6772 7679 9654 10522 11556 
#module 199 size: 24 bs: 0.684532
589 709 810 1348 1439 2428 3331 3478 3534 3606 4168 5458 5549 5901 6025 6113 6236 7231 8006 9020 9096 10152 11218 11473 
#module 200 size: 10 bs: 0.606382
895 1411 2227 3337 4495 5319 5334 8730 10020 10023 
#module 201 size: 7 bs: 0.715336
2228 2927 3155 3867 4840 8194 8683 
#module 202 size: 7 bs: 1.00009
864 2585 3454 3724 5356 5979 6007 
#module 203 size: 8 bs: 0.559349
2251 2884 6131 6221 7540 7842 8981 10308 
#module 204 size: 12 bs: 0.199413
57 3612 3768 4397 4801 5591 5800 5827 7755 7979 8086 10825 
#module 205 size: 4 bs: 0.812853
4112 5755 8760 9673 
#module 206 size: 7 bs: 0.853486
2082 2481 5602 6210 6349 6943 8699 
#module 207 size: 12 bs: 0.640975
1799 2523 2663 3703 3838 4561 6280 6456 7740 9342 9886 10134 
#module 208 size: 7 bs: 0.885413
343 2013 5261 6898 7242 7258 12125 
#module 209 size: 6 bs: 0.889666
61 1502 3678 4231 10737 11011 
#module 210 size: 8 bs: 0.304626
2395 3375 4677 4798 5646 5655 5971 9116 
#module 211 size: 3 bs: 0.845909
1712 2274 4790 
#module 212 size: 13 bs: 0.201892
1406 3169 4119 4151 5083 5453 5980 6944 8017 8170 8660 9290 9793 
#module 213 size: 4 bs: 0.81662
1225 2970 3524 10641 
#module 214 size: 5 bs: 0.318921
3395 4437 4459 5951 8662 
#module 215 size: 5 bs: 0.658972
5122 5239 5621 6660 9524 
#module 216 size: 16 bs: 0.869339
202 1501 2492 2503 2545 3305 4048 4374 4524 4605 5038 5158 5592 6954 6965 10316 
#module 217 size: 3 bs: 0.172359
3255 3624 9357 
#module 218 size: 8 bs: 0.144462
1522 2504 4568 4609 6741 8288 8431 8470 
#module 219 size: 22 bs: 0.908418
227 707 1785 2252 3121 3124 3150 3393 3641 3977 4018 4893 4922 5093 7149 7999 8346 9629 10346 10371 10816 10881 
#module 220 size: 28 bs: 0.306755
173 356 548 1300 1401 1846 1935 2149 2264 2278 2587 3021 3265 3464 3489 3753 4335 4839 5104 5382 5610 6798 6817 7730 9825 10166 10378 10687 
#module 221 size: 17 bs: 0.383372
98 860 1002 1294 2337 2511 2856 4318 4599 5054 5687 6819 7313 8466 9289 9413 10200 
#module 222 size: 22 bs: 0.21443
215 856 1054 1134 1731 1984 2435 2742 2896 2925 3346 3626 3743 4025 4448 5635 6442 7575 7662 8406 9465 10034 
#module 223 size: 8 bs: 0.409945
1209 1262 1476 1487 3264 9873 10568 10785 
#module 224 size: 6 bs: 0.840396
32 2186 5400 7780 7918 8711 
#module 225 size: 5 bs: 0.452342
301 4204 8141 8770 12527 
#module 226 size: 24 bs: 0.473063
268 1458 1719 2024 3729 4140 4594 4797 5119 5357 5588 5752 5820 5821 6251 8026 8790 8859 9200 9806 9848 10120 10336 10396 
#module 227 size: 4 bs: 0.983381
8130 9030 10196 10360 
#module 228 size: 3 bs: 0.562114
427 6011 9466 
#module 229 size: 12 bs: 0.981546
824 1988 3520 4075 4246 4883 5677 6036 7004 8608 10140 10381 
#module 230 size: 7 bs: 0.406919
299 526 2281 5423 7936 9416 10270 
#module 231 size: 5 bs: 0.352065
1517 3373 3867 4002 9857 
#module 232 size: 9 bs: 0.814455
1 365 2714 3060 3226 4089 4828 7592 10622 
#module 233 size: 11 bs: 0.363137
2420 3293 5232 5545 5575 6156 6607 7967 9649 9836 11788 
#module 234 size: 10 bs: 0.495103
194 374 1413 3235 3777 5694 6392 8725 10076 10669 
#module 235 size: 6 bs: 0.900231
1139 1699 2157 3503 4457 10660 
#module 236 size: 8 bs: 0.597053
16 5101 6861 7955 8499 8628 9414 9990 
#module 237 size: 7 bs: 0.795636
1188 1515 4102 4505 6814 7358 7802 
#module 238 size: 5 bs: 0.964577
1380 2281 2675 8401 10054 
#module 239 size: 6 bs: 0.150765
1200 1667 1781 2810 5249 8891 
#module 240 size: 3 bs: 0.317374
1537 4549 8175 
#module 241 size: 128 bs: 0.548388
203 264 529 800 807 893 896 959 1042 1172 1266 1286 1316 1354 1456 1587 1638 1788 1816 1830 1877 1888 1895 1970 1972 1976 2008 2029 2079 2206 2265 2266 2446 2521 2582 2589 2817 2936 2956 3001 3147 3379 3475 3603 3708 4108 4238 4352 4387 4486 4509 4519 4537 4747 4766 4836 4851 5017 5135 5176 5457 5476 5573 5596 5645 5648 5854 5886 5920 6034 6124 6295 6339 6617 6716 6719 6766 6883 7031 7035 7075 7199 7292 7425 7472 7523 7525 7705 7775 7803 8074 8075 8275 8458 8511 8541 8822 9075 9085 9329 9345 9499 9516 9561 9607 9672 9718 9744 9768 9921 9976 10157 10255 10383 10461 10502 10631 10635 10707 10713 10837 10855 10945 10990 11085 11130 11552 12902 
#module 242 size: 5 bs: 0.118122
3158 4024 5698 8384 10477 
#module 243 size: 21 bs: 0.142356
150 564 652 1396 1538 1776 4263 4432 5283 5663 5967 6021 6938 7133 7275 7836 8915 9531 9675 10344 12170 
#module 244 size: 6 bs: 0.529592
1393 4932 5780 7866 10887 12635 
#module 245 size: 10 bs: 0.958761
1369 1421 2372 2882 3036 3251 4540 6440 9849 11269 
#module 246 size: 9 bs: 0.200828
695 1196 1249 3346 3893 4124 7431 7453 8308 
#module 247 size: 10 bs: 0.370525
1007 5643 6218 6288 7458 7555 8246 8600 9804 10767 
#module 248 size: 8 bs: 0.11365
906 1038 6494 6808 8943 9079 9859 9895 
#module 249 size: 19 bs: 0.962612
211 485 493 494 699 1486 1606 1790 1842 1853 3138 3167 5216 7611 7659 7709 7995 9658 11701 
#module 250 size: 6 bs: 0.45784
1041 3097 3690 4373 10408 10751 
#module 251 size: 16 bs: 0.2283
260 934 1992 2953 3986 4471 5355 5857 5915 6029 7503 8392 9965 10024 10179 10709 
#module 252 size: 12 bs: 0.222967
274 845 1850 3213 4252 5023 7161 9453 9523 10049 10433 10901 
#module 253 size: 6 bs: 0.362009
515 5280 6164 6478 7564 8674 
#module 254 size: 14 bs: 0.892579
1203 2357 2624 4202 4887 4959 5121 5587 6774 7084 7717 8525 8529 9664 
#module 255 size: 56 bs: 0.858655
636 704 905 1123 1335 1512 1618 1914 2450 2736 3010 3114 3260 3498 3542 3689 3903 3916 3918 4230 4282 4317 4444 5518 5558 5559 5616 5665 5943 6111 6181 6335 6336 6425 6579 6638 6865 7071 7365 7720 7859 7935 7989 8061 8611 8785 9122 9529 10551 10766 10769 10826 10838 10854 10899 11717 
#module 256 size: 15 bs: 0.993453
967 1135 1140 1695 1710 2212 3201 5242 5902 6450 6899 7692 8537 10312 12661 
#module 257 size: 7 bs: 0.760387
550 633 4702 4937 5903 6083 6095 
#module 258 size: 7 bs: 1.03889
1578 2616 5840 7251 7258 7541 8639 
#module 259 size: 9 bs: 0.584905
41 3339 4134 5429 7361 7607 7991 8181 10831 
#module 260 size: 15 bs: 1.0149
95 1483 1878 3030 4135 5126 5204 5581 5936 6012 8762 9525 9569 10705 10835 
#module 261 size: 10 bs: 0.44614
802 1330 2133 2168 3125 4437 6931 7058 10043 12679 
#module 262 size: 17 bs: 0.430975
302 617 911 2038 2916 2928 3763 4622 5612 5695 5883 6441 7346 7489 10123 10335 11211 
#module 263 size: 8 bs: 0.217965
4424 5018 5201 5528 7039 8621 9734 9750 
#module 264 size: 34 bs: 0.654639
122 314 620 973 1244 1343 1352 2677 3665 4216 4554 4711 4977 5193 5351 5556 5632 5665 5898 6311 6432 6578 6590 6922 7888 8038 8081 9678 9893 10579 10700 11106 11162 11435 
#module 265 size: 6 bs: 0.75776
1832 5190 6032 8238 8787 9548 
#module 266 size: 6 bs: 0.894104
5002 5908 7804 8923 9204 11242 
#module 267 size: 23 bs: 0.793593
933 1657 1804 2075 2620 3008 3172 3311 3399 3582 3920 3965 5022 5143 5335 6536 6873 7218 7468 8221 8292 9475 10367 
#module 268 size: 12 bs: 0.850651
1183 2047 2255 2636 3198 4437 5221 6290 6749 9368 9956 12679 
#module 269 size: 5 bs: 0.145075
6055 6614 9159 9645 10014 
#module 270 size: 11 bs: 0.461997
64 1167 4033 6098 6262 9066 9581 9688 9781 11009 11119 
#module 271 size: 18 bs: 0.855063
941 1704 2384 2701 3056 3812 4962 6047 6800 7881 8899 8995 9674 9944 10466 10732 11124 12990 
#module 272 size: 29 bs: 0.935188
899 1156 1430 1726 2563 3279 3440 3508 3791 3878 3962 4326 4567 4613 4707 4860 5051 5146 5157 6599 7406 7719 7941 9274 9709 10256 10355 10472 11150 
#module 273 size: 7 bs: 1.06151
1133 2725 2754 5332 6139 7081 10128 
#module 274 size: 3 bs: 0.372735
2569 8088 10689 
#module 275 size: 3 bs: 0.783022
317 7852 10978 
#module 276 size: 9 bs: 1.00276
140 1170 2224 2243 2254 4156 5607 8080 8904 
#module 277 size: 9 bs: 0.923121
6560 7300 7379 9151 9960 10165 10870 11209 11712 
#module 278 size: 6 bs: 0.351567
2101 2822 6731 8110 8850 10576 
#module 279 size: 3 bs: 0.854798
3353 6559 7339 
#module 280 size: 14 bs: 0.317323
892 1100 2193 3185 3474 6846 7123 7130 8121 8559 8597 9034 9407 10601 
#module 281 size: 9 bs: 0.182559
2688 3559 4465 6107 7262 8946 9165 9397 10003 
#module 282 size: 26 bs: 0.937267
174 1024 1073 1492 1503 1811 2072 2475 2600 3005 3168 3316 3514 3550 5091 5866 6744 7426 7668 7909 8242 8570 9223 9334 10376 11005 
#module 283 size: 14 bs: 0.98587
804 1126 1369 1677 3891 3915 4287 4292 4380 5683 7307 7390 11211 11258 
#module 284 size: 9 bs: 0.850004
2598 2726 4848 5759 6028 8686 8769 9284 11255 
#module 285 size: 12 bs: 0.731243
598 763 860 1267 3113 3751 3921 5277 5876 6148 9295 10434 
#module 286 size: 7 bs: 0.925125
2530 4827 5599 5627 6571 6855 7492 
#module 287 size: 5 bs: 0.642598
760 1678 3306 5987 7581 
#module 288 size: 8 bs: 0.183931
102 3736 5598 5753 6184 6639 9175 9234 
#module 289 size: 5 bs: 0.993437
2147 6484 8749 8794 11171 
#module 290 size: 5 bs: 0.138497
2178 3455 4312 4471 7819 
#module 291 size: 5 bs: 0.603819
1505 4621 6671 10171 12746 
#module 292 size: 8 bs: 0.815174
881 1753 6511 6576 6939 7857 9951 11020 
#module 293 size: 9 bs: 0.328327
2969 3567 3581 3748 4831 5702 8550 9255 10963 
#module 294 size: 6 bs: 1.03301
1694 2969 3194 7297 7826 9013 
#module 295 size: 5 bs: 1.09255
2012 2735 4122 4592 7519 
#module 296 size: 8 bs: 0.301728
8 308 771 3174 3487 6212 6349 8614 
#module 297 size: 13 bs: 0.643412
2734 3328 5316 5997 6517 7217 7905 8854 9247 9399 9606 9997 10846 
#module 298 size: 14 bs: 0.370645
1525 2344 3234 4030 4207 4812 5059 5801 6142 7079 8324 9566 9858 11006 
#module 299 size: 6 bs: 0.405204
1817 5234 5906 6151 6987 10864 
#module 300 size: 7 bs: 0.104532
3133 5223 5694 9111 10182 10242 11705 
#module 301 size: 9 bs: 0.103886
1622 3781 6705 8985 9114 9150 10091 10329 11400 
#module 302 size: 4 bs: 0.839613
6109 6770 8033 10623 
#module 303 size: 12 bs: 0.802352
482 789 1916 3839 4313 4511 4575 6114 7377 7798 8122 11980 
#module 304 size: 5 bs: 0.660253
811 3764 3995 5482 9571 
#module 305 size: 8 bs: 0.165923
4273 4487 6183 7193 8503 9394 9697 11109 
#module 306 size: 7 bs: 0.237223
1577 2868 4411 4528 7398 8208 10039 
#module 307 size: 13 bs: 0.394412
480 1125 2042 2662 4177 4932 5481 6527 6791 7156 7519 10475 11177 
#module 308 size: 26 bs: 1.00502
216 364 539 774 2320 2747 2941 3100 3706 3726 3914 4272 4380 4534 5182 5647 5808 5831 6426 7075 7167 7228 8001 8059 8279 8374 
#module 309 size: 13 bs: 0.994364
885 1624 1696 2086 2885 4618 5273 5963 6175 6509 8015 8468 10535 
#module 310 size: 26 bs: 0.237776
339 1245 1250 1569 2340 3227 3299 3512 3908 4768 5740 6024 6188 6195 6596 7298 7810 7912 8205 8411 9179 9238 9265 9397 10226 11027 
#module 311 size: 24 bs: 0.610744
56 1179 1235 1648 2619 2849 3610 3853 4780 4843 4852 4997 6066 6167 6549 6707 7062 7628 8419 9939 10305 10673 11551 11613 
#module 312 size: 9 bs: 0.516644
176 585 2586 3046 4600 4815 5155 6428 7478 
#module 313 size: 7 bs: 0.250084
3083 3220 5328 6384 7207 7791 11694 
#module 314 size: 7 bs: 0.931683
310 1263 1845 2649 5077 5349 13043 
#module 315 size: 40 bs: 0.88645
172 312 362 370 377 420 560 656 803 919 943 1233 1373 1867 2185 2302 2607 3287 3429 3490 3500 4247 4792 4967 6669 7650 7749 7903 8287 8340 8921 10033 10151 10414 10599 11074 11189 11192 12582 12977 
#module 316 size: 9 bs: 0.786898
141 1434 1681 6226 6298 8913 10427 10618 13018 
#module 317 size: 16 bs: 0.569023
33 145 619 1308 1399 3922 4135 4290 4494 4680 7260 7999 8164 8402 8833 11678 
#module 318 size: 23 bs: 0.590616
631 835 873 1513 1514 1523 1703 1994 3214 3240 3602 5040 5415 5901 7854 7885 8766 9020 9202 9460 9860 9970 10303 
#module 319 size: 16 bs: 0.21221
618 1027 1516 1929 2088 2946 4340 5718 6085 6385 7902 9146 10272 10574 10716 11182 
#module 320 size: 7 bs: 0.483061
1783 3354 3687 4471 9102 9447 11001 
#module 321 size: 3 bs: 0.748023
3786 5089 6701 
#module 322 size: 16 bs: 0.198595
691 761 1106 1936 3477 3794 3817 4244 5056 5823 7543 7678 8376 9077 10251 10933 
#module 323 size: 10 bs: 0.453518
86 647 1347 1597 2239 3366 4232 6323 6828 7114 
#module 324 size: 8 bs: 0.341999
2308 3247 4781 5686 6186 8878 9537 10908 
#module 325 size: 10 bs: 0.194328
882 2665 3191 5410 5672 6657 6728 7769 8950 9028 
#module 326 size: 9 bs: 0.128204
1081 1134 5188 5322 5545 6466 6947 8773 11216 
#module 327 size: 10 bs: 0.710358
180 666 667 3608 4451 5472 8814 9316 9693 11448 
#module 328 size: 6 bs: 0.674268
135 2473 4427 5282 10439 11694 
#module 329 size: 7 bs: 0.834523
1095 1751 4496 7626 7699 9444 11168 
#module 330 size: 5 bs: 0.944951
1128 2157 2530 3432 6643 
#module 331 size: 6 bs: 0.433403
851 989 1595 1634 7770 10320 
#module 332 size: 5 bs: 0.285272
2854 3051 3871 4221 8243 
#module 333 size: 3 bs: 0.990138
1427 5624 10938 
#module 334 size: 8 bs: 0.216615
2009 2658 4041 4882 6848 7744 9503 11086 
#module 335 size: 12 bs: 0.225604
359 2301 2387 3650 4664 4726 6255 6424 6585 7054 7484 7808 
#module 336 size: 8 bs: 0.500742
1565 1687 1829 2575 3157 7028 7884 10587 
#module 337 size: 10 bs: 0.911195
907 1558 3107 5132 5816 6041 6593 6658 7985 10682 
#module 338 size: 7 bs: 0.767501
1463 1949 7194 7667 9336 9975 10675 
#module 339 size: 7 bs: 1.09524
1314 1495 3546 4137 6959 9966 10054 
#module 340 size: 9 bs: 0.82151
1202 2502 3810 3811 4431 5088 5337 6300 7097 
#module 341 size: 10 bs: 0.779727
1265 2208 2347 3631 3884 4639 7145 7596 8127 9666 
#module 342 size: 4 bs: 0.182443
1956 6019 9016 10407 
#module 343 size: 14 bs: 0.819023
1001 3013 3064 3388 3617 3710 4209 4616 4755 5034 6031 6517 7457 7986 
#module 344 size: 46 bs: 0.547728
64 190 1267 1572 1805 1812 2513 3254 3299 3411 3444 3471 3494 3907 4523 4543 4632 5004 5531 5557 5564 5939 6018 6273 6317 6491 6644 6646 6761 6950 7032 7119 7364 7663 8694 8734 9138 9211 9456 9584 9612 9759 10222 10526 10883 11393 
#module 345 size: 10 bs: 0.542982
986 1962 2919 3261 3390 4228 4363 5507 6613 10230 
#module 346 size: 26 bs: 0.619631
222 1231 1351 1433 1539 2110 2213 2243 2496 3101 4057 4350 4732 5042 6416 7017 7683 8405 8714 8720 8892 9057 9639 9876 9943 10236 
#module 347 size: 3 bs: 0.618127
4126 9671 10943 
#module 348 size: 8 bs: 0.420816
1274 2221 3657 7701 8542 10325 10951 11169 
#module 349 size: 7 bs: 0.473953
3481 5656 6898 8389 8581 9092 10976 
#module 350 size: 5 bs: 0.437701
13 1845 4903 6784 8933 
#module 351 size: 11 bs: 0.947785
309 2243 3206 3216 3557 4631 5198 6662 9026 11029 11447 
#module 352 size: 13 bs: 0.628065
595 954 2732 2955 3068 3870 4607 5372 5448 5860 6001 7758 9981 
#module 353 size: 6 bs: 0.715625
923 2929 5270 5340 6020 6396 
#module 354 size: 7 bs: 0.719461
1780 3485 5344 5620 5863 6095 10703 
#module 355 size: 4 bs: 0.558498
813 940 2681 7006 
#module 356 size: 24 bs: 1.03085
718 1808 3195 3218 3706 4353 4682 4698 4811 5415 5699 6931 7026 7058 7095 7133 7839 8114 8161 8834 9144 9624 10310 10586 
#module 357 size: 6 bs: 0.952561
4753 5430 6543 7046 7424 7847 
#module 358 size: 10 bs: 1.04448
611 1975 5179 5954 6037 6948 7059 8906 10291 11635 
#module 359 size: 25 bs: 0.844856
345 352 1519 1586 2461 2542 2825 2863 3245 3569 3675 3823 4061 5099 6022 6899 6904 7722 8632 8637 8901 8958 8988 10595 10813 
#module 360 size: 32 bs: 0.459526
292 553 945 1342 1566 2299 2436 3112 4059 4789 4866 4968 5268 5650 5735 5852 5880 5896 6052 6434 6720 7438 7493 7546 8970 8984 9019 9356 9681 10233 10593 12475 
#module 361 size: 8 bs: 0.574491
85 1573 3720 4259 4550 6554 7742 10403 
#module 362 size: 5 bs: 0.585577
79 2494 2708 8862 10930 
#module 363 size: 32 bs: 0.404514
589 642 711 1362 1635 2067 2931 3411 3595 3751 3799 4700 4867 5045 5151 5309 5560 5956 5988 6092 6268 6474 7170 8026 8427 8692 8790 8828 9623 9901 11196 11415 
#module 364 size: 4 bs: 0.68734
842 925 2508 6088 
#module 365 size: 7 bs: 0.242672
1710 3769 4366 5833 8908 9733 10488 
#module 366 size: 6 bs: 0.279216
2186 4347 4484 6209 9714 10808 
#module 367 size: 5 bs: 0.725448
3633 4239 6601 9931 10193 
#module 368 size: 8 bs: 0.388932
822 3453 3545 3621 5478 7267 7281 10463 
#module 369 size: 5 bs: 0.980431
902 1942 5071 7221 10670 
#module 370 size: 11 bs: 0.439189
1822 3883 4728 5662 5836 6003 6486 6953 7645 8282 10081 
#module 371 size: 15 bs: 0.246331
619 631 921 2068 2554 2629 3079 3350 3436 3486 4384 6015 6745 10002 10609 
#module 372 size: 5 bs: 0.66417
365 1447 7568 7670 8422 
#module 373 size: 12 bs: 0.597273
367 541 610 2135 2778 2987 3047 3896 6589 7551 7874 9186 
#module 374 size: 5 bs: 0.339495
2623 5688 6062 6947 10298 
#module 375 size: 46 bs: 1.06998
30 1260 1356 1728 2391 2612 3326 3682 3718 3987 4503 4507 4647 4787 4824 4890 5130 5354 5384 5406 5501 5741 5874 5911 6283 6721 6850 7052 7419 8101 8148 8712 9134 9589 9616 9683 9820 9957 10470 10827 10974 11000 11112 11367 11443 12899 
#module 376 size: 33 bs: 0.482861
39 65 273 461 537 1013 2071 2580 2812 4174 4175 4311 4917 5145 5184 5510 5882 5925 6063 6919 6980 7176 7238 7330 7498 8191 9305 9371 9501 9771 10416 10611 11513 
#module 377 size: 71 bs: 0.773995
110 155 157 238 569 588 1593 1692 2018 2171 2486 2518 2535 2712 3045 3207 3230 3237 3274 3374 3511 3537 3806 3894 3906 4179 4689 5022 5226 5237 5394 5439 5775 5932 6030 6086 6112 6609 6649 6694 6906 6996 7098 7135 7576 7702 7957 8138 8190 8352 8366 8495 8843 8866 8929 9418 9513 9588 9677 9926 10098 10153 10299 10534 10659 10739 10777 10852 10932 12624 12792 
#module 378 size: 6 bs: 0.692761
1443 5495 6755 7283 9857 10734 
#module 379 size: 10 bs: 0.433956
26 2235 5636 6188 6659 8404 8480 9115 9494 10884 
#module 380 size: 7 bs: 0.30341
2476 4071 6229 7094 7146 7521 10351 
#module 381 size: 11 bs: 0.475888
474 983 1350 3400 6254 6329 6620 6674 6884 7005 10620 
#module 382 size: 12 bs: 1.09883
1542 2903 4046 4378 4642 6868 6923 7689 7929 8357 10762 10763 
#module 383 size: 4 bs: 0.509398
1697 7563 7759 9332 
#module 384 size: 9 bs: 0.351001
333 379 1071 1284 2684 3020 4416 4637 10057 
#module 385 size: 6 bs: 0.283982
2083 2658 3472 3872 4302 12933 
#module 386 size: 9 bs: 0.433402
257 2036 2123 2249 3586 5822 7864 8592 10504 
#module 387 size: 5 bs: 0.272633
505 768 804 1732 3813 
#module 388 size: 13 bs: 1.08535
58 1338 3276 3739 3805 4255 7259 7934 8140 8886 9401 10279 10902 
#module 389 size: 6 bs: 0.211416
2506 3024 3296 4315 7625 10602 
#module 390 size: 3 bs: 0.114463
1120 3677 8305 
#module 391 size: 12 bs: 0.157019
1078 1204 2095 2452 2651 4077 6252 8006 8408 9818 10640 10691 
#module 392 size: 3 bs: 0.327199
3349 3505 7147 
#module 393 size: 21 bs: 0.82146
361 571 1113 1500 2269 2407 3401 3439 3634 4154 4361 5168 5764 6265 6467 7069 7112 8206 9721 10706 11031 
#module 394 size: 47 bs: 1.05668
947 968 1224 1482 1856 1906 2410 2685 2721 2961 3558 3742 3956 3961 4367 4514 4615 4628 4653 4915 4923 4970 5565 5818 6733 7384 7868 8584 9168 9182 9261 9363 9617 9794 9821 9971 10246 10566 10661 10795 10803 10841 11159 11266 11372 11565 12594 
#module 395 size: 7 bs: 0.332817
1006 1415 1887 2092 6418 7237 9910 
#module 396 size: 9 bs: 0.602468
1824 2572 2967 3248 5347 6334 6374 6645 8923 
#module 397 size: 37 bs: 0.393415
116 182 216 495 835 847 1119 1222 2759 2891 3571 4003 4256 4531 5189 5240 5530 5853 6076 6372 6401 6496 6506 7119 7175 7451 7767 8828 8920 9125 9216 9572 9601 10344 10455 10634 11487 
#module 398 size: 14 bs: 0.871689
25 267 1112 1395 2027 2218 3377 4990 4996 6219 7327 9365 9914 11158 
#module 399 size: 5 bs: 0.322924
596 4182 5721 7624 8461 
#module 400 size: 5 bs: 0.378831
3304 3432 4552 4937 8162 
#module 401 size: 7 bs: 0.171798
527 5725 7321 8118 9233 10598 11699 
#module 402 size: 10 bs: 0.87743
456 995 2115 3994 4267 6091 6408 6520 7669 9427 
#module 403 size: 6 bs: 1.04991
3719 6164 6356 7900 8323 8675 
#module 404 size: 6 bs: 0.693245
78 2426 2733 4096 7404 8476 
#module 405 size: 4 bs: 0.143953
335 3990 6986 7277 
#module 406 size: 9 bs: 0.415847
383 1660 3110 3704 4601 5239 5322 5769 6869 
#module 407 size: 7 bs: 0.517171
3216 4534 6508 6598 9375 9890 10708 
#module 408 size: 13 bs: 0.153382
572 998 1518 1637 1886 3026 3242 3285 3436 5499 8047 9197 9225 
#module 409 size: 10 bs: 0.154307
2120 2651 4080 6202 6504 6539 8290 9786 10274 11571 
#module 410 size: 21 bs: 1.03458
580 2210 2730 3407 3590 3865 4110 4650 4806 5638 6352 6661 7850 7901 8750 9343 9587 9915 10658 12642 12881 
#module 411 size: 8 bs: 0.867958
2510 3384 4132 4946 6023 6893 8172 8174 
#module 412 size: 6 bs: 0.911164
6433 6877 7785 8277 8942 11099 
#module 413 size: 5 bs: 0.438036
861 3462 5300 6836 7375 
#module 414 size: 9 bs: 0.177344
854 1147 1205 4004 5236 5985 6521 8087 8847 
#module 415 size: 4 bs: 1.00973
2915 9135 9673 9696 
#module 416 size: 15 bs: 0.512283
646 2639 3574 4031 4158 4834 5402 5477 6606 7109 7344 8421 8579 8671 10532 
#module 417 size: 10 bs: 1.01811
15 1745 1896 5152 5311 5810 5875 8353 8599 9439 
#module 418 size: 24 bs: 1.09825
584 961 1759 1911 3263 3840 3899 4533 5571 5766 6141 6420 6454 7027 7514 7903 8253 8858 9767 10198 10341 10487 10967 12756 
#module 419 size: 11 bs: 1.0099
1563 2647 5170 5180 6174 6702 7080 7343 8504 9157 10964 
#module 420 size: 11 bs: 0.176279
412 486 708 1292 1455 3578 6746 7762 7878 10311 10724 
#module 421 size: 10 bs: 0.507964
1272 1576 4426 5928 6879 9694 10067 10253 11215 11436 
#module 422 size: 6 bs: 0.276644
4193 6589 7789 8204 10390 10925 
#module 423 size: 10 bs: 0.824226
1228 2247 3042 4268 4413 6338 7247 8627 9267 9468 
#module 424 size: 5 bs: 1.076
23 3927 6688 6693 8630 
#module 425 size: 16 bs: 0.877399
99 579 1973 2553 3323 4360 4755 5318 6121 7582 8044 8270 8348 8617 8841 10118 
#module 426 size: 13 bs: 0.402067
1950 2487 3312 3470 3630 3867 4795 5276 6826 7315 8737 9046 11694 
#module 427 size: 7 bs: 0.730496
1709 3118 4088 7882 8103 9073 9500 
#module 428 size: 29 bs: 0.907811
1116 1277 1507 2367 2537 2635 2897 2898 4023 4145 4366 4739 4886 4966 5615 6128 6630 6725 7042 7585 8200 8410 9027 9209 9217 9490 9580 9812 10103 
#module 429 size: 18 bs: 0.96081
982 997 1752 1862 2087 2663 2966 3143 3145 5877 6990 7220 7506 8116 8682 9560 10586 10693 
#module 430 size: 15 bs: 0.85755
1429 2077 2780 3548 3639 4399 6039 6045 6177 6354 7244 9002 9814 11428 11694 
#module 431 size: 54 bs: 0.119909
37 183 512 631 637 640 976 1213 1217 1261 1312 1353 1632 1672 1848 2457 2520 2945 3536 3642 3725 3958 4400 4477 4526 4573 4691 4976 5076 5171 5212 5475 5917 6027 6171 6395 6482 6745 7454 7794 7832 8066 8336 8487 8964 9177 9256 9540 10128 10609 11338 11453 12545 12595 
#module 432 size: 30 bs: 0.427816
72 214 303 783 903 1720 1827 2462 2557 2698 3386 3424 3541 3554 3663 3755 4319 4500 4571 5432 6944 7083 7182 7253 8727 9423 9656 10343 10736 10942 
#module 433 size: 6 bs: 0.331711
265 1180 2338 3456 3722 8927 
#module 434 size: 7 bs: 1.06315
715 1333 5037 5442 6382 8245 9450 
#module 435 size: 11 bs: 0.80774
1114 3308 3699 3971 4521 4683 5431 5862 6366 7590 8777 
#module 436 size: 13 bs: 0.309024
1008 1280 1403 1847 2137 2354 6245 6301 6920 8801 9621 10809 12264 
#module 437 size: 13 bs: 0.670846
207 1303 2755 4422 5042 5227 5951 7958 9104 9784 10001 10188 10248 
#module 438 size: 16 bs: 0.934658
79 1382 1866 2270 2821 3338 4070 4093 4408 4723 5100 6665 8117 9285 9319 11840 
#module 439 size: 43 bs: 0.199807
166 270 1626 1795 2028 2103 2691 2699 2838 2889 3236 3244 3382 3829 3835 3898 4143 4338 4577 4610 5526 5554 5867 6035 6058 6523 7470 7723 8142 8299 8582 8672 8706 8728 8817 9007 9049 9919 10564 10944 11108 11451 12003 
#module 440 size: 10 bs: 0.882909
3824 4382 4955 5163 5249 6708 10097 10337 10544 10980 
#module 441 size: 9 bs: 1.00271
77 557 3946 4116 5160 6611 6941 9149 10374 
#module 442 size: 5 bs: 0.984128
2121 8021 8806 9224 11273 
#module 443 size: 10 bs: 1.08417
188 497 3053 4076 7501 8048 8716 9498 10982 11635 
#module 444 size: 8 bs: 0.785147
848 1341 1777 3256 5538 6516 7367 8259 
#module 445 size: 4 bs: 0.877284
239 462 6995 7418 
#module 446 size: 4 bs: 0.639676
1076 3758 5826 5949 
#module 447 size: 7 bs: 0.590601
1015 1512 2939 3232 5689 6374 6985 
#module 448 size: 11 bs: 0.19959
878 1457 2480 2807 3380 3712 4541 6769 8327 8704 9553 
#module 449 size: 25 bs: 0.872705
322 779 1322 1656 1733 2341 2501 2516 3585 3975 3978 4128 4436 5676 5765 6154 6359 6409 6419 6520 6728 8042 8089 9379 10833 
#module 450 size: 5 bs: 0.290386
2449 3040 4943 7837 7996 
#module 451 size: 18 bs: 0.630133
678 1616 1796 2107 3193 3614 3854 4460 4480 4685 4756 5331 5984 7927 8189 8963 9514 11183 
#module 452 size: 5 bs: 0.903264
1096 1859 1965 5714 8580 
#module 453 size: 27 bs: 0.725433
7 561 873 927 1255 1349 1629 1983 2141 2741 2829 3080 3444 3770 6108 6896 7684 8106 8225 8409 8549 8573 9200 9277 9712 9867 10321 
#module 454 size: 17 bs: 0.408641
466 1340 1999 2246 2427 3088 6631 6929 7270 7382 8610 8820 8954 9918 11030 11442 12626 
#module 455 size: 4 bs: 0.751695
1571 2119 4870 8349 
#module 456 size: 37 bs: 0.58446
341 1115 1178 1326 1396 1778 1878 2108 2719 3597 3856 4142 4240 4380 4717 5134 5165 5832 6082 6090 6143 6213 6538 7085 7107 7873 7895 8515 8939 9100 9467 10132 10277 10306 10557 10918 12874 
#module 457 size: 25 bs: 0.949941
339 1245 2154 2267 2340 4544 4788 5019 5167 5310 5586 6304 6421 6596 7074 7696 8411 8661 8717 8851 9110 9655 10226 10836 10937 
#module 458 size: 10 bs: 0.996059
972 4214 5460 5922 5973 7091 7279 9091 9380 11540 
#module 459 size: 3 bs: 0.934615
2163 2824 8029 
#module 460 size: 22 bs: 0.196458
185 1100 1119 1145 1378 1897 2128 2745 3231 3941 4043 4218 5363 5917 6477 6528 6957 7119 8206 9069 9203 11509 
#module 461 size: 4 bs: 0.988743
1702 3215 3243 6258 
#module 462 size: 14 bs: 0.551822
1806 1852 3394 3795 6006 6261 6880 6928 7766 7993 8860 8965 10589 10948 
#module 463 size: 8 bs: 0.232653
2324 2473 3220 3485 5266 8554 9838 10535 
#module 464 size: 7 bs: 0.158791
1914 2219 2413 5532 8434 8688 9236 
#module 465 size: 7 bs: 0.67067
1281 1468 2529 4548 8378 9195 10058 
#module 466 size: 11 bs: 0.265481
1359 1450 3261 4228 5299 5751 6237 6565 8240 8771 11694 
#module 467 size: 15 bs: 0.678096
531 652 2439 3613 3803 5529 5787 6264 6377 6628 6748 7756 9577 9723 11335 
#module 468 size: 7 bs: 0.834918
578 834 988 1181 2051 6407 9600 
#module 469 size: 17 bs: 0.565921
695 2524 2568 3296 3666 3843 4033 5378 6467 6765 7648 7786 7952 9172 9775 10606 10934 
#module 470 size: 15 bs: 0.160252
276 367 388 2694 2753 3217 3502 3852 4880 6361 7286 8229 10315 10443 11024 
#module 471 size: 6 bs: 0.107922
1067 2445 3640 4220 6656 10327 
#module 472 size: 5 bs: 0.946585
1782 4152 6557 6826 7037 
#module 473 size: 9 bs: 0.462397
1210 5900 5927 6307 7264 7966 9985 10619 11223 
#module 474 size: 13 bs: 0.895077
860 927 2038 2204 2373 4307 4984 5252 5444 6398 6526 9486 10886 
#module 475 size: 9 bs: 0.90947
888 1609 1689 1794 7502 8056 8721 9435 10175 
#module 476 size: 11 bs: 0.339714
382 454 728 3246 3492 5129 7024 7133 7544 8297 9547 
#module 477 size: 25 bs: 0.663277
469 1010 1539 2531 3002 3599 3706 3863 3877 4038 4061 4178 4213 4817 5369 5665 6046 6763 6945 7363 7766 8987 9006 9286 10942 
#module 478 size: 8 bs: 0.759953
441 566 1581 2627 4029 6287 6802 9536 
#module 479 size: 9 bs: 1.0244
679 1150 1319 1438 1631 2118 3038 3652 8443 
#module 480 size: 11 bs: 0.102652
2526 2702 3163 4504 6190 7190 8526 8689 8700 10209 10944 
#module 481 size: 46 bs: 0.553405
472 543 991 1085 1499 1729 1787 1864 2078 2176 2262 2727 2909 2954 2998 3137 3186 3320 3468 3566 3694 3776 4351 4499 4982 5346 5539 5599 5603 5745 6256 6346 6400 6597 6799 7240 7397 7652 8321 8362 8802 8935 9089 9967 10116 10866 
#module 482 size: 18 bs: 0.560415
1053 1583 2046 2273 2577 2743 3460 3484 5440 5570 6176 6445 8163 8986 9502 9595 10951 11098 
#module 483 size: 13 bs: 0.648069
368 820 5562 5669 5953 6562 7151 7616 8435 8998 9150 9266 9333 
#module 484 size: 8 bs: 0.718951
467 951 1582 4176 4468 7715 8235 9252 
#module 485 size: 21 bs: 0.827783
432 809 1364 1594 2703 2924 3589 3973 4762 5788 5994 8166 8317 8355 8455 8772 8959 10764 10772 10896 12720 
#module 486 size: 4 bs: 0.397818
2441 3258 6754 7289 
#module 487 size: 10 bs: 0.31286
653 1219 2590 2937 4358 6424 7963 8382 8641 9743 
#module 488 size: 31 bs: 0.178624
48 50 463 826 2520 3076 3416 3563 3587 3623 3782 3799 3966 4092 4206 4821 5213 6615 6862 6901 7886 7892 8964 9251 9420 9922 10062 10358 10406 10531 10834 
#module 489 size: 11 bs: 0.939264
347 866 1247 1416 2574 3015 3277 5189 8563 10432 10754 
#module 490 size: 6 bs: 0.817812
3391 3820 4173 5508 6438 10546 
#module 491 size: 13 bs: 0.38943
108 518 1391 3233 3561 3809 4212 5052 7926 7930 8656 10293 13055 
#module 492 size: 15 bs: 0.163961
1057 1198 1735 1968 3493 3741 4323 4375 4679 6100 7255 9196 10051 10509 12885 
#module 493 size: 7 bs: 0.575763
413 1685 4556 4850 5098 5895 10201 
#module 494 size: 11 bs: 0.22924
369 787 1797 3996 5043 5743 6691 9382 9954 11228 11602 
#module 495 size: 4 bs: 0.293859
3446 5926 7168 9813 
#module 496 size: 5 bs: 0.848518
1108 1398 4170 6207 8435 
#module 497 size: 8 bs: 0.126493
875 3019 3253 4546 5429 8722 10215 10286 
#module 498 size: 16 bs: 0.757314
1303 1539 1713 2151 3421 3968 4006 4796 5413 5793 6945 7113 7691 7971 8810 9071 
#module 499 size: 9 bs: 1.07643
774 1732 4098 5088 5830 5998 8008 8957 11488 
#module 500 size: 3 bs: 0.910275
2150 2680 9961 
#module 501 size: 15 bs: 0.252694
60 458 1026 1460 2351 4949 5291 5461 6242 7471 8026 8976 9236 10508 11073 
#module 502 size: 20 bs: 0.304853
1653 1825 2097 2918 3874 4545 4989 5548 6567 6835 7337 7571 8618 8845 9404 9862 10448 11210 11657 12584 
#module 503 size: 13 bs: 0.303614
35 1771 1773 1858 2597 3355 4775 6455 7211 8051 10968 11205 12726 
#module 504 size: 7 bs: 0.710111
27 351 431 841 2093 6355 10871 
#module 505 size: 14 bs: 0.488155
1544 1917 2054 2911 3939 5308 5542 6416 6464 6473 7334 7409 8307 9949 
#module 506 size: 13 bs: 0.267848
344 876 1758 3204 4688 6276 6756 7482 7995 8420 8605 9297 10415 
#module 507 size: 17 bs: 0.491036
795 1528 2147 2295 2671 3604 3975 4563 4858 6250 6619 7326 7600 7682 10073 10614 12663 
#module 508 size: 4 bs: 0.282834
830 7249 9009 9400 
#module 509 size: 10 bs: 1.08825
1029 1039 1732 5233 7505 8077 8135 8717 9099 9902 
#module 510 size: 12 bs: 0.803051
773 3988 4166 4885 5762 7160 8522 9570 9692 10710 11481 12228 
#module 511 size: 13 bs: 0.804882
1825 1924 2729 4586 4595 4692 4807 6381 7263 10224 10399 10778 12679 
#module 512 size: 11 bs: 0.989892
389 786 2043 3092 3132 3688 6569 7328 7879 8283 12679 
#module 513 size: 3 bs: 0.13038
3166 5993 6917 
#module 514 size: 8 bs: 0.217425
2481 3435 5067 5272 5813 6550 7013 11163 
#module 515 size: 8 bs: 0.219252
1003 3180 4357 6752 7500 7706 8424 9790 
#module 516 size: 6 bs: 0.684904
1058 1213 6071 6676 8339 10370 
#module 517 size: 23 bs: 0.170122
440 563 650 839 1524 1779 2496 2802 3121 3202 3324 3641 3863 3969 4066 4764 5093 5419 6134 6353 7373 8346 9531 
#module 518 size: 5 bs: 0.275717
819 1543 3963 5259 9273 
#module 519 size: 9 bs: 0.825053
367 476 2485 3162 3246 3387 3866 8406 10894 
#module 520 size: 9 bs: 0.991282
256 392 778 1764 3389 4785 5327 7463 10863 
#module 521 size: 9 bs: 0.463853
2655 3162 3422 6544 6558 7968 8322 9663 10684 
#module 522 size: 5 bs: 0.214989
6326 7614 8112 8812 11015 
#module 523 size: 6 bs: 0.780543
915 1385 1946 5419 6736 11593 
#module 524 size: 8 bs: 0.910524
3403 3405 4062 8475 9250 10068 10959 11146 
#module 525 size: 5 bs: 0.466661
2081 5058 6718 6777 9657 
#module 526 size: 11 bs: 0.215091
36 2003 2543 2606 5421 5512 7049 7439 7469 7656 11088 
#module 527 size: 10 bs: 0.127244
1462 2190 2695 3888 4606 4930 5986 8397 9096 11092 
#module 528 size: 4 bs: 0.691692
1005 4040 4050 6524 
#module 529 size: 11 bs: 0.31289
206 710 1315 2943 3223 3400 6535 7923 8350 8556 9327 
#module 530 size: 12 bs: 0.82983
2296 4466 5928 6271 8310 8640 9026 9062 9226 10514 10543 10997 
#module 531 size: 12 bs: 1.05122
655 724 1056 3575 3764 6299 6563 6610 8109 8565 8613 10146 
#module 532 size: 5 bs: 0.351379
1184 2030 6686 6834 9457 
#module 533 size: 4 bs: 0.952072
441 5284 6610 8777 
#module 534 size: 25 bs: 0.626373
638 1394 2090 2679 3144 3767 3968 4199 4235 4385 4492 4761 4854 4875 5173 6636 7773 9095 9614 9894 10000 10045 10653 10911 11025 
#module 535 size: 36 bs: 0.677031
592 828 884 1324 1564 1616 2007 2242 2412 2911 2964 2971 3171 3288 3318 3692 3862 4343 4458 5000 5222 5411 5546 5782 5808 6236 6758 7690 7731 7764 8187 8250 8330 9239 10192 10840 
#module 536 size: 7 bs: 0.73274
316 3659 5165 7398 7847 9192 10811 
#module 537 size: 10 bs: 0.89921
1534 3189 4929 4950 5390 5868 7248 7391 8543 8811 
#module 538 size: 36 bs: 0.25723
153 261 681 853 1106 1161 1384 1936 2759 3202 3410 4069 5093 5208 5310 5330 6073 6134 6137 6197 6739 6903 7299 7376 7416 7429 7522 8815 9098 9167 9293 9995 10238 10273 10933 12679 
#module 539 size: 11 bs: 0.856588
791 2124 3122 3645 3673 4171 4356 6982 7336 8741 11267 
#module 540 size: 16 bs: 0.889129
116 293 570 634 1102 2145 2509 4956 7809 9504 10042 10306 10634 10671 10927 11004 
#module 541 size: 15 bs: 0.675295
622 1036 1119 1491 3156 3372 4314 6742 8012 8091 8609 10113 10184 11069 12494 
#module 542 size: 4 bs: 0.320091
1937 2057 8761 10292 
#module 543 size: 11 bs: 0.97594
829 1730 3635 4192 4269 5667 6253 6572 6913 7860 10995 
#module 544 size: 7 bs: 0.669118
2073 7872 8462 8920 9086 9446 10149 
#module 545 size: 7 bs: 1.05759
1056 2330 3090 3761 5336 6582 8231 
#module 546 size: 15 bs: 0.927677
22 1914 2808 3501 4846 7511 7554 7862 7943 8309 9396 9941 9948 10017 10970 
#module 547 size: 11 bs: 0.963938
22 1011 1310 2584 3798 6839 7014 9941 10476 10970 11135 
#module 548 size: 57 bs: 0.10762
237 575 790 1269 1715 2181 2199 2223 2236 2314 2522 2558 2757 2828 2894 3025 3239 3433 3573 3618 3774 3859 4117 4131 4501 4510 4527 4661 4971 5250 5389 5438 5447 5486 5710 5747 5983 5989 6216 6764 7452 7583 7591 7629 7910 8864 9143 9487 9650 9737 9881 10086 10453 10770 10807 10970 12725 
#module 549 size: 14 bs: 0.334295
1861 2519 3089 3748 5393 5881 6358 6857 7119 7208 9104 9296 10904 13043 
#module 550 size: 17 bs: 1.09747
861 883 1744 1969 3807 4291 4521 4582 4678 5697 6211 7172 7319 8107 8116 9021 10626 
#module 551 size: 5 bs: 0.103716
2220 4532 7319 7610 9221 
#module 552 size: 13 bs: 0.629321
999 1054 1238 1851 3029 4301 4833 5361 6126 6472 7386 8673 10919 
#module 553 size: 20 bs: 0.370888
1211 1273 2333 2707 3540 3993 4308 4327 4779 4921 6373 6918 6984 7077 7266 7647 7685 8266 8719 10674 
#module 554 size: 4 bs: 0.289834
1533 3368 6724 9359 
#module 555 size: 34 bs: 0.50758
421 544 847 1436 1915 1947 2198 2287 2548 2596 3054 3317 4645 5321 5511 5681 5731 5923 6371 6600 6825 7070 7102 7323 8289 8329 8407 9260 9373 10143 10324 10457 10474 10715 
#module 556 size: 5 bs: 0.693452
2056 2433 5474 6871 8036 
#module 557 size: 6 bs: 0.759604
861 1530 1898 2085 4028 5789 
#module 558 size: 8 bs: 0.368459
1721 2099 2835 4345 4713 7412 8147 8565 
#module 559 size: 135 bs: 0.686836
12 34 37 47 183 390 583 680 782 1022 1175 1409 1473 1615 1674 1734 1826 1907 1940 1947 1980 2132 2164 2166 2184 2209 2214 2256 2280 2301 2378 2404 2443 2465 2528 2537 2588 2609 2618 2660 2839 2851 2893 2897 2933 3022 3023 3203 3206 3211 3319 3341 3351 3364 3417 3461 3609 3644 3728 3766 3787 3909 3951 4000 4005 4052 4068 4234 4285 4778 4784 4855 4909 5107 5142 5287 5339 5379 5446 5454 5459 5462 5463 5531 5548 5577 5858 5986 6005 6054 6149 6406 6540 6566 6583 6717 6718 6723 6830 6979 7087 7411 7413 7550 7634 7828 7912 8272 8410 8447 8494 8588 8636 8813 8845 8853 9442 9490 9531 9679 9682 9708 9741 9791 9792 9850 9955 10018 10031 10869 10947 11027 12641 12862 13003 
#module 560 size: 27 bs: 0.742286
173 1240 1417 2289 3208 3286 3747 3753 4085 4335 4764 4910 5104 5241 5760 6805 7087 7307 7373 7429 7506 7627 7818 8019 9531 10687 11145 
#module 561 size: 5 bs: 0.20291
690 2025 2238 3205 7945 
#module 562 size: 12 bs: 0.677787
93 764 1838 4469 5702 6349 8195 8231 8873 9173 10083 10972 
#module 563 size: 5 bs: 0.12168
1380 2646 5191 6267 8917 
#module 564 size: 8 bs: 0.572421
74 213 2583 3350 3930 8717 9492 11072 
#module 565 size: 15 bs: 0.629937
74 263 581 835 870 898 1669 2035 4722 5498 5746 6070 8990 10080 10473 
#module 566 size: 9 bs: 0.476813
394 1028 2805 4665 4995 7056 10231 10733 11878 
#module 567 size: 19 bs: 0.185483
765 1079 1108 1240 2573 3482 3506 3757 3974 3976 4651 4715 4903 5118 5494 5553 8752 9433 10044 
#module 568 size: 5 bs: 0.496096
4608 4795 5568 6325 10628 
#module 569 size: 23 bs: 0.341563
196 558 637 963 976 1039 1882 2038 2058 2653 2696 3135 4141 4543 4822 5901 7264 8219 8982 9276 9288 9465 10853 
#module 570 size: 9 bs: 0.787148
2746 3073 3376 5309 5827 9478 9884 10126 10348 
#module 571 size: 15 bs: 0.856547
574 1103 1305 1863 2815 3547 4588 4612 4912 4939 5761 6852 6876 8369 9431 
#module 572 size: 59 bs: 0.230598
139 447 900 938 1068 1080 1357 1426 1840 2094 2290 2292 2359 2787 3173 3252 3412 3733 3938 4042 4083 4109 4146 4515 4696 4864 4939 5073 5254 5364 5374 6196 6233 6369 6722 6881 6905 7120 7173 7239 7325 7388 7393 7449 7807 7894 7896 7940 8093 8207 8262 8331 9294 9422 10213 10331 10458 11490 12249 
#module 573 size: 7 bs: 1.05341
1836 2474 4310 6610 7519 10244 13043 
#module 574 size: 9 bs: 0.319601
931 1614 2151 2550 5343 5420 7220 7451 10857 
#module 575 size: 10 bs: 0.478485
1137 1833 1849 3549 3822 4051 7308 9766 10127 10928 
#module 576 size: 16 bs: 0.32522
233 1105 1774 2129 2739 3483 4099 5593 6330 6730 7298 7772 7966 8367 9145 10717 
#module 577 size: 16 bs: 0.369829
1001 1257 2908 3527 3746 4757 5802 5988 6376 6863 6878 8310 8715 9464 9620 10155 
#module 578 size: 35 bs: 0.117805
74 120 507 1661 2371 2421 2538 2950 3188 3660 3668 3964 4449 4542 4580 4845 4904 5356 5386 5671 6016 6199 6664 6672 6750 7448 8332 8684 8931 9841 9906 10490 10541 10791 11733 
#module 579 size: 7 bs: 0.686466
2298 2614 3686 3836 8960 9485 9512 
#module 580 size: 7 bs: 0.594246
654 806 2086 4198 7703 9206 9625 
#module 581 size: 7 bs: 0.490392
1926 2837 3959 4286 6564 10628 10712 
#module 582 size: 15 bs: 0.725632
124 630 2196 3667 3684 3796 3843 6132 6910 7510 7967 8347 9704 9750 10993 
#module 583 size: 3 bs: 0.144044
3091 9330 9344 
#module 584 size: 12 bs: 0.903545
780 1021 1613 2483 6627 7623 7921 7946 8133 8186 9489 10934 
#module 585 size: 8 bs: 0.791396
595 3744 5904 5919 7058 7169 7437 7800 
#module 586 size: 62 bs: 0.837334
74 222 319 323 475 642 709 1035 1059 1182 1608 2044 2460 2515 2706 2746 2864 3121 3303 3436 3451 3486 3606 3655 3773 3917 4194 4243 4257 4325 4693 4891 4956 5292 5352 5649 5901 5969 6235 6337 6449 7021 7126 7254 7334 7840 8105 8124 8314 8724 8920 9020 9096 10319 10605 10612 10859 10891 11123 11196 11419 12679 
#module 587 size: 14 bs: 0.889487
84 720 1535 3450 3651 4820 5013 5516 6794 7990 9325 10584 10830 11413 
#module 588 size: 10 bs: 0.345742
109 683 3229 6033 7203 7354 7794 8082 8332 10496 
#module 589 size: 7 bs: 0.573884
1150 2026 2693 3837 5020 8083 8932 
#module 590 size: 7 bs: 0.826767
777 4153 6274 7185 8586 9044 9632 
#module 591 size: 6 bs: 0.62167
2960 3398 4435 4506 5005 6654 
#module 592 size: 11 bs: 1.07812
2353 3162 4411 5212 5628 6344 6627 9069 9074 10868 11272 
#module 593 size: 20 bs: 0.71735
683 702 1491 1583 1763 3067 3106 4371 5642 5658 5781 6501 6655 6874 7298 7701 8055 8193 8675 9036 
#module 594 size: 20 bs: 0.714574
318 718 1630 2689 4165 5144 5306 5541 5910 6078 6734 7087 7485 7972 7994 8159 8256 9579 9783 11962 
#module 595 size: 18 bs: 1.04633
29 2450 2700 3259 3968 5050 5398 5405 5782 7131 8098 8263 8710 9018 9040 9239 10517 10518 
#module 596 size: 14 bs: 0.637984
922 1628 1690 4139 6831 7166 7209 7370 8001 8857 9309 9765 10282 11012 
#module 597 size: 14 bs: 0.729331
437 625 1650 2237 3065 3078 3478 5388 6201 8446 9924 10349 10800 11095 
#module 598 size: 20 bs: 0.933334
652 1598 1854 1941 2041 3525 5114 5375 5425 6021 6094 6122 6189 6626 8105 8158 8286 8365 9817 9880 
#module 599 size: 12 bs: 0.728564
18 434 1437 3221 3529 3616 5619 5861 8876 8968 9063 10191 
#module 600 size: 14 bs: 0.686135
318 2293 2319 2463 7893 8256 8720 8856 8880 9417 10483 10484 11591 12678 
#module 601 size: 26 bs: 0.186814
1302 2309 2346 2361 2594 3268 3816 4097 4294 5295 5629 5941 6000 6102 7131 7758 8159 8230 8274 8302 8895 9994 10913 10971 10977 11007 
#module 602 size: 11 bs: 0.400418
1381 1441 1485 3344 5525 6333 6422 6537 7020 10236 10904 
#module 603 size: 13 bs: 1.01976
208 1287 2104 4245 5199 5294 5640 7269 7305 7473 7739 8716 10680 
#module 604 size: 13 bs: 0.143876
210 1539 3269 3669 5763 6351 7042 7148 7804 7847 8007 9934 10839 
#module 605 size: 10 bs: 0.73908
177 511 792 996 2312 3851 3925 6089 7110 9859 
#module 606 size: 9 bs: 0.443634
1527 3594 3785 4271 7898 8054 8598 9193 10240 
#module 607 size: 5 bs: 0.902461
4461 5084 7462 8615 8775 
#module 608 size: 7 bs: 1.03427
1488 3104 3880 4639 4859 8948 11018 
#module 609 size: 5 bs: 0.246318
2926 5418 6247 6675 9959 
#module 610 size: 9 bs: 0.551273
1660 1874 3035 4805 5174 5675 6640 8589 10121 
#module 611 size: 7 bs: 0.446793
917 5258 5754 7447 8818 10828 12639 
#module 612 size: 28 bs: 0.712237
442 475 1405 1419 1472 1611 2325 2377 2482 2799 3052 3243 3676 4296 4956 5465 5817 6942 7104 7133 7188 7372 7554 7746 8001 8111 10104 10948 
#module 613 size: 13 bs: 0.690187
1714 1748 2855 4006 4422 5103 5467 5995 6048 7697 8274 8896 10001 
#module 614 size: 6 bs: 0.419695
3832 7889 9457 10168 10889 11497 
#module 615 size: 12 bs: 0.749384
722 1451 1636 2406 3506 4624 6772 7000 7007 8028 8053 9374 
#module 616 size: 4 bs: 0.2639
1144 1237 2037 8907 
#module 617 size: 19 bs: 0.387784
555 559 705 1214 1375 1619 3324 4164 5445 5910 6176 7016 7063 7333 7877 8887 8958 10565 11463 
#module 618 size: 16 bs: 0.449375
1740 1778 2385 2592 3361 3636 4233 5101 5144 5431 5467 5541 6772 6914 9361 10188 
#module 619 size: 8 bs: 0.688882
159 1148 2977 3226 5555 5848 7716 9039 
#module 620 size: 11 bs: 0.68588
228 360 832 1193 2142 2640 3685 7165 7568 9481 11274 
#module 621 size: 15 bs: 0.276947
552 691 1485 1628 1979 3481 3559 4349 5933 6046 7229 8348 8889 9590 10692 
#module 622 size: 21 bs: 1.02353
210 1857 2761 2908 3324 3740 3895 4092 7855 8274 8280 8513 8576 9001 9317 9833 9936 10685 10813 10832 13065 
#module 623 size: 11 bs: 0.214752
1421 1493 3108 5613 6309 7649 8546 9198 9884 10001 11380 
#module 624 size: 10 bs: 0.488936
2383 3711 3997 6512 6541 7407 7827 9008 9458 10904 
#module 625 size: 23 bs: 1.0128
476 939 1511 2050 2644 3256 3843 3866 3989 4205 4328 4547 4863 5104 5168 5323 6414 6864 7159 8217 10555 10606 10638 
#module 626 size: 33 bs: 0.173505
514 857 966 1452 2109 2472 2819 3219 3381 3444 3570 4700 5281 5415 5637 5893 6305 6367 6388 7044 7088 7170 7184 7405 7429 8114 8323 9177 9798 9831 10062 10319 10966 
#module 627 size: 28 bs: 0.198027
887 1031 1049 1282 1620 1760 1798 1807 2912 3061 3647 3869 3997 5209 5865 5958 6615 6795 6908 7044 7516 8719 9685 9901 10512 10532 10784 10804 
#module 628 size: 4 bs: 0.906048
4006 5123 8564 10236 
#module 629 size: 9 bs: 1.04478
1737 1768 4224 4283 5144 5813 9518 9777 10122 
#module 630 size: 6 bs: 0.927682
3889 4986 5929 8668 10679 11412 
#module 631 size: 6 bs: 0.498286
530 3697 5294 6180 9386 10558 
#module 632 size: 43 bs: 0.792183
783 847 1428 2490 3449 3531 4090 5045 5085 5185 5323 5408 5630 5774 5803 6143 6236 6448 6462 6588 6641 6697 6715 6742 6757 6805 6909 6990 7131 7825 7873 8176 8213 8333 8991 9268 9752 9852 10284 10369 10755 10758 11134 
#module 633 size: 5 bs: 0.966612
25 487 5652 8647 8695 
#module 634 size: 9 bs: 0.709909
714 815 2064 3509 4405 5503 5808 5888 6602 
#module 635 size: 4 bs: 0.314205
4900 5278 8258 11338 
#module 636 size: 26 bs: 1.02252
54 158 513 831 1328 1360 1958 2146 3297 3543 3649 4190 4559 5010 5950 6399 6823 7707 8150 8249 8765 9661 9888 10010 10650 12575 
#module 637 size: 50 bs: 0.379546
75 318 411 894 924 1608 1610 1636 1938 2408 2496 3396 3716 3863 4061 4149 4200 4369 4383 4772 4829 5287 5431 5730 6508 6546 6625 6706 7157 7299 7408 7466 7839 7971 8020 8286 8877 8918 9217 9496 9733 9783 9986 10632 10858 10898 10923 10926 11451 12678 
#module 638 size: 10 bs: 0.200993
475 721 4197 5725 5916 6641 6698 9808 10323 10462 
#module 639 size: 16 bs: 0.348647
137 1303 3497 3940 4159 4302 4522 4655 5467 5667 7205 7242 7342 7804 8936 9070 
#module 640 size: 13 bs: 1.08015
14 3473 3479 4630 4842 5139 5647 6529 6927 7125 8104 9959 10192 
#module 641 size: 7 bs: 0.227977
1270 5348 6647 7420 8437 8910 9403 
#module 642 size: 7 bs: 0.235989
271 987 2559 3950 4054 7680 9061 
#module 643 size: 6 bs: 0.154589
1084 2984 5404 6525 7713 9630 
#module 644 size: 29 bs: 0.907032
28 171 994 1101 2277 2354 2720 3007 3084 3301 3584 3819 3861 3876 4243 4569 4643 5584 5732 5869 6193 6239 7115 8361 8882 9324 9605 10722 11021 
#module 645 size: 72 bs: 0.22783
352 525 818 857 980 1109 1129 1130 1218 1452 1706 1739 1741 2552 2746 2862 2913 2947 3043 3299 3480 3625 3742 4316 4428 4481 4544 4752 4869 4938 4993 5026 5112 5281 5290 5375 5385 5970 6278 6507 6903 7044 7055 7112 7170 7364 7515 7622 7981 8025 8114 8257 8307 8412 8803 8955 9278 9339 9591 9788 9912 10388 10409 10420 10512 10639 10936 11008 11093 11243 11491 12949 
#module 646 size: 148 bs: 0.536766
38 332 452 521 532 758 767 769 797 901 979 1009 1012 1030 1062 1082 1159 1173 1195 1239 1283 1295 1313 1323 1424 1590 1801 1840 1885 1922 1990 2148 2211 2232 2273 2452 2539 2682 2820 2846 2848 2870 2907 2957 3082 3154 3270 3360 3466 3519 3679 3848 3882 3949 4001 4293 4295 4346 4446 4490 4636 4666 4731 4814 4826 4835 4868 4901 5194 5218 5220 5392 5396 5500 5533 5633 5678 5913 5952 6067 6069 6150 6228 6350 6427 6443 6485 6653 6692 6740 6767 6793 6813 7068 7072 7154 7389 7441 7518 7553 7594 7735 7838 7861 7966 8210 8222 8304 8342 8400 8426 8436 8523 8557 8655 8835 8874 8905 9109 9323 9410 9415 9510 9539 9555 9559 9604 9855 9879 9953 9980 10070 10093 10218 10259 10511 10515 10654 10677 10749 10752 10799 11067 11155 11256 11270 11340 12645 
#module 647 size: 38 bs: 0.530669
1504 1872 2497 2661 2972 3003 3282 3292 3664 4053 4407 4676 4939 5502 6069 6905 6961 7356 7966 8331 8414 8432 8440 8452 8552 8555 9171 9294 9299 9395 9550 9832 9870 10213 10274 10515 11490 11551 
#module 648 size: 9 bs: 0.405442
3310 3562 5012 5547 6663 6907 8978 8980 12495 
#module 649 size: 7 bs: 0.403347
325 1819 2551 4474 4638 5036 7310 
#module 650 size: 40 bs: 0.346793
1161 1214 1291 1376 2055 2472 2713 2860 3202 3486 3841 3899 4081 4699 4774 5622 5727 5756 6144 6206 6515 6751 7096 7175 7875 7897 8265 8736 8808 8903 8915 9040 9181 9773 10002 10469 10547 10672 10812 12586 
#module 651 size: 27 bs: 0.29994
116 381 518 689 847 966 1014 1088 1176 1465 1466 1479 1489 2804 3459 3516 3571 4415 5736 6076 6130 6161 6821 8920 9969 10062 10449 
#module 652 size: 32 bs: 0.114594
225 676 1048 1881 3063 3999 4280 4445 4470 5178 5391 5398 5582 5792 6054 6499 6545 6574 7257 7851 8295 8381 8493 8888 9015 9720 9896 10192 10405 10517 10725 11107 
#module 653 size: 120 bs: 0.28478
6 272 320 366 403 463 573 624 657 669 975 1130 1174 1223 1290 1318 1363 1377 1422 1552 1651 1682 1754 1820 1831 1835 1909 1966 1993 2015 2304 2343 2373 2484 2488 2527 2991 3113 3130 3161 3423 3452 3461 3695 3933 3941 3972 4107 4241 4299 4383 4560 4855 4861 5128 5183 5192 5209 5231 5265 5296 5463 5546 5660 5708 5717 5885 5921 6699 6853 7036 7047 7048 7122 7196 7200 7347 7378 7434 7547 7771 7794 7849 7867 7871 7873 8095 8125 8131 8216 8315 8494 8645 8656 8757 8813 8989 8999 9042 9045 9353 9521 9546 9565 9591 9747 9811 9824 9979 10211 10447 10569 10693 10701 10718 10735 10920 10999 11708 12019 
#module 654 size: 23 bs: 1.07147
300 446 534 1098 1383 2040 2385 3535 3572 3890 4481 4861 5181 5283 6328 6867 7363 8233 9436 9603 10079 10862 11495 
#module 655 size: 93 bs: 0.296823
481 539 897 1069 1074 1153 1243 1441 1477 1496 2155 2320 2447 2493 2687 2836 2979 3383 3385 3437 3448 3527 3592 3750 3813 3847 3873 4129 4172 4208 4395 4429 4464 4485 4837 5079 5165 5307 5891 6364 6430 6448 6471 6641 6652 6870 6899 6936 6967 7130 7444 7454 7674 7779 7835 7911 7960 7968 8160 8179 8234 8416 8659 8890 8894 8944 8945 9279 9355 9408 9419 9515 9594 9641 9810 9852 10056 10164 10173 10267 10547 10557 10583 10651 10698 10723 10819 10879 11134 11136 11193 11385 11601 
#module 656 size: 36 bs: 0.206108
29 528 567 641 1132 1234 1289 2069 2921 3055 3290 3336 4073 4274 4626 4675 4697 4819 5217 5618 5835 6002 6270 6390 6481 6621 6747 7140 7226 7507 7530 7572 7932 9318 10359 10773 
#module 657 size: 26 bs: 1.0346
350 1160 2152 2403 2411 3449 3576 3790 5035 5275 6391 6468 6829 6964 6992 7011 7044 7290 7351 8254 9040 9208 9893 10135 10208 12492 
#module 658 size: 12 bs: 1.09153
106 600 877 1332 1750 2455 2760 4264 5744 6257 6956 8975 
#module 659 size: 15 bs: 0.37587
798 1601 2434 2437 3425 3580 3646 4706 6147 7009 7324 7658 8416 10627 10981 
#module 660 size: 17 bs: 0.547492
21 1063 1390 2117 2454 2818 5345 5770 5946 5992 6249 7067 7526 7865 9068 10377 10560 
#module 661 size: 4 bs: 0.951138
868 8776 9117 12893 
#module 662 size: 19 bs: 0.91807
1664 1880 2466 3808 4372 4518 5342 5707 6208 7549 7724 8296 8451 8562 8590 8983 9163 10533 11369 
#module 663 size: 7 bs: 0.872418
3050 3419 3923 4587 7435 9840 10356 
#module 664 size: 32 bs: 0.936279
163 334 382 1090 1402 1418 2315 2335 2723 2767 3014 3210 3893 4386 4497 4729 6081 6222 7099 8642 9176 9800 9923 10094 10107 10140 10317 10787 10914 11445 11584 11966 
#module 665 size: 50 bs: 0.996614
53 658 687 1276 1453 1506 1549 1688 1803 1871 2039 2100 2172 2394 2766 2850 2871 2892 3105 3289 3469 3693 3792 5097 5229 5297 5809 6080 6679 6882 6973 7191 7252 7660 7781 8072 8351 8601 8788 8789 9222 9322 9477 9843 9891 9916 9998 10111 10133 10172 
#module 666 size: 11 bs: 0.130919
2489 2564 2656 2910 3465 4744 5021 6457 6459 6539 8703 
#module 667 size: 17 bs: 0.527948
621 1471 2259 3670 3944 3982 5436 6833 7751 7977 8804 8851 9545 9667 9687 10987 11475 
#module 668 size: 5 bs: 0.965404
2177 3831 5080 8867 11405 
#module 669 size: 7 bs: 0.736607
1738 2875 4412 5996 6887 8800 8852 
#module 670 size: 10 bs: 0.309369
301 677 1371 3212 4988 8615 8666 8869 10234 10247 
#module 671 size: 7 bs: 0.331229
2286 2929 7078 7556 8825 10108 10610 
#module 672 size: 17 bs: 0.555379
52 858 909 1658 2268 3004 3119 3741 4377 4462 4572 6341 6710 7491 7694 9517 11117 
#module 673 size: 9 bs: 0.375968
299 688 820 2048 4062 5387 8782 9844 10439 
#module 674 size: 14 bs: 0.597182
522 1092 1784 2002 2076 5055 5443 5551 5782 7316 7633 8070 9058 9473 
#module 675 size: 12 bs: 0.91172
468 527 4227 4583 6626 6778 6897 7870 8084 10275 10636 11241 
#module 676 size: 5 bs: 0.100544
1025 4298 4786 6809 8740 
#module 677 size: 36 bs: 0.133966
637 686 1240 1554 1563 1778 2696 3071 3139 3597 4513 4529 4579 5380 5892 5964 6017 6074 6116 6773 6966 7045 7899 7938 8247 8459 8696 8792 8826 9189 9194 9535 9584 10082 10936 12297 
#module 678 size: 16 bs: 0.16991
209 295 1928 1981 2349 3059 4189 4196 5483 5976 6475 7383 8663 9695 10375 10781 
#module 679 size: 71 bs: 1.08991
51 836 843 1189 1229 1387 1791 2254 2257 2365 2422 2601 2793 2951 2996 3012 3170 3325 3379 3857 4079 4084 4144 4649 4745 4889 4964 4973 5008 5320 5399 5466 5625 5838 5975 6057 6153 6182 6286 6320 6604 7129 7319 7459 7589 7812 8137 8198 8450 8453 8566 8827 9307 9691 9713 9945 9946 10072 10077 10096 10465 10592 10596 10678 10823 10877 11108 11138 11146 11265 12654 
#module 680 size: 15 bs: 0.783446
169 4104 4705 4849 5401 5785 6312 7311 9483 10276 10318 10434 10750 11225 11383 
#module 681 size: 8 bs: 0.814116
1331 3298 3607 4396 5703 8635 9088 10647 
#module 682 size: 17 bs: 0.400924
1306 1320 1389 2881 3127 3413 3530 4008 4303 6935 8629 9107 9269 10075 11395 11429 13062 
#module 683 size: 126 bs: 0.161031
133 197 330 400 410 435 510 516 549 558 775 788 884 891 977 1019 1023 1086 1136 1230 1317 1521 1592 1603 1792 1814 1839 1921 1955 2031 2032 2182 2197 2200 2323 2396 2401 2418 2478 2788 2911 2930 2975 3028 3148 3171 3342 3418 3496 3526 3552 3658 3775 3780 4074 4163 4211 4341 4343 4401 4463 4555 4671 4673 4908 4948 5011 5039 5070 5104 5137 5195 5330 5403 5578 5579 5673 5682 5909 5999 6155 6227 6241 6296 6342 6436 6522 6697 6782 6816 7050 7304 7403 7414 7422 7598 7741 7829 7848 7978 7987 8016 8023 8039 8316 8448 8795 8902 9023 9264 9346 9369 9724 9763 9920 9942 10036 10250 10265 10340 10500 10567 10840 10845 11019 12648 
#module 684 size: 20 bs: 0.865457
604 1448 1944 2375 2472 4047 5309 5422 5552 6060 6626 6637 6748 7053 7128 8105 9600 9876 10753 11337 
#module 685 size: 11 bs: 0.203022
1018 1396 2162 3842 5053 5771 6899 7010 7446 8840 9647 
#module 686 size: 87 bs: 0.355449
31 535 619 644 699 890 908 922 932 1220 1644 1659 1743 1871 2323 2469 2541 2588 2791 3085 3187 3192 3241 3281 3301 3408 3637 3817 3826 3900 3966 3984 4368 4409 4652 5154 5288 5418 5430 5585 5704 5728 6093 6291 6569 6627 6786 6859 6974 7025 7056 7132 7312 7328 7597 7673 7681 7688 7822 8010 8119 8371 8387 8402 8439 8633 8646 8678 8685 8723 9259 9538 9652 9680 9753 9767 9936 10186 10271 10821 10985 11110 11251 11371 11601 12523 12591 
#module 687 size: 18 bs: 0.698365
542 1093 1177 1336 1837 3828 4253 4907 5243 5441 6804 6970 7557 8100 8823 10481 10559 11239 
#module 688 size: 8 bs: 1.08199
23 1099 3031 3038 6185 10638 11207 11441 
#module 689 size: 23 bs: 0.157081
205 968 1271 1293 1529 1547 1906 1961 2179 2841 4072 4203 4923 5451 5666 5944 5977 6642 6733 7268 7721 10096 11082 
