#module 0 size: 4 bs: 0.000118959
60 921 1019 1240 
#module 1 size: 8 bs: 0.00362575
20 51 55 92 97 520 688 880 
#module 2 size: 13 bs: 2.13163e-14
165 219 255 356 367 381 459 621 643 649 877 902 906 
#module 3 size: 16 bs: 0.956258
79 95 314 334 341 360 386 453 458 552 574 648 656 693 727 795 
#module 4 size: 22 bs: 0.579631
20 37 38 51 92 119 121 146 191 339 441 471 575 639 651 666 703 857 860 1048 1202 1338 
#module 5 size: 17 bs: 0.661938
22 23 24 63 232 309 371 378 564 664 895 896 904 976 1006 1017 1136 
#module 6 size: 7 bs: 0.598821
260 336 353 377 559 834 1043 
#module 7 size: 6 bs: 0.689387
385 389 934 966 1284 1321 
#module 8 size: 11 bs: 0.691803
33 57 106 206 252 329 333 397 644 675 971 
#module 9 size: 26 bs: 1.00954
82 203 244 395 405 414 475 535 659 720 771 858 885 899 936 950 965 996 1015 1018 1053 1121 1170 1222 1295 1296 
#module 10 size: 14 bs: 0.266743
183 208 289 460 497 554 565 670 679 755 912 949 977 1025 
#module 11 size: 18 bs: 0.94374
59 133 159 187 253 401 417 629 656 721 736 742 788 805 825 833 889 1323 
#module 12 size: 5 bs: 0.206172
90 243 325 411 856 
#module 13 size: 26 bs: 0.648569
81 152 184 213 228 275 315 320 325 345 379 382 576 597 610 631 642 739 744 963 1001 1132 1190 1209 1318 1353 
#module 14 size: 19 bs: 0.458948
31 80 150 170 223 326 347 437 447 505 524 592 604 607 654 756 897 1132 1352 
#module 15 size: 26 bs: 0.715239
75 141 220 227 277 359 438 579 677 681 687 696 710 747 765 790 802 838 854 874 913 953 988 1033 1041 1275 
#module 16 size: 34 bs: 0.551857
53 97 122 138 145 181 190 192 205 273 346 398 402 463 490 527 529 548 593 634 668 743 746 791 800 829 855 900 911 978 984 1022 1023 1333 
#module 17 size: 11 bs: 0.994291
27 72 134 226 248 329 408 706 1012 1086 1253 
#module 18 size: 13 bs: 0.255435
70 225 229 262 351 357 391 539 571 600 697 814 994 
#module 19 size: 6 bs: 0.178114
295 366 614 684 844 1009 
#module 20 size: 10 bs: 0.114343
251 268 305 348 388 426 612 890 952 1221 
#module 21 size: 14 bs: 0.398135
32 115 249 282 421 541 605 707 712 970 975 1071 1228 1356 
#module 22 size: 10 bs: 1.05254
57 213 526 568 667 724 868 907 980 1078 
#module 23 size: 23 bs: 0.839428
18 76 88 154 201 234 257 375 404 451 456 590 640 660 674 691 915 931 958 1058 1112 1183 1277 
#module 24 size: 13 bs: 0.445548
128 238 299 306 336 372 603 608 701 729 792 836 1326 
#module 25 size: 29 bs: 0.567227
48 68 69 126 131 182 205 216 240 254 383 393 457 512 556 558 685 737 761 769 797 881 884 892 939 972 1007 1021 1354 
#module 26 size: 27 bs: 0.635144
56 62 161 163 176 218 259 283 308 317 358 390 420 468 470 581 598 626 682 715 738 757 784 799 840 861 888 
#module 27 size: 25 bs: 1.08753
74 199 232 256 261 369 374 379 422 425 466 610 700 723 728 767 803 821 852 869 894 909 956 957 1246 
#module 28 size: 11 bs: 0.74326
66 112 135 221 271 392 627 665 748 749 962 
#module 29 size: 22 bs: 1.0413
92 111 217 245 294 300 389 443 455 475 545 560 595 621 671 673 734 812 853 864 910 933 
#module 30 size: 24 bs: 0.711661
17 99 143 241 258 285 307 336 356 431 434 448 603 628 692 774 828 831 850 863 882 902 1294 1370 
#module 31 size: 16 bs: 0.42792
58 119 293 332 370 413 454 470 472 532 541 752 775 823 837 905 
#module 32 size: 33 bs: 0.766579
52 71 79 94 116 188 200 231 267 272 276 335 406 427 446 464 476 483 559 561 575 615 639 662 722 731 760 768 842 970 1013 1196 1258 
#module 33 size: 32 bs: 0.828798
13 15 102 136 137 202 211 342 387 432 435 544 546 563 645 646 683 705 751 783 787 815 827 830 839 866 908 987 1028 1120 1267 1339 
#module 34 size: 21 bs: 0.257202
29 73 103 144 169 355 436 563 586 606 619 624 637 741 776 839 859 893 916 920 962 
#module 35 size: 11 bs: 1.04771
1 77 115 279 304 375 588 589 733 947 1363 
#module 36 size: 10 bs: 0.924048
3 130 199 274 344 585 764 816 870 878 
#module 37 size: 24 bs: 0.336108
65 230 291 321 331 335 368 450 555 587 601 630 708 794 811 824 867 871 947 975 985 1150 1373 1377 
#module 38 size: 12 bs: 0.225101
50 189 222 301 609 618 689 719 804 935 999 1014 
#module 39 size: 10 bs: 0.560538
185 258 280 400 428 532 711 818 819 828 
#module 40 size: 16 bs: 0.333277
36 164 212 297 328 467 562 566 623 699 702 745 808 810 849 951 
#module 41 size: 19 bs: 0.989198
86 89 100 113 147 284 362 462 473 555 635 653 725 766 849 891 901 1011 1020 
#module 42 size: 17 bs: 0.691431
25 30 98 113 214 319 361 452 553 594 695 713 732 809 817 820 851 
#module 43 size: 15 bs: 0.977487
2 140 167 291 316 380 465 569 647 734 833 876 938 948 974 
#module 44 size: 24 bs: 0.173203
120 125 197 242 278 310 337 352 354 363 430 442 534 550 582 620 655 704 718 759 932 969 1099 1362 
#module 45 size: 9 bs: 0.259776
157 354 549 682 763 937 1016 1285 1366 
#module 46 size: 35 bs: 0.71693
19 34 49 64 67 179 187 298 303 322 338 365 396 399 445 449 521 525 530 543 599 613 616 770 772 885 967 968 998 1000 1008 1030 1093 1264 1276 
#module 47 size: 22 bs: 0.262515
28 54 61 68 69 78 92 105 108 114 129 153 313 350 573 582 641 786 806 909 1029 1092 
#module 48 size: 6 bs: 0.450291
290 403 410 416 424 701 
#module 49 size: 10 bs: 0.199067
89 109 161 284 288 474 578 873 1011 1271 
#module 50 size: 9 bs: 0.528049
168 177 236 279 636 726 774 796 1349 
#module 51 size: 25 bs: 1.03378
91 99 103 107 124 156 235 296 355 425 461 463 606 624 654 672 729 794 920 979 1010 1026 1149 1283 1355 
#module 52 size: 27 bs: 0.885083
16 26 149 158 195 238 270 422 433 463 522 548 572 620 650 690 758 794 886 898 930 960 1023 1218 1224 1302 1372 
#module 53 size: 17 bs: 1.01858
6 196 286 373 472 531 714 750 789 798 822 862 903 917 928 997 1293 
#module 54 size: 47 bs: 0.681307
110 117 118 132 139 207 210 224 233 246 250 264 269 324 327 376 409 439 443 523 528 537 557 567 591 596 611 622 632 633 652 657 694 717 730 740 762 832 841 914 949 1164 1177 1272 1273 1274 1298 
#module 55 size: 19 bs: 0.95893
35 123 160 180 198 292 330 364 448 533 658 663 678 686 735 801 955 1115 1325 
#module 56 size: 10 bs: 1.03404
5 142 302 491 580 676 687 709 919 954 
#module 57 size: 31 bs: 0.599799
12 87 101 127 151 194 287 312 318 343 349 394 407 419 440 536 538 540 551 577 583 617 716 753 773 821 872 875 1031 1282 1315 
