#module 0 size: 25 bs: 2.0543e-07
65 69 90 121 145 254 272 287 401 410 416 433 440 674 733 792 797 957 980 1007 1025 1275 1282 1296 1349 
#module 1 size: 8 bs: 3.97052e-05
126 197 220 367 384 439 474 562 
#module 2 size: 8 bs: 0.00858238
67 107 224 261 350 583 866 975 
#module 3 size: 26 bs: 3.47725e-05
90 102 228 234 236 254 329 330 331 338 357 374 473 526 601 653 671 730 790 798 799 823 855 888 909 929 
#module 4 size: 12 bs: 3.89497e-07
148 227 385 567 632 928 984 1031 1112 1223 1302 1372 
#module 5 size: 19 bs: 0.000237444
33 70 120 233 397 554 562 574 597 621 655 834 911 963 1115 1142 1202 1217 1362 
#module 6 size: 34 bs: 9.33762e-101
30 109 115 163 176 190 195 221 222 224 232 258 287 288 289 357 359 466 467 497 578 580 667 687 730 740 764 805 874 903 949 985 1028 1273 
#module 7 size: 13 bs: 0.000338241
72 165 211 322 372 473 512 574 616 762 843 1008 1202 
#module 8 size: 21 bs: 0.00408326
55 58 127 252 290 359 368 373 394 409 483 530 615 755 809 888 912 969 1334 1338 1362 
#module 9 size: 9 bs: 0.0321329
245 257 270 290 460 549 615 769 875 
#module 10 size: 22 bs: 0.136363
34 128 249 321 382 398 443 459 541 596 660 667 675 713 758 799 843 906 914 920 930 1271 
#module 11 size: 42 bs: 0.801917
26 31 95 101 153 166 189 201 276 278 295 355 358 371 410 424 440 442 476 558 560 629 680 711 744 832 833 850 855 860 892 904 932 948 952 1006 1099 1132 1141 1219 1339 1354 
#module 12 size: 72 bs: 0.320155
35 76 91 100 106 108 124 131 192 214 225 244 262 277 298 299 304 310 332 334 336 363 366 372 396 402 406 407 456 457 521 525 532 537 544 565 569 576 591 595 600 620 627 628 633 640 647 676 704 717 732 737 745 753 762 786 867 868 869 882 901 908 917 931 974 997 999 1140 1149 1218 1267 1294 
#module 13 size: 19 bs: 0.226229
62 63 158 198 216 264 292 308 324 327 809 844 889 1071 1093 1150 1253 1352 1356 
#module 14 size: 42 bs: 0.372042
27 51 52 54 81 136 168 223 238 312 314 321 345 347 361 378 391 428 438 452 468 491 520 672 673 675 678 763 812 814 836 861 884 910 966 996 1009 1029 1043 1127 1276 1349 
#module 15 size: 59 bs: 0.521654
52 56 78 122 139 141 170 187 196 199 234 235 256 296 306 307 315 316 329 333 339 342 346 351 376 377 381 411 427 451 454 465 581 598 602 645 651 657 684 694 698 718 720 726 733 761 804 810 821 871 891 918 998 1031 1078 1170 1216 1282 1333 
#module 16 size: 6 bs: 0.349509
88 92 135 354 379 842 
#module 17 size: 52 bs: 0.6539
53 57 59 82 120 123 133 144 152 156 164 224 261 272 283 313 341 355 356 417 449 458 476 497 524 533 555 571 574 578 583 597 648 656 679 712 735 764 770 773 796 805 857 885 921 933 952 1028 1040 1272 1273 1376 
#module 18 size: 14 bs: 0.129425
2 79 109 157 167 193 756 795 811 822 833 939 1142 1284 
#module 19 size: 35 bs: 0.473193
6 150 241 273 309 312 353 371 447 497 535 564 585 592 607 687 699 736 771 789 903 921 1006 1015 1016 1018 1021 1033 1053 1132 1142 1177 1228 1277 1321 
#module 20 size: 26 bs: 0.404659
22 23 24 162 337 371 383 392 475 556 572 654 663 664 709 800 806 895 896 976 1006 1017 1132 1136 1240 1246 
#module 21 size: 55 bs: 0.281201
12 49 68 76 80 86 87 108 117 129 146 186 198 206 229 235 270 280 303 331 349 354 364 370 377 422 461 529 539 543 545 604 654 674 682 695 723 727 747 748 752 762 802 825 854 929 937 956 960 975 983 1013 1325 1368 1373 
#module 22 size: 29 bs: 0.757519
129 230 251 279 387 392 511 529 550 553 593 774 776 852 858 872 886 919 954 958 989 1001 1058 1064 1086 1190 1285 1308 1342 
#module 23 size: 48 bs: 0.41267
5 25 51 58 96 119 134 140 145 184 210 237 250 260 263 275 339 371 373 451 463 471 483 490 540 552 559 575 587 603 608 618 662 666 689 714 718 734 745 784 800 801 819 820 829 877 1000 1022 
#module 24 size: 40 bs: 0.708094
23 75 147 151 153 177 218 383 388 408 446 450 462 538 568 631 635 636 663 664 683 688 702 722 796 830 831 849 881 892 893 895 896 939 948 970 1121 1141 1240 1246 
