#module 0 size: 2 bs: 1.48321e-101
160 3952 
#module 1 size: 6 bs: 6.57837e-05
3179 3396 5243 5961 6234 6581 
#module 2 size: 2 bs: 1.55542e-12
4213 4564 
#module 3 size: 2 bs: 5.66737e-101
2278 4594 
#module 4 size: 23 bs: 5.95911e-102
181 558 647 1143 1186 1230 1268 1968 2290 2315 2532 2848 3298 3621 3807 3906 4171 4280 4992 5159 6304 6523 6678 
#module 5 size: 4 bs: 5.98535e-101
1151 3181 4472 6536 
#module 6 size: 2 bs: 2.61095e-101
1662 1707 
#module 7 size: 2 bs: 9.28373e-101
4001 6160 
#module 8 size: 2 bs: 4.52878e-101
589 3085 
#module 9 size: 3 bs: 1.08748e-101
250 4359 6557 
#module 10 size: 9 bs: 7.12199e-101
214 304 2716 2734 3495 4139 4238 4271 5221 
#module 11 size: 3 bs: 9.23009e-101
2477 3891 5341 
#module 12 size: 8 bs: 6.55032e-15
1181 1305 1867 4223 4252 5024 5446 5744 
#module 13 size: 2 bs: 6.46331e-101
3183 3267 
#module 14 size: 3 bs: 1.38488e-101
1632 1654 4901 
#module 15 size: 3 bs: 6.93884e-101
2659 3944 4102 
#module 16 size: 17 bs: 1.11022e-16
268 1133 1189 1874 2025 2109 2221 2790 3026 3273 3410 3510 3832 4083 4367 4438 6667 
#module 17 size: 5 bs: 3.91281e-101
2433 3262 3312 5504 6112 
#module 18 size: 15 bs: 8.31053e-101
575 1621 1844 2209 3013 3129 3387 3516 3652 4630 5481 5952 5966 5979 6544 
#module 19 size: 2 bs: 1.6944e-101
22 568 
#module 20 size: 2 bs: 3.25611e-10
4680 6397 
#module 21 size: 2 bs: 9.11879e-101
228 3767 
#module 22 size: 2 bs: 2.00449e-101
1099 3384 
#module 23 size: 2 bs: 4.12837e-102
596 6126 
#module 24 size: 4 bs: 6.90679e-102
4043 5360 5751 6245 
#module 25 size: 2 bs: 6.27705e-101
1729 3534 
#module 26 size: 2 bs: 1.63574e-102
4570 4774 
#module 27 size: 14 bs: 6.95568e-101
26 110 900 1940 2016 2579 2779 2934 4444 4547 4732 5285 6492 6800 
#module 28 size: 6 bs: 1.95799e-102
471 647 2788 3866 4407 5233 
#module 29 size: 5 bs: 8.03369e-101
152 523 577 2724 3931 
#module 30 size: 4 bs: 2.10942e-15
583 2852 5282 5464 
#module 31 size: 3 bs: 3.00176e-101
1995 4027 5193 
#module 32 size: 12 bs: 1.25797e-101
746 1440 1863 2136 2694 2755 3339 3913 4560 5281 5424 5643 
#module 33 size: 15 bs: 7.82991e-101
196 571 1338 2169 2355 2671 3784 4413 4627 5284 5324 5933 5958 5980 6292 
#module 34 size: 3 bs: 9.39699e-101
3499 3682 4763 
#module 35 size: 2 bs: 3.88886e-101
86 5916 
#module 36 size: 2 bs: 4.76568e-101
4667 5810 
#module 37 size: 2 bs: 2.69058e-101
1375 6772 
#module 38 size: 2 bs: 9.15168e-101
1483 2865 
#module 39 size: 2 bs: 6.64963e-102
2739 6416 
#module 40 size: 7 bs: 4.82998e-102
3 3516 3782 5953 6249 6330 6337 
#module 41 size: 2 bs: 6.51181e-102
540 670 
#module 42 size: 5 bs: 4.65765e-101
556 977 1654 4089 6432 
#module 43 size: 13 bs: 5.072e-11
1060 1275 1626 1902 1994 2028 2402 2973 6067 6071 6394 6526 6900 
#module 44 size: 4 bs: 4.07065e-101
1924 2490 5519 6192 
#module 45 size: 3 bs: 8.03342e-102
32 710 4904 
#module 46 size: 29 bs: 6.90532e-101
153 543 734 793 805 890 1020 1297 1326 1390 1865 1897 1980 2129 2654 2702 3252 3562 4388 4495 4919 5350 5461 5892 6032 6093 6378 6633 6674 
#module 47 size: 3 bs: 7.60093e-101
854 4913 5194 
#module 48 size: 3 bs: 2.02912e-101
1407 2793 3586 
#module 49 size: 3 bs: 6.29045e-101
78 842 3940 
#module 50 size: 4 bs: 5.14266e-102
2818 4222 4516 6668 
#module 51 size: 2 bs: 8.21162e-101
5800 6580 
#module 52 size: 3 bs: 5.05627e-101
487 3456 6759 
#module 53 size: 3 bs: 1.49389e-101
1759 4418 5910 
#module 54 size: 4 bs: 2.76214e-102
254 729 1203 3994 
#module 55 size: 3 bs: 9.39736e-101
125 2398 5494 
#module 56 size: 2 bs: 4.1232e-101
324 6117 
#module 57 size: 5 bs: 1.47645e-101
1261 1265 1983 2003 3611 
#module 58 size: 6 bs: 8.55477e-101
565 1646 3044 3875 5509 5631 
#module 59 size: 4 bs: 6.40628e-101
9 1888 2967 4265 
#module 60 size: 2 bs: 3.84609e-101
1794 5033 
#module 61 size: 22 bs: 0.0902935
32 439 613 1078 1393 1908 2013 2486 2674 2680 2875 3573 4056 4336 4460 4888 5005 5118 5146 5152 5467 5484 
#module 62 size: 4 bs: 5.34638e-101
953 5382 5725 6179 
#module 63 size: 12 bs: 7.19635e-07
444 450 813 1157 1162 2214 3473 3608 4228 5715 6177 6690 
#module 64 size: 13 bs: 4.4068e-101
1118 1293 1599 1949 1968 1974 2044 2488 2620 3611 3894 5579 6626 
#module 65 size: 22 bs: 1.45648e-101
320 462 630 1033 1579 1669 1931 2056 2339 2432 2465 2559 3128 3344 3676 3876 4470 4776 4794 5021 5954 6398 
#module 66 size: 3 bs: 2.12764e-101
1826 3144 4716 
#module 67 size: 4 bs: 9.4058e-101
1658 1837 4242 4949 
#module 68 size: 22 bs: 7.14244e-05
385 602 1393 1908 1980 2342 2577 2674 3017 3030 3361 4056 4336 4460 4888 5164 5254 5366 5594 5978 6105 6709 
#module 69 size: 2 bs: 8.19196e-101
5370 6680 
#module 70 size: 11 bs: 5.58484e-101
462 576 915 1669 1931 2432 2559 3438 4893 5993 6450 
#module 71 size: 2 bs: 1.11022e-15
3297 4093 
#module 72 size: 14 bs: 2.54352e-13
584 760 920 1016 3165 3253 4253 5174 5533 5909 6170 6277 6348 6588 
#module 73 size: 10 bs: 3.98979e-101
181 513 869 1273 1308 2540 4126 4528 4860 6107 
#module 74 size: 59 bs: 0.00562678
32 135 362 396 476 536 615 727 860 1054 1090 1126 1213 1272 1412 1470 1679 1931 2331 2393 2452 2495 2517 2582 3100 3115 3216 3243 3438 3469 3599 3643 3790 3830 3848 3963 4295 4343 4731 4974 5050 5298 5375 5411 5432 5456 5504 5593 5856 5920 6020 6056 6157 6182 6491 6551 6627 6731 6859 
#module 75 size: 22 bs: 1.61432e-06
124 669 754 823 1331 1425 2061 2373 2473 3059 3090 3303 3554 4263 4424 5134 5405 5439 5761 5994 6309 6810 
#module 76 size: 3 bs: 1.86256e-101
246 4914 6347 
#module 77 size: 7 bs: 1.11022e-16
91 357 2060 4064 4951 5886 6272 
#module 78 size: 10 bs: 0.00171275
783 1241 2120 3133 4360 4405 5419 5786 6121 6716 
#module 79 size: 61 bs: 6.8156e-11
113 186 329 348 361 492 509 566 626 823 844 931 951 1050 1122 1266 1388 1395 1516 1651 1815 1912 2012 2144 2209 2321 2352 2455 2596 2919 2962 3000 3013 3197 3511 3852 3958 4076 4443 4626 4672 4822 4976 4980 5008 5048 5052 5402 5465 5481 5524 5536 5831 5952 5966 6073 6149 6217 6516 6544 6816 
#module 80 size: 20 bs: 0.213762
472 879 1089 1216 1318 1615 1919 2000 2316 2882 3404 3826 3897 4146 4201 4216 4994 5758 6035 6533 
#module 81 size: 11 bs: 1.08249
35 690 1091 1603 1680 2630 2703 3879 4651 5948 6075 
#module 82 size: 22 bs: 0.747254
1433 1625 2123 2157 2514 2584 2817 3023 3417 3520 3521 3593 3734 3820 3967 4252 5116 5610 5660 5959 6452 6461 
#module 83 size: 130 bs: 0.375005
82 144 147 257 366 412 428 553 639 645 750 776 779 797 807 840 848 862 901 902 904 927 975 1049 1083 1085 1165 1314 1320 1461 1479 1559 1567 1572 1601 1699 1720 1858 1896 1926 2018 2091 2212 2379 2419 2483 2587 2644 2667 2825 2840 2891 2975 2999 3260 3383 3415 3429 3432 3481 3545 3555 3686 3716 3733 3768 3822 3864 3877 4065 4074 4145 4148 4257 4350 4353 4381 4461 4506 4604 4631 4642 4647 4678 4679 4717 4791 4850 4854 5029 5030 5070 5165 5187 5267 5277 5279 5305 5328 5349 5661 5674 5815 5828 5842 5947 5976 6039 6050 6062 6083 6185 6198 6241 6286 6334 6395 6427 6428 6485 6545 6562 6589 6610 6618 6625 6676 6730 6826 6910 
#module 84 size: 3 bs: 1.0524
2046 3004 5557 
#module 85 size: 10 bs: 0.554279
628 1307 1420 3484 4525 5212 5397 5772 6410 6758 
#module 86 size: 8 bs: 0.700069
632 2829 3372 4026 4267 4898 5035 5903 
#module 87 size: 7 bs: 0.663165
955 2150 2165 2819 3042 4403 4449 
#module 88 size: 7 bs: 0.526829
55 2392 3270 5329 6529 6622 6763 
#module 89 size: 4 bs: 0.308459
1352 4539 4827 6419 
#module 90 size: 3 bs: 0.709212
2562 2835 6472 
#module 91 size: 3 bs: 0.220005
473 4398 6682 
#module 92 size: 8 bs: 0.596731
97 599 1262 1887 2700 3029 4163 6616 
#module 93 size: 19 bs: 0.99522
193 334 802 824 1642 1727 1748 1749 2347 3056 3508 3950 4608 4668 5232 5303 5686 5804 5878 
#module 94 size: 9 bs: 1.0768
479 737 839 2236 2376 2552 2915 3083 4455 
#module 95 size: 11 bs: 0.991446
1415 2095 2370 4006 4475 4634 4917 5044 5778 5875 6208 
#module 96 size: 13 bs: 0.107349
916 950 1017 1404 1610 3729 3930 4383 5454 5826 6559 6745 6794 
#module 97 size: 4 bs: 0.861858
336 3697 3792 6550 
#module 98 size: 5 bs: 0.92689
391 871 1582 1752 3032 
#module 99 size: 3 bs: 0.712602
587 2132 3538 
#module 100 size: 14 bs: 0.601112
703 1048 1081 1685 1788 2481 3217 4045 5098 5274 5830 6493 6783 6784 
#module 101 size: 6 bs: 0.126951
2310 2746 2960 3192 5176 6621 
#module 102 size: 8 bs: 0.103938
1010 1179 1592 1632 2300 2602 4057 5696 
#module 103 size: 6 bs: 0.195283
148 235 595 875 3627 3845 
#module 104 size: 4 bs: 0.816549
1154 3535 4422 5063 
#module 105 size: 6 bs: 0.453397
19 606 1509 3005 6439 6473 
#module 106 size: 11 bs: 0.32069
40 313 2117 2170 2340 2913 3675 4023 5072 6343 6879 
#module 107 size: 8 bs: 0.477274
99 556 3572 4591 6134 6391 6631 6685 
#module 108 size: 86 bs: 0.124299
10 162 218 241 290 370 735 762 775 889 1019 1027 1088 1096 1206 1373 1384 1411 1456 1543 1570 1589 1608 1693 1712 1732 1770 1895 1922 1977 2005 2081 2319 2354 2410 2524 2608 2857 2988 3126 3221 3257 3259 3282 3378 3400 3671 3724 3883 3928 3957 3968 3989 3997 4130 4154 4202 4425 4490 4492 4507 4692 4753 4881 4886 4924 4990 5026 5217 5312 5414 5561 5653 5659 5688 5732 5840 5850 6193 6312 6406 6508 6629 6714 6774 6838 
#module 109 size: 6 bs: 0.978144
1376 1888 4393 4509 6299 6844 
#module 110 size: 12 bs: 0.940026
826 968 1302 1612 1716 2210 2448 3166 3634 3964 4024 5525 
#module 111 size: 13 bs: 0.640352
58 72 286 1370 1932 2131 2926 3370 3552 4608 5219 5278 5473 
#module 112 size: 18 bs: 0.76954
81 126 129 689 1614 1649 1703 2489 2689 2841 3329 4284 4298 4696 4916 5188 5457 6346 
#module 113 size: 12 bs: 1.03806
23 1026 1250 2312 2595 2613 3613 4082 4321 4928 5067 6088 
#module 114 size: 16 bs: 0.481044
913 1195 1310 1422 1650 3537 4050 4160 4266 4671 5334 5748 5795 6003 6059 6366 
#module 115 size: 10 bs: 0.702915
1178 1537 2040 3739 4342 5393 5941 6341 6363 6619 
#module 116 size: 28 bs: 0.660285
41 198 557 673 783 1355 1772 1966 2012 2146 2412 2678 2959 3271 3369 3507 3513 4200 4292 4302 4364 4999 5087 5603 5617 6264 6491 6664 
#module 117 size: 8 bs: 0.365707
89 622 3169 3922 4010 4981 6202 6737 
#module 118 size: 37 bs: 0.925836
209 363 379 424 668 740 886 967 1021 1133 1607 2031 2171 2642 2927 2977 3376 3441 3492 3704 4308 4337 4360 4508 4546 4789 4843 4935 5087 5218 5622 5889 6280 6367 6385 6652 6909 
#module 119 size: 6 bs: 0.331737
772 2377 3730 4103 5100 5383 
#module 120 size: 4 bs: 0.677303
5336 5807 6137 6522 
#module 121 size: 6 bs: 1.03274
474 1935 3219 3411 3659 6840 
#module 122 size: 15 bs: 0.647332
463 501 926 1706 1756 2831 2911 3417 3497 4249 4517 4863 5723 6207 6360 
#module 123 size: 5 bs: 1.07515
2509 2933 3178 4265 4861 
#module 124 size: 12 bs: 0.503825
165 576 667 1571 2224 3238 3559 3815 3977 4821 4853 5272 
#module 125 size: 28 bs: 0.644194
77 574 686 1012 1082 1166 1211 1220 1598 1942 2349 2733 2758 2766 2814 3063 3087 3565 3669 4127 4208 4533 5023 5642 6007 6017 6145 6191 
#module 126 size: 3 bs: 0.469375
2984 3910 4584 
#module 127 size: 5 bs: 0.82055
2219 3899 3900 5423 6390 
#module 128 size: 4 bs: 0.38324
3261 4833 5451 5558 
#module 129 size: 7 bs: 0.882972
1381 1653 2862 3169 3206 4509 6497 
#module 130 size: 6 bs: 0.285936
313 1178 3571 3672 5573 6770 
#module 131 size: 8 bs: 1.05812
2453 2993 3035 3233 3878 3924 4571 5147 
#module 132 size: 25 bs: 0.158037
12 48 445 495 637 730 1140 1282 1930 2071 2106 2833 2839 3303 3424 4391 4491 4643 4880 4909 5890 5914 6033 6579 6891 
#module 133 size: 10 bs: 0.20067
2479 2551 2552 2610 3258 3891 4075 4119 6044 6120 
#module 134 size: 10 bs: 0.350554
728 1000 1053 1236 2184 2286 3131 5055 5324 6636 
#module 135 size: 25 bs: 0.341172
398 468 475 1176 1378 1655 1918 1971 2059 2421 2468 2800 2978 3125 3419 3947 4050 4058 5017 6142 6148 6163 6479 6727 6869 
#module 136 size: 11 bs: 0.292048
466 1058 1360 1692 2872 3707 3763 5127 5622 5794 6779 
#module 137 size: 6 bs: 0.555961
206 2466 4395 4512 5076 5865 
#module 138 size: 17 bs: 0.823556
642 1197 1473 1647 2554 3117 3314 3324 4730 5293 5555 5618 5922 6141 6178 6266 6381 
#module 139 size: 20 bs: 1.02554
319 582 640 774 789 1676 1793 1988 2274 2619 3127 3775 3888 4174 4760 5611 6129 6518 6582 6725 
#module 140 size: 10 bs: 0.749311
519 1519 1741 3300 4230 5117 5144 6211 6480 6730 
#module 141 size: 7 bs: 0.678888
1397 2303 3680 5403 6232 6494 6670 
#module 142 size: 6 bs: 0.908011
3249 3981 4393 5073 5245 6500 
#module 143 size: 3 bs: 0.575406
2749 2939 4884 
#module 144 size: 4 bs: 0.997881
792 5209 5712 5801 
#module 145 size: 10 bs: 0.649293
169 2425 2890 3058 3235 3450 4136 4203 5817 6576 
#module 146 size: 4 bs: 0.216777
169 2230 4042 6713 
#module 147 size: 19 bs: 0.354853
42 260 951 1836 2320 2556 2560 2842 3195 3402 3554 3890 3963 4008 4424 5024 5456 5559 5707 
#module 148 size: 18 bs: 0.257073
718 1718 1751 2411 3033 3294 3366 3642 3764 3827 3992 4325 5094 5508 5537 5887 6440 6832 
#module 149 size: 12 bs: 1.07593
966 997 1072 2632 3903 4180 5409 6046 6075 6296 6456 6740 
#module 150 size: 4 bs: 0.921502
1252 1712 2074 4943 
#module 151 size: 7 bs: 0.784728
869 1687 1981 2215 2662 4192 6827 
#module 152 size: 12 bs: 0.560027
1881 2454 3188 3296 3769 3907 4047 4276 4890 5872 6703 6739 
#module 153 size: 4 bs: 0.13383
1092 1128 2073 4532 
#module 154 size: 4 bs: 0.941126
16 2050 3491 3939 
#module 155 size: 29 bs: 0.89493
283 481 555 733 937 1556 2120 2127 2251 2386 2792 2903 3020 3071 3226 3490 3536 3636 3712 4304 4439 4470 4832 5450 5503 5551 6000 6121 6374 
#module 156 size: 4 bs: 0.889882
1665 2029 5957 6649 
#module 157 size: 17 bs: 0.100472
21 243 381 588 590 699 778 1979 3496 4254 4748 4948 5341 6051 6482 6547 6791 
#module 158 size: 4 bs: 0.712721
3096 3187 4333 5489 
#module 159 size: 3 bs: 0.972761
939 5927 5944 
#module 160 size: 5 bs: 0.127294
1694 1935 3489 4718 5140 
#module 161 size: 14 bs: 0.315539
45 633 930 1269 1335 1965 2471 3691 4442 4493 4499 5246 6206 6858 
#module 162 size: 8 bs: 0.206389
1048 1778 2722 2850 3751 4014 5960 6321 
#module 163 size: 43 bs: 0.471836
150 182 478 533 683 814 985 1110 1112 1269 1782 1886 2111 2277 2351 2396 2424 2664 2901 2951 3041 3162 3232 3240 3802 3902 3943 4139 4255 4271 4372 4542 4585 4625 4910 4941 5157 5770 5805 5891 6176 6371 6861 
#module 164 size: 6 bs: 0.727694
1839 2125 2291 4907 5422 5785 
#module 165 size: 3 bs: 0.544564
529 4575 5848 
#module 166 size: 5 bs: 0.594207
132 2305 5549 6486 6843 
#module 167 size: 9 bs: 1.03233
170 369 1002 1753 1948 2175 3052 3433 3440 
#module 168 size: 5 bs: 0.538189
2906 3580 4009 5719 6313 
#module 169 size: 10 bs: 0.431771
342 1628 2154 2504 3631 3901 4693 5392 5790 5930 
#module 170 size: 8 bs: 0.263298
1221 2022 2580 2636 4245 4283 4933 6574 
#module 171 size: 8 bs: 0.916918
116 679 1746 1755 3825 4338 5007 5942 
#module 172 size: 4 bs: 0.571386
938 1070 1745 3112 
#module 173 size: 4 bs: 1.08439
2358 2442 2505 6229 
#module 174 size: 9 bs: 0.916234
960 1855 2383 3012 3426 4133 4246 4848 5668 
#module 175 size: 43 bs: 0.54572
167 628 660 691 1153 1173 1354 1459 1474 1661 1672 1708 1985 2047 2149 2248 2319 2338 2603 2870 3452 3471 3713 3842 4436 4534 4545 4775 4851 5214 5261 5620 5694 5746 5749 5912 6175 6436 6503 6697 6835 6866 6877 
#module 176 size: 3 bs: 0.8698
2537 4887 6489 
#module 177 size: 8 bs: 0.754086
108 176 271 375 658 2183 4996 6626 
#module 178 size: 6 bs: 0.586146
4098 4239 4652 5802 6060 6235 
#module 179 size: 4 bs: 0.859776
609 678 700 5296 
#module 180 size: 9 bs: 0.243873
282 321 2625 3388 5590 6076 6234 6537 6705 
#module 181 size: 4 bs: 0.723637
269 1242 1555 6421 
#module 182 size: 11 bs: 0.299204
229 608 2472 3281 3301 3848 4408 4893 5528 5731 6320 
#module 183 size: 23 bs: 0.226964
715 791 886 922 1738 1757 1810 2062 2311 2782 3060 3143 3467 3711 4291 4344 4428 4462 4874 4898 5106 5716 6269 
#module 184 size: 6 bs: 0.235493
256 917 1664 1842 2576 6058 
#module 185 size: 17 bs: 0.344203
467 777 1119 1214 1675 2401 2652 2856 2971 3948 4149 4616 5210 5623 5847 6045 6484 
#module 186 size: 25 bs: 0.758644
130 656 745 1167 1186 1285 1349 1535 2337 2420 2786 2969 3408 3685 3722 3736 4358 4714 4806 5114 5532 5752 5987 6255 6331 
#module 187 size: 17 bs: 0.794016
105 1089 1335 2432 2601 2945 2958 3027 3291 3403 3723 3781 4190 4780 5032 6104 6237 
#module 188 size: 8 bs: 0.368712
1051 2364 2902 3339 3434 3630 3683 6325 
#module 189 size: 5 bs: 0.129698
1321 2670 4235 5400 6074 
#module 190 size: 15 bs: 0.470995
421 542 671 1058 1148 1890 2007 3596 4502 4922 5962 5963 6499 6655 6870 
#module 191 size: 8 bs: 0.462727
1134 2176 3268 4069 4817 5111 5258 5680 
#module 192 size: 24 bs: 1.02143
149 344 738 1067 1798 1905 2159 2232 2293 2735 2797 3024 3092 3155 4004 4063 4073 4592 4800 4942 5325 6001 6072 6382 
#module 193 size: 16 bs: 1.02
743 822 1270 1750 1884 2255 3377 3830 3989 4095 4351 4762 4812 5711 6488 6645 
#module 194 size: 19 bs: 0.751236
49 211 567 722 1709 1951 2200 2786 3234 3478 3816 3857 4229 4356 4565 5753 6012 6079 6358 
#module 195 size: 3 bs: 0.866009
3010 4440 6386 
#module 196 size: 11 bs: 0.488055
386 554 846 1248 1859 3459 3796 4181 5447 5769 6376 
#module 197 size: 9 bs: 0.940744
136 3269 3358 3625 3932 4352 4825 5602 6267 
#module 198 size: 7 bs: 0.72133
417 1029 2609 3598 4723 5471 6052 
#module 199 size: 6 bs: 0.534688
573 3011 3345 3882 6070 6584 
#module 200 size: 13 bs: 1.05533
374 530 752 758 2503 2549 3774 3995 4111 4197 4346 5201 6301 
#module 201 size: 4 bs: 0.663361
2173 3409 3526 6527 
#module 202 size: 7 bs: 0.940121
373 610 1796 2185 2219 3278 5998 
#module 203 size: 7 bs: 0.525054
520 1002 2715 3965 4309 5206 5253 
#module 204 size: 3 bs: 0.647666
1008 2972 5832 
#module 205 size: 6 bs: 0.832834
1899 2161 2853 4638 4701 4847 
#module 206 size: 10 bs: 1.03769
442 506 1104 2267 2780 4500 4977 5244 5510 6483 
#module 207 size: 17 bs: 0.446381
208 411 586 816 1238 1734 2039 2284 3122 3498 3564 4340 4377 4786 5515 6356 6724 
#module 208 size: 4 bs: 0.324964
2114 3770 4090 5733 
#module 209 size: 10 bs: 0.451129
1264 1669 3061 3515 4242 4345 4782 4958 5514 5876 
#module 210 size: 7 bs: 0.892905
410 569 1003 2858 5369 5605 6135 
#module 211 size: 7 bs: 0.810675
68 322 742 2522 3103 4038 4735 
#module 212 size: 11 bs: 0.629816
429 973 1190 1353 1853 1901 3070 3192 3612 3849 4141 
#module 213 size: 8 bs: 1.01966
1024 1188 2122 2777 3179 4767 5243 5702 
#module 214 size: 4 bs: 0.137765
1366 1840 5768 6848 
#module 215 size: 11 bs: 0.712088
339 747 2438 3228 3311 3758 4053 4097 4318 5368 5884 
#module 216 size: 4 bs: 1.00222
213 3715 5975 6722 
#module 217 size: 95 bs: 0.751977
36 43 234 237 270 350 499 864 893 935 969 990 1047 1097 1120 1142 1164 1237 1301 1332 1368 1475 1491 1512 1558 1785 1967 1989 2072 2119 2128 2229 2306 2323 2328 2332 2407 2443 2534 2543 2607 2964 3069 3091 3097 3118 3379 3392 3457 3458 3503 3604 3727 3839 4122 4204 4210 4281 4319 4444 4479 4489 4613 4657 4699 4713 4729 4732 4790 4867 4932 5036 5084 5107 5315 5321 5323 5552 5588 5615 5739 5760 5791 5985 6029 6138 6285 6294 6399 6447 6481 6605 6822 6883 6923 
#module 218 size: 17 bs: 1.00657
434 1031 1066 1278 1713 1808 2023 2234 2657 4030 4456 5137 5221 5252 5317 5435 6675 
#module 219 size: 33 bs: 0.807815
37 653 709 949 1077 1153 1398 1669 1689 2197 2227 2374 2389 2596 2605 2642 3306 3647 3718 3797 3870 3963 4022 4483 5057 5988 6030 6090 6143 6302 6514 6613 6657 
#module 220 size: 12 bs: 0.696396
249 1085 1159 1382 1736 1816 3068 4088 5287 5645 6451 6614 
#module 221 size: 15 bs: 0.752349
177 624 1340 1997 3336 3742 3961 4071 4347 4915 5542 5931 6531 6639 6688 
#module 222 size: 5 bs: 0.758872
384 528 1356 1781 6777 
#module 223 size: 9 bs: 0.973665
614 818 831 1812 2181 3045 3224 3658 5640 
#module 224 size: 17 bs: 0.742146
38 360 683 1505 1584 1723 2249 2892 2992 3693 3695 4191 5262 5270 5337 5435 6355 
#module 225 size: 9 bs: 0.414093
1590 2803 3859 3874 4013 4795 5639 5923 6013 
#module 226 size: 10 bs: 0.248679
1209 1671 2189 2582 3393 5130 5331 5703 5767 6787 
#module 227 size: 8 bs: 0.681291
1690 1767 2283 3463 3919 5903 6242 6845 
#module 228 size: 20 bs: 1.0461
183 594 954 1071 1150 1711 1773 1784 1789 1941 2545 3203 3287 3391 3523 3741 3935 4137 4983 5125 
#module 229 size: 6 bs: 0.232492
1296 3012 3113 3684 6308 6778 
#module 230 size: 6 bs: 1.09374
604 1482 4240 4634 5778 6494 
#module 231 size: 11 bs: 0.166228
717 1193 1819 1863 1910 1964 3970 4939 5681 6048 6292 
#module 232 size: 6 bs: 0.509489
2017 2382 3064 4531 4711 4758 
#module 233 size: 10 bs: 0.75521
227 2886 3427 5145 5371 6098 6125 6510 6799 6888 
#module 234 size: 10 bs: 0.81898
371 409 910 1841 2121 4108 4609 5186 6049 6221 
#module 235 size: 3 bs: 0.896258
1527 1634 6669 
#module 236 size: 9 bs: 1.06237
6 2241 2521 2669 2783 3629 4441 4653 5058 
#module 237 size: 4 bs: 0.286896
1076 2408 3002 4763 
#module 238 size: 10 bs: 0.465581
552 1682 2169 2671 2686 3657 4413 4772 5223 6569 
#module 239 size: 32 bs: 0.599684
121 692 1101 1234 1277 1289 1423 1486 1607 1776 1990 2260 2304 2462 2692 2956 3059 3108 3577 3661 3980 4091 4270 4285 4938 5395 5569 5627 5664 5735 6184 6891 
#module 240 size: 6 bs: 1.08395
1280 1299 1365 2997 4751 6620 
#module 241 size: 6 bs: 0.57567
552 1129 2194 3824 3937 6389 
#module 242 size: 11 bs: 0.830755
1259 1916 2373 3540 3569 3817 5039 5288 5496 5806 6119 
#module 243 size: 6 bs: 0.699722
291 416 3245 4590 5280 6282 
#module 244 size: 22 bs: 0.369474
397 494 984 1388 1644 1684 1695 2013 2045 2676 3130 4138 4167 4912 5146 5152 5467 5505 5742 5744 5959 6623 
#module 245 size: 16 bs: 0.692287
50 94 122 221 884 1367 1534 1697 2629 4323 5210 5238 5428 5580 6542 6648 
#module 246 size: 21 bs: 0.480935
48 117 267 669 849 1342 1514 1960 2538 3059 3865 4263 4301 4391 4778 4804 4959 5704 5986 6575 6592 
#module 247 size: 8 bs: 0.845419
1498 1557 1606 3157 3242 4773 5852 6828 
#module 248 size: 3 bs: 0.597599
70 701 753 
#module 249 size: 11 bs: 0.385869
56 413 920 1691 1820 2127 2266 3172 5806 6340 6501 
#module 250 size: 3 bs: 0.398817
1032 4527 5632 
#module 251 size: 18 bs: 1.03272
207 1904 2143 2217 3338 3505 3527 3908 4029 4221 4573 4684 4764 5499 6108 6191 6532 6577 
#module 252 size: 5 bs: 0.718373
177 1640 2855 3062 3641 
#module 253 size: 8 bs: 0.699979
1062 1114 1254 2222 2864 4703 5110 5519 
#module 254 size: 19 bs: 0.925312
461 641 874 1257 1288 1733 1833 1892 2228 3064 3290 3804 4060 4330 4649 5211 6383 6585 6902 
#module 255 size: 6 bs: 0.783522
559 2240 2756 3610 4765 6524 
#module 256 size: 13 bs: 0.579799
17 112 311 503 940 1025 1856 2991 4544 4739 5853 6038 6246 
#module 257 size: 7 bs: 0.410696
225 415 1924 2038 3223 5556 6445 
#module 258 size: 9 bs: 0.39316
530 1156 2100 3470 3757 4334 4524 4907 6040 
#module 259 size: 7 bs: 0.340168
1495 1687 1688 3979 5095 5709 5785 
#module 260 size: 11 bs: 0.338076
300 302 1299 2213 2720 3934 4044 4602 5724 5936 6719 
#module 261 size: 22 bs: 0.503665
90 152 271 585 663 906 974 1258 2147 2558 3299 3327 3397 3423 3925 3962 4490 5624 6250 6634 6701 6792 
#module 262 size: 19 bs: 0.273233
664 718 1655 1761 2084 3121 3620 3764 4317 4325 4477 4758 5284 5526 5869 6045 6297 6591 6704 
#module 263 size: 8 bs: 0.340018
623 945 1317 1593 1631 2308 3099 3209 
#module 264 size: 9 bs: 0.949767
141 835 1361 2491 5377 6275 6393 6409 6555 
#module 265 size: 14 bs: 0.62684
67 457 485 1149 2002 2303 2360 2679 4214 5012 5247 5322 6212 6886 
#module 266 size: 24 bs: 1.08601
117 195 200 316 539 746 996 1758 2015 2127 2516 2544 2594 3916 4360 4405 4439 4450 5655 5693 5861 6112 6641 6733 
#module 267 size: 3 bs: 0.849031
720 1303 4094 
#module 268 size: 9 bs: 0.164743
1565 1951 2365 2706 4386 5478 6116 6515 6659 
#module 269 size: 14 bs: 0.352428
18 1007 1400 1629 1641 1790 1921 2573 2617 3094 3173 4796 6326 6771 
#module 270 size: 4 bs: 0.71492
2914 3626 4217 5598 
#module 271 size: 4 bs: 0.855977
253 695 3991 4046 
#module 272 size: 10 bs: 0.60061
402 1482 1508 1635 1746 2019 2225 3192 5143 5576 
#module 273 size: 21 bs: 0.488904
305 777 1193 1588 1819 1964 2583 2593 3099 3967 3976 4017 4092 4134 4164 4268 4304 4323 5122 6354 6388 
#module 274 size: 23 bs: 0.703479
85 189 201 675 788 1282 1413 1426 1556 1721 2791 3328 3674 3978 4120 4339 5540 5823 6015 6317 6354 6566 6583 
#module 275 size: 19 bs: 0.128039
429 741 1282 1963 1997 2093 2202 2484 3104 3285 3573 4207 4878 4987 5198 6279 6513 6601 6603 
#module 276 size: 9 bs: 0.218506
308 505 2441 2598 2883 4048 4370 5725 6756 
#module 277 size: 6 bs: 0.573874
1385 2633 5600 5726 5874 6211 
#module 278 size: 8 bs: 0.946912
768 2440 2752 3114 4119 4332 6637 6813 
#module 279 size: 4 bs: 1.04456
240 332 2953 3688 
#module 280 size: 53 bs: 0.981468
60 161 242 420 591 611 616 711 787 834 948 1095 1187 1434 1442 1506 1578 1674 1805 1882 1923 2080 2160 2288 2385 2795 2976 3057 3145 3186 3401 3525 3705 4123 4186 4256 4457 4494 4720 4759 4823 4834 5228 5367 5372 5527 5649 5669 5764 5825 5921 6270 6295 
#module 281 size: 22 bs: 0.994025
285 387 986 1131 1243 1830 1860 1928 2375 3367 3748 4484 4503 4581 4659 4986 5178 5248 5644 6166 6364 6811 
#module 282 size: 9 bs: 0.213443
672 688 2190 3047 4150 5216 5548 6444 6793 
#module 283 size: 31 bs: 0.325938
157 279 534 1219 1431 1588 1763 1964 2009 2207 2828 3050 3195 3418 3896 4092 4144 4164 4247 4304 4561 4956 4970 5096 5628 6034 6073 6342 6354 6504 6646 
#module 284 size: 3 bs: 0.817898
57 4681 6691 
#module 285 size: 47 bs: 0.612009
212 231 462 502 595 636 971 995 1282 1417 1730 1970 2137 2231 2262 2268 2348 2421 2446 2515 2539 2581 2732 2839 3246 3247 3303 3359 3557 3658 3820 3921 3996 4106 4175 4243 4247 4569 4664 4889 5010 5626 5634 5955 6105 6199 6469 
#module 286 size: 4 bs: 1.08513
274 3639 4375 4779 
#module 287 size: 13 bs: 0.343693
323 530 716 724 941 2533 3512 4773 5272 5357 5408 6055 6702 
#module 288 size: 21 bs: 0.974203
439 716 837 1363 1396 1437 1562 1908 1943 2485 2557 2946 3446 3887 4466 4554 4890 4906 5013 5150 6743 
#module 289 size: 19 bs: 0.980678
131 1116 1229 1409 1717 1792 2235 2634 2925 3322 3476 3600 4408 4821 5148 5650 5672 5946 6454 
#module 290 size: 14 bs: 0.185893
510 803 1160 1362 2238 2361 3394 3589 3812 3850 5584 5750 6118 6862 
#module 291 size: 12 bs: 0.959836
76 289 493 1306 1580 2294 2708 3607 4905 6188 6607 6776 
#module 292 size: 13 bs: 0.555182
64 597 1663 1746 1959 2387 2876 3280 4703 4907 6144 6717 6736 
#module 293 size: 6 bs: 0.678508
3975 4770 4870 5995 6712 6860 
#module 294 size: 8 bs: 0.442477
216 648 1563 1683 2982 3970 4184 4320 
#module 295 size: 8 bs: 0.438905
631 1914 2101 2281 3938 4041 4858 6554 
#module 296 size: 10 bs: 0.62167
226 522 637 716 1581 2431 2778 3215 4183 6086 
#module 297 size: 5 bs: 0.33533
544 2754 3021 3425 6293 
#module 298 size: 8 bs: 0.120822
402 447 1807 2216 3237 4137 4365 6323 
#module 299 size: 4 bs: 0.531882
172 391 402 756 
#module 300 size: 4 bs: 1.01426
784 3445 3639 6392 
#module 301 size: 13 bs: 0.53755
103 449 1691 1746 1876 3357 3699 3847 4110 4715 5650 6026 6723 
#module 302 size: 8 bs: 0.580124
232 532 1298 1902 2723 3944 4339 6023 
#module 303 size: 7 bs: 0.236244
87 459 607 1043 1679 3834 4562 
#module 304 size: 13 bs: 1.03324
20 1848 2416 2571 2845 2866 3136 3373 4419 4481 4936 5389 6459 
#module 305 size: 7 bs: 0.572848
1471 1861 3073 4969 4989 5059 6426 
#module 306 size: 30 bs: 0.325043
248 263 284 293 424 603 783 1133 1546 1547 1588 1874 2012 2048 2167 2223 2632 3271 3369 3597 3618 3743 4200 4273 4302 4921 5087 6491 6590 6738 
#module 307 size: 7 bs: 1.0665
317 518 892 2691 4583 5699 6025 
#module 308 size: 7 bs: 0.373836
120 979 1917 2628 3737 4907 5313 
#module 309 size: 21 bs: 0.601425
552 579 1199 1574 1583 1673 1855 2035 2106 2191 2195 2535 3319 3677 4166 4798 4846 4971 5546 5662 6741 
#module 310 size: 3 bs: 0.471442
102 1455 4467 
#module 311 size: 18 bs: 0.621383
501 972 1465 1477 1602 1719 1801 2729 3075 3148 3332 3829 4178 4563 4876 5340 6113 6332 
#module 312 size: 21 bs: 0.534365
133 617 898 1005 1135 1291 1678 1823 2285 2881 3120 3202 3227 3443 3454 4628 5169 5224 5316 6520 6578 
#module 313 size: 9 bs: 0.395386
2087 3765 4105 4251 4589 4838 5597 6560 6735 
#module 314 size: 17 bs: 0.478489
46 827 1084 1350 1624 1927 1997 2034 2614 3140 3285 3447 3532 3649 4369 4987 5015 
#module 315 size: 20 bs: 0.799427
158 255 801 888 1893 2096 2297 2688 3037 3412 4368 4426 4545 4557 5458 5568 5606 6151 6209 6431 
#module 316 size: 4 bs: 0.818822
226 909 1121 5957 
#module 317 size: 12 bs: 0.28718
1137 1804 2714 3601 3690 4279 5416 5675 6103 6761 6796 6856 
#module 318 size: 6 bs: 0.243681
597 1575 3971 4299 5517 6908 
#module 319 size: 23 bs: 0.918557
83 524 1109 1226 1722 1779 1827 1838 2124 2139 2196 2462 2656 2927 3494 3539 4049 4391 4629 5218 5513 5737 5914 
#module 320 size: 11 bs: 0.912225
856 1532 4600 4708 5027 5502 5663 5689 5822 6430 6711 
#module 321 size: 10 bs: 0.954265
1046 2336 2830 2950 4520 5722 5951 6643 6660 6766 
#module 322 size: 4 bs: 0.444585
2125 2172 3318 4132 
#module 323 size: 26 bs: 0.596051
178 388 393 521 550 980 1170 1957 2106 2295 2406 2509 2880 3218 3248 3449 3732 3999 4218 4326 4624 4677 5200 5896 6849 6906 
#module 324 size: 6 bs: 0.12333
744 830 2004 3466 3786 4597 
#module 325 size: 13 bs: 0.7201
881 1238 1760 2380 2727 3014 3333 4596 5582 5901 5949 6361 6661 
#module 326 size: 28 bs: 1.08225
294 306 372 436 708 1144 1443 1609 1624 1973 2243 2449 2520 2586 2836 2900 3275 3595 3706 3794 5401 5488 5609 5779 6096 6165 6804 6855 
#module 327 size: 6 bs: 0.399803
278 1223 4104 4113 4842 6369 
#module 328 size: 10 bs: 0.70179
392 1416 2405 2718 3312 4012 4066 4290 5356 5562 
#module 329 size: 7 bs: 0.480406
185 247 1271 2206 2269 2966 6851 
#module 330 size: 10 bs: 0.504951
644 1305 2069 2461 2574 3660 4078 4109 4826 6187 
#module 331 size: 7 bs: 0.33836
751 2585 3342 3993 4615 5637 6922 
#module 332 size: 8 bs: 0.363
810 1377 2162 2949 4311 4579 4676 6573 
#module 333 size: 8 bs: 0.700935
2137 2995 5054 5348 5382 6181 6760 6885 
#module 334 size: 13 bs: 0.299589
625 1315 1774 2053 2765 3028 3259 3414 3632 5434 6215 6526 6671 
#module 335 size: 15 bs: 0.739675
1640 2565 2863 3017 3393 3461 3497 3561 3573 3658 4006 4015 4466 4797 4868 
#module 336 size: 12 bs: 0.448302
953 1554 2257 3123 3431 4756 5161 5385 5695 6124 6231 6400 
#module 337 size: 8 bs: 1.09782
706 970 1329 3949 4287 6261 6352 6721 
#module 338 size: 12 bs: 1.08305
192 666 1281 1552 2042 2444 2470 2627 3141 4635 5136 5205 
#module 339 size: 4 bs: 0.908824
1660 3500 5829 5841 
#module 340 size: 3 bs: 0.989057
562 5614 6505 
#module 341 size: 11 bs: 0.475486
508 537 755 2910 3806 3918 4037 4478 4688 5255 6586 
#module 342 size: 7 bs: 0.253058
281 2896 2985 4390 4469 6328 6732 
#module 343 size: 11 bs: 1.04253
95 96 340 452 1482 1972 3694 4505 5453 5535 5718 
#module 344 size: 22 bs: 0.409606
1408 1485 1800 1996 2079 2198 2256 2344 2978 3437 3577 3584 4084 4141 4355 4515 4781 4802 5104 5676 5773 5798 
#module 345 size: 5 bs: 0.10667
1952 2083 2350 3766 5868 
#module 346 size: 10 bs: 0.257528
679 1146 1705 1945 3532 3546 4039 4177 4971 6913 
#module 347 size: 30 bs: 0.953484
353 836 1117 1460 1477 1799 2008 2273 2459 2553 2676 3031 3099 3335 3376 3387 4211 4250 4394 4995 5021 5075 5082 5220 5563 6048 6292 6734 6801 6847 
#module 348 size: 13 bs: 0.390333
548 572 837 847 3553 3856 4002 4593 4865 5636 5789 5911 6210 
#module 349 size: 13 bs: 0.822897
297 299 367 548 780 1993 2685 3174 3222 3393 4312 5047 5522 
#module 350 size: 12 bs: 1.09614
828 994 1510 1737 2209 2641 2785 2832 3633 4535 5608 6773 
#module 351 size: 16 bs: 1.09815
713 748 2186 2414 2482 2595 3113 3269 3313 3881 4165 4300 4820 4900 5651 5821 
#module 352 size: 9 bs: 0.13094
312 547 1244 3051 3198 3576 5493 5982 6840 
#module 353 size: 12 bs: 0.10931
95 1263 1336 1382 1553 2996 3667 4172 4623 5301 5412 5877 
#module 354 size: 36 bs: 1.02528
24 27 470 549 692 867 1037 1127 1309 1428 1616 1743 1824 1845 2108 3049 3088 3635 3668 4598 4695 4737 4866 4998 5163 5362 5516 5538 6042 6043 6115 6216 6385 6615 6677 6872 
#module 355 size: 4 bs: 0.648634
865 4080 5496 6436 
#module 356 size: 11 bs: 0.842517
139 410 712 781 1217 3285 3483 3651 4660 5018 5897 
#module 357 size: 19 bs: 0.123295
145 2094 2123 2415 2527 2600 2677 2831 3040 3255 3349 3573 3893 3942 4072 4117 4207 4282 6744 
#module 358 size: 9 bs: 0.307739
146 1404 1410 2525 3479 3644 5515 5700 6429 
#module 359 size: 28 bs: 0.68391
365 495 603 949 1231 1294 1868 1913 1925 1946 2061 2106 2221 2318 2320 2472 2563 2697 2751 4416 4435 5034 5431 5518 6089 6112 6231 6405 
#module 360 size: 16 bs: 0.400639
115 1392 1850 2110 2245 2301 2322 2499 3018 3149 3265 4385 5038 5040 5796 6651 
#module 361 size: 7 bs: 0.428444
403 2141 3542 4813 6053 6268 6443 
#module 362 size: 6 bs: 0.656349
1740 2021 2220 2624 3308 3986 
#module 363 size: 10 bs: 0.453213
597 2658 2681 2997 3982 4454 4768 4849 5167 6695 
#module 364 size: 110 bs: 0.904256
25 34 53 62 80 151 210 230 233 347 356 425 454 526 531 605 785 814 914 1018 1227 1260 1276 1481 1502 1504 1541 1564 1573 1620 1652 1704 1849 1920 1956 2068 2203 2208 2359 2385 2604 2648 2736 2769 2849 2867 2879 2885 2904 3034 3137 3139 3254 3331 3356 3420 3469 3609 3710 3746 3793 3798 3886 3954 4179 4198 4212 4376 4379 4429 4582 4619 4675 4694 4740 4809 4873 4895 5089 5199 5207 5251 5257 5266 5276 5314 5342 5444 5572 5698 5885 5937 5943 5970 5973 6133 6183 6200 6251 6318 6321 6335 6525 6565 6568 6597 6686 6726 6775 6780 
#module 365 size: 6 bs: 0.501433
446 1969 4271 4891 4955 6498 
#module 366 size: 8 bs: 0.648802
61 876 2182 3190 3354 3574 5455 6095 
#module 367 size: 21 bs: 0.100001
134 590 721 880 981 1870 2099 2631 2682 2986 3043 3578 3914 4121 4555 4556 4634 5019 5544 6780 6839 
#module 368 size: 11 bs: 1.08048
171 259 1850 2944 2974 3836 4019 5046 5194 5677 6534 
#module 369 size: 14 bs: 0.654894
570 1073 1403 1561 2480 3364 3502 3541 4151 4195 4622 5086 5158 5164 
#module 370 size: 36 bs: 0.471878
155 736 782 992 1391 1497 1530 1677 1768 1775 1862 1944 2188 2247 2264 2418 2465 2550 3350 3444 3563 3670 3679 3687 3915 4051 4640 4801 4803 4908 5074 5358 5380 5420 5635 6162 
#module 371 size: 10 bs: 0.33838
946 2153 2341 3017 3515 4343 4437 5053 5926 6224 
#module 372 size: 7 bs: 0.745334
811 1818 3506 3899 4392 4733 6685 
#module 373 size: 11 bs: 0.115232
684 1786 2077 3284 3362 4517 4566 4934 4975 6223 6617 
#module 374 size: 13 bs: 0.726567
101 1057 1334 1783 2174 2651 3512 3567 3805 5184 5198 5479 6654 
#module 375 size: 14 bs: 0.894495
572 798 1322 1469 2140 2861 3519 3725 4518 4964 5037 5339 5368 6612 
#module 376 size: 20 bs: 0.397932
681 755 832 991 1382 1735 1744 1817 2575 2672 3776 3833 4656 4979 4986 5808 5931 6608 6673 6876 
#module 377 size: 31 bs: 0.36265
271 439 545 551 654 754 820 1428 1836 2298 2445 2508 2679 3142 3167 3241 3523 3539 3894 4170 4369 4491 4983 5068 5541 5605 5720 5821 6158 6404 6627 
#module 378 size: 8 bs: 0.121024
2243 2345 2787 2813 2900 5512 5851 6362 
#module 379 size: 8 bs: 0.930212
2478 3352 3614 5105 5392 5553 6069 6840 
#module 380 size: 40 bs: 0.85765
39 183 222 287 303 326 477 657 800 821 870 1115 1217 1357 1868 1939 1954 2447 2638 2711 2844 3153 3262 3430 3662 3731 3754 4081 4219 4293 4610 4671 5052 5156 5363 5379 5928 5968 6130 6769 
#module 381 size: 15 bs: 0.81486
633 719 2533 2621 2763 3105 3279 3366 3532 3815 3996 4498 4686 4752 5001 
#module 382 size: 7 bs: 0.406499
600 1531 1642 3517 4501 4576 6548 
#module 383 size: 15 bs: 0.547612
407 603 637 1020 1437 2041 3017 3090 3658 3820 4086 4183 4468 5355 6164 
#module 384 size: 5 bs: 0.389226
1038 4126 5047 6060 6687 
#module 385 size: 10 bs: 0.996555
264 2435 3365 3868 4641 4871 5550 6011 6567 6715 
#module 386 size: 8 bs: 1.0745
819 928 1867 2497 2549 4015 4815 5939 
#module 387 size: 48 bs: 0.671711
109 525 1319 1430 1872 1968 1988 1999 2027 2106 2218 2261 2295 2391 2449 2566 2572 2622 2680 2709 2768 2887 3081 3110 3248 3364 3390 3557 3656 3779 3869 4059 4096 4138 4430 4530 4663 4700 4738 5430 5574 5579 5759 5846 5896 6089 6153 6698 
#module 388 size: 8 bs: 0.335859
1450 2471 4314 5591 5607 5683 6213 6693 
#module 389 size: 9 bs: 0.977994
489 773 812 3083 3787 3885 5443 5647 5866 
#module 390 size: 6 bs: 1.04426
2555 2815 2860 4387 5265 6365 
#module 391 size: 11 bs: 0.613997
1215 1898 1998 2796 3745 4067 4335 4537 4541 5480 6122 
#module 392 size: 7 bs: 0.32369
1208 2579 2934 3691 5269 5858 6411 
#module 393 size: 11 bs: 0.297666
1398 1754 2324 2859 3171 3201 3658 3730 4406 5347 6514 
#module 394 size: 11 bs: 0.986942
1811 3681 4331 4588 4811 4839 5654 5730 6085 6099 6362 
#module 395 size: 11 bs: 0.92707
448 676 1055 1877 3213 3330 3760 4021 5341 5827 6747 
#module 396 size: 16 bs: 0.862075
635 638 763 1787 1903 1976 2279 2475 2493 3170 3276 3529 3594 4345 4841 5378 
#module 397 size: 15 bs: 0.523828
921 1398 3134 3168 3288 3507 3800 4220 5119 5131 5459 5565 5781 6425 6514 
#module 398 size: 35 bs: 0.921462
5 168 358 361 490 561 823 919 1427 1936 1978 1992 2265 2296 2417 3199 3250 3587 3623 3959 3969 4496 4603 4963 4980 5128 5465 5577 5839 5893 6028 6031 6081 6217 6225 
#module 399 size: 126 bs: 0.491741
114 159 325 359 382 451 621 643 790 805 823 850 894 932 958 1253 1283 1295 1319 1399 1515 1551 1630 1747 1766 1769 1779 1814 1878 1897 1950 1975 1984 1985 2011 2012 2089 2098 2129 2211 2244 2254 2309 2334 2502 2606 2611 2654 2680 2687 2698 2702 2730 2760 2799 2833 2938 3176 3239 3256 3326 3337 3364 3389 3390 3441 3474 3700 3823 3953 3998 4112 4131 4155 4272 4294 4307 4341 4381 4388 4399 4404 4430 4530 4568 4577 4899 4950 4966 5042 5066 5071 5079 5172 5173 5213 5307 5335 5466 5511 5587 5589 5679 5717 5763 5836 5888 5945 6027 6089 6093 6168 6190 6240 6252 6307 6338 6353 6463 6563 6570 6624 6635 6665 6895 6903 
#module 400 size: 6 bs: 0.978831
175 2889 4648 5775 6172 6254 
#module 401 size: 10 bs: 0.213904
942 943 1873 2026 2070 2163 3648 4288 5264 6475 
#module 402 size: 56 bs: 0.837237
75 118 163 245 394 659 891 1023 1035 1130 1202 1489 1501 1771 1891 2145 2166 2366 2437 2464 2618 2675 2917 3158 3289 3320 3355 3406 3455 3637 3689 3749 3791 3809 4156 4176 4215 4442 4514 4590 4617 4639 4719 4879 4920 5009 5788 5843 5857 5873 5929 6139 6290 6336 6401 6449 
#module 403 size: 52 bs: 0.665668
1 71 310 571 620 735 777 788 843 1295 2011 2098 2299 2309 2507 2823 3099 3231 3239 3323 3514 3622 3818 3867 4185 4200 4258 4361 4414 4415 4451 4476 4645 4882 4930 5045 5099 5158 5231 5307 5440 5531 5621 5773 5949 5989 6015 6150 6310 6455 6598 6694 
#module 404 size: 15 bs: 0.859977
465 1183 1306 2439 2803 2987 3111 3858 4085 4289 4578 4739 5520 6161 6807 
#module 405 size: 5 bs: 0.740427
737 2526 3036 3524 4116 
#module 406 size: 37 bs: 0.397371
119 156 173 443 769 1316 1545 1617 1619 1765 1793 2054 2369 2427 2878 2983 3055 3072 3208 3439 3777 3955 4161 4691 4788 5069 5534 5728 5862 6010 6018 6339 6380 6647 6679 6765 6812 
#module 407 size: 7 bs: 0.158936
184 338 1834 2015 3371 4147 4864 
#module 408 size: 6 bs: 0.810639
1548 2650 3210 3310 4736 5616 
#module 409 size: 6 bs: 0.525165
817 1544 2822 2963 5550 5754 
#module 410 size: 21 bs: 0.766659
307 761 1180 1414 1639 1925 1929 2055 2568 2884 3074 3086 3098 3269 3912 4098 4287 6308 6506 6521 6741 
#module 411 size: 28 bs: 0.904506
77 113 538 868 1080 1081 1637 1678 1822 1955 2847 2929 3202 3808 3904 4378 4401 4540 4582 4783 5224 5227 5241 5860 5874 6368 6433 6602 
#module 412 size: 24 bs: 0.206766
179 770 915 1569 2179 2426 2877 3692 4354 4362 4458 4550 4661 5051 5078 5116 5236 5500 5762 5814 5972 6300 6332 6546 
#module 413 size: 32 bs: 0.518927
74 202 306 618 806 934 952 1095 1369 1405 1934 2164 2368 2731 2980 3380 3955 4011 4226 4453 5016 5088 5399 5625 5921 5938 5991 5996 6110 6238 6679 6785 
#module 414 size: 21 bs: 0.288325
244 426 1353 1583 2079 2198 2317 2474 2484 2750 2811 3577 4199 4515 4997 5676 5687 5773 6080 6235 6476 
#module 415 size: 14 bs: 0.802047
47 106 1591 3035 3374 3936 4173 4967 4988 5124 5373 5462 6806 6919 
#module 416 size: 21 bs: 0.789029
697 1141 1251 1579 1688 2179 2356 2395 2523 2816 3146 3417 3646 4253 5078 5182 5396 5672 6005 6662 6708 
#module 417 size: 10 bs: 0.121873
238 1579 1617 2343 2559 4162 4962 5057 5504 6020 
#module 418 size: 10 bs: 0.320384
276 464 512 1106 1147 1869 1937 2912 4384 5421 
#module 419 size: 11 bs: 0.525067
677 1194 2137 2582 3089 3884 4205 5575 6375 6467 6651 
#module 420 size: 7 bs: 0.859767
1001 3274 3531 3909 4055 6790 6802 
#module 421 size: 37 bs: 0.805389
188 202 390 825 897 1198 1383 1405 1424 1576 1700 1982 2120 2663 2736 2744 2759 2773 2932 2980 3078 3533 3835 4157 4896 5359 6016 6094 6110 6195 6227 6327 6408 6474 6595 6785 6878 
#module 422 size: 19 bs: 0.97094
177 301 361 674 899 1042 1266 1267 1274 1731 2360 3107 4233 4656 4792 5060 5344 5881 6442 
#module 423 size: 13 bs: 0.474503
696 732 1988 1995 2211 3605 3696 3984 4358 4526 4793 4824 5581 
#module 424 size: 45 bs: 0.827368
127 822 1212 1388 1435 1742 1866 1933 2460 2496 2649 2671 2805 3079 3152 3197 3353 3603 3655 3701 3831 3853 3854 4016 4092 4168 4620 4757 4799 4836 4911 4978 5158 5175 5328 5410 6063 6073 6123 6203 6379 6388 6552 6816 6889 
#module 425 size: 41 bs: 0.522226
48 189 328 657 1118 1196 1259 1282 1874 1963 2006 2130 2218 2226 2423 2458 2673 2680 2990 3273 3421 3585 3624 4096 4207 4360 4504 4889 5003 5354 5540 5745 5759 5782 5846 6065 6357 6507 6518 6627 6895 
#module 426 size: 121 bs: 0.451211
4 26 41 179 298 389 432 460 482 483 541 685 799 808 882 988 1107 1143 1279 1312 1324 1339 1498 1542 1594 1643 1670 1698 1856 1864 1990 2024 2093 2118 2142 2179 2302 2324 2536 2790 2831 2898 2998 3025 3116 3119 3124 3184 3185 3200 3264 3416 3441 3487 3522 3560 3575 3615 3664 3701 3708 3819 3838 4054 4101 4135 4187 4193 4219 4225 4274 4306 4459 4515 4517 4529 4558 4574 4712 4885 4926 5085 5154 5177 5190 5294 5307 5351 5431 5487 5554 5571 5619 5638 5658 5737 5740 5797 5898 5934 5950 5967 5984 6077 6102 6114 6136 6244 6260 6262 6423 6478 6528 6538 6541 6604 6706 6753 6797 6817 6880 
#module 427 size: 27 bs: 0.669097
31 72 603 648 915 953 1622 1640 1777 1835 1939 2697 2998 3001 3132 3135 3151 4416 4689 4869 5007 5179 5255 6263 6599 6651 6901 
#module 428 size: 9 bs: 0.893191
1068 2704 3773 4107 4777 5291 5701 5908 6825 
#module 429 size: 13 bs: 0.621127
219 983 1571 1894 2893 2998 3681 4005 4852 5034 5153 5486 6170 
#module 430 size: 16 bs: 0.390915
171 296 676 967 1293 2012 2280 2596 3917 3984 4209 4389 5490 5919 6271 6425 
#module 431 size: 10 bs: 0.120133
804 1102 1225 2105 3346 3385 3972 4423 4705 4872 
#module 432 size: 88 bs: 0.711443
142 204 251 309 395 430 766 822 868 967 1113 1241 1256 1286 1556 1638 1731 1799 1806 1909 2076 2078 2158 2263 2371 2428 2430 2492 2577 2637 2671 2742 2776 2869 2874 2905 3046 3095 3167 3211 3273 3335 3368 3376 3477 3544 3665 3703 3718 3941 3973 3984 4209 4304 4363 4378 4400 4439 4665 4743 4816 4874 4892 5021 5109 5135 5141 5197 5218 5220 5230 5437 5456 5543 5581 5671 5809 6002 6015 6064 6121 6283 6364 6471 6602 6666 6710 6753 
#module 433 size: 31 bs: 0.356622
128 439 799 989 1079 1547 1606 1961 1986 2179 2594 2612 2801 3023 3156 3175 3317 3369 3619 3640 3892 4391 4397 4530 4787 4974 5382 5530 5629 6434 6738 
#module 434 size: 28 bs: 0.361257
33 48 117 267 1386 1437 1579 1908 2538 2725 3194 3619 3663 3820 4158 4183 4305 4367 4388 4391 4517 4954 4959 5119 5171 5672 6509 6650 
#module 435 size: 33 bs: 0.780714
51 66 598 601 612 896 1158 1181 1259 1436 1467 1579 1911 2043 2057 2187 2341 2395 2728 3413 3709 3762 3848 3889 4410 4431 4977 5244 5246 5956 6082 6319 6667 
#module 436 size: 14 bs: 1.00544
52 308 809 1482 2155 2193 2225 3060 3451 4082 4893 5364 5501 5868 
#module 437 size: 7 bs: 0.487557
1022 2387 2808 3269 4656 5512 6189 
#module 438 size: 13 bs: 0.915891
380 1337 1726 2067 2409 2561 2747 3704 4140 4482 4857 5202 6280 
#module 439 size: 12 bs: 0.421818
418 1536 1809 2511 2914 3147 3363 4366 4636 5412 5491 5930 
#module 440 size: 29 bs: 0.653899
408 1097 1184 1828 1991 2276 2653 2660 2757 2854 2873 3080 3266 3472 3485 3590 4237 4299 4519 4601 4656 5056 5364 5452 5992 6047 6186 6462 6692 
#module 441 size: 6 bs: 0.949218
1728 1813 1846 2020 4128 6689 
#module 442 size: 9 bs: 0.882023
119 580 947 1048 3160 3985 4014 4543 6642 
#module 443 size: 11 bs: 0.201309
863 1618 2064 2088 2897 3626 4710 5162 6041 6179 6197 
#module 444 size: 4 bs: 1.09237
2745 3375 5441 6022 
#module 445 size: 12 bs: 1.01945
73 405 1724 2181 2317 2404 3860 3905 4797 5981 6092 6561 
#module 446 size: 8 bs: 0.729683
1052 1668 2220 2635 3422 6146 6159 6517 
#module 447 size: 39 bs: 0.720981
419 592 619 976 1304 1351 1363 1451 1525 1880 2180 2282 2325 2528 2578 2668 3161 3180 3920 4118 4152 4232 4447 4497 4586 4755 5006 5286 5309 5352 5418 5427 5738 5780 5783 6259 6422 6496 6556 
#module 448 size: 12 bs: 0.424394
956 1171 1851 2531 3082 3292 3923 4269 4277 4637 6180 6648 
#module 449 size: 12 bs: 0.959951
1402 1549 1587 1780 2032 2135 2333 3212 3470 5132 5834 6815 
#module 450 size: 21 bs: 0.984602
15 352 414 731 1069 1472 1533 1902 1947 2655 2888 3251 3295 4925 5121 5715 6248 6435 6526 6600 6690 
#module 451 size: 30 bs: 0.492981
51 226 563 593 613 872 1054 1083 1207 1915 2057 2103 2362 2384 3035 3436 3759 3828 3848 3963 4662 5339 5456 5591 5849 6226 6320 6465 6549 6764 
#module 452 size: 22 bs: 0.620935
379 655 661 725 989 1015 1138 1174 1432 1659 2066 3177 3263 3386 4297 4402 4424 4972 5011 5185 5803 6873 
