#module 0 size: 13 bs: 0.00146112
1376 1714 2371 2741 3348 3544 3559 4868 5962 7559 8195 8440 11011 
#module 1 size: 2 bs: 9.27173e-06
961 4100 
#module 2 size: 2 bs: 5.95082e-08
379 9253 
#module 3 size: 8 bs: 6.10228e-101
302 364 1707 4926 7327 9813 11556 12475 
#module 4 size: 2 bs: 1.71638e-07
9173 9178 
#module 5 size: 2 bs: 2.47812e-11
3569 12019 
#module 6 size: 4 bs: 3.32732e-11
100 8601 9871 10249 
#module 7 size: 3 bs: 3.07869e-06
349 5036 10195 
#module 8 size: 13 bs: 0.0169272
1293 2802 3408 4090 4685 5051 5684 6522 7870 9341 9344 12088 12790 
#module 9 size: 4 bs: 1.13054e-12
2055 5360 6365 11261 
#module 10 size: 10 bs: 0.0372611
107 602 897 1454 1665 2553 3500 3522 9870 12950 
#module 11 size: 6 bs: 3.88426e-101
2457 2643 7557 7775 7776 11196 
#module 12 size: 6 bs: 7.71834e-102
3817 4587 5099 6617 8412 8860 
#module 13 size: 2 bs: 6.62184e-08
704 6107 
#module 14 size: 3 bs: 5.52646e-101
397 6256 9287 
#module 15 size: 5 bs: 0.0414425
1348 4058 5064 5159 5447 
#module 16 size: 4 bs: 0.000723497
376 1825 3552 9348 
#module 17 size: 9 bs: 1.14753e-102
3431 7498 8887 8916 9415 9429 10047 10156 10181 
#module 18 size: 2 bs: 1.47641e-09
8967 11206 
#module 19 size: 3 bs: 3.49788e-101
2448 3385 3386 
#module 20 size: 2 bs: 1.47641e-09
5981 5987 
#module 21 size: 3 bs: 9.99201e-16
3978 4185 7592 
#module 22 size: 22 bs: 5.40204e-101
1433 3827 3837 4168 4172 4693 5420 5604 5694 5702 6082 6144 6166 6692 7057 7453 7773 8079 9389 9594 9942 10223 
#module 23 size: 7 bs: 0.00079791
1919 2365 2385 2409 5017 7780 10905 
#module 24 size: 39 bs: 1.69672e-101
51 121 506 507 556 563 1072 1102 1285 1297 2019 2599 2616 2851 3312 3332 3918 4053 4070 4432 5450 5647 5863 5995 6433 6442 6474 7169 7264 7346 8277 8744 8820 9547 9743 10472 10885 11445 11660 
#module 25 size: 8 bs: 2.68515e-101
803 2191 2958 3686 5727 7508 8448 10680 
#module 26 size: 4 bs: 0.000417097
1640 2114 6150 9644 
#module 27 size: 3 bs: 0.00258894
7832 8891 10193 
#module 28 size: 25 bs: 0.0494995
181 467 1703 2516 3175 3921 4014 4064 4142 4360 4450 4876 5412 6764 7008 7043 7274 9936 10234 10300 10469 10659 10826 10902 12575 
#module 29 size: 2 bs: 4.79138e-08
1336 7429 
#module 30 size: 3 bs: 2.97677e-101
4505 8873 11451 
#module 31 size: 3 bs: 9.66835e-07
6724 7210 12678 
#module 32 size: 4 bs: 0.00289859
898 1224 8101 9041 
#module 33 size: 8 bs: 3.56382e-14
2137 2758 5438 5951 6092 7013 7822 9712 
#module 34 size: 3 bs: 8.43178e-09
4964 5698 8563 
#module 35 size: 11 bs: 4.91903e-102
712 827 2415 2958 3424 3908 5918 6098 6621 8934 10007 
#module 36 size: 9 bs: 6.49814e-13
2870 3240 3424 4035 7462 7926 10014 10622 12995 
#module 37 size: 5 bs: 1.44945e-07
997 1499 8254 8492 9002 
#module 38 size: 5 bs: 0.00189445
3811 5769 5857 6985 8331 
#module 39 size: 10 bs: 3.29519e-07
694 2462 2835 3132 4811 6132 6327 6719 9226 11410 
#module 40 size: 5 bs: 0.0059418
4077 4232 4528 5018 8410 
#module 41 size: 8 bs: 1.98897e-101
2109 2785 3301 4420 4782 9578 10461 11157 
#module 42 size: 13 bs: 2.86445e-101
254 2109 3962 5033 6157 6279 6617 6623 6716 6718 7635 8860 10866 
#module 43 size: 8 bs: 2.9976e-15
1535 2421 4270 4529 7041 8529 10981 12613 
#module 44 size: 6 bs: 1.93372e-07
2068 2408 4044 5325 7571 9013 
#module 45 size: 13 bs: 1.59661e-05
686 804 1135 1770 2879 3733 5085 8562 9969 10198 10835 11424 11558 
#module 46 size: 11 bs: 1.62934e-06
579 1003 1896 2191 2793 3334 7480 8106 8257 9878 10267 
#module 47 size: 4 bs: 8.10465e-11
635 3373 6464 8051 
#module 48 size: 11 bs: 1.22125e-15
442 3127 4779 7190 7509 7688 9027 9239 10137 10734 11019 
#module 49 size: 10 bs: 1.34448e-13
828 1876 1902 2090 3160 4323 6621 9523 11261 11513 
#module 50 size: 5 bs: 0.000179545
1996 2838 7188 8214 8562 
#module 51 size: 8 bs: 0.0244924
147 479 1092 1202 2761 3963 5496 7179 
#module 52 size: 6 bs: 2.98624e-11
857 5492 5511 6285 9490 10134 
#module 53 size: 28 bs: 0.223184
351 523 572 576 653 1175 1544 1966 2480 3389 3839 4632 6172 6344 6694 6745 6900 7114 7131 7839 8142 8316 8374 8398 8490 9308 9696 11635 
#module 54 size: 14 bs: 0.438118
453 1997 4007 4280 4917 5617 6434 6736 6952 7015 9182 9702 10333 11233 
#module 55 size: 4 bs: 0.739396
1070 1168 4085 10734 
#module 56 size: 7 bs: 1.01409
2819 6316 7792 7793 7996 8812 9048 
#module 57 size: 7 bs: 0.875248
2628 3186 3686 9243 10695 10904 11193 
#module 58 size: 3 bs: 0.20842
6870 6871 8293 
#module 59 size: 14 bs: 0.925582
551 941 1634 1745 2089 2886 2887 4005 4807 6245 7278 7634 9375 10558 
#module 60 size: 14 bs: 0.420747
2 1293 1968 2130 4489 5684 5878 5985 6522 6820 7658 8934 11261 12088 
#module 61 size: 13 bs: 0.893861
46 1183 1973 3145 3612 4069 4169 5311 5484 6384 7022 7584 11104 
#module 62 size: 24 bs: 0.552773
1015 1420 1929 2069 3718 4406 4593 5082 5109 5292 6085 6317 6321 6549 6724 6869 7551 7728 9145 9322 9383 9933 10226 11213 
#module 63 size: 20 bs: 0.519547
1001 1943 1998 3118 6243 6391 7118 7656 7729 7932 8475 9821 10058 10750 10793 10811 11074 11276 11576 12039 
#module 64 size: 20 bs: 0.245562
729 853 1139 1494 1859 2222 2778 3257 3767 4002 4535 4670 6497 6566 7837 8245 8346 8424 8704 8724 
#module 65 size: 27 bs: 0.946437
1187 1408 1924 2393 2764 2852 3169 4480 5168 5331 6338 6416 6782 7439 7853 7854 8386 8387 8555 8571 8683 9598 9694 9873 10213 11111 12867 
#module 66 size: 11 bs: 0.237162
101 2796 2955 3734 5211 6293 8623 9007 9390 10007 11143 
#module 67 size: 11 bs: 0.695348
1634 2649 2888 2967 4341 4365 4522 4914 4959 6335 12492 
#module 68 size: 10 bs: 0.518529
317 779 2267 4472 4524 6167 6586 6964 8545 8881 
#module 69 size: 4 bs: 0.398192
1734 2615 4163 8069 
#module 70 size: 10 bs: 0.674967
186 278 608 927 1698 4715 9408 10281 10286 11595 
#module 71 size: 16 bs: 0.414574
1087 2711 2898 3412 4194 4646 5069 5156 5191 5817 6116 6195 6291 6766 10875 11551 
#module 72 size: 4 bs: 0.396347
218 2027 4752 4753 
#module 73 size: 47 bs: 0.987399
51 256 257 413 507 556 857 1661 1975 2023 2063 2370 2483 2630 2822 3332 3333 3510 3936 3958 4070 4171 4682 4865 5451 5478 5863 6106 6433 7216 7533 7556 7644 8139 8158 8195 8487 8668 8678 8744 9079 9490 10472 10504 10800 10874 12515 
#module 74 size: 16 bs: 0.875762
907 3122 3126 3600 3966 4421 4991 5034 5058 5089 5153 5880 7202 8562 8982 9097 
#module 75 size: 33 bs: 0.738057
886 951 1119 1287 1706 2695 2737 2957 3223 3341 3347 3498 3732 4137 4236 4800 5132 5734 6027 6295 6573 6612 7544 8055 9658 10210 10220 10982 11120 11450 11456 11966 12635 
#module 76 size: 27 bs: 0.929866
29 207 1946 2983 3763 3891 4035 4072 4512 4826 6254 6255 6376 7215 7524 7525 7922 8278 8596 8910 9991 10512 10631 10791 10894 10978 11382 
#module 77 size: 36 bs: 0.612319
43 94 334 482 1065 1476 1614 2138 2292 2749 2934 3107 3792 4400 5154 5465 5753 6694 7360 7394 7454 7624 7857 7888 8562 9360 9414 9687 9703 10506 10592 10904 10919 11191 12214 12549 
#module 78 size: 32 bs: 0.245936
216 1255 1459 1708 1841 2735 2788 3262 3289 4164 4213 4312 5449 5613 5849 6004 6090 6382 6827 6960 7184 7491 7720 7789 7855 8228 8848 10153 10267 10625 12972 13006 
#module 79 size: 51 bs: 0.791177
111 231 261 880 1928 1955 2095 2640 2700 2713 2768 2907 3239 3252 3297 3303 3342 3629 3715 3854 4115 4217 4430 4814 5445 6361 6563 6971 7304 7472 7534 7615 8075 8171 8299 8562 8608 8671 8736 8813 8872 9208 9442 9795 10098 11429 11554 11733 12514 12559 12855 
#module 80 size: 15 bs: 0.873163
867 1872 2477 3120 3852 4020 4366 4668 4669 5417 8922 9258 10677 10779 10882 
#module 81 size: 13 bs: 0.841649
528 727 827 2004 2174 3908 5581 6098 6723 7402 8559 10904 12293 
#module 82 size: 45 bs: 0.538859
34 106 119 474 542 950 1099 1246 1294 1717 4201 4412 4474 4612 4672 4686 4952 4986 5061 5573 5653 5921 6233 6290 6341 6400 6892 7037 7350 7639 8071 8074 8191 9185 9667 9669 10035 10080 10106 10691 10939 10971 11209 11572 12667 
#module 83 size: 16 bs: 0.158494
486 990 4372 5364 5470 5482 6408 6731 7299 7531 7902 8982 9167 10191 10549 11541 
#module 84 size: 15 bs: 0.333164
528 611 1908 2180 3463 4558 5003 5876 5997 6231 7635 7672 8541 10929 10957 
#module 85 size: 15 bs: 0.11665
904 1270 1280 2408 3127 3129 3131 3135 5593 6332 7103 8882 8883 9422 10511 
#module 86 size: 73 bs: 0.202319
47 122 244 316 875 976 1410 1464 1515 1909 2074 2111 2547 2551 2614 2998 3054 3366 3575 3621 3640 3688 3845 3851 3869 3909 4448 4523 4599 4708 4806 4891 5139 5700 5721 5959 5964 6025 6197 6671 7127 7167 7230 7363 7552 7607 8073 8693 8711 8748 8785 8792 8828 8923 8949 9016 9350 9391 9489 9516 9851 10124 10264 10324 10463 10484 10693 10915 11124 11400 11582 12582 12881 
#module 87 size: 17 bs: 1.03187
211 2101 2835 3459 4084 4370 5708 6983 7440 7551 7728 8096 9145 10604 11007 11142 11152 
#module 88 size: 28 bs: 0.529246
152 1874 2061 2176 2793 2872 3578 3662 3853 4468 4805 5673 5783 6130 6217 6344 6348 7253 9552 9682 10103 10174 10582 10830 11042 11411 11498 12515 
#module 89 size: 26 bs: 0.913605
3 124 127 510 774 1635 2122 2339 2825 2835 2849 2876 2927 3128 3410 3544 3872 4165 4670 7536 7640 7927 8459 9700 10232 11591 
#module 90 size: 8 bs: 0.666474
2008 4549 5867 7892 8857 10447 11482 12514 
#module 91 size: 16 bs: 0.102088
389 1693 1876 2391 2635 2991 2992 3904 4578 5346 5614 6092 7630 8581 10352 11157 
#module 92 size: 5 bs: 1.05028
355 790 9077 9380 11112 
#module 93 size: 18 bs: 1.02562
1639 1918 2433 4136 4477 4901 5337 5829 6482 6581 7103 7373 7869 8283 9422 9929 10974 12158 
#module 94 size: 7 bs: 0.258697
225 568 2842 3132 3162 4661 8666 
#module 95 size: 14 bs: 1.04015
459 773 824 911 2816 4162 4407 4539 5633 6706 8836 9162 9604 9813 
#module 96 size: 15 bs: 0.887691
1458 1505 1587 2961 3134 4333 4779 6132 7634 7728 7817 10568 10753 11142 11696 
#module 97 size: 26 bs: 0.346295
885 959 1021 1155 2097 2650 3308 3340 3613 3673 3698 4604 4845 5068 5208 6399 6922 7555 7746 7906 8351 8738 8783 10080 10550 11006 
#module 98 size: 15 bs: 0.218152
16 161 364 400 3415 3952 4293 4475 4958 5918 6957 7772 9215 10202 10525 
#module 99 size: 34 bs: 0.808497
41 90 160 384 436 1440 1762 1901 2039 2071 2123 2780 2797 3033 3036 3422 4670 4866 4985 5067 5359 5676 5968 6035 6084 6270 6445 6453 7374 9147 9302 10040 10157 11419 
#module 100 size: 10 bs: 0.959163
762 2786 2787 4218 7573 8434 8506 8827 10068 11265 
#module 101 size: 13 bs: 0.800477
1127 2262 2376 3079 5217 5685 5808 7083 8003 8375 9101 9863 11243 
#module 102 size: 23 bs: 0.957855
578 834 1613 2035 2289 2456 2759 2882 4282 4829 5076 5209 5802 6349 7634 8761 9921 9986 10343 10887 12609 12716 12782 
#module 103 size: 14 bs: 0.73182
767 1030 1612 2610 3403 3742 5073 6297 6883 7565 10908 11049 11687 11688 
#module 104 size: 9 bs: 0.243894
1771 3554 3781 4119 8111 8722 8759 9761 10851 
#module 105 size: 33 bs: 0.972505
137 488 1023 1039 2461 3086 3108 3421 3624 4234 4495 4908 5020 5612 5854 6046 6142 6402 6554 6731 7274 7474 7938 8326 8971 9162 9264 9721 10694 10735 10778 11395 12672 
#module 106 size: 28 bs: 0.294662
144 183 497 590 622 900 1309 1436 1648 1712 2144 2739 3426 3821 4304 4800 4942 5343 5656 6969 8463 9421 9510 9734 10592 10914 10972 12670 
#module 107 size: 24 bs: 0.588675
947 1208 2554 2837 2969 3810 3996 4246 4454 4637 5633 5661 6684 6864 7011 8154 8680 9164 9399 9555 10704 10883 11715 13006 
#module 108 size: 6 bs: 0.798219
428 451 1226 1656 4676 4766 
#module 109 size: 26 bs: 0.761759
655 1019 1360 1524 1619 1896 2621 2789 2793 3193 3578 4862 4893 5673 6344 6746 6809 7480 7602 8708 8781 8941 9120 10103 10267 11171 
#module 110 size: 11 bs: 0.359335
575 2758 2800 4158 4840 6846 7918 9416 11142 11393 11556 
#module 111 size: 27 bs: 0.296354
226 2139 2387 2858 3148 3149 3226 5017 5345 5684 5695 6093 6100 6230 6231 6688 6727 8224 8330 8956 9960 10869 10957 11048 12264 12602 12953 
#module 112 size: 15 bs: 0.989818
978 2265 2924 4150 4684 6468 6548 6619 7154 7260 7385 8585 10392 11161 12514 
#module 113 size: 11 bs: 0.68726
2941 3744 3771 4270 4508 5341 6526 6586 8565 8892 9825 
#module 114 size: 16 bs: 1.03457
1007 1781 1892 2182 2477 2929 4843 5633 5963 6382 7135 7227 7707 8420 8734 9422 
#module 115 size: 11 bs: 0.587422
2270 3533 3816 4618 5086 5415 5566 6504 7194 10624 12891 
#module 116 size: 8 bs: 0.514524
2070 2101 4170 5714 6377 7809 8436 12492 
#module 117 size: 11 bs: 0.179218
308 2061 2463 3986 3990 6070 7638 9593 10132 10174 10582 
#module 118 size: 17 bs: 0.180366
252 1798 2205 2617 2969 3244 5552 6364 7085 7259 7492 8134 8496 9186 9484 9941 12095 
#module 119 size: 12 bs: 0.817388
217 309 918 1345 1532 1864 2432 2710 4575 7189 7745 9596 
#module 120 size: 20 bs: 0.53574
260 432 508 2844 3507 3690 4763 5997 6038 6230 6604 6727 6909 8263 8265 8412 8957 9073 11114 12953 
#module 121 size: 9 bs: 0.745311
1864 3321 5909 6077 7465 7627 7659 8078 10557 
#module 122 size: 52 bs: 0.274928
209 345 374 1552 1956 1993 2066 2067 2068 2311 2317 2328 2367 2371 2373 2375 2379 2387 2418 3290 3441 3818 3913 4447 4469 4609 4641 4868 4879 5017 5826 6133 6906 6913 7563 8135 8372 8749 8808 9034 9723 9891 9912 10108 10662 11308 11353 11355 11446 11664 11719 12663 
#module 123 size: 33 bs: 0.44723
188 516 596 721 2444 2665 2971 3113 3180 3748 3780 4227 4683 4884 5112 5674 5691 5780 6266 6340 6664 6935 7010 7056 7181 7819 8389 8690 8755 8991 9611 10551 11545 
#module 124 size: 13 bs: 0.674844
812 1270 3129 3135 3356 4993 6852 7331 7784 8047 8883 9718 9836 
#module 125 size: 33 bs: 0.898319
816 2251 2284 2354 2779 2798 2857 2900 2945 3960 4047 4464 4654 4963 5180 5210 5279 5595 5677 6059 6078 6308 6594 6628 7506 7794 8279 8322 8443 9211 9394 12510 12712 
#module 126 size: 29 bs: 1.01583
532 1968 2130 2133 2446 3166 3493 4294 4340 4920 5684 6100 6522 6652 7255 8536 8656 8893 9290 9373 9816 10829 10869 11037 11070 11084 11117 12302 12397 
#module 127 size: 20 bs: 0.900523
60 508 1941 2109 2134 3507 4335 5017 5285 6230 6231 6279 6727 9171 10566 10869 10954 11027 11114 12397 
#module 128 size: 12 bs: 0.400461
2888 3576 3841 4639 4920 5179 5428 6514 8672 8853 9212 9262 
#module 129 size: 20 bs: 0.860488
430 682 1519 1743 1850 2782 3513 3630 5508 5518 5602 5628 6330 7674 7923 8885 8952 9288 9332 9637 
#module 130 size: 10 bs: 0.89794
1690 2423 3157 4096 4571 4572 7514 7913 7914 8728 
#module 131 size: 15 bs: 0.832508
361 652 859 1395 2645 2938 2958 3342 5489 8190 8311 9138 9871 10405 12505 
#module 132 size: 6 bs: 0.577683
3867 4222 8392 8393 10079 11712 
#module 133 size: 27 bs: 0.460224
32 1572 1846 2559 3095 3857 3949 4379 4940 5060 5441 5504 6436 6659 6944 7896 8174 9006 9175 9576 9594 9876 9981 10123 10157 10201 11245 
#module 134 size: 11 bs: 0.87313
1347 1679 3853 4965 5280 6205 6773 8466 8476 9113 10519 
#module 135 size: 16 bs: 0.587399
161 232 824 1522 1549 4162 4407 5766 6815 6957 7522 7984 9165 10356 11388 11556 
#module 136 size: 18 bs: 0.353847
1008 2106 2436 3472 5259 5925 5933 7406 7564 8200 8645 9275 9361 9447 9906 10291 10733 12514 
#module 137 size: 20 bs: 0.395456
491 1376 2083 2147 2240 2414 3474 3876 4092 5199 5232 6918 6967 7954 8049 8788 8978 9545 9660 10274 
#module 138 size: 115 bs: 0.509891
28 68 180 315 352 793 809 812 963 996 1086 1125 1144 1204 1411 1599 1624 1643 1706 1735 1907 1918 2001 2157 2272 2389 2753 2783 2866 2937 3139 3247 3478 3589 3647 3708 3782 3805 3824 3902 4143 4316 4334 4366 4435 4459 4477 4480 4577 4949 5040 5084 5141 5229 5277 5281 5365 5396 5526 5662 5806 5824 5836 5895 5919 5937 6007 6141 6212 6415 6507 6639 7446 7473 7480 7591 7608 7683 7705 7797 7799 8016 8285 8407 8435 8442 8494 8579 8615 8789 8901 8947 8987 9009 9082 9144 9211 9214 9272 9367 9589 9651 9985 10067 10094 10235 10310 10522 10673 10751 10779 11262 11514 12586 12648 
#module 139 size: 19 bs: 0.84741
306 1200 1749 2058 2860 2964 3387 3676 4011 4525 4999 5273 6218 6477 6777 6937 7801 10605 10639 
#module 140 size: 14 bs: 0.648139
1313 2621 2789 3365 4632 4847 4935 6014 6616 6694 7493 8490 9308 9593 
#module 141 size: 14 bs: 0.203354
1430 1915 2767 5114 5733 6076 6150 6153 7434 7435 9046 9113 9199 10869 
#module 142 size: 10 bs: 0.199284
529 977 3206 3207 5460 5918 6275 7398 8011 9688 
#module 143 size: 16 bs: 0.338356
329 1080 2784 3137 3477 4458 5753 5786 6601 7432 7654 8070 8933 9368 10328 10510 
#module 144 size: 152 bs: 0.801907
142 262 329 452 604 637 673 766 833 894 938 972 995 1077 1174 1247 1289 1296 1508 1748 1792 1805 1866 1935 1988 2165 2206 2430 2568 2574 2638 2699 2716 2781 3057 3096 3146 3164 3210 3277 3369 3405 3417 3436 3444 3452 3457 3461 3488 3502 3679 3683 3716 3807 3816 3900 3906 3935 4006 4018 4059 4106 4160 4254 4292 4342 4355 4358 4359 4473 4480 4509 4606 4642 4678 4889 4918 5008 5019 5091 5131 5197 5349 5501 5537 5539 5585 5757 5765 5845 5846 5949 6018 6118 6127 6525 6535 6667 6720 6790 6797 7113 7142 7211 7303 7313 7314 7389 7623 7697 7814 7815 7864 7930 7934 8031 8046 8401 8624 8730 8745 8790 8803 9072 9136 9159 9294 9363 9368 9459 9468 9524 9807 9820 10292 10652 10679 10709 10730 10741 10907 10956 10995 11127 11147 11155 12162 12249 12591 12642 12889 12905 
#module 145 size: 16 bs: 0.227475
458 797 1253 2121 2953 2954 4214 5357 5779 6598 6767 7042 8368 8969 10029 10911 
#module 146 size: 7 bs: 0.177726
3627 3636 5041 5430 6155 6162 8772 
#module 147 size: 19 bs: 0.232529
327 1496 2944 2952 3356 3646 3684 5163 5709 6097 6155 6491 6828 7102 7103 8716 8770 8947 9791 
#module 148 size: 50 bs: 0.235431
76 204 596 1065 1147 1151 1170 1468 1862 2080 2160 2665 3007 3056 3637 4520 4910 5112 5174 5355 5942 6003 6050 6138 6158 6322 6369 6528 6664 6924 6935 7056 7062 7383 7384 7410 7537 7549 7689 8323 8695 9561 9584 9768 9771 9973 10133 10196 11283 12865 
#module 149 size: 16 bs: 0.956968
816 1237 1714 1961 2354 2900 3132 4537 4654 5279 5595 7477 8590 8635 9343 9679 
#module 150 size: 19 bs: 0.190074
537 1117 1427 2084 3111 3834 4779 5443 6174 6561 7504 7735 8492 9514 10111 10262 10493 10862 11571 
#module 151 size: 43 bs: 0.647731
103 550 1115 1439 1616 1741 1976 2168 2184 2735 3147 3418 3654 3756 3993 4012 4772 4856 4948 5251 7050 7255 7330 7383 7657 7855 7858 8328 8504 8935 9089 9246 9894 10238 10382 10746 11038 11311 12488 12697 12843 12972 13006 
#module 152 size: 48 bs: 0.414549
122 601 976 1014 1042 1094 1489 2148 2455 2472 2970 3130 3326 3371 3512 3555 3563 3747 3856 4071 4248 4283 4287 4923 5402 5783 6022 6424 6671 6694 7203 8032 8340 8452 8622 8737 9247 9413 9588 9695 9784 9957 10264 10629 10757 10931 11571 11878 
#module 153 size: 33 bs: 0.510621
143 209 326 499 690 1552 2060 2065 2073 2312 2377 2378 2380 2382 2383 2384 2386 2388 3765 3775 4701 4703 4870 4878 5459 6005 6428 7318 7407 8483 10611 11340 11664 
#module 154 size: 31 bs: 0.83243
606 934 1036 1486 1695 1729 2400 3649 3882 4244 4540 4637 4966 5379 5479 5528 5691 6181 6359 7166 7274 7391 7684 8041 8234 8274 8673 9036 9402 9540 12997 
#module 155 size: 20 bs: 0.36339
535 824 911 1149 2984 4407 5054 5319 5568 5633 5709 5766 6834 6846 8047 8305 9165 10356 10672 10822 
#module 156 size: 14 bs: 0.899495
373 541 1893 1959 2721 2834 2843 3585 4377 4401 4588 5186 5569 6344 
#module 157 size: 20 bs: 0.68678
782 896 1124 1302 1824 3041 3590 4135 4597 5046 6589 7141 7427 7739 9437 9438 9460 9517 9886 10206 
#module 158 size: 24 bs: 0.529967
562 1452 1474 1689 1751 1937 1969 2118 2963 4144 4157 4291 4733 5600 5818 6863 6884 7496 8004 9310 9410 10279 11053 11447 
#module 159 size: 57 bs: 0.818114
203 205 595 1095 1894 2101 2252 2275 2960 3269 3403 3484 4200 4339 4514 4860 4873 5155 5156 5266 5461 5712 5773 5875 6209 6261 6312 7067 7255 7561 7657 7703 7958 8030 8453 8531 8551 8556 9255 9666 9745 9819 9998 10096 10142 10413 10661 10803 10814 11058 11137 11138 11279 11436 12602 12969 13004 
#module 160 size: 11 bs: 0.20269
715 2791 3470 3739 4534 5117 6155 6304 8154 8720 11614 
#module 161 size: 5 bs: 0.137511
764 1359 2470 9397 9419 
#module 162 size: 18 bs: 0.548231
714 1854 2959 3354 4440 4716 6235 6478 6765 6768 7409 8186 8774 9409 9752 10114 10518 13010 
#module 163 size: 9 bs: 0.787743
775 839 2862 6231 8332 9071 10199 10703 10930 
#module 164 size: 30 bs: 0.294326
109 548 1052 1169 1197 1344 1662 2598 2652 3370 3442 3475 3800 3916 3961 4303 4630 4774 4775 5057 5538 5783 6198 7199 7519 9441 10663 10868 11158 12505 
#module 165 size: 30 bs: 0.18514
369 370 1212 2378 2411 2673 3132 3182 3188 3203 3674 3723 3728 3789 3838 3992 4636 4962 5020 5512 6386 7415 7692 8437 8628 9111 9376 10019 10899 11150 
#module 166 size: 21 bs: 0.186174
1618 2682 4037 4170 4343 4907 5295 6046 6471 6982 7361 7742 8128 8399 8565 8669 8772 8946 10175 10792 10884 
#module 167 size: 19 bs: 0.97057
521 1891 1920 2110 2677 2880 3853 3954 4035 4046 4054 4092 4649 5993 6023 7256 9047 9298 10617 
#module 168 size: 17 bs: 1.09103
377 759 2090 2132 2187 2213 2215 2219 4969 4991 5034 5666 7358 7545 8396 9378 11029 
#module 169 size: 35 bs: 0.120953
708 870 1278 2441 2627 2637 2951 3196 3327 3511 3946 3955 3995 4092 4286 4367 4389 4591 4649 5140 5659 5811 7286 7441 7476 7758 9113 9254 9298 9546 10140 10354 10362 10445 10717 
#module 170 size: 18 bs: 0.475518
1048 1659 1865 2541 2693 3964 4029 4078 4867 5792 6520 6715 7570 8498 8600 9300 9580 10823 
#module 171 size: 60 bs: 0.752771
192 400 438 473 1149 1254 1569 1880 2128 2145 2294 2352 2404 2579 2682 2730 2845 2922 3580 3932 3952 3961 4080 4101 4176 4233 4293 4427 4636 4712 4958 5283 5663 5852 6177 6268 6459 7200 7298 7337 7358 7561 7727 7741 7772 7838 8417 8527 8968 9162 9440 10218 10371 10454 10579 10654 10672 10834 10881 11710 
#module 172 size: 69 bs: 0.493103
64 137 159 618 953 1103 1257 1316 1564 1567 1569 1686 1697 1729 2060 2461 2635 2956 2980 3464 3793 3828 3865 3883 3895 4073 4495 4665 4762 4824 4887 4945 5185 5336 5429 5691 5816 5856 5862 6336 6370 6443 6451 7006 7040 7384 7420 7736 7826 7834 7856 7988 7989 8012 8654 8710 8802 8931 8971 9045 9202 9417 9529 10130 10209 10309 11142 11265 11266 
#module 173 size: 49 bs: 0.375883
210 446 695 983 1358 1428 1458 1555 1591 1597 1768 1885 2368 2682 2718 3403 3755 3759 4180 4403 4579 4601 5134 5227 5405 5408 5535 5623 5856 5862 5879 5984 6046 6390 6669 6750 6863 6911 6945 7042 7398 8261 8557 8617 9440 10329 10781 11310 12291 
#module 174 size: 47 bs: 0.145427
35 137 213 465 985 1726 1740 1768 1980 2110 2829 2967 3198 3212 3214 3511 3535 3550 3609 3988 4035 4419 4674 4758 5387 5506 5538 5576 5737 6023 6481 6511 6658 6744 7174 7362 7381 7464 7597 7614 8762 8876 9026 9979 10574 11448 11491 
#module 175 size: 33 bs: 0.362678
174 402 547 794 1720 1815 2493 2740 2843 3194 4630 4656 4979 5250 5464 5838 6131 6214 6572 6590 7051 7228 7589 7612 7884 7970 8110 8445 9248 9560 9717 10619 11501 
#module 176 size: 90 bs: 0.122542
172 191 274 280 360 618 687 698 1023 1039 1687 1714 1722 1819 1864 1927 1981 2103 2272 2287 2435 2508 2633 2682 2718 2846 2854 2862 3139 3320 3449 3485 3565 3587 3721 3736 3772 3932 4345 4615 4630 4638 4705 4731 4887 5015 5212 5242 5476 5477 5515 5691 6231 6250 6327 6531 6534 6586 6701 6731 7424 7571 7649 7861 8023 8172 8199 8528 8743 8805 8990 9066 9075 9189 9209 9325 9502 9622 9754 10158 10321 10357 10422 10613 10707 10712 11083 11150 11169 11188 
#module 177 size: 80 bs: 0.103157
7 21 184 820 986 1098 1122 1213 1219 1378 1554 1576 1577 1816 1827 1840 2242 2321 2506 2525 2676 2697 2910 2923 2936 3116 3224 3231 3490 3524 3656 3661 3768 4126 4172 4174 4443 4735 4815 4849 5047 5070 5111 5232 5308 5339 5486 5499 5510 5643 5752 5754 5764 5877 5907 5952 5958 6114 6673 6968 7233 7289 7481 7494 7818 8125 8324 8425 8472 8606 8855 9587 9924 10250 10402 10404 10515 11379 12382 12756 
#module 178 size: 24 bs: 0.975393
10 124 127 774 1182 1295 2122 2607 2927 3468 3861 6345 6347 7288 7536 7640 8499 8696 9052 9624 9700 9830 11711 11814 
#module 179 size: 98 bs: 0.479651
36 131 375 774 865 1276 1513 1647 1664 1721 1785 1879 1926 1929 2069 2122 2291 2467 2766 2847 2915 2927 3050 3219 3280 3351 3393 3395 3603 3648 3718 4584 4593 4651 4713 4719 4746 4915 4925 4978 5107 5109 5110 5198 5348 5350 5397 5422 5425 5591 6048 6227 6241 6307 6321 6549 7277 7442 7550 7629 7640 7728 8302 8397 8402 8439 8478 8580 8593 8616 8714 8810 8929 8992 9030 9382 9483 9700 9708 9808 9884 9951 10021 10041 10084 10190 10226 10242 10460 10684 10715 10765 10965 11106 11125 12297 12873 12937 
#module 180 size: 44 bs: 0.427535
113 1066 1206 1425 1654 2100 3088 3114 3276 3786 4446 5194 5578 5908 6063 6226 6314 6538 7036 8054 8127 8150 8328 8558 8791 8852 9457 9512 9662 9677 9935 10107 10119 10388 10532 10845 11031 11092 11118 11121 11269 11576 12514 12577 
#module 181 size: 32 bs: 0.453502
849 878 983 1383 1591 1689 2481 2806 3040 3101 3171 3272 3604 3755 3759 4249 4602 4754 5386 5973 6046 6944 7378 7802 7994 8980 9458 9591 9944 10204 10240 11178 
#module 182 size: 45 bs: 0.263871
22 133 166 292 301 344 426 645 1153 1224 1301 1834 1845 2031 2136 2316 2635 2681 3271 3360 3737 3822 4189 5629 5646 5976 6057 6199 6350 6560 6883 7384 7486 8823 8896 9289 9345 9479 9964 10825 10925 11139 11338 11463 11989 
#module 183 size: 44 bs: 0.245682
95 190 718 1274 1275 1305 1466 2089 2188 2189 2192 2209 2221 3582 3583 3855 4001 4091 4779 5173 5632 5885 6071 6260 6286 7483 7711 7883 7997 8309 8430 8431 9338 9904 10111 10116 10145 10228 10239 10643 11069 11143 11266 11418 
#module 184 size: 169 bs: 0.763149
123 206 220 359 395 540 692 705 811 862 925 1060 1105 1205 1227 1241 1277 1320 1351 1377 1407 1481 1483 1539 1632 1650 1791 1932 1979 2024 2090 2142 2169 2186 2190 2192 2193 2194 2195 2212 2215 2216 2253 2406 2646 2647 2653 2801 2855 2883 2918 2950 3017 3021 3028 3124 3200 3204 3205 3260 3397 3530 3591 3599 3776 3788 3794 3796 3847 3914 3917 3989 4033 4371 4429 4461 4487 4517 4590 4622 4631 4704 4718 4778 4780 4969 4971 5221 5252 5263 5367 5381 5400 5453 5494 5559 5586 5666 5707 5735 5740 5887 6154 6216 6229 6274 6300 6329 6372 6499 6550 6553 6567 6835 6848 7072 7235 7263 7292 7316 7335 7377 7426 7513 7554 7595 7743 7788 8084 8349 8376 8394 8771 8815 8845 8961 9091 9123 9270 9475 9495 9544 9548 9570 9745 9790 9835 9840 10060 10228 10296 10337 10344 10433 10480 10891 10970 11126 11143 11145 11165 11372 11639 11664 11883 11994 12447 12595 12618 
