#module 0 size: 5 bs: 3.84137e-14
74 106 169 667 962 
#module 1 size: 15 bs: 0.000995101
58 137 293 332 370 451 454 532 541 562 615 752 819 823 905 
#module 2 size: 9 bs: 1.37468e-11
168 177 236 255 279 356 796 828 960 
#module 3 size: 11 bs: 1.11022e-16
258 333 336 434 442 603 628 711 774 850 863 
#module 4 size: 7 bs: 0.335745
299 314 672 728 836 1363 1373 
#module 5 size: 12 bs: 0.696086
131 141 182 216 383 457 558 837 881 892 1007 1190 
#module 6 size: 21 bs: 0.490493
19 34 64 67 92 187 338 445 521 530 613 770 885 967 968 974 1000 1008 1030 1093 1276 
#module 7 size: 10 bs: 0.451507
95 278 309 341 360 386 458 648 656 795 
#module 8 size: 13 bs: 0.383907
22 23 24 63 371 378 564 664 895 896 904 976 1006 
#module 9 size: 8 bs: 0.236865
73 260 280 336 353 559 834 1043 
#module 10 size: 18 bs: 0.154548
81 152 213 228 271 275 325 345 382 408 576 597 642 748 963 1001 1209 1318 
#module 11 size: 13 bs: 0.16623
59 133 187 253 410 417 629 656 736 788 825 889 1323 
#module 12 size: 5 bs: 0.32985
50 242 535 616 858 
#module 13 size: 34 bs: 1.03566
31 60 80 150 159 170 203 223 326 347 395 405 437 447 505 564 592 604 607 654 756 764 771 805 833 885 897 921 936 976 1132 1136 1222 1352 
#module 14 size: 10 bs: 0.205563
90 240 243 411 491 721 840 856 881 972 
#module 15 size: 11 bs: 0.152282
69 213 252 295 366 614 667 684 844 868 1009 
#module 16 size: 8 bs: 0.76058
18 269 330 512 755 920 939 1071 
#module 17 size: 19 bs: 1.00662
5 79 272 276 305 406 428 441 460 464 612 662 718 760 857 860 952 979 1120 
#module 18 size: 8 bs: 0.230645
176 211 401 783 787 816 830 881 
#module 19 size: 13 bs: 0.642041
32 79 123 416 453 552 693 707 727 731 970 1001 1326 
#module 20 size: 14 bs: 1.01321
205 299 474 574 719 768 769 797 871 935 999 1014 1271 1354 
#module 21 size: 20 bs: 0.420244
17 70 225 229 262 321 351 357 367 391 413 431 549 571 600 649 697 814 994 1366 
#module 22 size: 12 bs: 0.846006
142 180 302 334 581 651 676 687 744 919 954 1048 
#module 23 size: 24 bs: 0.418049
56 119 137 158 163 259 317 358 390 420 430 454 470 541 581 598 623 715 738 757 775 784 859 888 
#module 24 size: 19 bs: 0.50222
52 71 79 94 188 200 267 446 476 483 561 639 722 731 842 1013 1196 1202 1258 
#module 25 size: 13 bs: 0.753634
116 251 273 388 403 426 476 559 615 803 804 890 1228 
#module 26 size: 46 bs: 0.621341
13 16 26 76 136 137 158 195 202 238 270 342 387 422 432 433 435 522 546 563 572 620 645 650 654 690 692 705 729 751 758 774 792 815 827 828 839 866 886 930 960 987 1026 1218 1267 1284 
#module 27 size: 18 bs: 0.424677
49 54 68 69 108 114 126 129 153 573 582 641 647 737 806 966 1029 1349 
#module 28 size: 22 bs: 0.446936
28 140 179 217 291 298 316 361 380 399 449 465 569 725 732 772 833 876 938 1092 1221 1264 
#module 29 size: 10 bs: 0.684471
144 169 377 436 637 741 798 829 934 962 
#module 30 size: 17 bs: 0.303585
1 3 62 77 115 130 304 344 409 585 588 589 618 644 675 878 1370 
#module 31 size: 11 bs: 0.74824
115 282 421 451 605 707 712 809 970 975 1356 
#module 32 size: 19 bs: 0.668625
27 72 125 134 197 226 227 248 285 329 337 352 534 655 932 1012 1086 1099 1253 
#module 33 size: 22 bs: 0.348116
82 208 244 294 414 427 475 659 713 720 899 950 965 996 1015 1018 1019 1053 1121 1170 1295 1296 
#module 34 size: 10 bs: 0.647379
57 526 556 568 685 724 884 907 980 1078 
#module 35 size: 11 bs: 0.461723
199 306 320 520 608 619 701 718 729 742 894 
#module 36 size: 13 bs: 0.522853
66 112 135 199 221 299 392 627 631 665 686 708 749 
#module 37 size: 19 bs: 0.286338
15 91 102 128 296 348 425 544 624 645 646 683 839 908 1010 1028 1149 1283 1339 
#module 38 size: 7 bs: 0.800925
29 184 206 379 615 784 1353 
#module 39 size: 14 bs: 0.844608
36 212 297 328 467 566 688 699 702 745 808 810 951 1016 
#module 40 size: 22 bs: 0.114601
65 99 107 192 235 346 355 375 454 461 548 601 606 668 733 743 753 794 898 920 1333 1355 
#module 41 size: 7 bs: 0.541164
218 220 249 468 626 861 1224 
#module 42 size: 15 bs: 0.550325
3 33 78 115 120 189 222 310 385 609 618 689 831 948 1372 
#module 43 size: 19 bs: 0.952063
103 165 279 315 356 372 381 459 524 532 621 643 649 722 739 877 902 906 958 
#module 44 size: 39 bs: 0.798898
65 88 143 154 201 230 234 257 290 331 335 397 404 450 456 587 590 630 640 660 674 691 776 794 811 823 824 867 915 931 947 984 985 1058 1112 1150 1183 1277 1377 
#module 45 size: 61 bs: 0.967472
12 25 35 87 98 101 118 127 139 151 168 194 219 241 246 287 292 307 312 318 324 343 349 394 407 419 440 531 536 538 539 551 557 577 583 591 617 636 657 678 694 716 717 735 750 763 773 801 817 820 821 822 872 875 903 1031 1274 1282 1285 1294 1315 
#module 46 size: 15 bs: 0.349895
111 245 294 303 455 475 525 595 621 734 812 853 864 933 1021 
#module 47 size: 13 bs: 0.848958
30 214 319 322 389 443 452 553 594 695 851 910 1240 
#module 48 size: 29 bs: 1.03926
109 136 158 161 231 259 283 288 308 337 354 358 363 373 430 541 550 559 578 598 620 631 704 715 759 784 901 969 1362 
#module 49 size: 39 bs: 0.804192
100 117 132 145 210 224 250 264 269 286 327 330 376 439 523 528 537 567 596 611 622 632 633 652 706 730 740 762 799 832 841 914 949 997 1164 1177 1272 1273 1298 
#module 50 size: 28 bs: 0.517174
6 35 160 196 198 207 233 274 292 368 448 472 533 540 658 663 714 735 761 862 870 875 917 928 955 997 1115 1293 
#module 51 size: 36 bs: 0.4764
53 97 122 138 164 181 190 205 277 364 398 402 463 471 490 527 529 548 586 593 634 639 651 681 746 791 800 829 855 900 911 978 984 1022 1023 1338 
#module 52 size: 43 bs: 0.968376
2 61 86 89 105 110 113 147 167 254 268 284 313 350 362 365 396 399 424 462 466 473 543 555 560 595 635 653 671 766 786 789 849 873 891 901 909 916 971 998 1011 1020 1325 
#module 53 size: 32 bs: 0.341883
124 156 183 199 232 256 261 289 369 374 425 497 554 565 610 670 679 700 723 767 821 852 869 894 909 912 956 957 977 1017 1025 1246 
#module 54 size: 15 bs: 0.526174
99 157 185 229 280 296 307 354 400 631 682 726 814 818 937 
#module 55 size: 13 bs: 0.587965
20 37 38 51 121 146 191 300 339 545 575 666 703 
#module 56 size: 28 bs: 0.824415
55 75 220 359 438 579 599 673 677 696 710 747 765 790 802 838 854 874 880 882 913 953 988 1033 1041 1275 1302 1321 
#module 57 size: 15 bs: 1.05459
48 78 149 213 299 301 393 522 580 609 709 797 804 893 999 
