#module 0 size: 2 bs: 0.0232028
8922 10677 
#module 1 size: 2 bs: 0.000471854
3204 3205 
#module 2 size: 2 bs: 2.47812e-11
3569 12019 
#module 3 size: 15 bs: 0.00980594
1087 2711 2898 3412 4194 4646 5069 5156 5191 6116 6195 6291 6766 10875 11551 
#module 4 size: 8 bs: 4.41886e-101
2109 2785 3301 4420 4782 9578 10461 11157 
#module 5 size: 5 bs: 0.000299816
428 451 1226 4676 4766 
#module 6 size: 7 bs: 8.30133e-101
1535 2421 4270 7041 8529 10981 12613 
#module 7 size: 12 bs: 2.68637e-06
46 1183 1973 3145 4069 4169 5311 5484 6384 7022 7584 11104 
#module 8 size: 17 bs: 0.0641288
306 1200 1749 2860 2964 3387 3676 4011 4525 4999 5273 6218 6477 6937 8600 10605 10639 
#module 9 size: 13 bs: 0.00820476
1376 1714 2371 2741 3348 3544 3559 4868 5962 7559 8195 8440 11011 
#module 10 size: 4 bs: 2.22752e-08
100 8601 9871 10249 
#module 11 size: 4 bs: 5.17414e-09
2145 2801 3397 6229 
#module 12 size: 8 bs: 0.00154417
528 759 2132 2958 3021 4778 6723 8396 
#module 13 size: 25 bs: 3.77476e-15
122 601 976 1014 1094 1489 2455 3326 3512 3555 3856 4248 4287 6154 6424 6671 8545 8622 9413 9784 9957 10264 10931 11571 11878 
#module 14 size: 4 bs: 2.72944e-11
397 6256 7855 9287 
#module 15 size: 5 bs: 8.05979e-101
225 568 3162 4661 8666 
#module 16 size: 2 bs: 5.39568e-08
727 7402 
#module 17 size: 3 bs: 3.45503e-101
4505 8873 11451 
#module 18 size: 2 bs: 1.71638e-07
9173 9178 
#module 19 size: 2 bs: 2.0311e-08
2418 10108 
#module 20 size: 3 bs: 4.83445e-07
2138 2191 4862 
#module 21 size: 3 bs: 8.43178e-09
4964 5698 8563 
#module 22 size: 5 bs: 1.60992e-10
977 2055 5360 6365 11261 
#module 23 size: 8 bs: 5.30289e-101
712 827 2174 2415 3908 5918 6098 10007 
#module 24 size: 34 bs: 0.00866233
1127 1476 2262 2284 2376 2779 2798 2945 3079 4047 4464 4963 5180 5210 5217 5677 5808 6059 6308 6594 6628 7083 7794 8003 8279 8322 8443 9101 9211 9394 9863 11243 12510 12712 
#module 25 size: 3 bs: 0.00929057
637 972 10292 
#module 26 size: 7 bs: 0.00995439
867 2477 3120 4020 5417 9258 10882 
#module 27 size: 12 bs: 7.89909e-06
499 3431 4529 7498 8887 8916 9415 9429 10047 10156 10181 10267 
#module 28 size: 22 bs: 0.00134275
1433 3827 3837 4168 4172 4693 5420 5604 5694 5702 6082 6144 6166 6692 7057 7453 7773 8079 9389 9594 9942 10223 
#module 29 size: 6 bs: 1.56042e-09
1274 1275 1648 2955 4294 6652 
#module 30 size: 40 bs: 0.0620748
106 119 474 542 950 1099 1246 1294 1717 4201 4412 4474 4612 4672 4952 4986 5061 5573 5653 5921 6233 6290 6341 6892 7350 7639 8071 8191 9185 9667 9669 10035 10080 10106 10691 10939 10971 11209 11582 12667 
#module 31 size: 3 bs: 2.46827e-09
3017 6550 11145 
#module 32 size: 6 bs: 2.49689e-13
1876 2391 2991 2992 8581 11157 
#module 33 size: 24 bs: 0.0563429
32 1572 1865 3036 3095 3612 3857 3949 4379 5060 5441 5504 6436 6659 7373 7896 9006 9164 9175 9576 9594 9981 10201 11245 
#module 34 size: 9 bs: 1.66601e-11
2924 4150 4684 6619 7260 8585 10392 11161 12514 
#module 35 size: 6 bs: 3.94603e-101
4549 5867 7892 8857 10447 11482 
#module 36 size: 3 bs: 1.74982e-05
686 2879 10198 
#module 37 size: 7 bs: 3.19141e-05
2070 2101 4170 5714 6377 7809 12492 
#module 38 size: 3 bs: 8.12683e-13
1532 4578 5346 
#module 39 size: 6 bs: 2.87703e-101
2628 3686 9243 10007 10695 11193 
#module 40 size: 13 bs: 0.0169273
1293 2802 3408 4090 4685 5051 5684 6522 7870 9341 9344 12088 12790 
#module 41 size: 9 bs: 2.88425e-11
2941 3744 3771 4270 4508 5341 6586 8892 9825 
#module 42 size: 18 bs: 0.000501704
1302 1408 2393 2784 3107 3137 3342 4400 5046 7739 7853 7854 8387 8933 9694 10510 10741 12867 
#module 43 size: 3 bs: 0.056237
3477 5131 6601 
#module 44 size: 6 bs: 3.77889e-05
1846 6082 6944 8174 9688 9876 
#module 45 size: 6 bs: 8.48017e-09
3755 3759 5811 7758 11513 11712 
#module 46 size: 24 bs: 7.90782e-102
137 159 1564 1864 1980 2137 2758 3828 3895 4529 4945 5015 5336 5438 5854 5951 6370 7013 7822 7826 8931 9712 10309 11188 
#module 47 size: 52 bs: 0.0372416
704 715 1122 1430 2328 2448 2767 2847 3321 3385 3386 3621 3811 3978 4185 4365 4683 4940 5400 5499 5578 5733 5769 5817 5857 5909 6195 6538 6985 7050 7154 7385 7434 7435 7442 7592 7629 7674 8351 8580 8785 8967 9214 9288 10041 10060 10123 11006 11206 11245 11340 12297 
#module 48 size: 17 bs: 0.000159291
1748 1935 2716 3096 3716 3816 4642 5501 5845 6046 6118 7815 8790 9072 9363 9368 10328 
#module 49 size: 6 bs: 0.00308573
1135 2806 5020 8228 8805 10835 
#module 50 size: 13 bs: 7.85946e-11
442 3127 4779 7190 7509 7688 9027 9239 10137 10445 10734 11019 11142 
#module 51 size: 7 bs: 4.13231e-06
1358 3582 3583 3654 9034 9373 11117 
#module 52 size: 15 bs: 0.00724614
147 479 764 1092 1202 1359 2652 2761 2963 3916 3963 5496 7179 9397 9419 
#module 53 size: 6 bs: 0.982132
3260 6107 6623 7788 9544 12447 
#module 54 size: 5 bs: 0.118491
3841 4920 5428 9097 9262 
#module 55 size: 27 bs: 0.224208
181 467 934 1703 2516 3175 3921 4014 4064 4142 4360 4450 4876 5412 6764 7008 7043 7274 8274 9936 10234 10300 10469 10659 10826 10902 12575 
#module 56 size: 4 bs: 0.207166
218 2027 4752 4753 
#module 57 size: 66 bs: 0.577149
51 121 413 506 507 556 563 1072 1102 1285 1297 1975 2019 2023 2063 2370 2599 2616 2630 2793 2851 3312 3332 3333 3510 3918 3936 3958 4053 4070 4432 4682 4865 5450 5451 5478 5647 5863 5995 6106 6433 6442 6474 7169 7216 7264 7346 7556 7644 8139 8158 8277 8487 8744 8820 9079 9120 9547 9743 10472 10504 10800 10885 11445 11660 12515 
#module 58 size: 13 bs: 0.481654
453 1997 4007 4280 4917 5617 6434 6736 6952 9182 9702 10333 11233 
#module 59 size: 9 bs: 1.00873
803 2958 3686 3845 5727 5786 7508 8448 10680 
#module 60 size: 23 bs: 0.632055
804 1001 1815 1998 3118 6243 6391 7118 7656 7729 7858 7932 8475 9821 10058 10142 10750 10793 10811 11074 11276 11576 12039 
#module 61 size: 21 bs: 0.700854
1270 2408 3127 3129 3131 3135 4044 5325 5381 5593 6132 6329 6332 6852 7608 8882 8883 9422 9836 10511 10624 
#module 62 size: 17 bs: 0.889881
645 816 1237 1714 2354 2842 2900 3132 4537 4654 5279 5595 7477 8590 8635 9343 9679 
#module 63 size: 5 bs: 0.331856
790 2195 3599 7358 9380 
#module 64 size: 9 bs: 0.131077
827 2004 3186 3908 6098 6723 8559 10904 12293 
#module 65 size: 10 bs: 0.399867
186 927 1698 3734 4686 4715 10281 10286 11572 11595 
#module 66 size: 19 bs: 0.776386
161 232 824 1522 1549 4162 4407 4591 6815 6957 7522 7654 7984 9165 9813 10356 11388 11556 12475 
#module 67 size: 27 bs: 0.551211
278 351 523 572 576 653 1544 1966 2480 3193 3389 3839 4171 4843 6172 6344 6694 6745 7114 7131 7638 7839 8142 8316 8374 8398 9696 
#module 68 size: 29 bs: 0.879117
1015 1095 1420 1929 2069 2467 3718 4406 4593 5082 5109 5198 5292 6085 6317 6321 6327 6724 6869 7440 7551 7728 8096 8402 9145 9383 9933 10226 11213 
#module 69 size: 24 bs: 0.60892
308 1347 1661 1874 2061 2872 3986 3990 4805 5673 6070 6130 6217 6348 7253 7728 9552 9682 10132 10174 10582 10830 11042 11411 
#module 70 size: 16 bs: 0.658549
458 797 1253 2121 4214 5357 5408 5779 6598 6767 7042 7492 8368 8969 10029 10911 
#module 71 size: 32 bs: 0.979473
231 261 1928 1955 2095 2640 2645 2713 2768 3239 3303 3342 3715 3854 4217 4814 5753 6971 7304 7472 7615 8075 8562 8671 8736 8813 9442 9973 10098 11191 11429 11733 
#module 72 size: 35 bs: 0.198227
188 360 516 596 721 2160 2444 2665 2971 3113 3180 3748 3780 4227 4884 5041 5112 5674 5691 5780 6266 6340 6664 6935 7010 7056 7181 7819 8389 8690 8755 8991 9611 10551 11545 
#module 73 size: 12 bs: 0.641825
729 853 1494 2778 3257 3767 4002 4670 6497 7837 8245 11715 
#module 74 size: 33 bs: 0.828402
144 183 497 590 622 1309 1436 1712 2144 2414 2739 2749 3426 3821 3876 4304 4371 4942 5199 5343 5656 6616 6777 7954 8463 9421 9510 9703 9734 10592 10914 10972 12670 
#module 75 size: 11 bs: 0.718549
334 1915 2114 3129 3196 5114 6076 6150 6153 9199 10869 
#module 76 size: 22 bs: 1.03954
260 432 508 2844 3507 3690 4763 5997 6038 6100 6230 6604 6727 6909 8263 8265 8412 8957 9073 11038 11114 12953 
#module 77 size: 8 bs: 0.32035
101 389 2058 2796 3408 3734 8623 9390 
#module 78 size: 8 bs: 0.825061
95 379 1241 1305 2008 3794 5058 9253 
#module 79 size: 15 bs: 0.149605
16 161 364 3415 4475 4926 4958 4962 5918 6957 8417 9215 10202 10525 10834 
#module 80 size: 18 bs: 0.578277
217 309 918 1872 2710 4520 4910 5174 7189 9399 9555 9584 9596 9768 9771 10196 10704 11283 
#module 81 size: 8 bs: 0.206245
828 1902 3160 4323 6621 9523 11261 11513 
#module 82 size: 64 bs: 0.569521
34 47 244 316 875 1197 1410 1464 1515 1909 2074 2111 2547 2551 2614 2998 3054 3366 3575 3621 3640 3688 3851 3909 4448 4523 4599 4708 4806 4891 5139 5700 5721 5964 6197 6969 7167 7230 7363 7429 7552 8073 8074 8693 8711 8748 8792 8828 8949 9016 9350 9391 9489 9516 9851 10124 10324 10463 10484 10693 10915 11124 12582 12881 
#module 83 size: 12 bs: 0.814084
292 1880 3810 4246 4454 5633 5661 7011 8154 8331 9410 10883 
#module 84 size: 7 bs: 0.12262
997 1499 3867 4222 8392 8393 10079 
#module 85 size: 18 bs: 0.77354
486 907 990 3122 3126 3600 4372 4421 5089 5153 5364 5482 5880 7202 7531 8982 9097 10191 
#module 86 size: 7 bs: 0.531661
762 2786 2787 6312 7573 8434 8827 
#module 87 size: 86 bs: 0.151743
36 131 375 865 1276 1513 1647 1664 1721 1785 1879 1926 1929 2069 2122 2291 2467 2766 2915 3219 3280 3351 3395 3468 3603 3648 3718 4584 4593 4651 4713 4719 4746 4915 4978 5107 5109 5110 5198 5348 5350 5397 5422 5425 5591 6227 6307 6321 6549 7550 7728 8302 8397 8402 8439 8478 8593 8616 8714 8810 8929 8992 9030 9052 9382 9483 9700 9708 9808 9951 10021 10190 10226 10242 10460 10684 10715 10765 10965 11106 11125 11711 11814 12678 12873 12937 
#module 88 size: 11 bs: 0.122112
1345 2554 3470 3996 4534 5661 6155 6684 7331 8720 9695 
#module 89 size: 25 bs: 0.522172
682 1070 1168 1519 1743 1850 2782 2967 3513 3630 4085 4959 5140 5208 5465 5508 5518 5628 6330 7923 8885 8952 9332 9637 10734 
#module 90 size: 17 bs: 0.965857
541 1690 1893 2423 2721 2834 3157 3585 4096 4377 4401 4571 4572 7514 7913 7914 8728 
#module 91 size: 11 bs: 0.97624
983 1591 3171 3604 4232 4602 7802 7994 8980 9458 11178 
#module 92 size: 21 bs: 0.480084
782 896 1124 1824 3041 3590 4135 4400 4597 5765 6589 7141 7394 7427 9437 9438 9460 9517 9687 9886 10206 
#module 93 size: 8 bs: 0.301522
579 1360 1619 1679 7127 7602 8257 9113 
#module 94 size: 25 bs: 0.394097
885 959 1021 1155 1656 2097 2176 3308 3340 3673 4845 5068 6214 6399 6922 7167 7555 7746 7906 8150 8738 8783 10550 10905 11400 
#module 95 size: 21 bs: 0.743996
203 205 1894 2168 2184 4200 4514 4782 4860 5155 5266 5875 6261 7703 9255 9666 9821 10096 10413 10661 10814 
#module 96 size: 10 bs: 0.438123
254 3962 5033 6157 6623 6716 6718 7635 8860 10866 
#module 97 size: 27 bs: 0.351579
870 1347 1458 1505 1587 1961 2961 3134 4333 4341 4522 4670 4914 4965 5209 6205 6335 7210 7634 7728 7817 8476 10519 10568 10613 11142 11696 
#module 98 size: 21 bs: 0.823415
714 1854 2959 3354 3613 4440 4716 6235 6478 6765 6768 7409 8186 8600 8774 9077 9409 9752 10114 10518 13010 
#module 99 size: 8 bs: 0.909421
326 2147 2312 3203 5512 6005 7318 8199 
#module 100 size: 24 bs: 0.910467
29 207 1946 2983 3763 3891 4035 4512 4826 6254 6376 7215 7524 7525 7922 8278 8596 8910 10512 10617 10631 10791 10894 11382 
#module 101 size: 9 bs: 1.00811
1313 2463 2621 2789 4632 7493 8490 9308 9593 
#module 102 size: 11 bs: 0.98794
257 655 1524 1896 2483 2822 7480 7533 8678 8941 10267 
#module 103 size: 10 bs: 0.664039
317 345 779 1707 1993 4469 7327 11308 11355 11719 
#module 104 size: 9 bs: 0.586849
2888 3576 4920 5179 6514 7780 8672 8853 9212 
#module 105 size: 7 bs: 0.528932
3050 5826 5981 5987 7563 8680 11446 
#module 106 size: 12 bs: 0.124385
535 824 2984 5054 5319 5568 5633 5709 5766 8047 9165 10356 
#module 107 size: 10 bs: 0.957462
1639 2433 4136 5337 5829 6581 7869 8283 10974 12158 
#module 108 size: 21 bs: 0.207372
60 302 508 1941 2109 3507 4335 5017 5099 5285 6230 6231 6279 6727 9171 10566 10869 10954 11027 11114 12397 
#module 109 size: 6 bs: 0.113019
5895 6090 6924 7789 7855 10625 
#module 110 size: 14 bs: 0.558133
528 1908 2180 3463 4558 5003 5876 5997 6231 7635 7672 8541 10929 10957 
#module 111 size: 104 bs: 0.664515
123 220 359 395 521 811 862 961 1060 1065 1105 1205 1227 1277 1377 1407 1483 1650 1932 2024 2118 2186 2193 2253 2294 2406 2855 2918 3028 3130 3591 3788 3796 3818 3914 3917 4033 4100 4429 4461 4487 4517 4590 4622 4631 4639 4641 4703 4704 4718 4780 4923 4971 5221 5252 5263 5367 5453 5559 5735 5740 6154 6216 6274 6300 6372 6499 6553 6567 7072 7263 7292 7316 7377 7407 7513 7554 7595 7743 7832 8084 8376 8430 8431 8466 8771 8815 8845 8891 9091 9475 9495 9548 9570 9790 9840 10193 10337 10433 10480 10970 11664 11994 12595 
#module 112 size: 16 bs: 0.729743
211 377 510 2089 2187 2835 3459 4370 4779 5708 6983 7551 9002 9145 11142 11152 
#module 113 size: 10 bs: 0.52361
551 941 1634 1745 2089 4807 6245 7278 7634 10558 
#module 114 size: 38 bs: 0.141784
10 377 578 834 1182 1295 1613 2035 2187 2251 2289 2456 2759 2882 2951 4282 4829 5076 5802 6132 6327 6345 6347 6349 7288 7634 8761 9211 9624 9884 9921 9986 10343 10753 10887 12609 12716 12782 
#module 115 size: 32 bs: 0.471701
537 1117 1427 2084 2950 3111 3834 3995 4779 5443 6174 6372 6561 6848 7235 7426 7504 7735 7883 8492 9046 9514 10111 10228 10262 10493 10643 10978 11372 11393 11571 11639 
#module 116 size: 31 bs: 0.390503
122 976 1042 1489 2148 2472 2970 3371 3563 3662 3747 3792 3856 4248 4283 5402 5783 6022 6671 6694 7203 8032 8340 8622 8737 8774 9247 9588 9957 10264 10757 
#module 117 size: 8 bs: 0.728651
1003 2441 2789 6809 7184 8708 10103 11171 
#module 118 size: 20 bs: 0.510743
152 373 1019 1959 2470 3578 3869 4468 4588 4893 5154 5186 5959 6025 6344 6900 7607 8923 9414 11635 
#module 119 size: 8 bs: 0.799311
2267 4472 4524 4604 6167 6586 6964 8881 
#module 120 size: 25 bs: 0.217092
109 548 1052 1169 1344 1662 2598 3370 3442 3475 3550 4303 4630 4774 4775 5057 5538 5783 6198 7199 7519 9441 10663 10868 11158 
#module 121 size: 7 bs: 0.710458
370 2700 3203 6563 7534 8171 11424 
#module 122 size: 37 bs: 1.07209
204 262 1147 1151 1170 1336 1468 1862 2080 2275 2368 2857 3007 3637 3993 4701 5405 6003 6050 6138 6158 6322 6528 6884 7062 7383 7410 7537 7549 7689 8023 8323 8695 8745 9561 10133 12865 
#module 123 size: 38 bs: 0.613125
41 90 160 384 436 900 1440 1762 1901 2039 2071 2123 2780 2797 3033 3036 3422 3960 4670 4866 4985 5067 5359 5676 5968 6035 6078 6084 6270 6445 6453 7374 8375 9147 9302 10040 10157 11419 
#module 124 size: 16 bs: 0.992668
1969 2870 3240 3424 3954 4035 4157 5818 7462 7926 8004 9944 10014 10279 10622 12995 
#module 125 size: 21 bs: 0.131941
355 1008 2106 2436 3472 4115 5925 5933 6018 7406 7564 8200 8645 9275 9361 9447 9906 10291 10733 11112 12514 
#module 126 size: 55 bs: 0.542512
113 978 1066 1206 1425 1654 1770 2100 2265 2695 3114 3124 3276 3733 3786 3966 4137 4236 4446 5085 5194 5908 6063 6226 6314 6468 6548 7036 7154 8054 8127 8299 8328 8558 8791 9457 9658 9677 9935 9969 10107 10119 10220 10532 10982 11031 11118 11120 11121 11269 11558 11576 12514 12577 12635 
#module 127 size: 37 bs: 0.691028
174 402 547 794 1720 1815 2446 2493 2740 2843 3194 4630 4656 4979 5250 5464 5569 5838 6131 6214 6572 6590 7051 7228 7589 7612 7861 7884 7970 8110 8445 8728 9248 9560 9717 10619 11501 
#module 128 size: 30 bs: 0.678481
256 377 857 1351 1740 1996 2187 2190 2191 2195 2213 2216 2219 2838 4969 4991 5034 5492 5511 5666 6285 6746 7188 7256 9270 9378 9490 9835 10134 11029 
#module 129 size: 25 bs: 0.477378
111 880 904 1280 1640 1734 1781 2907 3252 3297 3629 3816 4213 4430 5386 5449 6482 7103 7335 8608 8872 9208 9795 12559 12855 
#module 130 size: 37 bs: 0.791317
704 1122 2819 2847 2953 2954 3512 5499 5581 5942 6077 6297 6316 7442 7465 7506 7627 7629 7659 7792 7793 7996 8078 8351 8436 8580 8668 8812 8967 9048 9479 10041 10060 10557 10862 11006 11206 
#module 131 size: 11 bs: 0.143589
575 2758 2800 4158 4840 6846 7561 7918 9416 11142 11556 
#module 132 size: 53 bs: 0.703237
35 210 213 465 985 1597 1768 1885 1980 2627 2637 2829 2967 3198 3212 3214 3511 3609 3988 4180 4367 4403 4419 4579 4674 4758 5134 5227 5506 5538 5576 5737 5862 5879 6390 6481 6658 6744 6773 7174 7362 7597 7614 8261 8557 8762 8876 9026 9979 10329 10362 10574 11448 
#module 133 size: 18 bs: 0.661619
1278 1891 1920 2110 2677 2880 3853 3955 4046 4092 4649 5280 5993 6023 9047 9298 9545 11498 
#module 134 size: 7 bs: 0.887038
2134 3817 4587 6231 6400 6617 12447 
#module 135 size: 27 bs: 0.224047
361 652 859 1348 2132 2415 2938 3334 4058 4286 4958 5064 5159 5489 5659 7037 7286 7545 8190 8311 9138 9871 10140 10405 11883 12214 12505 
#module 136 size: 22 bs: 0.135079
1187 1924 2764 2852 3169 4480 5008 5168 5331 5937 6338 6416 6782 7439 8386 8555 8571 8683 9598 9873 10213 11111 
#module 137 size: 66 bs: 0.646127
192 400 438 473 529 773 911 1149 1254 1428 2128 2294 2352 2404 2579 2730 2816 2845 2922 2929 3580 3952 3961 4080 4176 4233 4293 4427 4528 4535 4601 4636 4712 4958 5283 5535 5663 5852 6268 6459 6834 6835 6911 7200 7298 7381 7561 7727 7772 7838 8417 8527 8836 8968 9162 9440 9604 10218 10371 10454 10579 10654 10672 10822 10881 11710 
#module 138 size: 7 bs: 0.628125
2457 2643 6293 7557 7775 7776 11196 
#module 139 size: 20 bs: 0.302869
775 1212 1943 2385 2411 3723 3728 3838 3992 4676 6177 6386 6526 7337 8332 10703 10899 10905 10930 11150 
#module 140 size: 32 bs: 0.599022
886 1119 1706 2695 2737 2957 3223 3276 3347 3498 3732 4389 4800 5685 5734 6027 6573 6612 7446 8055 8214 8328 9512 10210 10220 10845 11092 11118 11120 11269 11450 11966 
#module 141 size: 8 bs: 0.280794
3 446 608 2409 3904 5623 7630 9408 
#module 142 size: 14 bs: 0.92089
767 1030 1612 2101 2610 3403 3742 5073 6883 7565 10908 11049 11687 11688 
#module 143 size: 38 bs: 0.659537
143 326 499 690 2065 2073 2316 2377 2380 2382 2383 2384 2388 2646 2647 3056 3132 3188 3449 3674 3698 3759 3765 3775 4077 4189 4575 4870 5018 5459 6428 7318 8410 8483 9836 10611 11310 13006 
#module 144 size: 47 bs: 0.161008
209 374 1552 1693 1919 1956 2066 2067 2068 2311 2317 2365 2367 2373 2375 2379 2386 2387 2635 3290 3441 3913 4447 4609 4878 4879 5017 5614 6092 6133 6906 6913 8135 8330 8372 8749 8808 9723 9891 9912 10352 10662 10803 10891 11353 11664 12663 
#module 145 size: 12 bs: 0.972036
2 1968 2130 4489 5684 5878 5985 6522 6820 8934 11261 12618 
#module 146 size: 21 bs: 0.647981
482 562 951 1023 1213 1287 1452 2292 2430 2638 2934 3502 5764 6295 7544 7857 8031 9360 10709 11053 11456 
#module 147 size: 20 bs: 0.705031
645 705 1095 2101 2673 2888 3269 3872 4514 4780 5461 5773 7067 7958 8551 9322 9819 10661 10825 11138 
#module 148 size: 133 bs: 1.05868
142 329 369 430 452 604 673 766 833 894 938 995 1077 1174 1247 1289 1296 1508 1792 1805 1866 1988 2165 2206 2568 2574 2699 2781 3057 3088 3164 3210 3277 3369 3405 3417 3436 3444 3452 3457 3461 3488 3502 3679 3683 3807 3816 3900 3906 3935 4006 4018 4059 4106 4160 4254 4292 4342 4355 4358 4359 4473 4480 4509 4606 4678 4889 4918 5019 5091 5197 5349 5415 5447 5537 5539 5585 5757 5846 5949 6127 6361 6525 6535 6667 6720 6790 7113 7142 7211 7303 7313 7314 7389 7623 7697 7814 7864 7930 7934 8046 8106 8401 8624 8730 8803 9136 9159 9294 9459 9468 9524 9662 9807 9820 9878 10388 10652 10679 10730 10907 10956 10995 11127 11147 11155 11554 12162 12249 12591 12642 12889 12905 
#module 149 size: 28 bs: 0.996171
550 1007 1023 1892 2182 2270 2615 3146 3530 3533 3816 4163 4618 5086 5566 5963 6504 6797 7135 7194 7227 7707 8069 8407 8420 8734 10624 12891 
#module 150 size: 22 bs: 0.998452
947 1255 1459 1841 2735 2788 3262 3418 5613 6004 6382 7491 7720 8228 8615 8848 9246 10153 10267 10354 12972 13006 
#module 151 size: 14 bs: 0.871655
43 94 1135 1144 1614 2649 2888 3327 3946 4901 7454 8562 9721 10717 
#module 152 size: 9 bs: 0.91267
459 1555 3206 3207 4539 6275 7398 8011 10834 
#module 153 size: 15 bs: 0.898104
107 602 897 1454 1665 2089 2553 2886 2887 3500 3522 3847 9375 9870 12950 
#module 154 size: 80 bs: 0.396665
190 206 537 540 595 692 708 718 925 1320 1466 1481 1791 1979 2084 2089 2090 2142 2188 2189 2194 2209 2212 2221 2653 2883 3200 3403 3484 3756 3776 3800 3989 4001 4091 4218 4779 4780 5173 5443 5460 5494 5632 5707 5885 5887 6071 6260 6286 7330 7476 7483 7504 7711 7801 7997 8309 8349 8492 8961 9338 9745 9998 10111 10116 10145 10228 10239 10262 10296 10344 10978 11058 11069 11126 11138 11265 11266 11418 13004 
#module 155 size: 21 bs: 0.129027
216 1204 1640 3365 3661 4005 4054 4164 4847 4935 5111 5132 6014 6616 6694 7624 8452 9546 10404 10629 11379 
#module 156 size: 23 bs: 0.820667
137 1023 1395 3086 3108 3421 3624 4234 4495 5612 5854 6402 6554 7274 7474 7938 8326 8971 9162 9264 9721 10694 10735 
#module 157 size: 32 bs: 0.82243
611 1080 1632 2645 5295 5445 5470 6046 6142 6408 6731 6982 7299 7361 7432 7649 7902 8070 8128 8399 8669 8946 9167 9254 9591 9891 10158 10549 10778 11395 11541 12672 
#module 158 size: 81 bs: 0.106229
64 159 606 618 953 1039 1103 1257 1316 1567 1569 1686 1697 1729 2060 2103 2378 2400 2461 2635 2682 2846 2956 2980 3320 3464 3587 3793 3865 4073 4244 4270 4495 4540 4615 4665 4762 4824 4887 4966 5185 5429 5691 5816 5856 5862 6155 6181 6336 6344 6443 6451 6534 7006 7040 7166 7391 7420 7684 7736 7834 7856 7988 7989 8012 8628 8654 8710 8802 8971 8990 9045 9111 9202 9209 9417 9529 10130 10209 11142 11265 
#module 159 size: 16 bs: 0.762871
1616 1741 3418 4218 4772 4856 7255 7330 8030 8504 9089 9745 10068 10382 11311 12488 
#module 160 size: 23 bs: 0.168666
491 2083 2240 2414 3373 3426 3474 3876 4092 4670 5199 5232 6314 6464 6918 6967 7441 8049 8781 8788 8978 9660 10274 
#module 161 size: 11 bs: 0.968394
1539 2169 2192 2215 3855 5586 8394 9123 9904 11143 11165 
#module 162 size: 12 bs: 0.282303
349 1293 4200 5211 5684 6522 7658 8696 9007 10195 11070 12088 
#module 163 size: 17 bs: 0.931031
2101 2693 2960 3403 4084 6209 6846 7561 8254 8305 8506 8531 8556 11007 11137 11436 12969 
#module 164 size: 15 bs: 1.01161
103 635 1439 4012 4948 5602 5712 6706 7015 8935 9894 10746 11447 12697 12843 
#module 165 size: 15 bs: 0.377815
1048 1659 2541 3964 4029 4078 4867 5792 6520 6715 7570 8498 9300 9580 10823 
#module 166 size: 16 bs: 0.639181
226 2139 2858 3226 5345 5695 6688 6727 6870 6871 8224 8293 9960 10957 12264 12953 
#module 167 size: 16 bs: 0.105483
252 1798 2205 2617 2969 3244 5552 6364 7085 7259 7378 8134 8496 9186 9484 9941 
#module 168 size: 114 bs: 0.140249
28 68 76 94 180 315 352 809 963 996 1086 1125 1175 1411 1624 1643 1708 1735 1918 1976 2001 2157 2272 2389 2559 2753 2783 2866 3139 3478 3490 3524 3589 3647 3708 3782 3805 3824 3902 4143 4312 4316 4334 4366 4459 4477 4577 4668 4669 4815 4873 5040 5084 5141 5229 5277 5281 5365 5396 5526 5662 5806 5824 5836 5919 5952 6007 6141 6212 6415 6694 6960 7360 7446 7473 7591 7705 7797 7799 7888 8016 8285 8435 8442 8579 8852 8901 8947 9009 9082 9144 9272 9367 9589 9644 9651 10067 10235 10238 10310 10506 10522 10592 10751 10779 10874 10919 11243 11262 11514 11576 12549 12586 12648 
#module 169 size: 32 bs: 0.209898
695 1564 1569 1618 1768 2682 3101 3883 4037 4170 4343 4579 4754 4907 4908 5856 5862 6046 6471 6511 6750 6945 7742 8041 8565 8772 9071 9397 10175 10792 10884 12291 
#module 170 size: 12 bs: 0.259642
2791 3739 4101 5117 5408 5600 5984 6304 6863 7741 8154 11614 
#module 171 size: 100 bs: 0.591301
137 172 191 274 280 488 618 687 698 898 1023 1039 1080 1687 1714 1722 1819 1927 1981 2060 2068 2272 2287 2408 2432 2435 2508 2633 2650 2682 2718 2843 2846 2854 2862 2980 3139 3182 3289 3320 3449 3485 3565 3587 3721 3736 3772 3789 3932 4345 4458 4638 4705 4731 4887 5212 5242 5476 5477 5515 5849 6162 6250 6327 6531 6701 6731 6827 7415 7424 7571 7692 7745 8101 8172 8437 8528 8743 8987 8990 9013 9041 9066 9075 9189 9325 9376 9502 9622 9754 10019 10199 10321 10357 10422 10613 10707 10712 11083 11169 
#module 172 size: 24 bs: 0.139003
532 1968 2130 2133 3166 3493 4339 4340 4920 5684 6100 6522 7289 8453 8536 8656 8893 9290 9816 10829 11037 11084 11279 12302 
#module 173 size: 13 bs: 0.710298
839 2252 3147 3148 3149 6093 6100 6231 8956 10869 11048 12397 12602 
#module 174 size: 31 bs: 0.593771
596 1036 1486 1695 1864 2665 3649 3882 4144 4637 5112 5355 5379 5479 5528 6359 6369 6664 6863 6935 7056 7384 8234 8673 9036 9310 9397 9402 9540 11501 12997 
#module 175 size: 17 bs: 0.801245
327 1726 2837 2944 2952 2969 3627 3636 3646 3684 5163 5430 6097 6155 6491 6828 9791 
#module 176 size: 14 bs: 0.649203
849 878 983 3040 3403 3535 4249 5387 5973 6669 7464 10204 10240 11491 
#module 177 size: 89 bs: 0.21536
7 21 184 793 820 886 986 1098 1219 1378 1554 1576 1577 1599 1816 1827 1840 1907 2242 2321 2506 2525 2676 2697 2910 2923 2936 2937 3116 3224 3231 3247 3341 3656 3768 4126 4172 4174 4435 4443 4735 4849 4949 5036 5047 5070 5232 5251 5308 5339 5486 5510 5643 5752 5754 5877 5907 5958 6114 6507 6639 6673 6968 7233 7481 7494 7657 7683 7818 8051 8125 8324 8425 8472 8494 8606 8789 8855 9587 9924 9929 9985 10094 10250 10402 10515 10673 12382 12756 
#module 178 size: 21 bs: 0.441903
812 1115 1139 1496 1859 2222 3356 3852 4993 6566 7102 7331 7784 8346 8424 8704 8716 8724 8770 9718 10779 
#module 179 size: 39 bs: 0.992264
22 133 166 301 344 426 645 1153 1224 1301 1834 1845 2031 2136 2316 2681 3271 3360 3737 3822 5629 5646 5976 6057 6199 6350 6560 7486 8823 8896 9289 9345 9964 10825 10925 11139 11338 11463 11989 
#module 180 size: 34 bs: 0.797095
29 376 1208 1383 1474 1689 1751 1771 1825 1937 2481 3272 3552 3554 3781 4071 4072 4119 4291 4733 5259 6255 6864 7496 8111 8617 8722 8759 9348 9761 9991 10781 10851 12095 
#module 181 size: 41 bs: 0.643183
124 127 510 694 774 1635 2122 2339 2462 2607 2825 2835 2849 2876 2927 3128 3393 3410 3544 3861 4165 4811 4925 6048 6241 6719 7277 7536 7640 7927 8440 8459 8499 9226 9700 9830 10084 10232 10604 11410 11591 
