#module 0 size: 3 bs: 0.000338008
3219 6774 6838 
#module 1 size: 4 bs: 0.0275889
2424 2425 6265 6330 
#module 2 size: 4 bs: 0.643932
486 566 1797 6535 
#module 3 size: 9 bs: 0.228064
1531 1757 1935 3274 4571 5393 5549 6141 6237 
#module 4 size: 7 bs: 0.936477
552 1665 2321 3745 4761 5464 5946 
#module 5 size: 20 bs: 0.709096
495 791 889 1084 1185 1247 1468 1625 1896 2160 2772 2825 3996 4595 4863 5395 5579 6225 6265 6719 
#module 6 size: 6 bs: 0.480375
965 1465 1545 1602 1706 5984 
#module 7 size: 68 bs: 0.393471
104 173 189 197 377 672 678 779 836 859 870 941 1036 1071 1207 1231 1253 1298 1352 1362 1420 1487 1501 1504 1597 1704 1741 2148 2385 2393 2544 2644 2669 2766 2770 2973 3000 3009 3026 3112 3150 3235 3397 3505 3536 3624 3995 4082 4185 4320 4565 4580 4584 4657 4844 5095 5135 5183 5261 5340 5357 5885 6146 6218 6398 6746 6826 6915 
#module 8 size: 6 bs: 0.56954
962 3016 3501 3617 4129 6824 
#module 9 size: 10 bs: 0.354123
617 1638 1722 1945 2514 3607 3781 3807 4816 5452 
#module 10 size: 33 bs: 0.547062
39 124 372 451 859 1337 1679 1689 1745 1936 2080 2455 2795 2901 3236 3262 3292 3450 3584 3635 4030 4036 4054 4197 4225 4440 5062 5370 5941 5996 6227 6571 6878 
#module 11 size: 13 bs: 0.454917
840 1506 1520 1617 2269 2424 3534 3539 4345 4445 6046 6481 6650 
#module 12 size: 17 bs: 0.503772
1462 1954 1993 2103 2368 2702 3116 3653 4020 4044 4050 4148 4442 4745 5371 6350 6383 
#module 13 size: 8 bs: 0.838924
554 1269 1791 3186 3240 3413 4013 4124 
#module 14 size: 5 bs: 0.832913
3725 4424 5565 5673 6142 
#module 15 size: 24 bs: 0.150923
907 1648 2138 2387 2452 2789 3309 3441 3565 3838 4067 4108 4232 4247 4430 4489 4619 4790 5154 5732 5854 6225 6656 6711 
#module 16 size: 52 bs: 0.555013
48 259 295 367 439 508 603 623 884 899 957 1079 1117 1349 1805 1819 1884 1925 1932 2004 2116 2257 2384 2487 2813 2933 3130 3223 3529 3632 3724 3800 3840 4099 4267 4307 4606 4942 5069 5130 5330 5474 5563 5620 5709 5821 5916 6017 6152 6209 6666 6713 
#module 17 size: 38 bs: 0.310602
8 43 124 209 378 487 799 1026 1173 1371 1899 1934 2230 2278 2898 2917 3180 3481 3640 4083 4178 4429 4530 4594 4818 4949 5045 5053 5182 5681 5702 5778 5795 6311 6333 6480 6615 6667 
#module 18 size: 56 bs: 0.41435
54 84 101 147 201 478 687 858 996 1023 1136 1164 1165 1175 1202 1241 1256 1324 1594 1634 1684 1719 1835 2107 2377 2548 2717 2757 2961 3134 3364 3430 3436 3798 3811 3827 4478 4631 4633 4721 4882 4883 4988 5123 5832 5859 6148 6325 6416 6552 6597 6625 6675 6757 6829 6840 
#module 19 size: 8 bs: 0.644326
938 1624 1646 2689 3025 3515 4880 5458 
#module 20 size: 12 bs: 0.228602
874 2682 3166 3231 3732 4418 4459 4634 4740 6193 6235 6685 
#module 21 size: 40 bs: 0.65208
291 375 481 1009 1151 1203 1287 1384 1551 1674 1974 1977 2205 2254 2552 2899 3300 3318 3886 3999 4073 4097 4283 4337 4387 4390 4719 5055 5305 5359 5374 5403 5420 5626 5799 5804 6300 6635 6654 6673 
#module 22 size: 14 bs: 0.628612
187 446 1451 1864 3191 3225 3254 4491 4788 4832 5149 6401 6557 6851 
#module 23 size: 116 bs: 0.18538
11 29 104 198 226 371 562 571 573 596 751 774 851 871 969 1003 1032 1045 1129 1134 1158 1199 1212 1286 1364 1414 1433 1440 1499 1535 1626 1632 1657 1658 1671 1709 1761 1805 1865 1906 2007 2024 2047 2091 2104 2311 2317 2325 2333 2410 2596 2691 2746 2747 2752 2897 2978 3005 3031 3184 3472 3803 3989 4092 4170 4173 4237 4301 4314 4353 4408 4524 4549 4559 4589 4760 4802 4877 4949 5017 5026 5066 5074 5113 5132 5144 5150 5184 5348 5356 5426 5492 5529 5625 5634 5678 5680 5723 5739 5869 5883 5932 5942 6058 6245 6266 6356 6385 6467 6483 6555 6643 6694 6764 6766 6806 
#module 24 size: 31 bs: 0.135234
35 270 558 570 716 1081 1354 1539 1685 1816 2059 2080 2289 2692 2842 3439 3750 4259 4280 4334 4525 4691 4756 4766 5263 5423 5892 6042 6303 6465 6722 
#module 25 size: 30 bs: 0.260974
207 473 529 547 653 777 827 829 1443 1534 1547 1683 1954 2158 2380 2510 2709 2728 3085 3440 3448 3670 3873 5030 5129 5604 6270 6353 6396 6602 
#module 26 size: 28 bs: 0.595108
105 320 587 671 1600 1694 1726 1850 2157 2284 2556 2701 2749 2954 2990 3954 4016 4362 4531 4591 4873 5185 5258 6507 6561 6664 6677 6758 
#module 27 size: 77 bs: 0.91608
232 271 312 502 575 581 732 835 942 975 1059 1189 1218 1317 1327 1437 1515 1727 1772 1803 1848 2087 2179 2206 2411 2480 2576 2637 2694 2718 2827 2852 2856 2985 3002 3034 3073 3092 3142 3217 3261 3323 3329 3368 3376 3491 3571 3664 3693 3748 3903 4228 4230 4235 4252 4454 4556 4603 4678 4836 5007 5195 5227 5279 5365 5484 5528 5763 5841 5875 6056 6375 6504 6526 6527 6581 6708 
#module 28 size: 8 bs: 0.258267
630 1728 3487 3558 3600 4954 6013 6408 
#module 29 size: 11 bs: 0.894928
52 877 1743 3001 4245 5362 5447 5945 6553 6620 6703 
#module 30 size: 7 bs: 0.504528
1110 1159 3626 4732 5248 6076 6369 
#module 31 size: 71 bs: 0.76829
13 144 151 336 342 456 588 712 724 906 1069 1077 1107 1123 1175 1202 1255 1323 1441 1455 1594 2208 2253 2281 2383 2420 2567 2757 2774 2873 2907 2983 3134 3190 3229 3265 3338 3436 3570 3573 3798 3827 4195 4448 4467 4630 4631 4633 4635 4703 4721 4748 4867 4905 4916 5268 5299 5411 5685 5764 5852 5906 5920 5967 5986 6046 6416 6438 6601 6732 6757 
#module 32 size: 10 bs: 0.922887
1063 1246 1372 2490 2892 3787 3852 4101 5170 6162 
#module 33 size: 17 bs: 0.673401
165 548 711 1450 1785 1789 2057 2558 2763 2834 4970 5270 5669 5672 5769 6364 6560 
#module 34 size: 24 bs: 0.143241
384 399 604 789 817 1265 1319 1415 1668 1844 2324 2358 2522 2551 2618 2629 3120 3153 3479 4362 5019 5079 6189 6870 
#module 35 size: 52 bs: 0.283086
441 475 681 695 759 912 1229 1507 1593 1667 1715 1760 1847 2035 2040 2120 2260 2729 2847 2896 2925 3160 3178 3288 3504 3575 3621 4034 4061 4090 4136 4272 4506 4641 4831 4898 4912 4972 5008 5125 5336 5455 5864 5876 6055 6082 6144 6388 6606 6761 6767 6831 
#module 36 size: 61 bs: 0.935889
49 130 266 417 516 634 645 807 854 914 1066 1108 1152 1326 1390 1411 1572 1641 1692 1920 1947 2080 2153 2381 2389 2627 2988 3341 3439 3457 3682 3756 3790 3855 4122 4172 4191 4269 4356 4517 4662 4785 4958 4986 5310 5564 5665 5846 5850 5865 6029 6147 6272 6359 6403 6410 6600 6637 6687 6745 6844 
#module 37 size: 139 bs: 0.612521
39 62 90 222 287 316 354 392 432 468 507 673 696 706 725 768 784 910 931 935 969 970 992 1056 1104 1106 1154 1162 1173 1187 1208 1228 1267 1320 1340 1355 1370 1400 1446 1653 1689 1695 1813 1924 1985 1999 2002 2137 2188 2259 2273 2319 2320 2324 2448 2462 2479 2587 2650 2678 2879 2899 2930 3031 3054 3058 3078 3086 3088 3111 3300 3416 3417 3497 3583 3611 3665 3683 3739 3770 3821 3886 3909 3931 3981 4098 4117 4156 4192 4201 4208 4219 4251 4281 4309 4327 4350 4425 4569 4572 4730 4798 4887 4900 4941 5039 5071 5074 5174 5193 5212 5284 5311 5374 5544 5617 5722 5788 5789 5799 5824 5904 5947 6027 6049 6229 6279 6379 6391 6427 6433 6474 6485 6513 6546 6691 6778 6792 6909 
#module 38 size: 24 bs: 0.738855
184 349 577 928 1296 1903 1946 2043 2086 2145 2156 2165 2279 2872 3342 3346 3826 4532 4890 5083 5925 6341 6518 6879 
#module 39 size: 34 bs: 0.577807
208 240 472 535 622 710 776 1020 1344 1431 1519 1955 1992 2006 2599 3008 3040 3586 3753 4114 4398 4739 5291 5511 5829 5924 6011 6204 6216 6228 6787 6800 6825 6844 
#module 40 size: 34 bs: 1.03463
66 223 618 667 674 883 968 988 1092 1276 1434 1721 1923 1941 2178 2185 2267 2308 2316 2742 3234 3289 4130 4193 4405 4656 4830 5022 5187 5278 5734 6131 6505 6595 
#module 41 size: 26 bs: 0.172604
93 115 286 613 925 1085 1876 2182 2511 2713 2760 2793 3156 4010 4092 4392 4578 5144 5156 5184 5213 5515 6038 6170 6750 6813 
#module 42 size: 22 bs: 0.265416
6 415 477 729 1239 1242 1799 1851 1983 2065 2132 2331 2708 3122 3355 5292 5494 5786 6306 6366 6381 6712 
#module 43 size: 48 bs: 0.171013
42 56 198 572 774 1048 1332 1447 1488 1620 1630 1711 1738 2047 2051 2262 2346 2489 2574 2648 2704 2800 2833 3275 3303 3407 3424 3874 3901 4076 4164 4214 4623 4808 4902 5017 5026 5165 5478 5680 5698 5699 5820 5987 6245 6420 6586 6806 
#module 44 size: 47 bs: 0.968425
154 213 420 501 533 664 766 866 1197 1523 1771 2048 2285 2645 2647 2765 2826 2938 2943 2957 3048 3076 3123 3194 3312 3402 3428 3509 3599 3771 3862 4073 4186 4960 5090 5404 5561 5641 5711 5853 6196 6488 6523 6638 6868 6898 6924 
#module 45 size: 72 bs: 0.627871
199 255 353 504 539 825 1031 1076 1232 1258 1270 1322 1354 1410 1476 1585 1732 1769 1854 1942 2005 2062 2095 2256 2302 2311 2439 2448 2574 2672 2776 2837 2895 2910 2932 3021 3057 3145 3195 3255 3492 3643 4022 4169 4200 4287 4487 4547 4590 4661 4669 4673 4729 4837 4920 5104 5204 5391 5655 5708 6022 6035 6067 6163 6322 6512 6534 6594 6651 6747 6777 6859 
#module 46 size: 19 bs: 1.04504
263 313 328 1746 1840 2661 2684 2880 3019 3552 3594 3915 3969 4449 5105 5141 5819 6232 6886 
#module 47 size: 42 bs: 0.406665
203 302 519 628 746 790 872 1221 1485 1502 1628 1778 2301 2784 2877 3094 3202 3357 3411 3568 3634 3765 3819 3865 3908 4157 4385 4718 4776 4803 5050 5266 5337 5342 5525 5614 5616 6256 6289 6294 6526 6754 
#module 48 size: 71 bs: 0.400838
138 278 306 484 574 765 833 1039 1095 1301 1417 1501 1568 1731 1759 2005 2069 2232 2261 2454 2468 2513 2520 2561 2764 2850 3096 3106 3362 3485 3658 3701 3856 3866 3966 4031 4143 4331 4333 4582 4734 4737 4753 4787 5220 5320 5389 5402 5446 5476 5512 5517 5519 5660 5691 5764 5863 6044 6092 6113 6133 6138 6140 6292 6334 6446 6453 6461 6680 6802 6889 
#module 49 size: 34 bs: 0.517148
161 465 600 856 1070 1250 1723 2412 2469 2649 3215 3290 3326 3527 3847 4112 4125 4207 4324 4610 4882 5166 5207 5554 5583 5705 5712 6060 6406 6468 6482 6537 6861 6922 
#module 50 size: 38 bs: 0.326848
185 196 361 391 661 752 859 1628 2044 2101 2172 2420 2628 2685 3046 3103 3308 3467 3469 4082 4174 4185 4467 4534 4584 4777 4855 4996 5224 5392 5456 5501 5766 5808 6078 6484 6509 6574 
#module 51 size: 14 bs: 0.499331
76 455 1566 1576 2016 2305 2371 2775 3171 3399 3400 4932 5649 6478 
#module 52 size: 27 bs: 0.689266
276 521 726 930 1058 1076 1116 1604 1788 1908 2248 2360 2858 2932 3206 4075 4220 4869 5331 5575 5751 5857 6512 6605 6628 6661 6856 
#module 53 size: 56 bs: 1.09297
50 109 112 285 355 418 741 775 815 951 1171 1616 1750 1826 1834 1979 2106 2119 2150 2266 2286 2327 2603 2801 2889 3072 3185 3197 3295 3500 3528 3612 3713 3820 4003 4238 4265 4284 4482 4735 4800 4962 4998 5230 5296 5319 5323 5326 5385 5972 6043 6202 6337 6506 6517 6819 
#module 54 size: 49 bs: 0.292059
134 532 750 1051 1150 1172 1220 1297 1350 1461 1543 1557 1611 1794 1810 1829 1930 2033 2037 2471 2565 2771 3063 3147 3155 3541 3566 3785 3864 4508 4649 4754 4979 5209 5242 5367 5490 5518 5544 5611 5651 5801 5982 6098 6298 6395 6644 6858 6913 
#module 55 size: 74 bs: 0.839585
18 225 267 380 426 480 549 637 662 723 762 812 932 963 1111 1125 1148 1182 1219 1223 1281 1357 1381 1410 1507 1644 1724 2089 2151 2249 2382 2418 2533 2609 2636 2690 3140 3195 3264 3305 3310 3354 3387 3437 3438 3514 3524 3747 3836 3952 4301 4505 4736 4850 4856 5200 5235 5265 5335 5437 5441 5644 5814 5861 5915 6081 6117 6258 6362 6425 6544 6698 6727 6730 
#module 56 size: 193 bs: 1.01359
63 90 101 107 129 133 169 217 224 234 262 303 324 329 345 389 395 474 490 506 507 527 534 627 638 656 670 720 732 749 937 953 1017 1022 1030 1121 1140 1237 1240 1248 1365 1395 1405 1472 1474 1498 1513 1537 1559 1593 1603 1629 1670 1787 1831 1889 1909 1915 1980 1982 1988 2113 2115 2120 2169 2270 2312 2367 2388 2400 2453 2459 2495 2506 2571 2573 2607 2663 2675 2820 2849 2862 2964 2994 3013 3015 3033 3068 3203 3204 3237 3393 3445 3454 3495 3589 3604 3644 3686 3689 3702 3707 3717 3818 3893 3975 3988 4007 4018 4087 4150 4171 4181 4216 4239 4256 4305 4310 4329 4435 4457 4496 4498 4499 4509 4537 4586 4601 4629 4663 4694 4755 4769 4809 4822 4825 4827 4861 4870 4936 4977 4989 4994 5025 5040 5048 5061 5089 5139 5167 5191 5192 5202 5251 5259 5300 5386 5418 5493 5559 5572 5633 5655 5666 5668 5747 5788 5828 5953 5958 5992 5997 6037 6097 6229 6236 6241 6255 6274 6301 6321 6326 6334 6368 6548 6556 6585 6611 6648 6706 6746 6805 6918 
#module 57 size: 36 bs: 0.538027
32 102 356 616 897 989 1496 2234 2287 2288 2314 2886 2931 3386 3507 3598 3752 4224 4298 4359 4415 4953 4957 5010 5057 5161 5221 5303 5468 5825 5894 6139 6206 6323 6496 6784 
#module 58 size: 112 bs: 0.485052
125 157 162 243 249 282 428 602 607 688 722 754 778 839 929 977 1096 1227 1252 1259 1264 1350 1361 1398 1404 1413 1632 1700 1777 1809 1924 1958 1986 2186 2402 2491 2504 2505 2555 2581 2635 2639 2719 2731 2831 2999 3014 3036 3042 3074 3087 3198 3239 3473 3535 3563 3672 3758 3902 3916 3917 4032 4128 4153 4218 4261 4404 4500 4539 4593 4620 4637 4640 4658 4695 4716 4859 4908 4929 5058 5118 5145 5364 5406 5431 5480 5505 5509 5590 5730 5909 5926 5959 5981 6007 6150 6226 6253 6275 6293 6354 6372 6491 6543 6577 6619 6621 6695 6701 6715 6724 6907 
#module 59 size: 46 bs: 0.127827
205 211 342 367 551 584 615 847 918 1040 1090 1280 1481 1672 1984 2233 2437 2814 2866 3444 3449 3477 3937 4138 4636 4637 4684 4753 4758 4815 4928 4973 5063 5289 5470 5537 5716 5765 5810 5826 6297 6366 6592 6695 6724 6830 
#module 60 size: 25 bs: 0.167021
70 383 699 727 2199 2370 2562 2732 2871 2949 3211 3218 3502 3676 4071 4469 4659 4708 4834 4848 5181 6405 6539 6671 6678 
#module 61 size: 137 bs: 0.74326
15 41 144 178 293 300 332 336 342 414 545 585 588 633 652 677 717 718 721 724 782 830 921 922 948 964 1011 1024 1069 1191 1203 1249 1251 1274 1293 1316 1427 1509 1549 1553 1650 1666 1775 1786 1841 1843 1877 1878 1890 1966 2003 2012 2030 2098 2149 2208 2223 2276 2297 2303 2417 2540 2581 2585 2620 2622 2644 2774 2790 2852 2885 2907 2942 2961 2966 2972 3035 3098 3143 3265 3332 3371 3384 3388 3410 3464 3490 3656 3675 3749 3804 3858 3881 3974 4166 4382 4527 4538 4587 4703 4810 4905 4981 4991 5028 5231 5281 5299 5328 5438 5466 5602 5647 5663 5685 5726 5866 5967 6185 6188 6190 6191 6207 6211 6220 6285 6314 6409 6416 6419 6423 6438 6502 6525 6647 6815 6816 
#module 62 size: 35 bs: 0.924147
437 556 579 660 804 1346 1606 1887 1928 1940 2092 2094 2739 2951 3004 3012 3443 3679 3736 4068 4222 4799 4826 4857 5072 5459 5687 5689 5694 5738 6166 6238 6653 6736 6872 
#module 63 size: 65 bs: 0.741541
259 293 325 367 464 623 738 1040 1117 1225 1367 1512 1672 1821 1873 1884 2031 2064 2109 2187 2363 2403 2487 2821 2909 2940 2974 3065 3227 3406 3419 3529 3575 3652 3669 3724 3815 3838 3949 3968 4049 4149 4577 4642 4711 4764 4815 4840 4928 5036 5152 5159 5247 5313 5316 5330 5415 5474 5489 5621 5767 6665 6696 6705 6899 
#module 64 size: 47 bs: 0.412152
17 71 82 190 631 1000 1141 1331 1357 1392 1401 1466 1483 2012 2155 2218 2356 2584 3080 3201 3208 3373 3641 3642 3730 4285 4477 4665 4693 4697 4709 4925 4945 5226 5304 5317 5339 5349 5538 5632 5830 5837 5912 6126 6314 6622 6833 
#module 65 size: 65 bs: 0.70288
31 274 469 505 522 737 809 846 902 920 966 973 1042 1142 1215 1281 1331 1368 1392 1550 1565 1623 1871 1911 2209 2318 2630 2632 2758 3125 3205 3299 3328 3401 3427 3559 3641 3685 3715 3880 4064 4120 4289 4378 4524 4567 4596 4945 4992 5216 5274 5401 5413 5495 5521 5898 6003 6271 6296 6457 6458 6497 6649 6676 6833 
#module 66 size: 58 bs: 0.751323
299 582 642 713 730 745 788 879 1034 1162 1166 1228 1233 1449 1521 1524 1527 1548 1554 1586 1963 1973 2029 2083 2112 2135 2456 2809 2876 2918 2991 3321 3325 3349 3755 3849 3958 4262 4372 4525 4701 4831 5119 5462 5463 5523 5562 5661 5784 5872 6030 6032 6205 6213 6332 6482 6519 6717 
#module 67 size: 130 bs: 0.244728
1 21 175 177 186 187 214 323 394 549 675 731 740 891 935 960 1062 1155 1275 1282 1304 1359 1374 1458 1476 1484 1493 1495 1508 1538 1680 1699 1708 1719 1744 1751 1781 1857 1870 1880 1966 1972 1978 2053 2054 2097 2105 2140 2145 2146 2193 2236 2268 2316 2435 2524 2619 2666 2738 2785 2867 2924 3116 3138 3181 3196 3316 3468 3480 3493 3503 3538 3562 3588 3592 3759 3830 3857 3863 3950 3953 4078 4107 4361 4433 4497 4506 4636 4713 4726 4793 4868 4895 5103 5110 5142 5243 5253 5306 5315 5330 5341 5502 5650 5675 5813 5879 5955 6151 6222 6280 6310 6400 6467 6498 6500 6542 6564 6593 6604 6607 6641 6642 6690 6699 6742 6765 6795 6845 6890 
#module 68 size: 48 bs: 0.170678
35 270 273 665 693 785 890 933 982 1102 1226 1425 1633 1714 1816 2111 2163 2252 2464 2615 2621 2638 2751 2842 2969 3165 3316 3727 3980 4053 4259 4280 4862 4926 5222 5599 5610 5631 5645 5697 5754 5884 5902 6019 6042 6074 6588 6849 
#module 69 size: 52 bs: 0.504072
397 444 844 860 994 1083 1205 1284 1510 1511 1655 1690 1701 1718 1872 2071 2164 2295 2536 2777 2888 3127 3129 3273 3377 3615 3692 3900 4095 4321 4323 4423 4533 4803 4847 4849 4956 4974 5173 5190 5235 5443 5525 5720 5968 6168 6313 6338 6357 6663 6779 6841 
#module 70 size: 29 bs: 1.08549
541 687 813 1035 1176 1360 1445 1479 1761 1820 2070 3671 3973 4025 4029 4159 4223 4421 4543 4813 5143 5405 5416 5545 5546 5714 5881 6360 6533 
#module 71 size: 48 bs: 0.405244
236 386 499 576 824 896 1037 1138 1251 1363 1430 1471 1541 1627 1663 1805 1858 1859 1951 2042 2241 2405 2527 2602 2668 2903 3114 3190 3280 3297 3344 3521 3639 3668 3846 4765 4866 5286 5551 5707 5731 6047 6246 6356 6630 6685 6768 6797 
#module 72 size: 14 bs: 0.722285
257 330 1870 2124 2147 3146 3381 3773 4024 4348 4918 5674 6672 6798 
#module 73 size: 50 bs: 0.435253
22 57 146 206 292 350 422 560 625 810 830 892 915 979 1042 1089 1252 1291 1335 1580 1582 1798 2056 2066 2181 2235 2359 2433 2667 2818 2835 2986 3020 3421 3431 3461 3463 3574 3737 4358 4456 4526 4563 4723 5200 6024 6197 6531 6769 6883 
#module 74 size: 15 bs: 0.490077
538 1305 1424 2802 3317 3590 3854 3888 4062 4202 4399 5038 5197 5587 6295 
#module 75 size: 57 bs: 0.911335
12 24 322 331 707 733 757 998 1016 1277 1334 1440 1459 1503 1546 1599 1808 1849 1897 1998 2353 2570 2640 2778 2788 2829 2940 3083 3506 3638 3657 3673 3782 3829 3839 4035 4066 4152 4165 4176 4187 4581 4795 4886 5060 5080 5238 5535 5548 5595 5782 5811 5962 6317 6490 6551 6649 
#module 76 size: 85 bs: 0.592095
19 37 60 170 298 321 370 371 410 429 496 502 509 555 750 770 813 834 913 927 934 975 1078 1100 1186 1264 1309 1369 1399 1740 1815 1822 1860 1944 1957 1976 2121 2161 2322 2467 2480 2589 2716 2807 2860 2995 3131 3136 3383 3412 3471 3580 3591 3748 3817 3877 3918 3994 4041 4084 4113 4270 4330 4332 4384 4597 4688 4725 4983 4984 5114 5162 5293 5325 5658 5790 5957 5985 6001 6012 6238 6249 6335 6386 6796 
#module 77 size: 50 bs: 0.700067
369 676 797 820 828 830 1067 1088 1285 1423 1575 1615 1639 1699 1793 1914 2026 2175 2275 2292 2499 2517 2535 2722 2735 2944 3285 3512 3777 3780 3789 3871 3984 4105 4413 4540 4568 4608 4865 5121 5163 5309 5434 5607 5628 5637 6132 6390 6769 6914 
#module 78 size: 99 bs: 0.640949
81 401 408 421 438 454 471 473 629 692 694 772 806 831 867 1052 1060 1122 1157 1167 1181 1201 1283 1444 1454 1533 1737 1770 1902 1964 2018 2110 2142 2209 2214 2217 2226 2247 2408 2432 2502 2516 2590 2677 2734 2740 2782 2863 3057 3100 3119 3153 3224 3270 3284 3396 3459 3517 3608 3616 3705 3706 3792 3842 3853 3923 3926 4026 4090 4094 4315 4390 4503 4545 4666 4733 4875 4888 5009 5163 5233 5250 5264 5314 5328 5404 5438 5445 5498 5780 5783 6052 6134 6212 6456 6709 6734 6773 6847 
#module 79 size: 83 bs: 0.170332
110 129 150 191 291 453 481 559 869 994 1001 1009 1151 1195 1203 1244 1300 1551 1629 1807 1905 1926 1943 2028 2118 2246 2328 2372 2513 2532 2536 2588 2673 2681 2714 2723 2750 2888 2922 3051 3126 3132 3212 3318 3352 3404 3418 3420 3532 3587 3999 4335 4464 4495 4686 4705 4719 4760 4805 4825 4967 5073 5116 5124 5305 5363 5379 5403 5615 5804 5886 5938 6160 6240 6268 6327 6437 6586 6609 6673 6697 6823 6885 
#module 80 size: 82 bs: 1.02801
34 58 99 260 475 652 669 767 770 782 794 845 1021 1115 1260 1507 1650 1667 1688 1766 1860 1929 1952 1953 2150 2481 2541 2729 2807 2830 2896 2908 2929 3032 3050 3059 3359 3388 3667 3709 3899 3928 3998 4034 4043 4056 4097 4188 4227 4268 4272 4379 4451 4518 4621 4730 4846 4912 5011 5155 5188 5189 5256 5336 5360 5432 5435 5516 5592 5664 5838 5864 5876 5888 5891 6128 6144 6169 6376 6477 6536 6710 
#module 81 size: 67 bs: 0.369454
97 116 126 289 357 366 373 423 435 600 601 1041 1044 1379 1470 1622 1698 1708 1734 1869 1881 1933 1938 1950 2339 2350 2365 2394 2474 2484 2493 2580 2594 2664 2703 2715 2984 3135 3162 3173 3183 3263 3366 3662 3722 3907 4145 4349 4412 4441 4471 4483 4502 4638 4687 4742 4774 4881 4896 5020 5743 5842 6073 6107 6267 6342 6482 
#module 82 size: 27 bs: 0.200826
38 304 398 682 1034 1068 1184 1321 1470 1489 1753 2711 2824 3162 3322 3939 4121 4914 5031 5320 5839 5973 6110 6116 6424 6627 6789 
#module 83 size: 139 bs: 0.822386
11 27 47 74 85 225 228 231 244 247 276 338 348 386 388 396 406 452 467 523 606 626 657 735 786 940 967 1112 1183 1522 1542 1621 1654 1673 1697 1703 1733 1836 1847 1852 1919 1991 2125 2127 2198 2228 2231 2330 2345 2354 2374 2414 2466 2582 2597 2706 2725 2754 2759 2808 2842 2850 2897 2926 3028 3128 3139 3193 3210 3213 3251 3330 3350 3361 3369 3394 3460 3490 3494 3499 3533 3557 3595 3633 3649 3661 3694 3718 3790 3813 3861 3876 3883 3893 3910 4058 4155 4203 4215 4306 4319 4375 4396 4458 4511 4579 4613 4653 4696 4872 5032 5102 5219 5276 5399 5496 5504 5552 5553 5556 5594 5643 5793 5822 5831 5868 5922 6039 6041 6042 6050 6254 6344 6375 6429 6567 6584 6711 6745 
#module 84 size: 80 bs: 0.2401
23 86 89 143 220 268 339 340 461 609 684 773 805 852 894 919 1038 1053 1073 1118 1211 1353 1378 1482 1516 1563 1596 1692 1918 1959 2068 2078 2389 2441 2470 2478 2627 2786 2822 2851 2955 2958 3018 3613 3629 3655 3756 3790 3875 4269 4326 4388 4411 4414 4760 4768 4804 4812 4901 4948 4986 5310 5329 5419 5430 5593 5659 5724 5725 5792 5836 5862 5966 6061 6410 6418 6443 6687 6745 6857 
#module 85 size: 137 bs: 0.445375
84 192 193 204 251 256 269 380 382 411 450 491 520 526 539 642 650 658 659 662 668 719 801 819 910 925 952 976 1028 1046 1097 1161 1165 1175 1196 1202 1214 1245 1258 1270 1279 1333 1336 1354 1421 1594 1732 1769 1886 1897 1921 2050 2075 2131 2146 2196 2221 2347 2407 2448 2451 2486 2686 2745 2757 2832 2844 2916 2975 3031 3038 3053 3060 3095 3134 3195 3200 3233 3271 3392 3436 3510 3666 3695 3734 3798 3802 3808 3841 3879 3894 3898 4022 4168 4211 4438 4465 4476 4590 4624 4633 4661 4702 4763 4920 4943 5065 5086 5088 5104 5254 5257 5408 5409 5655 5708 5737 5741 5748 5940 5991 6015 6035 6080 6146 6177 6186 6324 6459 6473 6575 6718 6777 6780 6874 6882 6892 
#module 86 size: 51 bs: 0.546395
14 105 221 343 475 536 620 742 764 803 917 1027 1045 1132 1170 1195 1393 1445 1475 1518 1587 1712 1846 1894 2315 2341 2431 2545 2816 2823 2919 3144 3179 3627 3796 3860 4006 4090 4098 4355 4436 4924 5142 5232 5422 5453 5659 5686 5733 5785 6455 
#module 87 size: 41 bs: 0.657411
73 182 235 875 1178 1235 1272 1273 1612 1862 1882 2079 2159 2212 2220 2310 2369 3006 3069 3187 3674 3823 3885 4212 4541 4679 4780 4952 5214 5269 5301 5461 5622 5706 5742 5845 5900 6194 6432 6626 6812 
#module 88 size: 29 bs: 0.601979
61 176 715 944 1074 1747 1847 1960 2260 2547 2683 2891 2945 3037 3161 3306 3319 3577 3832 3929 3932 3962 4427 5318 6072 6159 6384 6799 6873 
#module 89 size: 124 bs: 0.392938
36 40 64 114 136 140 141 145 307 311 409 413 530 700 709 798 814 841 863 878 881 972 984 1005 1010 1133 1148 1303 1573 1631 1664 1727 1756 1780 1853 1855 1900 1942 1994 2108 2170 2174 2191 2404 2450 2517 2604 2633 2743 2773 2848 2857 2859 2864 3107 3313 3357 3390 3576 3704 3882 4001 4014 4080 4093 4133 4190 4249 4255 4297 4321 4360 4370 4394 4401 4568 4574 4617 4752 4789 4971 5001 5070 5076 5108 5131 5134 5138 5176 5177 5246 5273 5322 5387 5467 5533 5605 5618 5619 5717 5735 5736 5798 5840 5903 5956 5980 5999 6031 6095 6234 6260 6479 6549 6562 6613 6622 6624 6633 6639 6662 6804 6807 6896 
#module 90 size: 62 bs: 1.01819
238 310 374 412 578 1097 1478 1500 1525 1605 1636 1642 1662 1767 2001 2052 2075 2336 2390 2432 2509 2579 2937 3017 3291 3347 3380 3398 3442 3609 3666 3799 3896 3922 3927 3964 3991 4004 4011 4119 4231 4273 4667 4744 4757 4838 5006 5106 5294 5542 5609 5690 5858 6034 6382 6591 6682 6809 6862 6900 6911 6921 
#module 91 size: 54 bs: 0.967313
111 277 416 565 696 697 725 1037 1118 1169 1177 1212 1514 1601 1643 1917 1997 2000 2225 2241 2380 2406 2602 2654 2668 3114 3190 3907 4173 4219 4234 4296 4327 4594 4823 4951 4955 5071 5288 5350 5372 5529 5600 5761 5789 5855 5950 6009 6394 6485 6608 6775 6866 6909 
#module 92 size: 52 bs: 0.456704
46 53 448 502 580 683 685 753 868 911 1439 1607 1901 1989 2038 2244 2378 2440 2526 2839 2911 3121 3159 3542 3546 3982 3990 4019 4060 4111 4182 4408 4473 4481 4516 4651 4682 5047 5373 5553 5574 5625 5758 5986 5994 6105 6172 6319 6503 6524 6646 6808 
#module 93 size: 42 bs: 0.573714
297 514 703 904 905 954 1053 1310 1563 1596 1598 1669 1736 1783 1996 2219 2773 2797 3070 3131 3177 3537 3710 3850 4072 4126 4516 4552 4573 4676 4927 5419 5581 5601 5757 5781 5803 5805 6112 6233 6343 6499 
#module 94 size: 68 bs: 0.956737
106 138 179 301 407 453 458 489 599 627 826 838 1095 1301 1302 1448 1464 1501 1579 1990 2192 2261 2300 2513 2561 2736 2744 2764 2862 2981 3096 3239 3334 3432 3469 3485 3701 3831 3866 4209 4288 4582 4743 4919 4946 4959 5107 5146 5196 5389 5402 5446 5517 5688 5691 5764 5863 6133 6140 6143 6292 6361 6446 6453 6461 6501 6680 6802 
#module 95 size: 80 bs: 0.660947
155 227 305 333 390 449 537 646 777 783 821 837 981 997 1009 1080 1120 1163 1198 1312 1313 1492 1644 1702 1739 1763 1830 1833 1858 1875 2017 2039 2128 2154 2167 2361 2445 2557 2658 2676 2699 2795 2934 3067 3082 3108 3115 3170 3252 3261 3378 3582 3872 3959 4166 4318 4354 4365 4366 4496 4521 4756 4975 5014 5569 5635 5638 5995 6075 6160 6264 6304 6394 6397 6425 6454 6636 6760 6785 6788 
#module 96 size: 157 bs: 0.416931
10 25 67 94 167 200 229 337 381 406 433 434 445 459 476 510 512 518 541 563 621 717 756 803 816 923 987 991 1012 1047 1118 1119 1147 1156 1168 1238 1257 1263 1271 1295 1386 1460 1567 1592 1619 1677 1733 1754 1869 1916 1954 2008 2032 2215 2220 2243 2342 2343 2362 2423 2472 2485 2563 2651 2671 2737 2755 2768 2855 2887 3024 3030 3084 3102 3109 3163 3247 3259 3276 3314 3343 3452 3470 3513 3544 3556 3596 3619 3622 3639 3677 3683 3723 3738 3743 3834 3867 3970 4038 4045 4088 4162 4300 4391 4422 4490 4546 4562 4611 4622 4628 4645 4680 4909 4997 5027 5098 5255 5272 5342 5351 5424 5453 5477 5534 5606 5613 5627 5639 5642 5671 5679 5693 5800 5823 5944 5955 5963 5966 6025 6082 6090 6104 6209 6239 6250 6259 6320 6358 6463 6493 6495 6655 6667 6843 6895 6916 
#module 97 size: 155 bs: 0.137639
57 69 121 202 352 386 503 525 540 542 583 644 818 849 886 895 946 1018 1041 1054 1093 1153 1210 1262 1299 1350 1444 1452 1477 1497 1544 1610 1635 1647 1719 1735 1768 1814 1837 1907 1956 2063 2072 2096 2100 2126 2190 2224 2238 2277 2280 2344 2348 2581 2585 2617 2626 2695 2697 2733 2819 2868 2875 2915 2947 2948 2960 3064 3177 3192 3301 3338 3363 3495 3520 3525 3578 3648 3660 3676 3683 3708 3751 3764 3769 3776 3878 3887 3920 3956 3986 4103 4134 4144 4167 4203 4358 4480 4504 4524 4562 4689 4715 4753 4767 4771 4853 4864 4871 4884 4917 5042 5056 5128 5158 5223 5229 5347 5366 5375 5378 5417 5437 5485 5526 5543 5550 5578 5644 5701 5713 5773 5849 5877 5899 5911 5937 5954 5955 6028 6051 6124 6179 6181 6339 6428 6514 6579 6603 6679 6739 6793 6848 6864 6880 
#module 98 size: 29 bs: 0.243063
246 493 702 1352 1676 1687 1818 2333 2515 2537 2996 3052 3327 3760 3763 3924 3972 4059 4131 4647 4664 4913 5210 5499 5677 5834 5949 6491 6712 
#module 99 size: 125 bs: 0.396509
2 83 84 110 123 162 180 210 212 261 319 347 387 438 590 663 714 848 950 1004 1105 1135 1146 1254 1306 1313 1347 1376 1385 1397 1436 1480 1491 1529 1530 1532 1568 1693 1707 1755 1939 2027 2028 2076 2204 2332 2355 2376 2386 2446 2475 2650 2658 2721 2761 2838 2870 2934 2963 3007 3077 3133 3172 3283 3379 3418 3434 3531 3687 3691 3740 3835 3844 3925 3979 4052 4077 4141 4243 4258 4277 4316 4341 4439 4444 4461 4475 4565 4860 4923 4999 5153 5165 5203 5205 5228 5321 5648 5692 5715 5787 5807 5910 5960 6036 6044 6052 6062 6091 6103 6198 6371 6449 6471 6478 6492 6530 6545 6568 6580 6602 6629 6631 6700 6867 
#module 100 size: 38 bs: 0.50637
6 222 432 442 477 592 936 1574 1954 2166 2229 2264 2299 2331 2458 2461 2477 2780 2817 3075 3475 4002 4089 4177 4210 4381 4472 4724 4828 4845 5091 5101 5166 5874 6021 6287 6392 6596 
#module 101 size: 78 bs: 0.91596
3 20 132 183 216 230 245 265 402 425 561 701 744 808 860 948 1249 1407 1497 1577 1581 1614 1729 1966 1981 2046 2129 2136 2265 2323 2349 2465 2538 2566 2624 2657 2660 2840 2962 2966 3216 3249 3287 3332 3337 3446 3498 3630 3783 3786 3816 3859 4183 4184 4317 4371 4377 4615 4683 4801 4889 4962 5015 5021 5271 5377 5456 5624 5647 5726 6161 6175 6184 6393 6502 6723 6741 6762 
#module 102 size: 121 bs: 0.355806
96 128 166 218 244 253 283 296 341 344 443 679 691 705 853 901 1043 1053 1075 1289 1377 1383 1505 1526 1555 1563 1569 1752 1796 1817 2011 2022 2060 2099 2130 2197 2211 2294 2497 2521 2559 2575 2680 2687 2836 2893 2906 2950 3010 3117 3248 3371 3374 3451 3547 3585 3680 3698 3711 3742 3767 3784 3805 3809 3822 3941 3965 3971 4012 4017 4063 4139 4233 4241 4278 4312 4339 4528 4542 4609 4773 4851 4893 4921 5018 5041 5059 5136 5252 5280 5324 5421 5454 5503 5540 5541 5584 5695 5718 5740 5752 5753 5848 5887 5908 5979 6048 6200 6263 6286 6336 6352 6483 6516 6549 6582 6612 6668 6759 6814 6910 
#module 103 size: 259 bs: 0.291952
37 100 131 171 195 251 254 419 449 462 473 513 543 560 589 598 605 619 624 639 654 660 687 689 734 738 743 796 811 843 857 876 893 900 949 971 974 993 1008 1013 1029 1033 1109 1143 1149 1179 1194 1206 1216 1222 1234 1236 1288 1290 1315 1408 1442 1454 1500 1560 1578 1584 1608 1675 1681 1710 1716 1720 1774 1828 1845 1962 2013 2084 2168 2171 2183 2207 2245 2271 2293 2304 2357 2395 2398 2528 2543 2552 2623 2637 2656 2670 2716 2779 2798 2815 2909 2921 2936 2952 2979 2980 2982 3029 3041 3045 3058 3101 3110 3118 3199 3220 3243 3268 3300 3302 3365 3375 3403 3415 3447 3454 3457 3478 3486 3503 3519 3545 3551 3593 3597 3712 3716 3732 3744 3757 3810 3821 3886 3897 3914 3944 3957 3963 3976 3978 4047 4065 4066 4073 4097 4102 4118 4147 4163 4204 4242 4250 4254 4302 4308 4319 4363 4364 4390 4410 4426 4453 4494 4507 4508 4585 4592 4599 4612 4623 4625 4646 4668 4670 4692 4715 4717 4731 4778 4794 4872 4874 4878 4891 4897 4907 4963 4976 5004 5049 5051 5055 5087 5099 5273 5277 5287 5302 5314 5333 5361 5420 5471 5481 5510 5520 5530 5557 5635 5640 5719 5791 5802 5843 5878 5919 5928 5930 5931 5941 5951 5964 5965 5976 6026 6145 6231 6242 6282 6307 6308 6328 6359 6363 6380 6422 6427 6431 6435 6447 6452 6475 6476 6510 6569 6573 6610 6616 6645 6654 6683 6827 6902 
#module 104 size: 34 bs: 0.687202
28 163 494 498 643 690 1094 1101 1131 1314 1457 1562 2177 2427 2968 3086 3238 3244 3353 3555 3569 3703 3801 4039 4294 4455 5002 5179 5226 5239 5777 6154 6472 6877 
#module 105 size: 1 bs: 1
6550 
#module 106 size: 1 bs: 1
611 
#module 107 size: 1 bs: 1
5547 
#module 108 size: 1 bs: 1
4140 
#module 109 size: 1 bs: 1
2606 
#module 110 size: 1 bs: 1
6897 
#module 111 size: 1 bs: 1
1812 
#module 112 size: 1 bs: 1
4416 
#module 113 size: 1 bs: 1
4135 
#module 114 size: 1 bs: 1
4217 
#module 115 size: 1 bs: 1
6153 
#module 116 size: 1 bs: 1
4070 
#module 117 size: 1 bs: 1
6224 
#module 118 size: 1 bs: 1
5597 
#module 119 size: 1 bs: 1
5856 
#module 120 size: 1 bs: 1
3157 
#module 121 size: 1 bs: 1
1904 
#module 122 size: 1 bs: 1
882 
#module 123 size: 1 bs: 1
640 
#module 124 size: 1 bs: 1
1802 
#module 125 size: 1 bs: 1
6291 
#module 126 size: 1 bs: 1
2085 
#module 127 size: 1 bs: 1
4091 
#module 128 size: 1 bs: 1
2593 
#module 129 size: 1 bs: 1
6811 
#module 130 size: 1 bs: 1
6010 
#module 131 size: 1 bs: 1
5033 
#module 132 size: 1 bs: 1
1403 
#module 133 size: 1 bs: 1
2283 
#module 134 size: 1 bs: 1
3462 
#module 135 size: 1 bs: 1
1137 
#module 136 size: 1 bs: 1
5566 
#module 137 size: 1 bs: 1
1561 
#module 138 size: 1 bs: 1
4627 
#module 139 size: 1 bs: 1
3554 
#module 140 size: 1 bs: 1
4639 
#module 141 size: 1 bs: 1
92 
#module 142 size: 1 bs: 1
5577 
#module 143 size: 1 bs: 1
4246 
#module 144 size: 1 bs: 1
850 
#module 145 size: 1 bs: 1
5728 
#module 146 size: 1 bs: 1
3043 
#module 147 size: 1 bs: 1
5744 
#module 148 size: 1 bs: 1
2034 
#module 149 size: 1 bs: 1
3044 
#module 150 size: 1 bs: 1
4650 
#module 151 size: 1 bs: 1
2700 
#module 152 size: 1 bs: 1
250 
#module 153 size: 1 bs: 1
2512 
#module 154 size: 1 bs: 1
4295 
#module 155 size: 1 bs: 1
5779 
#module 156 size: 1 bs: 1
5064 
#module 157 size: 1 bs: 1
4930 
#module 158 size: 1 bs: 1
3845 
#module 159 size: 1 bs: 1
103 
#module 160 size: 1 bs: 1
2970 
#module 161 size: 1 bs: 1
2805 
#module 162 size: 1 bs: 1
3728 
#module 163 size: 1 bs: 1
5755 
#module 164 size: 1 bs: 1
4290 
#module 165 size: 1 bs: 1
6415 
#module 166 size: 1 bs: 1
4046 
#module 167 size: 1 bs: 1
6054 
#module 168 size: 1 bs: 1
3961 
#module 169 size: 1 bs: 1
3425 
#module 170 size: 1 bs: 1
3912 
#module 171 size: 1 bs: 1
612 
#module 172 size: 1 bs: 1
5003 
#module 173 size: 1 bs: 1
758 
#module 174 size: 1 bs: 1
2959 
#module 175 size: 1 bs: 1
6402 
#module 176 size: 1 bs: 1
5444 
#module 177 size: 1 bs: 1
5921 
#module 178 size: 1 bs: 1
2274 
#module 179 size: 1 bs: 1
2971 
#module 180 size: 1 bs: 1
4244 
#module 181 size: 1 bs: 1
2976 
#module 182 size: 1 bs: 1
6120 
#module 183 size: 1 bs: 1
6085 
#module 184 size: 1 bs: 1
346 
