#module 0 size: 4 bs: 0.0222404
2229 2264 4210 4472 
#module 1 size: 3 bs: 0.0378435
3219 6774 6838 
#module 2 size: 9 bs: 0.256471
617 1638 1722 1945 2514 3607 3781 3807 4816 
#module 3 size: 20 bs: 1.05394
213 473 547 777 1288 1534 2341 2342 2380 2468 3440 3670 3873 4073 5030 5031 5232 5288 5742 6523 
#module 4 size: 4 bs: 0.264039
1143 3243 5951 6902 
#module 5 size: 17 bs: 0.638495
1096 1619 2225 2505 3234 3759 3760 3763 4391 4491 4656 4823 5350 5761 5950 6226 6361 
#module 6 size: 6 bs: 0.675757
49 420 3053 4250 4392 5041 
#module 7 size: 4 bs: 0.913953
486 566 1797 6535 
#module 8 size: 6 bs: 1.05222
965 1465 1545 1602 1706 5984 
#module 9 size: 6 bs: 0.61382
554 1269 1791 3186 3240 3413 
#module 10 size: 5 bs: 0.38465
3725 4424 5565 5673 6142 
#module 11 size: 6 bs: 0.573764
962 3016 3501 3617 4129 6824 
#module 12 size: 52 bs: 0.782221
3 144 336 456 458 489 538 588 598 712 720 724 801 906 1069 1323 1877 1974 2208 2281 2541 2567 2774 2907 2983 3017 3107 3251 3334 4119 4171 4184 4195 4399 4448 4630 4635 4703 4889 4905 5268 5299 5411 5734 5764 5852 5906 5967 5991 6074 6438 6501 
#module 13 size: 28 bs: 0.927887
711 907 1084 1384 1468 1794 2138 2387 2452 3309 3441 3565 3838 4067 4108 4232 4247 4337 4430 4489 4790 5154 5420 5854 6225 6656 6711 6798 
#module 14 size: 73 bs: 0.299288
259 293 325 367 464 508 623 738 884 1117 1225 1367 1411 1672 1821 1873 1884 2031 2064 2109 2187 2257 2363 2487 2821 2909 2933 2940 2974 3065 3227 3419 3529 3575 3632 3652 3669 3682 3724 3815 3838 3840 3949 3968 4049 4149 4577 4642 4711 4764 4840 4942 5036 5152 5159 5247 5313 5316 5330 5415 5474 5489 5620 5621 5767 5916 6232 6593 6665 6666 6705 6713 6899 
#module 15 size: 12 bs: 1.03682
236 1155 1928 2086 3004 3216 3415 3898 4068 4242 4456 5738 
#module 16 size: 37 bs: 0.699724
39 124 196 208 372 451 645 859 1337 1679 1689 1745 1936 1982 2110 2455 2795 2901 3236 3262 3292 3450 3584 3635 4030 4036 4054 4197 4225 4440 5062 5370 5996 6227 6571 6785 6878 
#module 17 size: 28 bs: 0.338107
47 155 390 411 821 997 1020 1048 1198 1492 1516 1644 1702 2039 2128 2167 2346 2381 2557 3275 3378 4496 4815 4975 5014 6212 6297 6425 
#module 18 size: 17 bs: 0.305244
84 1077 1165 1175 1202 1254 1399 1455 1594 2757 2873 3134 3436 3798 3827 4633 6757 
#module 19 size: 20 bs: 0.905612
169 879 1166 1233 1524 1527 1548 1963 2029 2083 2112 2135 2876 4372 5463 5523 5784 5954 6011 6205 
#module 20 size: 71 bs: 0.610935
97 116 126 289 357 366 373 423 600 601 1029 1041 1068 1379 1470 1489 1587 1622 1642 1698 1708 1869 1914 1930 1933 1938 1950 2339 2350 2365 2394 2474 2580 2594 2664 2703 2715 2984 3135 3162 3173 3183 3263 3366 3722 3773 3907 4145 4349 4412 4441 4471 4483 4502 4638 4687 4742 4774 4881 4896 5020 5743 5763 5842 6073 6107 6110 6267 6342 6482 6712 
#module 21 size: 34 bs: 0.251919
6 200 432 442 477 592 1239 1462 1574 1626 1954 1997 2299 2331 2458 2461 2477 2780 3470 3475 4002 4044 4089 4177 4828 5091 5101 5166 5786 5800 6021 6381 6392 6596 
#module 22 size: 39 bs: 0.55235
105 170 221 475 620 742 764 803 917 1027 1045 1132 1170 1276 1445 1712 1846 2315 2816 2823 3006 3179 3627 3796 4090 4098 4375 4924 5142 5193 5422 5541 5686 5706 5733 5845 5908 6400 6455 
#module 23 size: 20 bs: 0.926477
96 253 261 296 341 853 901 1376 3374 4138 4139 4542 4740 4973 5136 5264 5454 5740 6166 6668 
#module 24 size: 32 bs: 0.725697
105 320 418 587 671 1600 1616 1726 2150 2157 2284 2701 2709 2749 2954 2990 4016 4362 4531 4591 4730 4804 4873 5188 5258 5516 5838 5891 6507 6561 6602 6677 
#module 25 size: 56 bs: 0.274759
271 502 509 575 581 732 818 824 942 1059 1299 1327 1606 1680 1727 1803 1848 2087 2179 2206 2228 2301 2576 2856 2915 2985 3034 3142 3323 3368 3376 3571 3644 3664 3748 3819 4084 4203 4252 4385 4454 4603 4678 4776 5007 5195 5365 5841 5875 6080 6151 6526 6527 6581 6620 6807 
#module 26 size: 92 bs: 0.688244
2 83 123 180 303 319 399 590 848 927 1004 1306 1313 1347 1385 1397 1436 1529 1530 1568 1755 1939 2076 2169 2204 2332 2355 2376 2386 2446 2658 2721 2761 2838 2934 2963 3077 3080 3133 3172 3283 3434 3531 3604 3687 3691 3740 3835 3844 3901 3925 3979 4052 4077 4141 4277 4316 4341 4444 4457 4461 4809 4860 4902 4923 4999 5165 5205 5228 5321 5401 5692 5698 5787 5807 5910 5960 6036 6044 6091 6198 6371 6449 6492 6530 6545 6568 6580 6602 6631 6700 6867 
#module 27 size: 9 bs: 0.687075
183 2172 2628 4082 4777 4855 5456 6484 6509 
#module 28 size: 16 bs: 0.565252
840 1506 1520 1617 2269 2424 2425 3534 3539 3570 4345 4445 6046 6330 6481 6650 
#module 29 size: 29 bs: 0.438055
230 375 601 624 713 768 1287 1384 1977 2205 2789 2899 2949 3144 3300 3375 3860 4073 4283 4623 5374 5677 5799 5804 6300 6379 6654 6673 6827 
#module 30 size: 64 bs: 0.338669
419 437 471 487 660 687 796 893 900 1029 1206 1480 1500 1608 1675 1716 1828 1881 2084 2091 2528 2543 2552 2637 2640 2716 2909 3029 3085 3220 3478 3545 3716 3736 3810 3821 3897 4047 4147 4174 4364 4667 4743 4826 5106 5314 5420 5520 5529 5530 5535 5557 5635 5694 5802 5878 6107 6282 6307 6363 6408 6616 6683 6709 
#module 31 size: 9 bs: 0.346108
312 552 1665 1772 2321 3745 4761 5464 5946 
#module 32 size: 13 bs: 0.840314
76 455 1566 1576 2016 2305 2775 3171 3399 3400 4932 5649 6478 
#module 33 size: 8 bs: 0.71397
1757 1935 2604 4571 5516 5549 6141 6237 
#module 34 size: 10 bs: 0.853818
371 678 1110 1159 2860 3626 4732 5248 6076 6369 
#module 35 size: 16 bs: 1.07182
828 1285 2094 2558 2735 2951 3443 3883 4334 4799 4857 4865 5687 6560 6872 6873 
#module 36 size: 20 bs: 1.08004
70 383 699 727 2370 2562 2871 3211 3218 3502 3676 4071 4469 4708 4848 5181 6405 6539 6671 6678 
#module 37 size: 56 bs: 0.184105
227 305 449 537 646 777 783 821 837 981 1120 1163 1189 1312 1466 1830 1833 1875 2017 2027 2445 2658 2676 2699 2795 2808 2934 3082 3115 3170 3217 3261 3582 4118 4234 4354 4365 4366 4521 4756 4917 5279 5635 6075 6160 6264 6270 6394 6397 6454 6636 6708 6760 6764 6785 6900 
#module 38 size: 41 bs: 0.106576
48 295 313 367 899 957 1032 1079 1117 1271 1349 1805 1819 1906 1925 1932 2004 2116 2384 2813 2909 2974 3067 3130 3223 3529 3800 3968 4099 4267 4307 4377 4449 4606 4642 5069 5430 5709 5821 6152 6209 
#module 39 size: 34 bs: 0.457304
202 381 438 629 772 1052 1056 1060 1132 1728 1770 1871 2038 2209 2217 2734 2947 3109 3126 3270 3616 3792 3923 4315 4503 4785 4875 5233 5452 6013 6052 6103 6134 6734 
#module 40 size: 36 bs: 0.924121
161 465 856 1450 1709 1723 2412 2469 2649 2691 2747 3005 3215 3290 3326 3527 3847 4112 4125 4207 4324 4610 4882 5166 5207 5348 5356 5583 5705 5712 6406 6468 6482 6537 6555 6922 
#module 41 size: 20 bs: 1.08165
415 672 836 1036 1231 1597 1851 2148 2393 2644 2973 3009 3112 3122 3505 4580 5292 5888 6536 6915 
#module 42 size: 206 bs: 0.777573
13 15 34 41 144 178 190 197 293 300 332 336 342 398 414 422 532 536 545 583 585 588 633 652 676 677 692 717 718 721 724 782 820 830 849 921 922 964 1011 1024 1069 1191 1203 1251 1274 1293 1316 1357 1401 1427 1444 1509 1544 1549 1553 1607 1650 1666 1735 1775 1786 1841 1843 1877 1878 1886 1890 1956 2003 2012 2030 2098 2126 2208 2223 2276 2297 2303 2382 2383 2417 2541 2581 2584 2585 2622 2632 2644 2722 2729 2774 2800 2807 2819 2852 2885 2907 2911 2942 2961 2972 2999 3035 3098 3143 3229 3265 3371 3373 3384 3388 3410 3450 3463 3464 3490 3535 3573 3656 3675 3737 3804 3858 3876 3881 3920 3969 3974 4072 4166 4382 4448 4467 4524 4526 4527 4538 4567 4587 4622 4635 4641 4642 4647 4682 4703 4758 4778 4810 4846 4850 4884 4905 4981 4991 5028 5125 5130 5223 5231 5281 5299 5300 5328 5340 5435 5438 5466 5509 5526 5602 5685 5726 5773 5849 5864 5866 5898 5906 5967 5986 6128 6185 6188 6190 6191 6207 6211 6220 6253 6285 6314 6319 6409 6416 6419 6423 6438 6525 6601 6606 6647 6679 6732 6815 6848 
#module 43 size: 86 bs: 1.03562
192 441 669 681 695 715 805 843 912 1119 1260 1493 1507 1667 1715 1760 1766 2040 2120 2159 2260 2292 2310 2481 2535 2729 2847 2896 2924 2925 2945 3040 3050 3059 3160 3161 3178 3288 3327 3386 3575 3600 3674 3709 3871 4031 4034 4061 4097 4136 4143 4272 4451 4506 4518 4830 4831 4893 4898 4912 4972 5008 5055 5210 5221 5336 5360 5393 5538 5637 5753 5813 5823 5838 5864 5876 5995 6082 6132 6144 6339 6388 6761 6784 6831 6857 
#module 44 size: 43 bs: 0.314169
273 665 693 785 890 982 1102 1226 1633 1714 2111 2252 2402 2464 2484 2615 2621 2638 2842 2969 3165 3316 3727 4053 4150 4280 4695 4862 4887 4963 5222 5599 5610 5631 5645 5754 5884 5902 6019 6047 6588 6612 6849 
#module 45 size: 73 bs: 0.189907
185 189 203 347 361 391 513 661 752 859 1070 1071 1135 1227 1253 1298 1420 1487 1504 1532 1628 1701 1741 2044 2101 2212 2231 2420 2685 2689 2770 3000 3053 3103 3147 3150 3308 3397 3467 3469 3531 3536 3995 4024 4082 4185 4467 4534 4565 4584 4657 4844 4886 4996 5095 5135 5183 5203 5224 5392 5501 5648 5674 5808 5885 6078 6146 6218 6398 6418 6471 6574 6829 
#module 46 size: 69 bs: 0.366156
34 58 104 475 845 922 1115 1246 1507 1650 1667 1688 1860 1952 1953 2035 2040 2403 2490 2541 2589 2729 2807 2830 2844 2892 2896 3032 3068 3160 3274 3388 3662 3667 3787 3899 3928 3998 4034 4056 4188 4227 4272 4379 4506 4527 4621 4665 4831 4912 5028 5170 5221 5261 5336 5432 5435 5602 5664 5732 5864 5876 6055 6082 6144 6169 6477 6696 6826 
#module 47 size: 37 bs: 0.934236
93 115 286 613 923 1085 1364 1386 1624 1646 1658 1876 2182 2511 2737 2793 3064 3156 3314 3546 3715 3803 4010 4045 4092 5047 5144 5156 5184 5213 5458 5515 5613 5678 6038 6170 6813 
#module 48 size: 35 bs: 0.315062
472 535 622 710 932 1317 1344 1431 1519 1955 1992 2006 3008 3040 3329 3499 3586 3753 4114 4398 4739 4958 5259 5291 5511 5829 5924 6204 6216 6228 6710 6787 6800 6825 6844 
#module 49 size: 28 bs: 0.880713
184 240 349 577 928 1022 1031 1296 1431 1519 1903 1946 2043 2145 2156 2165 2279 2872 3342 3826 4476 4532 4890 5083 5925 6518 6767 6879 
#module 50 size: 29 bs: 0.646363
493 817 991 1694 2186 2314 2551 2563 2573 2736 2766 2922 2975 3204 3910 4216 4224 4245 4511 4823 4919 4967 5303 5323 5468 5554 5945 6060 6362 
#module 51 size: 43 bs: 0.236139
187 265 446 682 895 1184 1295 1334 1451 1614 1864 2620 2624 2660 2711 2840 3191 3225 3254 3322 3513 3711 3954 4317 4349 4381 4388 4832 4925 5149 5176 5624 5782 5839 6110 6116 6405 6424 6474 6557 6627 6789 6851 
#module 52 size: 18 bs: 0.603498
729 877 938 1070 1542 1687 1818 2504 2689 3025 3515 3595 3972 4305 4880 5051 5134 6401 
#module 53 size: 18 bs: 0.84676
82 631 1141 2218 2356 3359 3559 3642 4285 4477 4697 4709 5304 5317 5349 5632 6126 6622 
#module 54 size: 64 bs: 0.912439
106 138 179 301 407 453 489 599 627 826 838 997 1095 1301 1302 1448 1464 1501 1579 1739 1990 2192 2261 2300 2513 2561 2744 2764 2862 3082 3096 3239 3334 3432 3469 3485 3701 3831 3866 4209 4288 4582 4946 4959 5107 5146 5196 5389 5402 5446 5517 5688 5691 5764 5863 6133 6140 6143 6292 6446 6453 6461 6680 6802 
#module 55 size: 44 bs: 0.353718
54 101 147 151 201 478 858 996 1023 1123 1136 1164 1241 1256 1324 1684 1719 1835 2107 2377 2548 2717 3364 3430 3811 3864 4214 4478 4631 4721 4734 4882 4883 4988 5123 5832 5859 6148 6325 6552 6597 6625 6675 6840 
#module 56 size: 33 bs: 0.288577
32 102 356 616 833 897 989 1496 2234 2287 2288 2537 2886 2931 3507 3598 3752 4298 4359 4415 4953 4957 5010 5057 5161 5634 5825 5894 5949 6139 6206 6323 6496 
#module 57 size: 42 bs: 0.847872
86 99 143 260 435 439 510 723 844 1021 1044 1229 1410 1437 1515 1929 1940 2071 2132 2164 2166 2295 2493 2585 2790 2908 3074 3075 3504 4043 4268 4803 5155 5190 5235 5256 5494 5525 6104 6190 6754 6792 
#module 58 size: 24 bs: 0.835229
276 521 726 930 1058 1116 1604 1788 1908 2248 2254 2858 3950 4075 4220 4869 5227 5331 5575 5751 5857 6605 6628 6661 
#module 59 size: 24 bs: 0.940006
133 207 302 519 529 653 827 829 1066 1443 1547 1683 1954 2158 2380 2709 3094 3448 3873 5129 5266 5604 6353 6396 
#module 60 size: 66 bs: 0.700244
23 62 222 468 571 784 931 970 1062 1063 1104 1208 1267 1320 1340 1362 1370 1446 1653 1985 2259 2273 2319 2565 2587 2650 2822 2849 2879 3002 3054 3078 3088 3111 3497 3583 3665 3739 3852 3909 3931 3981 4117 4156 4256 4265 4309 4314 4350 4730 4798 4845 5039 5074 5174 5639 5722 5788 6049 6279 6287 6391 6433 6546 6691 6778 
#module 61 size: 41 bs: 1.0817
57 176 206 292 350 387 422 505 830 892 915 979 1089 1291 1335 1580 1582 2056 2181 2235 2433 2667 2677 2818 2835 2986 3020 3421 3431 3463 3737 4358 4563 4723 5200 5274 6024 6061 6197 6458 6531 
#module 62 size: 37 bs: 0.307061
17 22 211 267 444 603 932 993 1205 1210 1357 1510 1511 1655 1690 1718 2012 2418 3026 3073 3129 3201 3208 3379 3900 4297 4438 4693 4956 5086 5357 5912 5979 6306 6313 6336 6544 
#module 63 size: 18 bs: 0.23774
604 789 1265 1319 1415 1668 1844 2324 2358 2431 2522 2618 3479 4362 5019 5556 6039 6189 
#module 64 size: 55 bs: 0.145221
46 53 263 448 502 580 683 685 753 814 868 911 975 1414 1439 1901 1989 2244 2440 2526 2839 2930 3159 3491 3542 3915 3982 3990 4060 4111 4170 4182 4408 4473 4481 4516 4651 4808 4851 5373 5528 5574 5581 5625 5758 5986 5994 6105 6172 6385 6497 6524 6646 6694 6808 
#module 65 size: 74 bs: 0.64099
257 321 386 416 499 576 697 896 1037 1138 1251 1253 1363 1430 1471 1475 1488 1541 1569 1601 1627 1643 1663 1673 1805 1822 1858 1859 1934 1951 2042 2157 2241 2405 2527 2602 2668 2903 3114 3190 3280 3297 3344 3350 3521 3639 3668 3834 3846 4020 4190 4418 4748 4765 4866 4992 5026 5027 5286 5551 5707 5778 5819 5855 6058 6235 6246 6394 6463 6630 6685 6758 6768 6797 
#module 66 size: 31 bs: 0.428463
38 304 1034 1068 1305 1321 1424 1470 1489 1695 2802 2824 3162 3317 3590 3854 3888 3939 4062 4121 4202 4745 4914 5038 5197 5320 5371 5587 5973 6110 6295 
#module 67 size: 46 bs: 0.969249
31 56 104 554 596 746 751 774 871 973 1003 1134 1199 1440 1441 1535 2140 2596 2784 3031 3880 3989 4013 4075 4120 4124 4220 4301 4549 4578 4877 5144 5492 5575 5689 5830 5837 5869 5932 6266 6294 6431 6457 6564 6661 6699 
#module 68 size: 98 bs: 0.751124
166 193 256 382 450 520 526 650 658 659 668 807 819 910 925 952 976 1028 1097 1108 1196 1245 1258 1279 1333 1421 1503 1531 1732 1768 1769 1897 1921 2050 2075 2196 2221 2407 2448 2451 2570 2686 2832 2844 2863 2916 2988 3038 3060 3095 3200 3233 3392 3510 3666 3673 3695 3734 3802 3808 3841 3879 3894 4022 4122 4168 4191 4465 4624 4702 4763 4943 5065 5086 5088 5104 5254 5595 5708 5940 5991 6015 6029 6035 6080 6146 6177 6317 6386 6403 6459 6473 6575 6609 6777 6780 6874 6882 
#module 69 size: 57 bs: 0.855566
232 369 575 637 767 797 806 1016 1067 1088 1218 1575 1615 1639 1699 1808 2026 2275 2411 2499 2694 2718 2722 2785 2944 3285 3512 3704 3780 3903 3984 4094 4105 4230 4413 4540 4556 4574 4608 4647 4836 4970 5080 5121 5163 5309 5385 5434 5459 5607 5628 5741 6056 6081 6390 6769 6914 
#module 70 size: 141 bs: 0.28916
36 40 114 136 140 141 145 307 311 409 413 530 700 709 830 841 863 878 881 971 972 984 1000 1005 1010 1088 1133 1148 1303 1423 1573 1615 1631 1664 1727 1756 1780 1793 1850 1853 1855 1900 1942 1994 2108 2149 2170 2174 2175 2191 2404 2450 2517 2633 2714 2743 2773 2848 2857 2859 2864 2944 3117 3121 3305 3306 3313 3357 3461 3576 3679 3730 3777 3789 3882 4001 4014 4080 4093 4126 4133 4249 4255 4297 4318 4321 4329 4360 4370 4401 4568 4608 4617 4683 4752 4789 4971 5001 5070 5076 5108 5121 5131 5138 5177 5246 5273 5322 5467 5601 5605 5618 5619 5717 5726 5735 5736 5798 5803 5840 5903 5956 5980 5999 6031 6095 6234 6260 6479 6503 6516 6562 6613 6622 6633 6639 6653 6662 6769 6804 6896 
#module 71 size: 130 bs: 0.23889
11 27 47 74 85 228 231 244 247 276 306 338 343 348 388 396 406 467 523 606 626 657 735 786 804 940 967 1075 1112 1183 1522 1621 1654 1703 1783 1836 1919 1991 2118 2127 2190 2198 2228 2231 2249 2325 2374 2378 2414 2466 2582 2597 2673 2684 2725 2754 2759 2777 2842 2850 2897 2926 2950 3128 3136 3139 3210 3213 3330 3341 3362 3369 3394 3460 3494 3499 3533 3557 3633 3649 3813 3861 3975 4058 4134 4215 4306 4312 4319 4375 4458 4579 4613 4653 4686 4696 4872 5032 5059 5102 5150 5219 5276 5399 5496 5504 5552 5553 5616 5640 5643 5718 5793 5795 5822 5831 5868 5922 6012 6041 6042 6050 6254 6375 6429 6567 6584 6643 6711 6745 
#module 72 size: 122 bs: 0.659511
1 21 177 186 214 323 394 549 556 634 675 696 731 740 794 891 914 935 960 1275 1282 1304 1346 1359 1374 1458 1484 1493 1508 1538 1680 1699 1719 1744 1751 1857 1880 1966 1972 1978 2001 2053 2054 2092 2097 2105 2140 2146 2157 2236 2268 2435 2502 2524 2619 2666 2738 2867 2996 3138 3181 3196 3316 3334 3468 3480 3493 3503 3538 3562 3588 3592 3830 3857 3863 3953 4059 4078 4107 4361 4433 4497 4516 4636 4713 4726 4788 4793 4868 5103 5110 5189 5243 5306 5315 5341 5502 5592 5650 5675 5834 5846 5955 6222 6280 6310 6376 6432 6467 6498 6500 6542 6604 6607 6641 6642 6690 6742 6765 6795 6845 6890 
#module 73 size: 62 bs: 0.835549
12 24 234 255 322 331 353 504 707 733 757 811 910 998 1277 1322 1459 1546 1599 1849 1998 2062 2192 2347 2353 2439 2776 2778 2788 2829 2910 2940 3083 3255 3506 3638 3657 3782 3829 3839 4035 4066 4152 4165 4176 4187 4498 4886 4955 5238 5409 5535 5548 5811 5941 5962 6022 6322 6490 6534 6551 6777 
#module 74 size: 54 bs: 0.238946
205 342 384 551 584 615 847 987 1040 1107 1242 1280 1481 1672 1799 1840 1983 1984 2065 2066 2233 2253 2437 2630 2708 2814 2866 3197 3402 3417 3444 3449 3477 3937 4637 4684 4753 4758 4928 5063 5289 5470 5537 5716 5765 5810 5826 6297 6326 6366 6592 6724 6830 6883 
#module 75 size: 36 bs: 0.954421
8 43 209 378 773 799 835 1026 1173 1371 1899 2278 2827 2898 2917 3180 3481 3640 4083 4178 4429 4530 4594 4818 4949 5045 5053 5182 5351 5681 5702 6311 6333 6480 6615 6667 
#module 76 size: 36 bs: 0.119085
299 582 642 730 745 779 788 1162 1228 1449 1521 1554 1586 1973 2456 2809 2918 2991 3325 3349 3958 4262 4831 5119 5462 5562 5661 5872 6030 6032 6205 6213 6332 6482 6635 6717 
#module 77 size: 148 bs: 0.287427
10 67 94 167 337 339 354 406 434 459 476 512 518 541 563 621 702 756 816 941 1012 1118 1147 1156 1168 1257 1263 1352 1378 1379 1460 1567 1592 1677 1697 1733 1761 1829 1869 1916 1957 2008 2032 2199 2215 2220 2230 2243 2343 2362 2385 2423 2470 2472 2485 2556 2563 2651 2669 2671 2706 2728 2732 2768 2851 2855 2929 3024 3030 3102 3163 3193 3247 3259 3276 3343 3452 3487 3544 3619 3622 3639 3677 3683 3723 3738 3743 3867 3970 4038 4050 4088 4162 4300 4320 4384 4422 4490 4543 4546 4562 4622 4645 4659 4680 4901 4909 5098 5185 5255 5272 5424 5477 5533 5534 5606 5627 5642 5659 5671 5679 5693 5752 5792 5862 5874 5944 5957 5963 5966 6025 6082 6175 6209 6239 6250 6259 6320 6358 6383 6493 6495 6549 6655 6667 6861 6895 6916 
#module 78 size: 59 bs: 0.259337
89 220 268 340 461 609 684 852 894 919 1038 1053 1211 1353 1393 1482 1563 1568 1596 1918 1959 2068 2078 2333 2406 2441 2478 2746 2786 2955 2958 3018 3613 3629 3655 3790 3875 3924 4235 4414 4559 4664 4760 4802 4812 4948 5329 5419 5484 5499 5724 5725 5836 5942 6090 6249 6410 6418 6766 
#module 79 size: 61 bs: 0.712387
278 484 574 765 1039 1095 1417 1501 1568 1731 1753 1759 2005 2069 2232 2261 2454 2520 2764 2850 3106 3485 3658 3701 3856 3866 3966 4331 4333 4582 4737 4753 4787 4834 5060 5220 5320 5389 5402 5476 5512 5517 5519 5660 5691 6044 6092 6113 6133 6138 6140 6292 6334 6405 6446 6453 6461 6676 6680 6802 6889 
#module 80 size: 38 bs: 0.997367
628 746 790 844 872 1221 1485 1502 1628 1778 2071 2164 2661 2877 3202 3411 3558 3568 3634 3765 3865 3908 3941 4095 4157 4718 4803 5050 5190 5235 5337 5342 5525 5614 5766 6256 6289 6754 
#module 81 size: 104 bs: 0.275837
157 162 243 249 282 377 428 469 602 607 688 722 754 778 929 977 1073 1252 1259 1264 1361 1398 1404 1413 1632 1636 1700 1777 1809 1815 1924 1958 1986 2491 2505 2555 2581 2635 2639 2719 2731 2755 2831 3014 3036 3042 3074 3087 3198 3239 3473 3563 3672 3685 3817 3916 3917 4032 4128 4153 4218 4261 4404 4500 4539 4593 4640 4658 4716 4859 4908 4929 5058 5118 5145 5364 5406 5431 5480 5505 5509 5590 5658 5730 5909 5926 5959 5981 6007 6150 6275 6293 6354 6372 6491 6543 6577 6619 6621 6695 6701 6715 6724 6907 
#module 82 size: 164 bs: 0.656802
57 69 106 121 202 246 352 386 445 503 525 540 644 870 874 886 897 1018 1041 1054 1093 1118 1153 1207 1262 1299 1350 1444 1452 1477 1484 1497 1610 1635 1647 1676 1735 1814 1837 1907 2063 2072 2096 2100 2224 2238 2277 2280 2344 2348 2354 2515 2617 2626 2682 2690 2695 2697 2733 2834 2868 2875 2915 2948 2960 3052 3082 3166 3177 3192 3231 3301 3338 3363 3495 3520 3525 3578 3624 3676 3708 3732 3751 3758 3764 3769 3776 3878 3887 3902 3920 3956 3986 4103 4131 4144 4167 4203 4228 4237 4326 4358 4411 4459 4480 4504 4524 4620 4628 4634 4689 4715 4753 4771 4853 4864 4871 4913 4997 5042 5056 5128 5216 5223 5229 5324 5347 5366 5375 5378 5417 5437 5485 5526 5543 5550 5593 5644 5701 5713 5773 5849 5877 5899 5911 5937 6028 6051 6179 6181 6193 6352 6364 6428 6443 6514 6603 6679 6685 6739 6793 6843 6864 6880 
#module 83 size: 31 bs: 0.145746
130 266 417 516 918 1090 1152 1692 1920 2125 2153 2389 2627 3756 3790 4172 4269 4356 4662 4986 5018 5270 5310 5564 5665 5820 5850 6147 6410 6637 6687 
#module 84 size: 34 bs: 0.677732
226 416 565 696 697 725 1169 1177 1212 1514 1601 1917 2380 2602 2654 2668 3114 3190 3472 3907 4173 4219 4296 4327 4353 4951 5071 5288 5372 5529 5600 5855 6485 6909 
#module 85 size: 66 bs: 0.250172
111 257 277 287 316 392 643 673 696 706 725 992 1106 1154 1187 1355 1400 1495 1813 1876 1924 2000 2002 2124 2137 2188 2316 2320 2479 2678 3086 3381 3416 3770 3976 4098 4201 4208 4219 4251 4327 4348 4394 4425 4569 4572 4596 4900 4941 5071 5212 5284 5311 5617 5789 5824 5904 6009 6228 6427 6485 6608 6624 6638 6775 6909 
#module 86 size: 49 bs: 0.32983
154 501 533 664 866 1197 1201 1523 1674 1771 2048 2099 2285 2645 2647 2765 2826 2938 2943 2957 3048 3076 3123 3194 3312 3428 3509 3599 3706 3771 3862 4073 4186 4233 4387 4960 5090 5359 5404 5561 5641 5711 5853 6196 6271 6488 6868 6898 6924 
#module 87 size: 63 bs: 0.430053
14 25 73 182 229 235 562 630 1047 1129 1178 1235 1238 1272 1273 1518 1612 1754 1862 1882 1894 1911 2079 2212 2220 2369 2545 2599 2887 2919 3069 3187 3299 3321 3406 3556 3755 3823 3849 3885 4006 4212 4355 4375 4378 4436 4541 4701 4780 4952 5214 5301 5378 5453 5461 5622 5785 5801 5900 6194 6519 6626 6812 
#module 88 size: 86 bs: 0.92304
29 64 81 238 401 408 421 454 694 798 831 867 1122 1157 1167 1181 1283 1444 1454 1533 1734 1737 1774 1852 1902 1964 2018 2142 2171 2214 2247 2330 2408 2432 2516 2590 2740 2782 3057 3092 3100 3119 3120 3153 3224 3284 3361 3396 3459 3517 3552 3608 3661 3694 3705 3842 3853 3922 3926 4026 4097 4155 4390 4396 4545 4666 4733 4888 5009 5079 5163 5250 5314 5404 5445 5498 5504 5594 5780 5783 6212 6344 6456 6773 6847 6870 
#module 89 size: 39 bs: 0.410006
245 297 514 703 904 905 1053 1310 1596 1598 1669 1736 1996 2011 2219 2323 2797 3070 3177 3537 3710 3850 4164 4516 4552 4573 4619 4676 4927 5419 5669 5757 5781 5803 5805 6112 6233 6343 6499 
#module 90 size: 31 bs: 0.100049
125 495 770 791 889 1185 1186 1247 1562 1625 1634 1896 1944 2160 2345 2772 2825 3471 3996 4332 4595 4863 5395 5579 5968 6225 6265 6338 6504 6682 6719 
#module 91 size: 170 bs: 0.859463
61 110 129 146 150 191 210 291 330 333 452 453 481 559 573 576 625 821 869 936 944 974 994 1001 1009 1074 1151 1172 1195 1203 1244 1255 1280 1300 1385 1499 1551 1629 1763 1798 1807 1865 1870 1905 1926 1943 1960 1993 1999 2005 2024 2028 2103 2104 2154 2246 2260 2328 2361 2368 2372 2410 2513 2532 2536 2540 2547 2588 2681 2683 2702 2723 2750 2752 2760 2817 2888 2891 2964 2978 2986 3034 3037 3051 3108 3116 3132 3146 3184 3212 3252 3289 3318 3319 3352 3404 3418 3420 3532 3577 3587 3653 3660 3691 3872 3929 3932 3989 3999 4148 4192 4308 4335 4413 4427 4442 4464 4495 4581 4705 4719 4724 4760 4768 4805 4825 4896 4918 5066 5073 5113 5116 5124 5269 5305 5363 5372 5379 5403 5478 5569 5615 5638 5701 5739 5804 5840 5865 5886 5938 6072 6124 6159 6240 6268 6304 6327 6350 6384 6437 6586 6610 6664 6672 6673 6697 6779 6788 6823 6885 
#module 92 size: 44 bs: 0.528158
19 60 410 429 496 555 913 934 954 1309 1369 1815 1847 1957 2121 2161 2193 2480 2995 3131 3235 3302 3383 3580 3591 3621 3832 3877 3944 4041 4113 4270 4330 4597 4688 4725 4729 4983 4984 5114 5162 5293 5325 6335 
#module 93 size: 48 bs: 0.458451
298 370 687 813 1035 1078 1176 1360 1443 1445 1479 1483 1740 1761 1820 1976 2007 2070 2226 2467 2544 3012 3412 3671 3693 3918 3973 3994 4025 4029 4159 4204 4223 4421 4494 5072 5143 5405 5416 5545 5546 5714 5881 5985 6238 6360 6533 6796 
#module 94 size: 60 bs: 0.541525
199 539 762 825 1076 1111 1232 1258 1270 1476 1732 1769 1854 1942 2005 2095 2256 2311 2486 2574 2672 2895 2932 3021 3145 3195 3387 3643 3747 3836 4022 4169 4200 4287 4487 4547 4590 4661 4669 4673 4837 4856 4920 5011 5104 5204 5563 5708 6035 6067 6117 6163 6258 6512 6594 6651 6718 6747 6777 6859 
#module 95 size: 58 bs: 0.5108
310 374 412 578 875 1336 1478 1500 1525 1605 1662 1704 1767 1872 2052 2075 2336 2390 2509 2579 2739 2909 2937 3291 3347 3380 3398 3442 3609 3666 3799 3896 3927 3964 3991 4004 4011 4231 4273 4744 4757 4838 5006 5294 5542 5690 5748 5858 6017 6034 6145 6186 6382 6591 6809 6862 6911 6921 
#module 96 size: 62 bs: 0.179649
18 225 274 380 426 480 662 759 766 776 810 812 846 902 963 1125 1148 1182 1219 1223 1281 1368 1381 1507 1724 1747 2089 2151 2359 2382 2533 2609 2636 3140 3264 3310 3346 3354 3437 3438 3514 3524 3574 3952 3962 4301 4505 4736 5200 5235 5265 5318 5335 5441 5644 5814 5861 5915 6341 6698 6727 6730 
#module 97 size: 140 bs: 0.863548
20 50 52 109 112 132 216 256 285 328 355 402 425 561 701 741 744 775 808 815 854 860 948 951 1080 1083 1171 1214 1249 1284 1407 1497 1577 1581 1720 1729 1750 1826 1834 1979 1981 2046 2106 2119 2129 2136 2265 2266 2286 2302 2349 2371 2465 2538 2566 2603 2657 2801 2889 2962 2966 3072 3185 3206 3249 3271 3273 3287 3295 3332 3337 3446 3498 3500 3528 3594 3612 3615 3630 3692 3713 3783 3786 3816 3820 3859 4003 4183 4238 4258 4284 4321 4323 4410 4423 4482 4533 4615 4735 4800 4801 4847 4849 4962 4998 5015 5021 5141 5173 5230 5296 5319 5326 5377 5443 5456 5647 5972 6043 6161 6168 6184 6202 6324 6337 6357 6393 6502 6506 6517 6600 6663 6723 6741 6799 6816 6819 6841 6856 6886 
#module 98 size: 47 bs: 0.51507
35 270 558 570 716 933 1081 1158 1326 1390 1425 1539 1572 1641 1685 1816 1947 2059 2080 2155 2163 2289 2637 2692 2842 3439 3457 3750 3855 3980 4259 4280 4517 4525 4691 4756 4766 4926 4954 5263 5423 5697 5892 6042 6303 6465 6722 
#module 99 size: 49 bs: 0.334023
42 198 572 851 969 1332 1372 1433 1447 1620 1657 1671 1711 1738 2047 2051 2262 2317 2489 2510 2648 2704 2833 3001 3019 3303 3407 3874 4019 4076 4101 4281 4589 4949 5017 5105 5132 5680 5699 5723 5731 5883 5987 6245 6356 6420 6513 6736 6806 
#module 100 size: 64 bs: 0.42166
204 212 251 269 416 433 491 579 663 714 719 834 839 950 1029 1046 1105 1146 1161 1354 1385 1491 1707 2131 2355 2360 2475 2658 2713 2745 2751 2870 2963 3007 3057 3084 3127 3133 3377 3531 3695 3749 3808 4211 4243 4475 4867 4916 4999 5086 5153 5257 5321 5408 5655 5663 5715 5737 5787 5920 6062 6568 6777 6892 
#module 101 size: 167 bs: 0.103894
63 90 107 217 224 262 324 329 345 389 395 474 490 506 507 527 534 638 656 670 749 937 953 1017 1030 1121 1140 1237 1240 1248 1365 1395 1405 1472 1474 1498 1513 1537 1559 1593 1603 1630 1670 1787 1831 1909 1915 1980 1988 2113 2115 2270 2312 2367 2388 2400 2453 2459 2495 2506 2571 2607 2663 2675 2760 2820 2837 2964 2994 3013 3015 3028 3033 3203 3237 3393 3424 3445 3454 3492 3495 3589 3604 3686 3689 3702 3707 3717 3818 3893 3959 3988 4007 4018 4087 4102 4171 4181 4239 4310 4329 4435 4499 4509 4586 4601 4629 4646 4663 4679 4694 4755 4769 4822 4827 4861 4870 4936 4977 4989 4994 5025 5040 5048 5061 5089 5139 5167 5191 5192 5251 5300 5386 5418 5493 5559 5572 5633 5655 5666 5668 5747 5828 5953 5958 5992 5997 6037 6097 6229 6236 6241 6272 6274 6301 6321 6368 6548 6556 6585 6611 6648 6706 6746 6750 6805 6918 
#module 102 size: 116 bs: 1.0746
128 165 175 218 244 253 283 344 443 679 691 705 901 1043 1289 1299 1377 1383 1505 1526 1555 1563 1680 1743 1746 1781 1785 1789 1796 1817 2022 2057 2060 2130 2197 2211 2294 2497 2521 2559 2575 2680 2687 2763 2836 2893 2906 2915 3010 3046 3248 3390 3451 3547 3585 3596 3680 3698 3718 3742 3767 3784 3805 3809 3822 3965 3971 4012 4014 4017 4063 4203 4222 4241 4278 4339 4360 4528 4609 4611 4773 4813 4864 4921 4974 5252 5253 5280 5362 5387 5421 5447 5454 5503 5540 5584 5672 5695 5752 5790 5848 5879 5887 6048 6200 6255 6263 6286 6375 6483 6553 6582 6703 6759 6814 6910 
#module 103 size: 50 bs: 0.874672
134 173 750 1008 1051 1100 1150 1220 1297 1350 1461 1543 1557 1611 1693 1794 1810 2033 2037 2471 2771 3063 3155 3541 3566 3611 3785 4439 4508 4649 4754 4979 5209 5242 5367 5490 5518 5544 5611 5651 5801 5982 6098 6162 6298 6395 6629 6644 6858 6913 
#module 104 size: 191 bs: 0.215437
37 100 131 171 195 251 254 462 513 542 543 560 589 598 605 619 639 654 689 734 738 743 811 857 876 946 949 1013 1033 1109 1149 1179 1194 1216 1222 1234 1236 1290 1315 1408 1442 1512 1560 1578 1584 1648 1681 1710 1752 1845 1889 1962 2013 2168 2183 2207 2245 2271 2293 2304 2322 2357 2395 2398 2462 2623 2629 2656 2670 2779 2798 2815 2880 2921 2936 2952 2979 2980 2981 2982 3041 3045 3058 3101 3110 3118 3125 3199 3268 3355 3365 3403 3447 3486 3519 3551 3593 3597 3648 3712 3744 3757 3886 3914 3957 3963 3978 4065 4066 4163 4254 4302 4308 4363 4371 4426 4453 4507 4537 4585 4592 4599 4612 4625 4668 4670 4692 4715 4717 4731 4767 4794 4872 4874 4878 4891 4897 4907 4976 5004 5049 5087 5099 5158 5202 5271 5277 5287 5302 5333 5361 5426 5471 5481 5510 5520 5578 5609 5719 5791 5843 5919 5928 5930 5931 5941 5964 5965 5976 6001 6026 6231 6242 6308 6328 6359 6380 6422 6431 6435 6447 6452 6475 6476 6510 6569 6573 6579 6645 6762 6866 
#module 105 size: 66 bs: 1.0992
28 71 163 397 494 498 522 690 737 809 920 966 1042 1101 1131 1142 1215 1286 1331 1392 1457 1550 1565 1623 2177 2318 2427 2758 2968 3086 3205 3238 3244 3328 3353 3401 3427 3555 3641 3703 3801 4039 4064 4289 4795 4895 4945 5002 5179 5226 5239 5339 5413 5455 5495 5521 5720 5777 5947 6003 6154 6296 6472 6649 6833 6877 
#module 106 size: 47 bs: 0.952175
66 223 548 618 667 674 883 968 988 1092 1094 1250 1314 1434 1585 1721 1887 1923 1941 2000 2147 2178 2185 2267 2308 2316 2327 2742 3086 3289 3381 3569 4130 4193 4294 4405 4455 5022 5187 5278 5391 5626 5769 6027 6131 6505 6595 
#module 107 size: 1 bs: 1
6550 
#module 108 size: 1 bs: 1
611 
#module 109 size: 1 bs: 1
5547 
#module 110 size: 1 bs: 1
4140 
#module 111 size: 1 bs: 1
2606 
#module 112 size: 1 bs: 1
6897 
#module 113 size: 1 bs: 1
1812 
#module 114 size: 1 bs: 1
4416 
#module 115 size: 1 bs: 1
4135 
#module 116 size: 1 bs: 1
4217 
#module 117 size: 1 bs: 1
6153 
#module 118 size: 1 bs: 1
4070 
#module 119 size: 1 bs: 1
6224 
#module 120 size: 1 bs: 1
5597 
#module 121 size: 1 bs: 1
5856 
#module 122 size: 1 bs: 1
3157 
#module 123 size: 1 bs: 1
1904 
#module 124 size: 1 bs: 1
882 
#module 125 size: 1 bs: 1
640 
#module 126 size: 1 bs: 1
1802 
#module 127 size: 1 bs: 1
6291 
#module 128 size: 1 bs: 1
2085 
#module 129 size: 1 bs: 1
4091 
#module 130 size: 1 bs: 1
2593 
#module 131 size: 1 bs: 1
6811 
#module 132 size: 1 bs: 1
6010 
#module 133 size: 1 bs: 1
5033 
#module 134 size: 1 bs: 1
1403 
#module 135 size: 1 bs: 1
2283 
#module 136 size: 1 bs: 1
3462 
#module 137 size: 1 bs: 1
1137 
#module 138 size: 1 bs: 1
5566 
#module 139 size: 1 bs: 1
1561 
#module 140 size: 1 bs: 1
4627 
#module 141 size: 1 bs: 1
3554 
#module 142 size: 1 bs: 1
4639 
#module 143 size: 1 bs: 1
92 
#module 144 size: 1 bs: 1
5577 
#module 145 size: 1 bs: 1
4246 
#module 146 size: 1 bs: 1
850 
#module 147 size: 1 bs: 1
5728 
#module 148 size: 1 bs: 1
3043 
#module 149 size: 1 bs: 1
5744 
#module 150 size: 1 bs: 1
2034 
#module 151 size: 1 bs: 1
3044 
#module 152 size: 1 bs: 1
4650 
#module 153 size: 1 bs: 1
2700 
#module 154 size: 1 bs: 1
250 
#module 155 size: 1 bs: 1
2512 
#module 156 size: 1 bs: 1
4295 
#module 157 size: 1 bs: 1
5779 
#module 158 size: 1 bs: 1
5064 
#module 159 size: 1 bs: 1
4930 
#module 160 size: 1 bs: 1
3845 
#module 161 size: 1 bs: 1
103 
#module 162 size: 1 bs: 1
2970 
#module 163 size: 1 bs: 1
2805 
#module 164 size: 1 bs: 1
3728 
#module 165 size: 1 bs: 1
5755 
#module 166 size: 1 bs: 1
4290 
#module 167 size: 1 bs: 1
6415 
#module 168 size: 1 bs: 1
4046 
#module 169 size: 1 bs: 1
6054 
#module 170 size: 1 bs: 1
3961 
#module 171 size: 1 bs: 1
3425 
#module 172 size: 1 bs: 1
3912 
#module 173 size: 1 bs: 1
612 
#module 174 size: 1 bs: 1
5003 
#module 175 size: 1 bs: 1
758 
#module 176 size: 1 bs: 1
2959 
#module 177 size: 1 bs: 1
6402 
#module 178 size: 1 bs: 1
5444 
#module 179 size: 1 bs: 1
5921 
#module 180 size: 1 bs: 1
2274 
#module 181 size: 1 bs: 1
2971 
#module 182 size: 1 bs: 1
4244 
#module 183 size: 1 bs: 1
2976 
#module 184 size: 1 bs: 1
6120 
#module 185 size: 1 bs: 1
6085 
#module 186 size: 1 bs: 1
346 
