#module 0 size: 2 bs: 8.9384e-101
2278 4594 
#module 1 size: 2 bs: 1.75352e-101
86 5916 
#module 2 size: 2 bs: 6.20092e-101
96 2681 
#module 3 size: 2 bs: 1.21458e-13
2811 4997 
#module 4 size: 2 bs: 6.47026e-101
3338 5801 
#module 5 size: 4 bs: 5.88646e-101
839 2552 4882 6694 
#module 6 size: 3 bs: 3.00643e-102
701 753 3982 
#module 7 size: 9 bs: 4.53248e-101
17 869 1221 1498 1557 2635 3242 3317 5852 
#module 8 size: 2 bs: 6.63458e-101
1599 6902 
#module 9 size: 3 bs: 7.4835e-101
2953 3971 3981 
#module 10 size: 2 bs: 8.96074e-101
3523 6559 
#module 11 size: 3 bs: 7.62019e-101
171 332 2953 
#module 12 size: 7 bs: 7.24937e-101
157 2448 3082 3675 4060 4970 6529 
#module 13 size: 3 bs: 1.24458e-101
296 4537 5919 
#module 14 size: 3 bs: 8.61348e-101
1376 1888 6299 
#module 15 size: 8 bs: 5.27389e-101
717 728 1000 1053 1236 2184 2286 5324 
#module 16 size: 2 bs: 8.74119e-101
160 3952 
#module 17 size: 8 bs: 6.00577e-101
602 2342 3030 3361 3900 5254 5978 6709 
#module 18 size: 17 bs: 7.64108e-101
743 760 822 1270 1750 2255 3377 3679 3830 3989 4095 4762 4812 5711 5909 6277 6645 
#module 19 size: 2 bs: 9.31084e-101
426 2750 
#module 20 size: 2 bs: 1.86646e-10
1078 3589 
#module 21 size: 5 bs: 6.45415e-101
9 2659 3944 4102 5798 
#module 22 size: 2 bs: 6.83769e-101
5502 6717 
#module 23 size: 2 bs: 1.17596e-102
3996 5709 
#module 24 size: 6 bs: 7.77308e-101
1471 1977 3199 4969 4989 5059 
#module 25 size: 3 bs: 9.33041e-101
917 1664 2576 
#module 26 size: 2 bs: 5.23017e-101
1303 4094 
#module 27 size: 2 bs: 4.29921e-101
1016 1147 
#module 28 size: 4 bs: 4.68057e-101
340 452 670 2050 
#module 29 size: 5 bs: 3.62573e-07
3437 3881 4246 5517 5769 
#module 30 size: 4 bs: 6.78127e-101
1151 3181 4472 6536 
#module 31 size: 3 bs: 3.83747e-101
809 6421 6445 
#module 32 size: 5 bs: 9.36417e-101
1839 2125 2996 3021 5422 
#module 33 size: 3 bs: 6.10623e-15
3724 4005 4105 
#module 34 size: 7 bs: 8.76628e-101
1073 2555 2815 2860 3506 4387 6365 
#module 35 size: 3 bs: 5.44174e-101
175 1310 1941 
#module 36 size: 4 bs: 7.33332e-09
35 457 5140 6562 
#module 37 size: 2 bs: 4.44582e-101
884 5063 
#module 38 size: 2 bs: 9.47233e-101
4715 6723 
#module 39 size: 6 bs: 4.83172e-101
1662 2310 3979 4680 5176 6621 
#module 40 size: 3 bs: 1.41878e-102
3483 4748 5695 
#module 41 size: 2 bs: 7.18192e-101
2581 3915 
#module 42 size: 2 bs: 3.34755e-101
5185 5803 
#module 43 size: 3 bs: 1.13179e-102
2344 4141 6848 
#module 44 size: 3 bs: 9.05394e-102
737 3036 3524 
#module 45 size: 3 bs: 9.2559e-101
3626 4217 5598 
#module 46 size: 2 bs: 3.76759e-101
2312 4321 
#module 47 size: 3 bs: 7.95337e-101
1308 1671 6776 
#module 48 size: 3 bs: 4.10344e-101
3183 3267 6231 
#module 49 size: 32 bs: 1.03449e-10
363 379 424 668 1021 1133 1607 2031 2171 2385 2642 2927 3132 3376 3387 3441 3492 3804 4304 4308 4337 4360 4789 4913 4935 5087 5172 5231 6121 6367 6652 6909 
#module 50 size: 3 bs: 8.79778e-101
2488 2853 3954 
#module 51 size: 2 bs: 4.7107e-101
991 5535 
#module 52 size: 5 bs: 7.39521e-101
615 880 989 4981 5775 
#module 53 size: 3 bs: 4.93238e-101
1995 4027 5193 
#module 54 size: 4 bs: 5.27056e-101
1159 6389 6761 6851 
#module 55 size: 11 bs: 0.00190715
444 813 994 1157 1162 2209 3608 4535 5608 5770 6773 
#module 56 size: 3 bs: 2.76642e-101
1092 1128 4532 
#module 57 size: 6 bs: 5.07105e-101
1178 3739 4342 4358 5941 6341 
#module 58 size: 19 bs: 1.86659e-101
791 886 922 1738 1757 1810 2062 3467 3471 3711 4291 4369 4462 4874 4898 5106 5677 5716 6366 
#module 59 size: 4 bs: 1.19782e-12
3190 3346 3982 5982 
#module 60 size: 3 bs: 2.26553e-101
3491 5377 5877 
#module 61 size: 2 bs: 4.07863e-101
3499 3682 
#module 62 size: 3 bs: 8.47683e-101
2100 4524 5910 
#module 63 size: 3 bs: 9.06254e-101
269 1242 5339 
#module 64 size: 4 bs: 3.77476e-15
110 900 1940 2779 
#module 65 size: 3 bs: 1.66756e-101
695 2193 5868 
#module 66 size: 3 bs: 8.55451e-101
479 839 4718 
#module 67 size: 6 bs: 4.25456e-101
55 2392 2561 3270 6622 6763 
#module 68 size: 8 bs: 2.32525e-101
214 304 683 2716 4139 4238 4271 5221 
#module 69 size: 37 bs: 6.59192e-06
33 117 267 298 418 669 915 1386 1579 1688 1842 2342 2538 2594 2612 2925 3059 3194 3584 3619 3817 4158 4367 4388 4391 4517 4954 4959 5086 5171 5382 5672 5986 6509 6650 6765 6776 
#module 70 size: 5 bs: 5.96283e-101
559 2240 3610 4765 4882 
#module 71 size: 5 bs: 1.83132e-101
1646 3044 3875 5509 5631 
#module 72 size: 3 bs: 7.78652e-101
1740 2088 3626 
#module 73 size: 2 bs: 2.2065e-101
3297 4802 
#module 74 size: 3 bs: 4.47764e-101
953 5573 5725 
#module 75 size: 4 bs: 4.4417e-101
229 338 3187 4342 
#module 76 size: 3 bs: 7.90321e-101
1549 4524 5639 
#module 77 size: 2 bs: 9.06202e-102
3166 4192 
#module 78 size: 4 bs: 9.43939e-101
4271 4891 4955 6498 
#module 79 size: 4 bs: 1.33605e-101
770 2426 3249 6500 
#module 80 size: 6 bs: 3.26033e-101
108 1624 2614 3532 4037 5508 
#module 81 size: 16 bs: 2.432e-07
506 676 1104 1266 1293 1742 2098 2267 2728 3273 3984 4308 4360 5244 5510 6010 
#module 82 size: 3 bs: 2.8724e-101
2122 5392 6069 
#module 83 size: 18 bs: 2.21712e-13
410 1408 1583 1800 1925 2079 2198 2256 2297 2317 2628 3577 4515 4781 5104 5676 5773 6919 
#module 84 size: 13 bs: 1.29053e-101
402 1508 1537 1635 2225 3238 4082 4731 5143 5205 5576 6332 6442 
#module 85 size: 25 bs: 4.74095e-05
1133 1189 1726 1814 1874 1974 2025 2109 2221 2409 2790 3026 3273 3410 3510 4083 4140 4367 4369 4482 4546 5015 5085 5202 6667 
#module 86 size: 45 bs: 0.000413199
41 248 263 284 424 471 661 783 1133 1241 1355 1546 1547 1647 1874 1931 2012 2048 2120 2223 2747 3132 3271 3273 3369 3393 3456 3618 3743 4200 4273 4292 4302 4360 4364 4405 4999 5087 5218 5603 6121 6280 6491 6738 6779 
#module 87 size: 5 bs: 9.33128e-101
3659 4043 5360 6245 6313 
#module 88 size: 12 bs: 8.60462e-101
209 1360 1692 1749 2725 2872 3707 3760 5127 5622 5794 6592 
#module 89 size: 40 bs: 0.00167192
72 408 482 598 1184 1594 1765 1828 1991 2061 2071 2276 2475 2656 2660 2698 2757 2854 2873 3059 3080 3116 3147 3246 3266 3326 3485 3590 3838 3971 4150 4237 4601 5307 5452 5992 6047 6186 6570 6692 
#module 90 size: 56 bs: 2.32864e-07
87 179 374 436 482 483 684 685 808 1251 1433 1542 1588 1643 1707 1742 1827 2093 2179 2302 2324 2878 2898 3079 3184 3441 3522 3575 3708 3817 3820 4017 4101 4135 4197 4305 4459 4517 4558 4712 4880 4906 5012 5078 5134 5307 5571 5898 5914 5934 6244 6423 6504 6541 6590 6817 
#module 91 size: 16 bs: 1.22125e-15
18 385 439 495 590 1393 2324 2412 2486 2577 2674 4056 4460 4888 5356 6567 
#module 92 size: 3 bs: 9.47647e-101
2218 4663 4738 
#module 93 size: 65 bs: 0.0335604
362 513 536 539 727 740 860 997 1146 1213 1257 1272 1470 1679 1680 1859 1886 1893 1931 2057 2284 2452 2495 2540 2729 2816 3014 3017 3100 3125 3148 3216 3243 3438 3652 3669 3834 3848 4151 4168 4581 4731 4935 4962 4970 5050 5340 5375 5396 5411 5593 5886 5920 5993 6056 6157 6429 6431 6491 6546 6627 6643 6731 6760 6859 
#module 94 size: 89 bs: 1.06359e-10
146 186 328 534 607 620 641 664 677 681 689 801 1071 1133 1196 1259 1295 1342 1510 1593 1676 1874 2011 2076 2130 2226 2265 2299 2301 2341 2382 2423 2458 2520 2532 2708 2830 2842 3152 3173 3197 3231 3273 3449 3557 3585 3611 3622 3624 3745 3804 3936 3999 4111 4207 4360 4546 4557 4836 4842 4851 4874 4958 5003 5114 5124 5172 5231 5354 5378 5408 5458 5540 5730 5759 6017 6065 6076 6163 6188 6224 6357 6390 6419 6507 6575 6627 6666 6895 
#module 95 size: 4 bs: 2.22671e-101
61 947 2182 3659 
#module 96 size: 53 bs: 0.00131151
68 145 256 328 388 528 585 641 675 801 1071 1593 1661 1781 1969 1997 2004 2226 2420 2522 2654 2673 2749 3086 3452 3476 3649 3667 3745 3868 3999 4138 4265 4526 4842 4851 5150 5202 5231 5354 5378 5579 5730 5759 5796 5949 6017 6163 6223 6419 6507 6777 6895 
#module 97 size: 10 bs: 8.88375e-06
459 599 817 1887 4163 4874 4898 5629 5677 6269 
#module 98 size: 93 bs: 2.67614e-09
18 142 168 204 209 251 309 395 430 538 766 868 967 1101 1113 1256 1266 1286 1400 1402 1427 1638 1731 1806 1909 1936 2012 2158 2263 2296 2371 2417 2428 2596 2637 2742 2776 2869 2874 2905 3167 3168 3211 3273 3335 3402 3477 3544 3587 3665 3703 3725 3763 3826 3917 3936 3959 3973 3984 4081 4134 4209 4378 4410 4546 4603 4665 4816 4874 4892 4963 4994 5003 5109 5127 5128 5141 5197 5218 5456 5490 5524 5758 6002 6015 6028 6064 6081 6225 6283 6602 6710 6753 
#module 99 size: 10 bs: 0.786511
417 1029 2609 3598 4395 4723 5471 5832 6052 6802 
#module 100 size: 132 bs: 0.156202
82 144 147 257 366 412 428 553 639 645 659 776 779 797 807 840 848 862 901 902 904 927 975 1049 1083 1085 1165 1314 1320 1461 1479 1559 1567 1572 1601 1699 1720 1858 1896 1926 2018 2091 2212 2379 2419 2442 2483 2587 2644 2667 2825 2840 2891 2975 2999 3260 3383 3415 3429 3432 3481 3545 3555 3686 3716 3733 3768 3822 3877 4065 4074 4145 4148 4257 4350 4353 4381 4461 4506 4604 4631 4642 4647 4678 4679 4717 4791 4850 4854 5029 5030 5070 5165 5187 5267 5277 5279 5305 5328 5349 5645 5661 5681 5723 5815 5828 5842 5947 5967 5976 6039 6062 6083 6185 6198 6241 6334 6395 6427 6428 6456 6485 6503 6526 6545 6589 6610 6618 6625 6676 6730 6826 
#module 101 size: 71 bs: 0.636427
75 118 163 245 394 414 731 891 1023 1035 1069 1202 1472 1489 1501 1533 1700 1771 1891 1947 1978 2028 2145 2166 2366 2464 2631 2675 2917 2929 2959 3043 3158 3289 3295 3320 3355 3406 3414 3455 3632 3637 3689 3749 3791 3809 3864 4156 4176 4215 4228 4590 4617 4639 4651 4719 4879 5009 5055 5121 5788 5843 5857 5873 6071 6139 6248 6290 6336 6449 6900 
#module 102 size: 7 bs: 0.337509
938 1745 1955 3112 4901 5565 5957 
#module 103 size: 5 bs: 0.907869
3085 5209 5712 5822 6352 
#module 104 size: 13 bs: 0.215378
20 640 1848 2571 2866 3136 3827 3917 4419 4481 4936 5800 6459 
#module 105 size: 3 bs: 0.835081
135 4295 6182 
#module 106 size: 40 bs: 0.555613
162 370 762 889 1027 1206 1373 1456 1589 1693 1770 2005 2437 2524 2765 2857 2988 3120 3126 3257 3282 3928 3968 3997 4154 4692 4932 4990 5312 5414 5659 5732 5850 5929 6215 6474 6629 6671 6714 6838 
#module 107 size: 24 bs: 0.743452
149 344 738 1067 1798 1905 2159 2232 2293 2735 2797 3024 3092 3155 4004 4063 4073 4592 4800 4942 5325 6001 6016 6382 
#module 108 size: 3 bs: 0.942286
688 2720 5702 
#module 109 size: 5 bs: 0.378887
569 1901 2858 5369 6476 
#module 110 size: 9 bs: 0.639383
370 672 1032 2190 3047 5548 5810 6444 6793 
#module 111 size: 10 bs: 0.471816
101 1783 2333 3470 3573 4733 5198 5834 5848 6815 
#module 112 size: 3 bs: 0.349107
1068 3773 3776 
#module 113 size: 5 bs: 0.156564
647 2788 3866 4407 5233 
#module 114 size: 42 bs: 0.802554
10 218 290 393 735 775 974 1019 1088 1373 1384 1410 1570 1693 1712 1895 1922 2081 2354 2558 2608 3221 3299 3397 3400 3925 3957 4202 4280 4425 4490 4588 4886 4924 5217 5653 5688 5840 6193 6634 6701 6774 
#module 115 size: 14 bs: 0.152446
133 617 792 1005 1135 1732 2103 2285 2410 2881 3227 4628 5026 6578 
#module 116 size: 5 bs: 1.00799
1119 1273 4126 4528 4860 
#module 117 size: 8 bs: 0.389273
981 1870 3010 3198 3891 3972 4900 6576 
#module 118 size: 8 bs: 0.605475
1412 2224 3342 3559 4821 4853 5754 6482 
#module 119 size: 4 bs: 0.325919
1952 5549 6486 6843 
#module 120 size: 5 bs: 0.512877
563 1258 2222 2864 5849 
#module 121 size: 3 bs: 0.797062
2754 3327 6124 
#module 122 size: 4 bs: 0.372248
2793 2950 3586 4934 
#module 123 size: 3 bs: 0.962264
2408 3002 4763 
#module 124 size: 4 bs: 1.00504
226 909 1121 5957 
#module 125 size: 10 bs: 0.265449
819 928 1867 2497 4006 4015 4245 4424 4815 5939 
#module 126 size: 5 bs: 0.59022
2356 3169 3206 4403 4418 
#module 127 size: 22 bs: 0.401511
50 127 644 1081 1474 1915 2099 2165 2682 2986 3507 3578 4121 4225 4377 4556 4615 5019 5544 6425 6780 6839 
#module 128 size: 8 bs: 0.289603
1280 1299 1365 2474 3765 4044 5255 5671 
#module 129 size: 7 bs: 0.842719
2336 3096 3198 3526 4914 5493 5901 
#module 130 size: 4 bs: 0.279145
1106 2862 3322 4384 
#module 131 size: 9 bs: 0.300544
116 706 970 1329 3472 4519 6261 6462 6673 
#module 132 size: 7 bs: 0.404354
17 19 282 321 1209 2625 6705 
#module 133 size: 10 bs: 0.88001
392 1352 2125 2343 2433 3262 3312 4066 4676 5504 
#module 134 size: 6 bs: 1.05561
3975 4770 4870 5995 6712 6860 
#module 135 size: 10 bs: 0.423752
227 1690 3427 4240 5145 5371 6098 6125 6799 6888 
#module 136 size: 4 bs: 1.00128
724 756 2636 5889 
#module 137 size: 7 bs: 0.513348
2283 3423 3463 3919 5903 6242 6521 
#module 138 size: 18 bs: 0.975036
579 1199 1583 1711 2035 2106 2191 2195 2535 2706 3319 3677 4013 4677 4798 4846 5546 6018 
#module 139 size: 29 bs: 0.838534
42 173 443 822 1316 1617 1619 1927 1931 2054 2369 2427 2633 2845 2983 3072 3131 3197 3208 3777 4161 4576 4691 5354 5563 5728 6339 6425 6812 
#module 140 size: 9 bs: 0.755909
57 3115 3253 3599 4253 4681 5174 5533 6203 
#module 141 size: 10 bs: 1.0684
81 508 1188 2200 3247 4109 5603 5683 6059 6732 
#module 142 size: 10 bs: 0.297843
249 1159 1736 1861 2087 2653 3151 3412 3416 4088 
#module 143 size: 3 bs: 0.60567
386 2298 4838 
#module 144 size: 11 bs: 0.190703
746 1440 2136 2694 2755 3234 3913 4190 4560 5169 5281 
#module 145 size: 4 bs: 0.725027
213 5975 6636 6722 
#module 146 size: 8 bs: 0.986939
614 2078 3068 3175 3775 4326 5230 5952 
#module 147 size: 4 bs: 0.145834
1660 3500 5829 5841 
#module 148 size: 7 bs: 0.267247
61 876 981 3354 3574 3914 5455 
#module 149 size: 3 bs: 0.635481
250 2477 6557 
#module 150 size: 6 bs: 0.529442
1321 2563 2670 5265 5400 6074 
#module 151 size: 6 bs: 0.634732
784 3445 3639 4586 5309 6687 
#module 152 size: 12 bs: 0.187522
530 752 758 1436 2503 2549 3025 3774 3995 4306 5201 6301 
#module 153 size: 6 bs: 1.02439
919 1665 2064 4710 5162 6828 
#module 154 size: 3 bs: 0.6246
623 4281 5337 
#module 155 size: 8 bs: 0.707735
391 871 1582 1752 1959 3032 3534 6510 
#module 156 size: 7 bs: 0.172077
856 1459 1532 4600 4708 5186 5663 
#module 157 size: 30 bs: 0.858706
419 592 619 976 1304 1351 1363 1451 1525 2180 2282 2325 2528 2668 3161 4118 4152 4232 4447 4755 5006 5286 5352 5418 5427 5738 5783 6259 6422 6496 
#module 158 size: 11 bs: 0.48999
593 638 773 1957 2269 4756 4908 5553 5942 6560 6851 
#module 159 size: 20 bs: 0.529469
117 200 316 521 732 746 996 1758 2516 2544 3175 3605 4174 4338 4360 4439 4450 5005 5655 6467 
#module 160 size: 15 bs: 0.906286
843 1096 2053 2281 2319 2618 3028 3259 3883 4668 4753 4881 5561 6312 6556 
#module 161 size: 11 bs: 0.757908
2598 2796 3045 3224 3374 3696 3812 5019 5802 6129 6849 
#module 162 size: 11 bs: 0.146747
247 604 1789 2105 2198 2613 2768 3931 4379 5839 5862 
#module 163 size: 14 bs: 0.326699
472 1195 1422 2902 3537 3597 4160 4266 4406 4671 5334 5795 6003 6737 
#module 164 size: 3 bs: 0.902028
1397 1846 4038 
#module 165 size: 6 bs: 0.159567
271 3571 3615 3672 5573 6770 
#module 166 size: 9 bs: 0.898765
339 747 1469 3758 3828 4053 4097 4318 5368 
#module 167 size: 27 bs: 0.851969
153 384 543 734 793 890 1020 1297 1326 1390 1865 1897 1980 2654 2702 3252 3562 4388 4495 4919 5350 5461 5892 6093 6378 6633 6674 
#module 168 size: 7 bs: 0.351687
172 1329 3949 4287 4793 5125 6721 
#module 169 size: 22 bs: 0.722243
181 656 1107 1167 1186 1285 1349 1535 2337 2420 2969 3408 3685 3722 3736 4714 4806 5532 5752 5987 6255 6331 
#module 170 size: 9 bs: 0.554504
169 2890 3058 3122 3450 4136 5541 5817 6713 
#module 171 size: 10 bs: 0.300132
805 1548 1658 2650 3201 3210 4736 5301 5453 5616 
#module 172 size: 21 bs: 0.158327
305 1315 1755 1976 2460 2823 3042 3073 3136 3818 3994 4185 4414 4799 5045 5122 5158 5307 6032 6075 6455 
#module 173 size: 5 bs: 0.895576
2438 3157 4441 6375 6695 
#module 174 size: 4 bs: 0.424128
3083 3663 5927 5944 
#module 175 size: 14 bs: 0.576438
207 264 2143 2217 3505 3527 3908 4029 4221 4573 4684 4764 6108 6532 
#module 176 size: 15 bs: 0.484167
131 926 1116 1229 1409 1717 2634 3476 3600 3704 4024 5650 5672 5946 6454 
#module 177 size: 23 bs: 0.291999
83 524 1109 1226 1722 1779 1827 1838 2124 2139 2196 2462 2927 3494 3539 4049 4391 4529 4629 5218 5513 5737 5914 
#module 178 size: 8 bs: 0.877084
719 1221 2022 2580 2763 4283 4933 6574 
#module 179 size: 6 bs: 0.812461
3108 3235 4108 4203 5403 5851 
#module 180 size: 5 bs: 0.732174
2172 2987 3223 3318 3964 
#module 181 size: 12 bs: 0.139588
112 311 503 940 1025 1509 1856 2991 4544 5853 6038 6447 
#module 182 size: 6 bs: 0.55868
152 906 3040 4478 5355 5651 
#module 183 size: 6 bs: 0.923727
577 1002 1527 1634 4075 6669 
#module 184 size: 26 bs: 0.984998
222 289 293 424 603 875 1590 1622 1698 1777 2245 2260 2985 3001 3135 3660 3859 4090 4689 4795 4921 5179 6013 6263 6599 6901 
#module 185 size: 6 bs: 0.278258
136 1735 3932 4825 5377 6614 
#module 186 size: 8 bs: 0.586245
192 1281 1841 2444 2470 3141 4635 5136 
#module 187 size: 10 bs: 0.243936
1070 1115 1817 2114 3770 3930 4667 4711 5073 5733 
#module 188 size: 6 bs: 0.902009
1385 1983 5600 5726 5874 6211 
#module 189 size: 6 bs: 0.466432
1024 1618 4701 5809 6055 6711 
#module 190 size: 36 bs: 0.11721
283 387 481 555 733 937 1556 2015 2120 2127 2792 2903 3020 3071 3132 3200 3324 3535 3636 3712 3941 4304 4405 4439 4470 4832 4913 5127 5450 5503 5543 6000 6015 6082 6121 6262 
#module 191 size: 10 bs: 0.962385
125 2125 2333 2398 3805 3899 4334 5494 5750 6207 
#module 192 size: 14 bs: 0.127477
176 658 1238 1293 2170 2183 2305 2620 3052 3580 4009 4882 6386 6626 
#module 193 size: 14 bs: 0.547576
47 106 189 301 736 1591 2673 2676 4173 4184 4967 5373 5823 6919 
#module 194 size: 9 bs: 0.764819
459 1565 2120 2365 3216 3346 4386 6515 6659 
#module 195 size: 17 bs: 0.317587
718 1718 1751 3033 3121 3366 3642 3764 4325 4758 5284 5537 5866 5887 6045 6440 6832 
#module 196 size: 21 bs: 1.08195
686 1012 1082 1166 1220 1650 1678 1942 2349 2733 2758 2766 2976 3087 3565 4127 4208 4652 5023 5642 6191 
#module 197 size: 12 bs: 1.09523
575 1621 1844 2209 3013 3129 3387 4630 5481 5966 5979 6544 
#module 198 size: 10 bs: 1.08369
745 2543 2578 2624 3503 4147 4497 5745 6452 6456 
#module 199 size: 5 bs: 0.667489
1008 1880 5287 5780 6238 
#module 200 size: 15 bs: 1.02329
45 195 611 633 930 1335 1719 2110 2471 3165 4314 4493 4499 6213 6858 
#module 201 size: 17 bs: 0.428636
397 494 984 1388 1684 1695 2676 2819 3130 4912 5146 5152 5505 5742 5744 5959 6623 
#module 202 size: 3 bs: 0.507193
3939 4366 6908 
#module 203 size: 7 bs: 0.66266
4039 4527 5632 5719 6293 6794 6848 
#module 204 size: 18 bs: 0.316021
193 334 824 1727 1748 1904 2003 2045 2347 3056 3508 3950 4219 5224 5232 5303 5686 5878 
#module 205 size: 9 bs: 0.237892
1051 2704 3421 4107 4777 5291 5701 5908 6825 
#module 206 size: 12 bs: 0.143857
227 278 372 789 1704 1884 4104 4351 5464 5536 6406 6645 
#module 207 size: 20 bs: 0.251113
421 542 671 1058 1148 1890 2007 2067 3596 3779 4502 4922 5419 5786 5962 5963 6178 6499 6655 6870 
#module 208 size: 9 bs: 0.110535
148 235 1724 2029 3461 3845 4579 4662 4907 
#module 209 size: 4 bs: 0.679237
1114 1416 2718 4012 
#module 210 size: 8 bs: 1.03515
519 1519 1741 4230 5117 5144 5329 6480 
#module 211 size: 5 bs: 0.168708
6 1759 2185 4205 5910 
#module 212 size: 10 bs: 0.766094
1141 1306 1756 2135 2691 3134 5132 5575 5674 5699 
#module 213 size: 11 bs: 0.2692
896 977 1010 1179 1592 1816 2300 2602 4057 5696 5740 
#module 214 size: 5 bs: 0.122403
3269 3358 4352 5602 5769 
#module 215 size: 13 bs: 0.103626
1089 1335 2432 2722 2945 2958 3027 3388 3403 3781 4780 5032 6237 
#module 216 size: 79 bs: 0.556669
22 25 34 62 80 210 230 233 347 356 425 454 526 531 785 814 914 1018 1227 1260 1276 1502 1541 1564 1573 1620 1652 1956 2068 2203 2359 2604 2619 2648 2769 2849 2867 2879 2885 2904 3034 3137 3139 3254 3331 3356 3420 3469 3710 3798 3886 4179 4198 4376 4429 4675 4694 4809 4873 5089 5207 5257 5266 5342 5572 5698 5937 5973 6183 6200 6251 6335 6525 6565 6568 6597 6726 6775 6780 
#module 217 size: 9 bs: 0.366643
630 710 2339 3128 3314 3676 4776 4794 5954 
#module 218 size: 3 bs: 0.518574
913 5861 6641 
#module 219 size: 5 bs: 0.812195
810 1377 2162 2533 6573 
#module 220 size: 24 bs: 0.45037
835 1324 1483 1735 1855 2046 2198 2206 2345 2491 2787 2865 3671 4331 4507 4570 4774 4811 4839 4847 4948 6085 6393 6555 
#module 221 size: 12 bs: 0.142391
105 208 1291 1835 3228 3787 4116 4613 5626 6042 6117 6531 
#module 222 size: 7 bs: 0.148393
741 1606 4250 6341 6363 6566 6619 
#module 223 size: 10 bs: 0.41407
99 556 1999 2153 3174 3572 4392 6134 6391 6685 
#module 224 size: 9 bs: 1.03443
811 941 1057 3310 4132 4293 4739 5184 6246 
#module 225 size: 25 bs: 0.411334
113 206 538 898 1046 1080 1081 1637 1822 1823 2466 2847 3202 3443 3454 3904 4221 4401 4540 5197 5227 5241 5860 6433 6520 
#module 226 size: 3 bs: 0.190656
1813 2020 6719 
#module 227 size: 9 bs: 0.402288
2040 2946 3446 3874 4047 4276 4890 5001 6703 
#module 228 size: 12 bs: 0.528537
633 719 2803 2835 3279 3366 4218 4458 4498 4686 4752 6254 
#module 229 size: 7 bs: 1.0503
1254 2147 2216 2251 3614 4251 6374 
#module 230 size: 9 bs: 0.164839
371 409 1841 2121 2886 4609 5186 6041 6049 
#module 231 size: 3 bs: 0.809062
2038 3723 4768 
#module 232 size: 17 bs: 0.917092
21 243 381 466 588 699 778 1979 3051 3496 3937 4254 6051 6389 6547 6791 6813 
#module 233 size: 8 bs: 0.5874
1134 2176 3268 4069 4817 5111 5258 5680 
#module 234 size: 4 bs: 0.840371
1215 2601 2756 6524 
#module 235 size: 7 bs: 1.07608
2509 2933 3178 3856 4002 4861 6759 
#module 236 size: 5 bs: 0.101884
1634 2610 4119 5901 6120 
#module 237 size: 9 bs: 0.125489
307 1929 2055 2568 3074 3912 5051 6308 6521 
#module 238 size: 8 bs: 0.567303
434 1278 1713 1808 2657 4030 4456 5137 
#module 239 size: 6 bs: 0.913226
512 721 1381 3688 4333 4454 
#module 240 size: 6 bs: 0.294225
461 1288 1826 3290 5211 5751 
#module 241 size: 5 bs: 0.11095
1115 1939 3430 3662 5968 
#module 242 size: 8 bs: 0.854706
842 939 1729 1746 2562 4917 5942 6845 
#module 243 size: 8 bs: 0.897155
520 1602 2715 3298 3965 4309 5206 5253 
#module 244 size: 5 bs: 0.456795
313 4023 5072 5640 6343 
#module 245 size: 16 bs: 0.355679
411 586 816 1238 1734 2039 2384 2679 3498 4786 5377 5515 6034 6356 6613 6724 
#module 246 size: 7 bs: 0.725718
1434 2829 3372 4081 4344 4898 5624 
#module 247 size: 5 bs: 0.13703
874 2230 2291 4042 6549 
#module 248 size: 7 bs: 0.69886
1317 1631 2308 3099 3759 4645 6397 
#module 249 size: 5 bs: 1.02593
102 134 1407 1455 4467 
#module 250 size: 5 bs: 0.661731
2377 3730 4103 5100 5383 
#module 251 size: 6 bs: 0.654476
1062 1536 1945 2914 4636 5720 
#module 252 size: 6 bs: 0.515814
1531 1642 2070 4501 5296 6548 
#module 253 size: 24 bs: 0.561004
128 439 799 989 1079 1547 1722 1961 1986 2179 2612 3023 3156 3369 3619 3640 3892 4391 4397 4530 4787 5530 5629 6738 
#module 254 size: 26 bs: 0.892847
155 319 490 782 992 1677 1768 1862 2188 2418 2550 3371 3563 3670 3679 3687 4051 4801 4803 4864 5074 5358 5420 5462 5635 6162 
#module 255 size: 17 bs: 0.485437
599 715 791 1262 1694 1887 2311 2700 2782 3143 3903 4163 4462 4874 5261 5716 6471 
#module 256 size: 13 bs: 0.278015
1388 1544 2167 2435 2822 2963 3365 4641 4904 5550 5782 6011 6715 
#module 257 size: 12 bs: 0.376788
181 558 831 1230 2425 2576 2896 3630 3807 4992 6058 6304 
#module 258 size: 21 bs: 1.07972
322 1143 1230 1268 1804 1968 2290 2315 2532 2536 2848 3621 3807 3906 4504 4926 4992 5159 6304 6523 6678 
#module 259 size: 21 bs: 0.183221
24 472 879 1216 1318 1615 1919 2000 2316 2882 3124 3245 3404 3826 3897 4146 4201 4216 4994 5758 6035 
#module 260 size: 11 bs: 0.797255
532 1130 1298 1902 2655 2723 3251 3944 4339 6023 6600 
#module 261 size: 50 bs: 0.853201
254 525 528 729 1203 1319 1356 1430 1872 1917 1968 2056 2106 2261 2295 2391 2406 2449 2566 2572 2622 2680 2709 2852 2855 2887 3081 3110 3130 3218 3248 3364 3390 3557 3656 3869 4059 4096 4430 4530 4895 5079 5430 5574 5759 5846 6089 6153 6698 6879 
#module 262 size: 4 bs: 0.376912
2023 2234 4372 5252 
#module 263 size: 4 bs: 0.597219
352 1060 2888 6690 
#module 264 size: 9 bs: 0.101608
612 1231 1334 1783 2603 2651 5703 6040 6654 
#module 265 size: 5 bs: 0.315736
522 979 3466 3884 4539 
#module 266 size: 6 bs: 0.699173
573 3011 3345 3882 6070 6584 
#module 267 size: 10 bs: 0.810879
550 802 1170 1417 2509 3029 3634 4624 5200 5896 
#module 268 size: 3 bs: 0.134368
2997 5167 6735 
#module 269 size: 4 bs: 0.344522
2511 2745 3363 3644 
#module 270 size: 4 bs: 1.05712
300 302 2883 5936 
#module 271 size: 13 bs: 0.381948
528 837 847 1780 2094 3446 3553 4002 4593 4865 5636 5911 6210 
#module 272 size: 12 bs: 0.656217
297 317 548 583 2185 2685 3278 4408 5047 5522 6266 6631 
#module 273 size: 8 bs: 1.0691
120 2778 2990 3737 4226 4436 5313 6025 
#module 274 size: 8 bs: 1.07716
1176 2117 2669 2783 3629 4718 5058 5095 
#module 275 size: 9 bs: 0.489253
2084 2814 3920 4317 5526 5869 6229 6591 6704 
#module 276 size: 8 bs: 0.584531
2006 2411 3440 3620 3764 4477 6116 6542 
#module 277 size: 77 bs: 1.0882
43 97 234 270 350 499 893 969 1047 1097 1120 1142 1164 1237 1301 1332 1368 1411 1475 1512 1543 1558 1785 1967 1989 2016 2072 2119 2229 2306 2323 2328 2332 2407 2534 2607 2964 3091 3097 3392 3457 3458 3839 4122 4319 4444 4479 4489 4657 4699 4713 4729 4732 4790 4867 5036 5084 5107 5285 5315 5588 5615 5739 5760 5791 5814 5985 6029 6138 6285 6294 6399 6481 6605 6822 6883 6923 
#module 278 size: 5 bs: 1.02288
291 4925 5280 5687 6067 
#module 279 size: 7 bs: 0.54943
1275 1626 1902 1994 2402 2973 6394 
#module 280 size: 26 bs: 0.678277
353 836 1117 1460 1799 2008 2273 2459 2553 3031 3046 3226 3335 3376 4211 4394 4400 4995 5021 5075 5082 5220 5563 6048 6801 6847 
#module 281 size: 23 bs: 0.692125
468 475 1378 1655 1918 1971 2044 2059 2421 2468 2800 2978 3095 3125 3419 3858 3947 4050 4058 6148 6479 6766 6869 
#module 282 size: 11 bs: 0.5327
132 554 1248 2686 3459 3796 4181 4500 5447 6376 6508 
#module 283 size: 7 bs: 0.715183
1129 1296 2186 2358 4203 4869 5216 
#module 284 size: 5 bs: 1.05985
648 2132 2697 3538 4075 
#module 285 size: 6 bs: 1.08228
1382 3179 3180 4514 5243 5961 
#module 286 size: 6 bs: 0.673776
587 1159 4943 5517 5942 6212 
#module 287 size: 15 bs: 0.920812
450 557 1157 2146 2214 3129 3300 3473 3513 5617 5715 6123 6177 6264 6727 
#module 288 size: 31 bs: 0.837261
534 1307 1588 1819 1863 1910 1964 2136 2828 3050 3195 3418 3970 3976 4017 4092 4134 4164 4173 4247 4274 4304 4323 4415 5117 5328 5628 6048 6073 6342 6806 
#module 289 size: 10 bs: 0.404964
185 725 863 2095 2897 2966 3680 3806 4989 6179 
#module 290 size: 7 bs: 0.483997
139 1217 3285 3651 4660 5018 5412 
#module 291 size: 11 bs: 0.887727
1001 1647 1772 2343 3531 3909 4054 4055 4312 5558 6790 
#module 292 size: 6 bs: 0.310022
3113 3684 3881 6308 6506 6778 
#module 293 size: 5 bs: 0.171132
3261 3394 4311 4833 5037 
#module 294 size: 12 bs: 0.739723
242 442 510 915 2238 2361 3185 3850 5188 6234 6346 6862 
#module 295 size: 5 bs: 1.00742
398 537 1834 3188 5479 
#module 296 size: 7 bs: 0.522185
530 2137 4041 5135 5272 5348 6181 
#module 297 size: 14 bs: 0.712864
673 1181 1305 1571 1811 2069 2594 4017 4053 4223 4826 5024 6187 6347 
#module 298 size: 4 bs: 0.302618
474 1935 3219 3411 
#module 299 size: 5 bs: 0.772435
3825 5884 6392 6451 6876 
#module 300 size: 8 bs: 0.302146
389 1784 2808 3250 4019 4053 5245 6796 
#module 301 size: 5 bs: 0.376579
1156 3627 5423 6053 6583 
#module 302 size: 7 bs: 0.642576
323 941 1158 4773 4782 4887 5664 
#module 303 size: 10 bs: 0.981168
921 1077 1574 1689 1818 3800 4518 4648 5053 6046 
#module 304 size: 11 bs: 1.07479
973 1225 3144 3285 3385 3396 3524 4705 4716 4872 6581 
#module 305 size: 15 bs: 1.04878
463 622 1924 2032 2415 2677 2913 3143 3819 3896 4117 5638 5785 6202 6528 
#module 306 size: 15 bs: 0.856683
319 582 696 774 867 1793 1988 2274 3127 4174 4526 4760 6518 6582 6725 
#module 307 size: 13 bs: 0.184978
289 1671 2155 2189 2202 2484 3567 4199 4504 4893 5298 5331 5767 
#module 308 size: 11 bs: 0.95896
470 547 597 1581 1767 1937 2944 3922 4235 4720 4849 
#module 309 size: 9 bs: 0.315383
826 968 1302 1362 1612 2210 5451 5797 6118 
#module 310 size: 23 bs: 0.159583
156 348 1126 1316 1778 2003 2120 2369 2633 2671 2850 2878 3377 3647 4407 4608 4874 5693 5804 5912 6010 6321 6425 
#module 311 size: 3 bs: 0.324711
1794 2340 5033 
#module 312 size: 16 bs: 0.742644
281 780 1663 2106 2191 2198 2301 2575 2598 4006 4390 4469 4653 5597 6050 6328 
#module 313 size: 14 bs: 1.04574
571 1338 1682 2169 2355 3784 4167 4413 4627 5424 5933 5958 6292 6569 
#module 314 size: 17 bs: 0.551085
226 301 338 667 763 1653 1903 2219 2493 2527 3170 3276 3529 3658 4345 5926 5998 
#module 315 size: 9 bs: 0.467378
632 2482 3114 3301 4171 4797 5393 6561 6910 
#module 316 size: 24 bs: 1.01324
45 316 402 439 754 1428 1836 2123 2345 2471 2813 2900 3142 3167 3539 3540 3715 3893 4015 4491 5068 5887 6293 6627 
#module 317 size: 10 bs: 0.342511
301 674 1042 1267 3107 4233 4792 5060 5344 6488 
#module 318 size: 4 bs: 0.403709
3847 4113 5718 6513 
#module 319 size: 4 bs: 0.875436
90 1361 4166 6639 
#module 320 size: 7 bs: 0.134749
308 505 2441 3790 4048 6137 6522 
#module 321 size: 7 bs: 0.116442
966 1173 2632 4180 5409 6296 6740 
#module 322 size: 3 bs: 0.793296
618 4370 6756 
#module 323 size: 9 bs: 0.807412
663 2173 3451 3962 5007 5110 5364 6250 6792 
#module 324 size: 16 bs: 1.08526
58 286 308 397 1370 1420 1932 2131 2926 3370 4525 5219 5278 5397 5473 6758 
#module 325 size: 7 bs: 0.167096
109 171 666 1265 3258 4258 6383 
#module 326 size: 7 bs: 0.570174
2479 2552 2777 5980 6044 6478 6551 
#module 327 size: 10 bs: 0.852174
632 1575 2454 2472 2678 4102 4299 4555 4609 6844 
#module 328 size: 14 bs: 0.965318
365 562 1708 2910 2939 3792 3918 4688 4740 5984 6398 6430 6505 6586 
#module 329 size: 6 bs: 0.113179
1673 2383 3426 4246 4848 5668 
#module 330 size: 7 bs: 0.247623
448 1022 2739 4021 5212 5827 6764 
#module 331 size: 19 bs: 0.711528
171 246 1833 1877 1892 2228 3064 3213 4330 4332 4359 4649 5341 5421 5478 5731 5795 6383 6585 
#module 332 size: 5 bs: 0.642179
9 1450 2471 5591 6693 
#module 333 size: 8 bs: 0.542644
869 1687 1981 2027 2703 4128 4700 6827 
#module 334 size: 32 bs: 0.418832
299 460 610 761 1180 1414 1639 1670 1864 1925 1929 1993 2142 2415 2461 2600 2831 2884 3086 3098 3119 3487 3560 3819 4072 4515 5294 5658 6077 6506 6741 6880 
#module 335 size: 5 bs: 0.760631
945 1095 3209 4387 6267 
#module 336 size: 8 bs: 0.304132
1137 2714 3601 4589 5416 5675 6796 6856 
#module 337 size: 6 bs: 0.4812
141 2752 4422 4634 5972 6673 
#module 338 size: 9 bs: 0.871335
804 1238 1365 1830 2380 2906 4423 6361 6661 
#module 339 size: 14 bs: 0.48068
46 812 1084 1350 1366 2614 3140 3171 3447 3472 3662 3713 4987 5856 
#module 340 size: 16 bs: 0.279049
846 1733 1773 1970 3690 4172 4365 4368 4426 4545 4871 5496 5746 5830 6189 6436 
#module 341 size: 8 bs: 0.725908
116 405 1252 1263 1495 2074 2161 3860 
#module 342 size: 4 bs: 0.206633
276 464 3489 4290 
#module 343 size: 13 bs: 0.767994
26 396 1208 1312 2443 2579 2934 3691 4547 5269 5858 6411 6492 
#module 344 size: 17 bs: 0.96161
72 142 320 642 709 1197 1473 1647 3393 4730 4884 5293 5555 5618 5922 6141 6381 
#module 345 size: 8 bs: 0.532665
827 2034 2440 2863 2906 3576 4449 6637 
#module 346 size: 8 bs: 0.870244
91 357 540 1365 3280 4064 4951 6272 
#module 347 size: 7 bs: 0.249138
119 947 1048 2672 3985 4014 4543 
#module 348 size: 6 bs: 0.327049
2181 2404 4375 6092 6231 6601 
#module 349 size: 7 bs: 0.653829
678 1102 1553 4623 5519 6886 6913 
#module 350 size: 7 bs: 0.488405
89 375 473 1787 4398 5516 6694 
#module 351 size: 4 bs: 1.05008
720 1809 1949 2627 
#module 352 size: 13 bs: 0.464669
690 1091 1552 1985 2630 3879 4331 4428 4545 4783 5620 5948 6866 
#module 353 size: 17 bs: 0.246603
184 1625 2157 2480 2514 2584 2817 3497 3520 3521 3593 3734 3967 4252 5366 6450 6461 
#module 354 size: 18 bs: 0.845266
165 449 606 1876 2481 2621 3105 3357 3699 3815 4110 4520 5650 5865 5996 6026 6473 6608 
#module 355 size: 13 bs: 0.766263
613 1073 1158 1561 2431 2911 3333 4622 5086 5246 5590 5849 6086 
#module 356 size: 22 bs: 0.944384
76 112 584 636 700 870 1811 2708 2991 2995 3512 3832 4269 4305 4597 4788 5161 5443 5846 6188 6348 6607 
#module 357 size: 10 bs: 0.835684
872 1158 2362 2780 3993 5282 5456 5528 5563 6320 
#module 358 size: 14 bs: 0.763793
4 1428 1554 1908 2565 2613 3438 3561 3644 4026 4437 4868 5454 6104 
#module 359 size: 7 bs: 0.626966
1305 1603 3004 3274 3660 5446 6416 
#module 360 size: 9 bs: 0.998771
1415 3133 4006 4475 4917 5778 5875 6080 6208 
#module 361 size: 17 bs: 0.850565
38 360 683 1337 1505 1965 2892 2992 3693 3695 4030 4139 5262 5270 5435 5444 6355 
#module 362 size: 14 bs: 0.190875
972 1465 1477 1555 1801 2734 3332 3829 4178 4563 4876 5317 5340 6113 
#module 363 size: 73 bs: 0.724715
36 53 60 161 237 420 446 591 616 711 750 787 834 864 948 990 1095 1142 1187 1442 1491 1506 1578 1805 1882 1989 2128 2160 2249 2385 2795 3057 3069 3118 3145 3186 3379 3401 3525 3604 3705 4123 4130 4186 4191 4204 4210 4256 4444 4457 4494 4699 4720 4759 4823 4834 5027 5228 5321 5323 5367 5372 5527 5615 5649 5739 5764 5921 5991 6160 6270 6295 6605 
#module 364 size: 6 bs: 0.551221
565 935 3727 4453 5552 6800 
#module 365 size: 33 bs: 0.205914
45 51 85 171 201 310 367 501 635 675 788 1207 1413 1556 1923 1993 2522 2791 3075 3103 3222 3936 3978 4345 4408 5054 5288 5540 5607 6317 6320 6354 6533 
#module 366 size: 20 bs: 0.359519
1569 2209 2443 2785 2877 3387 3664 3692 4354 4362 4547 4550 4661 5116 5236 5500 5762 6300 6332 6760 
#module 367 size: 10 bs: 0.707198
317 518 854 892 2876 3117 4243 4270 4583 5699 
#module 368 size: 14 bs: 0.107245
108 540 1259 1916 2373 3532 3540 3817 4080 4213 4564 5039 5496 6119 
#module 369 size: 5 bs: 0.506039
1128 1628 2083 2350 3766 
#module 370 size: 16 bs: 0.968562
712 970 1003 1375 2042 2226 3413 3519 3697 3729 4531 4996 5457 5611 6518 6534 
#module 371 size: 6 bs: 0.94465
289 803 1306 1362 1580 5584 
#module 372 size: 7 bs: 0.433964
1671 2047 3296 3623 5130 5551 6787 
#module 373 size: 4 bs: 0.227261
9 818 1614 2841 
#module 374 size: 11 bs: 0.860216
126 489 1703 2689 3284 3329 4284 4298 4566 4916 6197 
#module 375 size: 8 bs: 0.166078
994 1737 2641 2832 3633 3767 4920 6747 
#module 376 size: 4 bs: 1.07456
828 899 5357 6072 
#module 377 size: 22 bs: 0.682871
285 523 541 628 986 1238 1274 1860 1928 2338 2375 2492 3367 3498 4591 4986 5178 5248 5644 6166 6364 6811 
#module 378 size: 11 bs: 0.641567
130 703 744 1744 1817 2019 2786 3484 4979 5491 5808 
#module 379 size: 11 bs: 0.599926
23 552 1026 1250 1354 2505 2595 4928 5067 5931 6088 
#module 380 size: 14 bs: 0.288345
716 1437 1781 1993 2041 3090 3594 3658 3820 4086 4183 4336 4468 6164 
#module 381 size: 11 bs: 0.241079
830 1190 1786 1963 3362 4504 4659 4975 5076 5484 6617 
#module 382 size: 27 bs: 0.398195
697 1542 1643 2011 2093 2123 2179 2395 2523 2967 3146 3411 3417 3646 3849 4415 4821 4930 4974 5182 5487 5672 5982 6005 6116 6662 6708 
#module 383 size: 6 bs: 0.118967
882 1392 2021 2220 3308 3986 
#module 384 size: 13 bs: 0.6071
447 934 1807 3237 4137 4440 4503 4976 5488 5501 5807 6102 6323 
#module 385 size: 19 bs: 0.157584
42 260 951 1386 1836 2069 2320 2556 2560 3203 3554 3890 3963 4008 4424 5024 5456 5559 5707 
#module 386 size: 18 bs: 0.930841
439 716 1396 1437 1562 1754 1943 2279 2880 3017 3303 3887 4466 4554 5013 5484 5676 6743 
#module 387 size: 26 bs: 0.945961
124 267 439 669 754 823 1194 1331 1425 2061 2373 2473 2801 3059 3090 3288 3554 3681 4774 5119 5405 5439 5761 5994 6309 6810 
#module 388 size: 28 bs: 0.698976
39 303 800 821 1868 1925 1954 2447 2508 2638 2711 2844 2865 3153 3731 3754 4081 5052 5156 5190 5224 5363 5379 5928 6130 6733 6769 6816 
#module 389 size: 14 bs: 0.737014
493 755 960 1840 1996 2079 3012 3808 4133 4246 5034 6405 6620 6772 
#module 390 size: 9 bs: 0.936804
448 509 988 1055 1154 3330 3748 4258 6689 
#module 391 size: 14 bs: 0.882244
178 768 1153 1644 3177 3502 3804 4695 4843 5554 5796 5949 6347 6379 
#module 392 size: 21 bs: 0.854757
238 462 886 1579 1669 1931 2032 2174 2559 2836 4162 4470 4562 4833 4962 5399 5504 5963 6020 6434 6577 
#module 393 size: 10 bs: 0.721649
595 1716 1881 3769 3907 5872 6554 6649 6691 6739 
#module 394 size: 5 bs: 0.841096
631 1914 2101 3938 4858 
#module 395 size: 46 bs: 0.185759
231 502 971 995 1391 1497 1530 1584 1608 1730 1775 1944 2077 2231 2247 2262 2264 2268 2348 2446 2465 2499 2515 2539 2732 3344 3350 3359 3444 3876 3921 4089 4106 4175 4569 4640 4664 4889 5010 5380 5499 5634 5955 6105 6199 6469 
#module 396 size: 10 bs: 0.883725
342 2154 2504 3901 4107 4492 4693 4751 5790 5930 
#module 397 size: 4 bs: 0.616311
278 1223 2387 6369 
#module 398 size: 18 bs: 0.107861
379 655 661 1015 1138 1174 1432 1659 2066 3263 3386 4297 4402 4508 4827 4972 5011 6873 
#module 399 size: 17 bs: 0.298458
52 244 447 608 1482 3060 3313 3595 3613 3681 5177 5205 5255 5336 6022 6170 6670 
#module 400 size: 27 bs: 0.820617
56 413 799 920 1820 1827 1966 2127 2266 2280 2302 2606 2898 3441 3569 3575 3870 4101 4389 4880 5737 5806 6340 6501 6541 6664 6706 
#module 401 size: 12 bs: 1.04759
1279 1437 1936 2342 4852 4959 5164 5408 5432 5594 5923 6650 
#module 402 size: 16 bs: 0.692603
177 196 624 950 1340 3336 3742 3824 3961 4071 4347 4915 5542 5931 6442 6688 
#module 403 size: 19 bs: 0.175194
67 485 1131 1149 1796 1973 2002 2303 2360 3894 4084 4214 5247 5322 5960 6232 6368 6494 6538 
#module 404 size: 34 bs: 0.908877
188 390 416 825 897 1198 1383 1405 1576 1674 1982 2120 2288 2663 2736 2744 2759 2972 3078 3445 3533 4093 4157 4896 5359 6094 6110 6195 6227 6282 6327 6408 6595 6785 
#module 405 size: 4 bs: 0.660832
1038 1812 3296 6060 
#module 406 size: 8 bs: 0.433026
78 1339 1853 1901 2658 3612 3940 6268 
#module 407 size: 15 bs: 0.735864
287 1353 1609 2073 2977 2982 2984 3055 3070 3294 3311 3328 4610 6702 6761 
#module 408 size: 9 bs: 0.377992
916 950 1017 1610 4584 5017 6192 6275 6745 
#module 409 size: 8 bs: 0.195809
1898 1998 2557 4067 4335 4541 5480 6122 
#module 410 size: 9 bs: 0.960891
772 886 3291 3368 4363 4743 5316 5437 5669 
#module 411 size: 79 bs: 0.625066
150 151 182 478 533 561 605 814 985 1031 1066 1090 1110 1112 1269 1481 1504 1541 1723 1782 1849 1920 2080 2111 2208 2277 2351 2396 2424 2664 2731 2773 2901 2951 3041 3162 3232 3240 3339 3495 3609 3746 3793 3802 3902 3943 4255 4442 4542 4582 4585 4619 4625 4813 4910 4941 5157 5199 5221 5251 5266 5276 5314 5805 5885 5891 5943 5970 6133 6142 6176 6251 6318 6371 6410 6616 6675 6686 6861 
#module 412 size: 11 bs: 1.03252
300 544 1485 2213 3425 3934 4285 4300 4393 4602 5662 
#module 413 size: 14 bs: 1.0672
338 545 551 636 2445 3241 3506 3557 4170 5057 5068 5660 6136 6404 
#module 414 size: 8 bs: 1.01017
1057 1482 1972 4505 5188 5950 6144 6442 
#module 415 size: 19 bs: 0.240484
70 274 701 927 1033 1083 1792 1855 2996 3192 3643 3681 4006 4779 5432 5654 6085 6286 6885 
#module 416 size: 44 bs: 0.624992
113 487 1054 1266 1388 1435 1742 1866 1933 2321 2496 2805 3353 3418 3603 3655 3718 3831 3853 3854 3905 3992 4016 4076 4092 4443 4626 4885 4911 4978 5175 5328 5410 5525 5897 5981 6027 6063 6073 6221 6388 6552 6816 6889 
#module 417 size: 10 bs: 0.149656
713 748 1895 2414 4165 4300 4820 5821 6099 6235 
#module 418 size: 14 bs: 0.732665
1426 1899 2317 3255 3349 3352 3431 3942 4098 4282 4435 4575 5848 6744 
#module 419 size: 11 bs: 0.625414
216 403 1160 2141 2889 3542 5637 5993 6434 6443 6651 
#module 420 size: 20 bs: 0.334428
219 983 1554 2893 3062 3123 3183 3431 3641 4239 4267 4355 4638 4703 5153 5385 5486 6170 6260 6362 
#module 421 size: 25 bs: 1.00964
212 600 881 917 1116 1393 1760 2430 2585 2727 3014 3100 3387 3517 3580 4091 4596 5044 5223 5489 5582 5881 6113 6347 6361 
#module 422 size: 5 bs: 0.252121
2818 3625 4222 4516 6668 
#module 423 size: 5 bs: 0.337266
2537 4001 4739 4887 6489 
#module 424 size: 8 bs: 0.36248
1264 1669 2859 3017 3515 4041 5514 5876 
#module 425 size: 29 bs: 0.35222
72 429 495 603 781 949 1294 1622 1640 1643 1774 1868 1913 1939 1946 2106 2221 2318 2490 2751 2865 2925 3132 4102 4340 5078 5431 5518 6112 
#module 426 size: 13 bs: 0.910399
189 198 653 788 1282 1413 1556 2241 3275 4120 4863 5823 6015 
#module 427 size: 6 bs: 0.279125
253 3991 4046 5825 5903 6409 
#module 428 size: 4 bs: 0.150658
477 657 1357 2136 
#module 429 size: 17 bs: 1.06291
94 129 232 260 570 654 956 1607 2294 3552 3969 4092 4277 5128 5577 6158 6180 
#module 430 size: 20 bs: 1.01471
657 1171 1316 1617 1851 1931 2369 2393 2536 2633 3160 3168 3292 3647 3649 3923 4291 4637 4788 5563 
#module 431 size: 21 bs: 0.160558
529 806 952 1369 1424 1617 1934 2003 2120 2164 3215 3378 3380 3955 4011 5088 5625 5938 6238 6679 6734 
#module 432 size: 19 bs: 0.849775
77 202 574 1012 1118 1166 1211 1598 2932 2980 3063 3631 3835 4533 5131 6007 6145 6716 6878 
#module 433 size: 38 bs: 0.310467
1 71 735 788 1721 1814 2011 2299 2309 2319 2354 2507 3136 3231 3323 3514 3751 3823 3867 3936 4200 4361 4385 4476 4577 5099 5154 5231 5440 5531 5749 5773 5989 6150 6310 6455 6598 6635 
#module 434 size: 122 bs: 0.477622
114 159 325 359 382 451 621 643 790 823 850 894 932 955 958 980 1253 1283 1399 1515 1551 1630 1747 1769 1779 1814 1878 1950 1968 1975 1984 1985 2011 2012 2089 2129 2211 2244 2254 2309 2334 2439 2502 2572 2611 2680 2687 2730 2760 2799 2833 2938 3005 3146 3176 3239 3256 3265 3281 3326 3337 3364 3389 3441 3474 3700 3823 3953 3998 4112 4131 4155 4249 4272 4294 4307 4341 4381 4399 4404 4430 4530 4568 4577 4899 4950 4966 5042 5066 5071 5173 5213 5231 5307 5335 5466 5511 5587 5589 5679 5717 5763 5836 5888 5945 6027 6089 6168 6190 6240 6252 6307 6338 6353 6463 6563 6624 6635 6665 6895 6903 6906 
#module 435 size: 11 bs: 0.570678
32 241 407 625 946 1766 2331 3536 4343 6224 6400 
#module 436 size: 8 bs: 0.679791
374 613 2069 3104 4878 5606 6279 6603 
#module 437 size: 5 bs: 0.878384
429 4279 4438 5556 6172 
#module 438 size: 8 bs: 0.581507
64 708 832 1728 2215 4656 5724 6736 
#module 439 size: 11 bs: 0.227412
380 742 1692 2416 4383 4735 4857 4905 5789 5800 6580 
#module 440 size: 5 bs: 0.399136
1672 1837 3061 4242 4949 
#module 441 size: 13 bs: 0.244648
115 1649 1850 2245 2322 2521 3149 4010 4466 5038 5040 5246 6116 
#module 442 size: 17 bs: 0.470724
580 2368 2453 2526 2993 3018 3035 3233 3507 3878 3924 4571 4981 5147 5660 6425 6588 
#module 443 size: 5 bs: 0.470782
1271 2025 2489 3564 5826 
#module 444 size: 8 bs: 0.338678
2236 2376 2915 4451 4455 5722 5951 6660 
#module 445 size: 17 bs: 0.862319
31 316 369 373 580 1706 2017 2150 3439 3701 3732 5016 5351 5389 6151 6642 6646 
#module 446 size: 12 bs: 0.334692
1007 1629 1641 1790 2573 2617 3094 3910 4416 4796 6326 6771 
#module 447 size: 50 bs: 0.632014
326 336 361 492 566 626 781 823 844 931 996 1050 1122 1388 1516 1651 1815 1904 1912 2003 2012 2144 2352 2455 2508 2596 2919 2962 3000 3262 3335 3511 3603 3852 4626 4672 4822 4980 5008 5048 5402 5465 5524 5605 5831 5897 6149 6217 6550 6816 
#module 448 size: 4 bs: 0.656036
910 1685 4767 5768 
#module 449 size: 11 bs: 0.261795
240 324 751 1555 1901 2551 2662 3993 4078 6095 6680 
#module 450 size: 27 bs: 1.02541
549 747 1181 1244 1643 1921 1993 2093 2118 2179 2324 2574 2629 2688 2830 3711 3893 3935 4010 4054 4517 5094 5164 5307 5619 6114 6604 
#module 451 size: 6 bs: 1.04829
228 1563 3375 4320 5370 5441 
#module 452 size: 15 bs: 0.742605
572 719 798 1322 1632 2024 2140 2861 3391 4964 4974 5037 5105 6497 6612 
#module 453 size: 17 bs: 0.905001
40 279 432 620 1742 1763 2009 2207 3239 3265 3287 3984 4443 5621 6015 6271 6504 
#module 454 size: 10 bs: 1.02189
1404 1587 2525 2875 3212 3388 3479 3757 5035 5700 
#module 455 size: 11 bs: 0.299751
576 1158 1398 1433 1754 2013 2324 3647 3658 5347 6514 
#module 456 size: 27 bs: 0.588216
37 915 1894 2197 2227 2374 2389 2605 3004 3306 3607 3797 4022 4187 4220 4483 5046 5459 5557 5781 5988 6020 6030 6090 6143 6302 6514 
#module 457 size: 31 bs: 0.149042
158 167 255 268 660 681 691 865 1403 2096 2149 2248 2531 2870 3037 3842 4195 4269 4368 4484 4534 4545 4775 5056 5214 5568 6175 6209 6697 6835 6877 
#module 458 size: 27 bs: 0.564676
260 584 667 956 1272 1473 1814 2015 2044 2836 2872 3170 3231 3264 3438 3611 3647 3804 3970 3977 4410 4988 5069 5194 5694 6103 6806 
#module 459 size: 16 bs: 0.237485
122 221 1367 1534 1654 1697 2733 4045 4597 5210 5238 5428 5580 6439 6537 6648 
#module 460 size: 24 bs: 0.435385
12 48 445 495 637 730 1140 1588 1930 2341 2382 2833 3424 3820 4268 4504 4643 4909 5148 5197 5890 6033 6504 6579 
#module 461 size: 7 bs: 0.779173
609 679 2370 2405 5798 5893 6135 
#module 462 size: 4 bs: 0.868297
16 225 415 4696 
#module 463 size: 38 bs: 0.912272
66 87 568 601 769 820 1259 1467 1765 1911 2015 2043 2057 2060 2187 2475 2485 2839 3438 3507 3647 3709 3762 3848 3889 3916 4431 4788 4826 4841 5748 5956 6319 6434 6647 6667 6753 6797 
#module 464 size: 11 bs: 0.400758
312 2478 2912 3674 4393 4509 6299 6472 6840 6844 6922 
#module 465 size: 25 bs: 0.590452
476 657 1043 1545 2369 2671 3168 3434 3541 3657 4193 4386 4407 4620 4772 5456 5534 5693 5912 6325 6380 6425 6432 6465 6516 
#module 466 size: 16 bs: 0.92999
119 467 777 1675 2401 2652 2856 2971 3683 3948 4149 4616 5210 5623 5847 6484 
#module 467 size: 40 bs: 1.00484
103 121 465 717 1072 1214 1234 1277 1289 1423 1486 1607 1776 1990 2184 2304 2462 2652 2692 2956 2960 2986 3059 3661 3980 4085 4268 4938 5118 5224 5395 5467 5569 5627 5643 5735 6184 6426 6780 6891 
#module 468 size: 17 bs: 0.451137
74 465 728 1057 1076 2439 2554 3111 3706 3858 4085 4289 4578 5520 5562 6161 6807 
#module 469 size: 11 bs: 0.363247
95 103 1554 1691 1705 2257 2386 2746 3546 4177 4971 
#module 470 size: 13 bs: 0.282901
596 1788 3217 3786 4045 4723 5098 5274 5614 6126 6493 6783 6784 
#module 471 size: 57 bs: 0.242257
27 50 73 119 470 692 728 888 1037 1127 1183 1309 1336 1365 1428 1616 1683 1743 1824 1845 2108 2364 2516 2724 2733 2944 3049 3088 3409 3635 3668 3694 3890 4085 4109 4263 4407 4574 4598 4737 4866 4998 5098 5163 5362 5538 5614 5689 5753 6043 6115 6216 6385 6527 6615 6677 6872 
#module 472 size: 23 bs: 0.725664
49 211 567 589 722 1099 1148 1709 1951 2194 3384 3436 3478 3816 3857 4229 4356 4512 4565 6012 6079 6226 6358 
#module 473 size: 7 bs: 0.325653
170 1261 1753 2175 2949 3172 6682 
#module 474 size: 10 bs: 0.554591
849 1514 1960 3865 4263 4301 4778 4804 5704 6592 
#module 475 size: 12 bs: 0.867726
3 1761 3516 3782 4212 5953 6249 6297 6330 6337 6401 6657 
#module 476 size: 23 bs: 0.763743
294 306 1144 1443 1624 1750 2243 2517 2520 2586 2836 3794 5401 5512 5609 5779 6096 6165 6206 6362 6588 6804 6855 
#module 477 size: 15 bs: 0.295842
15 942 943 1873 2026 2163 3648 4288 4824 4977 5264 5434 5610 6435 6475 
#module 478 size: 11 bs: 1.02555
259 2582 2651 2974 2998 3089 3836 4205 4346 6086 6107 
#module 479 size: 20 bs: 0.31165
5 183 329 361 594 954 1150 1395 2545 3433 3490 3741 4011 4137 4496 4983 5280 5581 6031 6360 
#module 480 size: 6 bs: 1.03538
9 1869 2238 2574 3885 5647 
#module 481 size: 40 bs: 0.973795
113 358 1193 1212 1219 1243 1431 1910 1948 1964 1992 2235 2496 2583 2593 2649 2978 3195 3373 3418 3833 3958 3976 4017 4092 4144 4268 4414 4415 4561 4757 4939 4956 5096 5328 5628 5772 6073 6388 6483 
#module 482 size: 8 bs: 0.649868
1052 1668 2220 3422 3888 6146 6159 6517 
