#module 0 size: 17 bs: 0.0390419
6 24 67 70 87 303 310 333 449 498 566 604 636 672 736 941 986 
#module 1 size: 63 bs: 0.294958
4 23 29 35 50 51 61 92 99 167 174 194 214 217 252 297 312 313 350 369 382 387 393 397 400 401 406 420 443 483 489 502 523 536 537 540 556 560 567 579 580 602 611 661 688 689 695 704 716 734 739 773 776 780 804 822 859 877 878 893 911 928 972 
#module 2 size: 14 bs: 0.484644
27 98 150 155 166 268 282 332 422 476 478 514 575 913 
#module 3 size: 69 bs: 0.748828
52 68 80 85 93 97 121 127 169 172 177 185 211 216 220 233 253 304 308 324 329 375 417 423 433 442 462 470 484 496 506 508 510 515 528 545 555 581 584 587 612 613 643 668 671 674 682 692 708 717 786 787 792 816 820 827 835 843 853 865 904 905 927 935 949 963 981 984 987 
#module 4 size: 57 bs: 0.359411
2 12 18 25 53 71 82 141 157 193 197 223 230 235 248 264 269 281 315 395 402 413 414 427 430 445 462 491 497 518 525 546 547 552 553 576 594 616 646 652 655 673 679 682 708 771 791 797 819 843 861 871 882 910 967 975 979 
#module 5 size: 75 bs: 0.506952
31 48 96 99 109 124 126 137 138 158 180 198 206 219 239 251 277 290 292 307 336 338 345 351 368 370 376 378 386 388 399 404 424 431 437 439 458 468 475 485 488 490 495 505 534 606 640 658 663 681 683 684 712 715 718 722 775 788 815 817 821 829 840 849 860 885 889 899 909 910 946 955 961 969 985 
#module 6 size: 39 bs: 1.06402
62 66 74 91 111 122 243 244 265 306 326 341 342 346 365 380 413 415 471 494 519 551 561 571 591 597 607 624 630 680 730 763 810 826 842 872 906 921 923 
#module 7 size: 52 bs: 0.134782
16 36 64 72 105 130 144 170 195 211 213 257 263 273 280 308 326 390 415 417 423 471 506 524 538 550 564 591 624 643 653 667 710 731 744 745 772 781 782 792 800 805 810 826 827 838 850 883 888 963 977 980 
#module 8 size: 34 bs: 0.452203
34 56 100 118 188 191 260 311 317 343 367 373 384 401 429 474 526 568 580 605 621 628 639 665 697 698 740 746 747 848 908 946 947 985 
#module 9 size: 47 bs: 0.478186
1 43 139 179 182 209 222 247 250 255 272 283 284 296 318 319 337 339 358 419 444 459 486 492 507 512 554 563 578 590 638 685 686 694 709 713 728 751 760 828 844 846 867 894 915 920 966 
#module 10 size: 40 bs: 0.445397
3 8 33 38 163 182 196 228 237 275 362 412 416 418 435 465 469 498 503 511 598 610 617 634 666 669 700 702 727 738 750 757 778 851 862 890 924 937 973 976 
#module 11 size: 41 bs: 0.521366
10 11 14 88 89 90 94 110 115 136 203 217 224 246 254 298 348 398 405 410 446 447 456 467 472 509 533 535 572 588 615 629 670 694 719 746 754 855 898 937 948 
#module 12 size: 32 bs: 0.78546
5 21 30 54 83 192 210 259 271 285 288 301 314 392 434 438 498 549 569 582 590 601 675 703 706 774 789 864 876 901 932 988 
#module 13 size: 35 bs: 0.737151
46 100 159 215 231 278 279 293 294 320 381 389 394 403 441 455 477 481 487 504 517 574 623 647 654 662 721 769 830 836 874 900 922 929 974 
#module 14 size: 63 bs: 0.122656
57 77 78 106 134 171 185 187 201 225 232 233 238 240 249 261 262 289 291 321 327 371 372 374 375 409 448 463 480 516 521 522 543 570 577 586 595 614 622 633 657 676 690 729 748 759 783 824 833 854 856 857 868 886 902 907 951 952 958 959 962 964 971 
#module 15 size: 60 bs: 0.946506
20 29 47 55 58 104 117 120 160 184 189 194 267 279 285 299 309 328 340 400 428 453 466 477 501 504 531 548 557 559 565 573 583 631 642 651 675 678 707 725 726 747 750 755 766 770 801 807 812 837 864 869 870 874 879 890 928 929 973 983 
#module 16 size: 60 bs: 0.47567
13 19 22 81 86 101 125 133 153 159 218 245 302 355 361 391 432 450 453 465 482 504 526 527 532 541 562 585 609 645 647 650 654 711 721 724 732 735 746 765 793 794 795 803 813 830 832 839 874 890 895 919 926 934 939 943 957 965 968 970 
#module 17 size: 55 bs: 0.399235
9 15 26 28 32 59 95 103 108 114 116 132 135 146 149 175 181 183 190 192 212 266 270 274 276 334 335 349 352 356 359 363 407 411 426 436 451 457 459 464 539 596 603 677 723 733 790 806 825 845 847 884 897 933 954 
#module 18 size: 32 bs: 0.496062
41 49 76 112 113 162 227 234 241 267 334 377 452 461 473 493 499 500 558 592 604 608 618 637 656 691 696 753 796 809 831 876 
#module 19 size: 69 bs: 1.02734
31 45 75 96 108 119 123 128 131 142 161 165 168 173 175 178 190 198 206 219 226 256 277 286 287 322 336 345 353 357 360 386 404 408 421 424 437 439 451 468 475 488 490 495 542 544 589 593 658 681 712 715 752 767 777 817 846 849 866 884 887 889 891 910 918 925 944 969 975 
#module 20 size: 53 bs: 1.08256
7 39 69 73 79 84 102 129 140 145 152 156 186 187 200 201 204 232 236 261 289 321 325 330 331 344 364 454 461 529 543 544 620 627 641 644 649 701 720 741 758 777 834 863 881 887 892 903 930 936 950 959 978 
#module 21 size: 58 bs: 0.439654
36 37 40 44 60 63 72 123 143 151 154 205 208 229 242 300 316 323 330 347 354 366 383 396 425 460 520 577 600 619 626 664 687 737 743 749 761 764 768 779 784 785 798 799 810 814 818 852 873 875 880 916 931 940 945 956 960 982 
#module 22 size: 76 bs: 0.972495
17 37 42 65 72 77 107 143 147 148 154 164 176 199 202 207 221 258 295 300 305 316 323 325 330 347 374 379 385 396 425 440 479 513 530 599 625 632 635 648 659 660 687 693 699 705 714 737 742 744 749 756 762 764 794 802 808 811 823 841 858 873 875 881 896 912 914 916 917 936 938 942 953 956 964 977 
