#module 0 size: 3 bs: 2.88523e-101
1018 3469 5937 
#module 1 size: 5 bs: 6.69538e-101
3032 3897 5336 5807 6137 
#module 2 size: 3 bs: 2.71693e-101
296 4537 5919 
#module 3 size: 4 bs: 7.35475e-101
3199 4240 4969 6430 
#module 4 size: 2 bs: 2.11027e-101
589 3085 
#module 5 size: 6 bs: 4.68514e-14
583 2852 3300 4680 5282 5464 
#module 6 size: 4 bs: 7.0797e-101
744 830 2004 5076 
#module 7 size: 2 bs: 9.79398e-101
1599 6902 
#module 8 size: 3 bs: 1.88738e-15
3297 3609 4093 
#module 9 size: 10 bs: 6.39387e-101
1338 1682 2355 4167 4413 4627 5324 5424 5933 5958 
#module 10 size: 6 bs: 2.57685e-102
947 1048 3160 3985 4014 4562 
#module 11 size: 3 bs: 8.10204e-101
1924 2490 6192 
#module 12 size: 2 bs: 1.53566e-102
302 3397 
#module 13 size: 3 bs: 1.20441e-101
4359 5421 5478 
#module 14 size: 27 bs: 1.79506e-06
124 267 268 287 439 669 754 778 823 1331 1425 2061 2373 2473 3059 3090 3303 3554 4263 4416 4424 5405 5439 5761 5994 6309 6810 
#module 15 size: 2 bs: 9.18149e-102
2278 4594 
#module 16 size: 19 bs: 9.65009e-101
193 334 824 1642 1727 1748 1749 2003 2045 2347 2881 3056 3508 3950 5224 5232 5303 5686 5878 
#module 17 size: 2 bs: 8.74189e-102
228 3767 
#module 18 size: 2 bs: 1.56595e-101
4507 4635 
#module 19 size: 5 bs: 5.90807e-101
804 3058 4426 4987 5496 
#module 20 size: 19 bs: 9.89979e-101
42 260 447 951 1836 2320 2556 2560 3195 3237 3554 3890 3963 4008 4137 5024 5456 5559 5707 
#module 21 size: 3 bs: 7.65427e-101
2426 2815 6365 
#module 22 size: 4 bs: 8.34793e-101
250 2477 4359 6557 
#module 23 size: 4 bs: 9.15961e-101
593 5095 5709 5785 
#module 24 size: 10 bs: 1.11895e-11
717 728 1000 1053 1236 2184 2286 3131 5055 5324 
#module 25 size: 5 bs: 4.45068e-101
6 1632 1654 1724 4901 
#module 26 size: 5 bs: 3.07836e-101
532 828 2888 5357 6072 
#module 27 size: 2 bs: 8.96183e-101
1662 2310 
#module 28 size: 2 bs: 9.85185e-101
1128 4532 
#module 29 size: 3 bs: 4.68295e-101
386 1244 2298 
#module 30 size: 2 bs: 1.41441e-102
4914 6095 
#module 31 size: 4 bs: 1.11022e-15
416 1472 1947 3414 
#module 32 size: 4 bs: 1.75057e-101
1397 1846 6232 6670 
#module 33 size: 3 bs: 5.62461e-101
246 2551 6680 
#module 34 size: 4 bs: 2.48726e-101
953 5382 5725 6179 
#module 35 size: 3 bs: 6.23552e-101
906 1252 2074 
#module 36 size: 4 bs: 1.57547e-101
540 670 6348 6522 
#module 37 size: 3 bs: 8.50157e-101
405 1263 3860 
#module 38 size: 35 bs: 5.16599e-101
363 379 424 620 668 967 1021 1133 1295 1607 2031 2171 2927 3441 3492 4308 4337 4360 4508 4546 4577 4789 4843 4935 5087 5127 5172 5218 5231 6015 6081 6310 6367 6652 6909 
#module 39 size: 2 bs: 6.17158e-101
5750 6770 
#module 40 size: 5 bs: 7.93675e-10
1275 1994 2402 2973 6394 
#module 41 size: 7 bs: 3.1727e-101
17 339 700 747 2438 4053 5368 
#module 42 size: 2 bs: 2.65251e-102
2889 5926 
#module 43 size: 18 bs: 7.68713e-101
631 638 763 1339 1903 1914 1976 2475 2493 3481 3529 3574 3739 3938 4342 4345 5378 5723 
#module 44 size: 9 bs: 7.86396e-101
1259 1916 2373 3540 3817 4080 5039 5496 6119 
#module 45 size: 31 bs: 6.62145e-09
41 245 418 424 557 783 1355 1588 1772 2012 2146 2632 3271 3273 3369 3513 4200 4292 4302 4364 4884 4999 5087 5603 5617 6121 6123 6141 6264 6491 6727 
#module 46 size: 24 bs: 8.85403e-13
73 1244 1408 1583 1800 2079 2256 2297 2305 2317 2360 2679 3012 3577 4084 4515 4781 5104 5247 5676 5773 5798 5848 6778 
#module 47 size: 6 bs: 9.96703e-101
1209 3004 4053 4269 5132 5575 
#module 48 size: 6 bs: 4.40194e-101
214 304 2716 3495 4238 5221 
#module 49 size: 2 bs: 9.15893e-101
473 6682 
#module 50 size: 6 bs: 9.43935e-101
2555 2815 2860 2945 3506 4387 
#module 51 size: 2 bs: 1.51374e-101
1794 5033 
#module 52 size: 5 bs: 1.06047e-101
2818 3412 4222 4516 6668 
#module 53 size: 13 bs: 8.30135e-101
99 287 603 1294 1811 1946 2221 2508 4321 4416 5034 5807 6362 
#module 54 size: 2 bs: 2.52095e-101
3280 6500 
#module 55 size: 2 bs: 7.74578e-101
2793 3586 
#module 56 size: 12 bs: 4.03527e-09
434 1031 1066 1808 2023 2657 2734 4372 4456 5252 5317 5435 
#module 57 size: 6 bs: 2.36731e-101
997 1072 3517 3903 6046 6075 
#module 58 size: 4 bs: 4.69664e-101
1826 3144 4716 4872 
#module 59 size: 2 bs: 7.96923e-101
312 5493 
#module 60 size: 3 bs: 7.48275e-101
102 1407 4467 
#module 61 size: 3 bs: 9.77703e-101
479 3083 4265 
#module 62 size: 4 bs: 2.86459e-102
1118 2610 4455 5370 
#module 63 size: 5 bs: 8.10404e-101
590 1133 1908 2412 4460 
#module 64 size: 20 bs: 0.783407
24 472 879 1089 1216 1318 1615 1919 2000 2162 2316 2882 3124 3404 3826 4146 4201 4216 4994 5758 
#module 65 size: 16 bs: 0.425834
397 494 802 984 1388 1684 1695 2676 3130 4912 5146 5152 5505 5742 5744 5959 
#module 66 size: 29 bs: 0.82706
153 543 734 793 805 890 1020 1297 1326 1390 1865 1897 1952 1980 2654 2702 3252 3562 4388 4495 4919 5350 5461 5892 6032 6093 6378 6633 6674 
#module 67 size: 24 bs: 0.405493
283 387 481 555 937 1556 2120 2251 2386 2792 2903 3020 3071 3132 3490 3636 3712 4304 4439 4832 5450 5503 5543 6121 
#module 68 size: 12 bs: 0.800524
35 118 690 1091 1603 1680 2119 2630 2703 3879 4783 5948 
#module 69 size: 132 bs: 0.244158
82 144 147 257 366 412 428 553 639 645 659 750 776 779 797 807 840 848 862 901 902 904 927 975 1049 1083 1085 1165 1314 1320 1461 1479 1559 1567 1572 1601 1699 1720 1858 1896 1926 2018 2091 2212 2379 2419 2483 2587 2644 2667 2825 2840 2891 2975 2999 3260 3383 3415 3429 3432 3545 3555 3676 3686 3716 3733 3768 3864 3877 4065 4074 4145 4148 4257 4350 4353 4381 4461 4506 4604 4631 4642 4647 4678 4679 4717 4791 4850 4854 5029 5030 5070 5165 5187 5277 5279 5287 5305 5328 5349 5499 5631 5645 5661 5681 5815 5828 5842 5947 5967 5976 6039 6062 6083 6185 6198 6241 6334 6395 6427 6428 6456 6485 6503 6545 6589 6610 6618 6625 6676 6730 6826 
#module 70 size: 9 bs: 0.213872
23 1026 1250 2312 3613 4321 4928 5067 6088 
#module 71 size: 7 bs: 0.520335
632 3074 3108 4108 4609 5403 5851 
#module 72 size: 11 bs: 0.306103
746 1440 1863 2136 2694 2755 3234 3913 4190 4560 5169 
#module 73 size: 10 bs: 0.709088
819 928 1867 2497 4006 4015 4245 4424 4815 5400 
#module 74 size: 24 bs: 1.01071
149 344 738 1067 1798 1905 2159 2232 2293 2735 2797 3024 3092 3155 4004 4063 4073 4592 4800 4942 5325 6001 6016 6382 
#module 75 size: 8 bs: 0.109162
157 2448 3082 3675 4060 4543 4970 6529 
#module 76 size: 3 bs: 0.742823
826 3954 6176 
#module 77 size: 3 bs: 0.752813
1271 2488 2853 
#module 78 size: 8 bs: 0.95884
195 1450 2110 2471 4314 4493 6206 6213 
#module 79 size: 10 bs: 0.72087
160 328 623 945 1593 2453 3209 6056 6267 6759 
#module 80 size: 6 bs: 0.758468
249 1899 2161 3500 4290 5517 
#module 81 size: 8 bs: 0.213451
1223 2370 3313 4113 4779 6445 6510 6513 
#module 82 size: 4 bs: 0.314967
3478 3564 4584 5515 
#module 83 size: 3 bs: 0.810547
789 2150 4449 
#module 84 size: 22 bs: 0.271047
586 681 888 1099 1151 1817 1830 1928 2114 2338 2958 3384 3773 3776 3833 4340 4581 4979 4986 5248 5733 6576 
#module 85 size: 11 bs: 0.798202
463 1756 2602 2677 2831 2911 4249 4517 4863 5723 6360 
#module 86 size: 13 bs: 0.289914
112 311 503 938 940 1856 2987 2991 4544 5383 5853 6038 6246 
#module 87 size: 4 bs: 1.08017
2662 3222 3874 6533 
#module 88 size: 7 bs: 0.778116
116 206 253 695 4046 5598 5903 
#module 89 size: 6 bs: 0.298034
919 1665 2064 4710 5162 6144 
#module 90 size: 7 bs: 0.710552
139 410 781 1483 1485 1582 5018 
#module 91 size: 10 bs: 0.523049
552 1129 1180 1673 2194 2540 3534 3824 6358 6555 
#module 92 size: 4 bs: 0.575811
398 537 1834 5479 
#module 93 size: 4 bs: 0.59366
737 2526 3036 3524 
#module 94 size: 4 bs: 0.587289
1687 1688 3979 5709 
#module 95 size: 7 bs: 0.472045
1302 1362 1783 3261 4833 4926 5451 
#module 96 size: 112 bs: 0.168368
36 43 97 234 237 270 350 499 711 772 864 893 900 935 969 990 1047 1097 1120 1142 1164 1187 1237 1301 1332 1368 1411 1434 1456 1475 1491 1501 1512 1543 1558 1785 1805 1967 1989 2005 2072 2080 2128 2229 2249 2323 2328 2332 2407 2534 2607 2964 3069 3091 3097 3118 3379 3392 3401 3458 3727 4122 4191 4204 4210 4281 4319 4444 4457 4479 4489 4657 4699 4713 4729 4732 4790 4823 4867 5036 5084 5107 5121 5131 5315 5321 5323 5367 5372 5552 5588 5615 5669 5732 5739 5760 5791 5850 6029 6118 6138 6270 6285 6294 6399 6447 6481 6605 6687 6822 6883 6923 
#module 97 size: 8 bs: 0.40678
892 2261 3117 4243 4270 4583 5699 5978 
#module 98 size: 14 bs: 0.273169
85 201 788 1282 1413 1556 2241 2791 3275 3978 4120 5540 6015 6317 
#module 99 size: 4 bs: 0.499919
2356 2627 2912 4253 
#module 100 size: 6 bs: 0.886224
2511 2997 4300 4366 5167 6735 
#module 101 size: 3 bs: 0.887806
3267 6299 6472 
#module 102 size: 12 bs: 0.809249
371 632 1003 1375 2226 3413 3519 4589 4996 5125 5205 6534 
#module 103 size: 10 bs: 0.309726
320 3035 3233 3378 3759 3878 3924 4608 5147 5804 
#module 104 size: 6 bs: 0.456377
198 1835 3033 3070 5530 6035 
#module 105 size: 5 bs: 0.11588
213 596 3715 5975 6722 
#module 106 size: 22 bs: 0.998036
468 475 1176 1378 1918 1971 2044 2059 2421 2468 2800 2978 3125 3419 3947 4050 4058 5017 6148 6163 6479 6869 
#module 107 size: 4 bs: 0.818222
3538 4078 5246 5957 
#module 108 size: 3 bs: 0.435018
22 568 3916 
#module 109 size: 13 bs: 0.406609
444 813 994 1162 1510 1737 2641 2785 2832 3633 4535 4920 5608 
#module 110 size: 13 bs: 0.915343
449 1746 1876 3699 3847 4110 4520 5100 5650 5865 5996 6026 6723 
#module 111 size: 6 bs: 0.757837
1977 3073 4989 5059 5392 6592 
#module 112 size: 9 bs: 0.330498
19 321 2625 4739 5397 5590 6076 6234 6705 
#module 113 size: 9 bs: 0.693053
550 1170 1417 3029 3634 4624 5200 5745 5896 
#module 114 size: 9 bs: 0.929544
1001 1754 2343 3531 3909 4055 5301 5558 6790 
#module 115 size: 31 bs: 0.674204
592 619 976 1351 1442 1451 1880 2180 2282 2325 2528 2668 3161 3180 4118 4152 4232 4447 4755 5006 5286 5352 5418 5427 5649 5674 5738 5780 5783 6496 6556 
#module 116 size: 3 bs: 0.832442
1352 4539 4827 
#module 117 size: 3 bs: 0.810757
1837 4001 6160 
#module 118 size: 8 bs: 0.983704
77 247 2269 2768 5839 5862 6560 6851 
#module 119 size: 4 bs: 0.210544
712 4660 5018 6772 
#module 120 size: 11 bs: 0.748795
419 784 1525 3445 3639 4118 4586 5309 6259 6392 6422 
#module 121 size: 13 bs: 1.03524
709 1199 1334 1583 1996 2079 2301 2344 2521 2669 4798 4997 5568 
#module 122 size: 3 bs: 0.134773
1751 5508 5537 
#module 123 size: 9 bs: 0.784812
896 1010 1179 1592 1816 2300 4057 5696 5740 
#module 124 size: 8 bs: 1.08313
342 1628 2504 4042 4107 4492 4693 5790 
#module 125 size: 13 bs: 1.02339
207 264 2143 2217 3338 3527 3908 4029 4221 4684 4764 6108 6532 
#module 126 size: 5 bs: 0.680066
1672 1792 3061 4242 4949 
#module 127 size: 17 bs: 0.747476
31 316 580 1706 3018 3439 3557 3701 3732 4024 5057 5351 5660 5672 6151 6425 6642 
#module 128 size: 9 bs: 0.286382
703 856 1024 3822 4708 5809 6055 6711 6908 
#module 129 size: 6 bs: 0.731946
448 3611 3760 5576 5827 6764 
#module 130 size: 9 bs: 1.02338
856 1532 5027 5186 5502 5663 5689 5822 6717 
#module 131 size: 10 bs: 0.543163
81 1898 1998 2557 2796 3745 4335 4541 5480 5680 
#module 132 size: 7 bs: 0.673041
2236 2376 2479 2552 2915 4075 6478 
#module 133 size: 7 bs: 0.859317
374 606 2125 2509 2670 6172 6739 
#module 134 size: 8 bs: 0.268886
72 909 1554 2191 4733 6050 6328 6601 
#module 135 size: 7 bs: 0.63792
1307 1948 2175 3172 4332 5434 6394 
#module 136 size: 11 bs: 0.69243
597 1279 2658 3021 3249 3425 3781 4564 4602 4849 5519 
#module 137 size: 4 bs: 0.89825
2100 4334 4524 4907 
#module 138 size: 12 bs: 0.701013
105 134 208 981 1291 2452 3598 3914 4613 5626 6042 6531 
#module 139 size: 23 bs: 1.09933
278 413 630 760 1270 1704 1884 2255 3044 3377 3830 3989 4095 4104 4762 4812 5411 5536 5711 5909 6277 6406 6645 
#module 140 size: 6 bs: 0.462265
1303 3083 3223 3318 4094 6747 
#module 141 size: 11 bs: 0.937184
1159 1712 1736 1861 2087 3151 3416 3881 4088 5931 6451 
#module 142 size: 5 bs: 0.16304
141 2629 2886 4634 5972 
#module 143 size: 24 bs: 0.488723
83 524 1109 1226 1722 1779 1827 1838 2124 2139 2196 2462 2927 3494 3539 3797 4049 4391 4459 4629 5218 5513 5737 5914 
#module 144 size: 4 bs: 0.628139
241 457 5140 6562 
#module 145 size: 5 bs: 0.73001
170 1753 3433 3922 5194 
#module 146 size: 6 bs: 0.399478
882 2021 2624 3986 5167 5829 
#module 147 size: 4 bs: 1.03775
1365 1740 3308 4071 
#module 148 size: 3 bs: 0.41803
1915 2103 5264 
#module 149 size: 5 bs: 0.103673
2408 3002 4739 4763 5942 
#module 150 size: 7 bs: 0.197979
269 1242 1759 1935 3891 4418 4509 
#module 151 size: 5 bs: 0.155271
768 2890 2906 3580 6313 
#module 152 size: 8 bs: 0.424362
2431 4285 4393 4475 4971 5245 6601 6922 
#module 153 size: 3 bs: 0.150378
2946 4895 6649 
#module 154 size: 10 bs: 0.382018
614 2078 3068 3175 3775 4326 4406 5141 5230 5952 
#module 155 size: 13 bs: 0.965553
142 642 1647 4730 4904 5293 5555 5618 5861 5922 6141 6266 6381 
#module 156 size: 6 bs: 1.03652
628 1317 3099 4645 5772 6397 
#module 157 size: 7 bs: 0.962801
1549 2101 2692 3166 3884 4524 4813 
#module 158 size: 5 bs: 0.994011
1002 1244 1786 3052 5796 
#module 159 size: 4 bs: 0.419849
2336 2551 3993 5722 
#module 160 size: 5 bs: 0.628134
811 854 2499 6443 6651 
#module 161 size: 18 bs: 0.976006
287 521 1092 1353 1609 1927 2073 2745 3012 3055 3294 3962 4610 4667 4848 4983 5841 6702 
#module 162 size: 9 bs: 0.57181
1254 1258 2222 2864 2883 3912 4203 4703 5849 
#module 163 size: 30 bs: 0.683928
439 545 551 754 820 1150 1428 1836 2198 2298 2445 2545 3142 3241 3523 3539 3894 4137 4170 4491 4847 5068 5541 5817 5821 6136 6158 6404 6627 6641 
#module 164 size: 9 bs: 0.505009
3526 4039 4527 5632 5719 6293 6758 6794 6848 
#module 165 size: 10 bs: 0.299098
508 1188 2200 3247 4109 5316 5603 5683 6059 6732 
#module 166 size: 14 bs: 0.69458
575 1621 2209 3013 3129 3387 3516 3652 4861 5481 5966 5979 6419 6544 
#module 167 size: 18 bs: 0.141668
745 791 1243 1694 2342 2517 2543 2578 2782 3467 3503 4147 4462 4497 6120 6269 6452 6471 
#module 168 size: 8 bs: 1.07217
45 611 633 930 1335 3165 4499 6858 
#module 169 size: 8 bs: 0.963482
1280 1299 3301 4044 4751 4838 5238 6620 
#module 170 size: 6 bs: 0.830908
2985 3818 4090 4469 5733 6328 
#module 171 size: 19 bs: 0.433737
49 211 567 722 1148 1709 1951 2786 3816 3857 4229 4356 4500 4512 4565 5753 6012 6079 6126 
#module 172 size: 5 bs: 0.802798
688 2122 2777 3430 5702 
#module 173 size: 10 bs: 0.449857
227 1690 3427 4046 5145 5371 6098 6125 6614 6799 
#module 174 size: 7 bs: 0.733585
291 4925 5280 5687 6067 6282 6690 
#module 175 size: 6 bs: 0.280009
563 2172 2960 4680 5176 6621 
#module 176 size: 7 bs: 0.756528
52 608 1229 2441 4082 5177 5798 
#module 177 size: 11 bs: 0.417862
132 1248 1471 1859 3459 3770 3796 4181 5447 6376 6508 
#module 178 size: 12 bs: 0.187953
26 396 1208 2579 2934 3112 3691 4547 5269 5858 6411 6492 
#module 179 size: 10 bs: 1.03527
17 128 1221 1498 1557 2925 3157 3317 5852 5884 
#module 180 size: 15 bs: 0.947631
472 913 1195 1422 1650 2811 3537 4160 4266 4671 5334 5748 6003 6366 6737 
#module 181 size: 38 bs: 0.994612
231 462 502 595 971 995 1282 1417 1730 1970 2231 2262 2268 2348 2446 2515 2539 2581 2839 3128 3359 3557 3658 3679 3921 4106 4175 4569 4664 4794 4889 5010 5634 5949 5955 6105 6199 6469 
#module 182 size: 12 bs: 0.235705
571 2169 2281 2671 2686 3657 3784 4413 4772 5223 5980 6569 
#module 183 size: 5 bs: 0.27936
831 2358 2442 2505 6229 
#module 184 size: 5 bs: 0.596861
426 562 2750 5614 6505 
#module 185 size: 9 bs: 0.6843
192 761 1281 1552 3060 3141 3792 4331 5136 
#module 186 size: 7 bs: 0.544636
89 375 1787 3213 4021 4398 5516 
#module 187 size: 6 bs: 0.399164
300 2213 2720 3766 3934 5936 
#module 188 size: 12 bs: 1.09359
713 748 2484 2489 2595 3113 4165 4820 4900 4956 5789 6099 
#module 189 size: 43 bs: 0.169531
75 352 414 731 1035 1060 1069 1130 1157 1298 1489 1533 1626 1771 1902 2028 2145 2214 2655 2675 3158 3251 3289 3295 3320 3473 3637 3791 4102 4176 4719 5715 5873 5929 6071 6139 6215 6248 6290 6401 6600 6690 6900 
#module 190 size: 5 bs: 0.683457
274 1299 1789 5877 6844 
#module 191 size: 12 bs: 0.64506
780 810 812 1141 1308 1377 2135 2949 3134 3470 3599 5132 
#module 192 size: 9 bs: 0.253401
667 946 1016 1766 2155 3536 4893 6400 6450 
#module 193 size: 7 bs: 1.04081
1156 3757 4776 5423 6053 6238 6583 
#module 194 size: 26 bs: 0.283188
188 202 390 825 897 1198 1383 1982 2288 2663 2736 2744 2759 2773 2814 3533 3835 4157 4802 4896 5359 6094 6195 6327 6595 6878 
#module 195 size: 5 bs: 0.663264
2038 3491 3939 4105 5377 
#module 196 size: 10 bs: 0.623303
1178 1273 1537 1812 2040 3589 4533 6341 6363 6566 
#module 197 size: 5 bs: 0.421213
336 494 2875 4239 4652 
#module 198 size: 6 bs: 0.853557
1839 2291 2996 4638 4907 5422 
#module 199 size: 9 bs: 0.545196
863 1618 2088 2621 3626 3806 5535 6041 6179 
#module 200 size: 37 bs: 0.308359
119 156 443 1043 1264 1316 1545 1619 1793 1995 2009 2369 2427 2983 3072 3208 3421 3696 3777 3901 4161 4620 4691 4874 5109 5354 5534 5581 5728 6010 6237 6339 6380 6425 6518 6647 6812 
#module 201 size: 6 bs: 0.753001
308 505 1663 4048 4370 6756 
#module 202 size: 7 bs: 0.313582
471 647 1250 2788 3866 4407 5233 
#module 203 size: 11 bs: 0.840972
1017 1149 2002 2303 3451 3680 3724 5012 5322 5364 6538 
#module 204 size: 9 bs: 0.106985
339 409 678 700 3228 3311 3758 3828 5296 
#module 205 size: 6 bs: 0.448776
2563 2993 3170 3314 4338 5993 
#module 206 size: 10 bs: 0.109836
960 1840 3012 3426 3642 3808 4133 4246 5662 5668 
#module 207 size: 7 bs: 0.281129
1261 2175 2299 2642 4337 5889 6657 
#module 208 size: 14 bs: 0.18626
842 1081 1745 2019 2481 3217 3786 4045 5274 5830 6493 6783 6784 6888 
#module 209 size: 4 bs: 0.809817
939 2193 3310 4213 
#module 210 size: 17 bs: 0.886664
90 177 196 624 950 1340 1788 1997 3336 3742 3940 3961 4347 5542 5786 6442 6688 
#module 211 size: 5 bs: 0.302122
695 1114 1416 2405 2718 
#module 212 size: 15 bs: 0.671095
374 530 752 758 1436 2503 3025 3774 3995 4111 4197 4346 5201 6301 6365 
#module 213 size: 14 bs: 0.602549
20 640 1848 2571 2845 2866 3373 3827 3917 4419 4481 5389 5509 6459 
#module 214 size: 26 bs: 0.474813
181 656 1107 1167 1186 1285 1349 1535 2337 2420 2969 3408 3685 3722 3736 4038 4358 4711 4714 4806 5114 5532 5752 5987 6255 6331 
#module 215 size: 8 bs: 0.110427
146 286 1404 2525 3479 3739 5454 5700 
#module 216 size: 11 bs: 0.527778
110 1940 2016 2306 2779 3457 3604 3839 4932 5285 5985 
#module 217 size: 8 bs: 0.238676
869 1687 1981 2027 4192 4700 6693 6827 
#module 218 size: 10 bs: 0.136514
256 556 1999 2153 4351 6134 6391 6619 6631 6685 
#module 219 size: 5 bs: 0.343001
3028 3899 3900 4392 5910 
#module 220 size: 4 bs: 0.831674
1548 2189 5703 6279 
#module 221 size: 7 bs: 0.701642
512 1465 2406 2862 3411 4454 5409 
#module 222 size: 44 bs: 0.492939
163 394 891 1023 1202 1700 1891 1978 2166 2366 2437 2464 2618 2631 2917 2929 2959 3043 3245 3355 3406 3455 3689 3749 3809 4156 4228 4401 4442 4514 4590 4617 4639 4651 4879 5009 5788 5843 5857 6177 6290 6336 6449 6475 
#module 223 size: 20 bs: 0.210066
72 529 579 1583 1855 2035 2191 2195 2198 2535 2706 3319 3677 4668 4677 4798 4846 5546 5848 6741 
#module 224 size: 18 bs: 1.05221
548 603 637 716 1437 2041 2425 2480 3017 3090 3298 3820 4086 4468 4992 5355 5457 6164 
#module 225 size: 5 bs: 0.248531
332 2953 3688 6436 6554 
#module 226 size: 8 bs: 0.110464
827 865 2034 2440 3576 5651 5851 6637 
#module 227 size: 19 bs: 0.352756
46 108 816 1084 1217 1350 1920 2210 2414 2614 3140 3171 3285 3447 3651 4136 5015 5018 5412 
#module 228 size: 15 bs: 0.736066
755 1385 1708 2910 2939 3918 4037 4478 4688 4740 5984 6235 6398 6586 6766 
#module 229 size: 5 bs: 0.518187
569 2858 5369 6135 6476 
#module 230 size: 28 bs: 1.02942
599 715 791 886 922 1262 1588 1738 1757 1810 1887 2062 2311 2583 2632 2700 3449 3471 3711 4163 4180 4291 4428 4462 4824 5106 5677 5716 
#module 231 size: 4 bs: 0.47629
1759 2185 3278 5910 
#module 232 size: 15 bs: 0.363118
120 741 1917 2117 2521 2628 2669 2778 2783 3174 3466 3629 4653 5058 5313 
#module 233 size: 21 bs: 0.309546
282 837 847 1096 2094 3484 3553 3856 3936 4002 4397 4593 4817 4857 4865 5209 5636 5911 6052 6202 6210 
#module 234 size: 27 bs: 1.08284
113 513 538 898 1080 1637 1726 1822 1823 2466 2601 2847 3202 3443 3454 3904 4140 4221 4540 5197 5211 5227 5241 5860 5874 6368 6550 
#module 235 size: 11 bs: 0.60124
169 713 2724 3122 3463 3483 3910 4987 5651 5821 6521 
#module 236 size: 5 bs: 0.289837
3276 3296 3529 3658 6060 
#module 237 size: 19 bs: 0.69627
641 874 1257 1733 1833 1892 2470 2861 3064 3623 3804 4591 4649 5212 5671 5950 6383 6585 6745 
#module 238 size: 5 bs: 0.675804
666 1310 1877 4258 5795 
#module 239 size: 6 bs: 0.257681
3075 3327 4797 5393 6124 6561 
#module 240 size: 5 bs: 0.334746
3571 3615 5573 6231 6348 
#module 241 size: 30 bs: 0.993226
3 595 1033 1363 1391 1497 1530 1761 1944 2197 2465 3344 3361 3444 3679 3782 3875 3876 4089 4640 5380 5634 5953 6249 6297 6330 6337 6401 6577 6613 
#module 242 size: 32 bs: 0.966648
155 490 782 992 1677 1768 1775 1862 2188 2247 2264 2418 2550 2732 3350 3371 3563 3608 3670 3679 3687 3915 4051 4801 4803 5074 5358 5420 5462 5635 6162 6675 
#module 243 size: 51 bs: 0.957295
109 178 254 525 729 980 1203 1319 1430 1872 1968 1969 1988 2106 2218 2295 2391 2449 2566 2572 2622 2680 2709 2887 3081 3110 3248 3345 3364 3557 3656 3869 3994 4059 4096 4430 4530 4663 4738 5079 5430 5480 5574 5579 5759 5846 6089 6122 6153 6879 6906 
#module 244 size: 7 bs: 0.364309
1473 1509 3103 4441 6025 6375 6695 
#module 245 size: 13 bs: 0.361804
269 297 299 367 1993 2685 4126 4408 4648 5047 5522 5872 5939 
#module 246 size: 3 bs: 0.645804
2635 3499 3682 
#module 247 size: 11 bs: 0.734409
32 129 689 1703 2689 3924 4284 4298 4916 5910 6141 
#module 248 size: 11 bs: 0.60282
323 362 530 724 941 2533 3512 5272 5331 5408 5664 
#module 249 size: 111 bs: 0.335158
114 159 325 359 382 451 621 643 790 823 850 894 916 932 958 1253 1283 1319 1399 1515 1551 1630 1747 1769 1779 1878 1950 1975 1984 1985 2012 2089 2106 2211 2244 2254 2334 2374 2502 2606 2611 2680 2687 2730 2760 2799 2833 2938 3146 3176 3218 3256 3281 3326 3337 3389 3441 3474 3700 3953 3998 4112 4131 4155 4272 4294 4307 4341 4381 4399 4404 4430 4483 4530 4568 4899 4950 4966 5042 5066 5071 5173 5213 5335 5466 5511 5579 5587 5589 5679 5717 5763 5836 5888 5945 6030 6089 6168 6190 6240 6252 6307 6338 6353 6440 6463 6563 6624 6665 6895 6903 
#module 250 size: 13 bs: 0.738635
1403 1561 3231 3364 3476 3541 4195 4622 5086 5158 6000 6086 6388 
#module 251 size: 22 bs: 0.491661
392 727 1158 1679 2132 2433 2495 2725 3262 3312 3834 4019 4066 4405 4935 5356 5375 5504 5920 6112 6491 6731 
#module 252 size: 19 bs: 0.769079
460 1670 1864 2142 2415 2461 2677 2913 3487 3819 3896 5294 5638 5658 6077 6262 6753 6797 6880 
#module 253 size: 16 bs: 0.969198
625 655 966 1315 1774 2765 3239 3259 3414 3632 3867 4881 5099 5561 6526 6671 
#module 254 size: 6 bs: 0.321904
2551 3187 4043 4333 5094 5489 
#module 255 size: 14 bs: 0.434489
402 1508 1635 2225 2339 3238 3662 4344 4731 4848 4893 5143 5704 6332 
#module 256 size: 8 bs: 0.500118
1664 1842 2054 4788 5329 6567 6679 6765 
#module 257 size: 19 bs: 1.03372
200 316 539 996 1241 1758 2015 2127 2516 2544 4360 4405 4439 4450 4913 5005 5382 5655 6612 
#module 258 size: 8 bs: 0.906433
365 429 973 1853 1901 3440 3612 4141 
#module 259 size: 7 bs: 0.221537
544 597 1376 1888 2681 4715 4768 
#module 260 size: 6 bs: 0.492711
577 1225 2752 3051 3971 4422 
#module 261 size: 5 bs: 0.344716
1663 4279 4438 6172 6254 
#module 262 size: 8 bs: 1.00903
68 322 384 742 1356 1781 2522 6777 
#module 263 size: 19 bs: 0.519886
477 657 1134 1966 2176 3268 3368 3984 4069 4363 4603 4743 4874 5111 5258 5456 6064 6143 6271 
#module 264 size: 7 bs: 0.978691
1126 1778 2046 2722 2850 5960 6321 
#module 265 size: 7 bs: 0.535127
55 2392 2561 2850 3270 6622 6763 
#module 266 size: 6 bs: 0.81298
148 235 2029 3461 3845 4579 
#module 267 size: 33 bs: 0.400276
33 117 267 298 669 743 822 1181 1386 2538 2612 2747 2839 3059 3194 3456 3557 3619 3647 3663 3830 3865 4158 4367 4391 4954 4959 5171 5554 5986 6209 6509 6650 
#module 268 size: 20 bs: 0.145289
421 542 671 1058 1148 1890 2007 2067 3596 3779 4502 4922 5419 5962 5963 6499 6655 6716 6779 6870 
#module 269 size: 8 bs: 0.197413
173 2704 4107 4777 5291 5701 5908 6825 
#module 270 size: 15 bs: 0.904509
15 450 942 943 1873 2026 2070 2163 3648 4288 4824 5610 6435 6449 6475 
#module 271 size: 9 bs: 0.890729
216 648 1563 1683 1949 2982 3970 4184 4320 
#module 272 size: 14 bs: 0.347858
172 970 1329 1618 2568 2575 2914 3729 3949 5437 5930 6261 6584 6673 
#module 273 size: 5 bs: 0.10609
2368 3147 4067 6022 6115 
#module 274 size: 3 bs: 0.475821
3805 5565 6207 
#module 275 size: 8 bs: 0.104979
832 1382 1610 3179 3662 5243 5808 5961 
#module 276 size: 4 bs: 0.749266
4368 4390 6636 6773 
#module 277 size: 10 bs: 0.724987
370 672 1032 2190 3047 5216 5548 5810 6444 6793 
#module 278 size: 22 bs: 0.904066
74 465 701 1076 1306 1658 2439 2554 3111 3706 3769 3858 4085 4199 4289 4578 4736 4778 5520 5640 6161 6807 
#module 279 size: 31 bs: 0.16113
202 574 686 1012 1082 1166 1576 1674 1942 2349 2733 2758 2766 2823 2932 2976 3063 3078 3445 3565 3669 4127 4208 4574 5023 5642 6017 6191 6227 6408 6474 
#module 280 size: 20 bs: 0.84889
50 644 843 2099 2444 2652 2682 2986 3507 3578 4121 4225 4556 4615 5019 5174 5254 5544 6780 6839 
#module 281 size: 21 bs: 0.475166
287 949 1294 1913 1939 2318 2595 2751 3151 3975 4416 4435 4770 4870 4917 5431 5518 5968 5995 6405 6860 
#module 282 size: 8 bs: 0.302729
706 860 1809 2435 3363 3644 5491 6761 
#module 283 size: 8 bs: 0.48388
846 1062 1536 1945 4472 4636 5720 6426 
#module 284 size: 20 bs: 0.832813
379 534 622 655 661 1015 1138 1174 1432 1851 2066 3177 3263 3386 4297 4402 4972 5011 5185 6873 
#module 285 size: 6 bs: 0.15783
615 880 989 1870 4981 5775 
#module 286 size: 21 bs: 0.512652
285 541 986 1022 1131 1735 1928 2375 3367 3523 4484 4656 4825 4986 5178 5644 5768 6166 6364 6559 6811 
#module 287 size: 64 bs: 0.649908
5 142 168 329 361 492 566 626 823 844 931 1050 1122 1131 1274 1395 1516 1651 1815 1860 1912 1928 1936 2012 2144 2266 2352 2360 2389 2417 2455 2492 2596 2919 2962 3000 3250 3335 3511 3587 3731 3852 4081 4496 4656 4672 4963 4980 5008 5048 5402 5465 5524 5620 5644 5831 5893 6028 6031 6149 6217 6302 6364 6709 
#module 288 size: 8 bs: 0.494311
719 1221 1820 2022 2763 4283 4933 6574 
#module 289 size: 14 bs: 0.226043
115 1649 1718 2245 2257 2322 3149 3212 3329 3622 4385 4826 5038 5040 
#module 290 size: 9 bs: 0.413918
663 710 2478 3962 5007 5073 5110 6250 6792 
#module 291 size: 24 bs: 1.00072
121 1101 1234 1277 1289 1423 1486 1776 2304 2956 3306 3661 3980 4557 4938 5118 5210 5395 5467 5569 5627 5643 5735 6184 
#module 292 size: 17 bs: 0.874118
76 493 870 1357 2598 2708 2754 2977 3045 3224 3374 3832 4905 5802 6129 6188 6607 
#module 293 size: 5 bs: 0.643621
184 2015 2480 4773 4864 
#module 294 size: 15 bs: 0.239386
103 733 1579 1669 2056 2174 2559 4162 4470 4962 5557 5616 6020 6090 6465 
#module 295 size: 17 bs: 0.318026
1433 1625 1931 2123 2157 2432 2584 2817 3023 3417 3520 3521 3593 3734 3967 4252 6461 
#module 296 size: 15 bs: 0.513642
47 189 310 736 945 1591 2044 2673 3099 3936 4173 4967 4988 5823 6919 
#module 297 size: 31 bs: 0.121006
152 183 271 361 481 594 954 1071 1150 1415 1639 1711 1773 1784 1941 2221 2545 3203 3287 3391 3490 3741 3919 3935 4011 4137 4251 4983 5247 6721 6849 
#module 298 size: 7 bs: 0.612728
921 1574 1689 1818 2042 3800 4648 
#module 299 size: 6 bs: 0.548337
610 1653 1796 2219 2527 5998 
#module 300 size: 5 bs: 0.618486
125 2228 2398 5494 6698 
#module 301 size: 12 bs: 0.654856
101 1402 1587 1780 2333 2651 3573 4758 5198 5834 6082 6815 
#module 302 size: 3 bs: 0.825841
240 474 3219 
#module 303 size: 6 bs: 0.249708
1038 2077 3284 4566 4975 6346 
#module 304 size: 10 bs: 0.16223
281 835 2206 2491 3114 3671 4915 6275 6393 6409 
#module 305 size: 8 bs: 0.609162
773 1070 3787 3885 4498 5443 5647 5724 
#module 306 size: 10 bs: 0.733753
510 1160 1688 2594 3185 3812 3850 5188 6018 6862 
#module 307 size: 4 bs: 0.297116
875 4293 5184 5288 
#module 308 size: 7 bs: 0.172123
518 1381 2141 3489 3542 4718 6443 
#module 309 size: 23 bs: 0.39626
340 927 991 1083 1304 2050 2083 2198 2350 2405 3681 4811 4839 5432 5549 5654 5730 5868 6085 6286 6362 6486 6843 
#module 310 size: 7 bs: 0.75949
485 751 1931 2574 2585 3342 5637 
#module 311 size: 11 bs: 0.670038
161 1052 1668 1955 3422 3888 4692 5840 6146 6159 6517 
#module 312 size: 7 bs: 0.751025
809 1553 3667 4623 5501 5832 6886 
#module 313 size: 16 bs: 0.445983
572 719 1179 1322 2140 2361 3255 3279 3725 3893 4010 4318 4575 4964 4974 5037 
#module 314 size: 21 bs: 0.262646
133 617 792 1005 1135 1678 1732 2047 2285 2410 2756 2881 3120 3126 3227 3957 4628 5026 6508 6578 6629 
#module 315 size: 36 bs: 0.579429
248 263 284 293 424 603 673 783 1133 1293 1546 1547 1588 1641 2012 2048 2167 2223 2632 3271 3273 3369 3456 3597 3618 3743 4022 4200 4273 4302 4921 5087 5218 6590 6664 6738 
#module 316 size: 27 bs: 1.06862
353 836 1117 1460 1799 2008 2273 2459 2553 3031 3226 3335 3376 4211 4250 4394 4842 4995 5021 5075 5082 5220 5563 6734 6801 6847 6866 
#module 317 size: 23 bs: 0.965407
467 777 1051 1119 1214 1675 2364 2401 2652 2856 2902 2971 3339 3434 3630 3683 3948 4149 4616 5623 5847 6325 6484 
#module 318 size: 7 bs: 0.207988
559 1154 1455 1527 1634 3258 3535 
#module 319 size: 20 bs: 1.01003
417 572 926 1029 1116 1409 1612 1717 2235 2609 2634 3322 3600 4821 5148 5946 6052 6390 6454 6802 
#module 320 size: 5 bs: 0.795294
76 94 1750 4853 6060 
#module 321 size: 7 bs: 0.6196
391 402 871 1582 1752 1959 4082 
#module 322 size: 6 bs: 0.733518
135 1679 4220 4295 5988 6182 
#module 323 size: 7 bs: 0.293198
1265 1983 2633 5600 5726 5874 6211 
#module 324 size: 9 bs: 1.01246
78 244 906 1299 1469 2303 2474 5247 5255 
#module 325 size: 9 bs: 0.711151
96 130 1482 1972 3595 3694 4505 5453 5718 
#module 326 size: 7 bs: 0.643862
720 2950 3169 3206 4010 4403 5265 
#module 327 size: 13 bs: 0.879562
635 716 1194 1914 2137 2801 3089 4205 4858 4887 5575 6467 6524 
#module 328 size: 45 bs: 0.766373
39 183 222 303 326 781 800 821 1115 1217 1640 1744 1868 1925 1954 1974 2227 2447 2638 2711 2844 2855 2865 3153 3181 3262 3662 3754 3910 4209 5052 5098 5156 5179 5190 5363 5379 5928 6130 6212 6521 6536 6733 6761 6769 
#module 329 size: 15 bs: 0.805272
523 604 1482 3133 3643 4006 4475 4917 5044 5261 5778 5875 6208 6494 6623 
#module 330 size: 7 bs: 0.337173
40 613 2170 3737 4023 5072 6776 
#module 331 size: 13 bs: 0.180572
429 452 675 1147 2069 3104 3496 4424 4878 5606 5989 6603 6845 
#module 332 size: 13 bs: 0.291177
612 977 979 1231 1581 2691 3572 4183 4334 5016 5562 5866 6040 
#module 333 size: 7 bs: 1.06739
1590 3002 4013 4795 5639 5923 6013 
#module 334 size: 9 bs: 0.220097
91 185 2095 2897 4064 4951 5951 6179 6272 
#module 335 size: 11 bs: 0.66404
165 1571 2224 3559 3815 4821 4853 5272 6104 6473 6608 
#module 336 size: 13 bs: 0.406801
176 735 1957 3010 3523 3765 3981 3997 4440 5488 5651 6189 6386 
#module 337 size: 25 bs: 0.390715
37 801 1196 1661 1995 2017 2076 2130 2218 2680 3231 3624 3999 4027 4187 4358 5193 5458 5484 5553 5759 6065 6507 6666 6895 
#module 338 size: 12 bs: 0.928096
289 1671 2189 2582 2822 4504 5130 5298 5331 5767 6776 6787 
#module 339 size: 9 bs: 0.887822
2995 3123 5054 5348 5382 5399 6181 6760 6885 
#module 340 size: 9 bs: 1.02047
76 636 1306 1580 3002 4305 5331 5382 6776 
#module 341 size: 43 bs: 0.690324
1 18 788 1392 1721 1755 1814 2011 2098 2299 2309 2507 2514 3136 3231 3253 3265 3323 3514 3823 3826 4185 4200 4361 4414 4415 4476 4577 4936 5122 5154 5231 5440 5531 5540 5773 6015 6027 6150 6310 6455 6598 6635 
#module 342 size: 17 bs: 0.847997
21 381 466 588 699 3450 3496 3937 4254 4748 4948 6051 6389 6482 6547 6791 6813 
#module 343 size: 18 bs: 0.715604
122 221 884 1367 1534 1634 1697 2733 4323 4597 5063 5210 5428 5580 5731 6439 6537 6648 
#module 344 size: 6 bs: 1.0729
605 1278 1713 2234 3297 4456 
#module 345 size: 26 bs: 0.353679
558 1143 1230 1268 1719 1804 1881 1968 2290 2315 2576 2848 3370 3621 3807 3906 4171 4280 4571 4992 5159 5800 6058 6304 6523 6678 
#module 346 size: 11 bs: 0.389074
536 676 988 1055 2230 2813 3330 3748 6713 6719 6855 
#module 347 size: 12 bs: 1.06217
183 348 361 565 1995 2509 2933 3178 4081 4265 5581 6516 
#module 348 size: 4 bs: 0.721001
57 4681 5551 6691 
#module 349 size: 5 bs: 0.154421
16 225 415 4012 4696 
#module 350 size: 11 bs: 1.08852
573 1336 1640 2283 3027 3635 4756 5605 5781 6216 6712 
#module 351 size: 18 bs: 0.896208
319 582 696 774 867 1068 1676 1988 2274 3127 4174 4526 4735 4760 5611 6518 6582 6725 
#module 352 size: 9 bs: 0.755783
741 2040 3188 3907 4047 4276 4890 6703 6739 
#module 353 size: 6 bs: 0.921303
61 876 2182 3354 3659 5455 
#module 354 size: 12 bs: 0.980946
86 658 1217 1293 2044 2183 3584 4005 4369 5045 5826 6626 
#module 355 size: 3 bs: 0.520479
3190 4882 6694 
#module 356 size: 6 bs: 0.884046
934 955 2165 2819 3042 4403 
#module 357 size: 47 bs: 0.149843
408 482 598 849 1184 1594 1632 1765 1828 1841 1991 2061 2071 2121 2276 2475 2605 2656 2660 2698 2757 2854 2873 3059 3080 3116 3246 3266 3326 3485 3590 3838 4150 4237 4601 5035 5307 5452 5602 5803 5992 6047 6186 6221 6570 6692 6856 
#module 358 size: 26 bs: 0.85475
293 439 719 799 989 1079 1412 1547 1961 1986 2324 2612 3156 3369 3605 3619 3640 3892 3963 4391 4530 4782 4787 5399 5629 6738 
#module 359 size: 24 bs: 0.21858
1209 1251 1542 1643 2093 2123 2179 2324 2395 2816 3146 3274 3646 3672 4116 4528 4934 4974 5182 5347 5487 6005 6662 6708 
#module 360 size: 8 bs: 1.00951
1614 2189 2659 2841 4019 5927 5944 6080 
#module 361 size: 40 bs: 1.0764
242 420 550 591 616 787 834 948 1029 1095 1442 1506 1805 1882 2160 2238 2795 2972 3057 3145 3186 3705 3991 4123 4186 4256 4453 4494 4720 4759 4834 5228 5527 5632 5649 5764 5825 5921 5991 6295 
#module 362 size: 6 bs: 0.465284
2480 3402 5339 5707 6497 6549 
#module 363 size: 23 bs: 0.759229
244 756 770 1569 1707 2179 2426 2580 2636 2877 3394 3692 4354 4550 4661 4662 5236 5500 5584 5762 6300 6332 6546 
#module 364 size: 11 bs: 0.991617
369 956 1073 2354 3291 3723 3969 4695 4780 5032 6356 
#module 365 size: 15 bs: 0.37171
145 175 1426 2032 2454 2600 3040 3349 3496 3942 4072 4117 4282 6601 6654 
#module 366 size: 12 bs: 1.02765
32 72 389 2808 3825 4570 4774 5245 5512 6049 6103 6189 
#module 367 size: 6 bs: 0.588689
1786 2340 2689 4312 4566 5484 
#module 368 size: 21 bs: 0.520745
439 716 732 1078 1190 1396 1437 1562 1943 2279 2485 2880 3303 3446 3859 3887 4554 5013 5594 6374 6743 
#module 369 size: 28 bs: 0.259979
66 87 601 659 769 820 1259 1467 1579 2043 2060 2187 2475 2839 3173 3567 3709 3762 3889 4431 4841 5317 5956 6319 6434 6667 6686 6753 
#module 370 size: 47 bs: 0.844634
171 226 260 380 501 570 584 654 956 1272 1607 1608 1814 1931 2294 2315 2409 2828 2836 3136 3264 3502 3552 3647 3704 3826 3830 3867 3977 4092 4277 4482 4501 4546 4562 4576 5069 5086 5202 6180 6280 6388 6467 6548 6709 6724 6806 
#module 371 size: 37 bs: 0.202238
268 385 495 669 769 799 881 1007 1400 1629 1790 1909 1921 2032 2298 2486 2573 2617 2677 2817 2831 3094 3143 3173 3237 3560 3681 4209 4529 4796 4847 5052 6225 6326 6528 6660 6771 
#module 372 size: 7 bs: 0.543622
276 324 464 1106 1869 3210 4384 
#module 373 size: 23 bs: 0.507168
549 653 1158 1542 1643 1923 2093 2118 2324 2790 2830 2915 3184 3849 4054 4515 4930 5307 5366 5619 6114 6604 6744 
#module 374 size: 36 bs: 0.430538
127 243 777 805 1054 1146 1193 1531 1742 1763 1844 1998 2008 2496 2896 3390 3396 3418 3958 4016 4151 4168 4377 4630 4836 4978 5124 5135 5150 5897 6007 6203 6388 6483 6552 6646 
#module 375 size: 46 bs: 1.02735
150 182 478 533 683 814 985 1110 1112 1269 1782 1886 2111 2277 2351 2396 2424 2664 2901 2951 3041 3162 3232 3240 3746 3802 3902 3943 4030 4139 4255 4271 4542 4585 4625 4910 4941 5137 5157 5221 5770 5805 5891 6318 6371 6861 
#module 376 size: 38 bs: 0.995018
24 27 70 357 470 692 867 1037 1057 1127 1194 1309 1428 1616 1743 1824 1845 2024 2108 3049 3088 3635 3668 3890 4235 4598 4737 4866 4998 5163 5362 5538 6043 6126 6385 6615 6677 6872 
#module 377 size: 5 bs: 0.136305
1413 2650 3201 4318 5607 
#module 378 size: 69 bs: 0.679687
10 162 218 290 393 585 740 762 775 889 974 1019 1027 1088 1206 1321 1373 1384 1410 1570 1589 1598 1693 1895 1922 2081 2147 2319 2524 2558 2608 2653 2857 2988 2990 3221 3257 3282 3299 3400 3883 3925 3928 3968 4154 4202 4365 4425 4490 4588 4753 4886 4924 4943 4990 5217 5312 5414 5593 5653 5659 5688 5916 6193 6634 6701 6714 6774 6838 
#module 379 size: 9 bs: 1.05745
725 2966 3235 3680 3931 4352 4600 4943 6429 
#module 380 size: 15 bs: 0.131749
530 1688 1961 2324 2859 3017 3317 3438 3515 3672 3736 4890 4958 5514 5876 
#module 381 size: 10 bs: 0.510505
519 1519 1535 1741 3300 4230 5117 5144 5471 6480 
#module 382 size: 6 bs: 0.104468
461 1288 5341 6117 6383 6669 
#module 383 size: 11 bs: 0.841929
607 3062 3352 3674 4519 4934 5105 5360 5982 6069 6840 
#module 384 size: 17 bs: 0.267035
95 449 679 695 1691 1705 2220 2383 2746 3192 3388 3532 3546 3815 4177 5718 6421 
#module 385 size: 12 bs: 0.376353
307 1414 1767 1929 2884 3086 3269 3932 4098 4287 5051 6308 
#module 386 size: 15 bs: 1.01377
18 1225 2084 3242 3385 3920 4317 4423 5526 5869 6245 6581 6591 6704 6910 
#module 387 size: 11 bs: 0.283704
1565 2006 2365 3216 3346 4386 5751 6116 6515 6542 6659 
#module 388 size: 7 bs: 0.146177
64 708 2215 2387 3388 3684 6736 
#module 389 size: 112 bs: 1.07481
25 34 53 60 62 80 151 210 230 233 347 356 425 446 454 526 531 561 677 785 814 914 1090 1227 1260 1276 1481 1502 1504 1541 1564 1573 1578 1620 1652 1770 1849 1956 2068 2203 2284 2359 2385 2604 2619 2648 2749 2769 2849 2867 2879 2885 2904 3034 3137 3139 3254 3331 3356 3420 3525 3710 3793 3798 3886 4130 4179 4198 4212 4217 4376 4379 4429 4563 4582 4619 4675 4694 4809 4860 4873 4891 4955 5089 5199 5207 5257 5266 5276 5342 5444 5572 5698 5885 5943 5970 5973 6142 6183 6200 6251 6268 6312 6335 6410 6525 6565 6568 6597 6616 6726 6775 
#module 390 size: 7 bs: 0.490429
9 609 803 818 839 2967 4395 
#module 391 size: 11 bs: 0.352949
522 637 798 968 1183 2377 2746 2944 3730 4103 4676 
#module 392 size: 10 bs: 0.749016
106 1634 1979 2496 3096 3198 3333 4119 5901 6389 
#module 393 size: 5 bs: 0.919743
229 373 2636 4451 5823 
#module 394 size: 28 bs: 1.00169
12 48 445 730 1140 1282 1930 1968 2202 2536 2833 3424 3554 3952 4280 4391 4491 4504 4643 4880 4909 5800 5890 5914 5954 6033 6579 6891 
#module 395 size: 11 bs: 0.80391
301 674 899 1042 3107 4233 4792 5060 5344 5881 6488 
#module 396 size: 11 bs: 0.736866
2154 2829 3372 3697 4026 4267 4531 4898 4915 5035 5624 
#module 397 size: 8 bs: 0.671846
632 1575 2678 3393 4555 5007 6343 6796 
#module 398 size: 14 bs: 0.632623
219 983 1324 1646 1894 2893 3060 3607 4005 4852 5153 5486 5533 6170 
#module 399 size: 4 bs: 1.03895
1728 1729 2562 2835 
#module 400 size: 17 bs: 0.789948
442 506 601 1104 1153 1259 1911 2057 2267 2728 3848 3963 4500 4977 5244 5510 6129 
#module 401 size: 8 bs: 0.690167
459 817 1008 1644 1679 2013 3751 5754 
#module 402 size: 3 bs: 0.782374
721 753 3982 
#module 403 size: 14 bs: 0.953242
209 1058 1360 1692 2416 2872 3707 3763 4383 5127 5622 5794 5800 6580 
#module 404 size: 25 bs: 0.820147
202 306 618 952 1369 1405 1424 1617 1934 2164 2731 2980 3215 3380 3955 4011 4226 5088 5314 5500 5625 5938 6110 6734 6785 
#module 405 size: 19 bs: 0.47463
38 360 683 1337 1505 1584 1723 1808 1965 2208 2892 2992 3693 3695 5262 5270 5337 5435 6355 
#module 406 size: 8 bs: 0.639632
679 1102 1660 1755 3192 4064 4330 6913 
#module 407 size: 7 bs: 0.988771
313 489 1606 2537 4887 5941 6489 
#module 408 size: 21 bs: 0.516338
439 476 602 603 1908 2324 2341 2486 2577 2674 2676 3017 3030 3594 4056 4336 4460 4888 5366 5540 6432 
#module 409 size: 12 bs: 0.17167
317 403 1178 1219 1786 1963 2876 3362 4441 4659 6223 6617 
#module 410 size: 18 bs: 0.25926
71 576 613 1304 1428 2096 2216 2565 2863 3017 3497 3603 3614 3930 4466 4868 4908 6654 
#module 411 size: 21 bs: 0.595646
183 348 361 1217 1266 1267 1388 2012 2545 2596 3359 4005 4209 4792 4904 5459 5490 5642 5644 6073 6709 
#module 412 size: 19 bs: 1.04746
177 1554 2454 2474 3113 3183 3431 3641 4009 4355 5051 5161 5385 5695 5769 6166 6260 6362 6506 
#module 413 size: 17 bs: 0.175168
365 1622 1698 1777 2260 2482 2697 2984 3001 3135 3403 3660 4689 6263 6379 6599 6901 
#module 414 size: 10 bs: 1.09038
520 1046 1602 2672 2715 3882 3965 4309 5206 5253 
#module 415 size: 23 bs: 0.476155
226 235 338 572 613 718 872 1121 1158 1716 2362 2780 3017 3627 3856 3993 4311 4853 5456 5528 5563 5591 6320 
#module 416 size: 26 bs: 0.889098
212 600 881 917 1116 1213 1365 1393 1760 2380 2430 2620 2727 3014 3100 3290 3826 4091 4596 5044 5582 5621 6015 6347 6361 6661 
#module 417 size: 6 bs: 1.04137
559 1215 2240 2756 4765 6524 
#module 418 size: 103 bs: 0.646048
18 126 158 167 247 255 411 587 660 691 804 806 910 1025 1137 1171 1207 1211 1225 1238 1354 1361 1366 1459 1474 1685 1734 1893 1985 2039 2055 2061 2149 2173 2248 2531 2571 2603 2613 2688 2714 2733 2870 3037 3098 3242 3328 3409 3436 3452 3498 3601 3713 3826 3842 3923 3931 3972 4166 4172 4193 4214 4269 4436 4518 4534 4545 4637 4767 4775 4806 4871 5044 5056 5214 5267 5396 5416 5532 5597 5620 5675 5693 5694 5746 5851 5912 5949 6034 6044 6175 6197 6226 6296 6431 6527 6639 6697 6740 6761 6835 6876 6877 
#module 419 size: 13 bs: 0.216596
684 915 1312 2443 2523 4362 4458 4851 5078 5116 5814 6300 6332 
#module 420 size: 15 bs: 1.03949
32 407 946 1931 2324 2331 2998 3017 3515 4041 4343 4437 4974 5053 5504 
#module 421 size: 12 bs: 0.615241
259 1396 1850 2944 2974 2998 3836 4103 4104 5046 6080 6706 
#module 422 size: 17 bs: 0.149817
972 1477 1555 1801 3148 3332 3829 4563 4955 5251 5340 5970 6107 6113 6133 6332 6498 
#module 423 size: 56 bs: 1.07732
67 306 635 727 740 1272 1393 1409 1470 1477 1495 1679 2105 2181 2382 2393 2404 2495 2729 2805 3005 3125 3243 3292 3834 3850 3996 4178 4375 4705 4723 4935 4955 5050 5096 5340 5375 5396 5593 5856 5886 5920 6074 6157 6366 6369 6431 6439 6491 6551 6601 6627 6643 6731 6800 6859 
#module 424 size: 34 bs: 0.319183
48 186 388 528 1250 1259 1282 1342 1874 2265 2423 2458 2842 3273 3585 3732 3745 4138 4207 4799 4876 4889 5003 5540 5553 5759 5800 6048 6357 6507 6518 6575 6627 6895 
#module 425 size: 9 bs: 0.528108
1077 1173 1727 1904 2053 3508 4219 4573 5712 
#module 426 size: 23 bs: 0.77742
268 1133 1189 1296 1814 1874 2025 2109 2186 2221 2790 3026 3264 3273 3410 3510 4083 4367 4546 4869 5085 5800 6667 
#module 427 size: 111 bs: 0.282332
142 204 251 309 395 397 430 432 538 766 867 868 967 984 1113 1220 1256 1266 1286 1400 1427 1638 1731 1742 1790 1806 1909 1983 2059 2158 2263 2280 2296 2371 2428 2637 2733 2742 2776 2869 2874 2878 2905 3046 3050 3087 3095 3115 3167 3168 3211 3239 3273 3287 3376 3477 3505 3527 3544 3610 3631 3665 3703 3917 3936 3941 3959 3973 3984 4092 4097 4208 4378 4400 4410 4443 4462 4526 4573 4665 4793 4816 4824 4836 4874 4892 5021 5127 5128 5152 5175 5197 5218 5220 5224 5577 5581 5622 6002 6015 6081 6145 6191 6283 6425 6433 6520 6602 6710 6753 6847 
#module 428 size: 7 bs: 1.0799
3437 3472 3690 4299 4701 6352 6462 
#module 429 size: 12 bs: 0.243369
238 709 1197 1398 3200 3324 3790 5555 6020 6178 6465 6514 
#module 430 size: 42 bs: 0.716637
305 358 534 717 1431 1588 1819 1863 1910 1964 1992 2136 2828 3050 3195 3418 3958 3967 3970 3976 4017 4134 4144 4164 4223 4247 4274 4304 4561 4939 5122 5169 5197 5281 5628 6034 6048 6292 6342 6354 6504 6646 
#module 431 size: 8 bs: 0.989333
1663 1813 2020 2472 3561 4128 5556 6689 
#module 432 size: 10 bs: 0.164651
232 532 2593 2723 3944 4215 4268 4301 4339 6023 
#module 433 size: 9 bs: 0.128177
1812 2181 3905 5981 6060 6092 6231 6242 6739 
#module 434 size: 14 bs: 0.139319
664 718 1655 2411 3121 3366 3620 3764 4325 4477 5284 5887 6045 6832 
#module 435 size: 18 bs: 0.888035
58 72 397 1370 1420 1932 1960 2131 2926 3370 3815 4343 4525 4786 5219 5278 5473 6224 
#module 436 size: 10 bs: 0.571882
547 934 1807 3375 3423 4503 4976 5441 6102 6323 
#module 437 size: 27 bs: 0.801961
136 294 372 509 554 1144 1443 1624 1973 2243 2345 2520 2586 2787 2900 3358 3625 3794 5401 5512 5609 5779 5801 6096 6165 6588 6804 
#module 438 size: 52 bs: 0.598494
388 487 1054 1212 1266 1388 1435 1603 1631 1866 1933 2129 2308 2321 2460 2496 2532 2649 2805 3152 3197 3353 3418 3603 3655 3718 3831 3853 3854 3958 3992 4016 4076 4168 4443 4626 4757 4822 4836 4885 4911 4978 5069 5373 5410 5525 5773 6063 6073 6552 6816 6889 
#module 439 size: 12 bs: 0.486564
1514 1544 2822 2963 3365 3868 4641 4804 5550 5782 6011 6715 
#module 440 size: 14 bs: 0.714712
103 1612 2803 3105 3288 3357 4132 4218 4686 4752 5001 5119 5797 6828 
#module 441 size: 10 bs: 0.495914
1305 1937 2739 3011 3322 5446 5749 6070 6187 6416 
#module 442 size: 80 bs: 0.105364
4 51 56 131 179 279 348 374 436 482 483 630 685 697 808 920 1270 1437 1588 1659 1691 1827 1990 2123 2127 2179 2207 2302 2324 2384 2549 2833 2898 3050 3079 3119 3441 3522 3560 3569 3575 3649 3664 3708 3817 3870 3964 4101 4135 4164 4306 4389 4459 4517 4558 4712 4880 4906 5078 5134 5164 5307 5571 5584 5658 5737 5806 5898 5934 6244 6340 6423 6501 6528 6541 6573 6590 6708 6753 6817 
