#module 0 size: 10 bs: 1.07166
1531 1757 1935 3274 4571 4580 5393 5549 6141 6237 
#module 1 size: 5 bs: 0.28989
3725 4424 5565 5673 6142 
#module 2 size: 8 bs: 0.269568
869 2238 3051 3643 3781 6621 6823 6885 
#module 3 size: 5 bs: 0.890201
1465 1545 1602 1706 5984 
#module 4 size: 12 bs: 0.362648
548 711 1450 2057 2763 2834 4970 5270 5669 5672 5769 6364 
#module 5 size: 6 bs: 0.964428
962 3016 3501 3617 4129 6824 
#module 6 size: 4 bs: 0.746329
1143 3243 5951 6902 
#module 7 size: 15 bs: 0.83585
84 1077 1165 1175 1202 1455 1594 2757 2873 3134 3436 3798 3827 4633 6757 
#module 8 size: 44 bs: 0.861619
133 200 207 529 653 827 829 1443 1462 1547 1683 1954 1993 2103 2158 2368 2510 2702 2709 2728 3116 3448 3653 3844 3873 3925 4020 4044 4148 4442 4688 4745 5101 5129 5205 5371 5604 5792 6350 6353 6371 6396 6569 6602 
#module 9 size: 31 bs: 0.586049
375 601 624 713 768 1287 1384 1584 1974 1977 2205 2789 2899 2949 3300 3375 3860 4073 4283 4623 4813 5305 5374 5677 5799 5804 6300 6379 6654 6673 6827 
#module 10 size: 14 bs: 0.63933
672 836 1036 1231 1597 2148 2393 2644 2973 3009 3112 3505 6193 6915 
#module 11 size: 40 bs: 0.978282
53 448 580 685 753 805 868 1414 1439 1901 1989 2038 2244 2526 2780 2839 2911 3159 3479 3542 4111 4170 4182 4314 4408 4481 4516 4651 4808 4845 5265 5574 5625 5986 5994 6112 6172 6319 6385 6808 
#module 12 size: 4 bs: 1.09247
1464 3219 6774 6838 
#module 13 size: 4 bs: 0.503476
1076 2932 5751 6512 
#module 14 size: 111 bs: 0.784547
34 104 107 214 475 582 585 652 681 759 770 845 922 989 1021 1507 1593 1650 1667 1688 1715 1860 1929 1952 1953 2040 2120 2164 2260 2295 2541 2589 2729 2807 2830 2844 2892 2896 2925 3025 3050 3059 3068 3160 3178 3237 3288 3386 3388 3399 3575 3667 3702 3758 3899 3902 3928 3998 4034 4095 4097 4136 4188 4227 4272 4379 4506 4527 4541 4567 4620 4641 4665 4831 4898 4912 4972 4988 4994 5008 5028 5190 5221 5261 5336 5418 5432 5435 5455 5602 5655 5664 5685 5732 5838 5864 5876 6037 6082 6128 6144 6190 6207 6241 6285 6388 6477 6710 6767 6784 6831 
#module 15 size: 41 bs: 0.393861
305 449 547 777 783 837 981 1120 1163 1189 1312 1534 1739 1830 1833 2017 2676 2795 3082 3092 3115 3217 3235 3261 3319 3582 4354 4365 4756 4917 5030 5210 5279 5763 6075 6264 6270 6394 6397 6708 6785 
#module 16 size: 25 bs: 1.01879
35 270 408 558 1260 1539 1685 1816 2078 2289 2692 3750 4259 4280 4525 4756 4766 5263 5287 5423 6042 6303 6465 6722 6773 
#module 17 size: 13 bs: 0.612543
312 552 1624 1646 1665 2321 3745 4761 4847 4880 5458 5464 5946 
#module 18 size: 5 bs: 0.10194
619 1542 2271 5040 5051 
#module 19 size: 10 bs: 0.661639
236 1194 1408 2086 3004 3898 4068 4242 4456 5738 
#module 20 size: 49 bs: 0.218509
197 293 422 536 545 583 585 602 677 721 830 833 849 1251 1544 1735 1956 2098 2126 2581 2585 2644 2695 2961 3036 3143 3344 3388 3410 3920 4526 4527 4587 4682 4703 4778 4884 4991 5028 5170 5551 5602 5866 6128 6181 6188 6207 6314 6815 
#module 21 size: 36 bs: 0.616351
6 222 432 442 477 592 729 1239 1295 1574 1954 2299 2458 2461 2477 2711 3470 3475 3513 3665 4002 4089 4177 4381 4828 5074 5091 5166 5786 5800 6021 6287 6392 6424 6557 6596 
#module 22 size: 23 bs: 1.0759
907 1291 1431 1648 2138 2387 2452 3309 3441 3831 3838 4067 4108 4232 4247 4430 4489 5154 5420 5854 6225 6656 6798 
#module 23 size: 49 bs: 0.227157
60 271 502 575 581 626 732 812 835 942 1059 1225 1515 1604 1727 1848 2087 2206 2231 2301 2576 2827 2856 2985 3002 3261 3376 3515 3571 3664 3693 3819 4230 4235 4252 4385 4556 4603 4678 4776 4836 4869 5227 5484 5841 6056 6526 6527 6581 
#module 24 size: 70 bs: 0.692427
81 238 421 471 473 669 692 694 806 831 867 1029 1048 1122 1157 1181 1283 1444 1454 1533 1774 1807 1902 1964 2018 2142 2171 2214 2246 2247 2408 2432 2516 2590 2656 2740 2782 2863 3057 3100 3119 3153 3224 3284 3396 3459 3517 3608 3853 3922 4026 4097 4390 4545 4666 4733 4888 5009 5055 5163 5250 5314 5328 5445 5498 5615 6212 6456 6773 6847 
#module 25 size: 24 bs: 1.00457
38 304 423 1034 1068 1321 1470 1489 1642 1695 1734 2703 2824 3162 3552 3939 4121 4451 4483 4502 4914 5320 5973 6110 
#module 26 size: 33 bs: 0.871787
226 454 487 571 1212 1286 1367 1480 2007 2091 2552 3173 3268 3472 3907 4173 4193 4234 4237 4353 4390 4391 4667 4823 5106 5510 5529 6058 6107 6282 6307 6709 6764 
#module 27 size: 44 bs: 0.71499
374 412 578 1478 1525 1662 1767 2075 2336 2390 2579 2880 2937 3017 3347 3380 3442 3609 3666 3799 3896 3927 3964 3991 4001 4004 4011 4119 4231 4744 4838 5006 5294 5564 5690 5980 6186 6591 6636 6809 6862 6900 6911 6921 
#module 28 size: 46 bs: 1.02036
8 43 124 209 378 401 799 899 1026 1173 1371 1512 1899 2116 2278 2505 2771 2898 2917 3180 3481 3640 3669 3838 4083 4178 4429 4530 4577 4594 4815 4818 4949 4979 5045 5053 5242 5544 5681 5702 6209 6311 6333 6480 6615 6667 
#module 29 size: 10 bs: 0.519703
165 458 1785 1789 2229 2264 4184 4210 4472 6501 
#module 30 size: 94 bs: 0.173794
157 162 249 282 428 439 602 607 688 722 754 778 830 929 977 1073 1252 1259 1264 1361 1398 1404 1413 1580 1632 1700 1777 1809 1924 1958 1986 2098 2491 2505 2555 2581 2635 2639 2719 2731 2831 3014 3036 3042 3074 3087 3198 3239 3473 3563 3672 3916 3917 4032 4128 4153 4218 4261 4404 4500 4539 4593 4658 4716 4859 4908 4929 5058 5118 5145 5364 5406 5431 5505 5509 5590 5730 5909 5926 5959 5981 6007 6150 6275 6293 6354 6491 6543 6577 6619 6695 6715 6724 6907 
#module 31 size: 8 bs: 0.947039
767 2929 3032 3359 4621 5291 5888 6536 
#module 32 size: 17 bs: 0.664692
1058 1096 1619 2225 2505 3234 3759 3760 4491 4656 4823 5350 5761 5950 6126 6226 6605 
#module 33 size: 9 bs: 0.770907
371 678 1159 2860 3626 4732 5248 6076 6866 
#module 34 size: 13 bs: 0.91658
261 715 1372 2760 2833 2964 3028 3161 4306 4310 4679 6422 6750 
#module 35 size: 20 bs: 0.46749
70 383 699 727 2370 2562 2871 3211 3218 3502 3676 3749 4469 4848 5181 5663 6405 6539 6671 6678 
#module 36 size: 45 bs: 0.132655
154 213 420 501 533 664 766 866 1197 1523 1674 1771 2048 2285 2645 2647 2765 2826 2938 2943 2957 3048 3123 3194 3312 3402 3428 3440 3509 3599 3862 4073 4186 4960 5090 5359 5561 5641 5976 6196 6488 6523 6868 6898 6924 
#module 37 size: 57 bs: 0.506614
41 342 532 633 652 721 964 1427 1553 1666 1775 1877 1890 2098 2149 2257 2297 2417 2540 2581 2584 2585 2622 2885 2942 2961 3265 3464 3573 3656 3804 3858 3974 4072 4382 4448 4631 4635 4703 4850 4905 4916 5281 5685 5866 5906 5967 6046 6185 6190 6207 6409 6416 6423 6525 6647 6792 
#module 38 size: 11 bs: 0.586874
227 537 646 821 1179 1875 2445 2699 4254 4366 4521 
#module 39 size: 29 bs: 0.202641
185 361 391 661 752 1628 2044 2101 2420 2685 3046 3103 3308 3467 3469 4082 4174 4185 4467 4534 4996 5224 5392 5501 5766 5808 6078 6381 6574 
#module 40 size: 60 bs: 0.733083
76 190 414 475 631 912 1000 1074 1229 1401 1483 1593 1667 1715 1760 1847 2030 2223 2260 2547 2683 2729 2925 3080 3178 3288 3373 3504 3577 3621 3642 3730 3832 4034 4061 4272 4285 4477 4506 4709 4830 4898 4972 4981 5008 5317 5336 5830 5837 5864 5876 6055 6082 6144 6159 6314 6375 6388 6622 6831 
#module 41 size: 16 bs: 0.575425
617 1638 1722 1945 2514 2779 3263 3398 3607 3807 4211 4273 4599 4816 6145 6168 
#module 42 size: 36 bs: 1.08303
39 124 208 372 451 859 1337 1679 1689 1745 1936 1982 2080 2455 2795 2901 3083 3236 3262 3292 3450 3584 3635 4030 4036 4054 4197 4225 4337 4440 5062 5370 5941 5996 6785 6878 
#module 43 size: 48 bs: 0.261854
189 203 486 566 779 859 1071 1253 1298 1420 1487 1504 1671 1701 1741 1797 2110 2147 2395 2770 2866 2981 3000 3026 3075 3150 3397 3536 3995 4024 4387 4490 4565 4584 4657 4844 4886 5095 5135 5146 5183 5357 5674 5885 6146 6218 6398 6535 
#module 44 size: 14 bs: 1.00508
539 1854 2256 2469 2574 3303 3874 4169 4281 4287 4673 5556 6039 6513 
#module 45 size: 15 bs: 0.772019
538 1305 1424 2802 3317 3590 3854 3888 4062 4202 4399 5038 5197 5587 6295 
#module 46 size: 63 bs: 0.538556
57 206 292 350 422 560 625 810 830 892 915 984 1010 1089 1335 1423 1582 1900 2181 2235 2359 2433 2667 2677 2818 2835 2857 2986 3020 3421 3431 3461 3463 3692 3737 4133 4358 4394 4423 4563 4617 4723 4789 5108 5138 5177 5200 5322 5467 5618 5717 5798 5903 5980 5999 6024 6061 6095 6197 6234 6531 6624 6639 
#module 47 size: 39 bs: 1.08125
146 469 505 809 846 973 1042 1215 1242 1368 1565 1798 1799 1871 1983 2065 2209 2318 2319 2630 2735 3125 3270 3328 3427 3685 3880 3981 4503 4992 5216 5274 5413 6271 6366 6458 6497 6661 6676 
#module 48 size: 50 bs: 0.214308
628 746 790 844 872 1205 1221 1485 1502 1510 1520 1628 1655 1690 1718 1778 1872 2536 2877 2888 3127 3202 3273 3377 3411 3539 3568 3634 3765 3865 3900 3908 3941 4157 4718 4803 4974 5050 5337 5342 5525 5614 5616 5968 6256 6289 6338 6754 6779 6841 
#module 49 size: 54 bs: 0.625935
35 417 516 570 634 645 716 807 854 914 1066 1081 1108 1158 1305 1326 1390 1411 1572 1605 1641 1692 1947 2059 2075 2080 2089 2468 2509 2972 2988 3341 3439 3457 3682 3855 4122 4172 4191 4269 4334 4517 4691 4958 5481 5542 5846 5850 5858 5892 6029 6272 6403 6600 
#module 50 size: 58 bs: 0.369791
66 195 223 618 637 667 762 883 968 988 1092 1111 1156 1315 1434 1585 1721 1923 1941 2178 2185 2267 2308 2316 2398 2742 3021 3086 3195 3289 3322 3387 3709 3744 3747 3836 4130 4193 4200 4294 4405 4736 4856 4907 4976 5022 5123 5187 5278 5360 5931 6027 6081 6117 6131 6362 6505 6595 
#module 51 size: 65 bs: 0.603268
42 198 386 774 851 896 969 1045 1363 1430 1433 1447 1471 1475 1488 1541 1569 1627 1657 1673 1711 1738 1805 1858 1934 1951 2042 2047 2489 2602 2648 2668 2704 2903 3280 3297 3350 3407 3639 3834 3846 4076 4190 4418 4589 4949 5017 5026 5027 5132 5680 5707 5723 5731 5778 5883 6235 6245 6356 6463 6630 6685 6758 6768 6806 
#module 52 size: 95 bs: 0.945929
36 40 64 114 136 140 141 145 311 413 459 530 700 709 798 814 841 863 878 881 971 972 1005 1133 1148 1303 1573 1631 1664 1727 1780 1793 1942 1994 2108 2170 2174 2191 2404 2450 2517 2604 2633 2689 2714 2743 2773 2848 2864 3117 3121 3305 3313 3357 3390 3576 3882 4014 4080 4093 4126 4249 4255 4284 4297 4321 4360 4370 4401 4568 4683 4971 5001 5070 5076 5134 5192 5246 5273 5533 5601 5605 5735 5736 5980 6031 6260 6479 6549 6613 6622 6633 6662 6804 6896 
#module 53 size: 6 bs: 1.06399
584 615 1355 2479 3444 4758 
#module 54 size: 41 bs: 0.780313
54 101 147 201 478 687 858 996 1023 1136 1164 1241 1256 1324 1684 1719 1835 2107 2377 2548 2717 3364 3430 3811 3864 4214 4631 4721 4734 4882 4883 5123 5832 5859 6148 6325 6552 6597 6625 6675 6829 
#module 55 size: 40 bs: 0.74077
82 178 332 398 545 631 676 718 820 921 1141 1293 1442 1466 1841 1877 2155 2218 2223 2259 2999 3035 3078 3098 3384 3490 3642 3881 4477 4697 4709 5130 5231 5304 5317 5349 5632 6253 6314 6606 
#module 56 size: 42 bs: 0.769993
32 102 333 356 616 897 989 1009 1220 1496 1763 2104 2234 2287 2288 2303 2886 2931 3291 3598 3752 3842 3872 3959 4298 4359 4415 4768 4953 4957 5010 5057 5161 5557 5634 5825 5894 5995 6139 6206 6323 6496 
#module 57 size: 33 bs: 0.409673
22 23 61 307 603 839 932 944 1089 1381 1960 2131 2260 2745 2822 2847 2891 3037 3073 3129 3310 3379 3900 4297 4427 4612 4956 5086 5318 6072 6306 6336 6457 
#module 58 size: 55 bs: 0.368922
35 270 273 665 693 785 876 890 933 982 1102 1226 1425 1633 1714 1816 2111 2163 2252 2402 2464 2615 2621 2638 2751 2842 2969 3165 3316 3727 3980 4053 4150 4259 4280 4695 4862 4887 4926 4963 5222 5599 5610 5631 5645 5697 5754 5884 5902 6019 6042 6074 6588 6612 6849 
#module 59 size: 18 bs: 0.246259
415 848 965 1327 1437 1851 2095 3122 3142 3283 3323 3368 5007 5195 5292 5365 5401 6258 
#module 60 size: 37 bs: 1.00701
161 289 465 600 856 1070 1250 1709 1723 2412 2649 2691 2747 3005 3215 3326 3527 3847 4125 4207 4324 4610 4882 5166 5207 5583 5705 5712 5842 6380 6400 6406 6482 6537 6555 6861 6922 
#module 61 size: 33 bs: 0.173387
240 472 535 622 710 1317 1344 1431 1519 1955 1992 2006 3008 3040 3329 3499 3586 3753 4114 4398 4739 5259 5511 5688 5829 5924 6011 6216 6228 6787 6800 6825 6844 
#module 62 size: 49 bs: 0.313326
299 582 642 730 745 788 1034 1162 1228 1233 1449 1521 1524 1527 1548 1554 1586 1963 1973 2029 2083 2112 2135 2456 2809 2876 2918 2991 3325 3349 3958 4262 4372 4525 4831 5119 5463 5523 5562 5661 5784 5872 6030 6032 6205 6213 6332 6482 6717 
#module 63 size: 31 bs: 0.746335
263 355 387 495 663 1172 1607 1611 1750 2033 2356 2414 2471 2672 2801 2930 3136 3197 3612 3713 3820 3915 3969 4003 5319 5538 5912 5982 6335 6644 6886 
#module 64 size: 43 bs: 0.542019
125 791 840 889 1185 1247 1506 1562 1617 1625 1634 1878 1896 1944 2160 2345 2424 2425 2581 2772 2825 3471 3534 3535 3996 4332 4345 4445 4595 4863 5302 5395 5579 6046 6225 6265 6286 6330 6401 6481 6504 6650 6719 
#module 65 size: 150 bs: 0.896202
61 110 129 150 191 210 291 421 452 453 481 559 576 625 821 869 936 944 974 994 1001 1009 1151 1167 1172 1195 1203 1244 1280 1300 1385 1454 1523 1551 1629 1798 1807 1905 1926 1943 1960 2005 2028 2103 2142 2154 2161 2171 2246 2260 2328 2361 2372 2513 2532 2536 2588 2673 2681 2723 2750 2760 2817 2888 2964 2978 2986 3034 3037 3108 3126 3132 3212 3218 3224 3252 3289 3318 3352 3404 3418 3420 3532 3587 3691 3853 3886 3929 3932 3962 3999 4071 4308 4335 4413 4415 4464 4495 4581 4666 4686 4705 4708 4719 4724 4760 4794 4805 4825 4896 4967 5066 5073 5116 5124 5269 5305 5363 5372 5379 5403 5478 5569 5615 5638 5701 5739 5804 5810 5840 5853 5865 5886 5938 6072 6159 6160 6212 6240 6268 6304 6327 6437 6586 6610 6635 6664 6673 6697 6788 
#module 66 size: 32 bs: 0.385436
49 276 521 554 726 930 1441 1791 2140 2248 2254 2360 2784 2858 3186 3240 3413 3950 4013 4075 4124 4220 4869 4878 5575 5857 6116 6294 6431 6564 6628 6699 
#module 67 size: 97 bs: 0.323517
257 277 287 316 330 392 565 604 643 659 673 674 696 706 725 734 992 1106 1154 1169 1187 1288 1400 1695 1723 1813 1870 1876 1908 1917 1924 1990 2000 2002 2099 2124 2137 2188 2304 2316 2320 2406 2548 2678 3086 3114 3146 3381 3416 3670 3770 3773 3886 3907 3976 4098 4101 4201 4208 4219 4233 4251 4294 4327 4348 4425 4478 4507 4569 4572 4596 4900 4918 4941 4951 4955 5071 5212 5284 5288 5311 5372 5518 5600 5617 5789 5824 5904 5947 6009 6228 6427 6485 6608 6672 6775 6909 
#module 68 size: 67 bs: 0.66891
259 293 325 464 508 623 738 884 1672 1821 1873 1884 2031 2064 2109 2363 2403 2487 2821 2909 2933 2940 2974 3065 3227 3415 3419 3529 3575 3632 3652 3724 3815 3838 3840 3949 3968 4049 4149 4577 4642 4711 4764 4840 4942 5036 5152 5159 5247 5313 5316 5330 5415 5474 5489 5563 5621 5767 5916 6017 6232 6665 6666 6696 6705 6713 6812 
#module 69 size: 210 bs: 0.230248
63 90 106 179 196 217 224 262 278 324 329 345 389 395 407 474 484 489 490 506 507 527 534 573 574 627 638 656 670 720 749 765 826 838 937 953 1017 1030 1039 1095 1121 1140 1237 1240 1248 1301 1302 1365 1395 1405 1472 1474 1498 1501 1513 1537 1559 1560 1579 1593 1603 1630 1670 1759 1787 1831 1909 1915 1988 2069 2113 2115 2261 2262 2270 2367 2388 2453 2459 2495 2506 2513 2520 2561 2571 2607 2675 2744 2764 2862 2994 3013 3015 3033 3096 3106 3203 3237 3393 3424 3432 3445 3454 3485 3495 3589 3604 3658 3686 3689 3701 3707 3717 3818 3866 3893 3966 3988 4007 4018 4031 4087 4143 4171 4181 4239 4288 4305 4329 4331 4435 4496 4499 4509 4582 4586 4601 4629 4663 4694 4737 4755 4769 4787 4822 4827 4861 4870 4936 4977 4989 5025 5048 5061 5089 5107 5139 5167 5191 5251 5300 5386 5389 5402 5446 5493 5517 5519 5559 5633 5660 5666 5668 5691 5828 5953 5958 5992 5997 6092 6097 6113 6133 6138 6140 6229 6236 6274 6292 6301 6321 6334 6361 6368 6446 6453 6461 6548 6556 6585 6611 6648 6680 6706 6746 6760 6802 6805 6889 6918 
#module 70 size: 33 bs: 0.371746
202 438 543 629 772 1052 1056 1060 1132 1770 2209 2217 2670 2734 2947 3486 3616 3712 3792 3923 3963 4112 4315 4785 4875 4897 5233 5452 6052 6134 6468 6475 6734 
#module 71 size: 40 bs: 0.671974
205 551 847 918 987 1040 1090 1156 1417 1481 1672 1984 2233 2276 2370 2437 2544 2814 3449 3477 3937 4138 4636 4637 4684 4753 4928 5063 5289 5470 5537 5716 5765 5826 6297 6326 6366 6592 6724 6830 
#module 72 size: 31 bs: 0.144271
47 155 228 390 411 821 997 1020 1198 1492 1644 1702 1985 2039 2128 2167 2346 2381 2557 2736 3045 3378 4166 4496 4815 4975 5014 5193 5853 6425 6638 
#module 73 size: 21 bs: 0.57892
384 399 604 789 1265 1319 1668 1788 1844 2324 2358 2522 2618 2623 2629 3120 3153 5019 5079 6189 6870 
#module 74 size: 74 bs: 1.01204
22 107 193 255 353 411 444 450 455 491 504 910 1089 1161 1322 1354 1511 1576 2016 2050 2062 2120 2305 2439 2484 2686 2775 2776 2820 2837 2910 3057 3073 3129 3208 3255 3400 3492 3666 3695 3702 3734 3808 3900 4022 4065 4168 4297 4438 4487 4916 4932 4943 4956 4959 4994 5086 5418 5649 5655 5708 5737 5743 5747 5979 6035 6037 6241 6313 6322 6534 6761 6777 6892 
#module 75 size: 50 bs: 0.408492
12 24 234 322 331 707 733 757 811 910 998 1277 1334 1459 1546 1599 1849 1998 2192 2232 2353 2778 2788 2829 2940 3083 3171 3506 3638 3657 3782 3829 3839 4035 4066 4152 4165 4176 4187 4498 5060 5238 5535 5548 5782 5811 5962 6022 6328 6490 
#module 76 size: 47 bs: 0.975053
42 175 198 199 283 502 572 596 683 1555 1711 1738 1781 2047 2197 2378 2440 2489 3001 3107 3121 3546 3982 4019 4060 4339 4408 4473 4752 4826 5047 5252 5253 5373 5399 5480 5540 5553 5572 5581 5699 5879 6105 6420 6503 6524 6651 
#module 77 size: 94 bs: 0.393514
15 34 58 99 300 435 510 652 717 718 721 782 794 922 948 1011 1024 1044 1191 1203 1249 1251 1274 1293 1316 1407 1509 1549 1666 1843 1877 1886 1890 1929 1966 2003 2012 2035 2046 2132 2166 2265 2493 2581 2585 2790 2852 2896 2908 2942 2961 2966 2972 3074 3098 3332 3388 3675 3804 4043 4056 4166 4268 4309 4518 4527 4538 4587 4693 4778 4810 5028 5155 5189 5230 5256 5328 5466 5592 5602 5647 5685 5726 6104 6128 6190 6191 6207 6220 6376 6419 6423 6502 6647 
#module 78 size: 51 bs: 0.545401
17 18 225 267 274 426 480 662 776 902 963 1125 1182 1219 1223 1281 1357 1507 1724 1747 2382 2418 2533 2609 2636 3140 3264 3354 3437 3438 3514 3524 3574 3952 4301 4505 5131 5200 5235 5335 5441 5644 5814 5861 5915 6425 6544 6562 6698 6727 6730 
#module 79 size: 29 bs: 0.255586
184 349 577 891 928 967 1022 1031 1296 1903 1946 2043 2145 2156 2165 2279 2800 2872 3342 3346 3826 4532 4890 5083 5925 6341 6518 6879 6899 
#module 80 size: 39 bs: 1.08664
52 216 278 339 509 877 927 975 979 1110 1347 1499 1566 1731 1743 1772 1803 1865 2179 2889 3491 3748 3856 4084 4228 4245 4258 4454 5321 5362 5447 5528 5928 5945 6369 6506 6553 6620 6703 
#module 81 size: 13 bs: 0.543376
621 630 1728 2024 2317 3487 3558 3600 4780 4954 5113 6013 6408 
#module 82 size: 30 bs: 0.585164
171 541 687 796 813 1360 1445 1761 1820 2070 2661 3671 3973 4025 4029 4159 4223 4421 4494 4543 5143 5405 5416 5545 5546 5714 5881 6360 6533 6814 
#module 83 size: 26 bs: 0.994938
169 493 817 991 1119 1694 2186 2314 2551 2563 2573 2922 2975 3204 3757 3910 4216 4224 4511 4823 4919 4967 5303 5468 5554 6060 
#module 84 size: 15 bs: 0.677136
46 401 1201 1737 3705 3706 3771 3926 4585 4973 5404 5438 5711 5780 5783 
#module 85 size: 49 bs: 1.09318
111 214 696 723 960 1062 1115 1177 1246 1346 1636 1680 2092 2193 2236 2427 2490 2738 2785 2844 2892 2996 3196 3334 3662 3787 3953 4078 4102 4188 4327 4392 4646 4788 4881 5103 5214 5426 5502 6151 6169 6222 6280 6477 6500 6542 6604 6826 6845 
#module 86 size: 105 bs: 0.812469
1 21 177 186 187 323 394 549 675 731 740 935 1155 1275 1282 1304 1359 1374 1458 1460 1476 1493 1495 1508 1538 1699 1708 1719 1744 1751 1857 1870 1880 1966 1972 1978 2053 2054 2097 2105 2145 2146 2151 2268 2316 2435 2524 2619 2666 2752 2867 2924 3116 3138 3181 3316 3468 3480 3493 3503 3538 3562 3588 3592 3738 3830 3857 3863 3876 4107 4361 4433 4497 4506 4636 4713 4726 4793 4868 4895 5110 5142 5243 5306 5315 5330 5341 5543 5650 5675 5813 5955 6310 6467 6498 6593 6594 6607 6641 6642 6690 6742 6765 6795 6890 
#module 87 size: 39 bs: 0.904278
56 596 751 774 871 1003 1134 1199 1535 1626 2325 2327 2333 2347 2596 2746 3924 3989 4301 4408 4549 4559 4664 4760 4802 4877 5348 5356 5391 5409 5492 5499 5820 5869 5932 5942 6266 6694 6766 
#module 88 size: 55 bs: 1.08364
62 468 784 935 970 1063 1173 1208 1267 1320 1340 1370 1446 1653 1999 2448 2462 2587 2650 2849 2879 3031 3054 3058 3088 3111 3497 3583 3611 3821 3852 3909 3931 4117 4156 4192 4256 4265 4309 4350 4730 4740 4798 5039 5174 5182 5722 5788 5799 6049 6279 6391 6433 6546 6691 
#module 89 size: 29 bs: 0.481691
93 115 286 613 1085 1364 1658 1876 2182 2511 2713 2793 3064 3156 3715 3803 4010 4092 4578 5144 5156 5184 5213 5361 5515 5678 6038 6170 6813 
#module 90 size: 44 bs: 0.643667
48 243 295 367 513 957 1032 1079 1117 1271 1332 1349 1805 1819 1858 1906 1925 1932 2004 2051 2384 2504 2813 2909 2974 3036 3067 3130 3223 3529 3800 3968 4099 4307 4606 4640 4642 5069 5430 5620 5821 5863 6152 6701 
#module 91 size: 123 bs: 0.968124
192 204 251 256 269 380 382 450 526 642 650 658 659 662 668 719 801 819 825 925 952 976 1028 1046 1097 1196 1202 1234 1245 1258 1269 1270 1279 1333 1336 1410 1421 1503 1732 1768 1769 1897 1921 1998 2075 2084 2146 2196 2221 2311 2407 2451 2486 2570 2686 2832 2895 2916 3038 3053 3060 3095 3145 3195 3200 3233 3271 3392 3510 3673 3695 3734 3802 3841 3879 3894 4022 4209 4465 4476 4547 4590 4624 4661 4668 4669 4757 4763 4837 4920 5065 5086 5088 5104 5204 5254 5257 5331 5408 5462 5595 5708 5748 5940 5991 6015 6026 6035 6067 6143 6163 6177 6317 6386 6473 6575 6718 6747 6777 6780 6859 6874 6882 
#module 92 size: 60 bs: 0.573793
97 116 126 289 357 366 423 600 1041 1379 1470 1587 1622 1698 1708 1869 1933 1938 1950 2339 2350 2365 2394 2474 2580 2594 2664 2715 2984 3135 3162 3183 3275 3321 3366 3722 3755 3849 3907 4145 4349 4412 4441 4471 4502 4638 4687 4701 4742 4774 4881 4896 5020 5842 5908 6073 6267 6342 6482 6519 
#module 93 size: 19 bs: 0.311794
321 410 496 502 911 975 1369 1822 2480 3170 3748 3990 4084 4984 5125 5325 5758 6372 6646 
#module 94 size: 38 bs: 0.144388
19 214 429 462 555 913 934 954 1264 1399 1815 1847 1957 2056 2071 2121 2161 2835 2995 3131 3184 3302 3383 3580 3591 3817 3877 3908 4113 4270 4330 4597 4725 4983 5114 5162 5293 6001 
#module 95 size: 59 bs: 0.215685
14 73 182 229 235 562 695 875 1129 1178 1235 1272 1273 1612 1754 1862 1882 1894 2079 2212 2220 2369 2431 2599 2816 2887 2919 3006 3069 3187 3406 3556 3823 3885 4006 4212 4375 4422 4436 4541 4780 4952 5269 5301 5351 5378 5453 5461 5622 5681 5706 5785 5801 5845 5900 6194 6227 6432 6626 
#module 96 size: 37 bs: 0.594497
105 170 221 475 620 742 764 803 1027 1045 1445 1518 1712 1846 2226 2315 2502 2545 2816 2823 3179 3627 3796 4090 4098 4355 4375 4924 5142 5422 5453 5541 5686 5733 5878 6455 6561 
#module 97 size: 47 bs: 0.794228
96 253 296 341 437 509 556 579 660 804 853 901 1218 1376 1606 1796 1928 1940 2575 2739 2836 3012 3374 3451 3698 3736 3903 4139 4222 4318 4533 4542 5072 5136 5173 5264 5454 5459 5689 5694 5740 5987 6166 6238 6653 6668 6736 
#module 98 size: 69 bs: 0.551463
369 409 575 797 818 828 843 1067 1088 1285 1299 1575 1615 1620 1639 1699 1853 1914 2026 2175 2275 2292 2410 2411 2481 2499 2535 2718 2722 2915 2944 3034 3285 3376 3512 3559 3644 3704 3777 3780 3789 3871 3984 4094 4105 4203 4413 4540 4568 4574 4603 4608 4865 5121 5163 5309 5434 5607 5628 5637 5741 5875 6080 6132 6390 6581 6769 6807 6914 
#module 99 size: 67 bs: 1.00055
86 89 143 220 266 268 340 461 514 587 609 684 894 919 1038 1053 1152 1211 1353 1482 1516 1563 1596 1692 1850 1918 1959 2011 2068 2153 2157 2389 2441 2478 2627 2786 2955 3018 3537 3613 3629 3710 3756 3790 3875 4269 4356 4414 4662 4812 4927 4948 4986 5018 5310 5329 5419 5421 5724 5725 5757 6410 6418 6637 6687 6745 6857 
#module 100 size: 29 bs: 0.856545
297 433 703 904 905 1310 1598 1669 1783 1996 2219 2632 2797 3070 3177 3850 4164 4552 4573 4619 4676 5419 5781 5803 5805 5954 6233 6343 6499 
#module 101 size: 147 bs: 0.813452
100 131 254 301 419 589 598 605 639 654 660 687 689 743 796 857 893 900 993 1013 1033 1109 1149 1170 1216 1236 1290 1500 1578 1675 1681 1693 1710 1752 1828 1881 1889 1962 2001 2013 2052 2168 2183 2207 2245 2293 2300 2322 2357 2528 2543 2637 2640 2716 2766 2798 2815 2909 2921 2936 2979 2980 2982 3029 3041 3085 3101 3110 3199 3220 3355 3365 3447 3457 3519 3545 3551 3593 3597 3716 3810 3821 3897 3914 3957 3978 3991 4047 4147 4163 4204 4250 4363 4364 4426 4439 4453 4494 4537 4592 4625 4667 4670 4692 4717 4731 4743 4874 4891 5004 5049 5087 5099 5106 5202 5273 5277 5333 5520 5530 5535 5609 5635 5791 5802 5843 5919 5930 5964 5965 6034 6107 6231 6242 6282 6308 6359 6363 6382 6435 6447 6510 6573 6616 6629 6682 6683 
#module 102 size: 165 bs: 0.513176
11 27 29 74 85 112 231 244 247 276 306 338 348 388 396 406 467 523 599 606 657 735 786 828 1075 1112 1132 1183 1522 1608 1621 1654 1703 1756 1836 1845 1847 1852 1858 1919 1920 1991 2094 2118 2125 2127 2198 2217 2228 2249 2269 2330 2354 2374 2389 2454 2466 2558 2582 2597 2684 2725 2754 2759 2808 2842 2850 2859 2897 2926 2950 2951 3128 3139 3210 3213 3251 3330 3361 3362 3369 3394 3443 3460 3478 3490 3494 3499 3533 3557 3565 3595 3633 3649 3661 3679 3694 3718 3790 3813 3861 3883 3893 3975 4058 4155 4203 4215 4312 4319 4333 4396 4458 4579 4613 4653 4696 4739 4799 4857 4872 4921 4986 5032 5102 5150 5219 5220 5421 5496 5504 5552 5594 5640 5643 5665 5687 5793 5795 5822 5831 5868 5922 5956 5980 6041 6042 6050 6147 6204 6254 6344 6375 6429 6454 6476 6560 6567 6584 6643 6687 6711 6745 6872 6873 
#module 103 size: 84 bs: 0.136105
218 244 344 443 679 691 938 1043 1377 1383 1505 1526 1555 1736 1746 1817 1855 2022 2060 2130 2211 2294 2497 2521 2559 2680 2687 2893 2906 3010 3248 3371 3451 3541 3547 3585 3680 3742 3767 3784 3805 3809 3822 3965 3971 4012 4014 4017 4063 4241 4278 4528 4609 4611 4773 4851 4893 4921 5011 5041 5059 5280 5387 5421 5454 5503 5584 5619 5695 5718 5752 5753 5790 5848 5887 6048 6200 6255 6263 6375 6483 6516 6759 6910 
#module 104 size: 36 bs: 0.781304
105 260 320 418 587 671 1415 1600 1616 1726 1766 2150 2157 2284 2556 2701 2709 2749 2954 2990 3403 4016 4362 4531 4591 4730 4873 5188 5258 5516 5838 5891 6507 6561 6602 6677 
#module 105 size: 38 bs: 0.431208
173 246 377 397 702 870 941 1207 1352 1676 1687 1704 1818 2331 2333 2385 2515 2537 2669 2708 3052 3327 3624 3763 3972 4059 4131 4320 4647 4913 4946 5340 5720 5834 5949 6211 6491 6712 
#module 106 size: 157 bs: 0.152506
31 57 69 121 202 232 352 386 503 525 540 542 644 874 886 946 1018 1041 1054 1093 1118 1135 1153 1210 1262 1299 1350 1444 1452 1477 1484 1497 1610 1635 1647 1735 1814 1837 1907 2063 2072 2096 2100 2190 2224 2277 2280 2344 2348 2617 2626 2682 2690 2697 2733 2777 2819 2868 2875 2915 2948 2960 3166 3177 3192 3231 3301 3338 3363 3495 3520 3525 3578 3648 3660 3676 3708 3732 3751 3764 3769 3776 3878 3887 3920 3956 3986 4103 4120 4134 4144 4167 4203 4302 4326 4358 4411 4459 4480 4504 4524 4628 4634 4689 4715 4753 4767 4771 4853 4864 4871 4913 4997 5042 5056 5128 5158 5223 5229 5347 5366 5375 5378 5417 5437 5485 5526 5550 5578 5644 5701 5713 5773 5849 5877 5898 5899 5911 5937 6028 6051 6124 6179 6339 6428 6443 6514 6579 6603 6645 6679 6685 6739 6793 6848 6864 6880 
#module 107 size: 182 bs: 0.418842
10 25 67 94 130 167 337 343 354 381 406 434 441 445 476 512 518 541 563 756 773 803 816 852 917 923 1012 1047 1118 1147 1156 1166 1168 1238 1257 1263 1276 1362 1378 1386 1393 1567 1592 1697 1716 1733 1786 1869 1911 1916 1954 1957 1997 2008 2032 2159 2169 2187 2199 2215 2220 2230 2243 2273 2310 2343 2362 2423 2470 2472 2485 2651 2671 2706 2732 2737 2755 2768 2823 2851 2855 2958 3024 3030 3076 3084 3102 3109 3118 3144 3163 3193 3247 3259 3276 3290 3299 3314 3343 3452 3513 3544 3596 3619 3622 3639 3655 3674 3677 3683 3723 3739 3743 3867 3970 4038 4045 4050 4088 4162 4378 4388 4546 4562 4622 4645 4659 4680 4804 4901 4909 4997 5098 5185 5223 5255 5272 5324 5422 5424 5453 5477 5494 5534 5593 5606 5613 5627 5639 5642 5659 5671 5679 5693 5709 5823 5836 5862 5874 5944 5955 5963 5966 6025 6082 6090 6209 6239 6250 6259 6320 6352 6358 6383 6493 6495 6655 6667 6778 6843 6895 6916 
#module 108 size: 44 bs: 0.579005
61 166 176 302 373 382 519 559 707 944 1016 1078 1227 1440 1808 1960 2066 2260 2778 2788 2945 3037 3094 3306 3918 3932 4165 4267 4371 4702 4795 5080 5266 5271 5719 6072 6159 6384 6459 6490 6649 6762 6840 6883 
#module 109 size: 68 bs: 0.813048
13 138 144 151 336 342 456 588 712 724 906 949 1069 1107 1123 1175 1255 1323 1461 1594 1980 2208 2253 2281 2312 2383 2400 2567 2663 2774 2907 2983 3190 3229 3265 3338 3566 3570 3573 4195 4448 4467 4630 4631 4635 4703 4721 4748 4846 4867 4905 4916 5268 5299 5411 5685 5734 5764 5852 5906 5920 5967 5986 6046 6416 6438 6601 6732 
#module 110 size: 68 bs: 0.927849
3 20 132 183 230 245 328 402 425 561 744 860 1080 1083 1232 1407 1448 1497 1577 1581 1729 1981 2129 2136 2172 2323 2349 2465 2566 2603 2628 2657 2962 3206 3216 3498 3594 3615 3630 3786 3816 3859 4082 4323 4482 4777 4801 4855 4889 5015 5021 5141 5196 5326 5377 5443 5456 6043 6161 6184 6357 6484 6509 6663 6723 6741 6799 6856 
#module 111 size: 47 bs: 0.626552
313 416 499 697 824 1037 1138 1514 1601 1643 1663 1840 1859 1880 1887 2241 2341 2342 2380 2405 2527 2602 2654 2668 3019 3114 3190 3201 3521 3668 4296 4449 4765 4866 5105 5232 5286 5529 5742 5819 5855 6047 6177 6246 6394 6609 6797 
#module 112 size: 121 bs: 0.40798
2 83 84 110 123 180 212 303 310 319 347 520 590 714 848 950 1004 1105 1146 1150 1222 1254 1306 1313 1385 1397 1436 1491 1529 1530 1557 1568 1707 1755 1939 2027 2028 2076 2204 2302 2332 2355 2376 2386 2446 2475 2650 2658 2694 2721 2761 2838 2870 2934 2952 2963 3007 3077 3133 3172 3418 3434 3531 3687 3691 3740 3835 3901 3925 3979 4052 4077 4141 4243 4277 4316 4341 4444 4457 4461 4475 4809 4860 4902 4923 4999 5153 5165 5203 5228 5321 5476 5512 5648 5692 5698 5715 5787 5807 5910 5960 6036 6044 6052 6062 6091 6103 6198 6449 6452 6471 6478 6492 6530 6545 6568 6580 6602 6631 6700 6867 
#module 113 size: 93 bs: 0.110083
50 109 128 132 265 285 701 705 741 775 808 815 948 951 1171 1214 1249 1284 1289 1407 1614 1720 1729 1826 1834 1966 1979 1981 2046 2106 2119 2129 2265 2266 2286 2349 2371 2538 2566 2603 2624 2660 2801 2840 2966 3072 3185 3249 3287 3295 3332 3337 3446 3498 3500 3507 3528 3711 3783 3816 3944 4183 4238 4317 4377 4410 4615 4729 4735 4800 4849 4962 4998 5015 5230 5296 5323 5385 5624 5647 5726 5972 6043 6175 6202 6324 6337 6393 6502 6517 6582 6816 6819 
#module 114 size: 89 bs: 0.24943
37 134 211 298 370 687 750 834 879 931 940 1008 1035 1051 1084 1100 1104 1116 1162 1176 1186 1206 1228 1297 1309 1350 1443 1449 1468 1479 1532 1543 1677 1740 1794 1810 1829 1930 1976 2037 2467 2565 2716 2807 2918 3063 3147 3155 3399 3412 3737 3785 3918 3994 4041 4118 4300 4384 4508 4649 4754 4790 5063 5209 5276 5367 5471 5490 5544 5611 5651 5658 5872 5957 5985 6012 6098 6162 6225 6238 6249 6296 6298 6395 6711 6796 6858 6909 6913 
#module 115 size: 51 bs: 0.64908
28 71 163 494 498 522 690 737 920 966 1101 1131 1142 1331 1392 1457 1550 1623 2177 2758 2968 3086 3205 3238 3244 3328 3353 3401 3555 3641 3703 3801 4039 4064 4289 4945 5002 5179 5226 5239 5339 5495 5521 5777 6003 6154 6472 6571 6649 6833 6877 
#module 116 size: 38 bs: 0.933274
187 446 682 895 1094 1184 1314 1451 1753 1864 2620 2711 3191 3225 3254 3417 3513 3569 3954 4381 4455 4832 4834 4925 5031 5149 5176 5626 5839 6110 6405 6424 6474 6551 6557 6627 6789 6851 
#module 117 size: 1 bs: 1
6550 
#module 118 size: 1 bs: 1
611 
#module 119 size: 1 bs: 1
5547 
#module 120 size: 1 bs: 1
4140 
#module 121 size: 1 bs: 1
2606 
#module 122 size: 1 bs: 1
6897 
#module 123 size: 1 bs: 1
1812 
#module 124 size: 1 bs: 1
4416 
#module 125 size: 1 bs: 1
4135 
#module 126 size: 1 bs: 1
4217 
#module 127 size: 1 bs: 1
6153 
#module 128 size: 1 bs: 1
4070 
#module 129 size: 1 bs: 1
6224 
#module 130 size: 1 bs: 1
5597 
#module 131 size: 1 bs: 1
5856 
#module 132 size: 1 bs: 1
3157 
#module 133 size: 1 bs: 1
1904 
#module 134 size: 1 bs: 1
882 
#module 135 size: 1 bs: 1
640 
#module 136 size: 1 bs: 1
1802 
#module 137 size: 1 bs: 1
6291 
#module 138 size: 1 bs: 1
2085 
#module 139 size: 1 bs: 1
4091 
#module 140 size: 1 bs: 1
2593 
#module 141 size: 1 bs: 1
6811 
#module 142 size: 1 bs: 1
6010 
#module 143 size: 1 bs: 1
5033 
#module 144 size: 1 bs: 1
1403 
#module 145 size: 1 bs: 1
2283 
#module 146 size: 1 bs: 1
3462 
#module 147 size: 1 bs: 1
1137 
#module 148 size: 1 bs: 1
5566 
#module 149 size: 1 bs: 1
1561 
#module 150 size: 1 bs: 1
4627 
#module 151 size: 1 bs: 1
3554 
#module 152 size: 1 bs: 1
4639 
#module 153 size: 1 bs: 1
92 
#module 154 size: 1 bs: 1
5577 
#module 155 size: 1 bs: 1
4246 
#module 156 size: 1 bs: 1
850 
#module 157 size: 1 bs: 1
5728 
#module 158 size: 1 bs: 1
3043 
#module 159 size: 1 bs: 1
5744 
#module 160 size: 1 bs: 1
2034 
#module 161 size: 1 bs: 1
3044 
#module 162 size: 1 bs: 1
4650 
#module 163 size: 1 bs: 1
2700 
#module 164 size: 1 bs: 1
250 
#module 165 size: 1 bs: 1
2512 
#module 166 size: 1 bs: 1
4295 
#module 167 size: 1 bs: 1
5779 
#module 168 size: 1 bs: 1
5064 
#module 169 size: 1 bs: 1
4930 
#module 170 size: 1 bs: 1
3845 
#module 171 size: 1 bs: 1
103 
#module 172 size: 1 bs: 1
2970 
#module 173 size: 1 bs: 1
2805 
#module 174 size: 1 bs: 1
3728 
#module 175 size: 1 bs: 1
5755 
#module 176 size: 1 bs: 1
4290 
#module 177 size: 1 bs: 1
6415 
#module 178 size: 1 bs: 1
4046 
#module 179 size: 1 bs: 1
6054 
#module 180 size: 1 bs: 1
3961 
#module 181 size: 1 bs: 1
3425 
#module 182 size: 1 bs: 1
3912 
#module 183 size: 1 bs: 1
612 
#module 184 size: 1 bs: 1
5003 
#module 185 size: 1 bs: 1
758 
#module 186 size: 1 bs: 1
2959 
#module 187 size: 1 bs: 1
6402 
#module 188 size: 1 bs: 1
5444 
#module 189 size: 1 bs: 1
5921 
#module 190 size: 1 bs: 1
2274 
#module 191 size: 1 bs: 1
2971 
#module 192 size: 1 bs: 1
4244 
#module 193 size: 1 bs: 1
2976 
#module 194 size: 1 bs: 1
6120 
#module 195 size: 1 bs: 1
6085 
#module 196 size: 1 bs: 1
346 
