#module 0 size: 3 bs: 1.66368e-05
39 165 569 
#module 1 size: 7 bs: 8.48783e-101
127 185 259 346 372 388 585 
#module 2 size: 2 bs: 0.000254356
286 435 
#module 3 size: 4 bs: 0.038337
221 287 416 455 
#module 4 size: 3 bs: 4.72008e-101
112 182 504 
#module 5 size: 4 bs: 1.26984e-05
113 145 214 601 
#module 6 size: 4 bs: 8.33671e-101
31 215 369 460 
#module 7 size: 3 bs: 0.0466035
159 177 405 
#module 8 size: 5 bs: 4.9688e-05
208 220 402 443 512 
#module 9 size: 5 bs: 0.0102309
116 148 162 348 412 
#module 10 size: 2 bs: 1.45853e-11
74 235 
#module 11 size: 4 bs: 9.87477e-101
144 239 268 490 
#module 12 size: 5 bs: 9.80311e-101
294 300 321 359 533 
#module 13 size: 3 bs: 0.000502814
169 338 358 
#module 14 size: 6 bs: 8.11165e-101
28 151 411 459 462 557 
#module 15 size: 4 bs: 0.0193834
254 341 465 544 
#module 16 size: 2 bs: 1.30799e-10
389 391 
#module 17 size: 13 bs: 0.0306999
100 115 189 222 291 322 441 451 457 470 542 566 589 
#module 18 size: 4 bs: 3.27337e-101
18 138 156 232 
#module 19 size: 3 bs: 0.000254356
95 246 405 
#module 20 size: 7 bs: 3.86292e-101
33 157 240 371 561 600 602 
#module 21 size: 5 bs: 2.21141e-101
153 185 200 339 401 
#module 22 size: 2 bs: 1.06739e-08
134 363 
#module 23 size: 3 bs: 0.00927718
213 219 223 
#module 24 size: 3 bs: 4.05546e-101
3 376 500 
#module 25 size: 7 bs: 0.00026877
181 247 295 306 311 418 532 
#module 26 size: 7 bs: 3.74033e-101
15 76 224 257 328 375 396 
#module 27 size: 6 bs: 0.382184
46 321 327 346 499 548 
#module 28 size: 10 bs: 1.06994
57 66 86 199 348 380 403 479 510 539 
#module 29 size: 8 bs: 1.0061
1 30 65 279 296 430 519 546 
#module 30 size: 8 bs: 0.674536
8 54 85 421 447 491 513 578 
#module 31 size: 6 bs: 0.261531
117 252 445 472 579 603 
#module 32 size: 5 bs: 0.356268
9 49 163 390 535 
#module 33 size: 7 bs: 1.03953
26 90 91 142 218 242 467 
#module 34 size: 11 bs: 0.758117
236 267 269 326 434 452 517 518 568 580 605 
#module 35 size: 18 bs: 0.875939
2 27 32 40 62 242 251 284 332 360 409 417 427 507 522 538 545 564 
#module 36 size: 8 bs: 1.04492
67 118 135 233 315 316 384 545 
#module 37 size: 8 bs: 0.936501
109 156 205 250 271 352 354 398 
#module 38 size: 6 bs: 0.843123
197 212 285 303 356 511 
#module 39 size: 15 bs: 0.455093
72 81 88 143 244 270 333 344 352 476 482 485 489 530 559 
#module 40 size: 8 bs: 0.319279
98 146 211 214 260 262 296 555 
#module 41 size: 10 bs: 0.555444
45 73 141 177 183 190 304 432 524 565 
#module 42 size: 14 bs: 0.105182
82 108 110 164 203 232 249 283 309 319 367 400 456 471 
#module 43 size: 8 bs: 0.99116
36 152 158 238 277 508 514 521 
#module 44 size: 11 bs: 0.103399
64 87 107 277 301 377 436 536 540 551 593 
#module 45 size: 15 bs: 0.689637
4 37 44 99 104 122 173 191 255 256 349 368 387 393 547 
#module 46 size: 5 bs: 1.06685
147 275 317 520 543 
#module 47 size: 9 bs: 0.35134
128 347 381 455 461 474 478 488 607 
#module 48 size: 10 bs: 0.930294
97 112 130 261 292 297 350 534 567 571 
#module 49 size: 7 bs: 0.183497
207 234 296 357 364 517 528 
#module 50 size: 3 bs: 0.364007
281 362 424 
#module 51 size: 8 bs: 0.469494
83 166 174 176 365 450 525 549 
#module 52 size: 10 bs: 0.131417
10 22 45 140 253 302 343 466 556 604 
#module 53 size: 12 bs: 0.105252
71 89 119 133 172 201 305 334 337 355 394 490 
#module 54 size: 9 bs: 1.01225
113 180 241 248 269 274 325 469 599 
#module 55 size: 4 bs: 0.193401
121 258 486 502 
#module 56 size: 6 bs: 0.561926
38 41 139 259 531 558 
#module 57 size: 8 bs: 0.933682
53 93 123 156 243 314 336 382 
#module 58 size: 5 bs: 0.179459
92 160 333 429 588 
#module 59 size: 7 bs: 0.173918
75 84 151 313 365 563 586 
#module 60 size: 10 bs: 0.337259
31 114 175 227 231 365 425 463 525 527 
#module 61 size: 8 bs: 0.247109
16 43 151 202 298 408 490 505 
#module 62 size: 14 bs: 0.914178
6 17 50 56 96 150 155 229 272 320 337 484 487 553 
#module 63 size: 12 bs: 0.117697
20 21 120 135 184 214 433 467 506 529 572 594 
#module 64 size: 8 bs: 1.02166
55 94 192 204 265 493 552 592 
#module 65 size: 13 bs: 0.708413
5 69 72 129 217 225 269 280 325 337 419 553 573 
#module 66 size: 15 bs: 0.218663
13 58 127 131 186 228 308 351 361 372 392 415 423 502 541 
#module 67 size: 7 bs: 0.195468
149 187 312 337 407 410 477 
#module 68 size: 7 bs: 0.598177
11 15 125 240 293 426 454 
#module 69 size: 8 bs: 0.919113
60 105 245 397 438 440 446 597 
#module 70 size: 8 bs: 0.791453
24 35 63 206 266 273 404 437 
#module 71 size: 12 bs: 0.457758
7 14 80 102 245 330 374 438 448 526 562 590 
#module 72 size: 11 bs: 0.449184
47 136 167 210 263 327 329 340 345 422 453 
#module 73 size: 9 bs: 0.428423
61 171 282 290 299 378 383 395 532 
#module 74 size: 17 bs: 0.83711
59 103 126 168 170 194 250 280 323 414 422 428 494 509 516 523 562 
#module 75 size: 17 bs: 0.568938
22 23 30 51 65 78 79 179 196 198 213 226 299 314 358 468 496 
#module 76 size: 6 bs: 0.114184
77 101 366 550 557 561 
#module 77 size: 11 bs: 0.132061
3 124 187 234 318 386 442 458 498 515 554 
#module 78 size: 6 bs: 0.704525
19 170 278 279 373 503 
#module 79 size: 23 bs: 0.539121
25 29 42 52 68 118 161 193 209 230 237 307 342 353 370 385 431 439 444 483 492 584 598 
