#module 0 size: 60 bs: 1.02929
25 30 46 64 71 75 79 83 90 96 102 127 146 159 163 166 168 177 190 202 206 208 210 211 222 224 229 239 242 247 251 254 256 276 281 287 289 291 363 397 402 413 415 437 439 473 487 493 494 497 511 513 524 538 541 551 555 576 587 595 
#module 1 size: 18 bs: 0.197478
19 32 34 82 93 100 160 199 307 343 368 392 409 421 496 509 515 557 
#module 2 size: 38 bs: 0.89401
14 29 36 38 62 67 77 95 154 162 164 183 196 214 253 255 274 279 295 324 337 339 382 410 427 428 455 458 462 483 490 522 527 540 560 561 562 607 
#module 3 size: 19 bs: 0.35418
18 31 54 174 180 265 273 314 338 384 407 445 450 460 502 571 581 585 606 
#module 4 size: 30 bs: 0.678572
4 17 33 55 101 121 138 153 176 182 203 226 243 259 284 288 301 329 333 359 364 400 412 417 429 498 520 544 549 591 
#module 5 size: 31 bs: 0.478169
23 27 40 60 109 112 144 209 217 219 220 234 235 236 240 246 250 275 282 284 288 318 320 344 367 418 423 440 448 533 562 
#module 6 size: 32 bs: 0.924446
61 67 68 108 122 150 181 185 188 221 228 236 280 286 309 334 344 362 380 389 391 401 404 425 441 452 455 506 550 577 580 605 
#module 7 size: 31 bs: 0.14331
3 20 35 70 80 104 118 128 141 145 149 161 171 186 187 244 260 297 301 304 376 381 407 416 434 438 459 466 507 510 592 
#module 8 size: 41 bs: 0.79505
11 66 69 74 85 88 97 113 119 129 147 151 178 192 194 252 258 262 300 312 319 336 354 356 377 386 393 405 435 453 472 479 486 500 501 543 548 558 566 588 602 
#module 9 size: 29 bs: 0.600597
8 13 16 59 92 124 179 196 238 244 277 285 293 296 335 351 449 454 461 463 467 468 484 485 517 556 578 579 598 
#module 10 size: 45 bs: 0.458867
23 67 105 109 112 139 157 173 227 232 235 250 267 282 286 298 299 313 316 317 330 347 349 365 388 389 390 391 432 436 447 470 471 488 490 491 506 528 529 531 534 565 594 596 604 
#module 11 size: 49 bs: 0.493686
3 5 6 15 24 35 36 51 57 89 114 128 149 158 162 164 172 183 196 200 213 214 231 241 245 255 278 279 293 297 325 332 339 346 366 424 427 428 431 451 458 514 521 522 532 564 568 592 599 
#module 12 size: 58 bs: 0.586366
5 6 10 22 26 35 39 43 51 58 65 72 76 78 89 110 118 120 126 140 141 149 156 169 170 201 213 215 231 241 245 263 266 269 273 290 346 353 360 361 371 373 385 395 420 422 424 431 442 444 459 505 512 525 532 546 564 583 
#module 13 size: 23 bs: 0.708074
41 125 148 175 184 194 204 207 225 248 310 341 350 378 399 430 469 480 552 573 575 584 590 
#module 14 size: 50 bs: 0.981022
2 12 50 56 74 84 103 111 133 142 152 155 193 237 249 271 292 302 303 306 312 315 322 326 328 345 348 369 372 394 408 411 414 474 478 481 489 492 495 523 536 537 551 553 567 589 593 601 602 603 
#module 15 size: 21 bs: 0.41145
37 48 130 135 167 230 257 311 342 406 419 446 456 465 475 499 516 526 539 559 597 
#module 16 size: 21 bs: 0.213636
1 21 28 42 63 87 88 99 233 264 305 357 383 398 426 443 457 508 545 569 572 
#module 17 size: 15 bs: 0.701228
45 136 143 195 283 294 308 375 396 503 518 519 539 547 582 
#module 18 size: 29 bs: 0.701121
47 74 91 98 116 137 191 197 212 218 225 261 268 272 319 355 358 374 403 464 476 477 482 530 554 563 570 574 586 
#module 19 size: 57 bs: 0.109936
7 9 44 49 52 53 73 81 86 94 106 107 115 116 117 123 131 132 134 155 165 189 193 197 198 205 216 218 223 225 249 268 270 283 308 321 323 327 331 340 350 352 370 374 379 387 433 464 473 489 504 535 542 551 567 593 600 
