#module 0 size: 2 bs: 1.33227e-15
2264 3037 
#module 1 size: 2 bs: 0.00252911
9854 11509 
#module 2 size: 3 bs: 1.16353e-101
4863 8217 10606 
#module 3 size: 2 bs: 6.48349e-101
7132 7715 
#module 4 size: 4 bs: 9.06042e-101
301 4204 8770 12527 
#module 5 size: 2 bs: 2.2133e-101
7165 8083 
#module 6 size: 2 bs: 9.15337e-101
1545 3771 
#module 7 size: 3 bs: 1.77096e-101
2498 7509 9300 
#module 8 size: 4 bs: 4.04167e-101
2186 5429 7991 11163 
#module 9 size: 3 bs: 3.97651e-101
2681 2785 6059 
#module 10 size: 3 bs: 6.6823e-101
5590 9347 11589 
#module 11 size: 6 bs: 5.86335e-101
2926 3891 5327 5418 6247 6675 
#module 12 size: 3 bs: 4.616e-10
2493 4959 10386 
#module 13 size: 2 bs: 7.17231e-101
1722 6110 
#module 14 size: 2 bs: 2.99511e-101
1773 10968 
#module 15 size: 5 bs: 7.329e-101
1200 1667 1781 2810 8891 
#module 16 size: 4 bs: 1.59436e-101
1455 5916 6407 10370 
#module 17 size: 4 bs: 9.69307e-101
427 5188 8144 10245 
#module 18 size: 2 bs: 9.65815e-102
1369 11211 
#module 19 size: 3 bs: 6.92731e-101
6814 7358 10270 
#module 20 size: 6 bs: 1.53975e-101
354 1581 4345 4528 9013 10146 
#module 21 size: 2 bs: 2.42908e-101
6151 8389 
#module 22 size: 2 bs: 2.84378e-101
143 7423 
#module 23 size: 2 bs: 8.31777e-101
1911 3840 
#module 24 size: 5 bs: 8.34616e-102
1455 2643 3578 5875 10873 
#module 25 size: 10 bs: 1.4848e-10
665 5271 5365 5734 6340 6815 7863 8306 8372 9292 
#module 26 size: 5 bs: 3.091e-101
374 3235 5694 6392 10669 
#module 27 size: 3 bs: 2.22045e-16
8688 9853 11135 
#module 28 size: 3 bs: 3.39044e-102
934 3232 9876 
#module 29 size: 2 bs: 5.53147e-101
7756 10234 
#module 30 size: 2 bs: 2.84187e-101
555 2855 
#module 31 size: 2 bs: 9.84371e-101
8132 9232 
#module 32 size: 3 bs: 9.09635e-101
2103 4230 10736 
#module 33 size: 2 bs: 8.97608e-102
6466 11878 
#module 34 size: 3 bs: 8.68219e-101
1509 6231 7251 
#module 35 size: 2 bs: 2.13742e-101
5387 8630 
#module 36 size: 12 bs: 3.52885e-08
40 1481 2788 3428 4462 5033 5520 6345 7609 8485 9735 10783 
#module 37 size: 15 bs: 1.11022e-16
302 933 2038 2916 2931 3008 3250 4153 4622 5695 5883 6193 7346 10123 10335 
#module 38 size: 3 bs: 4.48671e-102
553 1342 1904 
#module 39 size: 4 bs: 3.44306e-101
1469 4403 4475 9273 
#module 40 size: 26 bs: 8.99281e-15
48 50 84 463 826 2928 3240 3416 3563 3623 3782 3966 4341 4821 5213 5357 6615 6901 7006 7886 8368 9420 9922 10103 10406 10834 
#module 41 size: 2 bs: 2.7862e-101
7242 9508 
#module 42 size: 3 bs: 9.13086e-101
13 5133 6643 
#module 43 size: 3 bs: 6.62624e-101
427 5430 6011 
#module 44 size: 3 bs: 6.12834e-101
7417 8401 12880 
#module 45 size: 21 bs: 2.31907e-07
300 318 638 717 727 867 1053 1630 2744 4036 4222 5099 5419 6313 7877 8650 9101 9219 9593 10195 11465 
#module 46 size: 3 bs: 1.44698e-101
3375 3470 5646 
#module 47 size: 2 bs: 7.92352e-101
2915 5702 
#module 48 size: 22 bs: 1.77636e-15
887 1031 1049 1385 1620 1760 1798 1807 2319 2912 3061 3647 3799 3869 5415 5865 5958 6795 7516 8719 9901 10804 
#module 49 size: 5 bs: 9.16824e-101
726 2473 6384 7139 8953 
#module 50 size: 12 bs: 5.28578e-11
292 945 1566 1789 2585 4498 7438 8346 8970 8984 9356 12475 
#module 51 size: 4 bs: 7.19864e-101
9201 9460 10201 11377 
#module 52 size: 5 bs: 5.85288e-101
236 578 3328 6626 9600 
#module 53 size: 3 bs: 8.31994e-101
4032 4884 6712 
#module 54 size: 2 bs: 7.12729e-101
3368 9359 
#module 55 size: 4 bs: 7.57361e-101
5222 5743 6062 9836 
#module 56 size: 3 bs: 4.73255e-101
2701 3604 3712 
#module 57 size: 9 bs: 1.72492e-101
1287 1577 1660 2720 3470 3633 4298 5993 8716 
#module 58 size: 4 bs: 2.59036e-101
3301 5188 6627 11412 
#module 59 size: 3 bs: 1.61733e-101
4427 7852 10978 
#module 60 size: 3 bs: 8.68524e-101
6571 7058 7800 
#module 61 size: 2 bs: 1.81804e-101
4050 5103 
#module 62 size: 8 bs: 7.3323e-08
4661 5389 5710 5983 7452 7554 9737 12725 
#module 63 size: 32 bs: 0.00560313
303 1218 1417 2124 2289 2310 2451 2693 2990 3172 3208 3286 3294 3747 4764 4910 5241 6176 6390 6437 7196 7506 7627 7818 8099 9181 9464 9531 9733 9901 10496 11145 
#module 64 size: 4 bs: 3.10948e-101
1450 3220 3485 7590 
#module 65 size: 21 bs: 1.48684e-06
1226 1504 2433 2497 2815 2972 3068 4609 5502 6766 7356 7966 8331 8400 8414 8552 9550 9870 10213 10515 11551 
#module 66 size: 3 bs: 1.24687e-09
1427 4117 7943 
#module 67 size: 3 bs: 8.44572e-101
1641 9548 10048 
#module 68 size: 5 bs: 1.74379e-101
1914 5624 9941 10970 11135 
#module 69 size: 31 bs: 0.00342952
945 1155 1374 1789 1818 1890 2250 2500 2552 2913 3299 3444 3565 4432 4498 4523 5247 5419 6056 6324 6904 7087 7299 7700 8691 8992 10310 10372 10662 10672 11495 
#module 70 size: 16 bs: 1.01514e-101
894 2983 3032 3324 3936 4184 4241 4430 5099 5730 6587 7087 7198 7333 7858 11141 
#module 71 size: 2 bs: 9.41395e-101
1961 5451 
#module 72 size: 3 bs: 9.82905e-101
3680 8481 10491 
#module 73 size: 18 bs: 2.89144e-11
144 1583 1709 2366 3118 5419 5440 6176 6532 7882 7931 9073 9416 9475 10708 10858 11215 11335 
#module 74 size: 26 bs: 0.637834
243 320 439 657 1835 2098 2304 2356 3130 3161 5209 5350 5660 5696 5717 7434 8216 8260 8329 8579 8989 9591 9979 10029 10569 11708 
#module 75 size: 24 bs: 0.344113
621 1221 2683 3184 3670 3982 4127 4249 4288 5436 6168 6316 6833 7306 7442 7751 7872 7977 8750 8804 8851 9304 9667 9687 
#module 76 size: 13 bs: 0.685403
1889 2861 2872 3123 3352 3362 6321 6892 6949 7538 7686 7727 9123 
#module 77 size: 7 bs: 0.949967
1735 2131 5008 8377 8749 10068 11146 
#module 78 size: 7 bs: 1.07423
571 584 1204 3825 8563 8857 11410 
#module 79 size: 9 bs: 0.272073
1207 3076 3189 3587 4950 5728 5869 7248 8811 
#module 80 size: 8 bs: 0.249194
2335 2457 3051 3157 4397 4496 9117 10244 
#module 81 size: 8 bs: 0.570745
28 4582 4643 5019 7484 9161 10481 10722 
#module 82 size: 4 bs: 0.874721
1543 3963 5259 5850 
#module 83 size: 15 bs: 0.451584
369 787 1401 3996 4059 5043 5743 5769 6613 6691 8206 8842 9224 10341 10706 
#module 84 size: 3 bs: 0.724799
1006 3722 8978 
#module 85 size: 7 bs: 0.180326
329 1655 2083 3866 4237 5371 8827 
#module 86 size: 14 bs: 1.08212
184 1079 2214 3112 3131 3542 4946 5366 5740 7336 7408 8877 10197 10947 
#module 87 size: 7 bs: 0.965453
921 3453 4314 6924 7521 10351 12494 
#module 88 size: 8 bs: 0.211391
2251 2884 5475 6131 6221 7842 8981 9682 
#module 89 size: 13 bs: 0.592039
3288 3808 4986 5616 5929 7015 8668 8944 9069 9811 10127 10679 12019 
#module 90 size: 3 bs: 0.413806
5636 8487 9252 
#module 91 size: 7 bs: 0.911277
1445 3058 3544 5006 8535 11364 12590 
#module 92 size: 7 bs: 0.232777
2313 4268 4272 6417 6704 6880 9698 
#module 93 size: 7 bs: 0.994643
102 984 3639 3776 5566 8051 10910 
#module 94 size: 12 bs: 0.300454
79 2455 2494 2708 5819 7905 8294 8499 8854 8862 10054 10930 
#module 95 size: 7 bs: 0.621956
482 546 3713 6365 7375 10122 10210 
#module 96 size: 20 bs: 1.08152
544 847 1436 1947 2323 2596 3054 3317 3318 3449 5321 5681 5923 6371 6825 6829 9260 9373 10457 10715 
#module 97 size: 12 bs: 0.179727
967 1140 1710 2212 3156 5208 5902 6450 7692 8537 10312 12661 
#module 98 size: 16 bs: 0.915419
1880 4518 5342 5732 6208 6569 6748 7549 7597 7711 7724 7771 8378 8451 8562 11369 
#module 99 size: 13 bs: 0.601493
293 856 1758 3182 3520 4246 4883 5677 6036 6765 7004 7903 10381 
#module 100 size: 5 bs: 0.794535
1484 3328 8484 8971 9055 
#module 101 size: 5 bs: 0.266869
136 3181 8278 8937 12545 
#module 102 size: 9 bs: 0.609775
810 941 1228 1919 2247 3042 6367 9267 9468 
#module 103 size: 9 bs: 0.553156
1406 2088 2548 5302 5321 7043 7323 7435 8329 
#module 104 size: 5 bs: 0.318655
1565 1687 1861 4224 7884 
#module 105 size: 10 bs: 0.487388
563 2420 3067 3210 5076 5703 5783 6335 8801 8999 
#module 106 size: 8 bs: 0.140738
539 1135 1490 1609 6544 6899 8200 10819 
#module 107 size: 8 bs: 0.867686
1299 4068 5232 6156 6607 7967 9649 10693 
#module 108 size: 7 bs: 0.193153
1552 2177 7673 8010 8119 10460 10576 
#module 109 size: 10 bs: 0.691122
608 1099 5561 5614 6557 6591 6925 7089 9011 9150 
#module 110 size: 8 bs: 0.488582
3524 4233 4357 4760 6752 7166 7775 11705 
#module 111 size: 11 bs: 0.216186
257 1873 2035 2036 3230 5821 5822 7789 8592 10390 10504 
#module 112 size: 6 bs: 0.458493
1520 6288 7555 7711 10007 10873 
#module 113 size: 5 bs: 0.713875
6055 6614 7689 9159 10014 
#module 114 size: 5 bs: 0.672069
5239 5621 6869 11021 11602 
#module 115 size: 4 bs: 0.287812
1836 4310 9546 10762 
#module 116 size: 4 bs: 0.254787
4844 6297 6665 7500 
#module 117 size: 6 bs: 0.304965
1817 5234 5906 6987 8769 10864 
#module 118 size: 4 bs: 0.687464
2510 2730 4197 6836 
#module 119 size: 5 bs: 0.899924
5190 6351 7229 9934 10839 
#module 120 size: 27 bs: 0.669786
1116 1507 1612 1668 1713 2367 2537 2635 4023 4145 4366 4739 4966 5454 5539 5615 6108 6128 6630 7042 7585 7729 8410 9027 9209 9580 10251 
#module 121 size: 7 bs: 0.601132
1021 2568 4595 5655 5924 9343 10934 
#module 122 size: 24 bs: 1.00082
116 381 518 689 966 1014 1088 1466 1479 1489 3459 3516 4415 5632 5736 6161 6361 6821 7119 8571 9969 10062 10396 10449 
#module 123 size: 6 bs: 0.723776
4723 5388 8403 9758 10039 10275 
#module 124 size: 10 bs: 0.319539
1421 3425 4706 6147 7009 7324 8416 9074 9849 10627 
#module 125 size: 12 bs: 0.229027
535 2899 3499 4044 4616 5138 6235 7169 7467 8031 9753 11428 
#module 126 size: 10 bs: 0.156835
1415 3333 3839 4631 7237 7742 8546 9051 9777 10443 
#module 127 size: 11 bs: 0.683959
2104 3312 4422 5640 5959 7305 7473 9315 9503 10680 11119 
#module 128 size: 5 bs: 1.06115
3276 4255 4827 7259 7993 
#module 129 size: 3 bs: 0.54359
7679 7826 7889 
#module 130 size: 8 bs: 1.02747
1572 1852 4026 5202 7712 9212 9528 10788 
#module 131 size: 13 bs: 0.258624
412 638 1183 2636 3150 4437 6093 6290 6931 7151 8007 8118 9368 
#module 132 size: 15 bs: 0.520727
625 1650 2688 3065 3078 3275 3478 5388 6201 8446 8858 8943 9924 10349 10800 
#module 133 size: 5 bs: 0.209721
1480 1536 4755 6511 7857 
#module 134 size: 3 bs: 1.05227
1193 2529 10415 
#module 135 size: 4 bs: 0.237926
1352 2427 4858 5382 
#module 136 size: 7 bs: 0.718128
708 1292 1455 1528 7762 9524 10724 
#module 137 size: 4 bs: 0.57759
136 1008 6984 7614 
#module 138 size: 5 bs: 0.284405
3395 5760 8428 9382 10334 
#module 139 size: 4 bs: 0.724898
778 4243 4785 9324 
#module 140 size: 5 bs: 0.405427
1235 3610 7062 8419 9939 
#module 141 size: 12 bs: 0.55503
587 2593 3698 4731 6393 6978 6980 8830 9188 9390 10051 10996 
#module 142 size: 4 bs: 0.209327
1517 2150 3373 7269 
#module 143 size: 12 bs: 0.512603
15 215 1745 5311 6467 6565 8869 9439 10171 10766 11694 12885 
#module 144 size: 13 bs: 0.969088
618 1516 3374 3884 4232 4340 5442 6085 8124 9799 10272 10574 10716 
#module 145 size: 14 bs: 1.05235
489 1071 1101 1725 5122 5171 5918 6411 6660 7431 7481 8894 9362 10641 
#module 146 size: 4 bs: 0.269506
4564 4753 7147 7424 
#module 147 size: 12 bs: 0.884968
557 1538 1721 3605 4907 5160 5496 8760 8969 9149 9673 10791 
#module 148 size: 7 bs: 0.996908
2144 2339 4088 4655 6006 8776 10963 
#module 149 size: 7 bs: 0.941871
135 3142 5032 5282 6354 7171 11694 
#module 150 size: 16 bs: 0.100448
5 1717 3223 4150 6203 8538 9326 9526 9644 10087 10174 10220 10266 10392 10911 11010 
#module 151 size: 14 bs: 0.624171
95 1483 3030 3854 5204 5581 5936 6012 7471 8762 9545 9569 10508 10705 
#module 152 size: 17 bs: 1.07381
343 874 1537 1578 1645 1799 1962 2013 3169 5261 5840 6063 6280 7258 9786 12125 12862 
#module 153 size: 24 bs: 0.382447
869 974 1050 1540 1788 3486 3772 4400 5779 5811 6375 6548 7153 7373 7666 7876 8000 8189 8273 8785 9964 10686 10769 10945 
#module 154 size: 6 bs: 0.259696
996 2043 3015 3277 4865 10895 
#module 155 size: 58 bs: 0.597207
139 447 900 938 1068 1080 1195 1357 1426 1840 2094 2290 2292 2359 2512 2787 3252 3412 3733 3938 4042 4083 4109 4515 4696 4864 4924 4939 5073 5254 5364 5374 6196 6233 6369 6722 6881 7120 7239 7325 7388 7393 7449 7807 7844 7894 7896 7940 8093 8207 8222 8262 8700 9294 9422 10331 10458 12249 
#module 156 size: 21 bs: 0.545725
77 1554 1653 2696 3071 3124 3562 4579 4984 6116 6748 7514 7938 8256 8703 8826 9189 9210 9535 10547 10936 
#module 157 size: 9 bs: 0.241792
1699 2449 5522 5735 6788 7588 8868 9336 12293 
#module 158 size: 12 bs: 0.781849
1926 2225 3015 3125 3323 4412 4825 6344 6451 7819 8054 11171 
#module 159 size: 82 bs: 0.355337
21 201 1275 1390 1553 2080 2081 2117 2132 2172 2240 2331 2454 2621 2638 2658 2770 2779 2818 2879 2993 3403 3818 3829 3947 4007 4049 4156 4167 4512 4520 4597 5253 5289 5345 5580 5594 5770 5992 6249 6673 6718 6725 6777 6845 6973 7181 7252 7394 7475 7621 7655 7798 7865 8035 8450 8474 8518 8572 8670 8681 9037 9068 9130 9184 9250 9253 9657 9819 10114 10482 10506 10538 10560 10616 10940 10959 10998 11005 11087 11111 11219 
#module 160 size: 35 bs: 0.729469
314 620 973 1155 1244 1343 2677 3463 3642 3665 4216 4537 4554 5151 5193 5351 5556 5632 5898 6311 6432 6590 6922 6990 7888 8038 8081 8205 9077 9678 9921 10166 11106 11162 11435 
#module 161 size: 4 bs: 0.649459
1753 6479 7780 8975 
#module 162 size: 35 bs: 0.238922
116 190 1007 1203 1572 1812 1852 2513 2925 3154 3299 3411 3471 4543 4632 5557 5564 6046 6074 6134 6251 6761 6950 7364 7429 7793 8297 8661 9138 9211 9584 9759 10143 10526 10883 
#module 163 size: 13 bs: 0.377918
3350 4425 4634 4711 5120 6065 7458 7517 7942 8257 8488 9142 9587 
#module 164 size: 28 bs: 0.273097
54 894 1608 1852 1913 2200 3394 3529 3565 3863 4200 4383 4420 5126 5730 5970 6123 6546 6625 6928 7024 7299 9225 9724 9733 10632 10662 12678 
#module 165 size: 6 bs: 0.313275
2655 3422 5327 6558 7968 9663 
#module 166 size: 9 bs: 0.102397
601 2047 3366 7179 7501 7505 8186 9500 11272 
#module 167 size: 5 bs: 0.535949
3862 5107 8627 9489 9734 
#module 168 size: 21 bs: 0.93202
1160 1317 1586 2152 2411 2490 2520 3280 3790 3958 3968 6468 6964 7044 7378 8254 8371 8580 9893 10514 12527 
#module 169 size: 3 bs: 0.722987
5393 6148 6358 
#module 170 size: 9 bs: 0.485
836 883 1414 1969 6153 7319 9021 10626 12893 
#module 171 size: 11 bs: 0.719361
310 1263 1360 3215 4173 4239 5077 5349 6755 9290 9361 
#module 172 size: 7 bs: 0.96969
679 1319 3652 6959 8034 8264 10282 
#module 173 size: 5 bs: 0.576882
3472 3872 4302 5822 12933 
#module 174 size: 36 bs: 0.598535
268 711 1023 1458 1635 1719 2067 2931 3595 3751 4700 4797 4867 5045 5119 5209 5560 5820 5956 5988 6092 6251 6474 6953 7170 7773 7779 8427 8710 8790 8859 9603 9623 9848 9901 9975 
#module 175 size: 8 bs: 0.704172
2373 4307 4429 5143 7468 7794 9042 9486 
#module 176 size: 6 bs: 0.613535
49 1258 2984 4014 7018 10044 
#module 177 size: 11 bs: 0.633694
1340 1806 2320 3100 3813 3914 5408 6641 6922 9066 9910 
#module 178 size: 14 bs: 0.566659
96 304 713 1132 1821 3130 4115 4248 6872 7287 8115 9220 9774 10629 
#module 179 size: 19 bs: 0.529745
29 567 641 1132 2069 2750 3336 3359 4368 4697 5217 5618 6270 6621 7140 7226 7530 7572 9958 
#module 180 size: 7 bs: 0.77704
1041 3624 3793 4019 6237 7610 9357 
#module 181 size: 4 bs: 0.453859
462 5275 6426 7228 
#module 182 size: 4 bs: 0.509411
1937 2057 8761 10292 
#module 183 size: 10 bs: 0.329854
768 1453 2371 4208 5531 5985 7448 8332 8717 11159 
#module 184 size: 4 bs: 0.56964
5294 5407 6229 10053 
#module 185 size: 7 bs: 1.08235
1335 2048 3927 5295 6693 9162 9386 
#module 186 size: 13 bs: 0.189602
848 1777 1897 4393 5055 5179 6120 6542 6657 6995 10230 10370 10765 
#module 187 size: 16 bs: 0.651386
613 691 761 1106 2148 3477 3794 3817 4244 4599 5701 5823 7543 8376 9501 10933 
#module 188 size: 17 bs: 0.3145
765 1240 2550 3376 3482 3757 3802 3974 3976 4903 5494 5824 8323 8336 8752 9433 9793 
#module 189 size: 4 bs: 0.744814
5676 6154 7355 8590 
#module 190 size: 6 bs: 0.354923
576 1435 3159 6619 9251 10785 
#module 191 size: 7 bs: 0.858244
702 2550 5343 8241 8954 10370 10857 
#module 192 size: 5 bs: 0.679716
1698 5087 8615 8775 11481 
#module 193 size: 5 bs: 0.949249
2060 3770 6724 9001 11079 
#module 194 size: 13 bs: 0.591531
194 2524 2684 5288 6471 7674 7835 8598 9355 9538 9594 11448 12228 
#module 195 size: 11 bs: 0.363936
52 909 2268 3004 3119 4462 4572 6341 6710 7491 9517 
#module 196 size: 11 bs: 0.539247
528 2058 3359 5217 6747 7140 9288 10286 10359 10773 11371 
#module 197 size: 8 bs: 0.766384
13 1067 2254 3481 5656 5908 6898 9092 
#module 198 size: 16 bs: 0.25445
25 989 1916 1940 2393 2933 3206 4678 4848 4990 5379 7772 9364 10020 10320 11074 
#module 199 size: 4 bs: 0.300355
667 828 995 5655 
#module 200 size: 5 bs: 0.40379
1209 1476 5995 8597 9873 
#module 201 size: 7 bs: 0.601112
695 2161 5688 6947 7563 7565 8683 
#module 202 size: 7 bs: 0.243014
1433 3876 4729 7684 8794 10081 11012 
#module 203 size: 7 bs: 0.638878
923 1751 2835 4169 6396 7626 9444 
#module 204 size: 13 bs: 0.982025
188 497 1331 3053 4076 5478 7052 7156 8048 9414 9498 10647 10982 
#module 205 size: 5 bs: 0.547055
1975 5040 6948 8906 11635 
#module 206 size: 9 bs: 0.115266
964 2645 3334 5063 5116 5487 8464 8839 9668 
#module 207 size: 8 bs: 0.385972
1033 2353 3104 3880 4467 5628 6637 7145 
#module 208 size: 13 bs: 0.161689
35 2597 2780 3242 3355 4775 5529 6278 6455 8066 11123 11205 12726 
#module 209 size: 9 bs: 0.84311
1522 2504 3413 4568 5058 6652 6741 8431 8470 
#module 210 size: 6 bs: 0.208472
929 3031 3101 3495 10887 13043 
#module 211 size: 9 bs: 0.580838
4139 6560 7300 7379 9151 9960 10165 11209 11712 
#module 212 size: 11 bs: 0.21427
30 1194 2177 3831 4798 5080 8361 8867 10490 11405 12506 
#module 213 size: 13 bs: 0.387688
863 2253 2576 2578 3153 3932 4090 4694 5779 6362 6789 7008 7309 
#module 214 size: 10 bs: 0.558752
1277 1518 1632 2221 4969 5121 6199 6994 9316 9539 
#module 215 size: 8 bs: 0.766138
875 1210 2330 3229 3761 7321 8195 8231 
#module 216 size: 8 bs: 0.283213
2278 3724 4382 5575 5880 6664 8931 10115 
#module 217 size: 6 bs: 0.29124
61 1502 3678 4231 5199 11011 
#module 218 size: 9 bs: 0.491128
361 3133 3777 3948 5694 8725 9111 10182 10242 
#module 219 size: 24 bs: 1.01092
551 1261 2252 2811 3483 3590 3670 3717 3919 4420 4498 4670 4985 5444 5882 6135 6677 6834 7032 8059 8889 9766 11572 12584 
#module 220 size: 3 bs: 0.760864
2506 5013 8686 
#module 221 size: 4 bs: 0.35427
13 3129 3271 9204 
#module 222 size: 6 bs: 0.161166
2118 2216 6987 9457 9571 10976 
#module 223 size: 5 bs: 0.705614
1262 1487 2970 3264 3637 
#module 224 size: 13 bs: 0.268343
854 885 1624 1696 4618 5273 6175 6384 7189 7220 8015 8615 10535 
#module 225 size: 13 bs: 0.392244
171 1050 2931 3605 3688 5078 6326 6550 8489 8871 10512 10557 11015 
#module 226 size: 3 bs: 0.774917
1270 2110 3967 
#module 227 size: 4 bs: 0.867689
926 1249 2492 11026 
#module 228 size: 11 bs: 1.08189
2647 3214 3543 4957 5170 5180 6174 8055 8504 9157 10964 
#module 229 size: 3 bs: 0.774656
1782 4468 7027 
#module 230 size: 3 bs: 0.747313
4575 5358 5421 
#module 231 size: 11 bs: 0.794885
265 2384 2515 4721 5947 7600 7881 8899 9944 10943 12652 
#module 232 size: 7 bs: 0.993684
1628 4350 4932 5780 6831 8107 10887 
#module 233 size: 20 bs: 0.372631
242 1045 1054 1646 1731 2435 2742 3420 3521 4025 4448 5635 5997 6442 6633 7478 7662 8021 8406 11273 
#module 234 size: 5 bs: 0.174093
3835 4447 4702 5088 6893 
#module 235 size: 8 bs: 0.764576
550 2343 4461 5228 6083 8381 8940 10082 
#module 236 size: 6 bs: 0.924632
1549 4245 5276 5317 7799 8737 
#module 237 size: 31 bs: 0.75229
899 1156 1430 1726 3279 3440 3508 3791 3962 4326 4613 4707 5051 5146 5157 5377 5459 6599 6711 7240 7406 7719 7941 9127 9274 9635 9709 10256 10355 10472 11150 
#module 238 size: 7 bs: 0.177043
2870 3097 3347 4373 6797 10408 10751 
#module 239 size: 26 bs: 0.412884
582 812 987 2138 2366 3116 3496 4037 4401 4652 4662 4975 4979 5106 5141 5362 5586 5870 5931 6805 6960 7311 7374 8065 9890 10102 
#module 240 size: 9 bs: 0.429264
834 975 1391 1796 7435 8349 8987 9840 9843 
#module 241 size: 7 bs: 0.240228
1530 3787 5190 6250 7463 8740 9886 
#module 242 size: 3 bs: 0.937185
2598 8110 8581 
#module 243 size: 7 bs: 0.966947
4487 5300 7172 7193 9394 9697 11109 
#module 244 size: 18 bs: 0.941433
574 901 983 1103 1195 1305 2815 3547 4588 4612 4912 5761 6443 6707 6852 6876 9431 11551 
#module 245 size: 5 bs: 0.740217
208 7952 8141 9859 10587 
#module 246 size: 7 bs: 0.644799
864 3454 5356 5979 6007 7901 12591 
#module 247 size: 18 bs: 0.375475
66 357 948 1100 1723 1804 2704 2985 4525 5588 6757 7982 8009 8012 8602 9317 10300 13019 
#module 248 size: 7 bs: 0.764308
1447 5046 5641 7251 7420 7504 9102 
#module 249 size: 7 bs: 0.564265
1928 4715 6525 7713 7874 9171 9630 
#module 250 size: 8 bs: 0.366762
227 1372 1423 3677 4315 5602 7625 10602 
#module 251 size: 7 bs: 0.710018
1081 3293 5188 5545 7082 8773 11216 
#module 252 size: 5 bs: 0.135285
4195 5725 8814 9489 10873 
#module 253 size: 12 bs: 0.524637
97 2575 3145 3673 4133 6859 6982 7399 8271 8300 10776 11267 
#module 254 size: 4 bs: 0.436028
3084 4347 9714 10808 
#module 255 size: 21 bs: 0.222731
46 308 688 771 890 1170 2157 2190 3487 3620 3954 4371 4881 6210 6349 6848 7262 8699 10488 11242 13055 
#module 256 size: 17 bs: 0.134741
508 593 1297 2397 2622 2901 2942 3365 4182 4677 5585 7534 7814 7904 8629 9116 12639 
#module 257 size: 8 bs: 0.101681
1127 1184 1694 2030 5021 6418 8656 8860 
#module 258 size: 16 bs: 0.1371
197 535 1107 3057 3473 3479 4842 5139 6647 6927 7125 7347 8104 8357 8648 11119 
#module 259 size: 11 bs: 0.785052
1020 1938 2021 2681 3308 7160 7930 8908 9202 9242 10488 
#module 260 size: 15 bs: 0.310849
1525 2344 2945 4030 4299 4812 5059 5541 5801 6329 6366 7079 7823 9566 10589 
#module 261 size: 23 bs: 0.495479
7 561 573 811 873 970 1255 1629 1983 1987 2407 2718 2829 3444 4866 6578 6738 6896 7514 8106 8409 8549 8573 
#module 262 size: 8 bs: 0.771989
604 1181 2147 2375 2671 5788 6060 9600 
#module 263 size: 12 bs: 0.702554
911 1133 1413 2931 5004 5563 5883 6064 6441 8187 10526 10736 
#module 264 size: 7 bs: 0.863494
295 1737 1744 2349 3188 6563 10781 
#module 265 size: 4 bs: 0.925457
722 4164 7354 8639 
#module 266 size: 7 bs: 0.82106
1377 3113 4560 5296 5921 6051 9747 
#module 267 size: 15 bs: 0.876207
892 1100 1778 3185 3364 3474 4149 5746 7123 7130 8121 8559 9034 9407 10779 
#module 268 size: 4 bs: 0.957455
5316 6856 7984 10468 
#module 269 size: 9 bs: 0.542295
1438 2735 4122 4592 5371 5626 6524 7519 10252 
#module 270 size: 4 bs: 0.628879
1678 3306 4445 5987 
#module 271 size: 15 bs: 0.664212
142 344 876 1644 1758 1829 1989 2624 3192 3204 7482 7688 8420 9297 9745 
#module 272 size: 3 bs: 0.99617
1560 2853 6380 
#module 273 size: 5 bs: 0.216487
3988 5762 7160 8130 10710 
#module 274 size: 6 bs: 0.975301
4828 9551 9689 10377 10677 10754 
#module 275 size: 10 bs: 0.983072
462 654 806 3820 4198 5455 5890 5900 5948 9625 
#module 276 size: 3 bs: 0.29829
4396 10291 10734 
#module 277 size: 4 bs: 0.775074
2070 3338 6598 9761 
#module 278 size: 8 bs: 0.771464
3108 3830 5613 7738 8873 10023 10483 11380 
#module 279 size: 15 bs: 0.426593
715 917 1395 2049 2099 6073 6250 6662 9026 9057 9380 9595 9655 10559 11447 
#module 280 size: 14 bs: 0.693905
789 1309 1785 5817 6487 7522 7541 7650 8522 10100 10744 10821 12523 12626 
#module 281 size: 13 bs: 0.778404
69 860 1267 1999 3113 3824 4560 5876 8088 8675 8782 9295 9844 
#module 282 size: 95 bs: 0.687386
166 270 636 704 839 905 940 1123 1618 1626 1795 1914 2028 2074 2691 2699 2736 2838 2889 3010 3114 3236 3244 3260 3599 3689 3877 3898 3916 3918 4143 4146 4312 4317 4338 4354 4444 4577 4586 4610 5410 5518 5526 5558 5665 5943 6058 6111 6181 6336 6386 6395 6425 6523 6575 6579 6638 6865 6945 6970 7071 7086 7210 7365 7462 7470 7720 7723 7766 7854 7859 7935 7936 7989 8142 8299 8582 8611 8615 8706 8817 9007 9049 9122 9529 9919 10387 10551 10564 10838 10854 10944 11108 11393 12003 
#module 283 size: 5 bs: 0.457278
2820 3512 6188 6195 9494 
#module 284 size: 9 bs: 0.828789
1134 2665 3191 6728 7367 7769 9028 10128 11699 
#module 285 size: 14 bs: 1.01816
622 779 1733 2341 2501 2516 3975 4054 4128 6359 8314 9399 10695 10737 
#module 286 size: 4 bs: 1.02708
3426 4459 7864 10058 
#module 287 size: 6 bs: 0.160506
832 5591 6456 7396 9342 10327 
#module 288 size: 12 bs: 0.344965
1510 1674 2443 2517 3935 6165 6554 7001 7303 7821 8125 9364 
#module 289 size: 10 bs: 1.01781
3548 3744 3959 5592 6433 6877 7398 7785 8852 11099 
#module 290 size: 8 bs: 0.686522
503 1113 1488 2198 5082 5538 8277 10360 
#module 291 size: 11 bs: 0.758794
1900 2163 2196 3026 3952 7575 8647 9298 9701 11009 12880 
#module 292 size: 22 bs: 0.832506
488 879 1548 1881 2126 2321 4129 4276 4646 4838 4860 5359 5491 7257 7657 7706 7811 8071 8373 10637 10771 10810 
#module 293 size: 4 bs: 0.118991
1809 8345 9139 9289 
#module 294 size: 14 bs: 0.664712
136 307 784 1072 1440 2033 2340 2966 4915 5686 7416 7606 7750 9495 
#module 295 size: 8 bs: 0.632529
960 1191 1287 4219 6087 6586 9637 10689 
#module 296 size: 5 bs: 0.339892
5373 5532 7455 10601 10768 
#module 297 size: 3 bs: 0.863947
1411 3281 6121 
#module 298 size: 8 bs: 0.541956
1028 3659 3851 4665 6408 8701 8942 10231 
#module 299 size: 8 bs: 0.994873
798 2395 2947 5385 6661 8296 8955 10952 
#module 300 size: 64 bs: 0.207594
8 51 529 893 1189 1229 1286 1387 1788 1877 2008 2254 2257 2601 2793 2951 2996 3012 3170 3379 3857 4079 4084 4144 4649 4889 4964 5017 5320 5399 5625 5975 6153 6182 6320 6604 6883 7075 7129 7319 7459 7589 8137 8198 8566 8827 9307 9691 9713 9768 9946 10072 10077 10096 10465 10592 10596 10678 10707 10823 10877 10937 11146 12654 
#module 301 size: 22 bs: 0.783793
1564 2152 2725 2988 3259 3449 3576 5035 5332 5949 6139 6391 6964 7044 8322 8367 8580 8937 9040 9950 10135 12492 
#module 302 size: 17 bs: 0.246959
41 1328 2146 4154 5549 6207 6853 6993 7050 7386 8150 8230 8765 8883 9515 10010 10948 
#module 303 size: 4 bs: 0.307171
1147 10889 11029 11497 
#module 304 size: 7 bs: 0.520162
1265 2347 4870 9852 10287 10746 10802 
#module 305 size: 8 bs: 0.72481
177 511 792 1003 3925 6089 7110 7310 
#module 306 size: 6 bs: 0.888233
530 2764 3697 5294 6180 9386 
#module 307 size: 4 bs: 0.878908
490 6498 7997 10831 
#module 308 size: 5 bs: 1.01151
2274 2616 4528 4790 10427 
#module 309 size: 17 bs: 0.768754
1396 1532 1776 2194 3822 4263 5283 5663 5868 6938 7133 7275 8811 8982 9002 9531 12170 
#module 310 size: 7 bs: 0.500422
880 3291 4166 7992 8657 9810 10230 
#module 311 size: 7 bs: 0.762105
3062 3681 5794 7261 8496 10711 12426 
#module 312 size: 8 bs: 0.916071
1346 1450 1515 1686 2969 4102 5522 7358 
#module 313 size: 12 bs: 0.117496
1231 1636 2125 2406 2456 2934 7007 8053 8280 9695 9994 11717 
#module 314 size: 8 bs: 0.203064
515 785 3567 3581 3748 4528 4540 4549 
#module 315 size: 3 bs: 0.977001
2086 3589 6509 
#module 316 size: 7 bs: 0.255093
2557 5341 7912 8671 9540 10543 11338 
#module 317 size: 7 bs: 0.936975
572 1315 3117 5499 7836 8047 12638 
#module 318 size: 9 bs: 0.904908
1197 1402 1434 3285 5056 8228 8633 8985 9712 
#module 319 size: 4 bs: 0.636522
1463 5370 7194 7667 
#module 320 size: 11 bs: 0.635627
897 1015 2939 5336 5689 6294 6868 6985 7383 8067 10024 
#module 321 size: 7 bs: 0.132275
93 2656 6645 7804 8082 8907 8923 
#module 322 size: 7 bs: 0.626842
1861 3584 4532 5637 7755 8311 9221 
#module 323 size: 13 bs: 0.578277
1501 2503 2545 2676 3187 4820 4859 7547 7703 8353 9106 10879 11453 
#module 324 size: 5 bs: 0.417761
994 1237 2037 8800 9116 
#module 325 size: 15 bs: 0.735981
456 882 1500 2527 3401 3439 3634 4361 5168 5189 5764 7699 9721 10306 11451 
#module 326 size: 8 bs: 0.952827
1029 1039 3046 7264 8135 8717 9902 11678 
#module 327 size: 9 bs: 0.139382
1868 4721 6409 6419 9403 9570 9944 10270 11124 
#module 328 size: 14 bs: 0.599423
322 1953 2143 2270 2758 3389 3560 3978 4406 4436 5220 5403 6728 10011 
#module 329 size: 18 bs: 0.820311
809 1042 2168 2346 4762 5994 6907 7133 8317 8355 8772 8959 9614 10043 10764 10772 10820 11031 
#module 330 size: 12 bs: 0.284109
2309 3503 4212 4804 4963 5270 5340 6521 7089 7105 7205 7890 
#module 331 size: 5 bs: 1.07685
922 4850 5363 8001 9309 
#module 332 size: 7 bs: 0.728214
986 2476 2919 3261 4228 7059 11694 
#module 333 size: 20 bs: 1.0394
1273 2707 2976 3540 3993 4308 4543 4779 4921 6266 6373 6984 7134 7647 7685 8266 8719 9288 10674 10922 
#module 334 size: 12 bs: 0.734016
1689 2439 4850 5430 7502 7847 8056 8374 8721 9435 10175 11245 
#module 335 size: 4 bs: 0.654971
5537 5827 6770 8033 
#module 336 size: 5 bs: 0.11181
2048 3631 4760 9573 9666 
#module 337 size: 5 bs: 0.830359
526 2012 2281 6291 7596 
#module 338 size: 8 bs: 1.03857
1199 1793 3545 4092 6901 9871 10358 10375 
#module 339 size: 5 bs: 0.265125
3081 4277 4629 4884 8214 
#module 340 size: 25 bs: 0.13834
37 631 1039 1878 2082 2554 2746 3350 3601 4180 5086 5166 5212 5901 6079 6309 6709 7227 8724 8966 9256 9688 9864 10147 10662 
#module 341 size: 8 bs: 0.305236
191 1542 1824 3456 3864 5574 6648 7042 
#module 342 size: 43 bs: 0.579861
14 537 543 991 1085 1499 1729 1784 1864 2078 2176 2262 2670 2687 2698 2954 2998 3320 3468 3566 3694 3907 4351 4499 4993 5346 6400 6491 6516 6799 6918 7149 7240 7397 7652 7914 8321 8362 8935 9089 9967 10866 11069 
#module 343 size: 4 bs: 0.960951
6019 9016 9265 10407 
#module 344 size: 12 bs: 0.138698
644 4524 4587 4774 4800 5453 5950 6672 6965 7326 7489 8340 
#module 345 size: 14 bs: 0.159683
1443 2519 3089 3231 3506 4291 4472 6273 6857 6914 7208 7892 7895 9456 
#module 346 size: 12 bs: 1.0584
480 1125 1874 2662 3007 3024 3101 4177 5481 6791 10475 11571 
#module 347 size: 11 bs: 0.306447
140 2243 2254 4157 4624 5443 5607 7286 8080 8904 10067 
#module 348 size: 4 bs: 0.264857
1898 4028 6211 7361 
#module 349 size: 10 bs: 0.550539
2036 2519 3446 3895 4220 5479 7168 8579 9645 9798 
#module 350 size: 9 bs: 0.601449
210 829 1730 4422 6572 6913 7860 8028 10995 
#module 351 size: 5 bs: 0.894114
3305 4477 4546 10215 11788 
#module 352 size: 18 bs: 1.08218
1382 2361 3750 3816 4107 4294 4709 5231 5601 5941 6000 7131 7976 8302 8515 10971 10977 11004 
#module 353 size: 13 bs: 0.641179
580 2210 3407 4110 4650 4806 5638 5893 6661 9915 10658 12642 12881 
#module 354 size: 36 bs: 1.07849
623 914 930 952 1194 1604 1649 1766 1951 2167 2425 2786 3238 3510 3998 4163 4297 4794 4991 5186 5395 5851 6463 6729 7322 7856 8011 8024 8521 9041 9487 10088 10861 11014 11643 11936 
#module 355 size: 5 bs: 0.200288
2101 2822 4363 8850 10576 
#module 356 size: 21 bs: 0.41071
33 1247 1924 2714 3132 4692 4807 4935 5598 6265 6381 7263 7648 8397 9058 9099 10224 10399 10684 10778 12679 
#module 357 size: 8 bs: 0.522321
3384 4132 4937 5446 6023 6355 8172 8174 
#module 358 size: 9 bs: 0.791452
2885 3553 3602 4562 5892 6137 6465 8162 9476 
#module 359 size: 6 bs: 0.108615
1213 1505 1672 5933 6071 7171 
#module 360 size: 11 bs: 0.300254
58 1069 2403 3227 3592 3664 3852 4417 4497 6830 10636 
#module 361 size: 8 bs: 0.646698
3 1950 2555 4223 7834 9164 10264 10624 
#module 362 size: 13 bs: 0.617668
2710 2950 2959 3226 3668 3832 4853 5001 5485 6240 6573 7221 10987 
#module 363 size: 13 bs: 0.161878
16 1848 2009 4257 4337 4378 4455 4471 6527 7744 8476 9365 11086 
#module 364 size: 8 bs: 1.07893
1241 1664 2166 6047 6800 8787 10073 10732 
#module 365 size: 9 bs: 0.664859
1314 1495 3546 3921 4137 6271 6629 8723 8818 
#module 366 size: 8 bs: 0.837544
1405 1797 2799 4296 7188 8434 8659 9285 
#module 367 size: 7 bs: 0.358283
1909 3649 5400 7780 7918 8711 8833 
#module 368 size: 9 bs: 1.00999
3083 5270 5328 5659 5903 7274 8435 10240 10617 
#module 369 size: 6 bs: 0.899244
3158 4024 5698 7032 9795 10477 
#module 370 size: 19 bs: 0.62932
1002 1294 1462 2337 2511 2615 2695 3087 3888 4318 4377 4809 5054 5206 6018 6819 8466 8694 9413 
#module 371 size: 62 bs: 0.258528
172 312 362 370 377 420 803 919 943 1081 1233 1373 2129 2185 2302 2552 2607 2703 2860 3172 3178 3287 3429 3490 3500 3616 3660 3675 3705 3743 4247 4428 4542 4792 4967 4995 5691 5764 5910 5973 6640 6669 7045 7722 7749 7966 8111 8347 8915 8921 9547 9627 10033 10151 10222 10463 10476 10599 11192 11193 12582 12977 
#module 372 size: 21 bs: 1.09959
473 1825 2097 2342 2918 3874 4465 4545 4989 6107 6262 6827 6835 7999 8618 9404 9446 9790 9862 10448 11210 
#module 373 size: 7 bs: 0.659874
1594 1749 4385 6357 6539 7256 11840 
#module 374 size: 10 bs: 0.883294
276 388 2694 3217 4902 5629 7289 8310 8330 10315 
#module 375 size: 4 bs: 0.426259
2386 6122 6626 10487 
#module 376 size: 7 bs: 0.853731
3339 5272 7013 8181 9590 11163 12933 
#module 377 size: 7 bs: 0.411231
3093 3807 3985 6476 6921 8293 10842 
#module 378 size: 5 bs: 0.448945
3050 3400 4961 8077 10546 
#module 379 size: 26 bs: 0.309383
339 1245 1250 1324 2154 2338 2434 2971 4676 5167 5310 6046 6304 6596 6828 7074 7208 7658 7696 8411 8468 8881 8920 9179 9518 10226 
#module 380 size: 26 bs: 0.554917
210 973 1394 2421 3064 3324 3469 3710 3740 4006 4529 5123 6215 6585 7634 8513 8564 8815 9317 9733 9833 9936 10685 10813 10832 13065 
#module 381 size: 6 bs: 0.94772
3889 4398 4433 6406 9344 11097 
#module 382 size: 8 bs: 0.615215
2745 3155 4505 5304 5674 5841 7633 8865 
#module 383 size: 56 bs: 0.660617
318 1260 1356 1363 1728 1764 2129 2391 2612 3326 3500 3667 3682 3718 3936 3987 4503 4507 4647 4787 4824 4890 5099 5130 5354 5384 5406 5501 5741 5874 5911 6283 6669 6721 6850 7419 8148 8513 8712 8950 9134 9589 9598 9616 9683 9820 9957 10470 10827 10974 11000 11112 11367 11443 12899 12949 
#module 384 size: 19 bs: 0.178975
440 650 1524 2496 2802 3121 3324 3641 3863 5093 5278 5419 5541 6353 8261 8346 8792 9531 10927 
#module 385 size: 10 bs: 0.754923
858 937 4234 4500 4811 4922 5964 7645 10321 11189 
#module 386 size: 8 bs: 0.267289
309 1523 1702 1712 4530 4790 8229 8820 
#module 387 size: 11 bs: 0.989408
23 1025 3038 3180 3182 4152 4405 5187 6826 7037 7211 
#module 388 size: 7 bs: 0.780519
2955 3870 5372 5448 5860 9981 10583 
#module 389 size: 7 bs: 0.917627
3630 4193 5968 6239 8160 10351 11703 
#module 390 size: 10 bs: 0.776493
2512 2777 3533 3730 4219 6272 6974 8732 8961 9991 
#module 391 size: 6 bs: 0.474463
1573 3059 3784 4112 6686 9013 
#module 392 size: 5 bs: 0.876381
4603 4951 5437 7339 8209 
#module 393 size: 7 bs: 0.881127
1927 3128 5755 7564 7664 9673 9889 
#module 394 size: 5 bs: 0.131479
491 4070 4093 5926 8917 
#module 395 size: 6 bs: 0.149933
13 806 1274 1876 4943 6895 
#module 396 size: 9 bs: 0.448553
611 1886 2646 2960 3398 4435 4531 6688 7526 
#module 397 size: 5 bs: 0.683558
1253 1398 1866 2505 3819 
#module 398 size: 5 bs: 0.967758
768 1798 3716 7083 8087 
#module 399 size: 34 bs: 0.612821
206 389 589 678 786 1222 1348 1616 1637 1659 2107 3092 3193 3562 3854 3900 4480 4685 4756 5331 5916 5984 6268 7051 7313 7328 7681 7927 8283 8963 9514 10985 11251 12495 
#module 400 size: 5 bs: 1.09821
1493 3090 3485 4016 9280 
#module 401 size: 17 bs: 0.461313
1196 2121 2239 2674 2807 5622 5639 5647 5739 5800 6660 6875 7046 8384 8722 9652 10717 
#module 402 size: 5 bs: 0.837837
1281 1468 4548 7288 9195 
#module 403 size: 9 bs: 0.111798
1584 1960 2311 4101 4733 6460 7141 8595 10699 
#module 404 size: 21 bs: 0.216838
648 1026 1317 1460 3240 3969 5285 5576 5634 5791 5909 6242 6932 7050 7978 8009 8026 9087 9851 10124 11073 
#module 405 size: 13 bs: 0.594851
4057 5155 6309 6416 7017 7649 8635 9238 9943 9977 10042 10303 10884 
#module 406 size: 5 bs: 0.485209
954 6001 7213 8624 10908 
#module 407 size: 7 bs: 0.19699
951 1929 4176 5089 7146 8235 10275 
#module 408 size: 12 bs: 0.738537
1681 2073 2312 2604 5378 7710 8246 9488 10119 10200 10298 10938 
#module 409 size: 7 bs: 0.419732
2220 2977 4752 6399 6862 8249 10208 
#module 410 size: 10 bs: 0.805252
104 228 360 699 1939 2142 4221 9152 9481 11274 
#module 411 size: 7 bs: 0.542054
390 5005 6032 6943 8503 8662 10558 
#module 412 size: 7 bs: 0.64803
2543 2568 4192 4882 8385 10598 10733 
#module 413 size: 8 bs: 1.09878
2025 2238 3022 3205 3703 5175 7945 8447 
#module 414 size: 8 bs: 0.527165
359 3130 3650 6424 7054 7808 10293 11239 
#module 415 size: 13 bs: 0.612904
804 1838 1843 1865 2483 3990 4269 4691 6986 7921 8133 9781 10593 
#module 416 size: 23 bs: 0.961256
412 486 932 961 1534 2623 3104 3263 3899 4533 5322 5507 5571 6141 6420 6454 6746 6768 8608 9767 10893 10967 12756 
#module 417 size: 12 bs: 0.27007
1541 1561 1842 3690 5281 5631 7032 7113 7377 8380 9525 10371 
#module 418 size: 6 bs: 0.213206
1949 4639 7462 8948 10833 12635 
#module 419 size: 4 bs: 0.389361
1849 2042 4473 9018 
#module 420 size: 15 bs: 0.729234
1199 1491 3372 3437 4633 4732 6076 7020 8091 8609 9036 9293 10113 10184 10455 
#module 421 size: 10 bs: 1.08793
34 851 1634 2569 4206 5015 6323 7770 8714 9194 
#module 422 size: 4 bs: 0.197888
427 2277 5998 9466 
#module 423 size: 15 bs: 0.441877
316 1153 1344 1354 1738 2875 3667 4051 5951 5967 6477 6566 6887 8806 9605 
#module 424 size: 53 bs: 0.396997
383 1086 1271 1569 1921 2031 2173 2242 2754 2903 2930 2964 3393 3775 4514 4555 4839 4977 5137 5277 5546 5683 5818 5996 6035 6731 6782 6816 6846 6967 7376 7741 7802 7848 7868 7916 7996 8448 8462 8529 8678 8957 9086 9182 9728 9763 9920 10149 10567 10579 10723 10868 10896 
#module 425 size: 23 bs: 0.222288
371 459 614 630 670 910 1155 1531 1985 2193 2207 4236 5837 5965 6218 6327 7230 7432 7579 8045 9114 10130 10847 
#module 426 size: 15 bs: 1.03447
36 2003 2606 3461 3704 3725 4608 5154 5197 5512 6325 7049 7656 7682 11088 
#module 427 size: 8 bs: 0.981752
394 1028 3843 3861 6177 6235 7056 8660 
#module 428 size: 3 bs: 0.365841
1139 4457 10660 
#module 429 size: 5 bs: 0.882775
1622 4267 5020 5495 7327 
#module 430 size: 9 bs: 0.146488
236 1912 3867 4002 4642 6663 7687 9857 10614 
#module 431 size: 7 bs: 0.938852
1999 4093 6459 6655 8605 8614 10347 
#module 432 size: 13 bs: 0.169051
1451 1543 2354 2837 3353 3621 3819 4170 7247 7267 8895 10058 11498 
#module 433 size: 8 bs: 0.973668
3059 3344 4126 4831 6253 8204 8663 11556 
#module 434 size: 6 bs: 1.01585
1527 3594 3785 6936 7898 9193 
#module 435 size: 28 bs: 0.621412
120 564 1376 2055 2979 3385 3448 3847 4004 4081 4464 4485 5067 5830 5891 6385 6529 6751 7130 7960 8265 8550 8847 9959 10164 10173 10346 10547 
#module 436 size: 7 bs: 0.262023
431 902 2946 5888 7005 9102 10871 
#module 437 size: 9 bs: 0.649862
1076 1599 3390 3758 4559 5751 5826 8240 10133 
#module 438 size: 15 bs: 0.913391
566 724 2496 2914 3122 3764 4345 5781 5872 5877 6299 6457 8241 8565 8782 
#module 439 size: 5 bs: 0.696768
5000 6374 6475 8044 8250 
#module 440 size: 6 bs: 0.839726
1324 1660 3692 3843 7690 7707 
#module 441 size: 10 bs: 1.08068
1312 2052 2625 3781 3797 4736 4823 5074 7105 7183 
#module 442 size: 3 bs: 0.474418
4080 4659 8139 
#module 443 size: 5 bs: 0.280045
6109 7372 7568 7670 8422 
#module 444 size: 35 bs: 0.230489
152 158 513 1088 1366 1583 1958 2040 2709 2965 3106 4006 4264 4481 4801 5022 5552 6102 6176 6528 6636 6750 6806 6823 7429 8042 8613 8684 8828 9374 9661 9888 10650 10826 12575 
#module 445 size: 18 bs: 1.04266
78 716 1393 2007 2346 2429 4097 4466 4902 5295 5724 5928 6037 7404 7758 9226 10913 12297 
#module 446 size: 12 bs: 0.219485
1001 1185 1539 1551 3842 3937 5034 6031 7334 7446 9647 10108 
#module 447 size: 10 bs: 0.182532
47 2943 3742 4064 5687 7080 7345 8982 10193 10651 
#module 448 size: 6 bs: 0.332019
1027 4022 4339 6254 10952 10955 
#module 449 size: 14 bs: 0.285027
334 640 824 1520 2237 2269 4721 6701 7669 7866 8697 9197 9305 12652 
#module 450 size: 17 bs: 0.80239
656 1490 1851 3162 3345 3505 3595 3924 4075 4601 4841 5434 7039 9233 9906 10192 10201 
#module 451 size: 7 bs: 0.55241
3666 4282 6517 7786 8615 9172 9775 
#module 452 size: 19 bs: 0.548374
475 713 721 1330 1580 1992 2408 3109 3130 3646 5725 6698 7170 8115 8307 9912 10022 10662 10966 
#module 453 size: 12 bs: 0.50109
18 434 831 1845 5861 7810 8968 9063 9970 10191 10584 11840 
#module 454 size: 9 bs: 0.724638
1063 2487 5953 6039 7148 7315 9033 10992 11694 
#module 455 size: 23 bs: 0.850377
655 2580 2953 3268 3816 3986 4685 5355 5915 6029 6212 7048 7333 7503 7822 8392 8786 9554 9965 10179 10253 10709 11220 
#module 456 size: 6 bs: 0.96774
13 762 2724 3083 3220 7207 
#module 457 size: 6 bs: 0.554039
466 791 4300 5516 6900 8882 
#module 458 size: 8 bs: 0.556049
3221 4048 4374 4621 5807 6954 10316 10425 
#module 459 size: 3 bs: 0.994087
4506 6428 6654 
#module 460 size: 9 bs: 0.365236
3465 4411 4840 5904 6067 6631 7052 8364 8773 
#module 461 size: 10 bs: 0.827619
1628 1768 2383 3388 3435 4283 5813 6138 7017 9798 
#module 462 size: 11 bs: 0.722856
1704 2485 4563 4962 5367 6047 7420 7946 8995 10466 11023 
#module 463 size: 11 bs: 0.481775
831 891 1576 2024 2409 3985 5274 8881 9478 10348 10859 
#module 464 size: 22 bs: 0.785759
1872 2093 2148 2497 2539 3003 3282 4407 5233 5502 5701 6905 7081 7966 8400 9395 9501 9816 10274 10515 10619 11490 
#module 465 size: 42 bs: 1.03447
341 485 534 1115 1178 1222 1326 1396 2108 3218 3597 3941 4142 4201 4240 4380 5053 5134 5144 5165 5307 5380 5553 6143 6213 6529 6538 6578 6773 7085 7107 7308 7873 7932 8939 9100 9467 10132 10277 10701 10844 12874 
#module 466 size: 15 bs: 0.516438
578 1005 3729 4237 5173 5236 5318 5672 7582 8270 8617 8841 9386 10053 10118 
#module 467 size: 5 bs: 0.952971
814 1220 6484 7025 8646 
#module 468 size: 9 bs: 0.243209
74 1137 1833 3549 4335 5258 7307 10836 10928 
#module 469 size: 8 bs: 0.85986
217 512 976 2437 4976 6482 8728 10675 
#module 470 size: 10 bs: 0.692927
931 1973 3264 5327 5804 5895 9961 10140 10360 10555 
#module 471 size: 8 bs: 0.940566
230 2489 2564 3855 5927 7791 8443 10484 
#module 472 size: 27 bs: 0.134213
352 1519 1695 1710 2204 2461 2542 2825 2863 3156 3245 3480 3569 3823 3977 4061 4550 5099 6022 6904 7722 8632 8637 8901 8988 10595 10813 
#module 473 size: 25 bs: 0.724845
173 356 548 1349 1935 2438 2587 3021 3265 3464 3489 3582 3753 3995 4052 4335 5610 6798 6805 6817 8019 9216 9825 10378 10687 
#module 474 size: 4 bs: 0.111626
3719 5266 6356 7297 
#module 475 size: 5 bs: 0.370404
299 1896 3414 4071 10178 
#module 476 size: 8 bs: 0.627344
159 1652 5555 5848 6956 7716 9039 11451 
#module 477 size: 25 bs: 0.579084
174 1024 1073 1492 1503 1811 2072 2475 2600 3168 3316 3514 3550 5091 5866 6744 7426 7668 7909 8242 8570 9173 9223 9334 10376 
#module 478 size: 22 bs: 0.899512
424 681 956 1142 1161 1384 3209 3767 4035 4701 5096 5242 5784 6822 7622 8304 8386 8508 9083 9455 9662 10532 
#module 479 size: 8 bs: 0.956632
2389 3518 4119 4469 6623 7880 8405 9533 
#module 480 size: 9 bs: 0.788593
565 2077 2525 5829 5946 6039 7568 9674 9857 
#module 481 size: 10 bs: 1.09145
328 507 2387 4521 4683 6255 7342 8116 9015 11169 
#module 482 size: 6 bs: 1.06094
2246 2481 4126 8628 9671 10943 
#module 483 size: 5 bs: 0.571914
777 5299 7185 7796 9044 
#module 484 size: 4 bs: 0.144096
830 7249 9009 9400 
#module 485 size: 13 bs: 0.247115
791 1898 3455 3575 3720 3971 4259 5156 5497 5862 6863 10155 10522 
#module 486 size: 9 bs: 0.518887
550 631 1637 2651 3079 5066 6027 7050 8227 
#module 487 size: 4 bs: 0.454803
3640 4104 4849 9483 
#module 488 size: 7 bs: 0.513995
868 2474 5789 6164 7900 9135 9696 
#module 489 size: 7 bs: 1.06997
594 3333 5763 6275 6541 8912 10403 
#module 490 size: 8 bs: 0.903465
1381 1480 1711 1716 2594 4764 7109 11337 
#module 491 size: 23 bs: 0.67081
98 421 760 1317 1915 2323 2563 4121 4214 4908 5321 5662 5731 6024 7694 7850 8289 8295 9397 10324 10666 11168 11419 
#module 492 size: 7 bs: 0.215458
1262 1833 4273 4795 8615 8720 9928 
#module 493 size: 12 bs: 0.461484
1022 1280 1403 3380 6301 6870 6920 9479 9621 9641 10809 12264 
#module 494 size: 6 bs: 0.494557
1690 1741 1956 2485 2533 3685 
#module 495 size: 5 bs: 0.928555
1639 2443 3332 4381 6348 
#module 496 size: 19 bs: 1.08771
441 705 791 1120 1498 2116 3073 3296 4713 4770 6008 6610 6802 7022 8305 8885 9319 10337 11442 
#module 497 size: 12 bs: 0.202535
1044 2910 2976 4380 4744 4972 5595 6281 6541 7363 8247 9071 
#module 498 size: 7 bs: 0.182976
6545 6625 6627 6674 7929 9846 10239 
#module 499 size: 14 bs: 0.923005
1847 2137 2679 3626 5429 5864 6048 8551 9104 9296 10178 10248 10692 10966 
#module 500 size: 5 bs: 0.950133
2119 2160 2929 6020 8825 
#module 501 size: 6 bs: 1.04444
860 927 3408 5252 6526 7354 
#module 502 size: 20 bs: 0.910522
86 637 686 1471 1597 1677 2668 2696 3135 3195 5901 6082 6944 7227 7816 7899 8335 8982 9288 9624 
#module 503 size: 12 bs: 0.300472
2747 3405 4474 5118 5243 6772 6962 7094 8455 8543 9813 11488 
#module 504 size: 11 bs: 0.699177
2383 2978 4019 6517 7492 8109 9639 9894 9963 11483 11709 
#module 505 size: 10 bs: 0.439793
1176 1465 1998 2267 2868 3552 3571 3812 5969 6130 
#module 506 size: 13 bs: 0.80903
505 2151 2908 3269 3399 3421 3968 4345 4796 7972 7981 10639 10885 
#module 507 size: 19 bs: 0.587163
1001 1981 3013 3064 3710 3746 3950 4123 4157 4209 4755 5071 6651 7457 7986 8274 8348 9573 10670 
#module 508 size: 54 bs: 0.582707
67 676 1048 1787 2584 2700 2726 2727 2909 2981 3063 3137 3551 3632 4566 4923 4982 5186 5196 5398 5426 5603 5759 6028 6256 6346 6404 6447 6505 6577 6597 7240 7430 7456 7548 7805 7851 8236 8267 8351 8664 8888 9032 9041 9174 9360 9740 10017 10116 10405 10931 11113 11255 11372 
#module 509 size: 12 bs: 0.788605
633 872 1364 2208 2298 4431 5214 5530 5833 5949 7540 9838 
#module 510 size: 27 bs: 1.09377
1202 1350 2502 3984 4280 4470 5152 5554 5582 5792 5803 6300 6499 6535 7097 8179 8259 8387 8480 8556 8696 8813 8840 9720 9896 10517 11107 
#module 511 size: 10 bs: 1.04483
391 1347 2800 3134 5007 5404 5492 7028 9784 10329 
#module 512 size: 19 bs: 0.835167
680 1144 1167 2469 2824 4033 5223 5922 6098 6564 7169 8773 9581 10402 10568 10620 10628 10712 11119 
#module 513 size: 4 bs: 0.505745
1065 1339 6930 8424 
#module 514 size: 10 bs: 0.435366
180 666 3608 3865 4451 5472 6485 7277 9330 10057 
#module 515 size: 3 bs: 0.340003
3298 3607 9088 
#module 516 size: 9 bs: 0.717276
707 1380 5098 5191 6267 6314 7607 8917 10505 
#module 517 size: 18 bs: 0.882979
412 1238 2015 2897 3186 3946 3999 4301 4745 4833 5174 5178 5361 5398 6472 6574 10919 11377 
#module 518 size: 10 bs: 0.976444
196 3198 3657 6749 7114 7701 8542 10509 10951 11223 
#module 519 size: 8 bs: 0.865961
32 1533 3858 5309 5675 7004 8193 9788 
#module 520 size: 21 bs: 0.318677
150 348 432 783 1789 2618 3449 3968 3969 5079 5185 5391 5405 7304 7380 8098 8263 8286 9239 10196 10517 
#module 521 size: 10 bs: 0.573658
13 22 1535 4600 5879 6113 6784 7091 8933 10476 
#module 522 size: 9 bs: 0.830293
26 1666 2209 4573 6659 8404 9115 9453 11540 
#module 523 size: 24 bs: 0.51998
185 610 720 1282 1794 1936 3032 3144 3246 3473 3492 4462 5174 5209 6091 7088 7544 8095 8159 9455 9901 10532 10899 12720 
#module 524 size: 29 bs: 0.216449
364 774 970 1211 2482 2588 2680 2747 2941 3008 3345 3706 3711 3726 4841 4943 5182 5221 5465 5831 6478 7075 7167 8008 8279 8374 8856 9427 10336 
#module 525 size: 10 bs: 0.816299
468 527 579 699 3039 3786 5100 6543 6897 7870 
#module 526 size: 20 bs: 0.774014
341 718 1243 1385 1693 1808 1946 3597 4698 5225 6090 6626 7095 7839 8029 8114 8347 8834 9144 11711 
#module 527 size: 9 bs: 1.03915
5963 6620 7292 7976 8407 9156 9523 10881 10918 
#module 528 size: 4 bs: 1.03449
1148 2255 8674 10198 
#module 529 size: 5 bs: 0.367376
492 819 1127 3828 6209 
#module 530 size: 18 bs: 0.280334
137 2385 2753 3467 3497 3856 3940 4159 4837 5671 7000 7283 8575 8640 8766 9070 10001 11134 
#module 531 size: 15 bs: 0.138146
558 963 1882 2038 2509 2653 3135 3541 4141 4543 7885 8219 9276 9288 10853 
#module 532 size: 13 bs: 0.941454
3269 3361 4029 4366 5595 5619 5793 6287 7067 7167 8810 9417 11591 
#module 533 size: 15 bs: 0.850873
319 570 634 2145 2689 3822 5619 5853 5939 6966 7809 9504 10634 10891 10971 
#module 534 size: 19 bs: 0.970328
57 1041 1697 3232 3612 3768 3826 4041 4335 5422 6923 7759 7979 7990 8086 8122 9332 10556 10825 
#module 535 size: 40 bs: 0.359037
20 109 300 924 1218 1302 1441 1608 1620 1933 2329 2491 2531 2709 2913 3532 3603 4699 4709 5182 5225 5658 6002 6736 6904 7044 7096 7271 8977 9401 10310 10469 10527 10672 10728 10747 10812 10832 10888 11593 
#module 536 size: 13 bs: 1.01009
990 1150 2026 3837 4062 6696 6723 7285 7550 8040 8194 8932 9895 
#module 537 size: 13 bs: 0.367557
2294 2528 2559 2660 2791 5425 5460 5462 5753 6567 7680 8666 9966 
#module 538 size: 8 bs: 0.942008
1108 1992 3073 3861 8036 8170 10091 11400 
#module 539 size: 25 bs: 0.310572
514 857 1119 1580 2109 2141 2472 3219 3570 3751 5300 5415 5857 6305 6388 6939 7184 7429 7510 8033 9198 9806 9831 10532 10966 
#module 540 size: 14 bs: 0.136323
74 176 263 4722 4815 5155 5746 5796 6070 8990 10080 10473 11451 11678 
#module 541 size: 8 bs: 0.515548
64 231 552 2911 5652 9131 10238 10638 
#module 542 size: 5 bs: 0.894805
6226 6298 6705 8913 8917 
#module 543 size: 10 bs: 0.308305
1351 1724 3322 3485 5117 5344 5620 6095 10703 10929 
#module 544 size: 9 bs: 0.857879
437 5416 5643 6338 7555 8600 9163 9804 10767 
#module 545 size: 38 bs: 0.18911
72 214 303 694 783 903 1353 1720 1827 2462 2586 3005 3386 3424 3554 3663 3755 3810 4151 4207 4319 4500 4571 5390 5432 5917 7083 7182 7253 7909 8556 8727 9423 9656 9858 10343 10942 11006 
#module 546 size: 8 bs: 0.153457
433 2179 2450 4203 5470 5666 10218 10962 
#module 547 size: 69 bs: 0.584861
1161 1214 1291 1441 1610 1620 1759 1918 2092 2129 2155 2447 2472 2531 2703 2819 2836 2913 3071 3310 3396 3603 3841 3873 3997 4290 4605 4699 5181 5201 5225 5547 5727 5756 5899 6166 6364 6430 6448 6515 6658 6907 7044 7096 7175 7343 7444 7875 7897 7911 8407 8736 8808 8903 8915 8945 8982 9181 9408 9773 10238 10310 10547 10672 10682 10698 11136 11222 11601 
#module 548 size: 9 bs: 0.620685
1900 2002 7418 8308 8495 8788 9047 9091 11018 
#module 549 size: 25 bs: 0.985574
980 1575 1700 1707 2187 2452 3315 3513 3838 3845 3943 4688 5509 5935 6252 6310 6810 6840 7279 7359 7381 9757 9860 10308 10729 
#module 550 size: 16 bs: 1.03811
1295 2526 2702 3163 3292 4138 4504 6190 6549 7190 7594 8526 8689 9818 10209 10944 
#module 551 size: 142 bs: 0.189551
38 332 452 521 532 758 767 769 797 979 1009 1012 1030 1062 1082 1159 1173 1239 1283 1323 1424 1482 1801 1885 1922 1990 2211 2232 2523 2661 2682 2734 2846 2848 2907 2957 2980 3082 3270 3360 3466 3519 3679 3693 3848 3853 3882 3949 4001 4091 4293 4295 4346 4413 4446 4490 4636 4666 4671 4780 4814 4826 4835 4868 4901 5218 5392 5396 5500 5533 5633 5678 5952 6150 6228 6350 6427 6443 6653 6740 6758 6767 6793 6813 6961 7068 7072 7154 7306 7389 7441 7518 7553 7735 7764 7838 8166 8210 8342 8369 8426 8432 8436 8452 8523 8557 8601 8655 8835 8874 8905 9109 9299 9323 9410 9415 9510 9555 9559 9604 9879 9953 9980 10070 10093 10206 10259 10515 10654 10725 10749 10752 10799 10803 10828 10916 11067 11155 11256 11270 11340 12645 
#module 552 size: 3 bs: 0.574063
2115 2120 6504 
#module 553 size: 4 bs: 0.981114
1708 1780 2324 2565 
#module 554 size: 18 bs: 0.288205
646 720 2639 3574 4158 4834 5209 5402 5477 6501 6687 7337 8061 8791 9062 9455 10532 10997 
#module 555 size: 22 bs: 0.139452
56 1179 1648 2849 2972 3029 3173 4053 4843 4852 4997 6066 6069 6167 6707 7628 8440 10305 10511 10673 11551 11613 
#module 556 size: 10 bs: 0.589148
2223 2808 5623 6839 8212 9143 9650 10453 10970 10975 
#module 557 size: 18 bs: 0.220661
1214 1340 1375 1619 2346 2496 3194 3809 3813 3914 5445 7016 7063 7697 7877 8887 10565 11024 
#module 558 size: 11 bs: 1.0806
2572 2627 3174 4169 4768 5417 5522 5768 6671 8777 9978 
#module 559 size: 23 bs: 1.00619
271 1144 1690 1973 3110 4040 4879 5042 5528 5810 6045 6184 6855 7019 7370 7391 7878 8117 8324 9030 9441 9765 11207 
#module 560 size: 10 bs: 0.836832
1333 2541 3836 5037 6171 6382 7261 9206 9327 9450 
#module 561 size: 6 bs: 0.836446
842 925 1672 2298 2508 9165 
#module 562 size: 10 bs: 0.183306
145 619 1308 1321 1399 3922 4680 5397 7659 8402 
#module 563 size: 12 bs: 0.961147
2149 2228 2675 3633 4196 5976 8910 9931 10168 10925 11157 12944 
#module 564 size: 7 bs: 0.93574
3769 4534 4841 5525 6043 6333 6422 
#module 565 size: 51 bs: 1.00692
202 432 454 475 638 998 1059 1182 1472 1988 2064 2098 2484 2706 2864 2983 3303 3451 3486 3773 3917 4194 4325 4369 4693 4891 4956 5010 5022 5104 5158 5292 5352 5901 6337 6449 6736 6806 7021 8101 8105 8645 8724 8736 8879 9018 9020 9460 9658 9808 11016 
#module 566 size: 11 bs: 0.404069
576 895 2227 2465 3088 3337 4495 5319 5334 7587 8730 
#module 567 size: 10 bs: 0.694026
222 581 1669 2583 3930 7312 8508 8717 11072 11110 
#module 568 size: 4 bs: 0.946578
327 1556 7902 8586 
#module 569 size: 7 bs: 0.541254
2286 2805 3923 7078 7837 8673 8759 
#module 570 size: 7 bs: 0.923222
1114 1485 3297 3739 6537 10279 11083 
#module 571 size: 11 bs: 1.07096
238 535 3002 3446 4360 4845 6209 6409 6520 9880 10811 
#module 572 size: 12 bs: 1.03668
85 2249 2756 2761 3243 3636 5101 6258 7010 8287 8576 10188 
#module 573 size: 5 bs: 0.210191
1188 3686 5413 8960 9512 
#module 574 size: 8 bs: 1.03035
3635 4171 4827 6874 10276 10318 10434 10750 
#module 575 size: 8 bs: 0.31422
2219 2413 2522 3573 4971 7403 10162 10382 
#module 576 size: 69 bs: 0.901636
237 516 575 790 915 977 1230 1955 2181 2182 2200 2236 2314 2351 2418 2558 2757 2828 2894 2975 3239 3418 3618 3774 3859 4066 4074 4131 4211 4463 4510 4527 4949 5075 5195 5250 5438 5447 5486 5612 5682 5714 5989 6061 6155 6216 6242 6764 7102 7173 7403 7439 7583 7591 7629 7829 7862 8016 8039 8795 8864 9264 9346 9369 9881 10086 10265 10501 10770 
#module 577 size: 94 bs: 0.128577
197 330 400 410 435 510 516 549 592 775 788 884 1019 1023 1136 1521 1592 1603 1792 1921 2032 2182 2197 2200 2396 2401 2478 2788 2911 2930 2975 3028 3171 3342 3526 3658 3780 3795 4341 4343 4395 4458 4460 4594 4673 4726 4916 4948 5011 5039 5070 5330 5578 5579 5673 5909 5999 6227 6241 6296 6342 6353 6436 6522 6697 7050 7304 7414 7422 7598 7829 7987 8023 8316 8462 8902 8976 9023 9096 9346 9724 9942 9954 10036 10250 10340 10500 10567 10840 10845 11019 11030 11657 12648 
#module 578 size: 12 bs: 0.846304
1149 1640 1673 2224 2804 3745 5449 6217 6655 7937 10544 12712 
#module 579 size: 17 bs: 0.206219
278 2451 3202 4224 4443 5267 5806 6173 6540 6779 6787 8555 8982 9531 9845 10012 10496 
#module 580 size: 23 bs: 0.650425
417 1214 1580 1711 1779 2220 2322 2538 4140 4316 4355 4481 6480 6988 7790 7926 9338 9536 9788 10513 10876 11196 11611 
#module 581 size: 9 bs: 0.981153
1598 1854 1941 2041 3525 5114 6017 6189 8365 
#module 582 size: 36 bs: 0.77021
64 116 318 583 1007 1053 1630 2908 3299 3494 4165 4523 4817 5306 5881 5910 6078 6317 6644 6734 7045 7087 7485 7972 7994 8513 8715 9288 9416 9579 9584 10303 10577 10891 10933 11962 
#module 583 size: 8 bs: 0.184256
702 1039 1613 2649 3699 9208 10271 10981 
#module 584 size: 4 bs: 1.03212
3391 4085 5508 6438 
#module 585 size: 11 bs: 0.892984
31 907 3151 4103 4822 5132 5412 6261 7985 10682 10844 
#module 586 size: 26 bs: 0.694645
317 813 1034 1145 1341 1378 1665 1805 1897 2128 2999 3789 4043 4078 4098 4218 4431 4929 6884 6957 7923 9146 9203 10613 10727 12790 
#module 587 size: 8 bs: 0.844213
430 2880 3095 3860 4511 7469 9255 11100 
#module 588 size: 10 bs: 0.150656
653 1219 2658 4358 4522 6424 7963 8382 8641 9743 
#module 589 size: 21 bs: 0.111396
629 649 927 972 2075 3179 3643 4606 5083 5718 5962 6183 6828 7290 8158 8360 9110 9485 9751 11701 11980 
#module 590 size: 13 bs: 1.06264
304 861 1459 1862 2085 2923 3462 4423 5697 5705 6772 6979 7167 
#module 591 size: 11 bs: 0.916805
1336 1338 1740 2755 3805 7934 8140 8886 8936 10902 12595 
#module 592 size: 7 bs: 0.913937
881 3118 4607 7955 8103 9951 11020 
#module 593 size: 10 bs: 1.07105
382 714 815 2380 2530 3509 6602 7986 9344 10956 
#module 594 size: 47 bs: 0.206378
205 947 968 1224 1293 1482 1547 1839 1856 1906 2394 2410 2685 2721 2830 2841 2961 3148 3558 3742 3956 3961 4367 4615 4628 4653 4745 5127 6733 7268 7384 8584 9168 9261 9363 9586 9617 9794 9821 9971 10246 10413 10661 10795 11266 11565 12594 
#module 595 size: 4 bs: 0.843551
982 1513 9560 11027 
#module 596 size: 20 bs: 0.417372
305 562 585 1122 1474 1494 1763 1786 2507 3269 3559 4940 6352 6706 6759 7661 8108 9465 10780 11032 
#module 597 size: 26 bs: 0.839544
1053 1128 1938 2046 2273 2577 2743 3460 3484 3586 3638 3742 3796 5128 5339 5440 5565 5570 6445 6813 8163 8986 9477 9502 10094 11098 
#module 598 size: 10 bs: 0.903354
698 2133 2640 3095 3304 3432 4089 4885 8599 8927 
#module 599 size: 27 bs: 0.356525
469 1010 1286 1335 1512 1877 2178 3012 4079 4178 4213 4869 5369 5467 5856 6508 6763 6883 7244 7363 7506 9006 9045 9286 9814 10370 10518 
#module 600 size: 51 bs: 0.971874
75 318 411 894 924 1222 1452 2408 2496 2937 3396 3540 3968 4061 4149 4327 4369 4383 4529 4754 4772 4829 5078 5730 5832 6144 6546 7024 7026 7157 7299 7466 7717 7879 7971 8346 8892 8918 9217 9496 9733 9783 9986 10462 10632 10662 10858 10898 10923 10926 12678 
#module 601 size: 96 bs: 0.243746
12 40 76 183 871 1175 1409 1473 1543 1661 1734 1907 2164 2184 2235 2256 2280 2378 2404 2576 2609 2839 2851 2896 3023 3040 3203 3211 3319 3341 3351 3409 3417 3609 3644 3655 3661 3669 3728 3766 3878 3909 3951 4000 4005 4285 4535 4778 4784 4855 4909 5142 5246 5287 5463 5548 5577 5721 5986 6005 6033 6054 6149 6540 6717 6725 7087 7411 7413 7571 7828 8025 8208 8272 8496 8588 8636 8845 8853 9348 9442 9490 9675 9679 9693 9708 9741 9791 9792 9850 9955 10031 10225 10869 12641 13003 
#module 602 size: 17 bs: 0.430791
1310 1715 1839 1859 2107 2199 2236 2357 2856 2894 3193 3798 6080 7910 7927 9941 11183 
#module 603 size: 6 bs: 0.66592
133 586 1011 1814 7014 9236 
#module 604 size: 15 bs: 0.555897
368 559 2051 4931 5562 5669 6202 6562 7616 8494 8998 9243 9266 9333 13018 
#module 605 size: 18 bs: 0.626321
216 2759 2891 3883 4003 4256 4353 4887 5587 6276 6421 6774 7364 7451 7829 8920 9572 12492 
#module 606 size: 7 bs: 0.159991
365 3680 4221 5423 5584 7592 10622 
#module 607 size: 7 bs: 0.376537
906 1038 6808 8943 9079 9322 10414 
#module 608 size: 5 bs: 0.329612
5348 5483 6695 6929 8290 
#module 609 size: 14 bs: 0.459436
325 493 727 1526 2352 2551 2761 3064 4638 5808 8147 8912 9464 10623 
#module 610 size: 10 bs: 0.935902
239 793 888 1790 4875 4900 5762 8041 8258 11395 
#module 611 size: 11 bs: 0.864792
367 541 2135 2778 2987 3047 3243 6589 7551 9186 10894 
#module 612 size: 5 bs: 0.97703
2733 3964 5309 7088 8175 
#module 613 size: 28 bs: 1.0455
525 589 595 637 929 1001 1100 1212 1322 1544 2054 2908 3642 3939 4031 4046 4216 5771 6079 6464 6473 6903 7409 8307 9288 9949 10671 11031 
#module 614 size: 28 bs: 0.158415
345 413 531 1205 1843 1851 2024 2586 2717 3505 3513 3536 3595 3613 3799 3997 5618 5787 6094 6628 6745 7200 7617 9577 9831 9884 10311 11335 
#module 615 size: 23 bs: 0.432478
202 631 1563 1685 2629 3436 4227 4325 5971 6015 7126 7832 8105 8724 9020 10002 10126 10275 10325 10605 10609 10718 11338 
#module 616 size: 8 bs: 0.884543
3025 3433 3501 4846 5747 5913 7511 9396 
#module 617 size: 7 bs: 0.264476
1096 1425 1965 4286 5036 8580 9948 
#module 618 size: 5 bs: 0.334718
820 1631 1832 8238 10439 
#module 619 size: 3 bs: 0.941892
3017 5490 9284 
#module 620 size: 23 bs: 0.107583
165 300 493 1381 1441 1448 1630 1818 2553 3043 3759 4241 4370 5149 5225 5899 6009 7611 7714 7995 10241 10832 11243 
#module 621 size: 9 bs: 0.649393
822 1005 2821 4682 4805 5754 7557 7600 9509 
#module 622 size: 45 bs: 0.420833
348 783 847 981 1074 1428 2040 2573 3032 3449 3531 3606 3811 4235 5085 5139 5185 5630 5708 5774 6143 6448 6462 6529 6588 6742 6805 6953 7131 7825 7873 8176 8213 8329 8802 8890 8989 9268 9752 10041 10284 10369 10755 10758 12605 
#module 623 size: 13 bs: 0.714217
600 877 1303 1750 1757 2760 3074 3388 5052 7691 8333 8383 9027 
#module 624 size: 142 bs: 0.854716
1 6 99 225 260 272 300 366 392 403 446 463 467 472 554 606 624 669 700 1105 1174 1218 1223 1290 1291 1318 1363 1381 1383 1422 1630 1651 1818 1820 1831 1857 1867 1966 2129 2287 2333 2346 2488 2590 2719 3139 3340 3349 3382 3449 3452 3458 3535 3569 3577 3695 3890 3933 3972 4271 4383 4567 4630 4645 4699 4861 4880 4938 5038 5128 5181 5183 5185 5192 5231 5265 5283 5284 5606 5630 5660 5752 5766 5863 5885 5942 5954 6283 6328 6515 6529 6576 6582 6606 6699 6786 6834 6904 6909 7036 7047 7048 7096 7112 7122 7347 7615 7739 7849 7867 7873 7875 7958 8095 8131 8233 8253 8347 8421 8493 8876 8915 9040 9192 9353 9436 9521 9824 9832 9956 9995 10000 10002 10079 10186 10447 10701 10826 10862 10999 11093 11708 
#module 625 size: 4 bs: 0.810411
27 5337 6536 11182 
#module 626 size: 34 bs: 0.505962
350 569 908 1088 1110 1282 1567 1944 2068 2550 2594 3032 3253 3265 3540 3806 3993 4179 4308 5660 6867 6964 6992 7011 7271 7329 7702 8127 8579 8843 9848 10323 10682 11335 
#module 627 size: 14 bs: 0.851372
997 1752 2087 2259 3143 4611 6990 7412 7506 8346 8682 8919 10586 10886 
#module 628 size: 6 bs: 0.181583
690 2666 2893 6569 6600 9019 
#module 629 size: 18 bs: 1.03886
211 493 494 699 1486 1606 1853 2991 3138 3167 3822 5216 5704 6264 7709 9658 9680 10920 
#module 630 size: 8 bs: 0.164309
4424 5018 5809 8339 8621 9331 9704 9750 
#module 631 size: 8 bs: 1.02093
596 782 5474 6708 7447 7535 7624 9914 
#module 632 size: 6 bs: 1.01233
2056 2445 3354 3886 6871 10083 
#module 633 size: 15 bs: 0.533303
209 795 1999 2295 4096 4408 5927 6879 7217 8097 9247 9606 9997 10846 11436 
#module 634 size: 12 bs: 0.602571
870 2012 2614 2651 3255 4056 4409 5482 6917 8231 8554 9259 
#module 635 size: 16 bs: 0.71859
351 1590 2741 3331 3419 5109 5503 5699 6158 7003 7053 8350 8980 9061 10356 10784 
#module 636 size: 3 bs: 0.337401
1359 1627 10761 
#module 637 size: 23 bs: 0.505732
1227 1529 1559 1863 1875 2419 2907 2980 3402 4072 4217 4895 5194 5944 5977 6580 7034 7072 7721 9158 9867 9999 10789 
#module 638 size: 5 bs: 0.367429
841 1858 6627 10849 10950 
#module 639 size: 14 bs: 0.458339
267 1056 1084 1112 1837 2027 2218 3241 4313 4996 6219 7040 10244 11158 
#module 640 size: 10 bs: 0.623467
1412 2165 2898 3201 5461 6841 7945 8245 10003 10581 
#module 641 size: 9 bs: 0.850008
2810 4039 4164 4955 5163 5198 5249 7116 10980 
#module 642 size: 14 bs: 0.448649
274 763 1850 3213 4252 5858 7954 8285 8456 8768 9544 9717 10097 10644 
#module 643 size: 15 bs: 0.840443
124 335 1081 3684 3843 3910 4372 6910 7405 7642 7663 9046 9177 10317 10993 
#module 644 size: 20 bs: 0.840159
1018 1257 2296 2713 4384 4544 4757 4904 5050 5802 5988 6126 6255 6376 6878 8685 8757 9647 10531 10541 
#module 645 size: 31 bs: 0.153553
207 598 1040 1437 1454 1551 1754 1818 2432 2927 3234 4006 4205 4328 4810 4854 4874 5224 5376 5599 6585 6676 7001 7051 7931 8134 9296 9565 9875 10649 11104 
#module 646 size: 23 bs: 0.808703
182 3883 4003 4256 4308 5129 6372 7130 7131 7353 7364 7382 7767 7783 7855 8263 9572 9685 9742 10034 10367 11475 11487 
#module 647 size: 11 bs: 0.468361
1822 2619 3883 4190 4651 4728 5836 6003 6953 8282 10211 
#module 648 size: 16 bs: 0.281096
945 1657 1804 2044 2194 3216 3294 3920 3965 5022 5335 6088 6873 7218 7468 10367 
#module 649 size: 89 bs: 0.740748
72 110 214 588 717 852 853 1129 1593 1827 1846 2018 2040 2171 2486 2518 2535 2587 2712 2862 3045 3207 3216 3237 3274 3424 3511 3537 3554 3561 3811 3894 3906 4319 4442 4689 5022 5226 5231 5237 5394 5439 5774 5775 5932 6086 6112 6507 6529 6649 6694 6742 6906 6996 7098 7135 7380 7576 7957 7994 8138 8292 8318 8352 8366 8569 8803 8866 8890 8929 9095 9278 9418 9513 9588 9677 9926 10098 10153 10299 10409 10534 10659 10739 10777 10852 10932 12624 12792 
#module 650 size: 35 bs: 0.273571
323 652 710 845 1182 1567 1571 1682 2460 2484 3032 4369 4399 5023 5649 5865 6016 6546 6806 6908 7055 7161 7254 7515 8645 9912 10045 10049 10388 10433 10612 10653 10901 11007 11008 
#module 651 size: 20 bs: 0.126925
442 475 1419 1564 1611 1620 1819 2325 2377 3052 3676 4956 5465 5910 6942 7104 7271 7731 10012 10104 
#module 652 size: 40 bs: 0.230745
66 581 672 1152 1311 1714 1804 2328 2450 2463 2854 3926 4020 4263 4349 4442 5053 5065 5112 5224 5231 5539 5601 6519 7345 7849 7893 8216 8251 8856 9027 9632 9665 9812 9936 10121 10523 10557 10832 11614 
#module 653 size: 84 bs: 0.650994
155 157 300 891 970 1035 1109 1119 1234 1289 1291 1566 1692 1917 2194 2293 2442 2921 3032 3055 3290 3342 3625 3756 3799 4073 4274 4494 4611 4626 4675 4819 4838 4916 5078 5104 5112 5151 5511 5835 6030 6268 6276 6416 6421 6481 6609 6990 7070 7170 7257 7422 7506 7507 7746 7747 7978 8219 8221 8241 8292 8373 8501 8812 8880 9098 9200 9318 9339 9379 9624 9632 9723 9817 9964 10134 10457 10474 10816 10886 11007 11196 11463 12624 
#module 654 size: 12 bs: 0.330151
347 560 866 1416 1748 2574 2924 5189 5568 7260 8896 10432 
#module 655 size: 23 bs: 1.01352
122 268 818 1706 1739 2149 2412 3763 4449 4552 4645 5026 5375 5386 6383 7351 8112 8200 8412 9019 9841 10420 11491 
#module 656 size: 22 bs: 0.736454
709 1078 1439 2095 2428 3381 3534 3973 4077 4168 5458 5867 6025 7231 8006 8408 10152 10319 10640 10691 11218 11473 
#module 657 size: 26 bs: 1.02731
153 2299 3410 3994 4069 4116 4789 4968 5268 5650 5852 6052 6434 6720 6739 6941 7438 7493 7546 8394 8741 9167 9356 9681 10233 10273 
#module 658 size: 24 bs: 0.528087
672 988 1095 1558 1765 2620 3803 4047 4172 5279 5816 6041 6206 6748 7021 7128 7454 8537 8676 9492 9534 10682 10753 12889 
#module 659 size: 11 bs: 0.269994
647 2308 2739 3247 3871 4781 6186 7298 8243 8878 9537 
#module 660 size: 16 bs: 0.87795
1217 1732 2372 2882 3036 3085 3251 3915 4292 5627 6142 6440 6559 7390 11258 11269 
#module 661 size: 10 bs: 0.794587
106 1332 1557 5411 5642 5744 6257 6334 9984 10897 
#module 662 size: 28 bs: 0.591991
213 891 1092 1259 2297 2792 3591 3595 4580 5060 5506 5563 5749 6075 7090 7100 7200 7961 8020 8070 8143 8155 8368 9277 10164 11098 11434 11711 
#module 663 size: 17 bs: 1.06043
1243 1477 1887 2001 2426 3107 3151 3527 4786 4886 6809 8203 8234 8695 9419 10172 10267 
#module 664 size: 20 bs: 0.931475
169 1826 2592 3080 3105 3311 3908 4135 4705 5401 5785 6312 6611 7861 8797 9891 10056 10835 11225 11383 
#module 665 size: 147 bs: 0.61832
203 264 529 800 807 893 896 959 1042 1172 1189 1266 1316 1456 1587 1595 1615 1638 1743 1791 1816 1830 1888 1895 1970 1972 1976 1984 2008 2029 2079 2206 2265 2266 2365 2422 2446 2521 2582 2589 2663 2817 2936 2956 2996 3001 3147 3325 3379 3423 3475 3614 3708 4084 4108 4144 4238 4352 4387 4486 4509 4519 4747 4766 4836 4851 4973 5135 5176 5457 5466 5476 5573 5596 5645 5648 5838 5854 5886 5920 6042 6057 6124 6182 6286 6295 6320 6339 6583 6617 6716 6719 7031 7035 7075 7199 7209 7425 7472 7523 7525 7705 7803 7812 8074 8075 8137 8190 8275 8309 8437 8453 8458 8511 8541 8672 8822 9075 9085 9329 9345 9499 9516 9561 9607 9672 9718 9744 9945 9976 10072 10157 10255 10383 10461 10502 10635 10713 10735 10837 10855 10990 11085 11130 11265 11552 12902 
#module 666 size: 11 bs: 0.770119
333 1371 1429 3212 3910 4988 6412 6756 9175 9234 10247 
#module 667 size: 9 bs: 0.40048
683 1067 1444 2445 4093 4484 6656 7203 9929 
#module 668 size: 19 bs: 0.269967
346 992 2466 3200 3615 3705 4735 5707 5972 6013 6220 6560 7317 7379 8178 10533 11095 11334 12609 
#module 669 size: 7 bs: 0.328989
1180 1980 2301 4018 4664 4893 9629 
#module 670 size: 20 bs: 0.933417
1437 1444 1774 2967 3019 3233 3248 3254 3557 4099 4134 5002 5012 6330 6730 7208 7683 8734 9145 10618 
#module 671 size: 43 bs: 0.488684
60 163 382 802 1090 1225 1300 1418 1582 2315 2723 2767 3014 3035 3056 3346 3383 3893 4124 4287 4386 4561 4761 5745 5919 6081 7740 7840 8363 8642 8806 8964 9176 9249 9800 9923 9973 10107 10787 10914 11445 11584 11966 
#module 672 size: 9 bs: 0.707287
1063 3617 3950 5420 6185 6601 9612 9931 11441 
#module 673 size: 5 bs: 0.597827
764 6861 7529 9990 10972 
#module 674 size: 28 bs: 0.654407
476 939 1058 1362 1511 1614 1783 1942 2050 2644 3256 3687 3896 3989 4547 4734 5323 6377 6414 6864 7159 9315 9447 10120 10236 11001 11385 11733 
#module 675 size: 12 bs: 0.784069
1124 2216 3450 3651 3944 6050 6794 9325 10344 10830 11413 12746 
#module 676 size: 249 bs: 0.339132
39 53 65 273 313 385 461 658 668 675 687 823 843 913 1013 1017 1057 1163 1166 1190 1198 1242 1269 1272 1306 1313 1320 1389 1475 1506 1508 1546 1633 1658 1688 1755 1803 1871 1908 1957 1968 2022 2039 2071 2090 2100 2172 2202 2275 2300 2307 2332 2362 2467 2514 2562 2611 2664 2766 2812 2845 2850 2858 2871 2881 2892 2935 3111 3127 3222 3257 3289 3404 3493 3530 3539 3568 3588 3600 3683 3702 3732 3741 3752 3792 3875 3901 3970 3979 4008 4011 4017 4125 4174 4175 4303 4311 4323 4344 4375 4421 4426 4501 4526 4679 4687 4704 4749 4917 4958 4970 5057 5097 5115 5125 5136 5145 5153 5184 5229 5257 5297 5510 5569 5589 5605 5609 5684 5685 5773 5797 5925 5934 6100 6118 6263 6284 6494 6514 6616 6642 6678 6679 6692 6783 6801 6807 6882 6919 6935 6973 7023 7066 7176 7187 7191 7223 7238 7241 7252 7255 7284 7330 7483 7498 7562 7570 7584 7605 7608 7651 7660 7678 7781 7817 7831 7916 7928 8072 8085 8149 8157 8191 8305 8439 8473 8475 8524 8531 8536 8568 8593 8789 8875 8930 8972 9025 9107 9185 9196 9218 9222 9245 9269 9371 9454 9578 9583 9660 9694 9771 9778 9855 9878 9916 9992 9998 10047 10075 10111 10156 10169 10379 10389 10413 10416 10436 10441 10493 10566 10582 10611 10738 10807 10814 10841 10850 10965 10969 11082 11117 11138 11139 11231 11429 11513 12618 12896 13062 
#module 677 size: 15 bs: 0.500218
542 1093 1098 1496 3166 3572 4161 4253 5347 5431 5441 5590 7115 8100 8823 
#module 678 size: 23 bs: 1.00573
1177 1551 1716 2000 2650 4262 4335 4930 5667 6368 6512 6804 7407 7827 7917 8837 9008 9458 9654 10223 10751 10904 11024 
#module 679 size: 11 bs: 0.489398
1862 1979 2441 3258 3529 4569 5280 5308 5542 6754 7266 
#module 680 size: 9 bs: 0.815385
474 811 927 1601 2284 2732 7556 8771 10610 
#module 681 size: 81 bs: 0.259561
108 216 233 495 522 835 898 1024 1036 1126 1276 1514 1703 1993 1994 2076 2151 2213 2872 3387 3498 3502 3536 3580 3903 4001 4090 4202 4256 4492 4717 4929 5064 5065 5240 5498 5551 5593 5653 5771 5782 6236 6274 6307 6383 6398 6401 6496 6506 6528 6639 6715 6774 7084 7175 7195 7316 7364 7368 7437 7717 7801 8164 8288 8457 8525 8946 8958 8963 8965 9125 9473 9601 9664 9985 10018 10046 10591 10700 10763 12586 
#module 682 size: 10 bs: 1.08809
141 487 4513 5061 6969 7281 7496 8459 9243 10820 
#module 683 size: 155 bs: 0.964813
256 261 268 379 458 481 617 642 677 689 728 761 773 780 849 878 999 1102 1130 1284 1352 1457 1656 1729 1771 2111 2123 2162 2241 2376 2436 2480 2729 2775 3020 3060 3091 3190 3196 3377 3389 3492 3585 3627 3645 3726 3736 3843 4038 4179 4189 4199 4356 4416 4541 4556 4583 4637 4788 4999 5064 5084 5086 5174 5227 5290 5291 5360 5367 5559 5665 5695 5737 5765 5896 5980 5982 6021 6034 6114 6132 6161 6197 6222 6245 6370 6437 6486 6593 6639 6646 6702 6769 6778 7069 7077 7099 7270 7344 7453 7527 7581 7623 7730 7871 8017 8084 8089 8145 8161 8225 8282 8315 8327 8356 8461 8589 8610 8692 8704 8983 8991 9147 9277 9279 9375 9553 9620 9692 9773 9865 9918 10076 10175 10181 10374 10404 10631 10688 10863 10870 10934 11025 11092 11102 11177 11196 11228 11241 11415 11490 12584 12636 12663 12990 
