#module 0 size: 3 bs: 9.54019e-102
3610 7062 8419 
#module 1 size: 3 bs: 9.84798e-101
5377 9127 9635 
#module 2 size: 3 bs: 2.77217e-101
1764 6409 11124 
#module 3 size: 2 bs: 4.67688e-101
236 10614 
#module 4 size: 2 bs: 7.31636e-102
5676 6154 
#module 5 size: 2 bs: 1.41031e-101
1911 3840 
#module 6 size: 3 bs: 2.57612e-102
633 3758 5949 
#module 7 size: 2 bs: 6.39717e-101
7165 8083 
#module 8 size: 10 bs: 5.0913e-101
458 1460 3240 5576 5634 5791 6932 8187 10124 10508 
#module 9 size: 2 bs: 5.55112e-16
1773 10968 
#module 10 size: 4 bs: 9.02951e-102
3863 7505 7623 10523 
#module 11 size: 7 bs: 8.5859e-101
1135 1490 1609 6391 6899 8200 10819 
#module 12 size: 26 bs: 5.55563e-06
341 555 644 1315 1413 2493 3003 3118 4587 4774 4800 5440 5453 5950 6672 6965 7195 7326 7489 8340 8420 9416 9475 9647 10303 10858 
#module 13 size: 2 bs: 7.32317e-101
4169 5133 
#module 14 size: 5 bs: 9.27655e-101
2295 3306 7509 9175 9300 
#module 15 size: 3 bs: 4.55931e-101
3432 10925 12944 
#module 16 size: 4 bs: 1.62588e-102
2524 5288 9538 11448 
#module 17 size: 3 bs: 4.64933e-101
5191 5669 6218 
#module 18 size: 2 bs: 2.41371e-101
5358 10168 
#module 19 size: 3 bs: 4.84524e-101
810 6417 9468 
#module 20 size: 4 bs: 1.80737e-101
3426 3793 3807 5371 
#module 21 size: 3 bs: 7.14291e-102
2505 8910 10925 
#module 22 size: 5 bs: 8.2212e-13
1529 5451 5944 5977 7721 
#module 23 size: 6 bs: 1.59895e-101
3758 4022 4339 7796 8771 9044 
#module 24 size: 4 bs: 7.63613e-101
557 1441 9149 10241 
#module 25 size: 9 bs: 8.27584e-101
3433 4661 5389 5710 5983 7452 7554 9737 12725 
#module 26 size: 3 bs: 4.01804e-101
7249 9009 9400 
#module 27 size: 2 bs: 7.03812e-101
3117 5082 
#module 28 size: 11 bs: 9.29823e-101
1597 1882 2038 3135 4691 6329 6542 7114 8219 9624 10853 
#module 29 size: 3 bs: 2.12236e-102
3640 4849 9483 
#module 30 size: 7 bs: 1.32017e-101
1058 1213 1487 1950 6676 8339 9790 
#module 31 size: 4 bs: 6.51328e-101
2680 3704 5239 5621 
#module 32 size: 4 bs: 1.03986e-101
1660 5322 6869 7673 
#module 33 size: 5 bs: 2.57953e-101
3200 5947 6629 7355 7565 
#module 34 size: 6 bs: 5.47258e-07
1086 7916 8462 9728 10096 10149 
#module 35 size: 6 bs: 7.32149e-101
829 3255 3809 4496 8247 10382 
#module 36 size: 5 bs: 5.56863e-101
5537 6770 8033 10623 10904 
#module 37 size: 3 bs: 6.82814e-101
3470 6557 9150 
#module 38 size: 4 bs: 1.63203e-14
1594 2785 4133 6671 
#module 39 size: 2 bs: 2.847e-101
5675 5808 
#module 40 size: 27 bs: 0.0484454
352 1710 2149 2461 2542 2825 2863 3156 3245 3569 3675 3823 4061 4511 4550 5099 6022 6904 7722 8632 8637 8901 8958 8988 10595 10813 11497 
#module 41 size: 3 bs: 6.63548e-101
6571 7058 7800 
#module 42 size: 3 bs: 4.18721e-101
6614 10014 11083 
#module 43 size: 8 bs: 7.88133e-101
1054 2168 2597 3822 7133 8317 9028 10043 
#module 44 size: 3 bs: 9.01509e-101
2724 3220 7207 
#module 45 size: 2 bs: 3.2559e-101
830 1341 
#module 46 size: 2 bs: 4.10872e-101
3551 7756 
#module 47 size: 2 bs: 1.40643e-102
2681 4049 
#module 48 size: 4 bs: 1.23956e-101
1438 6814 7358 8782 
#module 49 size: 3 bs: 6.86401e-101
474 1321 10761 
#module 50 size: 3 bs: 8.38201e-101
726 2309 8825 
#module 51 size: 3 bs: 1.89577e-101
8162 9476 10955 
#module 52 size: 3 bs: 9.99619e-101
1858 4075 10950 
#module 53 size: 4 bs: 6.98951e-101
4071 7094 10351 10491 
#module 54 size: 4 bs: 6.4848e-101
2445 4093 4220 6151 
#module 55 size: 4 bs: 1.22068e-101
820 6032 8238 10558 
#module 56 size: 3 bs: 5.07947e-101
6898 7789 8434 
#module 57 size: 5 bs: 1.58944e-101
1927 3215 3719 8443 8885 
#module 58 size: 23 bs: 2.60845e-101
135 165 300 1218 1381 1630 1818 1939 3344 3467 3759 4241 4370 4841 5149 5225 5295 6009 7714 8456 10241 10586 10832 
#module 59 size: 3 bs: 1.87643e-101
1845 3819 9361 
#module 60 size: 4 bs: 3.02851e-101
1359 4056 5285 5637 
#module 61 size: 4 bs: 5.14348e-102
3297 3640 9714 10808 
#module 62 size: 21 bs: 7.13667e-05
559 1214 1375 1619 3324 4044 5445 5910 6219 6524 6669 6765 7016 7063 7333 7877 8887 8958 10010 10565 10788 
#module 63 size: 3 bs: 1.08833e-101
5656 8581 9092 
#module 64 size: 32 bs: 4.72038e-08
7 214 303 341 783 894 1381 1385 2557 2586 2983 3032 3324 3711 3936 4184 4241 4430 4468 5730 5824 6587 6664 7087 7198 7307 7333 7858 9417 10595 11006 11141 
#module 65 size: 3 bs: 1.11022e-16
2943 7043 11377 
#module 66 size: 11 bs: 1.11022e-16
176 222 1544 3481 3559 6046 7045 7229 8038 9793 10238 
#module 67 size: 26 bs: 3.57228e-11
440 1524 1779 1849 2496 2689 2802 2965 3106 3202 3969 4026 4224 4764 4772 5278 5283 5881 6353 7839 8261 8720 9531 10000 11196 12679 
#module 68 size: 3 bs: 3.17411e-102
3630 3867 6826 
#module 69 size: 34 bs: 1.21876e-05
20 214 713 924 1218 1302 1693 1933 2329 3532 4319 4709 5182 5278 5432 6736 6938 7044 7271 7766 7839 8190 8265 8336 8977 9401 9656 10469 10728 10747 10812 10832 10888 11593 
#module 70 size: 5 bs: 1.01931
2060 3770 6724 9001 11079 
#module 71 size: 12 bs: 0.11955
574 983 1103 1305 2815 3547 4588 4612 5761 6852 6876 11551 
#module 72 size: 12 bs: 0.417676
1799 2523 2663 3518 3838 4561 6280 7740 8526 9342 10134 10916 
#module 73 size: 14 bs: 0.736671
261 584 1541 1842 3190 3690 4271 4373 4651 5281 5631 7032 9525 10956 
#module 74 size: 12 bs: 0.865774
580 2210 3159 3407 3590 4806 5638 5893 7901 10658 12642 12881 
#module 75 size: 15 bs: 0.116881
691 761 1106 1936 3477 3794 3817 4244 5056 5701 5823 7543 8376 10251 10933 
#module 76 size: 19 bs: 1.00854
256 592 778 2853 3275 3389 5327 5470 5642 6327 6380 6960 7015 7463 8203 9521 10404 10863 12605 
#module 77 size: 7 bs: 0.377241
1067 3640 5101 6656 6861 7955 9990 
#module 78 size: 3 bs: 0.263101
1235 6443 9939 
#module 79 size: 3 bs: 0.857618
28 7484 10544 
#module 80 size: 4 bs: 0.201647
1034 1627 1665 10613 
#module 81 size: 11 bs: 0.407641
1473 1571 4870 7596 8205 8349 9852 10056 10287 10746 10802 
#module 82 size: 16 bs: 0.144426
1502 2104 3687 4221 5316 5640 5739 5959 6092 6856 7305 7473 7739 8097 9792 10555 
#module 83 size: 10 bs: 0.557421
1522 1926 2504 3413 4568 4609 6652 6741 8288 8470 
#module 84 size: 15 bs: 0.113295
5 1717 4150 5794 6203 8538 9326 9526 9644 10087 10174 10220 10225 10266 10392 
#module 85 size: 31 bs: 0.893105
314 620 973 1343 1352 2677 3085 3665 4216 4554 4812 5193 5351 5632 5868 5898 6311 6432 6590 6922 7888 8038 8081 9678 9763 9893 9921 10579 11106 11162 11435 
#module 86 size: 7 bs: 0.251293
84 1674 1753 4096 5492 6479 7857 
#module 87 size: 15 bs: 0.366007
136 217 307 784 976 1440 2437 2966 3250 4406 5982 7614 8728 9495 10675 
#module 88 size: 7 bs: 0.988742
1698 3322 3923 7588 8673 8759 9201 
#module 89 size: 5 bs: 0.218123
2270 4286 5036 6241 11245 
#module 90 size: 12 bs: 1.06403
2512 2760 3730 3882 4219 5451 6974 8732 8961 9415 9991 10011 
#module 91 size: 6 bs: 1.00443
1665 4218 6300 7779 7793 12790 
#module 92 size: 10 bs: 0.182745
1413 4632 5004 5531 6646 8694 9211 9915 10526 11393 
#module 93 size: 4 bs: 0.378373
1919 2225 5098 8007 
#module 94 size: 8 bs: 0.616191
814 932 2043 3196 6141 7166 7711 10873 
#module 95 size: 5 bs: 1.07097
1071 1783 3687 9447 11001 
#module 96 size: 7 bs: 0.763092
1315 2491 3400 3594 7003 7738 7923 
#module 97 size: 5 bs: 0.2911
666 4608 5154 5568 6325 
#module 98 size: 4 bs: 0.339665
7256 8837 10100 10223 
#module 99 size: 12 bs: 0.733305
1281 1468 2237 2529 3808 4548 5018 5175 8788 9195 9944 11027 
#module 100 size: 11 bs: 0.141061
12 2238 3306 3736 5753 6184 6407 6639 7581 8141 9175 
#module 101 size: 18 bs: 0.71484
374 481 3133 3777 3948 5197 5223 5694 7416 8725 8857 9111 10076 10165 10182 10242 10669 11705 
#module 102 size: 12 bs: 1.04401
2376 2718 2979 4464 4977 5924 6768 6993 8659 10173 10922 11110 
#module 103 size: 4 bs: 0.857677
7168 7478 9813 10617 
#module 104 size: 10 bs: 0.951775
845 2947 5023 7161 8296 8692 9453 9523 10433 10901 
#module 105 size: 14 bs: 0.355156
1133 1559 2035 2725 2754 2988 4837 5332 6139 7081 7872 8012 9704 10128 
#module 106 size: 7 bs: 0.871537
1258 2984 4014 7018 8107 9758 10044 
#module 107 size: 24 bs: 0.611325
104 228 360 390 1193 1537 2142 2207 2640 2901 3095 3169 3680 4089 5422 7432 7606 7688 8264 8435 8927 9481 9674 11274 
#module 108 size: 6 bs: 0.171679
2506 4315 6525 7713 9630 10602 
#module 109 size: 46 bs: 0.439913
108 783 847 981 1074 1105 1428 2040 2490 2574 3032 3449 3531 3571 4384 5045 5079 5085 5630 5708 5803 5836 6448 6462 6529 6588 6715 6742 6805 6953 6967 7963 8161 8176 8329 8333 8886 8890 8989 8991 9268 10284 10369 10557 10755 10758 
#module 110 size: 12 bs: 0.703905
1924 2714 2729 3132 4807 4935 6265 6819 10224 10399 10684 10778 
#module 111 size: 13 bs: 0.251705
2764 4425 4634 4711 5120 6065 7517 7942 8257 8488 9142 9587 9751 
#module 112 size: 7 bs: 0.267334
391 1966 2761 2800 5007 5404 7028 
#module 113 size: 6 bs: 0.842274
207 1287 4193 5005 8160 8204 
#module 114 size: 8 bs: 0.714853
2036 3230 4909 5821 7006 7682 9645 10390 
#module 115 size: 32 bs: 0.886822
173 356 548 642 1300 1349 1414 1846 1935 2264 2438 2587 3021 3265 3341 3464 3489 3582 3995 4052 4839 5192 5610 6717 6798 6817 8678 9034 9216 9825 10166 10687 
#module 116 size: 7 bs: 0.120183
550 1333 2541 3261 6083 6382 7678 
#module 117 size: 6 bs: 0.962445
634 1353 4151 5917 6144 6880 
#module 118 size: 8 bs: 1.07858
329 1655 3866 4237 4586 5371 6062 8422 
#module 119 size: 29 bs: 0.117346
1116 1277 1507 1735 2287 2367 2537 2635 4349 4688 4728 4886 4966 5454 5615 6055 6108 6128 6630 7042 7551 7585 7729 8410 9209 9217 9580 9812 10103 
#module 120 size: 6 bs: 0.277327
256 361 1284 4416 4637 10628 
#module 121 size: 18 bs: 0.510852
210 230 1857 3324 3740 5336 7582 7634 8513 9317 9464 9833 9936 10627 10685 10813 10832 13065 
#module 122 size: 4 bs: 0.639936
1217 3659 3851 8942 
#module 123 size: 8 bs: 0.162421
2854 3871 5372 8243 8590 9123 9895 10094 
#module 124 size: 27 bs: 0.913349
803 1214 1417 2185 2289 2451 2693 2990 3172 3208 3286 3319 3747 3766 4910 6176 6437 7194 7196 7506 7627 7818 8099 8853 9181 9531 11145 
#module 125 size: 10 bs: 0.975949
563 2420 3067 3210 5076 5703 5783 6335 8801 8999 
#module 126 size: 13 bs: 0.827571
2411 2698 2701 2775 3056 3279 3812 4962 6047 6545 6599 8995 10466 
#module 127 size: 15 bs: 0.143145
763 1999 3312 3751 3921 5277 5876 6064 6148 8476 9295 10041 10274 10434 12591 
#module 128 size: 5 bs: 0.950251
1517 3373 3867 8683 9359 
#module 129 size: 7 bs: 0.235166
583 996 5199 7086 8615 9494 10381 
#module 130 size: 9 bs: 0.431968
30 1194 2177 5080 5672 10218 10490 10962 11405 
#module 131 size: 7 bs: 0.658542
1780 1796 3374 7097 8124 10240 10272 
#module 132 size: 7 bs: 0.794498
1707 2489 2564 3129 3465 5768 6050 
#module 133 size: 7 bs: 0.375365
2835 3128 3129 4518 5591 6476 7667 
#module 134 size: 5 bs: 0.771689
1599 3758 4166 6620 7902 
#module 135 size: 21 bs: 0.466897
412 486 932 961 1534 1759 2623 3104 5571 5766 6141 6420 6454 6746 8253 8401 8858 9767 10487 10967 12756 
#module 136 size: 5 bs: 0.423454
2081 2133 3403 9250 11023 
#module 137 size: 7 bs: 0.125432
2081 2132 5058 6718 6777 8749 9657 
#module 138 size: 31 bs: 0.116586
21 1390 2117 2454 2658 2779 2818 2820 2993 4167 4417 5253 5345 5770 5797 5992 6249 7181 7865 8450 8474 8518 9037 9184 9728 10441 10482 10560 10940 10998 11005 
#module 139 size: 6 bs: 0.2002
3433 3573 9853 10382 10678 10975 
#module 140 size: 5 bs: 0.129576
3180 4357 4760 6643 8424 
#module 141 size: 4 bs: 0.714149
3375 3470 5646 9966 
#module 142 size: 4 bs: 0.488369
2196 5107 8627 9734 
#module 143 size: 19 bs: 0.689782
36 508 593 1148 2003 2344 3725 4549 4642 5280 7049 7656 7814 7889 8175 8674 9457 11088 11703 
#module 144 size: 9 bs: 0.770516
960 1509 6087 6166 6586 7251 7504 9637 10024 
#module 145 size: 11 bs: 0.75732
598 1339 2125 2406 2592 4110 4262 8280 9365 9846 10097 
#module 146 size: 3 bs: 0.11653
722 7354 8639 
#module 147 size: 7 bs: 0.170145
878 2480 4810 6778 9553 10870 12990 
#module 148 size: 8 bs: 0.56532
46 2473 3220 6059 6349 6384 7139 9242 
#module 149 size: 12 bs: 0.30827
433 832 1018 1185 2190 5421 8089 8139 8382 9647 9784 10541 
#module 150 size: 11 bs: 0.724633
505 2151 3421 3968 4579 4739 4796 5273 5319 5413 6757 
#module 151 size: 10 bs: 0.895247
613 954 3065 3597 5380 5892 6950 8696 10927 10982 
#module 152 size: 5 bs: 0.837588
2675 3414 6688 10178 11602 
#module 153 size: 6 bs: 0.209116
25 1124 1820 3557 6708 12746 
#module 154 size: 7 bs: 0.866561
1292 1455 3578 4318 9524 10311 10724 
#module 155 size: 5 bs: 0.355122
856 2147 2671 8794 11171 
#module 156 size: 15 bs: 0.39323
242 702 1212 1668 3022 3178 3678 4356 5206 6079 6709 7227 7816 8335 10147 
#module 157 size: 14 bs: 0.975603
1527 2297 3591 3594 4529 5035 6005 6075 6936 7706 7898 9193 9662 10703 
#module 158 size: 4 bs: 0.242829
3353 6559 7339 9605 
#module 159 size: 6 bs: 0.930373
1 365 4221 7568 7592 7670 
#module 160 size: 4 bs: 0.337688
335 3990 6986 7277 
#module 161 size: 15 bs: 0.381037
787 1180 2025 3996 4778 5043 5430 5743 8842 9954 10031 10341 10869 11228 11428 
#module 162 size: 4 bs: 0.243338
2312 3697 4528 8630 
#module 163 size: 4 bs: 0.162056
5916 7680 9164 11272 
#module 164 size: 5 bs: 1.00708
2473 5751 7590 8240 10439 
#module 165 size: 16 bs: 0.373314
304 713 1132 1821 3802 4115 4248 4481 5213 6872 8571 9774 9950 9973 10022 10629 
#module 166 size: 5 bs: 1.03497
3769 4104 4849 9202 10488 
#module 167 size: 4 bs: 0.991271
690 2002 5972 8378 
#module 168 size: 20 bs: 0.623812
29 567 641 1703 2069 2750 3359 4697 5217 5618 6002 6390 6621 6747 7140 7226 8624 10359 10527 11371 
#module 169 size: 10 bs: 0.347503
3015 3125 3323 5721 5728 6451 7391 8054 8084 9058 
#module 170 size: 17 bs: 0.218095
535 1107 3473 3479 4630 4842 5122 5139 5942 6647 7125 8104 8318 8648 10192 10631 11119 
#module 171 size: 4 bs: 0.934086
206 589 1348 1822 
#module 172 size: 55 bs: 1.00068
346 943 1059 1182 1373 1472 1682 1886 2302 2460 2706 2864 3026 3263 3303 3420 3451 3615 3705 3753 3773 3917 4194 4399 4693 4891 5342 5352 5649 6013 6449 6560 6908 7254 7300 7379 8101 8178 8227 8451 8466 8645 8971 8983 9331 9560 9701 9808 10298 10388 10612 11095 11364 11369 12609 
#module 173 size: 12 bs: 0.195697
482 789 1916 2395 3839 4575 4976 5918 6114 7522 7798 9316 
#module 174 size: 15 bs: 0.481152
1672 2373 4307 5132 5252 5444 5904 6900 7468 7794 7871 9042 9486 10886 11451 
#module 175 size: 3 bs: 0.47531
2086 3589 5735 
#module 176 size: 10 bs: 0.174781
69 343 1645 2013 4219 6255 6272 7258 8405 12125 
#module 177 size: 8 bs: 0.555169
1147 1331 3035 4231 8635 8975 10121 10647 
#module 178 size: 5 bs: 0.651925
4039 4955 5163 10337 10980 
#module 179 size: 5 bs: 0.335056
2186 7607 7991 10831 11163 
#module 180 size: 9 bs: 0.546255
709 2163 2580 2824 3534 4257 5458 6574 9220 
#module 181 size: 9 bs: 0.745463
3 3713 5869 6484 7025 8029 8374 8646 11412 
#module 182 size: 5 bs: 0.71202
1447 1469 5641 7420 8787 
#module 183 size: 13 bs: 0.650095
964 1561 1763 2645 3334 3576 4470 5063 5116 5487 8367 8464 8839 
#module 184 size: 10 bs: 1.00261
392 1598 1854 1941 2041 3525 5114 6017 6189 8365 
#module 185 size: 6 bs: 0.676118
1480 1536 2118 4755 6511 9916 
#module 186 size: 3 bs: 0.328255
1851 2319 4706 
#module 187 size: 5 bs: 0.701813
8960 9485 9512 9816 9981 
#module 188 size: 4 bs: 0.602394
1543 3963 5259 9786 
#module 189 size: 4 bs: 0.373597
489 1228 5639 10641 
#module 190 size: 4 bs: 0.122424
2466 4563 5707 10533 
#module 191 size: 4 bs: 0.976715
515 2085 7564 9117 
#module 192 size: 6 bs: 0.157337
2646 2960 5864 6688 6814 8882 
#module 193 size: 5 bs: 0.401887
3639 5507 5804 6354 9033 
#module 194 size: 17 bs: 0.694084
809 866 2639 3527 4762 5508 5994 6620 6893 8166 8317 8355 8772 9435 10764 10772 10896 
#module 195 size: 25 bs: 0.825753
174 1024 1073 1492 1811 2072 2475 2600 3005 3168 3203 3316 3514 3550 5091 5866 6744 7426 7668 7909 8242 8570 9173 9223 10376 
#module 196 size: 31 bs: 0.378777
243 320 439 657 1835 2098 2204 2304 2356 3130 3161 3994 4789 5190 5209 5350 5660 5696 5717 5950 7434 8216 8260 8329 8989 9591 9979 10029 10447 10569 11708 
#module 197 size: 13 bs: 0.169989
184 1079 2214 3112 4946 5289 5366 7336 7408 8877 9260 10197 10947 
#module 198 size: 19 bs: 0.672174
227 650 707 1041 1785 2252 2371 3124 3641 4018 4893 5093 5691 7149 7373 8346 9629 10346 10881 
#module 199 size: 7 bs: 1.01791
2146 3047 3084 3174 6015 7880 9533 
#module 200 size: 19 bs: 1.09811
640 911 933 2916 2928 2931 3008 3234 4622 5563 5658 5695 5883 6441 7346 8187 10123 10335 10736 
#module 201 size: 13 bs: 0.173732
1354 1613 1632 2649 3699 7099 8365 8671 9540 10271 10325 10981 12545 
#module 202 size: 5 bs: 0.326197
2429 2443 3332 4381 6348 
#module 203 size: 8 bs: 0.798814
880 1876 2548 4340 5442 9146 10272 11182 
#module 204 size: 5 bs: 0.588822
1092 5551 7316 8070 9473 
#module 205 size: 7 bs: 1.00621
3384 4132 4937 5446 6496 8172 8174 
#module 206 size: 5 bs: 0.967875
771 1581 3758 5826 10879 
#module 207 size: 4 bs: 0.329546
3919 4618 6509 10535 
#module 208 size: 14 bs: 0.529641
967 1140 1695 1710 2115 2212 2465 5242 5902 7692 7762 8537 10312 12661 
#module 209 size: 9 bs: 1.00486
2726 4848 5759 6028 6459 8686 8769 9284 11255 
#module 210 size: 7 bs: 0.954133
2165 2427 2655 4195 6288 7555 10873 
#module 211 size: 17 bs: 1.04035
265 1868 1907 2294 2384 4372 4721 7669 7881 8697 8899 9197 9403 9944 10270 10943 12652 
#module 212 size: 9 bs: 0.231664
557 4116 4368 6024 6080 6485 6611 6941 10374 
#module 213 size: 13 bs: 0.754092
1033 1501 1658 2353 4467 5628 6637 9074 9298 9413 10868 10959 11117 
#module 214 size: 6 bs: 1.00204
3276 4827 5781 5802 6863 7259 
#module 215 size: 9 bs: 0.934713
1516 2088 2946 3223 3884 4340 5718 6355 6385 
#module 216 size: 18 bs: 0.672072
305 1122 1494 2507 3269 3565 4940 5856 6706 7042 7942 8108 8346 8966 9465 9858 9864 10662 
#module 217 size: 6 bs: 0.750689
1437 3253 4752 5002 6399 8249 
#module 218 size: 15 bs: 0.216825
1817 2616 3512 3764 3860 4156 4397 7412 7780 8086 8147 8565 9654 11215 12626 
#module 219 size: 15 bs: 0.372206
328 507 1127 2676 3739 3971 4521 4525 4683 5862 7172 7342 7493 8116 9015 
#module 220 size: 4 bs: 1.05518
3880 4859 8775 8948 
#module 221 size: 10 bs: 0.689159
804 1126 1677 1732 1994 2896 4287 4292 7390 11258 
#module 222 size: 6 bs: 0.716183
1029 1732 8135 8717 9902 11678 
#module 223 size: 11 bs: 0.472751
813 1207 3391 3785 3810 5152 5510 6535 7097 8480 8813 
#module 224 size: 7 bs: 1.02784
1724 1751 2473 7626 8953 9444 11168 
#module 225 size: 4 bs: 0.980475
3652 4124 5754 6419 
#module 226 size: 5 bs: 0.441095
3211 4412 5996 8800 8852 
#module 227 size: 6 bs: 0.649429
3162 3328 3422 6544 6558 9663 
#module 228 size: 22 bs: 0.635697
631 713 998 1161 2068 2945 2990 3536 3724 3997 4308 4325 5065 6027 6309 6664 6745 7113 7794 8105 8931 11092 
#module 229 size: 5 bs: 0.604857
984 3553 5566 8051 10910 
#module 230 size: 14 bs: 0.747929
858 937 2280 2732 3214 4190 4500 4811 4922 4999 5964 7645 8278 11189 
#module 231 size: 20 bs: 0.120702
779 1378 1554 2093 3071 3139 4701 6003 6966 7938 8256 8792 8826 9189 9194 9535 10081 10846 10936 12297 
#module 232 size: 12 bs: 0.626283
95 472 1483 2047 3030 5126 5204 5581 5936 6012 8762 10705 
#module 233 size: 13 bs: 0.561218
652 1396 1453 1776 1790 4263 5283 5663 5688 6938 7133 9531 12170 
#module 234 size: 5 bs: 0.11282
2735 4122 6959 8782 10670 
#module 235 size: 9 bs: 0.170542
2111 2241 5086 6370 8145 9682 9745 9865 12636 
#module 236 size: 8 bs: 0.23201
1976 2353 3305 5886 8034 9021 10626 10735 
#module 237 size: 4 bs: 0.967432
13 2056 4770 9849 
#module 238 size: 7 bs: 1.03009
196 710 1238 3836 8350 8913 9327 
#module 239 size: 10 bs: 1.0588
885 1696 1953 5187 5659 6175 6270 7659 8468 9681 
#module 240 size: 22 bs: 0.404584
40 981 2101 2703 4085 4605 5033 5038 5520 5581 6345 6640 6954 7481 7609 8372 8485 8633 9735 10068 10316 10783 
#module 241 size: 11 bs: 0.793865
394 1028 2805 3196 3925 4665 4840 6567 9375 10231 11123 
#module 242 size: 13 bs: 0.669237
2502 2508 4078 4427 5299 6565 7185 7189 8657 9044 9400 10613 12790 
#module 243 size: 9 bs: 0.352824
714 815 1175 2064 2164 3509 6602 7004 12590 
#module 244 size: 31 bs: 0.691411
582 812 2098 2138 2442 2998 3496 3756 4037 4401 4611 4662 4975 5106 5362 5586 5870 5931 6034 6687 6805 7311 7374 8065 8879 9018 9620 9890 10102 10115 10779 
#module 245 size: 10 bs: 0.637575
891 1686 2024 2955 5827 6770 8881 9319 9478 10348 
#module 246 size: 7 bs: 0.648759
2220 4532 6840 7319 7610 8579 9221 
#module 247 size: 18 bs: 0.757932
562 1474 1494 1666 1786 1890 1913 2042 2235 2298 3933 4423 4473 6352 7299 7661 10780 11032 
#module 248 size: 17 bs: 0.45385
883 1387 1969 2254 2601 3012 4889 4964 5399 7129 7319 7589 8198 9946 10096 10596 11146 
#module 249 size: 11 bs: 0.953642
141 992 1468 3490 4792 4855 7482 8768 9296 9627 9929 
#module 250 size: 6 bs: 1.03409
1503 5060 7730 8847 8998 10378 
#module 251 size: 26 bs: 0.315469
887 1031 1049 1076 1160 1385 1760 1798 1965 2152 2912 3061 3259 3449 3647 3716 3869 5415 5958 6964 7516 8161 8254 8580 9950 10804 
#module 252 size: 12 bs: 0.122672
97 4411 4569 5266 6210 6349 6982 7885 8699 9671 10660 10776 
#module 253 size: 31 bs: 0.130611
947 968 1224 1856 1961 2179 2410 2450 2685 2721 2841 3558 3956 3961 4203 4367 4653 4915 5666 5818 6733 7384 9182 9363 9819 9821 10246 10661 10803 11159 11372 
#module 254 size: 5 bs: 0.796173
2622 3365 3432 5465 7288 
#module 255 size: 4 bs: 0.564201
565 4050 5103 7148 
#module 256 size: 9 bs: 0.511488
586 1011 1814 3798 6195 6816 6949 7014 8345 
#module 257 size: 11 bs: 0.591951
715 917 2049 3471 5167 6250 8740 9057 9490 10559 10820 
#module 258 size: 14 bs: 0.854615
1563 2647 3543 4273 4957 5170 5208 6174 6702 7343 8055 8504 9157 10964 
#module 259 size: 6 bs: 1.0888
1197 1402 2734 3285 8034 8985 
#module 260 size: 9 bs: 0.911533
667 828 2101 2822 4363 5655 8850 10381 10576 
#module 261 size: 33 bs: 0.412627
98 421 678 847 972 1436 1962 2596 3185 3317 3318 4214 4908 5321 5624 5681 5731 5923 6371 6437 7070 7102 7323 7850 8397 8407 9373 10143 10324 10457 10666 10715 11135 
#module 262 size: 9 bs: 0.698357
2526 3163 3292 4138 5451 6190 7190 8369 10209 
#module 263 size: 3 bs: 0.11674
3181 4916 8937 
#module 264 size: 11 bs: 0.38833
708 3281 3692 4032 4884 6712 7079 7690 7731 10628 11712 
#module 265 size: 24 bs: 0.304631
869 974 983 1050 1267 1700 1788 3772 3862 4400 5511 5811 6375 6548 6825 6873 7666 8000 8189 8273 8785 10686 10769 10945 
#module 266 size: 10 bs: 0.474979
1806 2320 3100 3914 5307 5408 6641 7750 9066 9910 
#module 267 size: 9 bs: 0.181499
1015 1928 1981 2349 3188 5976 7383 9695 10781 
#module 268 size: 7 bs: 0.9655
724 1435 2588 3856 4823 5574 8323 
#module 269 size: 6 bs: 1.09221
492 1898 3828 4028 6211 11242 
#module 270 size: 5 bs: 1.09051
792 4603 4951 5437 8209 
#module 271 size: 5 bs: 0.207779
4291 5789 6237 7900 10864 
#module 272 size: 12 bs: 0.76087
267 1084 2335 2457 2572 3051 4397 7040 7287 7755 8923 10244 
#module 273 size: 4 bs: 0.475969
4702 5620 5903 6095 
#module 274 size: 9 bs: 0.111386
622 1272 4426 7597 7890 8432 9664 9694 9721 
#module 275 size: 10 bs: 0.34453
1725 2559 4582 5495 7447 8194 8437 8818 9403 10828 
#module 276 size: 3 bs: 0.210223
3142 5032 9652 
#module 277 size: 8 bs: 1.04502
1101 2755 5042 5599 6855 7492 8360 8724 
#module 278 size: 27 bs: 0.907622
333 459 670 1093 1406 1462 1865 2393 2456 2511 2880 3745 4119 5083 5310 5980 6240 7082 7368 7534 7535 8017 8170 8660 9210 10186 10893 
#module 279 size: 60 bs: 0.226442
67 623 665 914 952 1194 1604 1649 1766 1951 2167 2425 2786 2981 3238 3510 3588 3632 3998 4297 4794 4924 4991 5186 5196 5395 5426 5603 5851 6404 6447 6463 6505 6577 6729 7322 7430 7548 7805 7856 8011 8024 8236 8267 8521 8664 9032 9041 9487 9740 10017 10088 10566 10861 10931 11014 11113 11231 11643 11936 
#module 280 size: 5 bs: 0.112518
1063 1866 5946 6185 11441 
#module 281 size: 5 bs: 0.427263
511 1790 2568 4882 8385 
#module 282 size: 9 bs: 0.680782
490 5516 5963 8045 8629 9156 9920 9978 10918 
#module 283 size: 6 bs: 0.454281
2026 3545 3621 3943 6208 7267 
#module 284 size: 14 bs: 0.754576
782 1322 1940 2839 2933 4678 5379 5482 6979 7772 8461 10020 10913 11074 
#module 285 size: 13 bs: 0.666584
86 3046 3195 3310 3562 5012 5547 6663 6907 8978 8980 11222 12495 
#module 286 size: 4 bs: 1.09614
5284 8609 8777 8907 
#module 287 size: 9 bs: 0.696471
669 3617 5584 7378 7867 8088 8782 9844 11239 
#module 288 size: 8 bs: 0.90379
1833 2228 3549 4361 4637 5322 7724 8969 
#module 289 size: 5 bs: 0.866758
2380 2530 3638 7005 10727 
#module 290 size: 4 bs: 0.835744
6071 6543 7046 10765 
#module 291 size: 9 bs: 0.367028
1833 2746 2891 5112 7091 8720 8920 10859 10995 
#module 292 size: 9 bs: 0.783699
503 892 4556 4875 5895 7834 9151 9407 10201 
#module 293 size: 8 bs: 0.842265
239 302 773 3988 5762 9692 10710 11395 
#module 294 size: 6 bs: 1.08119
79 271 1533 4170 5478 6298 
#module 295 size: 35 bs: 0.831163
48 50 463 826 1241 2520 3076 3368 3416 3563 3623 3782 3895 3966 4092 4403 4475 4821 6089 6274 6901 7088 7886 7892 8213 8919 8964 9420 9922 10406 10531 10651 10834 12492 13019 
#module 296 size: 12 bs: 0.122639
600 1750 1757 2658 4264 4337 6501 6985 7022 7691 9027 10181 
#module 297 size: 11 bs: 0.240162
188 497 3053 4076 6226 6267 6532 7156 7500 8048 9498 
#module 298 size: 9 bs: 0.470438
437 2821 3692 3967 4070 5926 7687 7707 8917 
#module 299 size: 8 bs: 0.176646
1960 2311 3813 4101 4300 4733 8132 10699 
#module 300 size: 13 bs: 0.375665
276 304 388 3217 3927 4880 4902 5222 5249 7289 9681 10315 11024 
#module 301 size: 7 bs: 0.659309
3690 6193 6895 6994 8241 8380 8661 
#module 302 size: 5 bs: 0.797603
1202 1833 1929 5152 6895 
#module 303 size: 8 bs: 0.247185
2387 2733 4726 6424 6585 7054 7808 10293 
#module 304 size: 11 bs: 0.46008
2730 2903 4378 5509 6868 6923 7317 8357 8554 10762 10763 
#module 305 size: 4 bs: 0.348597
3271 4315 7804 9204 
#module 306 size: 9 bs: 0.968603
299 526 4267 4881 5304 5745 7799 9243 13055 
#module 307 size: 5 bs: 1.0765
4245 5276 5968 8737 9234 
#module 308 size: 4 bs: 0.661558
4469 4484 8873 10972 
#module 309 size: 8 bs: 0.126389
1028 1528 3189 3843 4433 6235 7052 7056 
#module 310 size: 23 bs: 0.223904
1096 1269 1310 1715 1859 2107 2236 2357 2856 2894 3193 3854 4460 4685 5331 5447 5984 7313 7927 8963 9514 9941 11183 
#module 311 size: 22 bs: 0.517126
1299 2242 3513 4141 4480 4526 4633 4652 4866 5705 6123 6633 7530 7703 7954 8489 9106 9761 9860 9958 10318 10512 
#module 312 size: 6 bs: 0.711293
647 3366 4232 6828 7701 10908 
#module 313 size: 9 bs: 1.06628
142 1072 1843 2934 3291 3693 4815 4957 9212 
#module 314 size: 30 bs: 1.04868
213 907 1259 2792 3151 3591 4201 5155 5357 5363 5506 5563 5581 5749 7090 7100 7200 7766 7961 8020 8143 8155 8368 8892 9238 9277 10196 10386 11434 11711 
#module 315 size: 14 bs: 1.05326
1784 4080 6121 6126 6539 6655 6711 7759 8139 8181 8290 8499 9397 11020 
#module 316 size: 62 bs: 0.261281
318 1260 1356 1363 1728 2129 2391 2612 3326 3473 3500 3667 3682 3718 3936 3973 3987 4503 4507 4647 4787 4824 4890 5099 5122 5130 5354 5384 5406 5501 5741 5874 5911 6149 6283 6669 6721 6850 7419 8104 8148 8513 8642 8712 8950 9134 9589 9616 9683 9820 9957 10470 10827 10974 11000 11112 11367 11443 12019 12638 12899 12949 
#module 317 size: 15 bs: 0.310608
1419 1458 2150 2432 2482 2680 2778 3533 3546 5465 6427 7123 7878 9427 10336 
#module 318 size: 7 bs: 0.781184
2565 3091 3748 4659 5348 5483 6695 
#module 319 size: 3 bs: 0.871011
546 1551 6365 
#module 320 size: 14 bs: 0.334353
2315 2341 2501 2516 2543 2555 3975 4054 4243 5765 6045 6359 10737 10766 
#module 321 size: 20 bs: 0.442214
587 1227 1875 2419 2593 2980 3402 3698 4217 4895 6580 6978 7034 8797 9158 9188 9390 9999 10789 10996 
#module 322 size: 9 bs: 0.319488
771 1020 1708 3220 3390 6521 7274 9838 10535 
#module 323 size: 11 bs: 0.60815
369 902 1429 3548 4424 5201 5686 6392 8621 9688 9750 
#module 324 size: 6 bs: 0.516438
925 1139 2157 9698 10477 10722 
#module 325 size: 29 bs: 0.491989
116 381 491 518 689 720 966 1014 1088 1176 1466 1479 1489 2804 3459 3516 3571 4415 5736 6130 6161 6372 7904 8920 9572 9843 9969 10062 10449 
#module 326 size: 27 bs: 1.09358
278 391 2914 2965 3134 3194 3218 3830 3924 4443 4624 4995 5267 5663 5806 6173 6540 6779 6787 7842 9531 9791 9845 10012 10329 10496 11442 
#module 327 size: 9 bs: 0.290405
1134 2665 3505 4564 6657 6728 7769 8608 12663 
#module 328 size: 17 bs: 0.77434
646 720 3574 4158 4834 5180 5209 5402 5477 5872 6606 7389 8421 8791 9062 9831 10532 
#module 329 size: 5 bs: 0.473766
3494 5420 9931 10193 10679 
#module 330 size: 12 bs: 0.388522
1081 1681 3293 4277 4629 5188 5545 5697 6947 8773 9466 11216 
#module 331 size: 6 bs: 0.439941
5462 5495 6147 7283 9857 10734 
#module 332 size: 9 bs: 0.28265
1909 2656 3268 3649 5400 7918 8582 8711 10023 
#module 333 size: 9 bs: 0.261325
183 922 1113 3039 3306 7370 8559 9309 9850 
#module 334 size: 6 bs: 0.35029
308 1699 5417 5702 6349 8614 
#module 335 size: 40 bs: 0.702305
430 485 534 1115 1178 1326 2108 2719 3250 3941 4142 4240 4380 4543 4655 4698 4717 5134 5585 5832 6090 6213 6529 6538 7009 7085 7107 7130 7308 7873 7895 7932 7934 8416 8515 8939 9100 9467 10277 12874 
#module 336 size: 12 bs: 0.524401
351 1481 4064 5687 7080 8982 9206 9280 9735 10515 10662 10914 
#module 337 size: 15 bs: 0.706254
694 1565 1572 1687 1852 1861 2984 4026 5202 6042 7050 7712 9528 9824 10788 
#module 338 size: 6 bs: 0.634277
3023 3395 5760 8428 9382 10334 
#module 339 size: 29 bs: 0.597315
205 968 1482 1547 1583 2138 2366 2961 3484 4514 4628 4979 5194 6034 6813 7868 7876 8584 9168 9261 9551 9617 9794 9971 10049 10795 11266 11565 12594 
#module 340 size: 14 bs: 0.522964
1771 2780 3242 3355 3861 4139 4775 6411 7211 7269 7315 8704 10264 11205 
#module 341 size: 9 bs: 0.175662
851 989 1595 1634 5662 6215 7770 8714 10320 
#module 342 size: 37 bs: 0.423233
403 456 619 713 995 1457 1704 1729 2090 2313 2472 2679 2714 3560 3767 3883 4199 4205 4235 4385 4492 4854 5057 5173 6025 6091 6408 7072 7263 7773 9095 9614 10045 10653 10766 10911 11025 
#module 343 size: 5 bs: 0.482604
2386 7399 8118 10598 11699 
#module 344 size: 6 bs: 0.488654
2000 2247 2959 5822 7290 7689 
#module 345 size: 5 bs: 0.775792
5755 7297 7526 9135 9673 
#module 346 size: 12 bs: 0.812446
863 2253 2576 2578 3153 3932 4694 5779 6362 6789 7008 7309 
#module 347 size: 36 bs: 0.232164
811 874 1226 1393 1648 2075 2539 2661 2799 2926 2929 2972 3068 3282 3292 3664 3853 4041 4053 4407 4607 4676 4780 5233 5502 5626 6766 7356 8552 8555 9395 9501 9832 9951 11490 11551 
#module 348 size: 9 bs: 1.04528
596 1530 2855 4182 6438 9161 9289 10481 11571 
#module 349 size: 10 bs: 1.05931
2119 2643 2885 3602 4562 6137 6465 8599 9476 10349 
#module 350 size: 11 bs: 0.994535
3959 5929 6177 6433 6877 7398 7785 7984 8277 8361 11099 
#module 351 size: 15 bs: 0.181354
316 413 427 728 1344 1738 2875 3626 3667 3851 4051 6477 6566 6887 8119 
#module 352 size: 6 bs: 0.366219
2083 3472 3872 7115 7376 12933 
#module 353 size: 6 bs: 0.112887
1535 5908 6357 7116 9512 10252 
#module 354 size: 17 bs: 0.465557
544 802 3014 3417 3684 4377 5496 6063 6910 7310 7663 7937 8001 8111 8314 8347 9177 
#module 355 size: 24 bs: 1.0859
292 553 945 1342 1789 1904 2209 4498 4968 5268 5650 5896 6052 6434 6720 7438 7546 8346 8394 8984 9356 9751 10233 12475 
#module 356 size: 8 bs: 0.915904
6471 7674 7835 8598 9355 9594 11011 12228 
#module 357 size: 7 bs: 0.260094
1167 3062 3681 5796 7261 10711 12426 
#module 358 size: 6 bs: 0.593275
1805 1979 5593 6273 7823 9960 
#module 359 size: 9 bs: 0.77779
260 441 705 1336 2116 5021 5417 6376 6610 
#module 360 size: 5 bs: 0.52992
2837 2893 5378 6564 10712 
#module 361 size: 11 bs: 0.946766
1153 1265 1312 3042 3744 4268 4413 6338 7247 7550 9267 
#module 362 size: 11 bs: 0.152682
368 1538 3888 5562 7151 7616 8274 8494 9266 9333 13018 
#module 363 size: 14 bs: 1.05271
140 834 1170 2144 2339 5054 5443 5607 6109 7396 8080 8402 8904 10067 
#module 364 size: 67 bs: 0.363439
139 447 532 900 938 983 1068 1080 1357 1426 1648 1840 1922 2094 2290 2292 2359 2512 2702 2787 3238 3252 3270 3412 3733 3938 4042 4083 4109 4293 4515 4696 4864 4939 5073 5254 5364 5374 6196 6233 6369 6549 6707 6881 7120 7239 7325 7388 7393 7449 7807 7894 7896 7940 8093 8207 8222 8262 8369 8436 8700 9294 9422 10213 10331 10458 12249 
#module 365 size: 8 bs: 0.74341
3584 3599 3889 7126 7826 7936 8122 9013 
#module 366 size: 22 bs: 0.797679
322 367 653 1616 1656 2476 2919 2924 3692 3975 4223 4533 4950 5588 5933 6183 6468 7027 8406 9285 9515 10007 
#module 367 size: 12 bs: 0.216606
541 610 2135 2554 2987 3280 3896 6589 7874 9104 9186 10894 
#module 368 size: 17 bs: 0.349534
941 1247 1832 2684 3395 5005 5387 5592 6032 7447 7469 8503 8662 8674 9334 12639 13003 
#module 369 size: 5 bs: 0.351851
7992 8371 9810 10230 10370 
#module 370 size: 6 bs: 0.360306
33 102 1225 3524 5061 9795 
#module 371 size: 20 bs: 0.372806
1053 1549 2046 2178 2577 2743 3460 3484 3742 3796 4068 5128 5339 5565 5570 8163 8986 9477 9502 11098 
#module 372 size: 10 bs: 0.836196
780 1263 1843 2037 2166 2483 4433 7921 9781 10473 
#module 373 size: 5 bs: 1.06022
1021 7277 7946 9343 10934 
#module 374 size: 11 bs: 0.312322
2519 2707 3089 3231 3446 4228 5829 6537 6755 6857 10279 
#module 375 size: 11 bs: 0.341348
926 2604 4468 6120 6948 7052 7453 7710 9488 10119 11026 
#module 376 size: 9 bs: 0.734459
1793 2409 4932 5274 5317 8881 9765 9943 12635 
#module 377 size: 12 bs: 0.605674
975 1391 2884 3050 3923 5302 5360 6020 7435 9675 10546 10978 
#module 378 size: 5 bs: 0.458018
2056 2216 2433 6871 9232 
#module 379 size: 6 bs: 0.243566
594 1381 2942 4530 5763 6541 
#module 380 size: 24 bs: 0.328279
371 614 630 910 1155 1531 1722 1764 1985 2193 3776 3910 5837 5965 6569 7230 9046 9114 9152 9859 10130 10505 10847 11104 
#module 381 size: 9 bs: 1.02951
860 927 1936 2038 3408 4984 5252 6482 6526 
#module 382 size: 6 bs: 0.498358
1398 2505 7912 8117 8543 9548 
#module 383 size: 7 bs: 0.83322
1838 4313 4382 4597 8133 8225 10593 
#module 384 size: 11 bs: 0.550924
1459 1716 2985 3771 5525 5879 5881 6333 6422 10001 10885 
#module 385 size: 7 bs: 0.135858
5188 5877 6011 6466 8144 9489 10245 
#module 386 size: 7 bs: 0.336951
895 1577 1660 2720 5652 9110 9176 
#module 387 size: 25 bs: 0.174199
370 475 713 721 932 1465 1819 1880 1998 2338 2498 2723 2868 3204 3571 4179 4583 5528 6636 6800 6806 7051 8589 9865 11241 
#module 388 size: 5 bs: 0.343947
1476 4795 8597 9873 10568 
#module 389 size: 11 bs: 0.25945
1188 1401 3158 3650 4879 6558 7221 8214 9251 9577 10785 
#module 390 size: 7 bs: 0.531073
1628 3031 3620 5780 6831 7866 10887 
#module 391 size: 37 bs: 0.376287
201 1275 1553 2080 2240 2331 2621 2638 2770 3024 3301 3818 3829 3947 4007 4520 5580 5594 6673 6725 6845 7394 7621 7655 8035 8572 8670 8681 9130 9253 10114 10506 10538 10616 11087 11111 11219 
#module 392 size: 14 bs: 1.0576
617 1433 2221 3097 3198 3657 5732 6749 7701 8542 10509 10951 11169 11223 
#module 393 size: 5 bs: 0.948578
1639 1685 2515 5971 10605 
#module 394 size: 23 bs: 0.655074
211 493 699 1486 1560 1606 1790 1853 2991 3277 3461 3822 4178 5216 5704 6264 7039 7147 7424 7611 7847 9658 10920 
#module 395 size: 8 bs: 0.744734
806 4198 4447 4457 5948 6884 6895 9512 
#module 396 size: 23 bs: 0.872363
424 681 956 1142 1161 1384 2284 2990 3179 3240 3294 3436 3703 5096 5784 6176 6822 7622 8304 8508 9083 9455 10532 
#module 397 size: 10 bs: 0.18032
1412 1513 2898 3201 5461 6841 7945 8245 10003 10581 
#module 398 size: 18 bs: 0.231078
215 795 1025 1382 3235 5020 6467 6517 7600 7905 8431 9247 9509 9606 9997 10073 10732 10733 
#module 399 size: 25 bs: 0.374482
466 831 1744 2246 2436 4165 4715 5174 5347 6081 6368 6374 6631 6794 6929 7270 7382 7563 7686 8610 8820 8954 9016 9918 10500 
#module 400 size: 4 bs: 1.06263
208 3685 7952 10587 
#module 401 size: 18 bs: 0.87874
718 1008 1280 1308 1403 2354 3090 3380 4822 6245 6301 6870 6920 9479 9621 10286 10809 12264 
#module 402 size: 16 bs: 0.821167
452 881 2811 3450 3651 5906 6324 6900 7205 7990 8605 9325 9419 10584 10830 11413 
#module 403 size: 8 bs: 0.471535
1498 2627 5143 6802 8757 8912 9171 10443 
#module 404 size: 11 bs: 0.942069
25 1112 1395 2027 3241 3377 4990 4996 7327 9914 11158 
#module 405 size: 9 bs: 0.411555
604 1181 2375 6060 6626 9600 9758 11001 12720 
#module 406 size: 6 bs: 0.195729
5232 6156 6607 7967 9836 10693 
#module 407 size: 11 bs: 0.337896
61 560 3196 3786 5100 6543 6626 7019 7870 10275 10636 
#module 408 size: 8 bs: 1.02849
325 2551 3074 3572 4000 4638 5099 8592 
#module 409 size: 13 bs: 0.173888
785 1231 1423 2969 3567 3581 4540 5160 5885 6460 8019 8550 10146 
#module 410 size: 9 bs: 0.876517
1584 5880 6772 6930 7007 8053 9374 10889 11717 
#module 411 size: 11 bs: 0.897654
93 1114 1372 2012 2082 2481 4546 5602 6349 6943 7557 
#module 412 size: 18 bs: 0.680152
1316 1712 2187 3157 3399 4631 4790 5198 6073 6297 6662 7292 8356 8741 9026 9380 9595 10347 
#module 413 size: 5 bs: 0.173351
309 1702 2099 3557 9051 
#module 414 size: 15 bs: 0.658949
585 1852 3394 3614 6261 6428 6928 7993 8434 8688 8802 8860 8965 10589 10948 
#module 415 size: 9 bs: 0.882883
22 1914 2584 2808 4600 7862 7943 10476 10970 
#module 416 size: 13 bs: 0.355806
1183 2255 2636 3150 3529 4437 5221 5817 6093 6290 6931 7715 9368 
#module 417 size: 7 bs: 0.176719
1557 5411 5689 6334 7529 9984 10897 
#module 418 size: 10 bs: 0.592606
595 764 1628 3206 3870 5860 7758 8760 11029 11840 
#module 419 size: 13 bs: 0.646266
152 1346 1437 1444 1496 3019 3254 4784 6456 6848 7344 8734 11788 
#module 420 size: 9 bs: 0.646241
15 366 1745 3375 5311 5810 9101 9439 12885 
#module 421 size: 11 bs: 1.06476
177 649 3586 5416 5643 6701 7262 8246 8600 9163 9804 
#module 422 size: 4 bs: 0.806761
5590 7647 9347 11589 
#module 423 size: 13 bs: 1.03377
1921 2200 3454 3717 4461 4577 5075 5084 7458 7462 7723 8615 9818 
#module 424 size: 12 bs: 0.311082
13 2449 4943 5228 5337 5356 5522 6784 6788 7588 7837 8868 
#module 425 size: 5 bs: 0.429109
793 1463 2281 4639 7145 
#module 426 size: 8 bs: 0.840368
1415 4126 4831 5013 7624 7664 7679 9571 
#module 427 size: 7 bs: 0.176278
1184 2030 3017 3296 3677 7625 7664 
#module 428 size: 7 bs: 0.226684
923 1276 2243 4350 4732 7324 10627 
#module 429 size: 7 bs: 0.21806
1199 2569 6582 8776 10689 10987 12893 
#module 430 size: 17 bs: 0.576962
765 1328 2550 2666 2810 3376 3482 3506 3757 3974 3976 4903 7662 8457 8752 9433 11338 
#module 431 size: 8 bs: 0.387018
3019 4134 4358 5272 7013 8675 8968 9590 
#module 432 size: 156 bs: 0.140345
166 270 469 505 636 704 839 877 905 940 1010 1123 1243 1244 1286 1512 1573 1618 1626 1733 1795 1803 1871 1873 2103 2500 2527 2691 2699 2736 2838 2889 3010 3012 3114 3236 3244 3260 3421 3455 3498 3542 3686 3689 3706 3835 3877 3898 3903 3916 3918 4033 4038 4061 4079 4088 4143 4145 4146 4213 4230 4259 4282 4312 4317 4338 4347 4371 4374 4380 4444 4610 4756 5214 5369 5410 5467 5518 5526 5539 5546 5558 5598 5616 5665 5850 5856 5943 6046 6058 6111 6181 6336 6386 6393 6395 6523 6579 6604 6638 6691 6763 6865 6883 6909 6945 6970 7071 7141 7210 7363 7365 7377 7470 7649 7720 7812 7859 7989 8040 8142 8299 8318 8387 8611 8685 8706 8785 8817 8987 9006 9007 9045 9049 9122 9208 9286 9500 9529 9601 9919 10039 10387 10508 10551 10564 10583 10838 10854 10899 10944 10993 11108 11447 12003 12506 
#module 433 size: 28 bs: 0.554313
564 857 1330 1452 1580 2109 2819 3130 3219 3799 4135 4494 5405 6021 7044 7109 7170 7184 8115 8311 8613 9062 9831 10532 10825 10997 11092 11340 
#module 434 size: 13 bs: 0.875933
304 875 2330 3229 3761 4039 5000 6475 6878 7286 8229 8231 10584 
#module 435 size: 15 bs: 0.848717
99 579 2404 2553 5050 5236 5318 6897 8270 8383 8617 8841 10118 10215 10317 
#module 436 size: 12 bs: 0.15051
180 679 3608 3865 4451 5472 6892 8814 9330 9649 10057 10468 
#module 437 size: 16 bs: 1.02752
518 1418 3409 3561 3809 4102 4212 5052 5261 5404 6879 8408 8656 10107 10358 10692 
#module 438 size: 5 bs: 0.755665
1405 3469 4296 4804 7105 
#module 439 size: 12 bs: 0.415214
1319 1975 2606 4474 4753 5118 5243 6239 6962 8455 10282 11488 
#module 440 size: 8 bs: 0.978958
842 2298 2508 6088 7721 7982 8487 9165 
#module 441 size: 9 bs: 0.819133
1445 3058 3544 3666 5006 7786 8535 9172 9775 
#module 442 size: 12 bs: 0.231618
1485 1714 1748 2051 2487 4233 5953 7205 7697 8551 8896 9296 
#module 443 size: 5 bs: 0.382322
2021 2999 3797 6498 7249 
#module 444 size: 5 bs: 0.796227
1937 2057 8015 8761 10292 
#module 445 size: 50 bs: 0.824642
34 153 553 853 1161 1309 1385 1779 1852 1946 2507 2552 2585 2694 2939 3269 3410 3592 4069 4428 4523 4834 5055 5129 5268 5635 5663 5832 5858 5979 6007 6197 6445 6739 6903 7321 7839 7942 8228 8257 8575 8815 9167 9460 9912 9995 10273 10455 10813 12679 
#module 446 size: 11 bs: 0.35683
625 1650 2688 3304 4729 5388 6201 7673 8446 9924 10800 
#module 447 size: 15 bs: 0.527792
1520 1900 2791 3081 3952 7575 8495 8647 8788 9091 9442 11009 11018 11334 12880 
#module 448 size: 22 bs: 0.641857
300 638 717 727 867 1053 1630 2607 2744 4036 4222 4764 5099 6294 6541 7877 8650 8695 9219 9593 10195 11465 
#module 449 size: 6 bs: 0.601119
35 431 841 5089 7183 10871 
#module 450 size: 15 bs: 0.547536
1045 1646 1723 1731 2435 2742 4025 4398 4448 6442 7263 8206 9465 10576 10637 
#module 451 size: 7 bs: 0.459713
6591 6925 7089 7217 9011 9162 11207 
#module 452 size: 18 bs: 1.01956
539 656 699 774 2707 2747 2941 3706 3726 4077 5182 5830 5831 7075 8279 8575 8985 10902 
#module 453 size: 5 bs: 0.268605
1721 3347 3891 4907 6804 
#module 454 size: 6 bs: 0.816129
1377 3113 4560 5921 6051 9747 
#module 455 size: 7 bs: 0.20526
1515 4505 5522 5769 7802 9344 10432 
#module 456 size: 9 bs: 0.458076
1056 4487 5460 6358 7172 7193 9394 9697 11109 
#module 457 size: 13 bs: 0.717411
159 2469 2804 2977 3243 3978 5371 5555 5848 6956 7716 9039 10584 
#module 458 size: 6 bs: 0.569359
2058 2696 7899 8266 9288 10773 
#module 459 size: 13 bs: 0.874329
454 873 1622 1794 2048 3191 3246 3492 6377 7544 8322 8327 9547 
#module 460 size: 5 bs: 0.778672
1824 6512 6648 7615 8066 
#module 461 size: 9 bs: 0.895066
191 3864 4153 5166 6351 9598 9934 10210 10839 
#module 462 size: 21 bs: 0.973031
341 1330 1808 2586 4682 4698 5225 5278 5283 5343 6008 6090 6134 7200 7617 7794 7839 9071 9144 10310 10586 
#module 463 size: 7 bs: 0.470937
257 1628 2123 2249 7864 8592 10504 
#module 464 size: 9 bs: 1.05962
2573 2739 2872 5740 7298 8636 9238 10415 11209 
#module 465 size: 14 bs: 0.892329
695 951 1196 1261 2925 3346 3743 5222 5258 6927 7146 7431 8235 10034 
#module 466 size: 10 bs: 0.893292
1509 2598 4534 4692 5490 5826 6231 6508 6598 10481 
#module 467 size: 6 bs: 0.906691
209 3108 4930 5613 8546 9708 
#module 468 size: 12 bs: 0.964591
32 552 1657 3481 4177 6810 7229 7361 7683 8348 8889 10692 
#module 469 size: 7 bs: 0.198589
238 2927 3633 4360 9116 9880 10811 
#module 470 size: 19 bs: 0.883367
56 1179 2619 2849 3029 3173 4843 4852 4912 4997 6066 6069 6167 7628 9431 10305 10511 10673 11613 
#module 471 size: 143 bs: 0.529223
38 332 521 686 758 767 769 797 901 979 1009 1012 1030 1062 1082 1159 1173 1195 1239 1283 1295 1323 1504 1801 1840 1863 1885 1990 2148 2211 2232 2273 2410 2452 2497 2625 2682 2846 2848 2870 2907 2957 3082 3360 3466 3519 3679 3848 4001 4072 4091 4295 4346 4446 4490 4504 4636 4666 4814 4826 4835 4868 4901 5218 5220 5392 5396 5500 5533 5633 5678 5952 6150 6221 6228 6350 6642 6653 6692 6722 6767 6793 6905 6961 7068 7072 7154 7441 7518 7553 7594 7735 7764 7838 7861 7936 7966 8210 8309 8331 8342 8377 8400 8414 8426 8440 8452 8523 8557 8601 8655 8689 8835 8905 9109 9299 9323 9410 9510 9539 9550 9555 9559 9604 9867 9870 9879 9953 9980 10070 10093 10206 10259 10515 10619 10654 10749 10752 10799 11067 11155 11256 12645 
#module 472 size: 8 bs: 0.72488
819 1078 2441 3258 3963 4253 6754 9273 
#module 473 size: 12 bs: 0.892682
1689 2121 2239 5367 5622 5647 5800 7372 8217 8384 8722 10688 
#module 474 size: 4 bs: 0.158291
8021 8806 9224 11273 
#module 475 size: 9 bs: 0.244952
688 1450 4471 4643 5046 5282 9102 11694 12641 
#module 476 size: 4 bs: 1.01753
848 6995 7171 7418 
#module 477 size: 20 bs: 0.51946
676 1048 1881 2008 2274 3063 3655 3999 5178 5398 6346 7851 8295 8493 8888 10116 10200 10405 10518 10725 
#module 478 size: 6 bs: 1.04887
5294 5344 5407 6229 9002 10053 
#module 479 size: 5 bs: 0.102464
868 2915 4112 9696 10963 
#module 480 size: 9 bs: 0.133283
1330 1540 3845 5385 6661 8955 9077 9279 9712 
#module 481 size: 8 bs: 0.920299
77 1130 3847 5290 6252 7547 7771 8315 
#module 482 size: 9 bs: 0.896702
57 145 3612 3826 4678 7979 8086 8109 9332 
#module 483 size: 16 bs: 0.597543
861 1734 1862 3462 4458 6645 6836 7167 7375 7930 8044 8234 8522 8715 8721 10729 
#module 484 size: 5 bs: 0.707404
611 2485 4506 6314 6654 
#module 485 size: 10 bs: 0.581004
487 1108 2609 3073 3781 6705 7840 8036 10091 11400 
#module 486 size: 6 bs: 0.751795
1434 3349 3825 5875 6752 7642 
#module 487 size: 4 bs: 0.733439
596 1927 3128 11436 
#module 488 size: 9 bs: 0.48519
870 2614 3255 4409 6131 6313 6917 9259 9399 
#module 489 size: 16 bs: 0.907006
1203 2357 2426 2624 3644 4887 4959 5587 6256 6774 7084 7717 7829 8212 8525 9941 
#module 490 size: 76 bs: 0.647557
237 516 760 790 915 977 1026 1230 1317 1955 2162 2181 2182 2219 2323 2413 2418 2522 2757 2788 2828 2975 3025 3054 3418 3501 3552 3774 4066 4074 4131 4211 4436 4463 4510 5195 5250 5438 5486 5532 5612 5623 5682 5714 5747 6061 6155 6216 6242 6731 6764 6839 7102 7173 7281 7403 7439 7491 7583 7591 7629 7694 8016 8039 8110 8795 8864 9264 9346 9369 9396 9881 10265 10501 10567 10770 
#module 491 size: 6 bs: 0.935112
931 2347 3521 7648 8811 10360 
#module 492 size: 4 bs: 1.00428
1797 1896 6466 6478 
#module 493 size: 24 bs: 0.88688
655 934 1448 2953 3232 3852 3986 4833 5355 6029 7037 7048 7503 7822 8392 8723 8786 9196 9305 9554 9965 10179 10709 11220 
#module 494 size: 7 bs: 0.749049
1098 1191 3354 3572 3710 6207 11498 
#module 495 size: 26 bs: 0.561623
350 569 908 1282 1567 1629 2068 2594 3265 3540 3806 4179 5660 5756 5788 6287 6964 6992 7011 7271 7702 7931 9733 10151 10323 12575 
#module 496 size: 19 bs: 0.846178
514 1119 2109 3219 3570 4285 5300 5857 6305 6759 6939 7184 7405 7429 7510 9198 9806 10736 11338 
#module 497 size: 32 bs: 0.75924
575 1271 1425 1839 2107 2199 2223 2314 2351 2558 2777 3037 3239 3433 3618 3859 4117 4527 4566 4846 4971 5913 5989 7511 7910 9143 9650 9948 10086 10162 10453 10970 
#module 498 size: 14 bs: 0.402278
317 1364 1477 2208 3789 4431 4929 5183 5530 5833 5915 7540 7852 10042 
#module 499 size: 10 bs: 0.319627
1297 2254 3937 4298 4931 5629 6651 8895 9159 9994 
#module 500 size: 19 bs: 0.592323
1222 2433 2572 3233 4029 4559 5595 5619 5793 6924 7020 7839 7971 8082 8810 9417 9536 10483 11591 
#module 501 size: 5 bs: 0.619372
23 96 1005 1270 8716 
#module 502 size: 10 bs: 1.09832
8 1360 2007 4239 4255 5077 5349 5559 6019 7042 
#module 503 size: 22 bs: 0.985299
106 1332 1660 3385 3572 3624 4140 4192 4206 4405 5185 5744 6094 6257 6294 6361 6956 8843 9039 9357 9752 10680 
#module 504 size: 14 bs: 0.543476
18 434 864 3221 3452 3572 3616 3984 7017 8876 9063 9970 10191 10999 
#module 505 size: 4 bs: 0.384827
1128 2286 3487 7078 
#module 506 size: 5 bs: 0.178209
1065 4963 7188 7345 7917 
#module 507 size: 14 bs: 0.85244
558 963 1882 2653 3135 4227 5901 7411 8219 8386 8982 9276 9465 10791 
#module 508 size: 8 bs: 0.337519
1525 3234 4030 4299 5059 5541 5801 6366 
#module 509 size: 8 bs: 0.217625
1415 2651 3088 3338 3425 5234 7237 10337 
#module 510 size: 4 bs: 0.726855
871 2120 6202 6504 
#module 511 size: 7 bs: 0.111464
2967 3503 3575 4171 6982 9512 11267 
#module 512 size: 10 bs: 0.180971
150 3842 5724 6576 7010 7446 8159 8256 8730 8840 
#module 513 size: 9 bs: 0.445735
1369 2033 2372 2882 3036 3251 3587 6142 11269 
#module 514 size: 7 bs: 0.318053
1113 1488 1973 4601 5168 8759 11878 
#module 515 size: 7 bs: 0.846198
2077 2449 3040 5577 7996 10821 12902 
#module 516 size: 12 bs: 0.592461
318 1120 1887 3711 5852 6512 7095 7407 7747 7827 9008 10484 
#module 517 size: 7 bs: 0.281921
1219 3002 3308 4817 8641 9006 9814 
#module 518 size: 15 bs: 0.332827
727 1577 1748 2674 2756 4006 4233 4422 4932 5123 8008 8067 8339 8564 9798 
#module 519 size: 32 bs: 0.604649
528 1152 1311 1804 2328 3926 4020 4263 4442 4754 5112 5231 5363 5554 5601 5774 6236 6448 6519 7380 7413 7825 7849 7893 8251 8263 8501 8856 9665 9936 10832 11614 
#module 520 size: 47 bs: 0.896805
357 897 1376 1620 2092 2155 2447 2713 2836 3079 3449 3750 3841 3873 4081 5067 5165 5181 5899 6052 6430 6515 6751 6829 7444 7767 7875 7897 7911 7960 7968 8179 8736 8808 8903 8945 9040 9408 10135 10267 10547 10698 11136 11193 11385 11601 12586 
#module 521 size: 35 bs: 0.604458
268 711 720 1635 2067 2931 3411 3595 3729 3742 4700 4867 5045 5151 5209 5309 5560 5618 5820 5956 5988 6421 6474 8219 8427 8710 8790 8828 9603 9623 9848 9901 10686 11196 11415 
#module 522 size: 3 bs: 0.482124
6254 9098 10952 
#module 523 size: 15 bs: 0.38
301 578 677 1335 1622 4152 5015 6693 7936 8869 9775 10234 10247 10463 11123 
#module 524 size: 7 bs: 0.958591
5179 5954 7059 8716 8906 10291 11635 
#module 525 size: 13 bs: 0.679405
135 1942 3035 4272 5227 6897 8403 8716 8959 9203 10248 10849 11119 
#module 526 size: 5 bs: 0.446886
1942 5071 7221 8576 9030 
#module 527 size: 5 bs: 0.142145
3495 4408 7790 9876 11337 
#module 528 size: 33 bs: 0.377767
488 543 879 1548 1809 2126 2176 2321 2670 3116 3137 3186 3320 3645 3951 4129 4276 4646 4838 4860 4982 5359 5491 7179 7257 7456 7657 7811 8071 8373 9047 10771 10816 
#module 529 size: 42 bs: 1.02329
14 537 991 1085 1499 1729 1787 1864 2078 2262 2590 2687 2954 2998 3468 3566 3694 3907 4351 4499 5346 5455 5890 6110 6122 6323 6400 6516 6597 6799 6918 7240 7397 7652 7914 8321 8362 8935 9089 9967 10866 10992 
#module 530 size: 18 bs: 0.467567
169 1826 2141 4705 5335 5401 5448 5785 5908 6138 6312 9508 9798 10276 10750 10835 11225 11383 
#module 531 size: 3 bs: 0.184283
1749 6623 9799 
#module 532 size: 14 bs: 0.728042
2899 3499 4236 4616 5138 6520 7169 7213 7467 8031 9147 9348 10460 10895 
#module 533 size: 10 bs: 0.564819
58 1338 1539 2761 3361 3446 7067 8140 8936 12595 
#module 534 size: 12 bs: 0.522382
227 1090 1519 1785 2301 3393 3977 4664 8901 10108 10371 10408 
#module 535 size: 25 bs: 1.02114
64 318 1053 1240 1451 1630 2420 2696 3661 4345 4764 5306 5910 6078 6734 7087 7972 7994 8017 9579 9584 9871 10577 11962 12977 
#module 536 size: 27 bs: 0.881516
1825 2097 2342 2660 2918 3187 3874 4465 4545 4599 5548 6107 6262 6827 6835 7110 7337 7437 7571 7935 7999 8618 8845 9404 10448 11210 12862 
#module 537 size: 4 bs: 0.783742
475 4844 5370 6364 
#module 538 size: 8 bs: 0.133014
1777 3191 5538 5998 6455 6516 6704 8259 
#module 539 size: 11 bs: 0.590704
997 1752 2087 2198 3143 4059 5397 6023 6054 8682 10703 
#module 540 size: 21 bs: 0.730839
295 791 1200 1250 1324 1778 2124 3299 3333 6074 6486 7100 7264 7683 8324 8920 9290 9401 9584 9733 10238 
#module 541 size: 10 bs: 0.488002
2343 4731 8381 8586 8830 8940 10051 10082 10201 11251 
#module 542 size: 58 bs: 0.794707
110 312 588 1593 2018 2171 2486 2518 2535 2712 2923 3045 3207 3237 3274 3511 3537 3728 3894 3906 4689 5226 5237 5394 5439 5775 5932 6086 6112 6116 6649 6694 6906 6996 7098 7135 7576 7957 8138 8352 8366 8866 8929 9418 9513 9588 9677 9926 10098 10153 10299 10534 10659 10739 10777 10852 10932 12792 
#module 543 size: 6 bs: 0.218688
3226 4137 4850 8782 9961 10558 
#module 544 size: 100 bs: 0.980579
133 197 330 400 410 435 510 549 775 788 884 891 1019 1023 1136 1174 1521 1592 1603 1778 1792 1849 2031 2032 2173 2197 2394 2396 2401 2478 2911 2930 2964 3028 3148 3171 3342 3526 3658 3780 3795 4319 4341 4343 4395 4555 4594 4615 4671 4673 4735 4948 5011 5039 5070 5104 5137 5330 5382 5403 5578 5579 5673 5782 5999 6220 6227 6296 6342 6353 6436 6522 6697 6782 6846 7414 7598 7741 7848 7987 8023 8316 8448 8902 8944 8957 9023 9086 9724 9763 9942 10036 10250 10340 10840 10845 11019 11030 11657 12648 
#module 545 size: 7 bs: 0.406385
1150 1319 1631 1912 2256 3038 3837 
#module 546 size: 13 bs: 0.517361
1510 1938 2299 2517 3123 3886 3935 6425 6554 7303 7821 8125 9364 
#module 547 size: 6 bs: 0.375509
47 1836 2474 6610 8565 13043 
#module 548 size: 10 bs: 0.663622
1716 3219 3799 4016 4327 5309 6271 6388 8033 11157 
#module 549 size: 92 bs: 0.839883
143 323 345 352 525 818 857 891 980 1109 1129 1218 1282 1608 1706 1741 1857 2310 2862 2913 3043 3396 3448 3480 3606 3625 3922 4141 4472 4544 4698 4869 4938 4993 5026 5053 5112 5267 5281 5375 5425 5556 5627 5727 5752 5970 6143 6278 6507 6626 7021 7024 7044 7055 7085 7112 7130 7170 7423 7515 7926 7981 8025 8307 8364 8407 8412 8803 8915 9278 9339 9591 9773 9788 9975 10022 10126 10164 10211 10409 10420 10639 10672 10862 10936 11008 11093 11243 11270 11491 12575 12949 
#module 550 size: 16 bs: 0.580215
137 1694 1716 2385 3497 3940 4159 4255 4522 5411 6209 7000 7205 7242 9070 10001 
#module 551 size: 9 bs: 0.336791
1989 3205 4002 4828 9689 9693 10377 10677 10754 
#module 552 size: 7 bs: 0.240464
13 986 1837 5340 6396 10976 11556 
#module 553 size: 13 bs: 0.181562
26 2054 2911 5636 6188 6464 6473 6659 6903 7321 9115 9949 10462 
#module 554 size: 23 bs: 0.831562
359 476 939 1362 1511 2050 2439 2644 3256 3989 4205 4328 4547 5323 5393 5752 6414 6864 7159 7747 10120 11104 11733 
#module 555 size: 9 bs: 0.687584
576 1987 3599 5463 6756 9374 9685 10744 10876 
#module 556 size: 24 bs: 0.110369
37 274 764 798 2052 2070 3213 3768 4252 4335 4713 5497 5840 6067 6268 6356 8285 8310 8456 9531 9544 9717 10512 10644 
#module 557 size: 20 bs: 0.397584
319 442 476 527 1611 1782 2143 2325 2377 3052 3500 3676 4102 4468 5373 6942 7104 7133 7417 10382 
#module 558 size: 14 bs: 0.935445
777 2001 2213 4308 4680 4736 6171 6797 7329 7353 7801 9977 10018 10591 
#module 559 size: 4 bs: 1.08292
4196 6418 8932 9777 
#module 560 size: 67 bs: 0.2436
120 473 629 894 987 1039 1399 1612 1661 1713 1739 2073 2421 2538 2668 2858 2860 3396 3429 3541 3660 3668 3915 3964 4061 4135 4290 4369 4449 4542 4580 4606 4829 4845 4904 5099 5386 6016 6132 6199 6222 6601 6773 7026 7087 7409 8114 8158 8447 8562 8684 8834 8877 8908 9783 9841 9906 10033 10327 10523 10923 10926 11016 11540 11711 11980 12678 
#module 561 size: 21 bs: 0.763163
185 1119 1145 1220 1897 2128 2469 3401 3876 4043 4098 4205 4353 4621 5804 6045 6957 7119 10171 11012 11069 
#module 562 size: 6 bs: 1.04113
1641 4459 4805 8782 10048 10058 
#module 563 size: 7 bs: 0.947188
1484 2897 3328 3362 8484 8971 9055 
#module 564 size: 21 bs: 0.713351
202 571 1003 1500 3439 3634 3949 7015 7069 7112 7699 9566 9667 9747 9854 9862 10306 10706 11031 11451 11509 
#module 565 size: 15 bs: 1.00186
78 263 566 716 2296 2324 4090 4466 5334 5927 5928 8640 9226 9985 10514 
#module 566 size: 5 bs: 1.00813
1350 2615 4865 5074 6344 
#module 567 size: 13 bs: 0.73466
1730 1847 2137 3382 3635 4422 5667 6572 6913 7860 8028 8250 10188 
#module 568 size: 14 bs: 1.07
318 1137 1421 1956 3795 6019 6471 6512 7266 7307 9265 9458 10407 10904 
#module 569 size: 10 bs: 0.295582
1719 1992 2450 4157 4354 6046 6740 8061 8115 10769 
#module 570 size: 12 bs: 0.364779
1100 1526 1754 3636 4283 4302 4757 5144 6258 6424 6914 8287 
#module 571 size: 16 bs: 0.157507
66 210 1001 2908 3013 3064 3746 3816 4123 4209 5034 6031 6251 7457 8348 9573 
#module 572 size: 11 bs: 0.904269
1493 2525 3398 3830 4164 4433 6309 6406 8127 9344 11097 
#module 573 size: 27 bs: 1.05384
341 1001 1818 1850 2250 2346 2500 2704 3299 3688 4432 4435 5247 5552 6056 6528 6904 7220 7506 7700 8114 8691 8812 8992 10132 10556 10672 
#module 574 size: 21 bs: 0.582543
182 216 921 1069 2076 2403 2759 3227 3453 4220 4256 4497 5479 5782 6102 7175 7451 10344 10634 11031 11487 
#module 575 size: 6 bs: 0.481021
5888 6625 6674 8353 10833 11410 
#module 576 size: 11 bs: 0.592814
74 581 2583 3642 3930 4722 5503 7312 7929 10933 11072 
#module 577 size: 8 bs: 0.851296
1253 1949 3819 4393 6450 7056 8827 9691 
#module 578 size: 18 bs: 0.67466
233 347 654 680 1774 2978 3248 4099 4797 5064 6001 6330 6730 7001 9145 9581 10691 10787 
#module 579 size: 7 bs: 0.761415
2227 4310 6487 6821 7541 11701 12523 
#module 580 size: 30 bs: 0.884879
116 310 563 1572 1812 1878 2513 2695 3154 3411 3483 4485 4543 5557 5939 6491 6644 6761 7364 7770 8121 8297 9138 9612 9759 10222 10601 10620 10883 12293 
#module 581 size: 8 bs: 0.428066
1694 2030 2216 5474 6164 6987 8305 10083 
#module 582 size: 16 bs: 0.340783
631 1523 2629 2717 3350 3643 5418 5683 5698 6309 7832 7854 8496 10609 10810 11211 
#module 583 size: 11 bs: 0.441459
1099 2528 2559 3858 3950 4128 4595 6412 6619 10638 11021 
#module 584 size: 40 bs: 0.190298
222 495 872 1036 1993 2076 2741 2753 3350 3387 3466 3498 3580 4003 4168 4202 4256 4531 4858 5065 5240 5341 5746 6398 6401 6506 7275 7364 7489 7855 7994 8294 8602 8874 9125 9518 9601 10344 10700 10718 
#module 585 size: 6 bs: 0.773898
530 3697 4040 6180 8481 9386 
#module 586 size: 25 bs: 0.219592
1257 1381 2346 2361 3109 3816 4107 4294 4383 4902 5231 5295 5601 5941 6000 6037 7131 7976 8302 9192 10913 10971 10977 11004 11007 
#module 587 size: 20 bs: 0.995595
60 1274 1317 1347 1460 2268 3775 4949 5291 5900 5909 6944 7455 7471 8026 8164 8976 9087 9236 9851 
#module 588 size: 9 bs: 0.796987
1518 1636 4019 4269 4366 6924 9639 9884 11483 
#module 589 size: 6 bs: 0.626414
3019 3258 3339 5429 7791 7991 
#module 590 size: 7 bs: 1.03469
608 1690 4734 5993 9315 9324 10606 
#module 591 size: 24 bs: 0.119516
144 382 1454 1818 2498 2747 2937 4204 4863 4874 5224 5376 5831 6039 7244 8041 8134 8770 8877 9565 9875 10402 10649 12527 
#module 592 size: 6 bs: 0.302927
906 1038 1664 6808 8943 9079 
#module 593 size: 11 bs: 0.290603
16 1514 1848 2009 3474 7744 8208 8274 9503 9743 11086 
#module 594 size: 9 bs: 0.136617
2337 2745 3155 3388 5674 5841 7633 7986 8389 
#module 595 size: 12 bs: 0.411198
440 522 1200 1524 1667 1781 4592 5292 8193 8891 9200 10236 
#module 596 size: 10 bs: 0.383242
2057 2308 3247 4781 5922 6158 8750 8878 9537 10708 
#module 597 size: 26 bs: 1.07082
551 700 849 1505 1594 3456 3577 3717 4176 4420 4670 4985 4989 5737 5882 6135 6677 6834 8059 8289 8300 8468 8668 9766 11572 12584 
#module 598 size: 3 bs: 0.688843
3604 3712 6769 
#module 599 size: 18 bs: 0.331732
76 344 876 1644 1678 1829 1984 2269 3119 3192 3306 4445 5189 5987 6276 6830 7995 9297 
#module 600 size: 20 bs: 0.740882
7 873 970 1255 1983 2829 3080 6578 6738 6896 6990 7514 7684 8106 8409 8549 8573 9099 9277 11102 
#module 601 size: 18 bs: 0.58871
531 1416 1564 2024 2707 3613 3993 4163 4468 4698 5787 5804 6039 6628 7083 7971 8719 9848 
#module 602 size: 18 bs: 0.562965
1490 1572 1918 3110 3924 4472 4841 4986 5066 5434 5807 6575 6964 7039 7248 7391 10425 10919 
#module 603 size: 33 bs: 0.703215
72 303 694 783 903 1443 1471 1720 1827 2462 2557 3386 3554 3576 3663 3755 4173 4207 4571 5390 5432 5949 6367 7083 7182 7253 8336 8570 8727 9423 10343 10736 10942 
#module 604 size: 4 bs: 0.831693
124 2662 3345 9233 
#module 605 size: 7 bs: 0.402807
1351 3083 5270 5328 6874 7205 7997 
#module 606 size: 6 bs: 0.212229
3138 3485 5117 5863 9280 10300 
#module 607 size: 9 bs: 0.103145
2407 2492 5158 5529 5764 6748 8921 9069 10316 
#module 608 size: 114 bs: 0.460341
155 157 300 383 559 648 672 847 873 970 1035 1109 1234 1240 1289 1291 1436 1566 1692 1915 2040 2044 2218 2293 2442 2463 2746 2921 3032 3055 3057 3185 3290 3342 3364 3483 3486 3627 3790 3899 3965 4023 4073 4154 4274 4384 4626 4675 4700 4819 5037 5045 5078 5119 5151 5225 5357 5415 5436 5581 5774 5779 5811 5835 5865 6030 6481 6609 6806 7044 7069 7070 7112 7170 7200 7304 7380 7422 7507 7746 7783 7873 7978 8009 8150 8221 8292 8329 8407 8701 8710 8859 8880 9144 9318 9379 9545 9569 9658 9666 9723 9817 9901 9928 9964 10324 10474 11031 11073 11380 11463 11495 11711 12624 
#module 609 size: 11 bs: 1.04075
1006 1578 1586 1768 2352 3435 4345 5813 6969 9518 10122 
#module 610 size: 44 bs: 0.688708
190 339 1245 1340 1411 1422 1424 2038 2154 2259 2267 2340 2533 2971 2984 3340 3455 3463 3908 3946 4544 4768 5019 6098 6304 6421 6596 6644 7074 7696 7701 7819 8411 8717 8851 8920 9036 9179 9655 9884 9886 10226 10836 10937 
#module 611 size: 30 bs: 0.482483
172 417 476 852 1214 1218 1381 1495 1711 1889 2322 3486 3920 4248 4316 4355 4764 5225 6313 6321 6480 6736 6806 6988 7096 7112 7538 9338 10513 11611 
#module 612 size: 8 bs: 0.596859
5271 5365 5734 6340 6815 7863 8306 9292 
#module 613 size: 8 bs: 0.456236
2408 3576 3787 3803 5725 6698 7321 10662 
#module 614 size: 15 bs: 0.571771
1491 3372 3437 6076 7429 8091 9293 9685 9800 10113 10184 10884 11134 11445 12494 
#module 615 size: 8 bs: 0.472673
109 683 1233 6033 6134 7203 7701 8383 
#module 616 size: 23 bs: 1.02588
1532 1709 1825 2194 2389 3118 5391 5419 6299 7572 7837 7842 7882 7931 8103 8286 9073 9475 9492 10303 10399 10543 11335 
#module 617 size: 13 bs: 0.908223
41 898 1360 1569 2977 5549 6070 6399 6862 7810 8230 8765 10208 
#module 618 size: 5 bs: 0.830243
2383 3007 5448 6512 10427 
#module 619 size: 8 bs: 0.693635
480 1125 1874 5481 6791 7519 10475 10481 
#module 620 size: 12 bs: 0.775691
364 854 1205 3352 3361 3909 4004 4961 5088 5967 5985 8087 
#module 621 size: 16 bs: 0.839746
1980 2710 2950 3726 3832 4853 5001 5485 6043 6573 7521 8865 9641 10372 11475 11709 
#module 622 size: 9 bs: 1.08069
994 1144 1237 1737 6563 6875 7359 9116 10414 
#module 623 size: 27 bs: 0.575027
225 1110 1318 2074 2618 2700 3167 3969 4280 5373 5405 5582 5792 6499 6795 7047 7218 8098 8263 9239 9720 9896 10002 10196 10517 10768 11107 
#module 624 size: 39 bs: 0.493604
27 310 432 637 929 1544 1652 2044 2054 2074 2151 2977 3101 3216 3444 3601 3642 3939 4046 4097 5308 5371 5542 5771 5901 6082 6102 6473 6900 7264 7334 7966 8981 9632 9901 10321 10367 10375 10543 
#module 625 size: 8 bs: 0.214963
194 601 3637 6748 7209 8186 9441 12726 
#module 626 size: 28 bs: 0.151063
377 389 786 919 998 1637 1659 2346 2428 3092 3900 3939 3993 5141 5554 6291 6786 7328 7681 8283 8666 8980 9742 9753 10344 10624 10985 12679 
#module 627 size: 19 bs: 0.241682
158 513 554 1653 1958 2709 5022 5267 6328 6528 6536 6750 6806 6823 7873 9888 10599 10650 10826 
#module 628 size: 18 bs: 0.970666
222 595 860 1006 1697 2110 2496 3122 3722 4057 4088 5109 6309 6457 8405 8720 8776 8946 
#module 629 size: 6 bs: 0.391158
379 543 1545 3060 4788 10239 
#module 630 size: 12 bs: 0.261279
762 1956 2397 3059 3166 3424 5862 6253 6275 7958 8663 9255 
#module 631 size: 9 bs: 0.110735
85 1056 1573 3720 5156 7742 10155 10403 10522 
#module 632 size: 20 bs: 0.924229
468 1088 1366 2040 2346 3802 3855 4248 5010 5552 6176 6601 6806 6903 7810 8042 8791 8883 10650 11010 
#module 633 size: 77 bs: 0.190873
6 32 272 300 446 539 624 1223 1290 1363 1381 1394 1630 1651 1807 1818 1831 1867 2040 2484 2488 2703 2965 3144 3458 3535 3585 3890 3972 4107 4384 4385 4699 4761 4861 5265 5283 5419 5606 5630 5752 5931 6337 6699 6867 7036 7072 7096 7122 7196 7347 7849 8095 8131 8221 8233 8265 8348 8883 8915 8970 9181 9353 9436 9591 9894 9956 10000 10079 10104 10108 10692 10701 10788 11004 11196 11495 
#module 634 size: 23 bs: 0.809148
210 539 1218 2055 2129 2531 2860 3071 3448 4429 4579 4605 5296 5891 6247 6675 7044 7096 7153 8703 9959 10310 10547 
#module 635 size: 12 bs: 0.497588
512 2575 2851 3145 3428 3673 4567 6859 7579 8271 9625 9889 
#module 636 size: 14 bs: 0.670406
231 1303 1314 4559 5951 6527 8330 8569 8933 9131 10198 10248 10928 10966 
#module 637 size: 45 bs: 1.01003
54 75 318 411 894 948 1222 1610 1624 1739 2496 2510 2531 2694 2937 3209 3396 3716 4149 4197 4200 4383 4772 5278 5283 5287 5431 5970 6546 6984 7157 7466 7844 7879 7971 8114 8766 8856 9496 9681 9733 9986 10632 10858 10898 
#module 638 size: 15 bs: 0.457766
382 849 1007 1249 1763 3478 5564 5919 6317 7208 8363 8628 9929 10695 11840 
#module 639 size: 10 bs: 1.00756
49 163 3020 4785 5995 6048 7650 9450 9661 11177 
#module 640 size: 6 bs: 1.04041
542 1542 3220 3824 5441 8100 
#module 641 size: 7 bs: 0.841359
354 1177 2650 3784 4112 6686 9013 
#module 642 size: 21 bs: 0.405979
467 606 1002 1149 1294 1640 1673 1740 2224 3087 3669 4455 4809 5449 5475 6165 6217 7260 8595 9414 12712 
#module 643 size: 7 bs: 0.306377
1380 3298 3607 4396 4723 6665 9088 
#module 644 size: 23 bs: 0.371945
293 362 420 560 824 1758 1872 1988 3182 3287 3520 4246 4883 4967 5677 5969 6036 7749 7903 10140 10381 11192 12582 
#module 645 size: 9 bs: 0.346354
462 768 3820 4208 5275 6426 7228 7448 8332 
#module 646 size: 14 bs: 0.829665
2161 2767 2807 3893 5171 6168 6326 6660 6875 8010 8894 9362 10717 11584 
#module 647 size: 175 bs: 0.212798
51 203 264 529 800 807 836 893 896 959 982 1042 1172 1189 1229 1266 1456 1552 1587 1615 1638 1791 1816 1830 1877 1888 1895 1906 1970 1972 2008 2029 2079 2131 2206 2257 2265 2266 2365 2422 2446 2521 2582 2589 2793 2817 2936 2951 2956 2996 3001 3147 3170 3325 3379 3423 3475 3603 3646 3708 3857 4084 4108 4144 4238 4352 4387 4486 4509 4519 4537 4649 4747 4766 4836 4851 4923 4973 5008 5017 5135 5176 5320 5457 5466 5476 5573 5596 5625 5645 5648 5838 5854 5920 5975 5997 6057 6124 6153 6182 6286 6295 6320 6339 6583 6617 6716 6719 6758 7031 7035 7075 7199 7268 7425 7459 7472 7523 7525 7705 7775 7803 8074 8075 8137 8275 8453 8458 8511 8541 8556 8672 8822 9068 9075 9085 9307 9329 9345 9499 9516 9546 9561 9607 9672 9713 9718 9744 9768 9945 9955 9976 10072 10077 10157 10255 10383 10461 10465 10502 10592 10635 10678 10707 10713 10823 10837 10855 10877 10990 11085 11130 11265 11552 12654 
#module 648 size: 4 bs: 0.395375
3337 4495 4535 7587 
#module 649 size: 297 bs: 0.662666
39 53 65 273 313 385 461 658 668 675 687 767 823 843 899 913 930 990 1013 1017 1022 1057 1156 1163 1166 1190 1198 1242 1293 1306 1313 1320 1389 1430 1475 1506 1508 1546 1576 1633 1688 1726 1743 1755 1803 1871 1908 1957 1968 2022 2039 2071 2100 2172 2202 2275 2300 2307 2332 2362 2467 2514 2562 2563 2611 2664 2727 2758 2766 2812 2830 2845 2850 2871 2879 2881 2892 2909 2935 3105 3111 3127 3222 3257 3289 3404 3405 3440 3493 3508 3530 3539 3568 3600 3683 3702 3732 3741 3752 3791 3792 3875 3878 3901 3962 3970 3979 4005 4008 4011 4017 4062 4125 4174 4175 4303 4311 4323 4326 4344 4375 4421 4501 4512 4613 4679 4687 4704 4707 4745 4749 4917 4958 4970 5051 5057 5097 5115 5125 5127 5136 5145 5146 5153 5157 5184 5229 5246 5257 5297 5459 5569 5589 5605 5609 5684 5685 5773 5851 5925 5934 6100 6118 6212 6263 6284 6494 6514 6599 6616 6678 6679 6696 6723 6783 6801 6807 6882 6919 6935 6973 6980 7023 7066 7132 7176 7187 7191 7223 7238 7241 7252 7255 7284 7285 7330 7406 7475 7483 7498 7562 7570 7584 7605 7608 7651 7660 7719 7781 7817 7831 7928 7941 7976 8072 8085 8149 8157 8191 8351 8473 8475 8524 8529 8531 8536 8566 8568 8593 8789 8823 8833 8875 8930 8972 9025 9107 9174 9185 9218 9222 9245 9249 9269 9274 9322 9360 9371 9454 9578 9583 9586 9660 9709 9771 9778 9855 9878 9891 9946 9992 9998 10047 10075 10111 10133 10156 10169 10172 10253 10256 10355 10379 10389 10413 10416 10436 10472 10493 10582 10611 10738 10807 10814 10841 10850 10965 10969 11082 11138 11139 11150 11429 11513 12618 12896 13062 
#module 650 size: 13 bs: 0.435708
618 698 2434 4339 4340 4677 4885 6085 7658 8439 9680 10574 10716 
#module 651 size: 12 bs: 0.513154
348 1044 3093 3985 4972 5241 6281 6476 6921 7527 8293 10842 
#module 652 size: 12 bs: 0.829784
79 1040 2455 2494 2708 3631 5819 7381 8854 8862 10054 10930 
#module 653 size: 11 bs: 0.996957
572 1374 3811 4513 5499 6381 6627 8077 8459 9225 11966 
#module 654 size: 25 bs: 0.808036
835 1211 1273 2333 2976 3288 3958 4314 4477 4779 4921 5040 5498 5553 6266 6373 7077 7134 7685 8266 8990 9963 10080 10396 10674 
#module 655 size: 15 bs: 0.937811
822 909 1658 3004 3871 4462 4572 5653 5780 6341 6710 7491 9517 9735 10046 
#module 656 size: 30 bs: 0.596855
122 268 1409 2184 2378 2412 3315 3351 3383 3609 3763 3954 4552 4645 4969 5512 5973 5986 6307 6383 6600 7351 7828 8112 8272 8282 8588 9019 9679 9741 
#module 657 size: 20 bs: 0.340527
171 1210 1669 1917 2910 3605 3695 4161 4744 5671 6416 6550 6615 7836 7884 8195 8871 9252 10751 11015 
#module 658 size: 22 bs: 0.963933
116 319 570 1102 2145 2509 3304 3311 3822 4900 4956 5619 5853 5861 7809 8221 8258 9504 10306 10671 10891 10971 
#module 659 size: 8 bs: 0.581054
828 1371 3212 3910 4189 4988 7367 10247 
#module 660 size: 14 bs: 0.915547
327 474 1027 1556 1601 4031 5809 6035 7556 9139 9840 10610 10618 10929 
#module 661 size: 4 bs: 0.188739
5423 6310 10622 11100 
#module 662 size: 14 bs: 0.721241
31 907 3107 4103 4180 5132 5412 6041 6593 6658 7226 7985 10682 10844 
#module 663 size: 10 bs: 0.171746
1383 1614 3805 3822 4386 7160 8918 9923 10127 10857 
#module 664 size: 7 bs: 0.607808
5087 5561 5614 8130 8775 9439 11481 
#module 665 size: 26 bs: 0.722776
52 988 1095 1765 1944 1947 2620 3121 3131 4047 4541 5279 5935 6018 6206 6440 7021 7128 7454 7709 8676 9492 9534 9570 10753 12889 
#module 666 size: 14 bs: 0.876931
351 1590 3331 3419 4786 4801 5699 5962 6809 7053 7485 9061 10356 10784 
#module 667 size: 23 bs: 1.03819
621 1221 2028 2683 3184 3670 3944 3982 4127 4249 4288 5436 6316 6833 7306 7442 7751 7977 8804 8856 9304 9545 9687 
#module 668 size: 18 bs: 0.534924
494 999 1427 1722 1827 2015 2545 3595 4301 5142 5361 6472 7231 7386 9336 10175 10938 11419 
#module 669 size: 85 bs: 0.522766
334 561 573 631 890 1204 1439 1558 1575 1582 1949 2095 2160 2251 2277 2278 2503 2861 3078 3336 3381 3502 3606 3831 4024 4035 4048 4077 4121 4168 4172 4234 4247 4524 4573 4650 4798 4820 4825 5121 5212 5442 5494 5575 5816 5867 5901 6006 6113 6186 6562 6613 6853 7279 7404 7496 7501 7549 7727 8006 8047 8308 8404 8563 8867 8948 9020 9096 9256 9446 9456 9668 9757 9811 10152 10308 10319 10640 10682 10723 10767 11218 11405 11453 11473 
#module 670 size: 8 bs: 0.143953
882 888 1209 1262 2970 3264 7502 8056 
